JOB 0
COORDS  2.0069103566e+00 -7.0018420033e-01 -7.7698768534e-02  8.2774650684e-01 -3.5666107252e-01  5.8865317614e-01  3.0660831924e+00 -1.2792269506e+00  6.2153202273e-01  7.2269506381e-01 -6.1348538183e-01  1.9512130124e+00  3.0076351572e+00 -1.5343889434e+00  2.0013130559e+00  1.7949688644e+00 -1.1921215149e+00  2.6432690569e+00  3.9189720994e+00 -3.7100535315e+00  2.8657946485e+00  4.2096516134e+00 -2.2137257138e+00  2.6635601141e+00  5.4041116726e+00 -2.0806194150e+00  1.8041566670e+00  1.5525661091e+00 -1.4179091729e+00  4.0856162941e+00  2.5152645320e+00 -1.6562316804e+00  4.8256355222e+00  3.8580701748e-01 -1.3503176722e+00  4.4891985311e+00  2.1040387412e+00 -5.1933831886e-01 -1.1451882397e+00 -1.7030731079e-03  1.0008437241e-01  5.6723579645e-02  3.9774015687e+00 -1.5587149862e+00  1.0548095452e-01 -1.8054341823e-01 -3.7401420846e-01  2.4983691849e+00  3.7700200348e+00 -4.1973113903e+00  1.8972513446e+00  4.7611330369e+00 -4.1935625873e+00  3.3739215657e+00  3.0302594231e+00 -3.8619636329e+00  3.4812770451e+00  4.3632433061e+00 -1.7606234277e+00  3.6440443399e+00  6.1421855844e+00 -2.6695732458e+00  2.1863944001e+00  5.7519001767e+00 -1.1230668627e+00  1.8501062874e+00
ENERGY -5.708320779857e+02

JOB 1
COORDS  2.0106199073e+00 -6.7590293652e-01 -6.9977163014e-02  8.2664468988e-01 -3.5717405816e-01  6.0027026597e-01  3.0792030357e+00 -1.2532913898e+00  6.1861341038e-01  7.2484576682e-01 -6.3182894981e-01  1.9609562566e+00  3.0246737720e+00 -1.5173987810e+00  1.9955513186e+00  1.8126465294e+00 -1.1912672620e+00  2.6399163199e+00  3.8810332428e+00 -3.7018523005e+00  2.8831529083e+00  4.2094111164e+00 -2.2154146261e+00  2.6664115565e+00  5.4077684926e+00 -2.1170086153e+00  1.8091142326e+00  1.5912553131e+00 -1.4275400218e+00  4.0818160834e+00  2.5582222458e+00 -1.3704707810e+00  4.8514500252e+00  4.3293613331e-01 -1.6556912845e+00  4.4483541081e+00  2.1027920811e+00 -4.8083958530e-01 -1.1353320888e+00 -9.4182944768e-03  9.2646189206e-02  7.2794882314e-02  3.9885097819e+00 -1.5267570045e+00  9.5446890360e-02 -1.8298795188e-01 -4.1648347546e-01  2.5121994432e+00  3.7180222300e+00 -4.1958724251e+00  1.9203854822e+00  4.7094198347e+00 -4.2021849786e+00  3.3974406829e+00  2.9871065713e+00 -3.8269250387e+00  3.4986601585e+00  4.3696481166e+00 -1.7555389118e+00  3.6431812588e+00  6.1316395196e+00 -2.7203419021e+00  2.1960890122e+00  5.7778277997e+00 -1.1676092964e+00  1.8496623489e+00
ENERGY -5.708321802259e+02

JOB 2
COORDS  2.0046804285e+00 -6.7581204460e-01 -6.9745552309e-02  8.2728613903e-01 -3.5096337162e-01  6.0955355568e-01  3.0768735624e+00 -1.2592423685e+00  6.1020338524e-01  7.3188539497e-01 -6.2317232187e-01  1.9729161687e+00  3.0273305026e+00 -1.5167172880e+00  1.9875022102e+00  1.8249790099e+00 -1.1837204592e+00  2.6365827895e+00  3.8552366015e+00 -3.7105729917e+00  2.8718148536e+00  4.1932883244e+00 -2.2234022817e+00  2.6769200097e+00  5.4103050972e+00 -2.1164854124e+00  1.8495702471e+00  1.6390958842e+00 -1.4070498165e+00  4.0840886967e+00  2.5509021912e+00 -1.0784779898e+00  4.8522399461e+00  5.5836386971e-01 -1.8832920412e+00  4.4476582539e+00  2.0882748482e+00 -4.8102906411e-01 -1.1357753161e+00 -1.0029240926e-02  1.0195599645e-01  8.6722410700e-02  3.9813819913e+00 -1.5385963711e+00  8.1269893534e-02 -1.7218836770e-01 -4.0482305489e-01  2.5309653300e+00  3.7125408225e+00 -4.1953630507e+00  1.9012184098e+00  4.6686318016e+00 -4.2193510140e+00  3.4015617979e+00  2.9442482152e+00 -3.8380057460e+00  3.4625877923e+00  4.3305719527e+00 -1.7724539762e+00  3.6633949092e+00  6.1299197598e+00 -2.7158513615e+00  2.2504616143e+00  5.7724192927e+00 -1.1644898908e+00  1.8981045042e+00
ENERGY -5.708320628173e+02

JOB 3
COORDS  1.9859207909e+00 -7.1843022582e-01 -7.8174071706e-02  8.2602153925e-01 -3.4458819189e-01  6.0764744421e-01  3.0517019360e+00 -1.3118957377e+00  6.0282284837e-01  7.3832432473e-01 -5.7534738157e-01  1.9802032131e+00  3.0059866336e+00 -1.5325858706e+00  1.9865844621e+00  1.8242079754e+00 -1.1522762359e+00  2.6375019528e+00  3.8432771519e+00 -3.7554978308e+00  2.7778049520e+00  4.1488825955e+00 -2.2508700341e+00  2.6958247942e+00  5.4030153921e+00 -2.0562910639e+00  1.9457278033e+00  1.6765029196e+00 -1.3247894955e+00  4.0970156727e+00  2.4894800870e+00 -7.5422814699e-01  4.8322501730e+00  7.1970036034e-01 -1.9986092698e+00  4.4914278616e+00  2.0598317586e+00 -5.5111501726e-01 -1.1494753635e+00 -4.3149945633e-03  1.1826879721e-01  8.2327039555e-02  3.9486843726e+00 -1.6172543345e+00  7.4526935817e-02 -1.5222577284e-01 -3.1352412378e-01  2.5427580331e+00  3.7757779432e+00 -4.1819271538e+00  1.7723682683e+00  4.6362767862e+00 -4.2763938778e+00  3.3265833743e+00  2.8991079580e+00 -3.9380866727e+00  3.2984883630e+00  4.2198654468e+00 -1.8612089194e+00  3.7171269859e+00  6.1312735840e+00 -2.6303137447e+00  2.3677529091e+00  5.7090400428e+00 -1.0881615583e+00  2.0386967347e+00
ENERGY -5.708313379714e+02

JOB 4
COORDS  1.9675909324e+00 -7.5808427728e-01 -7.7663059356e-02  8.2884421968e-01 -3.4220861582e-01  6.2055578607e-01  3.0318425718e+00 -1.3616586221e+00  5.9624980530e-01  7.6017434433e-01 -5.3656943098e-01  2.0007155470e+00  2.9985343841e+00 -1.5577243379e+00  1.9842214371e+00  1.8426810409e+00 -1.1306789324e+00  2.6447533607e+00  3.8558912505e+00 -3.7949376622e+00  2.7129688977e+00  4.1290234542e+00 -2.2820823088e+00  2.7026456832e+00  5.4025440640e+00 -2.0266454535e+00  2.0077171255e+00  1.7375474552e+00 -1.2873830215e+00  4.1117319055e+00  2.3960969610e+00 -5.1705307295e-01  4.8166235238e+00  9.7885818747e-01 -2.1643661827e+00  4.5341228785e+00  2.0256993101e+00 -6.1253237603e-01 -1.1530365069e+00  5.7022125336e-04  1.2882753109e-01  9.9158892857e-02  3.9173049123e+00 -1.6889612247e+00  6.1201051127e-02 -1.1142243852e-01 -2.3190433450e-01  2.5723141725e+00  3.8363003656e+00 -4.1804780812e+00  1.6892082380e+00  4.6404454185e+00 -4.3207794171e+00  3.2693153767e+00  2.8970036128e+00 -4.0150607310e+00  3.1899062458e+00  4.1549523133e+00 -1.9356956841e+00  3.7441307606e+00  6.1346941039e+00 -2.5899676192e+00  2.4373424560e+00  5.6725560641e+00 -1.0518259116e+00  2.1343080235e+00
ENERGY -5.708304605765e+02

JOB 5
COORDS  1.9576421729e+00 -7.8770182957e-01 -7.6423450189e-02  8.3919287220e-01 -3.3265601443e-01  6.3081246933e-01  3.0172756721e+00 -1.4029153666e+00  5.9374665782e-01  7.8710793144e-01 -4.9355539654e-01  2.0163850607e+00  2.9912096335e+00 -1.5817417624e+00  1.9844025938e+00  1.8610437128e+00 -1.1079400323e+00  2.6540742240e+00  3.8660485166e+00 -3.8269484026e+00  2.6770154791e+00  4.1154240425e+00 -2.3108032832e+00  2.7056826673e+00  5.3967397977e+00 -2.0190203640e+00  2.0410326396e+00  1.7771961781e+00 -1.2674930044e+00  4.1232827149e+00  2.2240777154e+00 -3.5297650943e-01  4.8201170456e+00  1.2684490772e+00 -2.3068674590e+00  4.5519712602e+00  2.0037467643e+00 -6.6126837383e-01 -1.1547639509e+00  1.4472361261e-02  1.4703194609e-01  1.1164453874e-01  3.8922116699e+00 -1.7508585423e+00  5.4096934849e-02 -6.4765965045e-02 -1.4698068457e-01  2.5940363999e+00  3.8675766927e+00 -4.1880563128e+00  1.6442325405e+00  4.6521116786e+00 -4.3528612989e+00  3.2312142154e+00  2.9046190836e+00 -4.0693766026e+00  3.1363082456e+00  4.1166571116e+00 -1.9907322273e+00  3.7579073997e+00  6.1331222321e+00 -2.5719323206e+00  2.4768789658e+00  5.6426010776e+00 -1.0397773691e+00  2.1811289867e+00
ENERGY -5.708303107203e+02

JOB 6
COORDS  1.9551341710e+00 -8.1160445705e-01 -6.7712311288e-02  8.5044880868e-01 -3.2412654455e-01  6.3990461164e-01  3.0072057139e+00 -1.4367563008e+00  6.0463837688e-01  8.0764376475e-01 -4.6073039829e-01  2.0277548698e+00  2.9830411794e+00 -1.6067381667e+00  1.9967165527e+00  1.8694041859e+00 -1.0954867923e+00  2.6681445762e+00  3.8826267399e+00 -3.8542324698e+00  2.6612493099e+00  4.1116988675e+00 -2.3359408418e+00  2.7121125206e+00  5.3910097623e+00 -2.0201689010e+00  2.0526447510e+00  1.7724398155e+00 -1.2528998211e+00  4.1349216748e+00  1.9619843282e+00 -2.4966513096e-01  4.8273549712e+00  1.5203684691e+00 -2.3805101815e+00  4.5702555660e+00  1.9976440065e+00 -7.0019692282e-01 -1.1478764221e+00  3.1284965834e-02  1.6333902720e-01  1.1922416086e-01  3.8760006062e+00 -1.7998057596e+00  6.5039490510e-02 -2.7582438542e-02 -8.0441628873e-02  2.6082231950e+00  3.8886316896e+00 -4.1995583475e+00  1.6230129505e+00  4.6777271621e+00 -4.3769120923e+00  3.2056114384e+00  2.9260650410e+00 -4.1139166475e+00  3.1193757616e+00  4.1079298091e+00 -2.0315782939e+00  3.7690904146e+00  6.1331460683e+00 -2.5695446530e+00  2.4832120184e+00  5.6253669458e+00 -1.0396830630e+00  2.2032042085e+00
ENERGY -5.708309254539e+02

JOB 7
COORDS  1.9092228391e+00 -9.5675156472e-01 -1.1453783097e-01  7.2280037063e-01 -5.9283674839e-01  5.3307599889e-01  2.9999758126e+00 -1.4260666060e+00  6.1898379690e-01  6.4046782592e-01 -6.9607876835e-01  1.9205411826e+00  2.9377201460e+00 -1.5713727079e+00  2.0132848998e+00  1.7404898076e+00 -1.1843616597e+00  2.6265384443e+00  4.1392715400e+00 -3.6596003399e+00  2.7235825216e+00  4.1351972469e+00 -2.1243812372e+00  2.7755831971e+00  5.3758387522e+00 -1.6216595704e+00  2.1562813373e+00  1.5752865781e+00 -1.3197272859e+00  4.0858144515e+00  1.3165830562e+00 -2.9553118028e-01  4.7248348042e+00  1.7146968073e+00 -2.4448862083e+00  4.5778175869e+00  1.9855641113e+00 -8.6861430884e-01 -1.1950446003e+00 -1.2776136910e-01 -2.2628973978e-01 -3.4260845653e-02  3.9321256488e+00 -1.6826635318e+00  1.2620367296e-01 -2.5581328181e-01 -4.0342078897e-01  2.4583856277e+00  4.2333268015e+00 -4.0000356101e+00  1.6879013321e+00  4.9857737839e+00 -4.0558641565e+00  3.2964467728e+00  3.2185232725e+00 -4.0593279759e+00  3.1520340764e+00  4.0504997239e+00 -1.8256253804e+00  3.8291498453e+00  6.1754374083e+00 -2.0538308239e+00  2.6166866304e+00  5.4566840163e+00 -6.1711682916e-01  2.3093177945e+00
ENERGY -5.708321343523e+02

JOB 8
COORDS  1.9174934842e+00 -9.5457843626e-01 -1.1538786676e-01  7.3296655859e-01 -5.7571834584e-01  5.2742782374e-01  3.0011795161e+00 -1.4308501351e+00  6.2275144352e-01  6.4811299670e-01 -6.7413308287e-01  1.9133807401e+00  2.9378944966e+00 -1.5745708472e+00  2.0178982491e+00  1.7385217311e+00 -1.1775305933e+00  2.6289914606e+00  4.1444188344e+00 -3.6629621999e+00  2.7188875275e+00  4.1479073583e+00 -2.1273402267e+00  2.7635010968e+00  5.3794498234e+00 -1.6354190881e+00  2.1152316596e+00  1.5500383070e+00 -1.2956595290e+00  4.0844524002e+00  1.0285133807e+00 -3.4025923283e-01  4.6696193005e+00  1.9218543291e+00 -2.3389330750e+00  4.6359144761e+00  1.9983568770e+00 -8.7198183080e-01 -1.1960742223e+00 -1.1262627955e-01 -2.0230220517e-01 -4.2798292019e-02  3.9330236185e+00 -1.6938823570e+00  1.3320347097e-01 -2.4446789196e-01 -3.7088162462e-01  2.4500929202e+00  4.2199254930e+00 -4.0093055004e+00  1.6835613258e+00  4.9989503258e+00 -4.0594975164e+00  3.2794935058e+00  3.2302618194e+00 -4.0567072858e+00  3.1658844116e+00  4.0862150704e+00 -1.8237071366e+00  3.8152202481e+00  6.1842060584e+00 -2.0746654684e+00  2.5597290961e+00  5.4730362087e+00 -6.3183401203e-01  2.2676873858e+00
ENERGY -5.708333557595e+02

JOB 9
COORDS  1.9296331803e+00 -9.3439059634e-01 -1.0501126167e-01  7.4277648773e-01 -5.5787935577e-01  5.3428499963e-01  3.0061125283e+00 -1.4201271495e+00  6.3617814033e-01  6.4782818915e-01 -6.7796199954e-01  1.9165809545e+00  2.9374455671e+00 -1.5776538203e+00  2.0303423929e+00  1.7271005750e+00 -1.1989612326e+00  2.6409006782e+00  4.1420529637e+00 -3.6610772594e+00  2.7513663712e+00  4.1621100877e+00 -2.1246589870e+00  2.7598953016e+00  5.3834993247e+00 -1.6633553484e+00  2.0696785163e+00  1.5153466842e+00 -1.3236956668e+00  4.0933177472e+00  7.5356274110e-01 -5.1279943527e-01  4.6327847814e+00  2.0922703229e+00 -2.2397344462e+00  4.6942569667e+00  2.0189840544e+00 -8.4142064405e-01 -1.1842673406e+00 -9.7158811462e-02 -1.7198036413e-01 -3.5983918893e-02  3.9410569771e+00 -1.6784334019e+00  1.5058788618e-01 -2.4891431034e-01 -3.8408499203e-01  2.4496949347e+00  4.1915963692e+00 -4.0318342114e+00  1.7228768089e+00  5.0044414375e+00 -4.0531743977e+00  3.3029365834e+00  3.2349316730e+00 -4.0360961244e+00  3.2274701904e+00  4.1301128733e+00 -1.7951450054e+00  3.8033629507e+00  6.1913775562e+00 -2.1126434430e+00  2.4980769199e+00  5.5004411153e+00 -6.6025630907e-01  2.2089758536e+00
ENERGY -5.708338368848e+02

JOB 10
COORDS  1.9528103406e+00 -8.8772506008e-01 -1.1329304476e-01  7.6106842437e-01 -5.2636703998e-01  5.2408355081e-01  3.0246328533e+00 -1.3807673452e+00  6.2895050440e-01  6.5581177499e-01 -6.7919677803e-01  1.9015281008e+00  2.9539643043e+00 -1.5580478335e+00  2.0211755882e+00  1.7289079783e+00 -1.2104203045e+00  2.6307192563e+00  4.1304055491e+00 -3.6395468527e+00  2.7966450001e+00  4.1910110688e+00 -2.1048894073e+00  2.7351409250e+00  5.4035739638e+00 -1.7113795674e+00  1.9892787947e+00  1.4953108501e+00 -1.3504084679e+00  4.0816150277e+00  5.3267805602e-01 -7.4895563041e-01  4.5726165765e+00  2.2495655560e+00 -2.0830646710e+00  4.7357399636e+00  2.0508107093e+00 -7.7695833649e-01 -1.1901977935e+00 -7.5558630054e-02 -1.2915845327e-01 -4.3259416385e-02  3.9626469772e+00 -1.6304420408e+00  1.4553162211e-01 -2.4913499016e-01 -4.0701126288e-01  2.4305870227e+00  4.1450692322e+00 -4.0559770729e+00  1.7845497148e+00  4.9948474064e+00 -4.0303828560e+00  3.3458382299e+00  3.2266928380e+00 -3.9713547828e+00  3.3096702915e+00  4.2013194123e+00 -1.7262711333e+00  3.7605089328e+00  6.2051978288e+00 -2.1918246030e+00  2.3946712295e+00  5.5726325289e+00 -7.1327583902e-01  2.1095343505e+00
ENERGY -5.708333201089e+02

JOB 11
COORDS  1.9681368571e+00 -8.2654186367e-01 -1.0980696125e-01  7.6570094099e-01 -5.0686972698e-01  5.2750375926e-01  3.0421154312e+00 -1.3215988267e+00  6.2838609772e-01  6.5247066824e-01 -7.0686963229e-01  1.8981530544e+00  2.9725130758e+00 -1.5306517084e+00  2.0162519044e+00  1.7327409632e+00 -1.2268478181e+00  2.6257499741e+00  4.0921398214e+00 -3.6150882573e+00  2.8640587693e+00  4.2138296012e+00 -2.0895866088e+00  2.7168750997e+00  5.4190486933e+00 -1.7909565555e+00  1.9157633230e+00  1.4793442732e+00 -1.4067617068e+00  4.0723789406e+00  3.6569568806e-01 -1.0920786192e+00  4.5082122526e+00  2.3754808619e+00 -1.8797363915e+00  4.7832936016e+00  2.0731150887e+00 -6.8553933279e-01 -1.1825743435e+00 -7.4660711714e-02 -1.0904657496e-01 -3.3818525802e-02  3.9814708529e+00 -1.5577617651e+00  1.4156503215e-01 -2.6518019369e-01 -4.7688237850e-01  2.4245183883e+00  4.0496422852e+00 -4.0838349981e+00  1.8759856062e+00  4.9605423284e+00 -4.0133263965e+00  3.4013892197e+00  3.1978779604e+00 -3.8847206775e+00  3.4281859982e+00  4.2732510716e+00 -1.6554746557e+00  3.7167384899e+00  6.2087676363e+00 -2.2884743234e+00  2.3239402444e+00  5.6388079563e+00 -7.9769373847e-01  1.9858453606e+00
ENERGY -5.708324340115e+02

JOB 12
COORDS  1.9888333430e+00 -7.5846018531e-01 -1.1042816399e-01  7.7189814957e-01 -4.9588116648e-01  5.2405691486e-01  3.0719543844e+00 -1.2472505286e+00  6.2045718669e-01  6.5439910324e-01 -7.4160760925e-01  1.8877200432e+00  2.9995932098e+00 -1.4875454642e+00  2.0021860925e+00  1.7505177096e+00 -1.2284734465e+00  2.6121767438e+00  4.0443535739e+00 -3.5769140119e+00  2.9265753283e+00  4.2319866288e+00 -2.0673577324e+00  2.7022171957e+00  5.4329243527e+00 -1.8636153706e+00  1.8661503605e+00  1.4937462120e+00 -1.4507719779e+00  4.0525207671e+00  3.1606973005e-01 -1.4711883747e+00  4.4284908319e+00  2.4543192191e+00 -1.5983611253e+00  4.8185397595e+00  2.0970718390e+00 -5.8478816583e-01 -1.1780388559e+00 -7.6680877792e-02 -1.0988225064e-01 -3.3156291347e-02  4.0132849855e+00 -1.4650485747e+00  1.2914713472e-01 -2.7671896737e-01 -5.6322547239e-01  2.4109578670e+00  3.9504349120e+00 -4.0902221831e+00  1.9646013854e+00  4.9081301084e+00 -3.9901175385e+00  3.4598319057e+00  3.1562619384e+00 -3.7815200366e+00  3.5274844812e+00  4.3305218431e+00 -1.5872088063e+00  3.6769854092e+00  6.2007233173e+00 -2.3966844935e+00  2.2710795485e+00  5.7142127238e+00 -8.8424112931e-01  1.9063266749e+00
ENERGY -5.708320775486e+02

JOB 13
COORDS  1.9889927390e+00 -7.2994265420e-01 -1.1549042689e-01  7.6927990771e-01 -4.9244042176e-01  5.2357865951e-01  3.0816998538e+00 -1.2169655698e+00  6.0473922210e-01  6.5708691757e-01 -7.5619514407e-01  1.8858156535e+00  3.0148608685e+00 -1.4657554528e+00  1.9838699660e+00  1.7680484252e+00 -1.2221139622e+00  2.5966007138e+00  4.0020284612e+00 -3.5670461493e+00  2.9342973794e+00  4.2298242258e+00 -2.0654947436e+00  2.6941506328e+00  5.4380864958e+00 -1.8987161543e+00  1.8618111675e+00  1.5346004870e+00 -1.4541262724e+00  4.0370933161e+00  3.9338670552e-01 -1.7809497178e+00  4.3816878508e+00  2.4727487630e+00 -1.2919551664e+00  4.8271319249e+00  2.0907782882e+00 -5.4244553101e-01 -1.1813222767e+00 -8.5733014784e-02 -1.1389116793e-01 -2.8906689464e-02  4.0199398697e+00 -1.4301358812e+00  1.0517097652e-01 -2.7691048537e-01 -6.0290358420e-01  2.4137273527e+00  3.8936483789e+00 -4.0892088533e+00  1.9787355587e+00  4.8528351410e+00 -3.9981274164e+00  3.4740601131e+00  3.1067854168e+00 -3.7436003027e+00  3.5351660545e+00  4.3343115266e+00 -1.5766636111e+00  3.6646702594e+00  6.1941593920e+00 -2.4392765233e+00  2.2788618173e+00  5.7376251690e+00 -9.2426375490e-01  1.8888083635e+00
ENERGY -5.708321891334e+02

JOB 14
COORDS  1.9805185811e+00 -7.3293721167e-01 -1.1354901072e-01  7.6841781046e-01 -4.8561375285e-01  5.3670059363e-01  3.0775980441e+00 -1.2266721181e+00  5.9722781165e-01  6.6420264948e-01 -7.4444157625e-01  1.9021880629e+00  3.0176985862e+00 -1.4671829302e+00  1.9770983055e+00  1.7807413972e+00 -1.2141217544e+00  2.5959667003e+00  3.9818311287e+00 -3.5798733515e+00  2.9194415518e+00  4.2163142075e+00 -2.0758838465e+00  2.7027313227e+00  5.4396640601e+00 -1.8958837638e+00  1.8979051555e+00  1.5823930389e+00 -1.4293796123e+00  4.0429386667e+00  5.4760938743e-01 -2.0078963416e+00  4.3914753355e+00  2.4453945976e+00 -1.0102977637e+00  4.8230734536e+00  2.0724343170e+00 -5.4765412011e-01 -1.1805864498e+00 -8.8360246210e-02 -1.0281771562e-01 -1.0093914694e-02  4.0110664677e+00 -1.4468552044e+00  9.1109463877e-02 -2.6523675664e-01 -5.8511838625e-01  2.4383658121e+00  3.8943075452e+00 -4.0906272943e+00  1.9556408696e+00  4.8186054797e+00 -4.0192379796e+00  3.4742904050e+00  3.0703845170e+00 -3.7625510704e+00  3.4947889832e+00  4.2999778772e+00 -1.5985778588e+00  3.6829687081e+00  6.1915781398e+00 -2.4355013668e+00  2.3235996593e+00  5.7319891137e+00 -9.1974709116e-01  1.9362712472e+00
ENERGY -5.708320239980e+02

JOB 15
COORDS  1.9706012717e+00 -7.9412006788e-01 -1.2875077284e-01  7.7941617141e-01 -4.9504863379e-01  5.3969245776e-01  3.0679953364e+00 -1.3011720755e+00  5.7178122540e-01  6.9321495276e-01 -7.1353349262e-01  1.9145727356e+00  3.0223092919e+00 -1.5061955260e+00  1.9579725697e+00  1.8092294890e+00 -1.2029187823e+00  2.5913493334e+00  4.0038470321e+00 -3.6520736671e+00  2.7940376626e+00  4.2050861574e+00 -2.1313243282e+00  2.6893546325e+00  5.4502458973e+00 -1.8619830920e+00  1.9475186414e+00  1.6587417783e+00 -1.3723578423e+00  4.0510824614e+00  7.7629975482e-01 -2.1431297582e+00  4.4415681785e+00  2.4171730634e+00 -7.3401460573e-01  4.7884602231e+00  2.0448099672e+00 -6.3597426701e-01 -1.2014246081e+00 -7.5907361045e-02 -9.9876777442e-02 -6.0425543359e-04  3.9902546017e+00 -1.5492409090e+00  5.7137024417e-02 -2.2032585440e-01 -5.0842669990e-01  2.4638573308e+00  3.9723563740e+00 -4.0978086350e+00  1.7952477650e+00  4.8278127131e+00 -4.1079690236e+00  3.3549397868e+00  3.0715248478e+00 -3.8913724687e+00  3.3130480988e+00  4.2384367086e+00 -1.7210546975e+00  3.7045919848e+00  6.2128225328e+00 -2.3742301200e+00  2.3880034683e+00  5.6854000389e+00 -8.7281480057e-01  2.0239754203e+00
ENERGY -5.708312613676e+02

JOB 16
COORDS  1.9545140172e+00 -8.4494394111e-01 -1.2604100558e-01  7.8262361696e-01 -4.9905606456e-01  5.5533211273e-01  3.0512632945e+00 -1.3612032615e+00  5.6790729449e-01  7.1381084274e-01 -6.7429600048e-01  1.9381348930e+00  3.0168378773e+00 -1.5362562463e+00  1.9587233284e+00  1.8281770041e+00 -1.1798820604e+00  2.6027488058e+00  4.0278877703e+00 -3.6981755605e+00  2.7169936172e+00  4.1877589334e+00 -2.1693377157e+00  2.6977270838e+00  5.4475292628e+00 -1.8245543340e+00  2.0163713561e+00  1.7217669722e+00 -1.3222831440e+00  4.0712884549e+00  1.0429369569e+00 -2.2588168693e+00  4.5018433333e+00  2.3194577347e+00 -4.9764900123e-01  4.7686937581e+00  2.0130446976e+00 -7.1344482852e-01 -1.2031996126e+00 -7.1340190541e-02 -9.6140024852e-02  1.8523181677e-02  3.9631444185e+00 -1.6340498331e+00  4.6751951914e-02 -1.8296998047e-01 -4.2192571017e-01  2.4961086582e+00  4.0508023116e+00 -4.0916832848e+00  1.6963512190e+00  4.8420726014e+00 -4.1597597015e+00  3.2875898965e+00  3.0818701625e+00 -3.9855334206e+00  3.1836701245e+00  4.1744397572e+00 -1.8147010205e+00  3.7366958493e+00  6.2146066555e+00 -2.3249691321e+00  2.4626191243e+00  5.6398975895e+00 -8.3045164255e-01  2.1345242402e+00
ENERGY -5.708304477576e+02

JOB 17
COORDS  1.9376398033e+00 -8.6176502852e-01 -1.2505165745e-01  7.7707251392e-01 -4.8726515258e-01  5.6112840610e-01  3.0303154160e+00 -1.3895297523e+00  5.6648194370e-01  7.1570189266e-01 -6.4085435905e-01  1.9472043616e+00  2.9962390422e+00 -1.5588341259e+00  1.9580755520e+00  1.8228655072e+00 -1.1672276324e+00  2.6063171035e+00  4.0265682103e+00 -3.7240991111e+00  2.6909825898e+00  4.1611794191e+00 -2.1933244419e+00  2.7036593130e+00  5.4268026203e+00 -1.8139858182e+00  2.0529438571e+00  1.7282932568e+00 -1.3194867307e+00  4.0756493592e+00  1.2891347232e+00 -2.3890593554e+00  4.5069833263e+00  2.0889847129e+00 -3.6568548239e-01  4.7697671582e+00  1.9910330464e+00 -7.4057422622e-01 -1.2036571066e+00 -7.3338931267e-02 -7.5390399434e-02  2.5438698997e-02  3.9371535459e+00 -1.6746121460e+00  4.2902651333e-02 -1.6888216888e-01 -3.5539687044e-01  2.5088924533e+00  4.0670567573e+00 -4.0959674323e+00  1.6628295510e+00  4.8435525857e+00 -4.1830086462e+00  3.2598069411e+00  3.0808896393e+00 -4.0329575158e+00  3.1430841635e+00  4.1230478817e+00 -1.8616482716e+00  3.7516076486e+00  6.1959476001e+00 -2.3033781968e+00  2.5078033255e+00  5.5954572424e+00 -8.1709987109e-01  2.1828005356e+00
ENERGY -5.708303106942e+02

JOB 18
COORDS  1.9339698647e+00 -8.8336143235e-01 -1.1706366393e-01  7.8590210687e-01 -4.7379312468e-01  5.7079452436e-01  3.0202129950e+00 -1.4222948643e+00  5.7517941186e-01  7.3242946829e-01 -6.0208811042e-01  1.9590523816e+00  2.9873874551e+00 -1.5819024660e+00  1.9682828108e+00  1.8295467078e+00 -1.1501956465e+00  2.6199294816e+00  4.0425807409e+00 -3.7504069565e+00  2.6660645110e+00  4.1557813486e+00 -2.2187834740e+00  2.7074330440e+00  5.4184548780e+00 -1.8120205969e+00  2.0662864889e+00  1.7196362558e+00 -1.3045937807e+00  4.0862869654e+00  1.5341311628e+00 -2.4436914780e+00  4.5253576428e+00  1.7940485812e+00 -2.8248982201e-01  4.7730265660e+00  1.9833206432e+00 -7.7813817571e-01 -1.1975533176e+00 -5.9595190388e-02 -5.3160204934e-02  3.4161526029e-02  3.9215032044e+00 -1.7236372661e+00  5.1133252434e-02 -1.3723472160e-01 -2.8073516045e-01  2.5243112477e+00  4.0911101312e+00 -4.1022355551e+00  1.6311331087e+00  4.8659670772e+00 -4.2075565693e+00  3.2271031259e+00  3.1010464589e+00 -4.0780906887e+00  3.1116331108e+00  4.1109638281e+00 -1.9077144070e+00  3.7616389558e+00  6.1928373403e+00 -2.3000846757e+00  2.5136002935e+00  5.5752327373e+00 -8.1539067829e-01  2.2114028330e+00
ENERGY -5.708309455246e+02

JOB 19
COORDS  1.9356453226e+00 -8.8992903985e-01 -1.0656896252e-01  7.9563573015e-01 -4.4976246963e-01  5.7624188668e-01  3.0106175644e+00 -1.4414533453e+00  5.9221864975e-01  7.4408407599e-01 -5.5913761606e-01  1.9646320887e+00  2.9760823152e+00 -1.5946305257e+00  1.9865391360e+00  1.8263355156e+00 -1.1300173674e+00  2.6356835633e+00  4.0458572801e+00 -3.7696310020e+00  2.6446948551e+00  4.1510670599e+00 -2.2385989731e+00  2.7115625250e+00  5.4075445719e+00 -1.8168512899e+00  2.0644368557e+00  1.6868622839e+00 -1.2715015656e+00  4.0970463052e+00  1.7517121369e+00 -2.4108464058e+00  4.5721344271e+00  1.4722792312e+00 -2.4527939816e-01  4.7489489681e+00  1.9882552113e+00 -7.9728602116e-01 -1.1881077784e+00 -4.2357371937e-02 -1.9682203852e-02  3.5414844049e-02  3.9084804388e+00 -1.7581430479e+00  7.1538353325e-02 -1.1418387892e-01 -2.0960260227e-01  2.5296398357e+00  4.0893343746e+00 -4.1040152137e+00  1.6036891378e+00  4.8767130193e+00 -4.2307942136e+00  3.1913074588e+00  3.1104656433e+00 -4.1086758915e+00  3.0932830844e+00  4.1144621527e+00 -1.9468753251e+00  3.7698454509e+00  6.1864579996e+00 -2.3094567916e+00  2.4988760306e+00  5.5629092584e+00 -8.2230993920e-01  2.2250134027e+00
ENERGY -5.708322061935e+02

JOB 20
COORDS  1.9443863956e+00 -8.8061880514e-01 -9.9734066840e-02  8.0647077039e-01 -4.2628176759e-01  5.7739546907e-01  3.0078411991e+00 -1.4431229031e+00  6.0642814821e-01  7.4787303180e-01 -5.3649996418e-01  1.9637589365e+00  2.9690241865e+00 -1.6001764030e+00  2.0010039698e+00  1.8156716327e+00 -1.1271705081e+00  2.6462738481e+00  4.0406774284e+00 -3.7779999454e+00  2.6470784067e+00  4.1548795266e+00 -2.2472531350e+00  2.7089013606e+00  5.4018018203e+00 -1.8357979139e+00  2.0342185430e+00  1.6511307370e+00 -1.2538225817e+00  4.1040062302e+00  1.9601931587e+00 -2.3293985740e+00  4.6320789207e+00  1.1787209318e+00 -2.8600484036e-01  4.7099946401e+00  2.0049662889e+00 -7.8983940041e-01 -1.1811130700e+00 -2.3593810026e-02  1.4433931661e-02  3.3000512767e-02  3.9061941852e+00 -1.7658238660e+00  9.0748990657e-02 -1.0750263016e-01 -1.7758869714e-01  2.5258838260e+00  4.0641119491e+00 -4.1151515191e+00  1.6062548002e+00  4.8792608361e+00 -4.2414635003e+00  3.1797357302e+00  3.1128897925e+00 -4.1117410000e+00  3.1143640130e+00  4.1415074364e+00 -1.9539477839e+00  3.7651335266e+00  6.1842043565e+00 -2.3361410327e+00  2.4533357382e+00  5.5702215904e+00 -8.4325283736e-01  2.1944597705e+00
ENERGY -5.708334151501e+02

JOB 21
COORDS  1.9535690990e+00 -8.6180444762e-01 -8.3857905342e-02  8.0925115613e-01 -4.1344710041e-01  5.8580110909e-01  3.0073231399e+00 -1.4338786928e+00  6.2768138391e-01  7.3356322856e-01 -5.4956244577e-01  1.9676759790e+00  2.9570979166e+00 -1.6094612298e+00  2.0204402734e+00  1.7875121155e+00 -1.1576098410e+00  2.6610948043e+00  4.0208957330e+00 -3.7838007754e+00  2.6928439664e+00  4.1557170692e+00 -2.2533145514e+00  2.7141734846e+00  5.3910083116e+00 -1.8770060768e+00  1.9978209811e+00  1.5954260803e+00 -1.2885801062e+00  4.1157851000e+00  2.1317741019e+00 -2.2421057838e+00  4.6956835540e+00  8.9148998310e-01 -4.4302579698e-01  4.6801237341e+00  2.0280065438e+00 -7.5767043441e-01 -1.1632407948e+00 -1.2436606534e-02  4.0177573167e-02  3.9311271442e-02  3.9119765374e+00 -1.7488532337e+00  1.1882962506e-01 -1.2949519942e-01 -2.0251436628e-01  2.5238533059e+00  4.0216523266e+00 -4.1465335785e+00  1.6602632692e+00  4.8625066737e+00 -4.2445881603e+00  3.2229673693e+00  3.0982103627e+00 -4.0953918182e+00  3.1844494927e+00  4.1739501625e+00 -1.9331702448e+00  3.7607064426e+00  6.1710398492e+00 -2.4003261170e+00  2.3923109562e+00  5.5937133880e+00 -8.9023971599e-01  2.1538605811e+00
ENERGY -5.708338337246e+02

JOB 22
COORDS  1.9763007347e+00 -8.1252036783e-01 -8.4342908343e-02  8.2479301129e-01 -3.8175855893e-01  5.8285420659e-01  3.0244068880e+00 -1.3937480874e+00  6.2738066615e-01  7.3585891570e-01 -5.5448496087e-01  1.9590470114e+00  2.9693756581e+00 -1.5931134678e+00  2.0173702046e+00  1.7832468698e+00 -1.1718747475e+00  2.6573026957e+00  4.0021803723e+00 -3.7661184454e+00  2.7430907562e+00  4.1781930578e+00 -2.2399941932e+00  2.6948498737e+00  5.3996001227e+00 -1.9313393684e+00  1.9232167999e+00  1.5672001521e+00 -1.3193361249e+00  4.1104714661e+00  2.2995568049e+00 -2.0911161598e+00  4.7438251191e+00  6.5946056207e-01 -6.5905030060e-01  4.6298371145e+00  2.0619945520e+00 -6.8789316323e-01 -1.1607842426e+00  7.0501542731e-03  8.3134538543e-02  3.9926347507e-02  3.9319825485e+00 -1.7011116742e+00  1.1977354859e-01 -1.3769369363e-01 -2.3060856411e-01  2.5112058954e+00  3.9524280362e+00 -4.1696553669e+00  1.7269641623e+00  4.8518168967e+00 -4.2281961283e+00  3.2590264442e+00  3.0929824309e+00 -4.0347890605e+00  3.2828847424e+00  4.2417807309e+00 -1.8749512291e+00  3.7231338968e+00  6.1742895876e+00 -2.4650730489e+00  2.3141780955e+00  5.6393643217e+00 -9.4711275943e-01  2.0386455482e+00
ENERGY -5.708332752910e+02

JOB 23
COORDS  1.9945006010e+00 -7.5388844892e-01 -8.0402502818e-02  8.2909764735e-01 -3.6471035475e-01  5.8621898075e-01  3.0461638868e+00 -1.3354555363e+00  6.2624233517e-01  7.2938244404e-01 -5.8186631438e-01  1.9553423618e+00  2.9884056160e+00 -1.5645452642e+00  2.0114513932e+00  1.7856388694e+00 -1.1859454940e+00  2.6526294707e+00  3.9659945505e+00 -3.7374113718e+00  2.8114494089e+00  4.1996546548e+00 -2.2238650252e+00  2.6765464575e+00  5.4057307794e+00 -2.0078018917e+00  1.8506786147e+00  1.5502267653e+00 -1.3712941330e+00  4.1018109651e+00  2.4337650067e+00 -1.8976422091e+00  4.7906230855e+00  4.7262857136e-01 -9.8217267929e-01  4.5671452878e+00  2.0881815603e+00 -6.0064797846e-01 -1.1525238755e+00  7.2594176464e-03  9.9688452191e-02  4.9097738624e-02  3.9566718943e+00 -1.6281331044e+00  1.1588434364e-01 -1.5990526936e-01 -2.9920027169e-01  2.5041654207e+00  3.8635558386e+00 -4.1898387204e+00  1.8201685710e+00  4.8145859588e+00 -4.2066622271e+00  3.3224495465e+00  3.0680891082e+00 -3.9454033292e+00  3.3955311022e+00  4.3142968795e+00 -1.8070199905e+00  3.6789593970e+00  6.1632930888e+00 -2.5714575765e+00  2.2329571912e+00  5.7041233079e+00 -1.0358838871e+00  1.9288094411e+00
ENERGY -5.708324191340e+02

