JOB 0
COORDS  1.1042641687e+00  2.8668187672e+00  2.2794210658e+00  2.0363132756e+00 -6.9838584539e-01 -7.9933088438e-02  1.2272670111e+00 -1.7315393624e+00  4.0442809320e-01  2.6608046093e+00  1.6077377165e-01  8.2669450746e-01  1.0297666007e+00 -1.8899883617e+00  1.7772833617e+00  2.4657816298e+00 -6.7313239228e-03  2.1990619862e+00 -1.1842499276e+00  1.7462793619e+00  2.1499913165e+00 -1.1211238066e+00  6.9788522259e-01  4.0198275965e+00  4.3211585545e-02  2.0430573247e+00  2.7218265634e+00  1.6186097051e+00 -1.0082365499e+00  2.6976851717e+00  1.8625552250e+00 -7.0276591468e-02  5.0819362875e+00  4.5123106475e-01 -2.1462267837e+00  4.7904254858e+00  1.8793308661e+00 -2.5948706695e+00  4.7223972638e+00  1.5101752310e+00 -1.2210573813e+00  4.1785901607e+00  1.1708998021e+00  1.2997371385e+00  4.8871633923e+00  1.9910285700e+00  3.5423275799e+00  1.9328203504e+00 -1.8958823124e+00  9.1055105950e-01  2.9673134197e+00  7.2683226015e-02  1.3527289901e+00  3.9338262285e+00  2.6027983045e+00 -1.7409523245e-01  6.0443119297e+00  2.1843053517e+00 -5.7170756614e-01 -1.1489424327e+00  7.4639823092e-01 -2.4173964714e+00 -2.8823199554e-01  3.2982851669e+00  9.6623354562e-01  4.7379820981e-01  3.8978650994e-01 -2.6972281818e+00  2.1217527534e+00  2.9973793342e+00  6.5249533758e-01  2.8795688544e+00 -1.5695753098e+00  2.0980368385e+00  1.2022020701e+00 -1.3753822086e+00  8.0342409081e-02  4.8707708380e+00 -2.8700854207e-01 -2.5685927644e+00  4.1167977008e+00  6.2051421641e-02 -1.8718039774e+00  5.7672111219e+00  2.4549933524e+00 -2.6163723973e+00  5.6413482009e+00  2.1506565488e+00 -3.3334495326e+00  3.9758181632e+00  1.9282797516e+00  2.0279548923e+00  4.5904274237e+00  8.1539876831e-01  1.6031642620e+00  5.8754783553e+00
ENERGY -8.189884805644e+02

JOB 1
COORDS  1.1112584166e+00  2.7499839716e+00  2.1811007782e+00  2.0110823990e+00 -5.7396352742e-01  1.4274086991e-02  1.0393509524e+00 -1.4739914850e+00  4.6140545436e-01  2.7978244177e+00  1.0467830440e-01  9.4892044446e-01  8.4329075429e-01 -1.6817641547e+00  1.8290357114e+00  2.6031239440e+00 -1.1100628069e-01  2.3135684092e+00 -1.1346180313e+00  1.5490302857e+00  2.0141295776e+00 -1.1302214027e+00  6.1762655328e-01  3.9471789068e+00  5.5544746527e-02  1.9178493563e+00  2.6212387175e+00  1.6017807624e+00 -9.8050038878e-01  2.7764864517e+00  1.7590143203e+00 -6.7115661786e-02  5.1661236650e+00  4.9662008958e-01 -2.2336022975e+00  4.8469440918e+00  1.9512194447e+00 -2.5816620578e+00  4.7803742589e+00  1.4896691835e+00 -1.2289287156e+00  4.2510136107e+00  1.1186921121e+00  1.3057908628e+00  4.8578538106e+00  1.9891819542e+00  3.4389755211e+00  1.8388253044e+00 -1.8602705659e+00  7.4288739210e-01  2.8493123923e+00  4.5829504316e-02  1.3051421485e+00  3.8744335960e+00  2.3963249352e+00 -1.5915448912e-01  6.2016596029e+00  2.1560901062e+00 -4.0643178348e-01 -1.0495084910e+00  4.2542402299e-01 -2.0133459748e+00 -2.5519256754e-01  3.5566334727e+00  8.0885307608e-01  6.2058609168e-01  6.4440079855e-02 -2.3673984242e+00  2.1475214278e+00  3.2446732245e+00  4.0643599081e-01  3.0231619846e+00 -1.4845411028e+00  1.8304178713e+00  1.0299280879e+00 -1.4030610746e+00  4.0101980257e-02  4.8206061053e+00 -2.0395088873e-01 -2.7093054509e+00  4.1697694349e+00  8.4824944940e-02 -1.9899191898e+00  5.8221460190e+00  2.5242730840e+00 -2.5726409543e+00  5.7013521314e+00  2.2719589864e+00 -3.2889357920e+00  4.0230204115e+00  1.9030833549e+00  1.9842981901e+00  4.5159486945e+00  7.5298563999e-01  1.6971614852e+00  5.8105205640e+00
ENERGY -8.189917326765e+02

JOB 2
COORDS  1.0583500475e+00  2.6996359548e+00  2.0229576759e+00  1.9425208278e+00 -4.8270866254e-01  5.2512568675e-03  8.7503690931e-01 -1.2665457922e+00  4.5147696537e-01  2.8452072119e+00  4.2872148298e-02  9.3489413876e-01  7.0084216392e-01 -1.5134699918e+00  1.8161988090e+00  2.6733566637e+00 -2.1299574065e-01  2.2953493091e+00 -1.2022407286e+00  1.5182167273e+00  1.9109465081e+00 -1.1710445172e+00  6.0951252771e-01  3.8544813227e+00  6.9935988240e-04  1.8863665566e+00  2.4933969987e+00  1.5859135958e+00 -9.7287552301e-01  2.7575064890e+00  1.6210217943e+00 -6.4900311334e-02  5.1586229237e+00  5.7431886462e-01 -2.3434049691e+00  4.7933871057e+00  2.0549611578e+00 -2.5443852341e+00  4.7651190181e+00  1.4756116130e+00 -1.2366960078e+00  4.2296181556e+00  1.0846249971e+00  1.3169284555e+00  4.7312217288e+00  1.9355370736e+00  3.3762471678e+00  1.6551483335e+00 -1.9180829461e+00  7.2510023269e-01  2.7662893898e+00  6.4346151746e-03  1.2898879084e+00  3.7536083114e+00  2.1024543377e+00 -1.5573309823e-01  6.2768477895e+00  2.0698426609e+00 -2.8132606375e-01 -1.0549045495e+00  1.6614695379e-01 -1.6787232783e+00 -2.6187811180e-01  3.6753251668e+00  6.5992964368e-01  6.0376820260e-01 -1.5695634242e-01 -2.0931407607e+00  2.1414021038e+00  3.3950506345e+00  1.8322898323e-01  3.0067953907e+00 -1.5658939245e+00  1.7888050136e+00  9.2872656318e-01 -1.4311421146e+00  4.1852136730e-02  4.7386404254e+00 -4.7932315031e-02 -2.8854004690e+00  4.0902889651e+00  1.1133937615e-01 -2.1464204439e+00  5.7555452418e+00  2.5985239942e+00 -2.4814595945e+00  5.7016555340e+00  2.4636126858e+00 -3.2095803697e+00  4.0119513326e+00  1.9115064923e+00  1.8959226381e+00  4.3134229798e+00  7.5977198308e-01  1.8247747325e+00  5.6423941935e+00
ENERGY -8.189943517170e+02

JOB 3
COORDS  1.0887390802e+00  2.6961418484e+00  2.0349078264e+00  1.8863930309e+00 -4.2323969838e-01  9.4572561121e-02  7.6832218617e-01 -1.1144594418e+00  5.6941488963e-01  2.8814362208e+00 -2.1374134514e-02  9.9149524838e-01  6.3854479033e-01 -1.3936323816e+00  1.9327494059e+00  2.7525410318e+00 -3.0951239902e-01  2.3506897027e+00 -1.2229556478e+00  1.6121881619e+00  1.9868373594e+00 -1.1646871140e+00  6.7658181345e-01  3.9171170416e+00  1.1915266404e-02  1.9262883578e+00  2.5343867156e+00  1.6219460695e+00 -9.8246665964e-01  2.8410602462e+00  1.5033996434e+00 -9.1025510211e-02  5.2611758451e+00  7.6139255021e-01 -2.4815439211e+00  4.8343973437e+00  2.2521407678e+00 -2.4870057492e+00  4.8611221567e+00  1.5236118292e+00 -1.2546975295e+00  4.3131296242e+00  1.1319297432e+00  1.3093751632e+00  4.7418010176e+00  1.9807405491e+00  3.3365416785e+00  1.6390045244e+00 -1.9414996985e+00  8.3657665240e-01  2.8550406416e+00  3.3581775338e-02  1.3131205521e+00  3.7851526017e+00  1.7540218060e+00 -2.0918720896e-01  6.4517823064e+00  1.9808377486e+00 -1.9447523154e-01 -9.6346200713e-01 -1.3358660824e-02 -1.4256541012e+00 -1.1860029847e-01  3.7497019410e+00  5.2527042540e-01  6.3523487792e-01 -2.5365601088e-01 -1.8983741506e+00  2.2900852653e+00  3.5385830307e+00 -8.4041988444e-03  3.0404268312e+00 -1.6065942756e+00  1.9087134876e+00  1.0197553915e+00 -1.4176451997e+00  1.0809432081e-01  4.8032334741e+00  2.5073856453e-01 -3.0881907301e+00  4.0947625858e+00  2.4009010969e-01 -2.3564367673e+00  5.7780479906e+00  2.7448916880e+00 -2.3626128341e+00  5.8193474449e+00  2.7742871265e+00 -3.0807582563e+00  4.1182414977e+00  2.0056386724e+00  1.7504025806e+00  4.2557177024e+00  8.8517514882e-01  1.9211671529e+00  5.6123283097e+00
ENERGY -8.189960280067e+02

JOB 4
COORDS  1.1801752795e+00  2.6783605795e+00  2.0349747607e+00  1.8271071628e+00 -3.9896307523e-01  8.8872435953e-02  6.8493447116e-01 -1.0306070290e+00  5.9091672112e-01  2.8850553129e+00 -9.4753683995e-02  9.5094400492e-01  5.9750256265e-01 -1.3488302255e+00  1.9481499520e+00  2.7958716022e+00 -4.1940784966e-01  2.3061532123e+00 -1.1884130228e+00  1.7292251115e+00  1.9223873916e+00 -1.2099058184e+00  7.3038920155e-01  3.8217378040e+00  5.3946166760e-02  1.9569517130e+00  2.4964119840e+00  1.6482032417e+00 -1.0395268873e+00  2.8219140710e+00  1.3214719956e+00 -1.9376314120e-01  5.2474255142e+00  9.7849675275e-01 -2.6674258103e+00  4.7621858977e+00  2.4461226480e+00 -2.4367641171e+00  4.8711378903e+00  1.5536281410e+00 -1.3260296634e+00  4.2918467804e+00  1.0992277584e+00  1.2276527095e+00  4.7057504935e+00  2.1130419456e+00  3.2773805752e+00  1.6697089858e+00 -1.9602391707e+00  9.6568546966e-01  2.7539877531e+00  2.3010003822e-02  1.3036616921e+00  3.7255902290e+00  1.3221038220e+00 -3.5529261058e-01  6.4601084718e+00  1.8906693632e+00 -1.3924623446e-01 -9.6434252596e-01 -1.4543696757e-01 -1.2636051386e+00 -7.0339345419e-02  3.7703695790e+00  4.0773554266e-01  5.7231744802e-01 -3.0386460338e-01 -1.8163385497e+00  2.3338627399e+00  3.6239883432e+00 -1.8675892886e-01  2.9725995634e+00 -1.5407720092e+00  2.0774390121e+00  9.6058518371e-01 -1.5073388017e+00  1.5215431804e-01  4.6876674046e+00  6.1602932167e-01 -3.3295711830e+00  3.9831663809e+00  3.9594579815e-01 -2.6421694127e+00  5.6772406487e+00  2.8581320732e+00 -2.2507361253e+00  5.8572286762e+00  3.0996755992e+00 -2.9243070468e+00  4.1551947009e+00  2.0161595028e+00  1.5788630064e+00  4.2259729810e+00  8.8410532243e-01  1.8729196017e+00  5.5602424894e+00
ENERGY -8.189966377143e+02

JOB 5
COORDS  5.1265941613e+00  1.2424999999e+00  2.2939577891e+00  2.4869267622e+00 -3.8524205636e-01  3.1010957794e-01  1.4891340356e+00  2.9065841482e-01  1.0215157433e+00  3.2716437269e+00 -1.3430078883e+00  9.5786532396e-01  1.2820052697e+00  1.1856229307e-02  2.3731827833e+00  3.0600249718e+00 -1.6201088994e+00  2.3113504412e+00  3.2805035393e+00  3.0019462100e+00  2.4383617823e+00  2.4429990832e+00  2.4151111518e+00  4.3254799921e+00  4.0258034815e+00  1.9156111635e+00  2.8744809449e+00  2.0662879176e+00 -9.4534474128e-01  3.0329841569e+00  2.7091613038e+00 -3.8370939840e-01  5.4759138239e+00  5.1378690916e-01 -1.5931971636e+00  5.0223561104e+00  1.6025235985e+00 -2.6123803495e+00  4.9959915132e+00  1.8922217040e+00 -1.1820157361e+00  4.5046947998e+00  3.8932735984e+00  4.4838206345e-01  4.9562915686e+00  6.0401583825e+00  6.8418880834e-01  1.8289726637e+00  2.3022283428e+00  3.2986851316e+00  3.3462312189e+00  3.4696112069e+00  1.5481088010e+00  4.0963562982e+00  2.5044895743e+00 -4.1586097167e-01  6.6816935450e+00  2.6572073714e+00 -1.6097949392e-01 -7.3944361520e-01  8.8110161370e-01  1.0441307185e+00  5.2815728635e-01  4.0596811688e+00 -1.8590725887e+00  4.1718528444e-01  5.1371826622e-01  5.4749732906e-01  2.9242202133e+00  3.6772056827e+00 -2.3616034643e+00  2.8140020231e+00  3.4110395125e+00  3.5619734458e+00  1.5219155393e+00  1.8329358472e+00  2.3575523657e+00  5.2182437531e+00 -2.6852830576e-01 -1.6590367394e+00  4.2734828243e+00  2.2614144396e-01 -1.1901575584e+00  5.9875774016e+00  2.0531018673e+00 -2.8974728495e+00  5.9409583046e+00  1.5816773376e+00 -3.3757211312e+00  4.2248779877e+00  4.5637190067e+00 -1.9050606465e-01  4.3764414508e+00  4.4315454798e+00  8.3407675790e-01  5.8248671381e+00
ENERGY -8.189961229475e+02

JOB 6
COORDS  5.1683678752e+00  1.1028804124e+00  2.3497851029e+00  2.4089925348e+00 -3.1068749345e-01  3.1693646934e-01  1.4758333683e+00  3.9611652660e-01  1.0854368654e+00  3.1544733524e+00 -1.3358987596e+00  9.0305134776e-01  1.2927096616e+00  7.5440446441e-02  2.4300028171e+00  2.9699968041e+00 -1.6524956281e+00  2.2529453198e+00  3.4606429756e+00  3.0013110680e+00  2.3742480172e+00  2.5200386546e+00  2.5465739912e+00  4.2498277986e+00  4.1055818160e+00  1.8775291379e+00  2.8713403421e+00  2.0341170441e+00 -9.5641501797e-01  3.0274876991e+00  2.5290678239e+00 -2.5417713850e-01  5.4540567146e+00  5.8425315225e-01 -1.8382818689e+00  4.9963150759e+00  1.8379571825e+00 -2.6541011135e+00  5.0278565855e+00  1.8799179310e+00 -1.2114508021e+00  4.4983409460e+00  3.7923280436e+00  4.9491661483e-01  4.9912558977e+00  6.0500624655e+00  4.6168921310e-01  1.9326089736e+00  2.4799927996e+00  3.4032523336e+00  3.2376504515e+00  3.4838080856e+00  1.5966745161e+00  4.0846042863e+00  2.1501009268e+00 -1.1017136365e-01  6.6073527217e+00  2.5607463655e+00 -5.5680459189e-02 -7.2847390431e-01  9.0161034014e-01  1.2048540816e+00  6.4182325235e-01  3.8969940985e+00 -1.8727320201e+00  3.1979061873e-01  5.6896080175e-01  6.2765921897e-01  3.0238733651e+00  3.5704255852e+00 -2.4357417996e+00  2.7090840817e+00  3.6633865646e+00  3.5170488891e+00  1.4449873402e+00  1.8796541163e+00  2.5663953345e+00  5.1225902517e+00 -1.5094803960e-01 -2.0666597866e+00  4.2317936390e+00  2.0023371580e-01 -1.4650352609e+00  5.9395935046e+00  2.3014187219e+00 -2.8362615889e+00  5.9922209448e+00  1.9693739792e+00 -3.4370476685e+00  4.2879041526e+00  4.4585842711e+00 -1.9266864277e-01  4.4655549241e+00  4.2968420594e+00  8.7563137667e-01  5.8822530660e+00
ENERGY -8.189946498622e+02

JOB 7
COORDS  5.2416630711e+00  8.7456988802e-01  2.5371315395e+00  2.2920172710e+00 -1.7165885270e-01  3.4007840210e-01  1.4372341203e+00  5.5344718292e-01  1.1802136593e+00  3.0155286689e+00 -1.2493417336e+00  8.5386206031e-01  1.3075398523e+00  1.9389763849e-01  2.5201562916e+00  2.8889757296e+00 -1.6023748819e+00  2.2020290041e+00  3.7280256085e+00  2.9201473728e+00  2.3122574794e+00  2.6622137538e+00  2.7194142351e+00  4.1652286526e+00  4.2350355169e+00  1.7868716428e+00  2.9318771322e+00  2.0239477857e+00 -8.9568819366e-01  3.0447815554e+00  2.3490437988e+00 -9.2799069128e-02  5.4493226839e+00  7.4636410173e-01 -2.0306605249e+00  5.0012960136e+00  2.1382202132e+00 -2.5913911558e+00  5.0703066959e+00  1.9089086171e+00 -1.1842635356e+00  4.5136858288e+00  3.6800418706e+00  6.2007550074e-01  5.1308995360e+00  6.0764627901e+00  1.1909071801e-01  2.2288586607e+00  2.7538197028e+00  3.4862698076e+00  3.0864734627e+00  3.5346366181e+00  1.6725791944e+00  4.1299561522e+00  1.7650540102e+00  1.8438816891e-01  6.4850393492e+00  2.4013322404e+00  1.1148106842e-01 -7.0346238376e-01  8.8485190602e-01  1.4063252431e+00  7.9574475152e-01  3.7024178886e+00 -1.7993293494e+00  2.1693446824e-01  6.3849624774e-01  7.5621547977e-01  3.1667877805e+00  3.4894776733e+00 -2.4158584472e+00  2.5988289069e+00  4.0228279976e+00  3.3327069658e+00  1.3565517098e+00  1.9854250508e+00  2.8714442911e+00  4.9965659592e+00  8.4654943676e-02 -2.4155105913e+00  4.2324048296e+00  2.7407600406e-01 -1.7213387635e+00  5.9274811552e+00  2.6069407758e+00 -2.6716742098e+00  6.0466131376e+00  2.4275389482e+00 -3.3587846588e+00  4.3598267387e+00  4.4047459497e+00 -1.0314679226e-01  4.7510408696e+00  4.0543301209e+00  1.0497283861e+00  6.0629901802e+00
ENERGY -8.189923539501e+02

JOB 8
COORDS  5.1910998604e+00  7.4556064666e-02  3.4289087066e+00  1.6882245535e+00  1.3929163915e-01  2.6805676252e-01  9.3976374136e-01  7.5044763580e-01  1.2788846452e+00  2.5605095158e+00 -9.0235427904e-01  5.9484512980e-01  1.0637569493e+00  3.1785366906e-01  2.5993391710e+00  2.6979211942e+00 -1.3194160515e+00  1.9211854864e+00  4.3032058117e+00  2.1287875246e+00  2.1907844163e+00  2.8847756277e+00  2.7750657671e+00  3.6636465658e+00  4.3920693892e+00  1.2256008857e+00  3.2408011024e+00  1.9552506003e+00 -7.1139012857e-01  2.9430893482e+00  2.0778052207e+00 -1.1207477993e-01  5.4647629727e+00  1.2804586065e+00 -2.4269730090e+00  4.7519012006e+00  2.7781890090e+00 -2.4232291546e+00  4.7899031042e+00  2.0261141477e+00 -1.1510739871e+00  4.3767271977e+00  3.1302311878e+00  1.0194987981e+00  5.4458549204e+00  5.8306053043e+00 -8.8640192450e-01  3.6027878600e+00  3.3687646638e+00  3.0867771222e+00  2.4708505275e+00  3.4659161869e+00  1.6575675737e+00  4.1856998668e+00  1.4278934021e+00 -2.0870972523e-01  6.4948860370e+00  1.5938938104e+00  4.7424520807e-01 -7.6132946004e-01  2.6281393821e-01  1.5659730840e+00  1.0399530365e+00  3.1515259319e+00 -1.3823875578e+00 -1.8088718099e-01  4.5763661661e-01  7.8242845146e-01  3.3745811405e+00  3.4127356465e+00 -2.1008149813e+00  2.1550356053e+00  4.8647480269e+00  2.1182536684e+00  1.2663129559e+00  2.1167355395e+00  3.3212466523e+00  4.1970301787e+00  7.9447712040e-01 -2.9369264050e+00  3.9267811792e+00  7.4011922897e-01 -2.4174341410e+00  5.6920715848e+00  3.2611981719e+00 -2.4075529994e+00  5.7619532871e+00  3.3403731094e+00 -2.9449486838e+00  4.0248808447e+00  4.0430795871e+00  5.8326252066e-01  5.8656528924e+00  2.7838213947e+00  1.7827405395e+00  6.1438023841e+00
ENERGY -8.189904092009e+02

JOB 9
COORDS  5.0370366730e+00  6.5059606940e-02  3.2639834950e+00  1.6105763873e+00  1.8080200802e-01 -1.8889015768e-02  9.5235791568e-01  8.5998964607e-01  1.0098949488e+00  2.3724399298e+00 -9.5142983778e-01  2.8510466628e-01  1.0584715815e+00  4.0932428808e-01  2.3261720244e+00  2.4914862230e+00 -1.3887958885e+00  1.6058420743e+00  4.2371951665e+00  2.1602183548e+00  2.0470260513e+00  2.7965157193e+00  2.8256559527e+00  3.4885666765e+00  4.2611626265e+00  1.2323034337e+00  3.0789360427e+00  1.8372069764e+00 -7.1360237920e-01  2.6472827490e+00  1.8343547106e+00 -9.2405179684e-02  5.1488064329e+00  1.3435783866e+00 -2.5010053925e+00  4.4507783498e+00  2.8305661737e+00 -2.3155357805e+00  4.5152118242e+00  1.9415368376e+00 -1.1490023284e+00  4.0790352150e+00  2.9025010988e+00  1.0245116475e+00  5.2340965542e+00  5.6719305726e+00 -9.0083840010e-01  3.4260807324e+00  3.3271376533e+00  3.1437908967e+00  2.3178293184e+00  3.3232951979e+00  1.6789006015e+00  4.0064868986e+00  1.0453780468e+00 -1.6143139015e-01  6.0766921351e+00  1.5327616621e+00  5.3136983128e-01 -1.0443966934e+00  3.6314876291e-01  1.7459999618e+00  7.9071894731e-01  2.8927007705e+00 -1.4868559255e+00 -5.0494714134e-01  5.1724717974e-01  9.3247317933e-01  3.1112579502e+00  3.1214409989e+00 -2.2461689488e+00  1.8188136148e+00  4.8296240215e+00  2.1498282361e+00  1.1419827242e+00  2.0306392848e+00  3.3868850017e+00  4.0094406954e+00  9.3616526079e-01 -3.0718927702e+00  3.6228900164e+00  7.8568907264e-01 -2.5537669670e+00  5.3793890968e+00  3.2876444293e+00 -2.2375886774e+00  5.4974766554e+00  3.4752175602e+00 -2.7670071508e+00  3.7709576561e+00  3.7817441759e+00  5.6897360512e-01  5.7025101589e+00  2.5194809761e+00  1.7823339026e+00  5.9186366890e+00
ENERGY -8.189894666501e+02

JOB 10
COORDS  5.0908052213e+00  1.0207821713e-01  3.3480394166e+00  1.5655242527e+00  9.1898461175e-02  3.1080342778e-03  1.0690481540e+00  8.8931866548e-01  1.0366151204e+00  2.1780672755e+00 -1.1263788206e+00  3.1530363450e-01  1.1906312319e+00  4.7500742469e-01  2.3640930845e+00  2.3100873954e+00 -1.5310163469e+00  1.6444993448e+00  4.2988131877e+00  2.2228879568e+00  2.1819506624e+00  2.8605534595e+00  2.8687957201e+00  3.6346167555e+00  4.3083476545e+00  1.2690271801e+00  3.1898610721e+00  1.8161015705e+00 -7.3693401538e-01  2.6923776313e+00  1.8138367330e+00 -5.1860755005e-02  5.1697361431e+00  1.5065771322e+00 -2.5126687201e+00  4.5477684682e+00  2.9794886577e+00 -2.2227858523e+00  4.5502767133e+00  1.9993339191e+00 -1.1317446046e+00  4.1288225775e+00  2.9221422137e+00  1.0194724069e+00  5.3294775068e+00  5.7442511658e+00 -8.5575666139e-01  3.4813540828e+00  3.3998521051e+00  3.2104561193e+00  2.4746936456e+00  3.3720446912e+00  1.7028861790e+00  4.1262705181e+00  9.1901978164e-01 -6.1411279375e-02  5.9959382205e+00  1.4779978337e+00  4.1437756637e-01 -1.0308326652e+00  5.9654231985e-01  1.8419808819e+00  8.1457298889e-01  2.5711582268e+00 -1.7575322167e+00 -4.7758687339e-01  7.6619184387e-01  1.0968106119e+00  3.1472077100e+00  2.8191565544e+00 -2.4659907678e+00  1.8579158229e+00  4.8976320132e+00  2.2299718211e+00  1.2810065060e+00  2.0993114459e+00  3.4257895590e+00  4.1669337437e+00  1.1055111462e+00 -3.1312874375e+00  3.7515708101e+00  9.8825471098e-01 -2.5854075030e+00  5.4979236870e+00  3.4671169248e+00 -2.1008109653e+00  5.5136430866e+00  3.6267648109e+00 -2.6402296509e+00  3.7882412102e+00  3.7832629439e+00  5.1930520046e-01  5.7848837673e+00  2.5545562325e+00  1.7651352924e+00  6.0356589612e+00
ENERGY -8.189866964692e+02

JOB 11
COORDS  5.9742373095e+00  3.3977444562e-01  2.9179080745e+00  2.9759483449e+00 -1.8715639382e+00  1.1509297381e-01  3.9516527137e+00 -1.9139997491e+00  1.1121568493e+00  1.6410507911e+00 -1.6569972918e+00  4.7598785321e-01  3.5953599096e+00 -1.7341909293e+00  2.4509878934e+00  1.2911386326e+00 -1.4757138211e+00  1.8143946858e+00  4.3162997072e+00  2.2321259688e+00  2.5085992600e+00  3.0119639294e+00  1.8718820559e+00  4.1718429799e+00  4.8275389849e+00  1.1273477409e+00  3.1713661969e+00  2.2626873667e+00 -1.5205540913e+00  2.8301210766e+00  3.0016059687e+00 -1.2520290543e+00  5.2883867014e+00  6.9584418472e-01 -3.8568964310e-01  4.6279803454e+00  5.9206085116e-01 -1.8754872576e+00  4.7700728744e+00  1.8926613746e+00 -1.2686011668e+00  4.2637396046e+00  4.0827729103e+00 -1.4286796547e-01  5.2571765704e+00  6.9147327608e+00 -3.2338817389e-01  2.7211383860e+00  3.1903623738e+00  2.6834338666e+00  3.1413263348e+00  3.9654637530e+00  8.9818833000e-01  4.2453362167e+00  3.0509049980e+00 -2.0200719343e+00  6.2311825976e+00  3.2484680999e+00 -2.0056739379e+00 -9.2818895649e-01  4.9954177833e+00 -2.0768198273e+00  8.5879339169e-01  8.6926026092e-01 -1.6205041277e+00 -2.8855887727e-01  4.3753786824e+00 -1.8210424861e+00  3.1994068175e+00  2.4798857649e-01 -1.2945888333e+00  2.0587063278e+00  4.7117911717e+00  2.7053966632e+00  1.6196382763e+00  2.2141189738e+00  1.9495092249e+00  4.8971250671e+00  1.9965362538e-01  1.2383751020e-01  3.8076839006e+00  7.5947449316e-01  1.9302645798e-01  5.5459818910e+00  6.0647022350e-01 -2.2970038803e+00  5.7690983906e+00  4.9646273428e-03 -2.4286503566e+00  4.0452620843e+00  5.0567395176e+00 -6.2499569213e-01  5.1535979938e+00  4.0693275932e+00  3.1494048176e-01  6.2503332165e+00
ENERGY -8.189841951566e+02

JOB 12
COORDS  5.8891057263e+00  3.0878313148e-01  2.8048184953e+00  3.0804874394e+00 -1.7548490418e+00  1.6350710766e-01  3.9849903004e+00 -2.0149848866e+00  1.1945750806e+00  1.7802270421e+00 -1.3475474306e+00  4.8133652188e-01  3.5922616942e+00 -1.8629859600e+00  2.5263340425e+00  1.3938347912e+00 -1.1925803641e+00  1.8134245718e+00  4.1521546868e+00  2.1198784616e+00  2.3480833655e+00  2.9313719902e+00  1.8236205345e+00  4.0865177794e+00  4.7279245046e+00  1.0759818603e+00  3.0554434792e+00  2.2924444580e+00 -1.4556440339e+00  2.8606185195e+00  3.0010209551e+00 -1.2107941163e+00  5.3246048987e+00  6.5572947901e-01 -4.8650580483e-01  4.7077970532e+00  6.3514773096e-01 -1.9838077353e+00  4.7715374765e+00  1.9006306278e+00 -1.2790892005e+00  4.2977904399e+00  4.0873410776e+00 -1.1347254368e-01  5.2202057053e+00  6.8438310309e+00 -3.3578255357e-01  2.6154308093e+00  3.0385408029e+00  2.5741205535e+00  3.0009716622e+00  3.9219744679e+00  8.9005410412e-01  4.1791634446e+00  3.0379795251e+00 -1.9165575726e+00  6.3165616710e+00  3.3827699491e+00 -1.8663870718e+00 -8.7423092483e-01  5.0028859836e+00 -2.3214529393e+00  9.7187015855e-01  1.0662698307e+00 -1.1379171246e+00 -3.1097544215e-01  4.3109440732e+00 -2.1022875306e+00  3.3048418037e+00  3.8259035529e-01 -8.5865847625e-01  2.0271801540e+00  4.4941412814e+00  2.5490053227e+00  1.4156500655e+00  2.1590110832e+00  1.9159502201e+00  4.8378563802e+00  1.1837579845e-01  3.7428095385e-02  3.9242200726e+00  7.0142536848e-01  4.8150805922e-02  5.6530238573e+00  6.7340533053e-01 -2.4583894079e+00  5.7459670302e+00  8.6795930140e-02 -2.5228387453e+00  4.0063681256e+00  5.0545825843e+00 -6.0179015179e-01  5.0868712497e+00  4.1171713685e+00  3.7511576083e-01  6.1979503804e+00
ENERGY -8.189877412453e+02

JOB 13
COORDS  5.7768384547e+00  2.5576344767e-01  2.7128895582e+00  3.2094638616e+00 -1.6654522445e+00  3.2184373724e-01  3.9713705065e+00 -2.1712744580e+00  1.3780105590e+00  1.9932671268e+00 -1.0323687409e+00  5.9589075792e-01  3.5188987333e+00 -2.0410326736e+00  2.6919335112e+00  1.5452679185e+00 -9.0125287440e-01  1.9124276810e+00  3.9640160361e+00  1.9847476543e+00  2.2274475382e+00  2.8482718937e+00  1.7815582138e+00  4.0484251919e+00  4.6055198311e+00  1.0057131807e+00  2.9698604455e+00  2.2945496766e+00 -1.4168299931e+00  2.9799808789e+00  2.9648728291e+00 -1.1246089753e+00  5.4376257033e+00  5.7484684905e-01 -5.6313057996e-01  4.8218205284e+00  6.5777158897e-01 -2.0569711105e+00  4.8807239835e+00  1.8733474616e+00 -1.2639089049e+00  4.4110601542e+00  4.0848866782e+00 -8.1084457553e-02  5.2177103372e+00  6.7459570442e+00 -3.6618108047e-01  2.5214583518e+00  2.8764344050e+00  2.4583836277e+00  2.9104686112e+00  3.8686821150e+00  8.8158227336e-01  4.1478739822e+00  2.9764070296e+00 -1.7299060571e+00  6.4955521509e+00  3.5626771218e+00 -1.7561642664e+00 -7.0174704543e-01  4.9290528930e+00 -2.6460062015e+00  1.1864297992e+00  1.3979470284e+00 -6.2152150491e-01 -2.1536141835e-01  4.1215081592e+00 -2.4550667056e+00  3.4970815055e+00  6.1557635181e-01 -3.7303851912e-01  2.0980792361e+00  4.2433387178e+00  2.3565244857e+00  1.2507054065e+00  2.1120584791e+00  1.9018230184e+00  4.8318991553e+00 -7.3763867296e-03 -8.2934839218e-02  4.0431878535e+00  5.9022096864e-01 -2.5535048918e-02  5.7658432556e+00  7.3016831168e-01 -2.5317675465e+00  5.8532742750e+00  1.4948464965e-01 -2.6255695670e+00  4.1092516342e+00  5.0192562470e+00 -6.1209256710e-01  5.0249988605e+00  4.2085537487e+00  4.4164636289e-01  6.1697226100e+00
ENERGY -8.189912562988e+02

JOB 14
COORDS  5.7155202582e+00  2.6065877908e-01  2.5168407309e+00  3.2899434307e+00 -1.6201062676e+00  2.8319420276e-01  3.9258850235e+00 -2.2952637646e+00  1.3293993803e+00  2.1598862493e+00 -8.4323946567e-01  5.5291504828e-01  3.4301115235e+00 -2.1921102739e+00  2.6294075677e+00  1.6706623695e+00 -7.3554702303e-01  1.8577019851e+00  3.9161631459e+00  2.0275120906e+00  2.1204980397e+00  2.8228098535e+00  1.7690085148e+00  3.9485665044e+00  4.5602085137e+00  1.0186226837e+00  2.8201697051e+00  2.2930568353e+00 -1.4171813516e+00  2.9117216771e+00  2.8898252691e+00 -1.0408046300e+00  5.3813326117e+00  4.6204828525e-01 -7.4232369748e-01  4.7096711171e+00  7.0558912837e-01 -2.2142899497e+00  4.7999002702e+00  1.8404235703e+00 -1.3019429674e+00  4.3367611368e+00  4.0808575416e+00 -1.1702032276e-01  5.0529548069e+00  6.6736888020e+00 -3.6525439130e-01  2.2872263258e+00  2.8397834594e+00  2.4828604886e+00  2.8323272600e+00  3.8391595345e+00  8.6166561396e-01  4.0029539574e+00  2.8238629536e+00 -1.4829187698e+00  6.5171845889e+00  3.6785847025e+00 -1.6906811811e+00 -7.2904491969e-01  4.8179790680e+00 -2.8844199044e+00  1.1384849497e+00  1.6676337865e+00 -3.0038280361e-01 -2.4975825962e-01  3.9258979397e+00 -2.7338222570e+00  3.4324140530e+00  8.2052225868e-01 -8.9251562023e-02  2.0502100267e+00  4.1841541461e+00  2.4292973834e+00  1.1525187318e+00  2.0957646086e+00  1.8640413250e+00  4.7446273478e+00 -1.5204129622e-01 -3.5461500036e-01  3.9045772626e+00  4.0108063119e-01 -1.8451210714e-01  5.6392774706e+00  8.1362835509e-01 -2.6570114325e+00  5.7841049496e+00  2.7887811213e-01 -2.8478903265e+00  4.0296660677e+00  4.9292985036e+00 -7.3688682009e-01  4.7545180109e+00  4.3561171621e+00  3.8404938341e-01  5.9840605046e+00
ENERGY -8.189942803336e+02

JOB 15
COORDS  5.7284053957e+00  2.5657442137e-01  2.4752789524e+00  3.2799812015e+00 -1.5647253075e+00  3.5164146497e-01  3.8455947111e+00 -2.3503014783e+00  1.3610309444e+00  2.2267794461e+00 -6.9852908544e-01  6.5818621653e-01  3.3559397307e+00 -2.2663024138e+00  2.6650746909e+00  1.7453161881e+00 -6.1151144966e-01  1.9673269435e+00  4.0047243571e+00  2.1099000866e+00  2.1399013972e+00  2.9064844949e+00  1.8429852763e+00  3.9641646461e+00  4.6119606342e+00  1.0584182131e+00  2.8103032841e+00  2.3027976529e+00 -1.3948860917e+00  2.9857894846e+00  2.8386411790e+00 -8.4898221987e-01  5.4537849413e+00  3.9983282836e-01 -9.2899116041e-01  4.7488663210e+00  8.5058020022e-01 -2.3395765812e+00  4.9203060871e+00  1.8526517200e+00 -1.2948502788e+00  4.4132529337e+00  4.1128920783e+00 -9.8653872434e-02  5.0281741162e+00  6.6537548868e+00 -4.0571246192e-01  2.2152295723e+00  2.9471241760e+00  2.5846386364e+00  2.8661389364e+00  3.8896890441e+00  8.9920106429e-01  3.9907506980e+00  2.6632350152e+00 -1.0426261228e+00  6.6480643771e+00  3.6648964998e+00 -1.6213033165e+00 -6.6288324748e-01  4.6759648601e+00 -3.0135221073e+00  1.1369045775e+00  1.7900695661e+00 -7.4238295797e-02 -1.1691135775e-01  3.7922216835e+00 -2.8889888874e+00  3.4436848833e+00  9.5461954521e-01  9.5665894961e-02  2.1980466502e+00  4.2843950238e+00  2.5263350944e+00  1.1813769507e+00  2.1859950916e+00  1.9432790794e+00  4.7661455938e+00 -2.4597428487e-01 -6.8537018802e-01  3.9123881411e+00  2.4987956424e-01 -3.3503017791e-01  5.6447472384e+00  1.0111878596e+00 -2.7037994310e+00  5.9292452654e+00  5.3557807535e-01 -3.0703134347e+00  4.1828454828e+00  4.8420492272e+00 -8.2022219970e-01  4.6519084563e+00  4.5280072053e+00  3.6605783102e-01  5.9252591049e+00
ENERGY -8.189960877567e+02

JOB 16
COORDS  5.7507355441e+00  1.7917066616e-01  2.5186239411e+00  3.2287160295e+00 -1.4741543333e+00  3.8003307089e-01  3.7476805915e+00 -2.3506537678e+00  1.3377590107e+00  2.2369105662e+00 -5.5826292095e-01  7.4515262890e-01  3.2771145921e+00 -2.3061285442e+00  2.6518612375e+00  1.7725574167e+00 -5.1358025746e-01  2.0616228254e+00  4.1501063618e+00  2.1330683085e+00  2.1394215540e+00  2.9996327386e+00  1.9423226273e+00  3.9412712052e+00  4.6803649867e+00  1.0513230805e+00  2.8275267583e+00  2.2935185484e+00 -1.3809148965e+00  3.0309943965e+00  2.7360916105e+00 -6.7266208612e-01  5.4825757764e+00  3.4815665170e-01 -1.1873726002e+00  4.7719403809e+00  1.0271798154e+00 -2.4897480849e+00  5.0211885134e+00  1.8440083966e+00 -1.3125748414e+00  4.4610688628e+00  4.0739837674e+00 -5.5441737324e-02  5.0440763869e+00  6.6368945642e+00 -5.4196001182e-01  2.2795115677e+00  3.1082241364e+00  2.6742167075e+00  2.8407593405e+00  3.9240719393e+00  9.4187283117e-01  3.9914022118e+00  2.4484940865e+00 -6.4409176608e-01  6.6714337917e+00  3.5997377562e+00 -1.5010872223e+00 -6.4094121000e-01  4.5274021114e+00 -3.0562660413e+00  1.0661177732e+00  1.8332149061e+00  1.3185745281e-01  9.0749933946e-03  3.6795463640e+00 -2.9935614831e+00  3.3931372249e+00  1.0189047301e+00  2.1669763955e-01  2.3420254098e+00  4.4740150634e+00  2.5265848155e+00  1.1851076743e+00  2.2725324266e+00  2.0912062306e+00  4.7298256882e+00 -3.1041660765e-01 -1.1042908604e+00  3.9139495332e+00  8.9203925723e-02 -5.8212054300e-01  5.6344361607e+00  1.2327649721e+00 -2.7654153643e+00  6.0500367962e+00  8.5363901279e-01 -3.3041508317e+00  4.3254453421e+00  4.7304866084e+00 -8.4420395386e-01  4.6683335823e+00  4.5340769149e+00  3.8979396777e-01  5.9288665976e+00
ENERGY -8.189966358393e+02

JOB 17
COORDS  5.7504337641e+00  4.3530314743e-02  2.6019922058e+00  3.1452768400e+00 -1.3874958792e+00  3.6432238675e-01  3.6270652338e+00 -2.3403015703e+00  1.2655618666e+00  2.2143836624e+00 -4.3443294271e-01  7.9367661852e-01  3.1844104076e+00 -2.3350210142e+00  2.5914938526e+00  1.7754634170e+00 -4.3228444470e-01  2.1181351519e+00  4.3146782908e+00  2.0999824854e+00  2.1157359095e+00  3.0918792677e+00  2.0453145257e+00  3.8782646786e+00  4.7392157825e+00  1.0015724905e+00  2.8497748633e+00  2.2684817584e+00 -1.3722790972e+00  3.0349971587e+00  2.5856181914e+00 -5.1747993037e-01  5.4567351503e+00  3.2266175315e-01 -1.4591625778e+00  4.7645831070e+00  1.2122605359e+00 -2.6131151717e+00  5.0847523124e+00  1.8167200942e+00 -1.3392028707e+00  4.4661450979e+00  3.9792939475e+00  8.0926061353e-03  5.0730483101e+00  6.5876469196e+00 -7.4764953765e-01  2.4132060927e+00  3.2925247383e+00  2.7359831719e+00  2.7638222804e+00  3.9361123935e+00  9.8055100628e-01  3.9865750396e+00  2.1733769784e+00 -3.0281387352e-01  6.5883686828e+00  3.4948940605e+00 -1.3849845914e+00 -6.6460063629e-01  4.3575947363e+00 -3.0764835280e+00  9.4297340971e-01  1.8365839204e+00  3.1194867918e-01  1.0011644048e-01  3.5654726506e+00 -3.0755452921e+00  3.2911311810e+00  1.0564339876e+00  3.1255082197e-01  2.4484518119e+00  4.6993875032e+00  2.4411824901e+00  1.1638591911e+00  2.3526003121e+00  2.2695344125e+00  4.6370652263e+00 -3.2428321693e-01 -1.5367255609e+00  3.8971105406e+00 -4.8327363646e-02 -8.6508696752e-01  5.5930209834e+00  1.4454052835e+00 -2.7996360793e+00  6.1279185825e+00  1.1896821525e+00 -3.4827907107e+00  4.4360722491e+00  4.6069135629e+00 -8.2652263317e-01  4.7507927940e+00  4.4186031326e+00  4.5928509854e-01  5.9653996541e+00
ENERGY -8.189960012634e+02

JOB 18
COORDS  5.3835203697e+00 -6.2267961478e-01  4.9602654339e+00  1.8412149259e+00 -5.8393563127e-01  5.0499503543e-02  2.8876604538e+00 -1.3308570651e+00  5.9982700639e-01  8.1090762064e-01 -1.2418661561e-01  8.7847844607e-01  2.9111127913e+00 -1.6087710467e+00  1.9682783205e+00  8.3738849737e-01 -4.0659027554e-01  2.2466896108e+00  5.8397899625e+00  2.6521111128e-01  2.6122005211e+00  4.0427297819e+00  1.4068391169e+00  2.3537820221e+00  5.1162901064e+00  1.2603718388e-01  3.7896642389e+00  1.8900337459e+00 -1.1465171116e+00  2.8083812744e+00  2.2557790350e+00 -1.8428992393e-01  5.1740630269e+00  9.4660399038e-01 -2.3515839827e+00  4.9164798298e+00  2.3963114023e+00 -2.6969953677e+00  4.8684774788e+00  1.9239206942e+00 -1.3516118305e+00  4.2936962884e+00  2.8943163768e+00  1.0856293053e+00  4.5779473672e+00  5.5955105500e+00 -1.2590421748e+00  5.9156673639e+00  5.1610675733e+00  1.0617396374e+00  1.7329056706e+00  3.9562106878e+00  8.7383825724e-01  3.6053872807e+00  2.0083151698e+00 -1.7570726381e-01  6.3698405741e+00  1.8294907193e+00 -3.6027429856e-01 -1.0128429201e+00  3.6995409066e+00 -1.6766450933e+00 -3.3619023647e-02 -1.1587944084e-02  4.4950185659e-01  4.5862088641e-01  3.7404587311e+00 -2.1684312867e+00  2.3905049588e+00  3.1749957333e-02 -5.6491641832e-02  2.8892883627e+00  6.8004586682e+00 -1.7414413381e-01  2.3769762060e+00  3.2502081293e+00  2.0152629917e+00  1.9374282534e+00  2.7898341961e-01 -2.8430019792e+00  4.2159969277e+00  5.2291139384e-01 -2.0681526721e+00  5.8738605648e+00  2.9708751969e+00 -2.6478351966e+00  5.7870011874e+00  2.7307369936e+00 -3.4326964481e+00  4.1444637688e+00  3.2664933232e+00  1.6700070310e+00  5.4223480466e+00  2.1083104007e+00  1.6599765573e+00  4.0800083591e+00
ENERGY -8.189957846967e+02

JOB 19
COORDS  5.3443633539e+00 -5.5013647149e-01  5.0844227828e+00  1.7750258862e+00 -5.5628936081e-01  2.0697260424e-02  2.7712083132e+00 -1.3969601727e+00  5.2414429487e-01  8.3494931037e-01  1.0875951553e-03  8.9546038615e-01  2.8375454570e+00 -1.6715128273e+00  1.8927352784e+00  9.0307455938e-01 -2.7764834883e-01  2.2618839196e+00  5.7931877403e+00  1.9662323361e-01  2.6845611593e+00  4.0128763559e+00  1.3529937407e+00  2.3805620633e+00  5.0724625846e+00  1.2103916028e-01  3.8691763521e+00  1.9143140780e+00 -1.1045533935e+00  2.7796357135e+00  2.1285133965e+00 -1.3923118328e-01  5.1458850602e+00  1.0749608947e+00 -2.4393273747e+00  4.8454793992e+00  2.5558362554e+00 -2.6261051940e+00  4.8449923509e+00  1.9590267460e+00 -1.3381419576e+00  4.2597796558e+00  2.8535924581e+00  1.1147538737e+00  4.6128771050e+00  5.5578269173e+00 -1.1145802941e+00  6.0837688085e+00  5.1234493745e+00  9.6413663608e-01  1.7727259966e+00  3.9230473553e+00  8.7792848326e-01  3.6557112174e+00  1.7184930712e+00 -9.8855042272e-02  6.2945152721e+00  1.7309304895e+00 -3.3671336537e-01 -1.0425808473e+00  3.5122485950e+00 -1.8233743703e+00 -1.4612564231e-01  4.7473496298e-02  6.4520796996e-01  5.1219289328e-01  3.6370418420e+00 -2.2991924446e+00  2.2740749757e+00  1.5950121403e-01  1.4155090087e-01  2.9373702876e+00  6.7484791284e+00 -2.6331320592e-01  2.4675789777e+00  3.2266621722e+00  1.9508579381e+00  1.9381790450e+00  4.8858283920e-01 -2.9963913648e+00  4.1220104025e+00  5.8951588122e-01 -2.2088872806e+00  5.7877197086e+00  3.0912008495e+00 -2.5249186072e+00  5.7825270536e+00  2.9930706018e+00 -3.3226236719e+00  4.1377404265e+00  3.2387374613e+00  1.6451394715e+00  5.4866227011e+00  2.1141190171e+00  1.7564038826e+00  4.1271820318e+00
ENERGY -8.189960178477e+02

JOB 20
COORDS  5.3530568767e+00 -4.8375313585e-01  5.2355139847e+00  1.6807822300e+00 -5.7097133972e-01 -3.7040031940e-03  2.6149093441e+00 -1.5024774588e+00  4.5593904609e-01  8.5438367293e-01  8.5737137246e-02  9.1569972788e-01  2.7365380575e+00 -1.7664125793e+00  1.8232579875e+00  9.7766527379e-01 -1.8175626464e-01  2.2797814283e+00  5.7950899709e+00  1.4361217121e-01  2.8002508248e+00  4.0176051707e+00  1.2906094098e+00  2.4481653156e+00  5.0728642877e+00  1.1613665935e-01  3.9856797572e+00  1.9392708830e+00 -1.0911020624e+00  2.7551353648e+00  2.0287331339e+00 -1.3491754553e-01  5.1176156857e+00  1.2233317403e+00 -2.5341489579e+00  4.7862909629e+00  2.7170266498e+00 -2.5667156849e+00  4.8241191888e+00  2.0056508006e+00 -1.3458283314e+00  4.2304488506e+00  2.8377309684e+00  1.1072425188e+00  4.6778015758e+00  5.5724399592e+00 -9.8344263874e-01  6.2676094693e+00  5.1284679255e+00  8.7718179217e-01  1.8581890499e+00  3.9245339619e+00  8.6668350895e-01  3.7417081000e+00  1.4657252761e+00 -7.8139654422e-02  6.1976687516e+00  1.5933696039e+00 -3.6166152594e-01 -1.0663231628e+00  3.2627884842e+00 -2.0156739673e+00 -2.4934588008e-01  1.0889070703e-01  7.9693917571e-01  5.6882556111e-01  3.4908173476e+00 -2.4696432778e+00  2.1618317379e+00  3.1079777197e-01  3.1006648055e-01  2.9855993710e+00  6.7517663879e+00 -3.2264055652e-01  2.6039075395e+00  3.2340675696e+00  1.8720850653e+00  1.9805079700e+00  7.1667734415e-01 -3.1421529588e+00  4.0440932943e+00  6.8985193454e-01 -2.3628613620e+00  5.7151772561e+00  3.2114527736e+00 -2.4216958816e+00  5.7782039098e+00  3.2485519711e+00 -3.2127440703e+00  4.1341061329e+00  3.2240152403e+00  1.5643679379e+00  5.5916033495e+00  2.1508211474e+00  1.8202252128e+00  4.2162359062e+00
ENERGY -8.189946301193e+02

JOB 21
COORDS  5.3755856592e+00 -2.9822127713e-01  5.5267520047e+00  1.4403067854e+00 -5.9666721908e-01 -6.9548930933e-02  2.2923161448e+00 -1.6279183326e+00  3.3499508431e-01  7.8751408143e-01  1.7117844628e-01  9.0061657861e-01  2.5088705843e+00 -1.8760263930e+00  1.6929033839e+00  1.0044775851e+00 -8.2153759479e-02  2.2560942850e+00  5.9416576657e+00  1.1711293826e-01  3.0705805557e+00  4.1384373191e+00  1.1322381133e+00  2.5064700136e+00  5.1509200228e+00  1.6690990612e-01  4.2101512586e+00  1.8976077828e+00 -1.0847363768e+00  2.6747573607e+00  1.9707267192e+00 -1.4202254507e-01  5.0358902250e+00  1.4199201358e+00 -2.6186799375e+00  4.7070933391e+00  2.9114352327e+00 -2.4791466421e+00  4.7029392121e+00  2.0446653615e+00 -1.3489216181e+00  4.1427094717e+00  2.8331478180e+00  1.0917091704e+00  4.6774479724e+00  5.5432238957e+00 -6.8897221110e-01  6.6141685834e+00  5.3011363746e+00  7.2116526663e-01  2.0240142180e+00  3.9861215360e+00  8.3141352535e-01  3.8291267696e+00  1.3030234592e+00 -8.7393265872e-02  6.0528352289e+00  1.2782899236e+00 -4.0092857000e-01 -1.1259436534e+00  2.7979717228e+00 -2.2382684037e+00 -4.0840287647e-01  9.8577680947e-02  9.5733770729e-01  6.0216322527e-01  3.1938020553e+00 -2.6681001482e+00  1.9785129675e+00  4.5510621707e-01  4.9514655474e-01  2.9967155371e+00  6.9291892878e+00 -3.1527825331e-01  2.9755765604e+00  3.3621924346e+00  1.6296390317e+00  1.9402574350e+00  9.6417634200e-01 -3.2784953819e+00  3.9761919248e+00  8.9671621403e-01 -2.5218960406e+00  5.6525914882e+00  3.4066211691e+00 -2.2907940683e+00  5.6494763816e+00  3.5012629289e+00 -3.0537589839e+00  3.9973202405e+00  3.1588761113e+00  1.5317999988e+00  5.6224383843e+00  2.2013561437e+00  1.8265077200e+00  4.1741319030e+00
ENERGY -8.189919630242e+02

JOB 22
COORDS  5.3583294146e+00 -2.4446429188e-01  5.7000134874e+00  1.2249376961e+00 -5.8926804148e-01 -2.3065443038e-01  1.9580395917e+00 -1.7246645969e+00  1.2813310145e-01  7.7070187820e-01  2.7132532525e-01  7.7211279657e-01  2.2546675723e+00 -1.9827825051e+00  1.4676465036e+00  1.0676023845e+00  7.7688126375e-03  2.1115437120e+00  6.0552110802e+00  1.6189344923e-01  3.2756410737e+00  4.2376532555e+00  1.0699361920e+00  2.5832308987e+00  5.1951391449e+00  1.9060607869e-01  4.3641973249e+00  1.8496457154e+00 -1.1003801076e+00  2.4816613893e+00  1.9201702694e+00 -2.5145447959e-01  4.8881474918e+00  1.6028786083e+00 -2.7550963867e+00  4.4536311910e+00  3.0731461808e+00 -2.4651590393e+00  4.3991112663e+00  2.0740609778e+00 -1.4042562145e+00  3.9332136786e+00  2.8109736157e+00  9.9684637919e-01  4.6786381763e+00  5.4706390929e+00 -6.1211924282e-01  6.8025899939e+00  5.4478653400e+00  7.1141046821e-01  2.1805324426e+00  4.0220053678e+00  7.8499183567e-01  3.9005457093e+00  1.1684748456e+00 -2.5568119952e-01  5.8451771734e+00  9.9805932937e-01 -3.8795533450e-01 -1.2739271117e+00  2.3017968032e+00 -2.4142006044e+00 -6.3834389665e-01  1.6972054999e-01  1.1400407046e+00  5.1556754853e-01  2.8313188616e+00 -2.8697478931e+00  1.7127830824e+00  6.5527241196e-01  6.6347119274e-01  2.8740171898e+00  7.0670123799e+00 -2.2115958169e-01  3.2478685900e+00  3.4758963790e+00  1.5223112025e+00  1.9625465129e+00  1.1774787521e+00 -3.4220487925e+00  3.7111240992e+00  1.1166009565e+00 -2.7586337137e+00  5.4234291290e+00  3.5826518355e+00 -2.2846766639e+00  5.3400745346e+00  3.6927044750e+00 -2.9308232251e+00  3.6398700371e+00  3.0731649471e+00  1.3666587851e+00  5.6720312444e+00  2.2200758069e+00  1.7740170485e+00  4.1896406776e+00
ENERGY -8.189887933538e+02

JOB 23
COORDS  5.3636895939e+00 -2.3095313958e-01  5.7784026479e+00  1.0858849907e+00 -6.2940531193e-01 -3.5545605906e-01  1.6571967517e+00 -1.8520748679e+00  1.2318154973e-02  8.5182476877e-01  3.3100055550e-01  6.3031365899e-01  2.0066479320e+00 -2.0992534475e+00  1.3400416878e+00  1.2054945847e+00  8.0005335385e-02  1.9592186422e+00  6.1229280185e+00  2.7687767433e-01  3.3922398373e+00  4.2919876463e+00  1.1279940982e+00  2.6649645654e+00  5.2279495596e+00  2.3973954965e-01  4.4516853543e+00  1.8260590505e+00 -1.1229826220e+00  2.3357678943e+00  1.8886020553e+00 -3.1080990786e-01  4.7660682076e+00  1.7554889592e+00 -2.8143902735e+00  4.2908504227e+00  3.2009851948e+00 -2.4314708373e+00  4.1686292153e+00  2.1152370477e+00 -1.4277630558e+00  3.7776033853e+00  2.8035206910e+00  9.3675287748e-01  4.7112533211e+00  5.4496118233e+00 -6.2935351086e-01  6.8726730163e+00  5.5283983456e+00  8.3097878358e-01  2.2926851470e+00  4.0446304748e+00  7.9527310306e-01  3.9653533205e+00  1.0442584233e+00 -3.4500533331e-01  5.6405431230e+00  8.1295583276e-01 -4.3743072471e-01 -1.3893759892e+00  1.8266485832e+00 -2.6207643239e+00 -7.3713259580e-01  3.7733841896e-01  1.2741536236e+00  3.7158793216e-01  2.4477550082e+00 -3.0598598346e+00  1.5907597594e+00  9.5701567810e-01  8.2836427786e-01  2.7057004151e+00  7.1502308185e+00 -6.3433344193e-02  3.3878207657e+00  3.5357539015e+00  1.5722764323e+00  2.0324769996e+00  1.3276927941e+00 -3.4997827339e+00  3.5673538446e+00  1.3230795599e+00 -2.8632900480e+00  5.2844665130e+00  3.7471819008e+00 -2.2518091236e+00  5.0890249945e+00  3.8050354186e+00 -2.8327284023e+00  3.3606023783e+00  3.0318505309e+00  1.2017293625e+00  5.7457103704e+00  2.2355549161e+00  1.7688617668e+00  4.2894856445e+00
ENERGY -8.189852168298e+02

