JOB 0
COORDS  9.6400915228e-01  1.0338136515e-01  2.9786528626e+00  8.8938876688e-01 -1.1227133127e+00  9.1521679288e-01  8.3806409131e-02 -8.4350420275e-01  3.5099335676e+00  1.5647868772e-02 -2.0071528899e+00  1.5428188833e+00  5.4993877965e+00  1.7522238424e+00 -4.1807520861e+00  1.3856035108e+00 -2.9453370723e-02  1.6472770154e+00  4.5495122237e+00  6.5514271201e-01 -3.7787984773e+00  4.1461919814e+00  1.7437224477e+00 -1.8356846195e+00  2.3083074995e+00  9.4970937659e-01  1.0694729117e+00 -3.9227213495e-01 -1.8870826235e+00  2.8189856847e+00  5.3211041482e+00  2.7682375392e+00 -3.3900909471e+00  3.7005521852e+00  7.9952631995e-01 -2.7894911465e+00  5.2984879410e+00  2.3299043934e+00 -2.0579443076e+00  2.7266707105e+00  8.3228027475e-01 -1.4251074605e-01  3.5641675293e+00  1.7940313090e+00 -6.0107484527e-01  4.4318292360e+00 -3.8033311915e-01 -4.6215360905e+00  1.3119743328e+00  9.2810538453e-01  3.5962582492e+00  1.1857994072e+00 -1.2665402714e+00 -1.1861271064e-01 -2.5366053398e-01 -7.5633330784e-01  4.5416938191e+00 -3.8195307960e-01 -2.8605636615e+00  9.9572824756e-01  5.7413580133e+00  1.9074493605e+00 -5.2309796174e+00  2.6246631360e+00  1.7810873912e+00  1.7141376235e+00  3.9440439738e+00  2.5072649708e+00  2.3336631066e-02  3.6850100521e+00 -9.2324224146e-01 -4.2996016901e+00
ENERGY -7.514873912066e+02

JOB 1
COORDS  9.4921986204e-01  1.1380742746e-01  2.9719563259e+00  9.0176946379e-01 -1.1343565612e+00  9.2138074794e-01  6.6311611139e-02 -8.3055434503e-01  3.5031769002e+00  2.3962093051e-02 -2.0152649753e+00  1.5482076034e+00  5.4299133797e+00  1.7607968488e+00 -4.1745096927e+00  1.3862877745e+00 -3.1399098913e-02  1.6468212561e+00  4.5186985601e+00  6.7668797254e-01 -3.8012529915e+00  4.1755642153e+00  1.7071236797e+00 -1.8312639510e+00  2.3113503733e+00  9.4548534747e-01  1.0690572762e+00 -3.9876104003e-01 -1.8831292942e+00  2.8183646730e+00  5.4102220458e+00  2.7689687639e+00 -3.3395093398e+00  3.7289435068e+00  7.8064968473e-01 -2.7575468025e+00  5.2967647914e+00  2.3863698741e+00 -2.0202258143e+00  2.7423739614e+00  8.1867728422e-01 -1.3767480653e-01  3.5833251771e+00  1.7742987785e+00 -5.9710934794e-01  4.3873973700e+00 -3.6114027959e-01 -4.6415224119e+00  1.2873982343e+00  9.4617808574e-01  3.5847296428e+00  1.2101075378e+00 -1.2882534212e+00 -1.0749494119e-01 -2.8291763719e-01 -7.3358679968e-01  4.5301530050e+00 -3.6457228157e-01 -2.8757525099e+00  1.0056450276e+00  5.6983793414e+00  1.9360967913e+00 -5.2134840709e+00  2.6182506901e+00  1.7840263450e+00  1.7088586374e+00  3.9562167287e+00  2.4970347929e+00  2.0041277101e-02  3.6828889674e+00 -9.3339898668e-01 -4.2790573311e+00
ENERGY -7.515190133676e+02

JOB 2
COORDS  9.4118614041e-01  1.2357431832e-01  2.9655585512e+00  9.1534159276e-01 -1.1423331885e+00  9.2605999494e-01  6.0205667383e-02 -8.2125868412e-01  3.4991320974e+00  3.8543764573e-02 -2.0231544737e+00  1.5543849645e+00  5.4095185546e+00  1.7461040795e+00 -4.1772312644e+00  1.3884896630e+00 -3.0037008564e-02  1.6447714144e+00  4.4946489430e+00  6.9089563656e-01 -3.8211657903e+00  4.1824465281e+00  1.6935073941e+00 -1.8364729831e+00  2.3117946229e+00  9.4735284945e-01  1.0651676796e+00 -3.9383534840e-01 -1.8825479371e+00  2.8203896958e+00  5.4936279886e+00  2.7489607879e+00 -3.3297881728e+00  3.7515039798e+00  7.6260149407e-01 -2.7372558903e+00  5.2532383150e+00  2.4630163815e+00 -2.0253296390e+00  2.7493208386e+00  8.1551343490e-01 -1.3881829565e-01  3.5897616628e+00  1.7683999876e+00 -6.0003912648e-01  4.3241780640e+00 -3.3246381823e-01 -4.6742740505e+00  1.2701497609e+00  9.6319828469e-01  3.5734183526e+00  1.2318588923e+00 -1.3036360384e+00 -9.9182525273e-02 -2.9663663558e-01 -7.1737055634e-01  4.5228181896e+00 -3.4084613898e-01 -2.8907738114e+00  1.0167049038e+00  5.7209285907e+00  1.8930500291e+00 -5.2073095573e+00  2.6118768616e+00  1.7911805247e+00  1.7011249762e+00  3.9548718458e+00  2.5005653252e+00  1.0562080461e-02  3.6331895547e+00 -9.0863726813e-01 -4.2931608745e+00
ENERGY -7.515418230872e+02

JOB 3
COORDS  9.2646754645e-01  1.1956728989e-01  2.9650172545e+00  9.2466131779e-01 -1.1621249421e+00  9.3441570068e-01  3.5510286239e-02 -8.1855595200e-01  3.4937029131e+00  3.6885374940e-02 -2.0351637794e+00  1.5581000513e+00  5.3725530085e+00  1.7618300239e+00 -4.1639372737e+00  1.3908516290e+00 -4.5757233155e-02  1.6514769177e+00  4.4889099995e+00  7.0003479050e-01 -3.8217527667e+00  4.2035718945e+00  1.6647147659e+00 -1.8230917285e+00  2.3242960442e+00  9.2475947552e-01  1.0774130677e+00 -4.1244402113e-01 -1.8836940437e+00  2.8169420064e+00  5.5409266667e+00  2.7514324254e+00 -3.3012921268e+00  3.8005753841e+00  7.1503782791e-01 -2.6975804168e+00  5.2029805052e+00  2.5388165877e+00 -2.0186392117e+00  2.7724311759e+00  7.8660506671e-01 -1.2227230508e-01  3.6246051888e+00  1.7286586319e+00 -5.7761700001e-01  4.2976377085e+00 -3.0310140969e-01 -4.6953350514e+00  1.2498583402e+00  9.6288349433e-01  3.5707731302e+00  1.2547235289e+00 -1.3324299923e+00 -8.5104258043e-02 -3.3486117898e-01 -7.0577577514e-01  4.5116240847e+00 -3.3767605798e-01 -2.9059627698e+00  1.0221924842e+00  5.7505796067e+00  1.8929989736e+00 -5.1729334130e+00  2.6226899266e+00  1.7694233509e+00  1.7130288308e+00  3.9610837909e+00  2.4840825849e+00  2.0770943390e-02  3.6375389834e+00 -9.0384273198e-01 -4.2983337346e+00
ENERGY -7.515566904666e+02

JOB 4
COORDS  9.2329833911e-01  1.2429449065e-01  2.9564311233e+00  9.3746240692e-01 -1.1734660554e+00  9.3690222607e-01  2.8649797345e-02 -8.0981333912e-01  3.4860127372e+00  4.5444225630e-02 -2.0422223035e+00  1.5605344589e+00  5.3615116770e+00  1.7479190864e+00 -4.1775182108e+00  1.3980267682e+00 -5.0850708704e-02  1.6478599818e+00  4.4754356374e+00  6.9727157702e-01 -3.8397881548e+00  4.2093569576e+00  1.6487688582e+00 -1.8339448919e+00  2.3358015327e+00  9.1505221880e-01  1.0733105945e+00 -4.1362676362e-01 -1.8806882170e+00  2.8145882536e+00  5.5891147914e+00  2.7217749664e+00 -3.3057592919e+00  3.8384300440e+00  6.7283764738e-01 -2.6841289115e+00  5.1337771344e+00  2.6016252765e+00 -2.0566723238e+00  2.7866663480e+00  7.7102330748e-01 -1.2482108479e-01  3.6463191270e+00  1.7046490176e+00 -5.8010270041e-01  4.2467766925e+00 -2.8403463120e-01 -4.7298391743e+00  1.2417272818e+00  9.7250590913e-01  3.5579467536e+00  1.2756718413e+00 -1.3521375787e+00 -7.8492040714e-02 -3.4951843576e-01 -6.8892398261e-01  4.5001296623e+00 -3.2421738491e-01 -2.9177275981e+00  1.0288985160e+00  5.7934926044e+00  1.8425836152e+00 -5.1683432173e+00  2.6351180388e+00  1.7610584279e+00  1.7066989665e+00  3.9608362369e+00  2.4791729717e+00  5.6933631467e-03  3.6020234187e+00 -8.9336667844e-01 -4.3210952138e+00
ENERGY -7.515649690751e+02

JOB 5
COORDS  9.2170379755e-01  1.2113796092e-01  2.9558693572e+00  9.3705287349e-01 -1.1806977055e+00  9.3897208384e-01  2.4686524634e-02 -8.1058184259e-01  3.4856328798e+00  4.2686024507e-02 -2.0469176372e+00  1.5627748758e+00  5.3462247362e+00  1.7453147689e+00 -4.1874529463e+00  1.3982061009e+00 -5.7353379522e-02  1.6483854881e+00  4.4582317708e+00  6.9989056954e-01 -3.8494220874e+00  4.1980206704e+00  1.6469787475e+00 -1.8403581506e+00  2.3382524959e+00  9.0607472433e-01  1.0734118204e+00 -4.1828511531e-01 -1.8820855659e+00  2.8156920905e+00  5.6097536943e+00  2.7011051099e+00 -3.3041292110e+00  3.8718443226e+00  6.3867131376e-01 -2.6675119982e+00  5.0354551495e+00  2.6697104890e+00 -2.1030718922e+00  2.7888858483e+00  7.6237605018e-01 -1.2493007049e-01  3.6509619267e+00  1.6938972816e+00 -5.7899263863e-01  4.1987013105e+00 -2.6260972307e-01 -4.7517061728e+00  1.2405344627e+00  9.6996120571e-01  3.5563069397e+00  1.2767355714e+00 -1.3620004972e+00 -7.5460453902e-02 -3.5499077675e-01 -6.8710948803e-01  4.4988705973e+00 -3.2739924899e-01 -2.9229351902e+00  1.0322925877e+00  5.8311229214e+00  1.8015125504e+00 -5.1562962111e+00  2.6393515127e+00  1.7513167638e+00  1.7069802708e+00  3.9419380915e+00  2.4862303175e+00 -4.9031343038e-03  3.5713335848e+00 -8.8265106352e-01 -4.3322237698e+00
ENERGY -7.515676132609e+02

JOB 6
COORDS  9.2376579975e-01  1.2394750374e-01  2.9566707664e+00  9.4401150148e-01 -1.1780665830e+00  9.3992918653e-01  2.4628577284e-02 -8.0701789684e-01  3.4841793893e+00  4.7403135861e-02 -2.0436087784e+00  1.5614447269e+00  5.3406638409e+00  1.7625520877e+00 -4.1870902020e+00  1.4037897038e+00 -5.4907215296e-02  1.6505360127e+00  4.4478325041e+00  7.1663594867e-01 -3.8524780729e+00  4.1938707453e+00  1.6596179017e+00 -1.8410458639e+00  2.3458776838e+00  9.0797462089e-01  1.0779777379e+00 -4.1710401275e-01 -1.8782700931e+00  2.8129984681e+00  5.6316923492e+00  2.6919397057e+00 -3.2861435975e+00  3.9144756458e+00  6.1953712876e-01 -2.6491381187e+00  4.9373760555e+00  2.7392920236e+00 -2.1469904282e+00  2.7959967076e+00  7.6446758729e-01 -1.2049730168e-01  3.6607020878e+00  1.6945495178e+00 -5.7346186939e-01  4.1607318121e+00 -2.2369634172e-01 -4.7694223681e+00  1.2415536073e+00  9.7260435111e-01  3.5578971520e+00  1.2865425917e+00 -1.3597612219e+00 -7.3478664874e-02 -3.5781489556e-01 -6.8313920247e-01  4.4963304936e+00 -3.2167573030e-01 -2.9195194443e+00  1.0300712836e+00  5.8785469223e+00  1.7829939814e+00 -5.1291984478e+00  2.6479764146e+00  1.7520298997e+00  1.7126465631e+00  3.9269520154e+00  2.5029075639e+00 -9.8713740542e-03  3.5507472133e+00 -8.5740420210e-01 -4.3446899738e+00
ENERGY -7.515649690901e+02

JOB 7
COORDS  9.1593310430e-01  1.3378063764e-01  2.9598955310e+00  9.6450484975e-01 -1.1826256889e+00  9.5270196484e-01  8.8455217282e-03 -7.9320947255e-01  3.4807772364e+00  5.8830781304e-02 -2.0435913678e+00  1.5674104186e+00  5.3389032441e+00  1.7913923934e+00 -4.1871376974e+00  1.4142608513e+00 -5.4667243880e-02  1.6620374385e+00  4.4441334669e+00  7.3757773379e-01 -3.8439969330e+00  4.2149446510e+00  1.6637365580e+00 -1.8167522914e+00  2.3653488033e+00  9.0367341098e-01  1.0963351863e+00 -4.2357481664e-01 -1.8690800622e+00  2.8109257521e+00  5.6587603680e+00  2.6707990520e+00 -3.2528766322e+00  3.9778191897e+00  5.9977946963e-01 -2.6180151636e+00  4.8601996495e+00  2.7813889484e+00 -2.1795334269e+00  2.8249377551e+00  7.5745401002e-01 -9.7962052751e-02  3.7032004161e+00  1.6817799873e+00 -5.4109693039e-01  4.1225846078e+00 -1.7830972589e-01 -4.7735655856e+00  1.2255881460e+00  9.8647708622e-01  3.5596546281e+00  1.3218811103e+00 -1.3717711583e+00 -5.4199034913e-02 -3.8808323233e-01 -6.6209780103e-01  4.4864182889e+00 -3.0257783164e-01 -2.9233927228e+00  1.0371983593e+00  5.9200740247e+00  1.7716678252e+00 -5.1035196449e+00  2.6656432295e+00  1.7468836538e+00  1.7329820576e+00  3.9348034506e+00  2.5103049145e+00  8.4858375279e-03  3.5366563833e+00 -8.2905091322e-01 -4.3405254593e+00
ENERGY -7.515566893432e+02

JOB 8
COORDS  9.1638995189e-01  1.4287200430e-01  2.9517995692e+00  9.7919214072e-01 -1.1875950683e+00  9.5376948077e-01  4.5143781556e-03 -7.7990141910e-01  3.4718716057e+00  6.8141145776e-02 -2.0434490625e+00  1.5676768375e+00  5.3300033519e+00  1.7976400055e+00 -4.2175843375e+00  1.4241145283e+00 -5.5223097131e-02  1.6590597952e+00  4.4270474562e+00  7.3422436048e-01 -3.8556093951e+00  4.2340363237e+00  1.6540308427e+00 -1.8164486776e+00  2.3802937623e+00  8.9850498009e-01  1.0935940609e+00 -4.2374266692e-01 -1.8599870658e+00  2.8061663457e+00  5.6835179998e+00  2.6118329480e+00 -3.2462960293e+00  4.0287869691e+00  5.6433530995e-01 -2.6126093967e+00  4.7848255751e+00  2.7887072556e+00 -2.2453242315e+00  2.8452641739e+00  7.4635842079e-01 -9.7644027690e-02  3.7310230286e+00  1.6670936916e+00 -5.3879861809e-01  4.0741033230e+00 -1.6169684047e-01 -4.7920509913e+00  1.2222796099e+00  9.9938289189e-01  3.5480637638e+00  1.3443365206e+00 -1.3839848544e+00 -4.8954765592e-02 -4.0002020148e-01 -6.4163785994e-01  4.4735108857e+00 -2.8986169286e-01 -2.9266907811e+00  1.0408963430e+00  5.9538735510e+00  1.7251724296e+00 -5.1036646123e+00  2.6791825182e+00  1.7437643552e+00  1.7282057757e+00  3.9408159805e+00  2.5086491809e+00 -3.1029937821e-04  3.5130818454e+00 -8.2877890403e-01 -4.3505336592e+00
ENERGY -7.515418246674e+02

JOB 9
COORDS  9.0276170756e-01  1.4734543727e-01  2.9483074937e+00  9.9017550640e-01 -1.1973401231e+00  9.6099376499e-01 -7.7328972860e-03 -7.7704121553e-01  3.4679742768e+00  7.9447427707e-02 -2.0543811533e+00  1.5737799464e+00  5.3350142223e+00  1.8233483737e+00 -4.2218634161e+00  1.4223065048e+00 -5.6997529128e-02  1.6612837125e+00  4.4003636873e+00  7.5582593616e-01 -3.8587318674e+00  4.2450550057e+00  1.6556829250e+00 -1.8029808853e+00  2.3773420952e+00  8.9831758907e-01  1.0963518294e+00 -4.2372143556e-01 -1.8646699021e+00  2.8067805703e+00  5.7177673716e+00  2.5499933539e+00 -3.2023509500e+00  4.0605275448e+00  5.4505503364e-01 -2.6082030573e+00  4.7102683159e+00  2.7943280875e+00 -2.2939736336e+00  2.8492203080e+00  7.4195094542e-01 -9.1478630181e-02  3.7375028414e+00  1.6640626189e+00 -5.2988986902e-01  4.0226850698e+00 -1.0978013376e-01 -4.8118744986e+00  1.1985009064e+00  1.0101297575e+00  3.5406217265e+00  1.3650473525e+00 -1.3989865951e+00 -3.7082935044e-02 -4.2133103813e-01 -6.3384744497e-01  4.4652095710e+00 -2.6856399057e-01 -2.9438629118e+00  1.0508299539e+00  5.9931964343e+00  1.7249780648e+00 -5.0817458964e+00  2.6689673697e+00  1.7481185599e+00  1.7283916055e+00  3.9340380502e+00  2.5107160158e+00  5.6687493275e-03  3.4791199008e+00 -7.9462525739e-01 -4.3751630830e+00
ENERGY -7.515190142539e+02

JOB 10
COORDS  8.8768056109e-01  1.5719413954e-01  2.9421119910e+00  1.0059045582e+00 -1.2044298432e+00  9.6773978814e-01 -2.4888646160e-02 -7.6667761021e-01  3.4591166198e+00  9.1621300733e-02 -2.0601304109e+00  1.5771695509e+00  5.3212359995e+00  1.8738549006e+00 -4.2650782044e+00  1.4237695806e+00 -5.6049138738e-02  1.6634021817e+00  4.3649827969e+00  7.8143231109e-01 -3.8654385055e+00  4.2820481250e+00  1.6458936242e+00 -1.7756080453e+00  2.3805593849e+00  8.9907805807e-01  1.1010413118e+00 -4.2750425984e-01 -1.8618645286e+00  2.8021722867e+00  5.7614095832e+00  2.4566777612e+00 -3.1900435419e+00  4.0965482153e+00  5.1851516069e-01 -2.6088468711e+00  4.6843897807e+00  2.7578538303e+00 -2.3436077317e+00  2.8648970145e+00  7.3423026150e-01 -8.0471967599e-02  3.7581015995e+00  1.6564545033e+00 -5.1430461700e-01  3.9875495996e+00 -7.2106976120e-02 -4.8272594888e+00  1.1722487642e+00  1.0265680852e+00  3.5302311839e+00  1.3939865579e+00 -1.4129114508e+00 -2.3865137396e-02 -4.5131806288e-01 -6.1674734960e-01  4.4499236833e+00 -2.4596192842e-01 -2.9557961106e+00  1.0580139728e+00  5.9746355226e+00  1.7401903483e+00 -5.1258130544e+00  2.6617294549e+00  1.7555031062e+00  1.7290159901e+00  3.9426832252e+00  2.5071630542e+00  1.9662949854e-02  3.4957971491e+00 -7.9385504707e-01 -4.3874919466e+00
ENERGY -7.514873866967e+02

