JOB 0
COORDS  1.5157536334e+00  4.4558716146e-01 -2.0968085947e+00 -4.4616268905e-01 -1.9012926637e+00 -3.6529363429e+00 -1.8934601292e-01 -2.8950983660e+00 -2.5339042008e+00  9.3181039714e-01  1.9029412448e+00  1.3981941834e+00 -1.3630472777e+00  1.3493748889e+00  9.9195010591e-01  7.9352957962e-01 -1.7850525878e+00 -2.7964218235e+00 -4.6584731154e-01  2.0027974862e+00  2.0604950474e+00  1.5969838825e+00  1.4197074372e+00 -9.1909253255e-01  7.0895260371e-01  1.0898534759e+00  1.8755419729e-01  8.9691772889e-01 -7.3275971994e-01 -1.8266967947e+00  2.0240319894e+00  7.3277585540e-01 -3.1791457901e+00 -6.3831736774e-01  1.5046457678e+00 -2.2822590155e-01 -8.2876101966e-01  3.3443368281e+00  2.3728726617e+00 -3.2278617623e-01 -2.2278078062e+00 -4.6809746961e+00 -1.2192415440e+00 -1.1563855867e+00 -3.4933823103e+00 -8.1255119381e-01 -2.8183907504e+00 -1.6463962608e+00  1.0770966642e-01 -3.9080186141e+00 -2.7878360451e+00  1.2816339302e+00  2.9173788737e+00  1.1551888761e+00  1.6781768618e+00  1.4128418819e+00  2.0277274684e+00 -1.5219895938e+00  2.8327123808e-01  1.2033058400e+00 -2.3214876499e+00  1.8592683067e+00  8.8046702232e-01  1.7393004512e+00 -2.0418027401e+00 -3.2649521076e+00 -5.1628500155e-01  1.4693001379e+00  3.0108687682e+00  2.6218220760e+00  1.3796817086e+00 -5.3553227843e-01  1.4201571830e+00  2.4333617854e+00 -1.3024919342e+00  5.5625358866e-01 -8.6513408050e-01 -8.8120450526e-01 -8.2834111773e-01  3.8542384204e+00  1.5454325517e+00
ENERGY -6.484886668657e+02

JOB 1
COORDS  1.4349383517e+00  4.5094518068e-01 -2.0894093397e+00 -3.2558812246e-01 -1.8240749856e+00 -3.7298088535e+00 -3.5286065680e-01 -2.7968686186e+00 -2.5670511655e+00  8.7782117900e-01  1.9564503792e+00  1.3904246180e+00 -1.3922744143e+00  1.2599602697e+00  1.0734237805e+00  7.9475354933e-01 -1.8296160466e+00 -2.7182942880e+00 -4.9948788918e-01  1.9834523913e+00  2.1002014801e+00  1.4965778565e+00  1.4554547453e+00 -9.3582523210e-01  6.6500860418e-01  1.1024005287e+00  2.0674792913e-01  8.9011463747e-01 -7.5378389564e-01 -1.7741793999e+00  1.8901127921e+00  7.4316269789e-01 -3.1931585028e+00 -7.1681352004e-01  1.4296459931e+00 -1.7290166461e-01 -9.3129087200e-01  3.3056860396e+00  2.4076833115e+00 -1.0775842387e-01 -2.2030069860e+00 -4.7233305810e+00 -1.0055437646e+00 -9.7939276880e-01 -3.6957068885e+00 -1.0686017769e+00 -2.6046774252e+00 -1.7721313073e+00 -1.5842924859e-01 -3.8480464933e+00 -2.7570263064e+00  1.1536138006e+00  2.9847223966e+00  1.1124963470e+00  1.6752856278e+00  1.5294920539e+00  2.0030623922e+00 -1.4848408744e+00  1.9133284944e-01  1.3097123930e+00 -2.3807358145e+00  1.7139225119e+00  9.8425047618e-01  1.7512906286e+00 -2.2269077654e+00 -3.0493828060e+00 -4.8483114424e-01  1.4627838080e+00  3.0588710301e+00  2.5337935419e+00  1.4833128549e+00 -5.8596591040e-01  1.2495404720e+00  2.4479923396e+00 -1.3355039011e+00  5.8809563508e-01 -8.8208453756e-01 -8.1499244553e-01 -9.8854199816e-01  3.8026699334e+00  1.5744106485e+00
ENERGY -6.484890461985e+02

JOB 2
COORDS  1.4166181174e+00  4.4677938431e-01 -2.1396284849e+00 -1.8597033707e-01 -1.7618298334e+00 -3.8135405664e+00 -4.5598974093e-01 -2.6844480448e+00 -2.6436377032e+00  9.1662829608e-01  1.9905561626e+00  1.3338335692e+00 -1.3283751112e+00  1.1860628130e+00  1.1091435616e+00  8.1965354649e-01 -1.8745923754e+00 -2.6956662491e+00 -4.3836206275e-01  1.9776831008e+00  2.0861766035e+00  1.4775451352e+00  1.4719864961e+00 -1.0034341644e+00  7.0310543419e-01  1.1042092857e+00  1.7403929722e-01  9.5488213276e-01 -7.8064432330e-01 -1.7774129004e+00  1.8008173535e+00  7.4893615960e-01 -3.2669471424e+00 -7.0476431175e-01  1.3589087271e+00 -1.6357278395e-01 -9.2000938295e-01  3.2882706933e+00  2.3684152630e+00  8.1149729752e-02 -2.1965103093e+00 -4.7713642135e+00 -7.4662062070e-01 -8.3538560790e-01 -3.8692678852e+00 -1.2111247769e+00 -2.3754203843e+00 -1.9261663496e+00 -3.8064470499e-01 -3.7575349577e+00 -2.7923726417e+00  1.1419194068e+00  3.0231787208e+00  1.0281000444e+00  1.7491173283e+00  1.6084668911e+00  1.9292786923e+00 -1.3586399463e+00  1.2020480044e-01  1.3726025385e+00 -2.3408520935e+00  1.5882742840e+00  1.0445554966e+00  1.7432144604e+00 -2.4053530281e+00 -2.9174534849e+00 -3.7120650227e-01  1.4873815260e+00  3.0585169252e+00  2.5244177245e+00  1.5488349846e+00 -6.9164428952e-01  1.1745914575e+00  2.4462230453e+00 -1.4095923722e+00  6.8284722740e-01 -8.9322576377e-01 -8.0706203159e-01 -1.0270066406e+00  3.7555734542e+00  1.5229329703e+00
ENERGY -6.484890985730e+02

JOB 3
COORDS  1.3847890747e+00  4.3319937146e-01 -2.1421268835e+00 -7.8047184419e-02 -1.7560742485e+00 -3.8169063337e+00 -5.5468163786e-01 -2.5791258391e+00 -2.6416432059e+00  9.0752477110e-01  2.0174108705e+00  1.3175438665e+00 -1.3072468121e+00  1.1189343710e+00  1.1539135810e+00  8.1519515391e-01 -1.9294001141e+00 -2.6159515298e+00 -4.3027115892e-01  1.9631901208e+00  2.0982624527e+00  1.4411280240e+00  1.4771899437e+00 -1.0216254397e+00  7.0729304602e-01  1.1013625157e+00  1.7889486493e-01  1.0183637569e+00 -8.1384960178e-01 -1.7354343473e+00  1.6956731958e+00  7.4470248287e-01 -3.2890002525e+00 -7.1628437174e-01  1.2920860518e+00 -1.3438426241e-01 -9.5903530810e-01  3.2579252022e+00  2.3688092114e+00  2.1234264167e-01 -2.2665065612e+00 -4.7296089048e+00 -5.1377575283e-01 -7.7483499465e-01 -3.9633882600e+00 -1.3178738919e+00 -2.1420933438e+00 -2.0040067713e+00 -6.0013125652e-01 -3.6599777116e+00 -2.7385045758e+00  1.0837057279e+00  3.0523619273e+00  9.8832232076e-01  1.7670076514e+00  1.6811458423e+00  1.9021715600e+00 -1.2903045389e+00  5.7888817697e-02  1.4370304003e+00 -2.3358190985e+00  1.4801238822e+00  1.1026979168e+00  1.6771777833e+00 -2.5829292202e+00 -2.7348180421e+00 -3.2327106629e-01  1.4930116271e+00  3.0769471099e+00  2.4918853761e+00  1.5928190983e+00 -7.3570434274e-01  1.0957685330e+00  2.4339876703e+00 -1.4350223248e+00  7.5763764318e-01 -8.9878628595e-01 -7.5865184198e-01 -1.0999255773e+00  3.7067508299e+00  1.5183072428e+00
ENERGY -6.484887250135e+02

JOB 4
COORDS  1.3304186385e+00  4.5297427791e-01 -2.1715515135e+00  1.9347867422e-02 -1.7652680542e+00 -3.8529112191e+00 -6.5217156650e-01 -2.4376422338e+00 -2.6791830705e+00  8.9556767909e-01  2.0457727810e+00  1.2915509413e+00 -1.2833413630e+00  1.0545020937e+00  1.1950183645e+00  7.8235078188e-01 -1.9481461613e+00 -2.5663092589e+00 -4.1988289653e-01  1.9479568430e+00  2.1055737924e+00  1.3875109115e+00  1.5052995791e+00 -1.0574325830e+00  7.0337253496e-01  1.1116194222e+00  1.6621049624e-01  1.0557973791e+00 -8.0840934175e-01 -1.7341437626e+00  1.5691653554e+00  7.7944956693e-01 -3.3314913913e+00 -7.3486367347e-01  1.2388519811e+00 -1.1055398687e-01 -9.9575088046e-01  3.2237562939e+00  2.3697562261e+00  3.2583716286e-01 -2.3751112167e+00 -4.6970148730e+00 -2.8043200551e-01 -7.5681178478e-01 -4.1084781983e+00 -1.4032785910e+00 -1.8663307716e+00 -2.1413643675e+00 -8.2178172810e-01 -3.5103124542e+00 -2.7088329212e+00  1.0237518619e+00  3.0834301822e+00  9.4920882256e-01  1.7813137657e+00  1.7481717836e+00  1.8576518384e+00 -1.2114796700e+00 -1.3988593774e-03  1.4883765075e+00 -2.3279060460e+00  1.3693516772e+00  1.1677626222e+00  1.5633073655e+00 -2.7057904223e+00 -2.5626724955e+00 -2.7012246762e-01  1.4978080117e+00  3.0880500163e+00  2.4418340725e+00  1.6580994592e+00 -8.0379402235e-01  9.9688910356e-01  2.4465513018e+00 -1.4659870167e+00  8.1938274027e-01 -8.7097246645e-01 -7.4864935030e-01 -1.1765275595e+00  3.6522379699e+00  1.5162946795e+00
ENERGY -6.484878118568e+02

JOB 5
COORDS  1.2357551073e+00  4.8348166229e-01 -2.1900107355e+00  1.5154526259e-01 -1.8344038736e+00 -3.8989728369e+00 -7.2823594581e-01 -2.3133179761e+00 -2.7683038965e+00  8.8012323165e-01  2.0707026671e+00  1.2865920532e+00 -1.2698747475e+00  1.0137792862e+00  1.2666654691e+00  7.2883966700e-01 -1.9568059835e+00 -2.5123381207e+00 -4.0478336358e-01  1.9384142848e+00  2.1436374658e+00  1.3056099586e+00  1.5391337725e+00 -1.0781786886e+00  6.7720593875e-01  1.1288410863e+00  1.6939060980e-01  1.0426801252e+00 -7.8675067664e-01 -1.7343403912e+00  1.4054917309e+00  8.2505870101e-01 -3.3583528325e+00 -7.7289531862e-01  1.2111423036e+00 -5.7596584146e-02 -1.0104211708e+00  3.1980506236e+00  2.4186822944e+00  4.9013924144e-01 -2.5602300177e+00 -4.6321747643e+00 -3.2107016251e-03 -8.3544447463e-01 -4.2846868319e+00 -1.4680240412e+00 -1.6171923329e+00 -2.3839696175e+00 -1.0127437469e+00 -3.3611017791e+00 -2.7238623223e+00  9.6826893874e-01  3.1106456026e+00  9.3886840299e-01  1.7918848303e+00  1.7988179016e+00  1.8235737765e+00 -1.1534802306e+00 -3.8142875389e-02  1.5598731175e+00 -2.3244121134e+00  1.2945366518e+00  1.2748103535e+00  1.4127962819e+00 -2.7848868926e+00 -2.3400363742e+00 -2.0974672493e-01  1.4997559228e+00  3.1233590957e+00  2.3639088415e+00  1.7208186227e+00 -8.6287293435e-01  8.7447767323e-01  2.4680293957e+00 -1.4737091266e+00  8.3498676483e-01 -8.3312574160e-01 -7.4065613122e-01 -1.2332792343e+00  3.6139536112e+00  1.5689431408e+00
ENERGY -6.484865862001e+02

JOB 6
COORDS  9.8457038108e-01  5.8437149385e-01 -2.1322202252e+00  3.0899339912e-01 -1.8654426463e+00 -3.9218486906e+00 -8.1993733622e-01 -2.1672717736e+00 -2.9594691645e+00  7.5926394919e-01  2.1108772368e+00  1.3826575455e+00 -1.3616010599e+00  9.9890672010e-01  1.4572857725e+00  5.8158262015e-01 -1.8886318966e+00 -2.4400576303e+00 -4.7540901157e-01  1.9326444130e+00  2.3029197347e+00  1.0706557932e+00  1.6295308234e+00 -1.0110747460e+00  5.2041299460e-01  1.1829361555e+00  2.6066734668e-01  8.6094181909e-01 -6.9464605751e-01 -1.6824055279e+00  1.0845927282e+00  9.4927007666e-01 -3.3027988104e+00 -9.4111924406e-01  1.2306991162e+00  1.1233932502e-01 -1.0975605735e+00  3.1719976100e+00  2.6287999147e+00  7.2181978310e-01 -2.6856364945e+00 -4.5021473863e+00  3.1375456234e-01 -9.0104479542e-01 -4.4115294229e+00 -1.5557403141e+00 -1.3846026581e+00 -2.8003717815e+00 -1.2011784132e+00 -3.1822486028e+00 -2.8873709655e+00  8.0447962051e-01  3.1583047121e+00  1.0496696381e+00  1.7041425461e+00  1.8523926868e+00  1.8663660432e+00 -1.2023920504e+00 -5.4030803154e-02  1.7257689335e+00 -2.4211814205e+00  1.2508432277e+00  1.5258992314e+00  1.1388691994e+00 -2.7440594503e+00 -2.0661256215e+00 -2.1846291278e-01  1.4851669258e+00  3.2642074953e+00  2.1312171648e+00  1.8475594119e+00 -8.4692125290e-01  5.8653420625e-01  2.5460310443e+00 -1.3724321857e+00  6.8275273715e-01 -7.5129224966e-01 -6.8343044603e-01 -1.3758052825e+00  3.5936050039e+00  1.7984148937e+00
ENERGY -6.484855800090e+02

JOB 7
COORDS  8.2895978805e-01  5.4086975793e-01 -2.1636293213e+00  6.5360297853e-01 -2.0526677684e+00 -3.9233108814e+00 -7.2417308031e-01 -2.1541458324e+00 -3.2910937324e+00  8.4831283658e-01  2.1339652664e+00  1.3265589820e+00 -1.2636143346e+00  1.0326641712e+00  1.5832404057e+00  5.0345477742e-01 -1.9433337592e+00 -2.4274869770e+00 -3.1302196451e-01  1.9781729042e+00  2.3413094102e+00  9.7389063615e-01  1.6118756422e+00 -1.0749976199e+00  5.2191017659e-01  1.1871487119e+00  2.4260668337e-01  7.1766499550e-01 -7.2449179884e-01 -1.6857665984e+00  8.6534164512e-01  8.7424886065e-01 -3.3488797486e+00 -9.4664423461e-01  1.2374340034e+00  2.0621268887e-01 -9.0467634712e-01  3.2262115595e+00  2.6901771364e+00  1.1165417131e+00 -2.9615858159e+00 -4.2977530683e+00  8.7782994964e-01 -1.1471046065e+00 -4.4702802585e+00 -1.3791302429e+00 -1.2979421679e+00 -3.4185264462e+00 -1.2225919162e+00 -3.1186119679e+00 -3.2490903480e+00  8.7140622686e-01  3.1750455486e+00  9.7225611821e-01  1.8264687644e+00  1.8798371266e+00  1.7415672997e+00 -1.0873473851e+00 -1.5739720154e-02  1.8590964697e+00 -2.3142860295e+00  1.2899189980e+00  1.7275227315e+00  8.3899586009e-01 -2.8017353569e+00 -1.8521738403e+00  1.5093284222e-02  1.5476370297e+00  3.2885840568e+00  2.0398357702e+00  1.8488273781e+00 -9.9239984319e-01  4.5117175825e-01  2.5136631860e+00 -1.4191689344e+00  6.0019436432e-01 -7.7705770099e-01 -6.7887872731e-01 -1.2466135758e+00  3.6322233591e+00  1.8759483205e+00
ENERGY -6.484853420410e+02

JOB 8
COORDS  5.5912536528e-01  5.0784267077e-01 -2.1203227498e+00  7.1788224082e-01 -2.1393304454e+00 -3.8353525692e+00 -7.6470856189e-01 -2.0788692527e+00 -3.4981218704e+00  8.6827344896e-01  2.0909369044e+00  1.3575133797e+00 -1.1977899471e+00  9.6537875363e-01  1.8086175088e+00  2.7286533718e-01 -1.9647224173e+00 -2.4039277926e+00 -1.8739273570e-01  1.9155071342e+00  2.4787514586e+00  7.7076389257e-01  1.5817806462e+00 -1.0477842806e+00  4.4990843796e-01  1.1454276033e+00  3.0439370853e-01  4.8031264704e-01 -7.5673615416e-01 -1.6413858530e+00  5.1518243246e-01  8.3090659881e-01 -3.3092631092e+00 -1.0156166168e+00  1.1799821852e+00  4.0891282080e-01 -7.5430933977e-01  3.1545671503e+00  2.8942117546e+00  1.1564589754e+00 -3.0971057624e+00 -4.1021089187e+00  1.1283827485e+00 -1.2739838713e+00 -4.3393124413e+00 -1.2809460337e+00 -1.1691278699e+00 -3.7836202108e+00 -1.3573050511e+00 -2.9885496465e+00 -3.5399122141e+00  8.4425459062e-01  3.1339876908e+00  1.0090135383e+00  1.8850344401e+00  1.8472932477e+00  1.6743941661e+00 -9.8701959495e-01 -8.2766825534e-02  2.0603397882e+00 -2.2321139081e+00  1.2121390382e+00  2.0540046806e+00  3.8763961489e-01 -2.8337636442e+00 -1.7633838485e+00  2.3536177447e-01  1.4813250347e+00  3.3860094207e+00  1.8330379616e+00  1.8472700185e+00 -1.0614623784e+00  1.9618126285e-01  2.4701479511e+00 -1.3405047758e+00  4.6198570945e-01 -8.2861757251e-01 -6.2992718202e-01 -1.1770807786e+00  3.5637121130e+00  2.1205298831e+00
ENERGY -6.484857853326e+02

JOB 9
COORDS  5.0341096217e-01  4.9723475448e-01 -2.1478608149e+00  8.5907949095e-01 -2.2291357046e+00 -3.7849488999e+00 -6.4192604142e-01 -2.0107073312e+00 -3.6811912368e+00  8.8334068851e-01  2.0714783091e+00  1.3265706082e+00 -1.1417742634e+00  8.9553885865e-01  1.8315181791e+00  2.1935747912e-01 -1.9720456210e+00 -2.4399936971e+00 -1.3376807181e-01  1.8647365917e+00  2.4776884002e+00  7.2976209632e-01  1.5693027624e+00 -1.0768835439e+00  4.5717051069e-01  1.1204933466e+00  2.8168845154e-01  4.6563787814e-01 -7.7150122496e-01 -1.6758900145e+00  4.2333171010e-01  8.2339208064e-01 -3.3342591434e+00 -1.0049841937e+00  1.1207816850e+00  4.2830996450e-01 -7.1615751056e-01  3.0876397455e+00  2.9187330167e+00  1.2385882652e+00 -3.2283082415e+00 -3.9806162701e+00  1.4270281744e+00 -1.4165114941e+00 -4.2226771206e+00 -1.0158796251e+00 -1.0673287432e+00 -4.0588105332e+00 -1.3070737216e+00 -2.8625244258e+00 -3.7943356443e+00  8.2273704757e-01  3.1150611350e+00  9.8404063481e-01  1.9148974319e+00  1.8522300327e+00  1.6118461023e+00 -9.0055668998e-01 -1.4882253944e-01  2.0713880667e+00 -2.1737981928e+00  1.1178973746e+00  2.1079538442e+00  1.4125134238e-01 -2.8277244459e+00 -1.7768507760e+00  3.2601692086e-01  1.4346951887e+00  3.3687615477e+00  1.7865685497e+00  1.8529109098e+00 -1.1200293051e+00  1.3204949497e-01  2.4492156326e+00 -1.3483036861e+00  4.9281776332e-01 -8.5137118796e-01 -6.6532704825e-01 -1.1707226836e+00  3.4922640380e+00  2.1608662697e+00
ENERGY -6.484858491348e+02

JOB 10
COORDS  3.3946563614e-01  5.7232988127e-01 -2.1782504270e+00  9.2795307055e-01 -2.3300132230e+00 -3.6194774308e+00 -5.2863221532e-01 -1.9532223852e+00 -3.8260082417e+00  8.6998162245e-01  2.1365110781e+00  1.2837073672e+00 -1.0953972262e+00  9.1066669396e-01  1.8933880065e+00  7.1351937421e-02 -1.9143706076e+00 -2.4414375270e+00 -7.6182984079e-02  1.9004146079e+00  2.4884427648e+00  5.9616340083e-01  1.6420337745e+00 -1.1105181235e+00  4.0775354400e-01  1.1812378378e+00  2.5816792561e-01  3.1871085013e-01 -6.9721621295e-01 -1.7059919780e+00  2.2604455024e-01  9.0862715350e-01 -3.3587427679e+00 -1.0435530180e+00  1.1475414271e+00  4.8634649716e-01 -6.6203217948e-01  3.1070950684e+00  2.9680400503e+00  1.2252729530e+00 -3.3724644973e+00 -3.6930606866e+00  1.6633697133e+00 -1.6104783154e+00 -3.9645482221e+00 -7.2205762831e-01 -1.0070569765e+00 -4.3130590171e+00 -1.2471904937e+00 -2.7442498576e+00 -4.0228269047e+00  7.6660990963e-01  3.1801190652e+00  9.5172603312e-01  1.9205987432e+00  1.9396569372e+00  1.5096303583e+00 -8.1546620869e-01 -1.2882098715e-01  2.1115270142e+00 -2.1151918812e+00  1.1057195078e+00  2.2293886214e+00 -2.3457312809e-01 -2.7078188528e+00 -1.7663701242e+00  4.4250478595e-01  1.4776042171e+00  3.3501658691e+00  1.6420657679e+00  1.9510572258e+00 -1.2083685657e+00 -3.4930977091e-02  2.5093696506e+00 -1.3445594753e+00  4.3287695081e-01 -7.7486953035e-01 -7.0109433128e-01 -1.1685058682e+00  3.5032069016e+00  2.2391439654e+00
ENERGY -6.484852199833e+02

JOB 11
COORDS  1.4576952552e-01  6.3419680284e-01 -2.2455046465e+00  1.0346690066e+00 -2.4290403870e+00 -3.4124765445e+00 -2.6800415719e-01 -1.9226459110e+00 -4.0019462471e+00  8.6334167904e-01  2.1476881109e+00  1.2084338735e+00 -1.0555582554e+00  9.0072867378e-01  1.9159845771e+00 -5.1891049974e-02 -1.8695412596e+00 -2.5115711656e+00 -4.8736006420e-03  1.8844622704e+00  2.4650235621e+00  4.4759055978e-01  1.6887469457e+00 -1.1726963627e+00  3.4436667268e-01  1.2062557328e+00  1.9751209364e-01  1.3066071335e-01 -6.4104318745e-01 -1.7815362152e+00 -1.5687394405e-02  9.9602862873e-01 -3.4117086841e+00 -1.0899513932e+00  1.1607510515e+00  5.1258684665e-01 -5.6350741864e-01  3.0791141110e+00  3.0035999618e+00  1.2266759560e+00 -3.4980195458e+00 -3.3816735860e+00  1.9118811913e+00 -1.8057480008e+00 -3.5581559960e+00 -2.4228435650e-01 -9.8532730011e-01 -4.5406480495e+00 -9.8818332323e-01 -2.6527464537e+00 -4.3602989958e+00  7.3309930980e-01  3.1959464191e+00  9.0137551462e-01  1.9271361020e+00  1.9548222312e+00  1.3657946156e+00 -7.6022885818e-01 -1.4115859067e-01  2.0995037237e+00 -2.0536815358e+00  1.0864806028e+00  2.3162468769e+00 -6.0819428112e-01 -2.5945856677e+00 -1.9231968511e+00  5.6830826752e-01  1.4477403856e+00  3.2842430030e+00  1.4819019014e+00  2.0135659762e+00 -1.3263548357e+00 -2.0649723141e-01  2.5511468777e+00 -1.3559443940e+00  3.3455315263e-01 -7.2302736972e-01 -7.9033131563e-01 -1.1155767570e+00  3.4870424273e+00  2.3154840553e+00
ENERGY -6.484849666419e+02

JOB 12
COORDS -1.6012763544e-02  6.5487076950e-01 -2.2634879182e+00  1.0440405589e+00 -2.5167386460e+00 -3.2156963709e+00 -4.8456579669e-02 -1.8888969678e+00 -4.0569591305e+00  8.6639522041e-01  2.1520093777e+00  1.1609710114e+00 -9.9519643419e-01  8.7301503515e-01  1.9586301363e+00 -1.5086332999e-01 -1.8472569485e+00 -2.5560848578e+00  6.9418388673e-02  1.8674876297e+00  2.4594990866e+00  3.3419389742e-01  1.7024268326e+00 -1.1980342008e+00  3.0903476785e-01  1.2092942631e+00  1.7196324933e-01  7.1569411276e-03 -6.2720879790e-01 -1.8107173863e+00 -2.5105240218e-01  1.0270277280e+00 -3.4124517236e+00 -1.1061149530e+00  1.1420823902e+00  5.6087283661e-01 -4.7627335359e-01  3.0502146848e+00  3.0364078540e+00  1.1179295875e+00 -3.5993224919e+00 -3.1608331942e+00  1.9902414965e+00 -1.9867121970e+00 -3.1577163536e+00  1.6788352058e-01 -9.5793381133e-01 -4.5634978424e+00 -7.4316214786e-01 -2.5452096829e+00 -4.5726008451e+00  7.0421046625e-01  3.2000761564e+00  8.6860501106e-01  1.9398003700e+00  1.9747168678e+00  1.2608915221e+00 -6.7656848600e-01 -1.6585695398e-01  2.1185222785e+00 -1.9735036586e+00  1.0421299951e+00  2.4117200672e+00 -8.8558605627e-01 -2.5116854330e+00 -2.1064631650e+00  6.9091885033e-01  1.4329392375e+00  3.2438896667e+00  1.3566055932e+00  2.0360303686e+00 -1.4041532307e+00 -3.3470112850e-01  2.5613959411e+00 -1.3390073271e+00  2.6625431689e-01 -7.1526721852e-01 -8.3258860615e-01 -1.0699008694e+00  3.4550144911e+00  2.3818507734e+00
ENERGY -6.484855292525e+02

JOB 13
COORDS  1.5871029625e+00  1.1530695946e-01 -1.6575431224e+00 -1.7004386357e-02 -2.8409246347e+00 -2.7773474881e+00  9.7384159588e-01 -2.1453938964e+00 -3.6878446250e+00  7.2930958983e-01  1.4551989931e+00  1.8363772925e+00 -1.2193922306e+00  2.3579330263e+00  7.7528760293e-01 -2.8582732175e-02 -1.3288001963e+00 -2.9193156681e+00 -5.2755357034e-01  2.3057445779e+00  2.1509824947e+00  1.7594385537e+00  8.1388421784e-01 -3.0261994553e-01  5.2547299230e-01  9.9545751717e-01  4.4935775222e-01  3.8494185057e-01 -5.0237590220e-01 -1.8194139830e+00  2.5159672874e+00  1.2734771742e-01 -2.4627787960e+00 -1.6654781118e-01  2.1375761110e+00 -1.6356480030e-01 -2.0215550692e-01  3.5879768822e+00  2.6795070090e+00 -8.3982042044e-01 -3.3985482302e+00 -3.2158740907e+00  3.6280343436e-01 -3.2406468593e+00 -1.8416324829e+00  2.0070401494e+00 -2.0846061641e+00 -3.3717661727e+00  8.2893540146e-01 -2.2145118849e+00 -4.7614168323e+00  1.6210936249e+00  2.0922872611e+00  1.9326648082e+00  8.4263053773e-01  5.8698191479e-01  2.4898057404e+00 -1.9792972057e+00  1.5705197711e+00  6.8140039848e-01 -1.6589292559e+00  3.3341388109e+00  5.6355848193e-01 -8.4881881307e-01 -9.0392537119e-01 -3.4950636343e+00 -1.1653616171e+00  1.8439960557e+00  2.9061971534e+00  2.4172903528e+00  1.7966276701e-01  3.0072622896e-01  2.2778438082e+00  1.7655633125e+00 -4.7791264181e-01 -2.4749878312e-01 -4.1073770891e-01 -1.0303784518e+00  3.4052584881e-01  4.0532980047e+00  2.0209810411e+00
ENERGY -6.484866598730e+02

JOB 14
COORDS  1.5914557348e+00  1.7140951128e-01 -1.7140437551e+00 -1.3626267994e-01 -2.8009644068e+00 -2.8145802090e+00  1.0195043883e+00 -2.2325895396e+00 -3.6113585401e+00  7.8104002765e-01  1.4860337529e+00  1.7987281549e+00 -1.2306291580e+00  2.2993487126e+00  7.8359236851e-01  2.7926629187e-02 -1.3009804915e+00 -2.9703099206e+00 -5.0175053229e-01  2.2856929071e+00  2.1410439597e+00  1.7794635413e+00  8.6976124307e-01 -3.6210256885e-01  5.5938889668e-01  1.0058823034e+00  4.2159379399e-01  4.2418441052e-01 -5.2001680757e-01 -1.8335169211e+00  2.4802212561e+00  2.3384584371e-01 -2.5600817587e+00 -1.9463849096e-01  2.1139477465e+00 -1.8125437420e-01 -2.1690868936e-01  3.5839167676e+00  2.6536412678e+00 -9.5806873367e-01 -3.2769782871e+00 -3.3417743300e+00  8.7789742998e-02 -3.2209885881e+00 -1.8383505372e+00  2.0101225823e+00 -2.2703006113e+00 -3.1752842676e+00  9.9680727967e-01 -2.3100411226e+00 -4.6935899921e+00  1.6473702116e+00  2.1610141800e+00  1.8655759958e+00  9.4865178070e-01  6.2926186859e-01  2.4555854514e+00 -1.9604478228e+00  1.4814587879e+00  7.1513843283e-01 -1.7144835937e+00  3.2554936324e+00  5.7697353850e-01 -6.7067935408e-01 -7.9947374543e-01 -3.6380534011e+00 -1.1000147710e+00  1.8029117029e+00  2.9152309412e+00  2.4734224555e+00  2.5633209367e-01  2.2209997130e-01  2.2602341074e+00  1.8392456428e+00 -5.4720134692e-01 -2.1193489395e-01 -4.4099332415e-01 -1.0468605128e+00  2.8948301421e-01  4.0667699982e+00  1.9790367501e+00
ENERGY -6.484878813939e+02

JOB 15
COORDS  1.6043722629e+00  2.0404274827e-01 -1.7201075548e+00 -2.5909391712e-01 -2.7502626209e+00 -2.8441581554e+00  1.0242145331e+00 -2.3309808576e+00 -3.5307884970e+00  8.1396227357e-01  1.5016824694e+00  1.8011090359e+00 -1.2504943309e+00  2.2180769169e+00  8.1911625945e-01  9.2461461072e-02 -1.2843452173e+00 -2.9810952395e+00 -4.9567394076e-01  2.2478778700e+00  2.1620652869e+00  1.7962801745e+00  9.1124532547e-01 -3.7430028461e-01  5.8697735835e-01  9.9984999112e-01  4.3274496261e-01  4.8156521748e-01 -5.6336814112e-01 -1.8032885514e+00  2.4544249016e+00  3.1480237633e-01 -2.5997464141e+00 -2.2630151704e-01  2.0687902522e+00 -1.6452794688e-01 -2.5804090455e-01  3.5615824248e+00  2.6589526485e+00 -1.0775239670e+00 -3.1314387804e+00 -3.4477781208e+00 -1.7755564030e-01 -3.1887304986e+00 -1.8537753057e+00  1.9577246715e+00 -2.4792395784e+00 -3.0005261856e+00  1.0931010518e+00 -2.4186411947e+00 -4.6101350667e+00  1.6512181814e+00  2.2142177912e+00  1.8455314268e+00  1.0312960759e+00  6.5891199084e-01  2.4614957016e+00 -1.9455187868e+00  1.3689988333e+00  7.7168622240e-01 -1.7790637955e+00  3.1506745247e+00  6.1443026598e-01 -4.7311829737e-01 -7.0307845613e-01 -3.7075316805e+00 -1.0574128370e+00  1.7462548675e+00  2.9514869301e+00  2.5254891842e+00  3.2731675517e-01  1.9707203291e-01  2.2336954319e+00  1.8988607476e+00 -5.7095215826e-01 -1.6724173772e-01 -4.8588238242e-01 -1.0272795292e+00  2.1509450535e-01  4.0598280680e+00  1.9715265821e+00
ENERGY -6.484887584482e+02

JOB 16
COORDS  1.6445664788e+00  2.8542218118e-01 -1.7669134461e+00 -3.5756705258e-01 -2.6443461464e+00 -2.8884948020e+00  1.0198906051e+00 -2.4187426271e+00 -3.4775835783e+00  8.5909943463e-01  1.5666182500e+00  1.7592892426e+00 -1.2589834195e+00  2.1588246165e+00  8.0898722408e-01  1.9418849498e-01 -1.2439551203e+00 -3.0207322110e+00 -4.8240690901e-01  2.2448649289e+00  2.1370216821e+00  1.8316119406e+00  1.0056926771e+00 -4.2828429891e-01  6.3467386228e-01  1.0372840341e+00  4.0102314937e-01  5.7656043611e-01 -5.5958781722e-01 -1.8183786724e+00  2.4528938763e+00  4.4824032054e-01 -2.6771310778e+00 -2.4639942197e-01  2.0537655801e+00 -1.9231468807e-01 -3.0748778786e-01  3.5750523288e+00  2.6156449080e+00 -1.1694323411e+00 -2.9319072574e+00 -3.5497569145e+00 -4.1262361863e-01 -3.0660371352e+00 -1.8888213264e+00  1.8796115195e+00 -2.6746378266e+00 -2.8679869561e+00  1.1596068882e+00 -2.5471691734e+00 -4.5460633715e+00  1.6570001713e+00  2.3240022126e+00  1.7802853377e+00  1.1340164222e+00  7.4460566904e-01  2.4243580375e+00 -1.9075945137e+00  1.2728818649e+00  7.8369443332e-01 -1.8411124384e+00  3.0590143030e+00  6.0455059472e-01 -2.2600040931e-01 -6.0808666958e-01 -3.7976721054e+00 -1.0015727078e+00  1.7226289189e+00  2.9420655069e+00  2.5987548395e+00  4.5962137124e-01  1.3081402758e-01  2.2165312568e+00  2.0126894849e+00 -6.3642180146e-01 -8.0640246118e-02 -4.9443161183e-01 -1.0484778152e+00  1.2525216022e-01  4.0903600483e+00  1.9143236423e+00
ENERGY -6.484891023132e+02

JOB 17
COORDS  1.6803229531e+00  3.3874332562e-01 -1.7891697303e+00 -4.5814016481e-01 -2.5490569862e+00 -2.8995023881e+00  9.7338972433e-01 -2.5433262578e+00 -3.3974975100e+00  8.8608672684e-01  1.5968227468e+00  1.7412565788e+00 -1.2688457877e+00  2.0799910321e+00  8.1190010269e-01  2.9411356054e-01 -1.2477081559e+00 -3.0252718146e+00 -4.8144728708e-01  2.2146296797e+00  2.1294515205e+00  1.8583946061e+00  1.0679388369e+00 -4.5477818761e-01  6.7169668886e-01  1.0474446850e+00  3.8934804782e-01  6.7698996055e-01 -5.8365135909e-01 -1.8102757499e+00  2.4408206056e+00  5.5985489591e-01 -2.7279785325e+00 -2.6431685693e-01  2.0152720734e+00 -2.0080031910e-01 -3.6377834574e-01  3.5559872316e+00  2.5940945797e+00 -1.2586157902e+00 -2.7425598495e+00 -3.6070615293e+00 -6.3748342069e-01 -2.9298020592e+00 -1.8976168291e+00  1.7428301272e+00 -2.9007723134e+00 -2.7211878814e+00  1.1607426743e+00 -2.7282798755e+00 -4.4505252819e+00  1.6480111793e+00  2.3905908534e+00  1.7480877677e+00  1.2062507951e+00  7.9337453360e-01  2.4087661930e+00 -1.8743840882e+00  1.1637785296e+00  8.0149912794e-01 -1.8958823308e+00  2.9495028651e+00  6.0753577644e-01  2.6082228433e-02 -5.8127840237e-01 -3.8418195010e+00 -9.6576721219e-01  1.6760612764e+00  2.9453745929e+00  2.6549192094e+00  5.5538272976e-01  9.5085495762e-02  2.1965114617e+00  2.0901844631e+00 -6.6946045652e-01  2.0740443092e-02 -5.3984995206e-01 -1.0378669359e+00  3.6639867662e-02  4.0842753908e+00  1.8832874208e+00
ENERGY -6.484889736407e+02

JOB 18
COORDS  1.7205772615e+00  3.7042523224e-01 -1.8357866628e+00 -5.7438054402e-01 -2.4355005592e+00 -2.9202315377e+00  8.7559530696e-01 -2.7049584882e+00 -3.2744255153e+00  9.1363689950e-01  1.6222870741e+00  1.6933004596e+00 -1.2784412722e+00  1.9796926437e+00  7.9477205553e-01  3.9715225993e-01 -1.2902140810e+00 -3.0385276848e+00 -4.7736188893e-01  2.1751289103e+00  2.0960697246e+00  1.8783472220e+00  1.1253307473e+00 -5.1364071827e-01  7.0794968650e-01  1.0485127606e+00  3.4983983079e-01  7.7039560270e-01 -6.0541534353e-01 -1.8307054243e+00  2.4509032197e+00  6.2330734040e-01 -2.7912084969e+00 -2.8891539831e-01  1.9575032042e+00 -2.3426036549e-01 -4.2110987466e-01  3.5282749318e+00  2.5375465876e+00 -1.3317498288e+00 -2.5420057686e+00 -3.6908297845e+00 -9.0521537848e-01 -2.7159716706e+00 -1.9233986309e+00  1.5063403144e+00 -3.1411361160e+00 -2.5063107643e+00  1.1187526637e+00 -2.9941473380e+00 -4.2923250289e+00  1.6348328513e+00  2.4530442969e+00  1.6813605528e+00  1.2831724824e+00  8.4269366197e-01  2.3635794059e+00 -1.8322020961e+00  1.0312558922e+00  8.0622063268e-01 -1.9561582046e+00  2.8103967177e+00  5.9081838367e-01  3.2480790908e-01 -6.4158217263e-01 -3.9068687846e+00 -9.1951252601e-01  1.6258645974e+00  2.9286310003e+00  2.7114203657e+00  6.6606272596e-01  2.9082826676e-02  2.1541443784e+00  2.1622325596e+00 -7.4631186898e-01  1.2429002823e-01 -5.8520870439e-01 -1.0489512335e+00 -6.1612773082e-02  4.0646591048e+00  1.8110784870e+00
ENERGY -6.484884116707e+02

JOB 19
COORDS  1.7575730043e+00  4.0743087916e-01 -1.8931166536e+00 -6.5498318377e-01 -2.3063423737e+00 -2.9678001580e+00  7.5584657166e-01 -2.8575617334e+00 -3.0759346179e+00  9.3833775725e-01  1.6596682604e+00  1.6332441099e+00 -1.2897181169e+00  1.8708409000e+00  7.7893132450e-01  5.1760189640e-01 -1.3638752228e+00 -3.0350955593e+00 -4.7419151292e-01  2.1357553603e+00  2.0584964765e+00  1.8859019536e+00  1.1979278416e+00 -5.8884018148e-01  7.4034585330e-01  1.0589735595e+00  3.0000619269e-01  8.5489766754e-01 -6.0906785392e-01 -1.8592781328e+00  2.4701547959e+00  6.7706960602e-01 -2.8586474670e+00 -3.2353579238e-01  1.8968126260e+00 -2.7179031290e-01 -4.8926273761e-01  3.4976930209e+00  2.4757564578e+00 -1.3119604049e+00 -2.3680536231e+00 -3.8300873452e+00 -1.1622154881e+00 -2.4159042801e+00 -2.0121565093e+00  1.1849667606e+00 -3.3113049011e+00 -2.1876068197e+00  1.0735475024e+00 -3.2980030595e+00 -4.0164699803e+00  1.6095099751e+00  2.5305697568e+00  1.5980840431e+00  1.3657875037e+00  9.1066348127e-01  2.3039721394e+00 -1.7813185356e+00  8.8927600025e-01  8.1555359787e-01 -2.0234711863e+00  2.6536377252e+00  5.7955174844e-01  6.8228010524e-01 -8.0562212869e-01 -3.9504780038e+00 -8.6463448782e-01  1.5762667500e+00  2.9098982727e+00  2.7592372247e+00  8.0842497880e-01 -5.5074086020e-02  2.0850765913e+00  2.2464398643e+00 -8.4624120511e-01  2.3694110919e-01 -6.2489065491e-01 -1.0551347442e+00 -1.7933960045e-01  4.0411458946e+00  1.7318883823e+00
ENERGY -6.484877223880e+02

JOB 20
COORDS  1.7725092312e+00  5.4171911034e-01 -1.9016172725e+00 -6.7040273539e-01 -2.0601873809e+00 -3.1038080611e+00  6.1930653846e-01 -2.8373990638e+00 -2.8866975319e+00  9.8345605685e-01  1.6811994417e+00  1.6705381731e+00 -1.2870432084e+00  1.7302136145e+00  9.0939151453e-01  6.4451778487e-01 -1.3310413894e+00 -3.0110577427e+00 -4.4263623458e-01  2.0428408953e+00  2.1587234877e+00  1.8740556481e+00  1.3328100836e+00 -5.9536404532e-01  7.7889859953e-01  1.0889235765e+00  3.3407119991e-01  9.1786695329e-01 -5.1244804332e-01 -1.8637692082e+00  2.4659643973e+00  8.5195624678e-01 -2.8702908959e+00 -3.7055081156e-01  1.8485892247e+00 -1.7870356808e-01 -5.4437270426e-01  3.3954082122e+00  2.5940562346e+00 -1.1604033171e+00 -2.1145897908e+00 -4.0714562868e+00 -1.3534602282e+00 -1.9778500689e+00 -2.2618535882e+00  7.8909263517e-01 -3.2586853123e+00 -1.8996997768e+00  1.0181329688e+00 -3.4270709064e+00 -3.7070624534e+00  1.5859036587e+00  2.6004690828e+00  1.6268691307e+00  1.4916474905e+00  9.5552130968e-01  2.3098538846e+00 -1.6962142325e+00  7.1156116287e-01  9.4961680218e-01 -2.0890613608e+00  2.4535596555e+00  7.5302269036e-01  1.0664818884e+00 -9.0149909213e-01 -3.9120073896e+00 -7.5409277110e-01  1.4463767689e+00  3.0175513967e+00  2.7982319664e+00  1.0203401211e+00 -9.8081640055e-02  1.9699364710e+00  2.3965857974e+00 -8.4929565028e-01  3.5329356567e-01 -6.0053669093e-01 -1.0255758950e+00 -3.1019497426e-01  3.9683838182e+00  1.8446426608e+00
ENERGY -6.484872722661e+02

JOB 21
COORDS  1.7361068751e+00  5.3254750282e-01 -1.9796212708e+00 -6.6928091166e-01 -2.0010670959e+00 -3.2550835022e+00  4.2508437755e-01 -2.9142814032e+00 -2.7198364408e+00  9.8313498027e-01  1.7297037978e+00  1.5819393429e+00 -1.3074711696e+00  1.6187795885e+00  8.9173326736e-01  7.1275791776e-01 -1.4577115290e+00 -2.9864825269e+00 -4.4692590238e-01  2.0254941287e+00  2.1019865399e+00  1.8260128364e+00  1.3676239979e+00 -7.0011621507e-01  7.7555759474e-01  1.0860552618e+00  2.6956535814e-01  9.3548340530e-01 -5.5947673634e-01 -1.8901197395e+00  2.3954666710e+00  8.4549668854e-01 -2.9712494674e+00 -4.3349959918e-01  1.7580264935e+00 -2.2839146397e-01 -6.1593516591e-01  3.3853818692e+00  2.4912438423e+00 -9.8563528324e-01 -2.1121542501e+00 -4.2881610414e+00 -1.4620052220e+00 -1.7133314223e+00 -2.5695298342e+00  3.4981666204e-01 -3.2301792193e+00 -1.6824267435e+00  8.6089070305e-01 -3.6549976874e+00 -3.3839537606e+00  1.5307429044e+00  2.6795140849e+00  1.4941068241e+00  1.5495771754e+00  1.0534416243e+00  2.2264687219e+00 -1.6493253876e+00  5.7830017664e-01  9.7731627401e-01 -2.1582396290e+00  2.2848653062e+00  7.3871232312e-01  1.3386608004e+00 -1.2012476838e+00 -3.8326851203e+00 -6.9707437137e-01  1.4446077354e+00  2.9910039308e+00  2.7818582885e+00  1.1271742927e+00 -2.2314869169e-01  1.8487710938e+00  2.4271750303e+00 -9.8671328865e-01  4.2147408905e-01 -6.6987178794e-01 -1.0223829240e+00 -4.3944388207e-01  3.9420252999e+00  1.7142060401e+00
ENERGY -6.484872536350e+02

JOB 22
COORDS  1.6475702302e+00  4.2978218008e-01 -2.0807318902e+00 -6.7105128610e-01 -2.0602285857e+00 -3.3909568487e+00  1.7415072048e-01 -3.0288649628e+00 -2.5757451603e+00  9.5405052648e-01  1.7814638114e+00  1.4368491519e+00 -1.3497409848e+00  1.5222116971e+00  8.3513349259e-01  7.1716024328e-01 -1.6715964511e+00 -2.9375114628e+00 -4.7109674673e-01  2.0285828138e+00  1.9941393176e+00  1.7387278356e+00  1.3370386246e+00 -8.5138642285e-01  7.3598283283e-01  1.0586816363e+00  1.6847673446e-01  9.0254275356e-01 -6.9104219571e-01 -1.9069360354e+00  2.2613792357e+00  7.1450857476e-01 -3.1090808456e+00 -5.2040384712e-01  1.6443200360e+00 -3.2039578841e-01 -6.9784241501e-01  3.3944918468e+00  2.3288645684e+00 -8.2709625930e-01 -2.2628925973e+00 -4.4465299501e+00 -1.5084047486e+00 -1.5831653778e+00 -2.8896293166e+00 -1.1813131297e-01 -3.1984201783e+00 -1.5422349419e+00  5.9773045790e-01 -3.8991099440e+00 -3.0681709631e+00  1.4455779898e+00  2.7528247548e+00  1.2792976032e+00  1.5787550677e+00  1.1716990359e+00  2.0937469584e+00 -1.6392121035e+00  4.7294577063e-01  9.8336984271e-01 -2.2355661530e+00  2.1402521596e+00  6.7936375607e-01  1.4945223261e+00 -1.6091366659e+00 -3.6900240582e+00 -6.6034182981e-01  1.4773424031e+00  2.9164638867e+00  2.7205019640e+00  1.1691182310e+00 -3.9656066811e-01  1.6991290597e+00  2.3792513975e+00 -1.1941546497e+00  4.4003302357e-01 -7.9139232703e-01 -1.0097742086e+00 -5.7287065827e-01  3.9238099578e+00  1.5232936822e+00
ENERGY -6.484875743162e+02

JOB 23
COORDS  1.5851763792e+00  4.4135897554e-01 -2.0998638017e+00 -5.6923445861e-01 -1.9812208992e+00 -3.5415793098e+00 -1.3209095645e-02 -2.9737041194e+00 -2.5324320104e+00  9.5260494305e-01  1.8434390766e+00  1.4092116351e+00 -1.3533413269e+00  1.4330200127e+00  9.0771661927e-01  7.6490136696e-01 -1.7321191292e+00 -2.8748533860e+00 -4.6140675797e-01  2.0151222106e+00  2.0204415947e+00  1.6735785967e+00  1.3825169495e+00 -8.9623099791e-01  7.2892063623e-01  1.0748786651e+00  1.6945666360e-01  9.0129364938e-01 -7.0970917080e-01 -1.8775251484e+00  2.1474530829e+00  7.2752058619e-01 -3.1562612579e+00 -5.7753132452e-01  1.5742381935e+00 -2.8234877831e-01 -7.5747831352e-01  3.3710237835e+00  2.3412778538e+00 -5.7116005104e-01 -2.2510523851e+00 -4.5934803810e+00 -1.4002654970e+00 -1.3585600492e+00 -3.2243174267e+00 -4.9569953633e-01 -3.0176269637e+00 -1.5589240296e+00  3.6529893912e-01 -3.9277132821e+00 -2.8865926047e+00  1.3738955989e+00  2.8393650848e+00  1.2070581072e+00  1.6416288030e+00  1.2923004805e+00  2.0534653401e+00 -1.5763357268e+00  3.7290589431e-01  1.0895369655e+00 -2.2785279501e+00  1.9962291542e+00  7.7425896670e-01  1.6527318218e+00 -1.8346239671e+00 -3.4897711014e+00 -5.7941570845e-01  1.4715150497e+00  2.9590203589e+00  2.6802379331e+00  1.2798836212e+00 -4.7781929532e-01  1.5630729612e+00  2.4124402386e+00 -1.2603264204e+00  5.0233775100e-01 -8.3161031546e-01 -9.5348262637e-01 -6.9680746029e-01  3.8915599802e+00  1.5227046268e+00
ENERGY -6.484881032807e+02

