JOB 0
COORDS -1.2769063847e+00 -1.7780472629e+00  8.7575644797e-01 -1.6387451661e+00 -1.4351147183e+00  2.3039836113e+00  5.5065609119e-01  2.6227315103e+00 -1.2141980110e+00  2.4322824195e+00 -4.7896352158e-01  7.2454745558e-01 -7.4811894215e-01 -7.5658425745e-01  7.3467369282e-02 -1.4026743756e+00 -2.8995659524e+00  4.0808885512e-01 -1.2970353219e+00  1.6894389259e+00  1.1414845261e+00  2.2323246335e-01  1.2292363987e+00 -9.8311106648e-01 -2.8828424173e-01  8.1915776620e-01  4.9561393658e-01  1.4226879116e+00  6.9315382470e-01  1.7169114868e+00 -8.6826885047e-01 -1.8539770058e+00  2.9590654838e+00 -2.5829278739e+00 -1.9286916281e+00  2.5419093820e+00 -1.7166126140e+00 -3.6499890061e-01  2.4956046021e+00  8.2656596869e-01  2.6937149862e+00 -2.2658494194e+00  1.3936214853e+00  2.9210724034e+00 -5.8399853035e-01 -3.1735174477e-01  3.2503692199e+00 -1.0028824354e+00  3.3739270264e+00 -6.0458622305e-01  1.2627799624e+00  2.6347197427e+00 -7.4174573711e-02 -2.6838413279e-01  1.9338337773e+00 -1.4463922463e+00  6.4191596299e-01 -5.2698526012e-01 -1.0600844651e+00 -8.7283505458e-01
ENERGY -1.178547823867e+03

JOB 1
COORDS -1.1400633837e+00 -1.9808216208e+00  7.9872964142e-01 -1.5929698088e+00 -1.6018540449e+00  2.1903702388e+00  1.5733165716e-01  2.5210154385e+00 -1.4645087760e+00  2.3773073461e+00 -1.4389578676e-01  7.3394808328e-01 -6.9131181594e-01 -9.4413752221e-01 -3.4286073430e-02 -1.1167799037e+00 -3.1300138998e+00  3.8571961416e-01 -1.6542741402e+00  1.4411245403e+00  8.5798381054e-01  2.9258311456e-02  1.1079465004e+00 -1.1655180251e+00 -4.9351157138e-01  7.0265335248e-01  3.1052120470e-01  1.1501758957e+00  9.0599306493e-01  1.6111673928e+00 -7.2049517763e-01 -1.6078832235e+00  2.8529899943e+00 -2.2971112097e+00 -2.3572175176e+00  2.5401573049e+00 -2.0383283511e+00 -6.0662289089e-01  2.2353708349e+00  4.7775422859e-01  2.5778871694e+00 -2.5043280220e+00  9.0977368416e-01  2.9770202177e+00 -8.1440362212e-01 -8.0510430141e-01  3.0193661098e+00 -1.3326593149e+00  3.2960147493e+00 -9.8892133625e-02  1.3222780764e+00  2.5708905882e+00  2.3927716385e-01 -2.6923965249e-01  2.0343105012e+00 -1.1787177159e+00  6.8130562098e-01 -3.9552703963e-01 -1.2613816323e+00 -9.5518810084e-01
ENERGY -1.178548433983e+03

JOB 2
COORDS -1.1233578742e+00 -2.0019483133e+00  7.9688749824e-01 -1.6021921099e+00 -1.6030063798e+00  2.1729780124e+00  1.6833830665e-01  2.5039324003e+00 -1.4582824080e+00  2.4416883626e+00 -1.4971311251e-01  6.8568719087e-01 -6.3559047636e-01 -9.7368485448e-01 -2.7219742770e-02 -1.1199846263e+00 -3.1499837398e+00  3.8088408877e-01 -1.6021959218e+00  1.3946011265e+00  8.9167203852e-01  4.7132787486e-02  1.0888269485e+00 -1.1662787185e+00 -4.4416752648e-01  6.7254518037e-01  3.1725350416e-01  1.2240627899e+00  8.9228134591e-01  1.5852224221e+00 -7.3917418775e-01 -1.3529015393e+00  2.8001510540e+00 -2.1301479581e+00 -2.4486104420e+00  2.6129966321e+00 -2.2426729235e+00 -7.1895917114e-01  2.1373286732e+00  4.6798994891e-01  2.5680819877e+00 -2.5038530741e+00  9.3301286423e-01  2.9563809820e+00 -8.2009585369e-01 -7.9182446272e-01  3.0003871727e+00 -1.3043229050e+00  3.3732857987e+00 -9.2130430518e-02  1.2522323067e+00  2.6083002283e+00  2.2983871176e-01 -3.2375546141e-01  2.1078570055e+00 -1.1881386201e+00  6.4709303823e-01 -3.3233232670e-01 -1.2957792718e+00 -9.4384548648e-01
ENERGY -1.178548894866e+03

JOB 3
COORDS -1.1874077279e+00 -1.9527464029e+00  8.9016634002e-01 -1.6564232147e+00 -1.5493839112e+00  2.2682141567e+00  1.4106460644e-01  2.5445257436e+00 -1.3463381717e+00  2.4337016646e+00 -8.5834517925e-02  8.0003757753e-01 -6.4005210606e-01 -9.3701402500e-01  8.7846830604e-02 -1.2570899150e+00 -3.0886649383e+00  4.4795083972e-01 -1.6232849346e+00  1.4248889578e+00  1.0035844010e+00  3.1966702395e-02  1.1289277235e+00 -1.0522500349e+00 -4.5930921309e-01  7.1070003561e-01  4.3124472354e-01  1.2062652849e+00  9.4429221216e-01  1.6996009419e+00 -8.3413800667e-01 -1.1151757125e+00  2.8459596707e+00 -2.0342211652e+00 -2.4363244588e+00  2.7758844549e+00 -2.4380475964e+00 -7.8799224602e-01  2.1992218488e+00  4.4423264086e-01  2.6097071263e+00 -2.3908505454e+00  8.9895765678e-01  3.0054590732e+00 -7.0611827123e-01 -8.2427178582e-01  3.0323014059e+00 -1.1969860799e+00  3.3635667693e+00 -2.2929968720e-02  1.3688778253e+00  2.5992500325e+00  2.9813150267e-01 -2.0786949169e-01  2.1066168023e+00 -1.1261743640e+00  7.5757721352e-01 -3.7428236365e-01 -1.2505627337e+00 -8.4323060651e-01
ENERGY -1.178549024223e+03

JOB 4
COORDS -1.2643053320e+00 -1.9373019050e+00  8.3714491510e-01 -1.7020202577e+00 -1.5485035444e+00  2.2300933697e+00  1.5136270812e-01  2.5403601356e+00 -1.3643963233e+00  2.4244723997e+00 -1.0735270784e-01  7.7900346439e-01 -6.4897539453e-01 -9.3927340504e-01  6.2673190077e-02 -1.4304463847e+00 -3.0468989761e+00  3.5611265187e-01 -1.6236367511e+00  1.4274930951e+00  9.8245595150e-01  3.1793943076e-02  1.1254324926e+00 -1.0721621984e+00 -4.6255522454e-01  7.0787972110e-01  4.1097799285e-01  1.2030106275e+00  9.2784518872e-01  1.6807188987e+00 -9.3452554638e-01 -9.7742388616e-01  2.7590199539e+00 -1.9356028759e+00 -2.4600287079e+00  2.7804600981e+00 -2.5959199629e+00 -9.2102492652e-01  2.1680414199e+00  4.5184970780e-01  2.6047320143e+00 -2.4097545825e+00  9.1491514347e-01  2.9940642678e+00 -7.2575711272e-01 -8.0949365234e-01  3.0358946856e+00 -1.2114750499e+00  3.3547097166e+00 -5.1193547083e-02  1.3479526328e+00  2.5919515023e+00  2.7809888609e-01 -2.2800081078e-01  2.0899103406e+00 -1.1450849771e+00  7.3366214747e-01 -4.3894570209e-01 -1.2353796810e+00 -8.8837453119e-01
ENERGY -1.178548754960e+03

JOB 5
COORDS -1.0934045796e+00 -1.9851847170e+00  9.5780858212e-01 -1.5373367640e+00 -1.6076025902e+00  2.3523661019e+00  1.6504502580e-01  2.5030302100e+00 -1.3177834286e+00  2.5323804998e+00 -6.1712495800e-02  8.3632829727e-01 -5.2739567277e-01 -9.7455585489e-01  1.6485880808e-01 -1.2317292953e+00 -3.1038366367e+00  4.8850432793e-01 -1.5481130568e+00  1.3812004605e+00  1.0668583927e+00  8.8568913740e-02  1.0897805730e+00 -1.0039679835e+00 -3.7731206247e-01  6.8135696040e-01  4.9116504405e-01  1.2977627859e+00  9.5881495866e-01  1.7366901833e+00 -9.2869698287e-01 -8.2558531732e-01  2.8087198230e+00 -1.5148965530e+00 -2.5076745661e+00  2.9685597251e+00 -2.5705213916e+00 -1.2508339007e+00  2.3020708139e+00  4.4953849922e-01  2.5605399216e+00 -2.3680082166e+00  9.2434088640e-01  2.9866866421e+00 -6.9626481496e-01 -8.0695179734e-01  2.9742480873e+00 -1.1584953989e+00  3.4674863291e+00  2.4582723406e-02  1.3934049579e+00  2.6793092914e+00  3.1229995757e-01 -1.7816740160e-01  2.2216777320e+00 -1.1074656296e+00  8.1050157003e-01 -3.2116214808e-01 -1.2746720959e+00 -7.8582214701e-01
ENERGY -1.178548174817e+03

JOB 6
COORDS -1.0564909937e+00 -1.9865980670e+00  9.8283010644e-01 -1.5075411840e+00 -1.6313746620e+00  2.3819640557e+00  1.8639057884e-01  2.5050260909e+00 -1.3087131770e+00  2.5409657594e+00 -7.7012688949e-02  8.4054457439e-01 -5.2847990092e-01 -9.6259728828e-01  1.8326400751e-01 -1.1560514260e+00 -3.1127449911e+00  5.2053960335e-01 -1.5243509152e+00  1.4058832755e+00  1.0869800625e+00  9.7238068287e-02  1.0932428638e+00 -9.9170763013e-01 -3.6365083602e-01  6.9291919528e-01  5.0714674003e-01  1.3197619437e+00  9.5701334751e-01  1.7438317017e+00 -1.1214916498e+00 -6.8399546649e-01  2.7562404719e+00 -1.2132026287e+00 -2.4456127907e+00  3.0471039134e+00 -2.6005828392e+00 -1.5819477023e+00  2.3801588552e+00  4.6623838011e-01  2.5576424871e+00 -2.3604328638e+00  9.5358380932e-01  2.9821929444e+00 -6.9187505635e-01 -7.8000897804e-01  2.9863064462e+00 -1.1455250675e+00  3.4803544636e+00  5.7936650747e-03  1.3909193136e+00  2.6840302561e+00  2.9065343767e-01 -1.7683542410e-01  2.2234544732e+00 -1.1208827379e+00  8.2242268932e-01 -3.0787527058e-01 -1.2658365013e+00 -7.6326243599e-01
ENERGY -1.178547553611e+03

JOB 7
COORDS -1.1096572917e+00 -1.9460893745e+00  9.9724893491e-01 -1.6165114796e+00 -1.6038691726e+00  2.3811540471e+00  1.8512319535e-01  2.5674232607e+00 -1.2436692653e+00  2.4186650625e+00 -1.4845179315e-01  8.9155403423e-01 -6.6930059809e-01 -8.9812761504e-01  1.7700976956e-01 -1.0795838413e+00 -3.0902900623e+00  5.7007773272e-01 -1.5868661816e+00  1.4920806564e+00  1.1105539675e+00  4.6971486021e-02  1.1538183768e+00 -9.5237460726e-01 -4.4730867774e-01  7.4424978257e-01  5.3275082097e-01  1.2275782515e+00  9.1841876250e-01  1.7973761502e+00 -1.5714335312e+00 -5.4487492905e-01  2.6312015585e+00 -1.0438051026e+00 -2.1840836678e+00  3.1088061271e+00 -2.6578441693e+00 -1.9322298993e+00  2.4413926111e+00  4.7932792939e-01  2.6288188019e+00 -2.2909632690e+00  9.5978149516e-01  3.0087659865e+00 -6.0971137567e-01 -7.6721772633e-01  3.0766801749e+00 -1.0831302894e+00  3.3520879384e+00 -1.1481066123e-01  1.4570205166e+00  2.5927220522e+00  2.3167774308e-01 -1.1640023389e-01  2.0610144604e+00 -1.1786553528e+00  8.4905254753e-01 -3.7782248083e-01 -1.2077161887e+00 -7.4809170315e-01
ENERGY -1.178547393818e+03

JOB 8
COORDS -1.1023705459e+00 -1.9438127767e+00  9.8586025581e-01 -1.5660318274e+00 -1.5945248240e+00  2.3830500960e+00  2.1677685519e-01  2.5707680540e+00 -1.2398882441e+00  2.4129883796e+00 -1.7567073008e-01  8.9344653936e-01 -6.7791466760e-01 -8.9506063496e-01  1.5738943045e-01 -1.0652171481e+00 -3.0898296126e+00  5.6442171788e-01 -1.5793664704e+00  1.4985867967e+00  1.0970432866e+00  6.4373162345e-02  1.1568803515e+00 -9.5684484875e-01 -4.4292209878e-01  7.4334726312e-01  5.2240313863e-01  1.2244016189e+00  8.9351566065e-01  1.8000538431e+00 -1.7651972847e+00 -5.3287984792e-01  2.5288712903e+00 -7.9994091739e-01 -1.9191468928e+00  3.0931879052e+00 -2.4775736895e+00 -2.1615177192e+00  2.5839637228e+00  5.1892177672e-01  2.6347710805e+00 -2.2847552461e+00  9.9072545934e-01  3.0020629802e+00 -5.9821920955e-01 -7.3225286289e-01  3.0873795730e+00 -1.0834305749e+00  3.3428438569e+00 -1.5421666055e-01  1.4653576446e+00  2.5970345612e+00  2.1093919147e-01 -1.1025842985e-01  2.0477664876e+00 -1.2027711105e+00  8.3991952786e-01 -3.8213573196e-01 -1.2051304626e+00 -7.6613476551e-01
ENERGY -1.178547752243e+03

JOB 9
COORDS -1.2239830550e+00 -1.9147892346e+00  9.7506219129e-01 -1.6522874015e+00 -1.5577786771e+00  2.3807222941e+00  2.0937459295e-01  2.5927935180e+00 -1.1918612619e+00  2.3455679616e+00 -1.9434178650e-01  9.4330705117e-01 -7.4873846749e-01 -8.7325895624e-01  1.6365121983e-01 -1.2430597600e+00 -3.0534941705e+00  5.3361659954e-01 -1.6295669403e+00  1.5239932811e+00  1.1104844427e+00  3.8838978662e-02  1.1781737031e+00 -9.2266371508e-01 -4.9546478532e-01  7.5802737707e-01  5.4513233763e-01  1.1551593167e+00  8.7506025818e-01  1.8471566266e+00 -2.0357743730e+00 -5.3931306809e-01  2.4611988133e+00 -7.8988677322e-01 -1.6551340686e+00  3.0481845257e+00 -2.4188283487e+00 -2.2683314550e+00  2.6925440950e+00  5.3005654660e-01  2.6619875234e+00 -2.2308541886e+00  9.7622752964e-01  3.0117652179e+00 -5.3371938902e-01 -7.3725314930e-01  3.1172308874e+00 -1.0474837169e+00  3.2654412953e+00 -1.9480865007e-01  1.5315358346e+00  2.5516514382e+00  2.0631416290e-01 -5.0503877344e-02  1.9675409556e+00 -1.2152978293e+00  8.6589216584e-01 -4.7414365028e-01 -1.1765760056e+00 -7.6846469281e-01
ENERGY -1.178548335833e+03

JOB 10
COORDS -1.2091428462e+00 -1.9375628287e+00  9.6992923471e-01 -1.6616162077e+00 -1.5587529114e+00  2.3608671067e+00  2.2384695352e-01  2.5742679522e+00 -1.1867029177e+00  2.4076960868e+00 -2.0122830763e-01  8.9259172103e-01 -6.9627298204e-01 -9.0543622870e-01  1.6658920118e-01 -1.2445725626e+00 -3.0748893032e+00  5.2683967827e-01 -1.5817983544e+00  1.4732765945e+00  1.1404533940e+00  5.4066030393e-02  1.1579915759e+00 -9.2648028777e-01 -4.4941953159e-01  7.2539777335e-01  5.4832756565e-01  1.2264430399e+00  8.5966501536e-01  1.8181336000e+00 -2.2475225558e+00 -6.3692231158e-01  2.3590963494e+00 -7.8521769229e-01 -1.3908691770e+00  2.9963307565e+00 -2.2484144705e+00 -2.3824084665e+00  2.7670180503e+00  5.2406093812e-01  2.6516665294e+00 -2.2312163592e+00  1.0046541010e+00  2.9853651575e+00 -5.4012654409e-01 -7.1828967936e-01  3.1001087615e+00 -1.0194753480e+00  3.3412664702e+00 -1.8781892144e-01  1.4586704239e+00  2.5859112187e+00  1.9576250664e-01 -1.0812106829e-01  2.0395129292e+00 -1.2268307377e+00  8.3052431146e-01 -4.0684174893e-01 -1.2151216315e+00 -7.5877050655e-01
ENERGY -1.178548843395e+03

JOB 11
COORDS -1.2610661801e+00 -1.8939218904e+00  1.0751692957e+00 -1.7147498719e+00 -1.5073668402e+00  2.4631663572e+00  1.9709162652e-01  2.6104837371e+00 -1.0670677178e+00  2.4108607748e+00 -1.3666144827e-01  1.0079248315e+00 -6.8969288689e-01 -8.7615955070e-01  2.9250023983e-01 -1.3607067742e+00 -3.0183205989e+00  6.0987187643e-01 -1.5966571604e+00  1.4930217832e+00  1.2657374336e+00  3.8601337707e-02  1.1932435305e+00 -8.0547791638e-01 -4.5755695568e-01  7.5730009748e-01  6.7117410180e-01  1.2206419840e+00  9.1231417511e-01  1.9352804209e+00 -2.4600886994e+00 -7.0905466276e-01  2.4163300069e+00 -8.7273629232e-01 -1.1271136913e+00  3.0508721372e+00 -2.1306131640e+00 -2.3902833043e+00  2.9475181495e+00  4.9525967295e-01  2.6894469990e+00 -2.1120657474e+00  9.7552312288e-01  3.0283376765e+00 -4.2195818322e-01 -7.4889119527e-01  3.1291728693e+00 -8.9904982986e-01  3.3462595194e+00 -1.1121079032e-01  1.5705753704e+00  2.5805954091e+00  2.6047960469e-01  5.8075968798e-03  2.0532502822e+00 -1.1661138108e+00  9.4927575953e-01 -4.3043799918e-01 -1.1783521939e+00 -6.4414388652e-01
ENERGY -1.178549027492e+03

JOB 12
COORDS -1.1785178206e+00 -1.9291467980e+00  1.1462517568e+00 -1.5992133658e+00 -1.5544236200e+00  2.5480934183e+00  2.0320715900e-01  2.5725599853e+00 -1.0283600782e+00  2.5053756887e+00 -9.1725454382e-02  1.0635264550e+00 -5.7473264155e-01 -9.2197618539e-01  3.7450285723e-01 -1.3498683092e+00 -3.0339125414e+00  6.5592469467e-01 -1.5424989683e+00  1.4346930162e+00  1.3276425633e+00  9.0076516592e-02  1.1546700145e+00 -7.4821796266e-01 -3.8692606509e-01  7.2213951052e-01  7.3636279023e-01  1.2925148887e+00  9.3239701482e-01  1.9891878491e+00 -2.4921499364e+00 -9.2401034970e-01  2.5062255604e+00 -8.2446395476e-01 -9.8348924056e-01  3.0672393990e+00 -1.8120635723e+00 -2.4705375513e+00  3.0987239769e+00  4.9233469406e-01  2.6474994453e+00 -2.0762166703e+00  9.7250806711e-01  3.0221312669e+00 -3.9370438491e-01 -7.5709846656e-01  3.0643052370e+00 -8.6047257881e-01  3.4405886851e+00 -4.3306393607e-02  1.6249775532e+00  2.6640751863e+00  3.0649533267e-01  6.0090399598e-02  2.1697547937e+00 -1.1286066917e+00  1.0078762988e+00 -3.8102389487e-01 -1.2068723736e+00 -5.8339450973e-01
ENERGY -1.178548744444e+03

JOB 13
COORDS -1.2045076217e+00 -1.8971319190e+00  1.1380432694e+00 -1.6312008376e+00 -1.5413039759e+00  2.5439772386e+00  2.2340101495e-01  2.5933571177e+00 -1.0296979145e+00  2.4933553124e+00 -1.1122589851e-01  1.0576325407e+00 -5.9855006100e-01 -8.8970514469e-01  3.7106075770e-01 -1.3906785178e+00 -2.9955907537e+00  6.3838315894e-01 -1.5284028835e+00  1.4817279623e+00  1.3307023439e+00  9.3770626157e-02  1.1769518590e+00 -7.4937087977e-01 -3.8575810690e-01  7.5126542445e-01  7.3668573498e-01  1.3001799510e+00  9.3432459475e-01  1.9847785857e+00 -2.6568243179e+00 -1.1619368318e+00  2.5133418586e+00 -1.0079132319e+00 -7.7199697303e-01  3.0029879770e+00 -1.5985383277e+00 -2.4478740577e+00  3.1494923015e+00  5.0963024226e-01  2.6649758904e+00 -2.0785827971e+00  1.0005681183e+00  3.0331636914e+00 -3.9777187042e-01 -7.3007820327e-01  3.0969774827e+00 -8.5813800334e-01  3.4308597906e+00 -7.7019989647e-02  1.6163011651e+00  2.6556128206e+00  2.8271405570e-01  5.3071911918e-02  2.1408241722e+00 -1.1425966472e+00  1.0049115015e+00 -4.0949575853e-01 -1.1722740201e+00 -5.8857652036e-01
ENERGY -1.178548079792e+03

JOB 14
COORDS -1.1483273082e+00 -1.8796596027e+00  1.0578621960e+00 -1.5710644657e+00 -1.5283511354e+00  2.4671889432e+00  3.2085357934e-01  2.5766198048e+00 -1.1746722948e+00  2.5344544045e+00 -1.9091214850e-01  8.9365410759e-01 -5.9300839468e-01 -8.6668418239e-01  2.6319934023e-01 -1.2912339397e+00 -2.9965856864e+00  5.8437176044e-01 -1.4243856678e+00  1.5425057136e+00  1.2247936190e+00  1.4535399450e-01  1.1674757564e+00 -8.8272332161e-01 -3.1937426450e-01  7.6853266618e-01  6.1518912421e-01  1.3937017026e+00  9.0204706342e-01  1.8320911543e+00 -2.6641731469e+00 -1.4983552102e+00  2.4930944720e+00 -1.1969535663e+00 -5.6953702991e-01  2.8244174927e+00 -1.2350876443e+00 -2.3273284165e+00  3.1311189759e+00  5.8880208989e-01  2.6317109590e+00 -2.2293517884e+00  1.1257351763e+00  2.9913371720e+00 -5.6072682652e-01 -6.1017562477e-01  3.1155647546e+00 -9.8786812191e-01  3.4849247452e+00 -1.7634771432e-01  1.4308866297e+00  2.6860929558e+00  1.8427811600e-01 -1.1974813207e-01  2.1522267076e+00 -1.2125941280e+00  8.6365585654e-01 -3.8783035970e-01 -1.1690736648e+00 -6.8708313352e-01
ENERGY -1.178547457236e+03

JOB 15
COORDS -1.1710199989e+00 -1.8555647560e+00  1.0591778341e+00 -1.6315956270e+00 -1.5085853505e+00  2.4579684964e+00  3.3015003432e-01  2.6219583083e+00 -1.1248449776e+00  2.4355231955e+00 -2.5464713041e-01  9.2897834547e-01 -6.9862673085e-01 -8.1710922144e-01  2.4448796203e-01 -1.1962056395e+00 -2.9949095065e+00  6.1895543429e-01 -1.4685680805e+00  1.6023816919e+00  1.2342349025e+00  1.1649982245e-01  1.2130302526e+00 -8.5737359647e-01 -3.8032169166e-01  8.0333615923e-01  6.2671801121e-01  1.3176218099e+00  8.5893185158e-01  1.8712465581e+00 -2.6593565033e+00 -1.8659176079e+00  2.5640355692e+00 -1.6017668190e+00 -4.4577079622e-01  2.6939835201e+00 -1.0168125995e+00 -2.0667156238e+00  3.1689516896e+00  6.1398553713e-01  2.6865019070e+00 -2.1748060197e+00  1.1363855875e+00  3.0072018873e+00 -4.9370261170e-01 -5.8997520111e-01  3.1805233203e+00 -9.4201557284e-01  3.3768201610e+00 -2.8339089681e-01  1.4815153395e+00  2.6171049063e+00  1.3442683689e-01 -7.4233564775e-02  2.0209746230e+00 -1.2626476300e+00  8.7268749564e-01 -4.3055915564e-01 -1.1275147328e+00 -6.8739934322e-01
ENERGY -1.178547449399e+03

JOB 16
COORDS -1.2188731743e+00 -1.8433645654e+00  1.0312711357e+00 -1.6467965267e+00 -1.4932747113e+00  2.4392997434e+00  3.4514830186e-01  2.6333974575e+00 -1.1099078526e+00  2.3882091051e+00 -2.8907699945e-01  9.4203767894e-01 -7.4723989630e-01 -8.0356758476e-01  2.1679089276e-01 -1.2465759502e+00 -2.9820190123e+00  5.8975428284e-01 -1.4940266201e+00  1.6175561086e+00  1.2178127577e+00  1.1172750183e-01  1.2248323609e+00 -8.5699978075e-01 -4.0955410425e-01  8.0853043559e-01  6.1652501572e-01  1.2726926107e+00  8.2784763314e-01  1.8833548049e+00 -2.5442068429e+00 -2.0721829266e+00  2.6673502567e+00 -1.8440605150e+00 -4.3217733555e-01  2.5910009040e+00 -8.6216099691e-01 -1.8198873306e+00  3.1288339748e+00  6.4424919478e-01  2.7030094953e+00 -2.1552919909e+00  1.1469345523e+00  3.0041385869e+00 -4.6458980266e-01 -5.7096407098e-01  3.2010204584e+00 -9.3513284942e-01  3.3218153940e+00 -3.3687062743e-01  1.5061893775e+00  2.5878312457e+00  1.0928518784e-01 -5.4061901606e-02  1.9616768636e+00 -1.2909930442e+00  8.6802716786e-01 -4.7389138601e-01 -1.1117634189e+00 -7.1422785553e-01
ENERGY -1.178547879226e+03

JOB 17
COORDS -1.1010834555e+00 -1.8986216884e+00  1.0278811709e+00 -1.4750536478e+00 -1.5325245896e+00  2.4462351460e+00  3.9853542226e-01  2.5785778284e+00 -1.1570878342e+00  2.5242381100e+00 -2.8127568436e-01  8.8372870499e-01 -6.1360628027e-01 -8.6845038242e-01  2.0879300281e-01 -1.1720726112e+00 -3.0334087198e+00  5.8179170618e-01 -1.3935879748e+00  1.5440782850e+00  1.2012940956e+00  1.9196382744e-01  1.1679755692e+00 -8.9238088399e-01 -3.0149337072e-01  7.5220620741e-01  5.9074751584e-01  1.3969213613e+00  8.1581765763e-01  1.8340415311e+00 -2.2183463916e+00 -2.2504674116e+00  2.7950625062e+00 -1.8579451327e+00 -5.1489241153e-01  2.5374001501e+00 -5.8646757274e-01 -1.6279254382e+00  3.0794284418e+00  6.8426203997e-01  2.6462609618e+00 -2.2063276888e+00  1.2013041031e+00  2.9671440743e+00 -5.2359431901e-01 -5.2499019052e-01  3.1318140811e+00 -9.7529015964e-01  3.4642711843e+00 -3.1000386269e-01  1.4384369076e+00  2.7057365755e+00  1.1843824334e-01 -1.1526759549e-01  2.1155885738e+00 -1.2910638540e+00  8.1592358192e-01 -3.7475844975e-01 -1.1752586357e+00 -7.3194540692e-01
ENERGY -1.178548433600e+03

JOB 18
COORDS -1.1404893648e+00 -1.9199140075e+00  9.4911185626e-01 -1.5332117983e+00 -1.5359816151e+00  2.3570836033e+00  4.0789036298e-01  2.5519318891e+00 -1.2084045049e+00  2.5439474523e+00 -3.3438977253e-01  7.7328498356e-01 -6.0939490756e-01 -9.0217480286e-01  1.3959658765e-01 -1.2417895271e+00 -3.0495455289e+00  4.9651234281e-01 -1.3620642778e+00  1.5019025851e+00  1.1627306121e+00  1.9787006630e-01  1.1397980969e+00 -9.5479693046e-01 -2.8104370432e-01  7.1239122221e-01  5.3000757754e-01  1.4360657561e+00  7.5984815287e-01  1.7493809888e+00 -2.1213027837e+00 -2.3500857422e+00  2.7808269270e+00 -2.0952088151e+00 -5.9995009157e-01  2.3820720408e+00 -6.3050712353e-01 -1.3998892093e+00  2.9625329443e+00  6.8279171132e-01  2.6284291989e+00 -2.2599387103e+00  1.2189503989e+00  2.9313456924e+00 -5.7991724730e-01 -5.1128217408e-01  3.1073211992e+00 -1.0116780452e+00  3.4916676055e+00 -3.7318364593e-01  1.3140995081e+00  2.7128732249e+00  7.3441594506e-02 -2.2461109584e-01  2.1286201220e+00 -1.3412958209e+00  7.0295338636e-01 -3.7233032467e-01 -1.2100645728e+00 -8.0112308080e-01
ENERGY -1.178548871455e+03

JOB 19
COORDS -1.2778640355e+00 -1.8602010644e+00  9.1240206533e-01 -1.6648230826e+00 -1.4731714883e+00  2.3203641884e+00  4.0628385396e-01  2.5834754860e+00 -1.1903984891e+00  2.4962536287e+00 -3.4466828482e-01  7.6382236123e-01 -6.6730342628e-01 -8.6502603989e-01  1.3050921733e-01 -1.4623119713e+00 -2.9668689939e+00  4.3067638333e-01 -1.3853658895e+00  1.5385195542e+00  1.1748363351e+00  1.6594293591e-01  1.1740084896e+00 -9.4990840318e-01 -3.1560060309e-01  7.4134888615e-01  5.3264051481e-01  1.4049623677e+00  7.5865091175e-01  1.7480658676e+00 -2.1256205444e+00 -2.3360448769e+00  2.8000941359e+00 -2.3557650071e+00 -6.2604654723e-01  2.3106743843e+00 -7.8282381291e-01 -1.1618237913e+00  2.8896496639e+00  6.7935318924e-01  2.6643730158e+00 -2.2420894043e+00  1.2274431738e+00  2.9388644913e+00 -5.6099675397e-01 -4.9985768036e-01  3.1570376715e+00 -9.8529750513e-01  3.4458610563e+00 -3.9586808047e-01  1.3003004363e+00  2.6655167801e+00  6.4695941622e-02 -2.3341522799e-01  2.0684117690e+00 -1.3461353585e+00  6.9206192431e-01 -4.5575721934e-01 -1.1640933306e+00 -8.1903374225e-01
ENERGY -1.178549028447e+03

JOB 20
COORDS -1.1841046810e+00 -1.8996943536e+00  9.8912006556e-01 -1.5493384422e+00 -1.5210844404e+00  2.4054419827e+00  4.1069298175e-01  2.5514064237e+00 -1.1445556981e+00  2.5969618050e+00 -3.0212084002e-01  8.1592596031e-01 -5.5515984032e-01 -9.1483591799e-01  2.0968202357e-01 -1.4206204006e+00 -2.9898938351e+00  4.9311342093e-01 -1.3326304323e+00  1.4758774231e+00  1.2433323802e+00  2.1301403598e-01  1.1378687229e+00 -8.9040030608e-01 -2.4553049513e-01  7.0391215264e-01  5.9953097310e-01  1.4828437861e+00  7.7719121457e-01  1.8009486265e+00 -1.8267592274e+00 -2.4260368302e+00  2.9451179644e+00 -2.3932471054e+00 -8.2473778088e-01  2.3875143129e+00 -7.2868021536e-01 -1.0096745236e+00  2.9159468877e+00  6.7248844530e-01  2.6311231020e+00 -2.1992209565e+00  1.2265713408e+00  2.9355534634e+00 -5.2528064509e-01 -5.0979130596e-01  3.1005654476e+00 -9.3644550452e-01  3.5523022537e+00 -3.2139850620e-01  1.3442908893e+00  2.7453790581e+00  1.0416872329e-01 -1.8586164397e-01  2.1966881247e+00 -1.3155632519e+00  7.5556245223e-01 -3.8621332706e-01 -1.2004852825e+00 -7.5260589176e-01
ENERGY -1.178548794747e+03

JOB 21
COORDS -1.2723544735e+00 -1.8296218747e+00  9.4948826446e-01 -1.6388391452e+00 -1.4689343415e+00  2.3705375018e+00  4.3804711274e-01  2.5885756237e+00 -1.1628471578e+00  2.5479791506e+00 -3.3016495530e-01  8.0087039056e-01 -6.1265112160e-01 -8.5380269753e-01  1.8563127807e-01 -1.5507634063e+00 -2.9013316177e+00  4.3481526067e-01 -1.3308348581e+00  1.5572666147e+00  1.2222302730e+00  2.0692004065e-01  1.1799671453e+00 -9.0977360261e-01 -2.6385321823e-01  7.5673896937e-01  5.7968558966e-01  1.4639748314e+00  7.8196248478e-01  1.7829703449e+00 -1.7201597789e+00 -2.3885381261e+00  2.9504321426e+00 -2.6126497794e+00 -9.6905309695e-01  2.3569562622e+00 -9.3367275664e-01 -7.7997306621e-01  2.8387126928e+00  6.9910128680e-01  2.6632626636e+00 -2.2180641348e+00  1.2645762346e+00  2.9519218740e+00 -5.4513518598e-01 -4.6826225914e-01  3.1597361857e+00 -9.5171830304e-01  3.5006819427e+00 -3.7857176395e-01  1.3321078922e+00  2.7114809190e+00  7.2005886482e-02 -2.0023007694e-01  2.1170191638e+00 -1.3307660246e+00  7.3870948192e-01 -4.6625153940e-01 -1.1303338482e+00 -7.8312214150e-01
ENERGY -1.178548206847e+03

JOB 22
COORDS -1.2217418304e+00 -1.8368283466e+00  8.7018637722e-01 -1.5861899915e+00 -1.4908993643e+00  2.2966691187e+00  5.0453392962e-01  2.5629916643e+00 -1.2848937281e+00  2.5760421060e+00 -3.9451152371e-01  6.6133785937e-01 -6.0279758513e-01 -8.4928726977e-01  9.0392046080e-02 -1.4692517857e+00 -2.9227656390e+00  3.6880254674e-01 -1.2525760917e+00  1.5824540846e+00  1.1299003100e+00  2.4255879920e-01  1.1613945054e+00 -1.0232304773e+00 -2.1419814959e-01  7.5493491738e-01  4.7521754462e-01  1.5310726376e+00  7.4588037544e-01  1.6532625231e+00 -1.3719905034e+00 -2.3573450797e+00  2.9247652277e+00 -2.6644752961e+00 -1.3066665342e+00  2.3283818217e+00 -1.0881093236e+00 -6.0435497166e-01  2.6878308955e+00  7.5184613678e-01  2.6276870742e+00 -2.3440637051e+00  1.3486672047e+00  2.9079407876e+00 -6.8057555516e-01 -3.8430614472e-01  3.1569705997e+00 -1.0627323423e+00  3.5366167447e+00 -4.5739515474e-01  1.1766713753e+00  2.7306040623e+00 -3.1054540518e-03 -3.4546478956e-01  2.1256762164e+00 -1.3873731066e+00  6.1423087079e-01 -4.4842617480e-01 -1.1369675641e+00 -8.7395499683e-01
ENERGY -1.178547547005e+03

JOB 23
COORDS -1.2243753854e+00 -1.7984597056e+00  9.0214250891e-01 -1.6297842972e+00 -1.4528372756e+00  2.3182415307e+00  5.2877150618e-01  2.6113093378e+00 -1.2308992542e+00  2.4897282543e+00 -4.4477516012e-01  7.0231650001e-01 -6.9342834524e-01 -7.7931763509e-01  9.9286627374e-02 -1.3478346568e+00 -2.9210028797e+00  4.3606482554e-01 -1.2689197250e+00  1.6640639156e+00  1.1594395558e+00  2.2692254427e-01  1.2145633894e+00 -9.8549443069e-01 -2.5496872902e-01  8.0717360366e-01  5.0421550322e-01  1.4776971803e+00  7.2188111207e-01  1.6983801630e+00 -1.0844959586e+00 -2.1115640400e+00  2.9988754243e+00 -2.6944044742e+00 -1.6790414714e+00  2.4225900801e+00 -1.4621217182e+00 -4.1340434720e-01  2.5967175107e+00  7.8664144995e-01  2.6795802847e+00 -2.2873028583e+00  1.3769174495e+00  2.9270866392e+00 -6.1632067008e-01 -3.4550686750e-01  3.2267709234e+00 -1.0097526484e+00  3.4421324658e+00 -5.4891522649e-01  1.2260046551e+00  2.6689823763e+00 -4.7850589384e-02 -2.9823635270e-01  2.0057165687e+00 -1.4209018625e+00  6.3921846782e-01 -4.7345142743e-01 -1.0863039185e+00 -8.4623594317e-01
ENERGY -1.178547404970e+03

