JOB 0
COORDS  1.5205584324e+00  1.3273562520e+00 -7.6419959855e-01  1.4614938539e+00  9.7697421313e-02 -1.2890608757e+00 -3.0425805215e-01 -4.7239280599e-01  2.3257993968e-01  7.8676257908e-01  1.6079303388e+00  5.2649067490e-01 -4.8725767048e+00 -1.4709451233e+00  1.9433730066e+00 -1.3797467402e+00 -1.4989813647e+00  5.1149008241e-01 -2.6325575309e+00 -9.2164093687e-01  1.1667467396e+00 -3.2778637587e-01  6.8236745184e-01  7.8038349670e-01  6.9981147610e-01 -9.0429034284e-01 -6.5368847313e-01 -3.6338056275e+00 -1.9779973191e+00  1.3509500826e+00  2.0807179918e+00  2.1120163126e+00 -1.2632316421e+00  1.9595018579e+00 -1.9501979915e-01 -2.2081392112e+00  1.4755407819e+00  1.5554670335e+00  1.3854423169e+00  3.8594917565e-01  2.6284661728e+00  5.3058517181e-01 -5.3585041072e+00 -7.8858396401e-01  1.2372322281e+00 -4.7267528142e+00 -9.2340494001e-01  2.8916268748e+00 -5.5591097287e+00 -2.3037120563e+00  2.1263357405e+00 -9.4579585383e-01 -2.2810092767e+00  1.1513811203e+00 -1.6712329519e+00 -1.9981629229e+00 -4.2128675148e-01 -2.3613080978e+00 -4.0989202368e-01  2.1028502927e+00 -3.0594247974e+00 -1.5611946897e-01  5.1035739605e-01  4.6765113955e-01 -1.7136975682e+00 -1.2151591458e+00 -3.2460778990e+00 -2.6897109376e+00  1.9688147193e+00
ENERGY -4.388725366719e+02

JOB 1
COORDS  1.4682891979e+00  1.3574614291e+00 -7.7242349016e-01  1.3344260386e+00  1.6964109576e-01 -1.3741953977e+00 -2.6843903884e-01 -4.9678391192e-01  2.8325817065e-01  8.7745676423e-01  1.5510977355e+00  6.0495093007e-01 -4.8866294220e+00 -1.4662211169e+00  1.8596326652e+00 -1.3175135037e+00 -1.5343700631e+00  6.2365746261e-01 -2.6282307430e+00 -9.3034944953e-01  1.1286280363e+00 -2.1587522233e-01  6.1617748775e-01  9.1107394307e-01  6.2339388655e-01 -8.6765990814e-01 -7.3745141954e-01 -3.6000397813e+00 -1.9942789967e+00  1.4025908139e+00  1.9870269661e+00  2.1706691319e+00 -1.2706670125e+00  1.7289775884e+00 -6.0391032363e-02 -2.3589472004e+00  1.6525108555e+00  1.4357174263e+00  1.3802537153e+00  4.9279406584e-01  2.5713041003e+00  7.2121358356e-01 -5.3574315410e+00 -9.0480358647e-01  1.0449827462e+00 -4.8122110690e+00 -7.9230907611e-01  2.7316281874e+00 -5.5520512030e+00 -2.2958817110e+00  2.1187146558e+00 -8.9797679875e-01 -2.2047213619e+00  1.3867403101e+00 -1.5343732349e+00 -2.1618701098e+00 -2.4887301253e-01 -2.4260595705e+00 -2.8755468113e-01  1.9983164072e+00 -3.0459760837e+00 -2.8027590485e-01  3.5137372556e-01  3.2721874104e-01 -1.6374619805e+00 -1.3231398481e+00 -3.2208171016e+00 -2.5996272193e+00  2.1295612860e+00
ENERGY -4.388720916239e+02

JOB 2
COORDS  4.1511925193e-01  1.6094719619e+00 -8.3887779228e-01 -1.6200491171e-01  7.2525059664e-01 -1.6610968641e+00 -5.5223346033e-01 -7.4933489127e-01  1.9219528837e-01  7.5994908494e-01  1.1870841471e+00  5.7070484017e-01 -3.9375361885e+00 -2.6967871244e+00  3.2623591420e+00 -1.3034887747e+00 -1.9851519790e+00  6.4377363694e-01 -2.2777449664e+00 -1.6973951451e+00  1.7895520542e+00 -3.0071569664e-02  4.3049623737e-02  1.0498864194e+00 -4.6889204425e-01 -5.7046837294e-01 -1.1980202064e+00 -2.9774709635e+00 -2.9244707235e+00  2.1809813675e+00  6.2672356227e-01  2.6183168917e+00 -1.1797678652e+00 -4.3786352606e-01  9.4040260882e-01 -2.6887010306e+00  1.8272613577e+00  9.2218802351e-01  6.4667379800e-01  6.1177560749e-01  2.0183112447e+00  1.2705525856e+00 -4.7489177136e+00 -2.0570367791e+00  2.8976479053e+00 -3.5033025970e+00 -2.2116839657e+00  4.1545818408e+00 -4.3790350600e+00 -3.6509304420e+00  3.5670503589e+00 -5.6765403575e-01 -2.7318126680e+00  9.6872120560e-01 -1.8562719122e+00 -2.4339218783e+00 -1.8898437615e-01 -1.7313117252e+00 -1.2206512137e+00  2.6172389477e+00 -3.0290789930e+00 -9.7415141471e-01  1.4494221464e+00 -1.1226280107e+00 -1.1069989097e+00 -1.7528584467e+00 -2.2859760941e+00 -3.6033590359e+00  2.4966068669e+00
ENERGY -4.388719057827e+02

JOB 3
COORDS  3.4739071782e-01  1.6237334349e+00 -8.0151190593e-01 -3.2884390135e-01  7.7818854375e-01 -1.5883716504e+00 -4.7615879349e-01 -7.9144019101e-01  2.1982816216e-01  8.7471077134e-01  1.1299281494e+00  5.2621541317e-01 -3.9935726587e+00 -2.6632229937e+00  3.1727006830e+00 -1.1869771553e+00 -2.0349188468e+00  7.1143666240e-01 -2.2664832353e+00 -1.7059317383e+00  1.7496168871e+00  1.5183837239e-01 -4.1672989738e-02  1.0441449378e+00 -5.6960086309e-01 -5.4278018021e-01 -1.1586695187e+00 -2.9405824159e+00 -2.9292256587e+00  2.1910863832e+00  5.1133162958e-01  2.6508054312e+00 -1.1130316557e+00 -7.3539651731e-01  1.0440715509e+00 -2.5591146767e+00  1.9420987707e+00  8.6652024218e-01  4.4591466135e-01  8.2212354269e-01  1.9225482477e+00  1.2822070915e+00 -4.7995876129e+00 -2.0954551289e+00  2.6945392805e+00 -3.6538476590e+00 -2.0879082728e+00  4.0521502348e+00 -4.4169693794e+00 -3.6105848344e+00  3.5209978911e+00 -4.4071164492e-01 -2.6984497174e+00  1.1631417509e+00 -1.6426267804e+00 -2.5846715561e+00 -1.1898241285e-01 -1.8063455371e+00 -1.1372210883e+00  2.5726753465e+00 -3.0212209202e+00 -1.0517871499e+00  1.2946354316e+00 -1.2828652609e+00 -1.0600792624e+00 -1.6554618322e+00 -2.2469465441e+00 -3.5443803145e+00  2.6142356589e+00
ENERGY -4.388720843423e+02

JOB 4
COORDS  2.6468028182e-01  1.6352344018e+00 -7.7642678112e-01 -5.1496820054e-01  8.1887152183e-01 -1.4957303001e+00 -4.2065991853e-01 -8.1597104826e-01  2.5595127310e-01  9.7327952009e-01  1.0871238680e+00  4.4120636504e-01 -4.0767702603e+00 -2.6125611902e+00  3.0718759863e+00 -1.0974749046e+00 -2.0542114051e+00  7.9949695238e-01 -2.2753343985e+00 -1.6950818774e+00  1.7160234146e+00  3.1670769216e-01 -9.8012369549e-02  1.0151811546e+00 -6.9111163200e-01 -5.2001063022e-01 -1.0903020402e+00 -2.9446860138e+00 -2.9069999842e+00  2.1916841619e+00  3.8178094960e-01  2.6759860897e+00 -1.0624520422e+00 -1.0541822377e+00  1.1216436290e+00 -2.3878875706e+00  2.0136271478e+00  8.1770831166e-01  1.9598119555e-01  1.0418676408e+00  1.8502901143e+00  1.2254526049e+00 -4.8615981652e+00 -2.1085309370e+00  2.4967805566e+00 -3.8224762152e+00 -1.9665318819e+00  3.9308112562e+00 -4.4955928291e+00 -3.5485407592e+00  3.4545494014e+00 -3.5659662921e-01 -2.6245447779e+00  1.3685057406e+00 -1.4541537458e+00 -2.6970596808e+00 -1.2522125438e-02 -1.9055897062e+00 -1.0515553550e+00  2.5308754438e+00 -3.0112785412e+00 -1.1045510399e+00  1.1546394449e+00 -1.4626711212e+00 -1.0239007521e+00 -1.5079164824e+00 -2.2673312890e+00 -3.4691006604e+00  2.7051417045e+00
ENERGY -4.388725212228e+02

JOB 5
COORDS  2.3281840835e-01  1.6396864456e+00 -7.4537422150e-01 -6.5352339481e-01  8.5894199687e-01 -1.3752963684e+00 -3.6032586621e-01 -8.2808389017e-01  3.0297715917e-01  1.0912465833e+00  1.0378549542e+00  3.4370151920e-01 -4.1299404589e+00 -2.6207119731e+00  2.9698949434e+00 -1.0069992728e+00 -2.0556646029e+00  8.9895467027e-01 -2.2791512061e+00 -1.7014720314e+00  1.6829106268e+00  4.8701603326e-01 -1.4639644953e-01  9.7603160337e-01 -7.9604159214e-01 -4.8950224428e-01 -9.8953414256e-01 -2.9217479250e+00 -2.9118439655e+00  2.1963354733e+00  3.2852304619e-01  2.6881250819e+00 -1.0102432185e+00 -1.3054219498e+00  1.1987906142e+00 -2.1740114542e+00  2.0769130228e+00  7.4719628226e-01 -5.4937412891e-02  1.2940742311e+00  1.7749662779e+00  1.1293773818e+00 -4.8935872155e+00 -2.2007028820e+00  2.3056444335e+00 -3.9731165543e+00 -1.9049916819e+00  3.7963094370e+00 -4.5292256439e+00 -3.5500639168e+00  3.3877982909e+00 -2.8174461201e-01 -2.5230224109e+00  1.5706486881e+00 -1.2561741804e+00 -2.7815907040e+00  1.1656249125e-01 -2.0179646032e+00 -9.7893467678e-01  2.4747296718e+00 -2.9972254021e+00 -1.1981221004e+00  1.0218662403e+00 -1.6222185065e+00 -9.7201800032e-01 -1.3189245588e+00 -2.2578534359e+00 -3.4008594570e+00  2.7949253760e+00
ENERGY -4.388729830624e+02

JOB 6
COORDS  6.5871316706e-01  1.4150642040e+00 -1.0688461670e+00 -4.6312470651e-01  8.5797641355e-01 -1.5400939510e+00 -4.3496224629e-01 -7.2660232067e-01  2.6078203337e-01  1.1383193666e+00  1.0403665946e+00  3.1458042103e-01 -3.9899171903e+00 -2.8459101294e+00  2.9927343876e+00 -1.0394688470e+00 -2.0135022177e+00  7.6730322043e-01 -2.2564150020e+00 -1.7624831109e+00  1.6702510099e+00  6.4428737738e-01 -2.6787178601e-01  7.7256677466e-01 -1.1617222431e+00 -8.5548377817e-02 -7.5877966157e-01 -2.8340829542e+00 -3.0313810297e+00  2.1140640597e+00  1.2185370805e+00  2.1204505105e+00 -1.6751283845e+00 -8.8363468244e-01  1.0707329273e+00 -2.5179500381e+00  2.2338535637e+00  1.0202523747e+00  3.5250235356e-01  8.2888840218e-01  1.7987554252e+00  1.0523921477e+00 -4.8073495298e+00 -2.3874649198e+00  2.4250091584e+00 -3.7897566880e+00 -2.2054640939e+00  3.8700636246e+00 -4.3388853290e+00 -3.8204171911e+00  3.3481726960e+00 -2.6110910739e-01 -2.5355049311e+00  1.3294668114e+00 -1.3457557876e+00 -2.6589179000e+00 -6.5274472349e-02 -1.9524622759e+00 -1.1092416085e+00  2.5075281472e+00 -3.0298300663e+00 -1.2188825701e+00  1.1138084508e+00 -1.8289065361e+00 -6.6731144624e-01 -1.2496446213e+00 -2.1190259758e+00 -3.5555627906e+00  2.6160572948e+00
ENERGY -4.388730515835e+02

JOB 7
COORDS  6.2670610004e-01  1.4027705701e+00 -1.1191834612e+00 -5.7368512769e-01  9.0861561307e-01 -1.4435554660e+00 -3.9438005875e-01 -7.0017795810e-01  3.2613954772e-01  1.2581714230e+00  9.8844027539e-01  1.8962126876e-01 -4.0468523707e+00 -2.8987291724e+00  2.8901954297e+00 -9.7776950974e-01 -1.9807086396e+00  8.7292916319e-01 -2.2926541836e+00 -1.7675031431e+00  1.6360429581e+00  7.6140391256e-01 -2.9905719532e-01  7.0043474914e-01 -1.2157863951e+00 -5.3068528341e-03 -5.8129283076e-01 -2.8102670294e+00 -3.0465153067e+00  2.1216184555e+00  1.1396634928e+00  2.0861863926e+00 -1.7888205582e+00 -1.1057727369e+00  1.1540832340e+00 -2.3573069891e+00  2.3473049236e+00  9.1420106081e-01  8.8303093651e-02  1.0827034298e+00  1.7522487842e+00  9.6477289715e-01 -4.8454862312e+00 -2.5447649143e+00  2.2286119272e+00 -3.9701659868e+00 -2.1894787524e+00  3.7334551496e+00 -4.3507778231e+00 -3.8733735741e+00  3.2843147866e+00 -2.2367573585e-01 -2.4162689818e+00  1.5327768068e+00 -1.1601323311e+00 -2.6936215897e+00  5.8295339850e-02 -2.1281097488e+00 -1.0331980008e+00  2.4455389295e+00 -3.0526454747e+00 -1.3326443739e+00  9.7519583654e-01 -1.9649238350e+00 -5.4908643195e-01 -9.9150260302e-01 -2.1032245495e+00 -3.4808177386e+00  2.7125937250e+00
ENERGY -4.388728363769e+02

JOB 8
COORDS  6.1586248034e-01  1.3903291564e+00 -1.1595864819e+00 -6.4325718915e-01  9.7546592744e-01 -1.3399610691e+00 -3.5682713269e-01 -6.6727792008e-01  3.8416854774e-01  1.3736887082e+00  9.1746431268e-01  5.9016553063e-02 -4.0834063617e+00 -2.9560229218e+00  2.8030151904e+00 -9.3026178306e-01 -1.9326489366e+00  9.8182923113e-01 -2.3271478640e+00 -1.7767050081e+00  1.5958114757e+00  8.5605159904e-01 -3.3834926222e-01  6.2432402940e-01 -1.2333614998e+00  8.7285808521e-02 -4.1580699710e-01 -2.7749670397e+00 -3.0514392677e+00  2.1553750428e+00  1.0847610762e+00  2.0543000886e+00 -1.8793121281e+00 -1.2655361781e+00  1.2691457019e+00 -2.1795061703e+00  2.4343420017e+00  7.7006102542e-01 -1.7669976833e-01  1.3493052548e+00  1.6825344124e+00  8.5215404466e-01 -4.8473954147e+00 -2.7375541565e+00  2.0483290435e+00 -4.1447506193e+00 -2.1730062765e+00  3.5796999178e+00 -4.3356798745e+00 -3.9176678512e+00  3.2602630109e+00 -2.1717888178e-01 -2.2713505418e+00  1.7372320430e+00 -9.7920448824e-01 -2.7120019732e+00  2.1013197504e-01 -2.3158096392e+00 -9.5972527333e-01  2.3406195877e+00 -3.0591026818e+00 -1.4853770578e+00  8.3150791179e-01 -2.0615752107e+00 -3.9767825459e-01 -7.3660196287e-01 -2.0882811211e+00 -3.3683752930e+00  2.8375877958e+00
ENERGY -4.388718476651e+02

JOB 9
COORDS  5.7903908747e-01  1.3905312041e+00 -1.1794510964e+00 -7.1552870540e-01  1.0552694425e+00 -1.2194761704e+00 -3.3846345486e-01 -6.3346413182e-01  4.4195309658e-01  1.4412515667e+00  8.4887284793e-01 -6.3194364123e-02 -4.1142789586e+00 -3.0227001841e+00  2.7231653547e+00 -9.0099540380e-01 -1.8824463094e+00  1.0915551571e+00 -2.3576325731e+00 -1.8000116812e+00  1.5603285897e+00  9.1071468058e-01 -3.7918802425e-01  5.4794379906e-01 -1.2503634818e+00  1.8396118962e-01 -2.4713495778e-01 -2.7471623115e+00 -3.0539351473e+00  2.2035834633e+00  1.0025223340e+00  2.0386102678e+00 -1.9407206213e+00 -1.4100341199e+00  1.4024183769e+00 -1.9781172725e+00  2.4547427350e+00  6.3685431543e-01 -4.2456097901e-01  1.5621149978e+00  1.6009969325e+00  7.3347093271e-01 -4.8192375245e+00 -2.9485158238e+00  1.8873975414e+00 -4.3156320718e+00 -2.1803066065e+00  3.4088088708e+00 -4.3254690777e+00 -3.9572602143e+00  3.2516580514e+00 -2.4422736416e-01 -2.1185199028e+00  1.9327268950e+00 -8.1534270084e-01 -2.7167160751e+00  3.8435845504e-01 -2.4947995807e+00 -9.2065194964e-01  2.2164657353e+00 -3.0344482293e+00 -1.6601947221e+00  7.0618549217e-01 -2.1421454612e+00 -2.3612175982e-01 -4.7262422254e-01 -2.1030965922e+00 -3.2430376441e+00  2.9694903395e+00
ENERGY -4.388704339089e+02

JOB 10
COORDS  1.8707092479e+00  8.5523457044e-01 -4.6242700566e-01  1.4644604281e+00  2.0569033228e-01  6.3471802035e-01 -8.1102382462e-01  3.4746421095e-01 -1.1100345443e-01  8.3704183492e-01  1.5321576532e+00 -1.3326034927e+00 -4.1753554506e+00 -2.5343356298e+00  2.2787106669e+00 -2.2310019212e+00 -1.6273795352e-01  6.8288791140e-02 -2.4747620968e+00 -1.1632389229e+00  1.2006242114e+00 -5.0624632391e-01  9.4928512982e-01 -1.1982217797e+00  9.0865631342e-02  1.3095413514e-01  9.4247209245e-01 -3.8843420711e+00 -1.5459163462e+00  1.2408229715e+00  2.9238704309e+00  8.8721375602e-01 -7.2430649213e-01  2.1320651050e+00 -3.0452687816e-01  1.3220525496e+00  7.7331580932e-01  2.6070848986e+00 -1.0960947010e+00  1.1255132755e+00  1.4778126735e+00 -2.3890069651e+00 -4.0146869783e+00 -2.0838465953e+00  3.2645809229e+00 -3.5535963400e+00 -3.4458284861e+00  2.2192630784e+00 -5.2272246917e+00 -2.8292444517e+00  2.2173171834e+00 -2.5286595573e+00 -5.9630014869e-01 -8.9124865755e-01 -2.8848196888e+00  7.0095341620e-01  2.2823700023e-01 -1.8065745523e+00 -2.0402895709e+00  1.0868963631e+00 -2.2388455546e+00 -7.0281278765e-01  2.1696639670e+00 -1.7437785596e-01 -5.5373680636e-01  1.6362110857e+00 -4.1486006034e+00 -1.9243430151e+00  3.3301604159e-01
ENERGY -4.388692549289e+02

JOB 11
COORDS  1.8776837069e+00  8.9628828403e-01 -4.5187259243e-01  1.5013215194e+00  1.1210551238e-01  5.6489329990e-01 -7.8620499680e-01  2.8455772872e-01 -1.3656631789e-01  8.1932214229e-01  1.6416047770e+00 -1.2315430133e+00 -4.2227803822e+00 -2.4426340844e+00  2.3353452258e+00 -2.1908953884e+00 -2.8583025238e-01 -1.1861215132e-02 -2.4836617763e+00 -1.1633996276e+00  1.2074830855e+00 -5.1246411102e-01  1.0255078357e+00 -1.1423039441e+00  1.3370814211e-01 -3.6595301587e-02  8.7445852855e-01 -3.8901197694e+00 -1.5581507416e+00  1.2192284405e+00  2.9273252689e+00  9.9039732951e-01 -7.1318764740e-01  2.1907965200e+00 -4.5368134815e-01  1.1837870551e+00  7.4128874318e-01  2.6840843883e+00 -8.8151425012e-01  1.0931298105e+00  1.7058029960e+00 -2.2914996334e+00 -4.1098444139e+00 -1.8957998152e+00  3.2780462622e+00 -3.5933669836e+00 -3.3490679199e+00  2.3941954103e+00 -5.2688712773e+00 -2.7533391697e+00  2.2559597465e+00 -2.3892617634e+00 -8.4953475892e-01 -9.3043269416e-01 -2.8920533267e+00  5.5296088773e-01 -1.3360636018e-02 -1.8097795357e+00 -2.0445888850e+00  1.2198031575e+00 -2.2917532467e+00 -6.0080807267e-01  2.1302913760e+00 -1.0423841968e-01 -8.1704058202e-01  1.4707346244e+00 -4.1091631575e+00 -2.0267550204e+00  3.4188369539e-01
ENERGY -4.388688034518e+02

JOB 12
COORDS  1.8643607860e+00  9.4762985888e-01 -4.6078539896e-01  1.5302929791e+00  4.1636667847e-02  4.6546371874e-01 -7.7659911575e-01  2.3678052504e-01 -1.6201912861e-01  7.7076966092e-01  1.7539657283e+00 -1.1220938026e+00 -4.2701565134e+00 -2.3453704476e+00  2.3719697840e+00 -2.1544972321e+00 -3.9964133382e-01 -8.3897889800e-02 -2.4971849488e+00 -1.1491189075e+00  1.2069855630e+00 -5.4740127647e-01  1.1042063659e+00 -1.0730535144e+00  1.7415726051e-01 -1.7398947329e-01  7.8700970569e-01 -3.8936719911e+00 -1.5763933931e+00  1.1865382921e+00  2.9045242757e+00  1.0950885404e+00 -7.3509204041e-01  2.2469763332e+00 -5.7608887238e-01  9.9771311486e-01  6.8121027753e-01  2.7462652301e+00 -6.5059159411e-01  1.0146777145e+00  1.9478480450e+00 -2.1735711689e+00 -4.2191118333e+00 -1.6988795144e+00  3.2549901399e+00 -3.6277945725e+00 -3.2246597834e+00  2.5609115895e+00 -5.3042422076e+00 -2.6885213509e+00  2.2715986695e+00 -2.2475352698e+00 -1.0856501711e+00 -9.3597355132e-01 -2.8909847561e+00  3.9010956374e-01 -2.4441808335e-01 -1.8119192196e+00 -2.0098148641e+00  1.3520303651e+00 -2.3609153455e+00 -4.8796878128e-01  2.0717184802e+00 -3.3829394179e-02 -1.0251295759e+00  1.2913748805e+00 -4.0563329578e+00 -2.1397590085e+00  3.5372740954e-01
ENERGY -4.388691404933e+02

JOB 13
COORDS  1.8611220391e+00  9.8365019127e-01 -4.4986625658e-01  1.5776652651e+00 -3.4106706255e-02  3.7118256814e-01 -7.5305138801e-01  1.7772376237e-01 -1.5748219587e-01  7.2929565987e-01  1.8369094702e+00 -9.7343005039e-01 -4.3080294512e+00 -2.2594998897e+00  2.4107062357e+00 -2.1024768342e+00 -5.1266807618e-01 -1.1621961283e-01 -2.5044920347e+00 -1.1264576280e+00  1.2296125683e+00 -5.7452118229e-01  1.1561828579e+00 -9.6148524450e-01  2.3757269137e-01 -3.1741809189e-01  7.0765319372e-01 -3.8803058723e+00 -1.6135065850e+00  1.1704969570e+00  2.8879186650e+00  1.1887967518e+00 -7.3704218071e-01  2.3245322227e+00 -6.9326477001e-01  8.0265765840e-01  6.3564099137e-01  2.7624772531e+00 -3.8233362412e-01  9.3222477248e-01  2.1621484496e+00 -2.0008397182e+00 -4.3386127971e+00 -1.5161129091e+00  3.2148120708e+00 -3.6490205083e+00 -3.0836493831e+00  2.7395078957e+00 -5.3204227982e+00 -2.6555085052e+00  2.2862623629e+00 -2.1020931759e+00 -1.3011172823e+00 -8.8273678169e-01 -2.8520472162e+00  2.1927998435e-01 -4.1984429191e-01 -1.8013482347e+00 -1.9332899089e+00  1.5206038793e+00 -2.4471899610e+00 -3.6558764659e-01  2.0172842161e+00  6.1603662966e-02 -1.2262757544e+00  1.1145990651e+00 -3.9662884759e+00 -2.2739279607e+00  3.9978647057e-01
ENERGY -4.388700309331e+02

JOB 14
COORDS  1.8556043416e+00  1.0152939141e+00 -4.6918904693e-01  1.6251041322e+00 -1.0207627501e-01  2.2992186441e-01 -7.2821834277e-01  1.1641727957e-01 -1.8433461206e-01  6.8659305231e-01  1.9003352680e+00 -8.3438179974e-01 -4.3427913558e+00 -2.1482639969e+00  2.4223013991e+00 -2.0500033324e+00 -6.1892357660e-01 -1.7081102432e-01 -2.5167125979e+00 -1.0798668593e+00  1.2163461329e+00 -6.0045613922e-01  1.1881929211e+00 -8.7101471473e-01  3.0479480869e-01 -4.5139085389e-01  5.8294273819e-01 -3.8576569782e+00 -1.6544781756e+00  1.1340524685e+00  2.8648489246e+00  1.2772353957e+00 -7.7163593151e-01  2.4002143771e+00 -7.9410160742e-01  5.4411146862e-01  5.9305758667e-01  2.7345230798e+00 -1.2004158320e-01  8.4333881451e-01  2.3659694177e+00 -1.8144715271e+00 -4.4725085067e+00 -1.3041362446e+00  3.1083891676e+00 -3.6680112412e+00 -2.8760016776e+00  2.9088619944e+00 -5.3209149221e+00 -2.6201586103e+00  2.2881448374e+00 -1.9694790883e+00 -1.4960495656e+00 -8.3073731884e-01 -2.7973433201e+00  4.5217345756e-02 -6.0578421093e-01 -1.7917214880e+00 -1.7903187269e+00  1.6601433000e+00 -2.5560230448e+00 -2.1834794263e-01  1.8935422843e+00  1.6057623755e-01 -1.4068880682e+00  8.8216727011e-01 -3.8504322394e+00 -2.4199774443e+00  4.6206458373e-01
ENERGY -4.388710294028e+02

JOB 15
COORDS  1.8327210919e+00  1.0517779200e+00 -4.5594281836e-01  1.6634379996e+00 -1.5658976452e-01  9.3355731908e-02 -7.0987901458e-01  3.9289665937e-02 -1.9836737225e-01  6.2509653750e-01  1.9391961327e+00 -6.5030344472e-01 -4.3907463741e+00 -2.0351062892e+00  2.4312976294e+00 -2.0060354286e+00 -7.3575843805e-01 -2.0860592100e-01 -2.5411494672e+00 -1.0420994146e+00  1.1977641707e+00 -6.4052559451e-01  1.1943847116e+00 -7.4358432596e-01  3.6933415715e-01 -5.9104272868e-01  4.5001670545e-01 -3.8369630710e+00 -1.7139839356e+00  1.1160342997e+00  2.8198819011e+00  1.3845278512e+00 -7.6143704894e-01  2.4696697854e+00 -8.5933927821e-01  2.7919271237e-01  5.3544494926e-01  2.6602391473e+00  1.7860680483e-01  7.2940561881e-01  2.5432591296e+00 -1.5590602065e+00 -4.6227598226e+00 -1.1059053939e+00  2.9630833073e+00 -3.7142502803e+00 -2.6290136744e+00  3.0724836625e+00 -5.3261691081e+00 -2.5896809170e+00  2.3086971280e+00 -1.8616988269e+00 -1.6798276806e+00 -7.5560620774e-01 -2.7411591919e+00 -1.4508450239e-01 -7.5580160455e-01 -1.8008946817e+00 -1.6264297306e+00  1.7769217361e+00 -2.6798855069e+00 -9.8673795350e-02  1.7387215697e+00  2.6233039759e-01 -1.5846648683e+00  6.1004921637e-01 -3.7314245090e+00 -2.5732173427e+00  5.7912951705e-01
ENERGY -4.388716997392e+02

JOB 16
COORDS  1.7987615164e+00  1.1181696912e+00 -4.6408963559e-01  1.7051988921e+00 -1.5946990223e-01 -7.7089130780e-02 -6.8656150839e-01 -3.0058124070e-02 -2.2140625374e-01  5.5020865684e-01  1.9696638730e+00 -4.8437308935e-01 -4.4318115665e+00 -1.9098959946e+00  2.4323820092e+00 -1.9600784524e+00 -8.4138261717e-01 -2.3417689770e-01 -2.5595019203e+00 -9.9738019556e-01  1.1715663504e+00 -6.8989037853e-01  1.1881298734e+00 -6.1151734502e-01  4.4948840594e-01 -6.9721926369e-01  2.7417502108e-01 -3.8103124470e+00 -1.7534436286e+00  1.1170767352e+00  2.7558887935e+00  1.5329064628e+00 -7.6483249615e-01  2.5470170783e+00 -8.4290668884e-01 -2.5750738342e-02  4.7836260858e-01  2.5764607506e+00  4.3316068952e-01  5.8373924503e-01  2.6873195928e+00 -1.3123758693e+00 -4.7485262194e+00 -9.2852208869e-01  2.8019299361e+00 -3.7681572358e+00 -2.3575612915e+00  3.1942160071e+00 -5.3256895411e+00 -2.5349216728e+00  2.3422946306e+00 -1.7700849467e+00 -1.8353724243e+00 -6.6514615497e-01 -2.6796724149e+00 -3.3063489281e-01 -8.7496711939e-01 -1.8175284445e+00 -1.4514279023e+00  1.8550388312e+00 -2.7803693238e+00 -3.5439803029e-05  1.5684444913e+00  3.8679122038e-01 -1.7069945220e+00  2.9698070109e-01 -3.6223118359e+00 -2.6755560202e+00  7.2700800499e-01
ENERGY -4.388718152366e+02

JOB 17
COORDS  1.7983332913e+00  1.1388268875e+00 -4.5645947929e-01  1.7697941925e+00 -1.8003714251e-01 -2.3137197747e-01 -6.2936202772e-01 -1.2724006680e-01 -2.1215908151e-01  5.2451709216e-01  1.9386275715e+00 -3.0748292093e-01 -4.4776554038e+00 -1.7934624662e+00  2.4182567732e+00 -1.8859012752e+00 -9.6685223044e-01 -2.2088438473e-01 -2.5590061693e+00 -9.8079159202e-01  1.1593940447e+00 -6.9568977593e-01  1.1289621148e+00 -4.4313960480e-01  5.5617393933e-01 -8.1050105198e-01  1.1265889760e-01 -3.7754710990e+00 -1.7929531003e+00  1.1342927706e+00  2.7237590295e+00  1.6253545825e+00 -7.4906135595e-01  2.6364814438e+00 -8.2876485248e-01 -3.1117466421e-01  4.9352599032e-01  2.4424808309e+00  6.7253801392e-01  4.8250535724e-01  2.7412565082e+00 -1.0533887709e+00 -4.8541418072e+00 -7.8576107341e-01  2.6248548807e+00 -3.8505555869e+00 -2.1001213594e+00  3.2748382445e+00 -5.3399093412e+00 -2.4653382797e+00  2.3631155571e+00 -1.6597909174e+00 -1.9962295565e+00 -5.3253225955e-01 -2.5802254963e+00 -5.4271868180e-01 -9.4799492994e-01 -1.8368641555e+00 -1.3163805275e+00  1.9273363886e+00 -2.8373398189e+00  4.7008829365e-02  1.4155638465e+00  5.2661691858e-01 -1.8157525666e+00  3.1150280796e-03 -3.5276115005e+00 -2.7511963713e+00  8.9307442670e-01
ENERGY -4.388717093756e+02

JOB 18
COORDS  1.7604268496e+00  1.1695992563e+00 -4.9565625610e-01  1.7927487914e+00 -1.6520137660e-01 -4.0441809805e-01 -5.9501065284e-01 -2.0996287155e-01 -1.7367136951e-01  4.8089700581e-01  1.9003342625e+00 -1.5877162924e-01 -4.5565785024e+00 -1.7042458302e+00  2.3867648255e+00 -1.8267239164e+00 -1.0887984591e+00 -1.6750606409e-01 -2.5830597014e+00 -9.7627600446e-01  1.1626570906e+00 -7.2021886874e-01  1.0591900482e+00 -2.6836843748e-01  6.3413443289e-01 -8.7448633729e-01 -2.6736609701e-02 -3.7771389362e+00 -1.8213771057e+00  1.1537119430e+00  2.6411762586e+00  1.7185416519e+00 -8.1472323840e-01  2.6685252151e+00 -7.6790603692e-01 -6.2372655223e-01  5.2286352083e-01  2.3063306285e+00  8.6526816484e-01  3.4772757272e-01  2.7686684255e+00 -8.1511083073e-01 -4.9665748525e+00 -6.9116871816e-01  2.4603389019e+00 -3.9764399888e+00 -1.8995653593e+00  3.3066910150e+00 -5.3990001145e+00 -2.4023347381e+00  2.3547224853e+00 -1.5541730715e+00 -2.1369397821e+00 -3.5062493393e-01 -2.4899159916e+00 -7.7392409915e-01 -9.7623350965e-01 -1.8993778087e+00 -1.2097444427e+00  2.0006490693e+00 -2.8957810714e+00  6.4847886038e-02  1.2899843295e+00  6.2734210639e-01 -1.8658325765e+00 -2.2681576797e-01 -3.4935116920e+00 -2.7925771932e+00  1.0343635030e+00
ENERGY -4.388715298326e+02

JOB 19
COORDS  1.7291546069e+00  1.2133096930e+00 -5.5968284139e-01  1.8041582417e+00 -1.2265464363e-01 -5.8663662254e-01 -5.4162384434e-01 -2.6724113164e-01 -1.0452491045e-01  4.7862893389e-01  1.8688380859e+00 -2.0330949625e-02 -4.6338681460e+00 -1.6322937540e+00  2.3323527189e+00 -1.7439546779e+00 -1.1882094950e+00 -7.3751932413e-02 -2.5910228519e+00 -9.7333132002e-01  1.1852005842e+00 -7.0661649277e-01  1.0002913971e+00 -7.4858673721e-02  7.1285246345e-01 -8.9826646798e-01 -1.4362974411e-01 -3.7654560364e+00 -1.8460180152e+00  1.1739263537e+00  2.5533799558e+00  1.8162922444e+00 -9.2832160691e-01  2.6635225910e+00 -6.7602042035e-01 -9.5218427879e-01  6.2516969246e-01  2.1844201113e+00  1.0256253560e+00  2.5266878654e-01  2.7862965824e+00 -5.7677860542e-01 -5.0657583213e+00 -6.2706244581e-01  2.2795571980e+00 -4.1183285690e+00 -1.7256324408e+00  3.3051975417e+00 -5.4593694353e+00 -2.3507332191e+00  2.3085652974e+00 -1.4210387749e+00 -2.2364100041e+00 -1.2570599686e-01 -2.3659519434e+00 -9.9573609275e-01 -9.5263975529e-01 -1.9604239300e+00 -1.1136799157e+00  2.0832303301e+00 -2.9286234631e+00  6.6987241332e-02  1.1963367772e+00  7.0952374886e-01 -1.8710781880e+00 -4.2061943160e-01 -3.4561194939e+00 -2.8167504838e+00  1.1701797804e+00
ENERGY -4.388715813738e+02

JOB 20
COORDS  1.6915887906e+00  1.2563277144e+00 -6.2587581649e-01  1.7828990470e+00 -7.2097047669e-02 -7.6080733146e-01 -4.8849995877e-01 -3.0593805943e-01 -2.5579262716e-02  5.0560184235e-01  1.8388862625e+00  1.0768177809e-01 -4.7078931308e+00 -1.5813006027e+00  2.2563754190e+00 -1.6624928610e+00 -1.2613759768e+00  3.5074597111e-02 -2.6056714300e+00 -9.5675757518e-01  1.2011913682e+00 -6.6708768144e-01  9.5137797180e-01  1.2036752302e-01  7.6460434532e-01 -9.0216768919e-01 -2.4757633755e-01 -3.7477002738e+00 -1.8723666862e+00  1.1909700090e+00  2.4552938646e+00  1.9045613636e+00 -1.0445665203e+00  2.5998097846e+00 -5.7754494970e-01 -1.2663318617e+00  7.7035546900e-01  2.0718604059e+00  1.1519704824e+00  2.0394532145e-01  2.7928017600e+00 -3.4098292264e-01 -5.1660921160e+00 -6.0349902423e-01  2.0725704349e+00 -4.2648491163e+00 -1.5593174911e+00  3.2683439542e+00 -5.5060454087e+00 -2.3303592387e+00  2.2449555117e+00 -1.2939166003e+00 -2.2925064547e+00  1.2120068408e-01 -2.2267225886e+00 -1.2016346002e+00 -9.0191632677e-01 -2.0383380744e+00 -9.8599495433e-01  2.1497206284e+00 -2.9754640723e+00  6.6037235090e-02  1.0899296534e+00  7.4465852297e-01 -1.8541203482e+00 -5.8990949273e-01 -3.4081884102e+00 -2.8259022899e+00  1.3077424598e+00
ENERGY -4.388719511061e+02

JOB 21
COORDS  1.6573511191e+00  1.2525360604e+00 -6.9218127633e-01  1.7325952226e+00 -6.2996676926e-02 -9.2734937072e-01 -4.3160986819e-01 -3.6524546652e-01  5.9306944120e-02  5.7799194850e-01  1.7658901943e+00  2.3245965662e-01 -4.7766727943e+00 -1.5334327044e+00  2.1746710962e+00 -1.5851077390e+00 -1.3396522266e+00  1.6004319390e-01 -2.6192345526e+00 -9.4572808227e-01  1.2142542173e+00 -5.9187315778e-01  8.7724366077e-01  3.1164779277e-01  7.9179578599e-01 -9.3446515951e-01 -3.3930282467e-01 -3.7308799640e+00 -1.8994613963e+00  1.2185472031e+00  2.3544773395e+00  1.9373928614e+00 -1.1649204669e+00  2.4750316958e+00 -5.2547270244e-01 -1.5702286150e+00  9.7281120252e-01  1.9023387341e+00  1.2524712968e+00  2.3131539978e-01  2.7554094375e+00 -8.7208353887e-02 -5.2460189330e+00 -5.9653159516e-01  1.8555769209e+00 -4.4123647487e+00 -1.3908485868e+00  3.2079631068e+00 -5.5510964332e+00 -2.3070567648e+00  2.1849878039e+00 -1.1874641671e+00 -2.3384995546e+00  3.8857288861e-01 -2.0812816103e+00 -1.4163138831e+00 -8.1512615715e-01 -2.1247013823e+00 -8.5380634825e-01  2.1977553026e+00 -3.0101969991e+00  4.5742184277e-02  9.7148295590e-01  7.3206737644e-01 -1.8635552008e+00 -7.3683672561e-01 -3.3735230440e+00 -2.8218998014e+00  1.4628486822e+00
ENERGY -4.388725332682e+02

JOB 22
COORDS  1.6053685978e+00  1.2803549525e+00 -7.3714290393e-01  1.6543325967e+00 -1.4639405541e-02 -1.0723630768e+00 -3.8357254500e-01 -4.0423949836e-01  1.2861697379e-01  6.3906451571e-01  1.7160574623e+00  3.3980213379e-01 -4.8220373200e+00 -1.5081502490e+00  2.0922256685e+00 -1.5111834967e+00 -1.3997275076e+00  2.7990974566e-01 -2.6275066445e+00 -9.3267413140e-01  1.2109860255e+00 -5.1590387287e-01  8.1584814274e-01  4.8445670902e-01  7.8903342897e-01 -9.3369143287e-01 -4.4297866206e-01 -3.6993161946e+00 -1.9315194474e+00  1.2541947039e+00  2.2422838370e+00  2.0036730833e+00 -1.2366309471e+00  2.3178358672e+00 -4.2353071510e-01 -1.8280036077e+00  1.1470263326e+00  1.7781200427e+00  1.3160518328e+00  2.5952673400e-01  2.7240941037e+00  1.3689745909e-01 -5.3065432524e+00 -6.3849230839e-01  1.6350845566e+00 -4.5351710778e+00 -1.2289888332e+00  3.1219623812e+00 -5.5631375183e+00 -2.3120547941e+00  2.1456687760e+00 -1.0896996016e+00 -2.3467697123e+00  6.4732778441e-01 -1.9388251466e+00 -1.6167594458e+00 -7.0746936683e-01 -2.2080172320e+00 -7.0351006447e-01  2.2055198723e+00 -3.0413209861e+00  4.9240137427e-03  8.3016037138e-01  6.8487211799e-01 -1.8330695374e+00 -8.9624852064e-01 -3.3234458948e+00 -2.8014550642e+00  1.6287920737e+00
ENERGY -4.388729470011e+02

JOB 23
COORDS  1.5596236789e+00  1.3006237708e+00 -7.5670036119e-01  1.5638335486e+00  3.3493804720e-02 -1.1878888316e+00 -3.4041143363e-01 -4.4470773876e-01  1.8872206596e-01  7.0898364713e-01  1.6593091040e+00  4.3950501711e-01 -4.8554042473e+00 -1.4820682557e+00  2.0144168855e+00 -1.4431733167e+00 -1.4563342005e+00  4.0144478968e-01 -2.6318854283e+00 -9.2437193211e-01  1.1975415687e+00 -4.2730654546e-01  7.4688919223e-01  6.4216379812e-01  7.5903252999e-01 -9.2974785528e-01 -5.4515438859e-01 -3.6707331472e+00 -1.9549272264e+00  1.2965711116e+00  2.1510513404e+00  2.0571209151e+00 -1.2629251387e+00  2.1455672539e+00 -3.1918185664e-01 -2.0338342657e+00  1.3137561671e+00  1.6599404947e+00  1.3610409161e+00  3.1261957650e-01  2.6767745049e+00  3.4339799748e-01 -5.3403355370e+00 -6.9177334406e-01  1.4309343512e+00 -4.6402697558e+00 -1.0732675785e+00  3.0179269312e+00 -5.5713355312e+00 -2.3032425432e+00  2.1214687808e+00 -1.0105737748e+00 -2.3318494283e+00  9.0770524805e-01 -1.8033987202e+00 -1.8154704148e+00 -5.7148860070e-01 -2.2891966252e+00 -5.5711197156e-01  2.1784766638e+00 -3.0528596107e+00 -5.8854114922e-02  6.7744235828e-01  5.9650563680e-01 -1.7888029051e+00 -1.0556531705e+00 -3.2886925155e+00 -2.7580917409e+00  1.7940657698e+00
ENERGY -4.388729436085e+02

