JOB 0
COORDS  4.6587934811e-01 -1.0298758684e+00  6.2987111421e-01  2.2068779112e-01 -1.3876417107e+00  1.9305530407e+00  3.4280815769e-01 -3.4040249007e+00  1.0972106420e+00 -8.3759997455e-01 -5.5704631152e+00 -2.6703984064e-01  1.4239191409e-01 -2.7283652352e+00  2.1879564736e+00  1.6564326542e+00 -5.6656097165e+00  6.4857775876e-01 -2.9051731907e-01 -5.6825921485e+00  2.3221745350e+00  6.3310921085e-01 -2.4517444841e+00 -3.4182742518e-01  3.2262008537e-01 -5.2281960211e+00  1.0762488227e+00 -1.0894577203e-02 -1.4416550638e-01  3.3402939617e+00  5.5958435821e-01 -3.8505550910e-02  2.0794283426e-01 -9.2355427933e-01 -6.6584375430e+00 -3.0710308842e-01 -1.8005642999e+00 -5.1191049923e+00 -2.5201172965e-02 -4.3529807280e-01 -5.1900207866e+00 -1.2067020928e+00
ENERGY -3.730032969255e+03

JOB 1
COORDS  3.1675063649e-01 -1.0706994475e+00  6.4791197003e-01  2.8519093723e-01 -1.4265127393e+00  1.9712766985e+00  2.0535133364e-01 -3.4439252031e+00  1.1332808690e+00 -7.7457429313e-01 -5.6631075462e+00 -3.1264061515e-01  2.1730325832e-01 -2.7654543957e+00  2.2400297184e+00  1.5832803754e+00 -5.7060142714e+00  9.1191383736e-01 -5.4672921560e-01 -5.6966131533e+00  2.3323930528e+00  2.7232226458e-01 -2.4940615047e+00 -3.3597836470e-01  2.0441557608e-01 -5.2686071449e+00  1.1537688024e+00  3.2099986065e-01 -1.8208747684e-01  3.3981534192e+00  3.5487994710e-01 -8.0911668755e-02  2.1396636042e-01 -8.2161552380e-01 -6.7537864760e+00 -3.3969995457e-01 -1.7733883485e+00 -5.2401079804e+00 -2.0026898083e-01 -2.7038553150e-01 -5.2916699490e+00 -1.2059396553e+00
ENERGY -3.730031894896e+03

JOB 2
COORDS  2.0853541034e-01 -8.9894781858e-01  8.7012522629e-01 -9.8626082740e-01 -1.3742987876e+00  1.3443985538e+00  7.8874305545e-02 -3.2827395237e+00  1.2967959503e+00  1.7490556792e+00 -5.4386392803e+00  5.5410257801e-01 -1.0551347038e+00 -2.7189560316e+00  1.5810660790e+00  6.9781785864e-01 -5.2415208694e+00  2.9863922815e+00 -8.4718252134e-01 -5.7612852469e+00  1.0165122195e+00  1.3312602305e+00 -2.2073193408e+00  7.1213141894e-01  3.1066672268e-01 -5.0699527776e+00  1.5832212287e+00 -2.5000357341e+00 -2.8412388136e-01  1.6681967911e+00  4.7715702538e-01  1.1473808121e-01  6.0630335934e-01  1.9241437416e+00 -6.5079574556e+00  6.8908634056e-01  1.5144675074e+00 -5.2216848122e+00 -4.8852250545e-01  2.6135047429e+00 -4.8757112326e+00  9.0927917587e-01
ENERGY -3.730031314592e+03

JOB 3
COORDS  1.5002604928e-01 -8.9363913891e-01  7.5878819734e-01 -9.7025895870e-01 -1.3333790578e+00  1.4142145131e+00  4.9809084354e-02 -3.2624618975e+00  1.2733982268e+00  1.7893429878e+00 -5.4027030066e+00  6.4632076380e-01 -1.0218940147e+00 -2.6688047191e+00  1.7015313098e+00  5.1289473736e-01 -5.2573255588e+00  2.9720806264e+00 -8.3872266364e-01 -5.7354468313e+00  8.5762886593e-01  1.2179775432e+00 -2.2276854076e+00  4.7888030470e-01  2.6059028386e-01 -5.0546029582e+00  1.5436749021e+00 -2.4049204065e+00 -2.0666637182e-01  1.9210681481e+00  3.9536043193e-01  1.0810354754e-01  4.3392646895e-01  1.9540243629e+00 -6.4735073340e+00  7.8246344654e-01  1.6534130184e+00 -5.1761811212e+00 -4.1186849590e-01  2.6133676446e+00 -4.8414661927e+00  1.0890842073e+00
ENERGY -3.730031041661e+03

JOB 4
COORDS  8.5025793712e-02 -9.0048178443e-01  6.7555707714e-01 -9.3626272896e-01 -1.3029793626e+00  1.4959213970e+00  2.1611339494e-02 -3.2543436400e+00  1.2596404013e+00  1.8095960329e+00 -5.3802217521e+00  7.2580138292e-01 -9.6688681222e-01 -2.6299135508e+00  1.8228865765e+00  3.3074476979e-01 -5.2992258508e+00  2.9328232311e+00 -8.2733971816e-01 -5.7112750145e+00  6.9397093252e-01  1.0780082775e+00 -2.2619159503e+00  2.7688545311e-01  2.0804119858e-01 -5.0540199837e+00  1.4951892753e+00 -2.2628643848e+00 -1.3637276397e-01  2.1769391896e+00  3.0253456410e-01  9.0243761530e-02  3.0088968335e-01  1.9649149411e+00 -6.4538404827e+00  8.5023709246e-01  1.7666875345e+00 -5.1324577446e+00 -3.3572015730e-01  2.5880971183e+00 -4.8252765596e+00  1.2507048259e+00
ENERGY -3.730031068079e+03

JOB 5
COORDS  1.1103260362e-02 -9.5673670603e-01  5.7383301957e-01 -8.8312551051e-01 -1.3261480254e+00  1.5446662163e+00  1.1935620011e-02 -3.2942717825e+00  1.2208797785e+00  1.8704197261e+00 -5.3850973668e+00  8.1021442777e-01 -8.7654525156e-01 -2.6440806670e+00  1.9083019273e+00  1.8877878382e-01 -5.3755107419e+00  2.8689251199e+00 -7.4839765097e-01 -5.7448674640e+00  5.2202744395e-01  9.2091035025e-01 -2.3399727824e+00  6.7688109786e-02  1.9963634530e-01 -5.0969263313e+00  1.4332164095e+00 -2.0824043575e+00 -1.2534362397e-01  2.3844515840e+00  1.8455596699e-01  2.3096347660e-02  1.5054068481e-01  2.0337929217e+00 -6.4585545946e+00  9.2590074217e-01  1.9242634852e+00 -5.1149101163e+00 -2.4542775302e-01  2.5831312302e+00 -4.8248947584e+00  1.4164541702e+00
ENERGY -3.730031390585e+03

JOB 6
COORDS -7.5669168825e-02 -9.5015220281e-01  5.1024413503e-01 -8.1674378216e-01 -1.2913306418e+00  1.6117238443e+00 -4.2587099065e-02 -3.2857518608e+00  1.1627647905e+00  1.8660703255e+00 -5.3496988391e+00  8.7057940519e-01 -7.9063303963e-01 -2.6081857313e+00  1.9791639424e+00 -9.4108751525e-03 -5.4169798817e+00  2.7530634249e+00 -7.1159382745e-01 -5.7124968050e+00  3.1393010355e-01  6.9819102030e-01 -2.3614172581e+00 -1.2648998671e-01  1.3948793669e-01 -5.0932226512e+00  1.3355821545e+00 -1.8370570117e+00 -5.4649150247e-02  2.6195091264e+00  5.5396305108e-02  2.3237996989e-02  5.7694378745e-02  2.0353766533e+00 -6.4233561395e+00  9.7613331199e-01  2.0183454112e+00 -5.0498131774e+00 -1.6723348492e-01  2.5059377601e+00 -4.7920726587e+00  1.5552810012e+00
ENERGY -3.730032027898e+03

JOB 7
COORDS -2.1430055030e-01 -9.7670476970e-01  4.1073287944e-01 -7.6456766912e-01 -1.2786658295e+00  1.6298282840e+00 -1.4417722887e-01 -3.3019168757e+00  1.0851811526e+00  1.8605073481e+00 -5.2894810865e+00  9.7829324310e-01 -7.1264406260e-01 -2.5907522467e+00  2.0113314819e+00 -2.0331622007e-01 -5.4570332923e+00  2.6435990408e+00 -6.3308074691e-01 -5.7264107862e+00  1.3801293611e-01  3.9090470464e-01 -2.4196041958e+00 -3.2775563327e-01  8.5162098689e-02 -5.1030538383e+00  1.2558750486e+00 -1.5642067036e+00  2.7545463352e-03  2.7727811247e+00 -1.4255835905e-01 -1.4654117826e-02 -7.8038768966e-02  2.0649675379e+00 -6.3551701191e+00  1.1013702989e+00  2.1079388592e+00 -4.9721675078e+00 -3.5407678204e-02  2.3967566116e+00 -4.7068213969e+00  1.7283134843e+00
ENERGY -3.730033187961e+03

JOB 8
COORDS -1.6482914695e+00 -2.4105460489e+00 -8.0459573564e-01 -2.0583162205e+00 -3.0916785653e+00  3.1370268633e-01 -4.2215524278e-01 -4.4227568429e+00 -2.5274762174e-01  2.2893311886e+00 -4.9250377637e+00  3.3521569011e-01 -1.3525799375e+00 -4.2183664168e+00  6.3153378503e-01  3.7020343591e-01 -6.6376108081e+00  9.9439620523e-01  9.2486963681e-01 -6.3235742284e+00 -1.4848434273e+00 -3.1215722431e-01 -3.2343338350e+00 -1.5301923894e+00  7.7149304577e-01 -5.7898766918e+00 -1.2547922911e-01 -3.5112314032e+00 -2.5526669374e+00  1.4033438937e+00 -2.0628951780e+00 -1.5082797942e+00 -1.2333767424e+00  3.0462275346e+00 -5.7020763638e+00  4.6284404039e-01  2.5746921475e+00 -4.2411006184e+00 -4.6473222574e-01  2.1166485384e+00 -4.4001272818e+00  1.2756646279e+00
ENERGY -3.730035006014e+03

JOB 9
COORDS -1.6009595732e+00 -2.2298806134e+00 -6.4800853956e-01 -1.8472836727e+00 -2.7369758413e+00  6.0390874415e-01 -4.8167973375e-01 -4.2950384762e+00 -8.3307701503e-02  2.1715748584e+00 -4.9974111254e+00  5.2944261297e-01 -1.1999511909e+00 -3.8965233969e+00  9.2555248702e-01  1.4144735119e-01 -6.6307054410e+00  1.0449994597e+00  7.5624163991e-01 -6.1883722654e+00 -1.4019231657e+00 -5.0947364807e-01 -3.2687587529e+00 -1.4952058699e+00  6.1545450028e-01 -5.7382296465e+00 -1.0512163033e-02 -3.0066282421e+00 -1.9247178453e+00  1.8633334921e+00 -2.0115406739e+00 -1.3391453770e+00 -1.1040183451e+00  2.8836916260e+00 -5.8214467442e+00  6.1125785109e-01  2.5030703490e+00 -4.2757884625e+00 -2.1799167875e-01  2.0107437308e+00 -4.5301564768e+00  1.5017928745e+00
ENERGY -3.730037106570e+03

JOB 10
COORDS -1.6916646499e+00 -2.2621983663e+00 -6.7250453397e-01 -1.7518441466e+00 -2.6514733929e+00  6.4332666374e-01 -4.7635284510e-01 -4.2625658825e+00 -9.0006366790e-02  2.1337532759e+00 -5.0006553820e+00  6.3199803273e-01 -1.0527466518e+00 -3.7779867673e+00  9.7198332343e-01  9.4371596207e-02 -6.6788196623e+00  9.0069247909e-01  8.3847898784e-01 -6.0453627245e+00 -1.4667868363e+00 -7.0980088464e-01 -3.3675245475e+00 -1.5676976027e+00  6.1971659833e-01 -5.7041714555e+00 -5.3996530177e-02 -2.7271465181e+00 -1.7240614064e+00  1.9773760454e+00 -2.1757709686e+00 -1.4173565820e+00 -1.1434673552e+00  2.8489600543e+00 -5.8238221600e+00  6.9284622513e-01  2.4981545791e+00 -4.2212532834e+00 -3.8187585565e-02  1.9084527370e+00 -4.6103474952e+00  1.6251019270e+00
ENERGY -3.730038863204e+03

JOB 11
COORDS -1.7883385470e+00 -2.3459626908e+00 -7.1709821128e-01 -1.6641679236e+00 -2.6203527862e+00  6.2290068236e-01 -4.3193295888e-01 -4.2518925172e+00 -1.3754871764e-01  2.1252665210e+00 -5.0337175944e+00  7.0153307843e-01 -8.9071439948e-01 -3.6983025572e+00  9.4839973317e-01  8.2695244636e-02 -6.7320927925e+00  7.2275507584e-01  9.6962878478e-01 -5.9382658800e+00 -1.5430738438e+00 -8.8365312751e-01 -3.4946880202e+00 -1.6391824233e+00  6.6423533752e-01 -5.6922185134e+00 -1.2631995369e-01 -2.4863526829e+00 -1.6018591327e+00  1.9932141600e+00 -2.3556214400e+00 -1.5548316599e+00 -1.1884202230e+00  2.8387499500e+00 -5.8586391015e+00  7.5612139651e-01  2.5266961663e+00 -4.2125678819e+00  1.0660555475e-01  1.8320383816e+00 -4.7063287601e+00  1.6994387427e+00
ENERGY -3.730039943191e+03

JOB 12
COORDS  8.6481061353e-01 -1.2423354192e+00  5.1575649029e-01 -2.1398189728e-01 -1.4448978586e+00  1.3402385472e+00  3.1164228689e-01 -3.5357891267e+00  1.0048263719e+00  1.2092695328e-01 -5.6182254912e+00  2.8676333783e+00 -5.2667893912e-01 -2.7468420672e+00  1.6145826664e+00 -1.0625836724e+00 -5.7695779810e+00  4.9176926100e-01  1.4921103875e+00 -5.8201138708e+00  5.6887955670e-01  1.5512456299e+00 -2.7626103306e+00  5.9373092348e-02  2.0362789599e-01 -5.3402722193e+00  1.0884279694e+00 -1.2490149845e+00 -4.8402701969e-02  2.0948209360e+00  1.2760645451e+00 -3.0404724312e-01  1.6913212558e-01  8.9604055307e-03 -6.6967284775e+00  2.9961580040e+00  1.0479802627e+00 -5.2655389797e+00  3.3205975532e+00 -7.4776852564e-01 -5.0862646394e+00  3.2560758835e+00
ENERGY -3.730040299889e+03

JOB 13
COORDS  7.4386860514e-01 -1.2160717297e+00  4.3296878808e-01 -1.8716648814e-01 -1.4382946500e+00  1.4153786957e+00  3.4023495938e-01 -3.5196784827e+00  1.0195831993e+00  1.8571051214e-02 -5.5941851548e+00  2.8728489568e+00 -4.1877281079e-01 -2.7462761904e+00  1.7427022619e+00 -9.3728772786e-01 -5.7775453240e+00  3.9545258765e-01  1.5962946176e+00 -5.7955534036e+00  7.1165563563e-01  1.3928798756e+00 -2.7238037420e+00 -1.1489207483e-01  2.6144714878e-01 -5.3264586994e+00  1.1073886247e+00 -1.1283235155e+00 -6.3002702867e-02  2.3170230081e+00  1.0748802031e+00 -2.7163721749e-01  2.3074069503e-02 -8.7269015125e-02 -6.6743503170e+00  2.9917417266e+00  8.9473468431e-01 -5.2261377259e+00  3.4069810922e+00 -8.8867762370e-01 -5.0744528342e+00  3.1798094625e+00
ENERGY -3.730040034381e+03

JOB 14
COORDS  1.1626541401e-01 -9.5283752591e-01  5.0908462882e-01 -6.1902668797e-01 -1.2384178130e+00  1.6296820765e+00 -2.2572183890e-02 -3.2803255380e+00  1.1293723030e+00 -3.5340125478e-01 -5.3918297597e+00  2.9425285252e+00 -7.0265024366e-01 -2.5606273050e+00  1.9758029194e+00 -1.0766060874e+00 -5.6052204277e+00  3.8347782106e-01  1.4108029259e+00 -5.4793366399e+00  9.2855647153e-01  7.6516422738e-01 -2.4130159195e+00 -1.5810670765e-01  2.2277215993e-02 -5.0901473543e+00  1.2062744169e+00 -1.4909151986e+00  6.6809958056e-02  2.6910779058e+00  3.1245410199e-01  1.1819762558e-02  6.1533918549e-02 -3.5450124680e-01 -6.4788561150e+00  3.0450636128e+00  4.2791536848e-01 -4.9423253464e+00  3.5551092238e+00 -1.3327330636e+00 -4.9731131568e+00  3.1701197267e+00
ENERGY -3.730039420238e+03

JOB 15
COORDS -3.8329914691e-02 -9.3077569206e-01  5.1352000165e-01 -5.6866818593e-01 -1.2217717775e+00  1.7421438307e+00 -4.9811838036e-02 -3.2597075459e+00  1.1483526200e+00 -4.6614868966e-01 -5.3796451272e+00  2.9369649855e+00 -5.7772652335e-01 -2.5443343487e+00  2.1000725524e+00 -9.0225568032e-01 -5.6289489405e+00  3.1257788914e-01  1.5006149417e+00 -5.4035994715e+00  1.1241628028e+00  4.9364656383e-01 -2.3880708151e+00 -2.5759995375e-01  7.7527799270e-02 -5.0660520645e+00  1.2481190104e+00 -1.2663775822e+00  7.5075137029e-02  2.9342147776e+00  6.7870212211e-02  3.4003762568e-02  3.6795401482e-02 -4.0627952257e-01 -6.4644729704e+00  3.0462412909e+00  2.1052151441e-01 -4.8779170567e+00  3.6276532741e+00 -1.4902392310e+00 -5.0280986630e+00  3.0536658597e+00
ENERGY -3.730038943360e+03

JOB 16
COORDS -1.1929156045e-01 -9.7815276095e-01  4.0253778686e-01 -4.3117398855e-01 -1.2227322439e+00  1.7136541018e+00 -5.7918157677e-02 -3.2875264510e+00  1.1035787809e+00 -5.5477384253e-01 -5.3973864955e+00  2.8836666679e+00 -3.9159554047e-01 -2.5330633668e+00  2.1113559748e+00 -6.7475072178e-01 -5.7012934792e+00  2.2520696684e-01  1.6013773407e+00 -5.3507367412e+00  1.3064665416e+00  2.3785786927e-01 -2.4686633407e+00 -4.0440696441e-01  1.6013556699e-01 -5.0804753134e+00  1.2607174386e+00 -9.0272176727e-01  1.2133210210e-01  2.9630258409e+00 -8.9827328881e-02 -3.0362375829e-02 -1.1725545544e-01 -4.4162714971e-01 -6.4736440787e+00  3.0290797504e+00  2.8884239044e-03 -4.8370212709e+00  3.6326470474e+00 -1.6062831131e+00 -5.1122105730e+00  2.8707270490e+00
ENERGY -3.730039039211e+03

JOB 17
COORDS -2.6564852887e-01 -1.0997391572e+00  2.3542167703e-01 -3.6418722552e-01 -1.2615493735e+00  1.5930161112e+00 -5.1654890115e-02 -3.3567277601e+00  1.0590709790e+00 -6.0788716274e-01 -5.4561284933e+00  2.8313534395e+00 -2.3540091871e-01 -2.5422838905e+00  2.0590701303e+00 -4.2454323623e-01 -5.8021261501e+00  1.7655683665e-01  1.6981584735e+00 -5.3148394025e+00  1.4954295095e+00 -1.3220282939e-02 -2.6348358611e+00 -5.2430278449e-01  2.5919324445e-01 -5.1265380261e+00  1.2870576322e+00 -6.6752527270e-01  1.5569765096e-01  2.8135134770e+00 -3.3591654957e-01 -1.8639504364e-01 -3.3929710200e-01 -4.1905891639e-01 -6.5102100785e+00  3.0441762803e+00 -1.9341056170e-01 -4.8163484784e+00  3.6095285471e+00 -1.6717688677e+00 -5.2713269010e+00  2.6827461720e+00
ENERGY -3.730039614627e+03

JOB 18
COORDS -3.9957779145e-01 -1.1411779913e+00  2.1673146859e-01 -2.9100843276e-01 -1.2537978709e+00  1.5797709772e+00 -2.8991105455e-02 -3.3618564338e+00  1.0766195708e+00 -6.7786458068e-01 -5.4977085409e+00  2.7681798704e+00 -7.5630117034e-02 -2.5142899624e+00  2.0648936014e+00 -2.5280608780e-01 -5.7896919946e+00  1.3280448223e-01  1.7314364362e+00 -5.2826791016e+00  1.6549711756e+00 -2.4364625907e-01 -2.6997297748e+00 -5.1825142117e-01  3.1591046327e-01 -5.1231694058e+00  1.3124526584e+00 -4.2935488013e-01  2.0573258190e-01  2.7803059624e+00 -5.6556900361e-01 -2.4876575471e-01 -3.7116225941e-01 -4.8268654607e-01 -6.5478791683e+00  2.9942392813e+00 -3.5046141671e-01 -4.8530077832e+00  3.5836300976e+00 -1.7287046201e+00 -5.3391868794e+00  2.5247361325e+00
ENERGY -3.730040156174e+03

JOB 19
COORDS -4.9401325958e-01 -1.1418532702e+00  2.6250687957e-01 -1.8238018532e-01 -1.2106959522e+00  1.5979012331e+00  3.6419083979e-02 -3.3288611691e+00  1.1227274610e+00 -7.2752850672e-01 -5.4971734705e+00  2.7218955288e+00  1.1828379574e-01 -2.4524247833e+00  2.0829199504e+00 -8.4382531915e-02 -5.7357559509e+00  1.2878329422e-01  1.7625333713e+00 -5.2446268940e+00  1.8303072539e+00 -4.2333944236e-01 -2.7196708203e+00 -4.4144037983e-01  3.8417946303e-01 -5.0886053344e+00  1.3625658321e+00 -1.5784213612e-01  2.8620835685e-01  2.7596728520e+00 -7.5306698310e-01 -2.6840725742e-01 -3.2031874699e-01 -5.4832939860e-01 -6.5500764220e+00  2.9490834444e+00 -4.7218947580e-01 -4.8652774478e+00  3.5728474662e+00 -1.7553475396e+00 -5.3392410775e+00  2.3936427691e+00
ENERGY -3.730040280751e+03

JOB 20
COORDS  6.9104749246e-01 -1.0404011005e+00  8.3706338677e-01 -3.1732997649e-01 -1.4499619045e+00  1.6749207939e+00  3.9689782933e-01 -3.4203993950e+00  1.0701662080e+00 -1.0783594393e+00 -5.5830129582e+00  7.7139241350e-02 -4.8501509843e-01 -2.7997872585e+00  1.8002393325e+00  1.5958902176e+00 -5.4794975725e+00  1.5537987136e-02  4.0534410386e-01 -5.8164712208e+00  2.2630943348e+00  1.4850830558e+00 -2.4153781294e+00  1.5394246621e-01  4.7189837609e-01 -5.2234665289e+00  9.2756509692e-01 -1.4485850892e+00 -2.6616528341e-01  2.6289154671e+00  9.9828478058e-01 -2.9766011595e-02  6.0454494869e-01 -1.1126381605e+00 -6.6680552915e+00 -4.1658735389e-02 -1.8995818312e+00 -5.2347048972e+00  7.0426519081e-01 -1.0710235099e+00 -5.0874315556e+00 -8.9434413109e-01
ENERGY -3.730039787025e+03

JOB 21
COORDS  5.8211018933e-01 -1.0354681738e+00  7.6005280953e-01 -2.8181566787e-01 -1.4297833790e+00  1.7523441380e+00  3.8459021368e-01 -3.4114831188e+00  1.1283798059e+00 -1.0360703296e+00 -5.5570348828e+00  2.2110965771e-02 -3.9981019369e-01 -2.7762006354e+00  1.9502664155e+00  1.6287371584e+00 -5.5076170274e+00  1.9058432262e-01  2.3605548191e-01 -5.7947295670e+00  2.3330340032e+00  1.3060445006e+00 -2.4228986865e+00  2.6491583019e-02  4.4046227789e-01 -5.2181442153e+00  1.0054622982e+00 -1.2841121521e+00 -2.2821073567e-01  2.8211746909e+00  8.3085158153e-01 -2.9704332766e-02  4.4943584064e-01 -1.0811546623e+00 -6.6425016346e+00 -9.0109864795e-02 -1.9041210578e+00 -5.1895072008e+00  5.7056854334e-01 -9.3477496025e-01 -5.0730902737e+00 -9.4996731714e-01
ENERGY -3.730038615418e+03

JOB 22
COORDS  5.5454641254e-01 -1.0817801335e+00  7.2424921232e-01 -1.2949934366e-01 -1.4619612411e+00  1.8522536975e+00  4.1375228518e-01 -3.4563390842e+00  1.1488851562e+00 -9.8304277375e-01 -5.5619203801e+00 -6.7756637431e-02 -2.2063612326e-01 -2.8063061659e+00  2.0801001319e+00  1.6536490650e+00 -5.6123527675e+00  3.1235604663e-01  8.1605098354e-02 -5.8230762455e+00  2.3407261843e+00  1.1443966379e+00 -2.4812204559e+00 -1.0173314005e-01  4.2047217538e-01 -5.2677199056e+00  1.0324303866e+00 -9.2719918047e-01 -2.4414999035e-01  3.0650048094e+00  7.5088302463e-01 -8.1064483237e-02  3.6377552950e-01 -1.0584440109e+00 -6.6464303757e+00 -1.7327138582e-01 -1.8805957310e+00 -5.1587797431e+00  4.0289610287e-01 -7.8668145855e-01 -5.0954480479e+00 -1.0336950919e+00
ENERGY -3.730036822577e+03

JOB 23
COORDS  3.9615348628e-01 -1.0402157512e+00  6.8077187591e-01 -8.9923909246e-02 -1.4025514959e+00  1.9115097424e+00  3.2690353821e-01 -3.4110280987e+00  1.1608678887e+00 -9.1276342972e-01 -5.5810289375e+00 -1.2758453936e-01 -1.4152387751e-01 -2.7434497985e+00  2.1728983484e+00  1.6585902683e+00 -5.6088956611e+00  5.5364048218e-01 -1.3245438003e-01 -5.7270286938e+00  2.3972360329e+00  8.4411794074e-01 -2.4545791108e+00 -2.0806760643e-01  3.5494846249e-01 -5.2302860570e+00  1.1128772476e+00 -6.7536247175e-01 -1.6515727802e-01  3.2209585985e+00  5.2307489080e-01 -4.6813001291e-02  2.7232926808e-01 -9.8097283212e-01 -6.6697139339e+00 -1.8240381869e-01 -1.8582755536e+00 -5.1551094778e+00  2.1062289261e-01 -6.0446174394e-01 -5.1699409375e+00 -1.0893786070e+00
ENERGY -3.730034727665e+03

