JOB 0
COORDS  2.8648098308e-01 -1.1772543550e+00  6.3061709019e-01  2.6539565136e+00 -7.6945191751e-01  4.8550579594e-01  4.3067790685e-01 -1.3910145549e+00  1.9882908359e+00  2.7454130526e+00 -9.8308315996e-01  1.8525153953e+00  1.4104717665e+00 -8.7360166351e-01 -1.4984299132e-01  1.1657002896e+00 -5.9420644686e-01 -1.6246469999e+00  1.7753759943e+00 -1.5620936754e+00  4.0366267446e+00  1.6481162756e+00 -1.2923286684e+00  2.5816902551e+00  2.2551301827e+00 -6.1088805243e-01 -2.4426097283e+00  3.1534300106e-02 -3.1686924016e-01 -1.9867856392e+00 -6.9246104871e-01 -1.2283097444e+00  1.6548609132e-01  3.5554147930e+00 -4.9197574188e-01 -4.9872329645e-02 -4.0443433925e-01 -1.6362415354e+00  2.6348807181e+00  3.6825077057e+00 -9.0720034597e-01  2.3921683446e+00  1.8835448096e+00 -2.6371791934e+00  4.1928526517e+00  2.6489903991e+00 -1.0393100110e+00  4.4227436935e+00  8.8402630357e-01 -1.1975455350e+00  4.5458142771e+00  2.0714502371e+00 -4.8284267345e-01 -3.4333225751e+00  3.1031637923e+00 -1.1086185171e+00 -2.2040919493e+00
ENERGY -4.567488824289e+02

JOB 1
COORDS  3.0360711426e-01 -1.1998510471e+00  6.0729822732e-01  2.6541607625e+00 -6.8137437325e-01  4.9853317574e-01  4.4448851343e-01 -1.4358611452e+00  1.9615075841e+00  2.7388629305e+00 -9.1460988156e-01  1.8628711386e+00  1.4219081219e+00 -8.2482200392e-01 -1.5019577861e-01  1.1976621950e+00 -5.0668556053e-01 -1.6174464069e+00  1.7698836953e+00 -1.5783138389e+00  4.0240810524e+00  1.6489925271e+00 -1.2893642997e+00  2.5722348215e+00  2.2370368342e+00 -7.6028232103e-01 -2.4587984215e+00  1.2810888828e-01 -1.7166647719e-02 -1.9498289273e+00 -6.7009917546e-01 -1.2824671023e+00  1.3593808366e-01  3.5449498203e+00 -3.5825853995e-01 -2.9886733642e-02 -3.8418611823e-01 -1.7359994958e+00  2.5930161655e+00  3.6647419929e+00 -8.0481085044e-01  2.4159213553e+00  1.9104456454e+00 -2.6517502664e+00  4.1649868852e+00  2.6225533114e+00 -1.0346051763e+00  4.4275782968e+00  8.6246203081e-01 -1.2497304738e+00  4.5294706949e+00  2.0716210930e+00 -6.0463931478e-01 -3.4486020847e+00  2.9940304724e+00 -1.3848618978e+00 -2.2118042859e+00
ENERGY -4.567488817827e+02

JOB 2
COORDS  3.2576879634e-01 -1.2238164448e+00  5.9276377782e-01  2.6525238174e+00 -5.9942986523e-01  5.2278162430e-01  4.6183573442e-01 -1.4781605481e+00  1.9442049034e+00  2.7315496728e+00 -8.5206876404e-01  1.8838753959e+00  1.4341125001e+00 -7.8026227745e-01 -1.4242553705e-01  1.2309162823e+00 -4.2731767425e-01 -1.6034523809e+00  1.7661368351e+00 -1.5955874296e+00  4.0212186681e+00  1.6509269102e+00 -1.2871369054e+00  2.5729187303e+00  2.1631961050e+00 -8.9826438528e-01 -2.4724972475e+00  2.6413045533e-01  2.5774137184e-01 -1.9029728104e+00 -6.4030451139e-01 -1.3444347314e+00  1.1404165329e-01  3.5349223025e+00 -2.3765850570e-01  5.0820176014e-03 -3.5902796632e-01 -1.8293119384e+00  2.5594174187e+00  3.6457104533e+00 -7.1338366656e-01  2.4498333433e+00  1.9369080624e+00 -2.6664908075e+00  4.1471624718e+00  2.5985864029e+00 -1.0337768755e+00  4.4416817202e+00  8.4478135200e-01 -1.3013147940e+00  4.5226524180e+00  2.0191860274e+00 -7.1182676240e-01 -3.4601654675e+00  2.8384826782e+00 -1.6080584231e+00 -2.2192022215e+00
ENERGY -4.567481170083e+02

JOB 3
COORDS  3.5863604975e-01 -1.2687978535e+00  5.7480731399e-01  2.6538457450e+00 -5.3344547558e-01  5.4560016125e-01  4.8743666339e-01 -1.5277779249e+00  1.9261981945e+00  2.7254367705e+00 -7.9674901276e-01  1.9046213698e+00  1.4538009197e+00 -7.6113025055e-01 -1.3873792401e-01  1.2674860412e+00 -3.6914992117e-01 -1.5917346075e+00  1.7634076210e+00 -1.6011707910e+00  4.0225161458e+00  1.6561010026e+00 -1.2865887732e+00  2.5750107225e+00  2.0351653768e+00 -1.0228907230e+00 -2.4987159594e+00  4.4656384105e-01  5.0006237099e-01 -1.8444972070e+00 -5.9508685135e-01 -1.4373879674e+00  8.5844594802e-02  3.5267841262e+00 -1.3172960833e-01  4.1387173692e-02 -3.2485699828e-01 -1.9233977276e+00  2.5255967559e+00  3.6252572191e+00 -6.2463149602e-01  2.4841994744e+00  1.9701341329e+00 -2.6661990518e+00  4.1441460370e+00  2.5700818561e+00 -1.0134693819e+00  4.4575023714e+00  8.2602186286e-01 -1.3424822453e+00  4.5138856285e+00  1.9131460923e+00 -7.9645821024e-01 -3.4810128332e+00  2.6246658085e+00 -1.8088243464e+00 -2.2561160597e+00
ENERGY -4.567470371505e+02

JOB 4
COORDS  4.1408700161e-01 -1.3083827827e+00  5.4365926762e-01  2.6735853840e+00 -4.7009557675e-01  5.7990123057e-01  5.1818658555e-01 -1.5687703778e+00  1.8975226316e+00  2.7233538312e+00 -7.4390390789e-01  1.9366583612e+00  1.5026597057e+00 -7.4577648170e-01 -1.3786246360e-01  1.3479190854e+00 -3.0917971244e-01 -1.5821891928e+00  1.7433440728e+00 -1.6027617237e+00  4.0245268758e+00  1.6579088659e+00 -1.2828466701e+00  2.5769009685e+00  1.9106409537e+00 -1.1033776868e+00 -2.5239336145e+00  7.3011453652e-01  7.2452570858e-01 -1.7891799618e+00 -5.1846216794e-01 -1.5235235530e+00  3.2401662496e-02  3.5397202096e+00 -2.6252340220e-02  9.9957802286e-02 -2.9247659172e-01 -2.0013696899e+00  2.4731442989e+00  3.6011099123e+00 -5.4123729688e-01  2.5397067868e+00  2.0040130988e+00 -2.6559849086e+00  4.1453307380e+00  2.5051380214e+00 -9.7567936195e-01  4.4847971140e+00  7.8074208293e-01 -1.3985274342e+00  4.4921820192e+00  1.8079635216e+00 -8.4284095578e-01 -3.5001247899e+00  2.3614129391e+00 -1.9822338315e+00 -2.3029695054e+00
ENERGY -4.567462130913e+02

JOB 5
COORDS  8.8253554362e-01 -5.9472924754e-02  7.0278730072e-01  2.5575353238e+00 -1.7716347556e+00  4.3278935250e-01  8.6761415709e-01 -3.2671834651e-01  2.0610975883e+00  2.5018551693e+00 -2.0008809089e+00  1.7955681111e+00  1.7380845247e+00 -7.8618684584e-01 -1.3575261303e-01  1.9094642496e+00 -3.9659750950e-01 -1.5921239201e+00  1.6121805694e+00 -1.5788041258e+00  4.0445822130e+00  1.6692020211e+00 -1.2828344203e+00  2.5905217424e+00  1.0642504690e+00 -9.6695796047e-01 -2.4828368878e+00  2.7980681894e+00  4.0035942099e-01 -1.8531013894e+00  2.4194775408e-01  7.2484720424e-01  3.1292634309e-01  3.2502405714e+00 -2.3468966418e+00 -1.7275076619e-01  2.2825988004e-01  2.0935823003e-01  2.7532162813e+00  3.1138087084e+00 -2.7491132605e+00  2.2868133736e+00  9.3574583999e-01 -2.4187024270e+00  4.2144504828e+00  2.6127687767e+00 -1.8257245012e+00  4.3978171009e+00  1.2526769921e+00 -6.9826215742e-01  4.5745875654e+00  1.1545372705e+00 -7.2285887907e-01 -3.4645197559e+00  3.4726869059e-01 -1.6283340350e+00 -2.2128479876e+00
ENERGY -4.567460445195e+02

JOB 6
COORDS  8.7461300774e-01 -1.2622196102e-01  6.7571282309e-01  2.6301705303e+00 -1.7640694440e+00  4.6495936759e-01  8.4603690333e-01 -3.7385160470e-01  2.0385387957e+00  2.5534221705e+00 -1.9818766421e+00  1.8277530334e+00  1.7751251123e+00 -8.2848603372e-01 -1.3537233639e-01  1.9775257291e+00 -4.6080832806e-01 -1.5933606043e+00  1.5997164340e+00 -1.5687461569e+00  4.0526187848e+00  1.6739895151e+00 -1.2891349799e+00  2.5961013318e+00  9.9649717472e-01 -8.2316794626e-01 -2.4546225905e+00  3.0027946390e+00  1.3776771690e-01 -1.8826594413e+00  2.0766990990e-01  6.2394062375e-01  2.6335383224e-01  3.3655866229e+00 -2.3065426055e+00 -1.1990265675e-01  1.7439804474e-01  1.4758328009e-01  2.7110405598e+00  3.1860424871e+00 -2.6968904771e+00  2.3416663045e+00  9.5063572998e-01 -2.4303388368e+00  4.2205929076e+00  2.6014987715e+00 -1.7754414569e+00  4.4275479859e+00  1.1989999598e+00 -6.9517919264e-01  4.5643366950e+00  1.1113710236e+00 -6.0366891507e-01 -3.4394517787e+00  2.0383050408e-01 -1.3875034124e+00 -2.1761813528e+00
ENERGY -4.567465540952e+02

JOB 7
COORDS  8.4640115752e-01 -1.7898090795e-01  6.5432108792e-01  2.6727195318e+00 -1.7421926539e+00  4.8229794208e-01  8.1328128492e-01 -4.1230809149e-01  2.0205412202e+00  2.5868041520e+00 -1.9519333659e+00  1.8452493263e+00  1.7824726678e+00 -8.5391177351e-01 -1.3854131859e-01  1.9917893973e+00 -5.1660385457e-01 -1.6026131290e+00  1.5915275624e+00 -1.5572123819e+00  4.0546102084e+00  1.6693876522e+00 -1.2883533567e+00  2.5961964776e+00  9.1461971276e-01 -6.5572222733e-01 -2.4166207769e+00  3.0989031144e+00 -1.2755079138e-01 -1.9432974585e+00  1.5597168024e-01  5.4124940961e-01  2.2756330811e-01  3.4407123910e+00 -2.2499873950e+00 -9.1584384568e-02  1.1598743292e-01  9.1483001953e-02  2.6802249697e+00  3.2420387415e+00 -2.6344893386e+00  2.3747373612e+00  9.9912896359e-01 -2.4587731192e+00  4.2221544504e+00  2.5991229729e+00 -1.6923698506e+00  4.4464374947e+00  1.1248361842e+00 -7.0775674608e-01  4.5506077384e+00  1.0407428754e+00 -4.7504952302e-01 -3.4079445678e+00  7.2319916112e-02 -1.1357496720e+00 -2.1258363222e+00
ENERGY -4.567475325060e+02

JOB 8
COORDS  8.3373025482e-01 -2.5721029575e-01  6.1469508031e-01  2.7232171897e+00 -1.7466126901e+00  4.9193084772e-01  7.9427828443e-01 -4.6641608749e-01  1.9850288586e+00  2.6311496260e+00 -1.9360278902e+00  1.8574587398e+00  1.8039505726e+00 -9.0900213910e-01 -1.5576628897e-01  2.0105075470e+00 -6.3170827836e-01 -1.6332829453e+00  1.5907460096e+00 -1.5445139271e+00  4.0469079053e+00  1.6778423680e+00 -1.2972969863e+00  2.5850847682e+00  8.8530453272e-01 -5.5760917874e-01 -2.3938109787e+00  3.1516794209e+00 -4.6275921169e-01 -2.0365234317e+00  1.2283952301e-01  4.3165145888e-01  1.7033277182e-01  3.5165288383e+00 -2.2281668710e+00 -6.9954559766e-02  7.0956502963e-02  2.1838417482e-02  2.6282025525e+00  3.3076330784e+00 -2.5811968226e+00  2.4067263373e+00  1.0137245183e+00 -2.4544979192e+00  4.2225907433e+00  2.5966952260e+00 -1.6550295563e+00  4.4502512820e+00  1.1034764525e+00 -6.9626693042e-01  4.5249666277e+00  1.0093860128e+00 -4.3020490045e-01 -3.3936868282e+00 -2.3722455441e-03 -9.2969412152e-01 -2.0803604433e+00
ENERGY -4.567484832945e+02

JOB 9
COORDS  8.1626396394e-01 -3.2390240572e-01  6.0506580329e-01  2.7682573698e+00 -1.7324689491e+00  5.2491487366e-01  7.6655810713e-01 -5.1846780940e-01  1.9770528044e+00  2.6671765204e+00 -1.9074933766e+00  1.8919444589e+00  1.8253959282e+00 -9.4034135690e-01 -1.4464003615e-01  2.0329844443e+00 -7.2160484660e-01 -1.6332581607e+00  1.5799763328e+00 -1.5345665407e+00  4.0625613957e+00  1.6777960574e+00 -1.3023967266e+00  2.5989063791e+00  9.2336783055e-01 -4.3610555870e-01 -2.3689183775e+00  3.1716470075e+00 -7.6920082872e-01 -2.0750867284e+00  8.4661697021e-02  3.3486768669e-01  1.4936683802e-01  3.5831597061e+00 -2.1884371451e+00 -2.7502650195e-02  1.3604223019e-02 -5.5380334145e-02  2.6046247803e+00  3.3632329578e+00 -2.5166176207e+00  2.4576507925e+00  1.0146178845e+00 -2.4510012311e+00  4.2426212074e+00  2.5833834101e+00 -1.6262584592e+00  4.4765194113e+00  1.0761190688e+00 -6.8801457826e-01  4.5263815435e+00  1.0551638895e+00 -3.4876060382e-01 -3.3721328368e+00 -9.8337519788e-03 -6.6286547609e-01 -2.0497207709e+00
ENERGY -4.567489669765e+02

JOB 10
COORDS  7.8429346315e-01 -3.8739132540e-01  5.9578078798e-01  2.7927268833e+00 -1.7130051172e+00  5.3879564137e-01  7.3716819680e-01 -5.6944662855e-01  1.9694015301e+00  2.6975528315e+00 -1.8719007923e+00  1.9083972900e+00  1.8227135958e+00 -9.6661389057e-01 -1.4410165274e-01  2.0156627535e+00 -8.1047716238e-01 -1.6451245484e+00  1.5837983343e+00 -1.5238670728e+00  4.0704396011e+00  1.6801974204e+00 -1.3033266468e+00  2.6048791609e+00  9.6013097180e-01 -3.2599454744e-01 -2.3572058324e+00  3.1098128781e+00 -1.0710550310e+00 -2.1240950313e+00  2.3014900854e-02  2.3503813036e-01  1.3848237257e-01  3.6195729480e+00 -2.1492743014e+00 -1.2003873579e-02 -4.0588926493e-02 -1.3620224346e-01  2.5879210788e+00  3.4179249626e+00 -2.4431214383e+00  2.4831638918e+00  1.0457913533e+00 -2.4553228538e+00  4.2572188153e+00  2.5878572076e+00 -1.5813504658e+00  4.4888124595e+00  1.0527348748e+00 -6.8844394112e-01  4.5240732853e+00  1.0831185467e+00 -2.8632018334e-01 -3.3646311835e+00  6.7655449136e-03 -3.8487931510e-01 -2.0241293894e+00
ENERGY -4.567487907237e+02

JOB 11
COORDS  7.3309325350e-01 -5.0946545010e-01  5.9542914221e-01  2.8258705988e+00 -1.6912151600e+00  5.5531270938e-01  7.0191515863e-01 -6.6929746751e-01  1.9722101249e+00  2.7506140165e+00 -1.8248743258e+00  1.9287116373e+00  1.8080308424e+00 -1.0241179472e+00 -1.4051087965e-01  1.9867023510e+00 -9.2524241120e-01 -1.6510643158e+00  1.6230163109e+00 -1.5133442349e+00  4.0894333660e+00  1.6992995775e+00 -1.3152131350e+00  2.6195986591e+00  1.0220094991e+00 -2.8191376478e-01 -2.3565459473e+00  2.9712259783e+00 -1.4461306298e+00 -2.1573186254e+00 -9.8063942156e-02  1.4018664111e-02  1.3664738067e-01  3.6679347001e+00 -2.0967437222e+00  4.0814039691e-03 -1.0954546591e-01 -2.9090488745e-01  2.5833242317e+00  3.5120358423e+00 -2.3326103639e+00  2.5101612612e+00  1.1579475855e+00 -2.4791802412e+00  4.2963323460e+00  2.6295648611e+00 -1.4860602625e+00  4.5049452785e+00  1.0308858625e+00 -7.1192580410e-01  4.5285687845e+00  1.1621100126e+00 -1.9697431825e-01 -3.3580263091e+00  2.5355282553e-01  2.2998455501e-01 -1.9482020017e+00
ENERGY -4.567483085172e+02

JOB 12
COORDS  6.8298324749e-01 -5.8370372169e-01  5.7671753843e-01  2.8464324413e+00 -1.6386981235e+00  5.4546927223e-01  6.6272181365e-01 -7.3082935029e-01  1.9551170005e+00  2.7825353864e+00 -1.7548921529e+00  1.9212044543e+00  1.7898768754e+00 -1.0371296632e+00 -1.5169983291e-01  1.9236480737e+00 -9.7009042213e-01 -1.6656925391e+00  1.6398047719e+00 -1.4862109504e+00  4.0797233240e+00  1.7023515801e+00 -1.3014281061e+00  2.6073598096e+00  1.0517821131e+00 -1.5967186010e-01 -2.3282865823e+00  2.7572549208e+00 -1.6790585212e+00 -2.2106306172e+00 -1.8487409459e-01 -1.4247508431e-01  9.8972909620e-02  3.7036270416e+00 -2.0169829405e+00 -1.7907411355e-03 -1.7349661739e-01 -4.0549364758e-01  2.5635289429e+00  3.5736544321e+00 -2.2080406943e+00  2.5080301008e+00  1.2232004430e+00 -2.4711955905e+00  4.2992217904e+00  2.6448293277e+00 -1.4048834204e+00  4.4917339750e+00  1.0103435631e+00 -7.0953772163e-01  4.5114399548e+00  1.1933121168e+00 -7.8294696479e-02 -3.3307696084e+00  5.7959741084e-01  6.1355718612e-01 -1.8782885506e+00
ENERGY -4.567488171100e+02

JOB 13
COORDS  6.4726086356e-01 -6.3825073418e-01  5.7184451197e-01  2.8527768588e+00 -1.6056393712e+00  5.4030959237e-01  6.3670620300e-01 -7.7676594031e-01  1.9514048584e+00  2.8000787528e+00 -1.7083158718e+00  1.9174286661e+00  1.7707164080e+00 -1.0494974152e+00 -1.5569366389e-01  1.8566082951e+00 -1.0280608425e+00 -1.6719129732e+00  1.6534240753e+00 -1.4748474256e+00  4.0771825426e+00  1.7030036857e+00 -1.2957652400e+00  2.6036208772e+00  1.1315721870e+00 -6.9169973437e-02 -2.3111909059e+00  2.5251331413e+00 -1.8867072280e+00 -2.2285645301e+00 -2.3588446059e-01 -2.3793434708e-01  8.5327617356e-02  3.7196759245e+00 -1.9659166646e+00 -3.5872001110e-03 -2.1220463979e-01 -4.8684715238e-01  2.5602173685e+00  3.6112744434e+00 -2.1226848275e+00  2.5054815999e+00  1.2931541655e+00 -2.4803393949e+00  4.3033125399e+00  2.6529596152e+00 -1.3346205336e+00  4.4868149193e+00  9.8192905114e-01 -7.3234814058e-01  4.5055701510e+00  1.2360484753e+00 -1.9245358838e-02 -3.3201725886e+00  8.1550903882e-01  7.7079993145e-01 -1.8435039962e+00
ENERGY -4.567490050676e+02

JOB 14
COORDS  6.0147405496e-01 -6.8480965618e-01  5.7332679253e-01  2.8443673439e+00 -1.5637047770e+00  5.2652572495e-01  6.0756003573e-01 -8.2130776538e-01  1.9531244090e+00  2.8068321335e+00 -1.6629958270e+00  1.9043108685e+00  1.7363025025e+00 -1.0493135886e+00 -1.6138323701e-01  1.7729558800e+00 -1.0606305004e+00 -1.6783907268e+00  1.6692799731e+00 -1.4710988235e+00  4.0730330132e+00  1.6991815538e+00 -1.2936998309e+00  2.5987373129e+00  1.2317297929e+00  1.7640364282e-02 -2.3048148715e+00  2.2537021996e+00 -2.0358483686e+00 -2.2365156864e+00 -2.9654550722e-01 -3.1600261965e-01  8.8610860449e-02  3.7213794392e+00 -1.8975228234e+00 -1.7901419812e-02 -2.4822936960e-01 -5.6596943010e-01  2.5677965684e+00  3.6384238413e+00 -2.0432603391e+00  2.4868689518e+00  1.3645639627e+00 -2.4936085155e+00  4.3044291158e+00  2.6626106679e+00 -1.2763951451e+00  4.4755664005e+00  9.6205889311e-01 -7.6427877035e-01  4.5042342449e+00  1.2934796000e+00  4.5121282746e-02 -3.3179948111e+00  1.0415935739e+00  8.8747416917e-01 -1.8237096431e+00
ENERGY -4.567485255125e+02

JOB 15
COORDS  5.4898067679e-01 -7.2983953603e-01  5.8871560779e-01  2.8275776870e+00 -1.5129468093e+00  5.1824649749e-01  5.7595578245e-01 -8.6388181972e-01  1.9681977016e+00  2.8083427952e+00 -1.6119404176e+00  1.8963338058e+00  1.6894162213e+00 -1.0497855282e+00 -1.5794767734e-01  1.6767124416e+00 -1.0897708423e+00 -1.6743375788e+00  1.6869287302e+00 -1.4690874361e+00  4.0765520319e+00  1.6931309009e+00 -1.2901708384e+00  2.6023142621e+00  1.3504574602e+00  6.5516359592e-02 -2.3068458434e+00  1.9394188098e+00 -2.1528544369e+00 -2.2167058278e+00 -3.6549775784e-01 -3.9267595059e-01  1.1161776752e-01  3.7163022328e+00 -1.8090990335e+00 -2.8987637331e-02 -2.8270409548e-01 -6.4203376057e-01  2.5917892627e+00  3.6616604374e+00 -1.9552657363e+00  2.4703534718e+00  1.4425849861e+00 -2.5071596407e+00  4.3102494566e+00  2.6712169967e+00 -1.2182976841e+00  4.4703247624e+00  9.4466670739e-01 -8.0367427083e-01  4.5146221775e+00  1.3688682087e+00  7.5737291705e-02 -3.3220999736e+00  1.2929287322e+00  9.5309964062e-01 -1.8238863219e+00
ENERGY -4.567475783291e+02

JOB 16
COORDS  5.1319584735e-01 -7.8535211277e-01  5.9006015387e-01  2.8264969315e+00 -1.4568499766e+00  5.0416450894e-01  5.5448067570e-01 -9.1636124035e-01  1.9685768014e+00  2.8179558873e+00 -1.5607468673e+00  1.8824920140e+00  1.6620393445e+00 -1.0535446265e+00 -1.6513747566e-01  1.6181024040e+00 -1.1039384112e+00 -1.6807225022e+00  1.7035467361e+00 -1.4751397620e+00  4.0696536188e+00  1.6941463338e+00 -1.2930494836e+00  2.5959189235e+00  1.5313943217e+00  8.4776931855e-02 -2.3243087358e+00  1.6604421854e+00 -2.2065381579e+00 -2.2060048401e+00 -4.1772150701e-01 -4.8835916982e-01  1.1805157972e-01  3.7304851171e+00 -1.7031875332e+00 -4.2915916463e-02 -3.0859399718e-01 -7.3079895982e-01  2.5979087298e+00  3.6902601812e+00 -1.8641157376e+00  2.4504389126e+00  1.4948458604e+00 -2.5210912267e+00  4.3027813558e+00  2.6814891024e+00 -1.1929551172e+00  4.4578781304e+00  9.4271328957e-01 -8.3524964200e-01  4.5139710569e+00  1.5110045501e+00  8.4201290626e-02 -3.3395751443e+00  1.5707277115e+00  9.7405436892e-01 -1.8426628616e+00
ENERGY -4.567466065205e+02

JOB 17
COORDS  4.5182561135e-01 -8.3269585365e-01  6.0554563999e-01  2.7945607248e+00 -1.3865740910e+00  4.8782315444e-01  5.1896201817e-01 -9.6268878188e-01  1.9820592825e+00  2.8084133821e+00 -1.5008850028e+00  1.8662113743e+00  1.6020632744e+00 -1.0457355528e+00 -1.6581789966e-01  1.5232937726e+00 -1.0813216012e+00 -1.6804720190e+00  1.7186478620e+00 -1.4750422817e+00  4.0671701360e+00  1.6833600450e+00 -1.2895200670e+00  2.5942953713e+00  1.6867996492e+00  9.6365235871e-02 -2.3278146012e+00  1.3194476560e+00 -2.1676731024e+00 -2.2014623993e+00 -4.9802334882e-01 -5.8056307310e-01  1.4541231848e-01  3.7070181063e+00 -1.5768323085e+00 -6.7741016217e-02 -3.4213966636e-01 -8.1491281015e-01  2.6239211108e+00  3.7018820288e+00 -1.7644870500e+00  2.4210285776e+00  1.5512770972e+00 -2.5284631615e+00  4.2999488259e+00  2.6904307916e+00 -1.1581604613e+00  4.4438848076e+00  9.4065578289e-01 -8.6454121794e-01  4.5230626607e+00  1.6375502712e+00  1.0437323587e-01 -3.3421650702e+00  1.8606656538e+00  9.6865211990e-01 -1.8447932452e+00
ENERGY -4.567461058300e+02

JOB 18
COORDS  3.9313871971e-01 -8.8189196872e-01  6.2746713789e-01  2.7597242453e+00 -1.3147009060e+00  4.7603047050e-01  4.8635852731e-01 -1.0067476233e+00  2.0019223104e+00  2.7966950679e+00 -1.4365580987e+00  1.8545320262e+00  1.5418875243e+00 -1.0388322099e+00 -1.5995798750e-01  1.4265779432e+00 -1.0511551945e+00 -1.6722931172e+00  1.7356690491e+00 -1.4695862067e+00  4.0695202239e+00  1.6739505701e+00 -1.2810548653e+00  2.5978229319e+00  1.8338884358e+00  6.3329123201e-02 -2.3254821701e+00  9.8105512500e-01 -2.0644630661e+00 -2.1897556123e+00 -5.7359289776e-01 -6.8094555291e-01  1.7760840092e-01  3.6753943502e+00 -1.4507729622e+00 -9.0209131040e-02 -3.7077348979e-01 -8.9777661301e-01  2.6566697416e+00  3.7091458287e+00 -1.6597854207e+00  2.3960587415e+00  1.6008402342e+00 -2.5279167934e+00  4.3011783939e+00  2.7035242546e+00 -1.1270603385e+00  4.4334938192e+00  9.4759774683e-01 -8.8213085582e-01  4.5382895347e+00  1.7520465625e+00  8.9684675697e-02 -3.3374245887e+00  2.1380204139e+00  9.0018597922e-01 -1.8442624120e+00
ENERGY -4.567462695651e+02

JOB 19
COORDS  3.5181081053e-01 -9.3869322950e-01  6.3772911886e-01  2.7365788292e+00 -1.2479501030e+00  4.6422266654e-01  4.6340675943e-01 -1.0598813929e+00  2.0105403595e+00  2.7913613153e+00 -1.3765038276e+00  1.8425362724e+00  1.5007857496e+00 -1.0331788458e+00 -1.5936809005e-01  1.3553697069e+00 -1.0125915197e+00 -1.6685547215e+00  1.7512579794e+00 -1.4672169090e+00  4.0655867721e+00  1.6693259639e+00 -1.2777335682e+00  2.5948882076e+00  1.9901240692e+00 -7.4403739446e-03 -2.3222995867e+00  6.9154994759e-01 -1.8974089959e+00 -2.1878375314e+00 -6.2619856622e-01 -7.9200548865e-01  1.9151858983e-01  3.6535653493e+00 -1.3344751631e+00 -1.0959267698e-01 -3.9152852356e-01 -9.9386411659e-01  2.6738360306e+00  3.7179619035e+00 -1.5594894321e+00  2.3750793228e+00  1.6517312578e+00 -2.5297464493e+00  4.2958766899e+00  2.7113649536e+00 -1.0954377778e+00  4.4210783005e+00  9.4967435634e-01 -9.0551847379e-01  4.5430213907e+00  1.8773067465e+00  5.4478240317e-02 -3.3296483710e+00  2.4091589836e+00  7.7772751279e-01 -1.8403029896e+00
ENERGY -4.567470882906e+02

JOB 20
COORDS  3.1840645045e-01 -9.7777739157e-01  6.4392992167e-01  2.7138159558e+00 -1.1692786488e+00  4.5581649896e-01  4.4284761205e-01 -1.1053604524e+00  2.0148419895e+00  2.7815420983e+00 -1.3106171689e+00  1.8329365303e+00  1.4666215674e+00 -1.0034578867e+00 -1.5923694793e-01  1.2932280642e+00 -9.4529700919e-01 -1.6647284925e+00  1.7582280468e+00 -1.4683470434e+00  4.0607973244e+00  1.6610097768e+00 -1.2705717524e+00  2.5919330549e+00  2.1196307500e+00 -9.7082004689e-02 -2.3325414843e+00  4.5045313521e-01 -1.6664794400e+00 -2.1775815425e+00 -6.6534355829e-01 -8.7876962529e-01  1.9729334673e-01  3.6310554972e+00 -1.2131185156e+00 -1.2233083776e-01 -4.1053747912e-01 -1.0871299695e+00  2.6831846740e+00  3.7181932387e+00 -1.4590354199e+00  2.3585370333e+00  1.6884233116e+00 -2.5347994814e+00  4.2838058844e+00  2.7106050132e+00 -1.0740271521e+00  4.4125316820e+00  9.4538241567e-01 -9.3132396952e-01  4.5475976675e+00  1.9828733895e+00  1.0866854232e-03 -3.3340616806e+00  2.6457524182e+00  6.2743362182e-01 -1.8605405894e+00
ENERGY -4.567481600021e+02

JOB 21
COORDS  2.9066442211e-01 -1.0117299843e+00  6.5774880797e-01  2.6898535903e+00 -1.0881616666e+00  4.5797209670e-01  4.2508006261e-01 -1.1539345410e+00  2.0261014666e+00  2.7702699535e+00 -1.2453812164e+00  1.8329579907e+00  1.4345694620e+00 -9.6545707828e-01 -1.5045008388e-01  1.2291310596e+00 -8.7660706680e-01 -1.6517655461e+00  1.7645838594e+00 -1.4811466894e+00  4.0617541611e+00  1.6523729736e+00 -1.2681023534e+00  2.5960872501e+00  2.1941736184e+00 -2.2540271320e-01 -2.3577737055e+00  2.4666796853e-01 -1.4174143829e+00 -2.1377307577e+00 -6.9534572426e-01 -9.5323879264e-01  2.0891959758e-01  3.6074789504e+00 -1.0929256131e+00 -1.2086876952e-01 -4.2560716019e-01 -1.1885829646e+00  2.6972850842e+00  3.7149440712e+00 -1.3599813703e+00  2.3525475493e+00  1.7380230791e+00 -2.5524206696e+00  4.2706075264e+00  2.7023065789e+00 -1.0541566721e+00  4.4145674734e+00  9.3338727893e-01 -9.8314983168e-01  4.5589664306e+00  2.0305146866e+00 -1.0863569147e-01 -3.3533096631e+00  2.8346826286e+00  4.2502502739e-01 -1.9205442248e+00
ENERGY -4.567489149448e+02

JOB 22
COORDS  2.7470997934e-01 -1.0570426429e+00  6.5352306604e-01  2.6737691181e+00 -1.0071549337e+00  4.6536932534e-01  4.0939797742e-01 -1.2204584688e+00  2.0193413847e+00  2.7562984362e+00 -1.1826005406e+00  1.8381646110e+00  1.4172339097e+00 -9.3175968563e-01 -1.4841247555e-01  1.1919700803e+00 -8.0685981489e-01 -1.6473019992e+00  1.7522990758e+00 -1.5085659446e+00  4.0573298616e+00  1.6379525962e+00 -1.2783014209e+00  2.5944716785e+00  2.2464924587e+00 -3.7440314532e-01 -2.3936331975e+00  1.1257557788e-01 -1.1507348635e+00 -2.1067344685e+00 -7.0856050191e-01 -1.0341715820e+00  1.9533295118e-01  3.5977081360e+00 -9.6189883010e-01 -1.0080925253e-01 -4.4151511434e-01 -1.3153426281e+00  2.6845266537e+00  3.7036338339e+00 -1.2561606448e+00  2.3601429145e+00  1.7445142788e+00 -2.5827998009e+00  4.2520473474e+00  2.6819783155e+00 -1.0701493381e+00  4.4169993265e+00  9.1184944178e-01 -1.0314313978e+00  4.5596729430e+00  2.0667844514e+00 -2.3842764587e-01 -3.3840207911e+00  3.0047930678e+00  1.6537954481e-01 -1.9969237504e+00
ENERGY -4.567489030605e+02

JOB 23
COORDS  2.8498077611e-01 -1.1327649965e+00  6.4702049718e-01  2.6688956435e+00 -8.7279130492e-01  4.8111295995e-01  4.2357400291e-01 -1.3237431909e+00  2.0085749597e+00  2.7570803862e+00 -1.0689008442e+00  1.8508404594e+00  1.4177269777e+00 -9.0658061823e-01 -1.4741643467e-01  1.1587430906e+00 -6.8428169131e-01 -1.6329152980e+00  1.7685279439e+00 -1.5388747622e+00  4.0527847154e+00  1.6479271698e+00 -1.2895145316e+00  2.5937698281e+00  2.2353897400e+00 -4.6230008448e-01 -2.4305909708e+00  1.2709770297e-03 -6.7704744510e-01 -2.0287795053e+00 -6.9497121775e-01 -1.1517206878e+00  1.8149286054e-01  3.5920537930e+00 -6.8472488773e-01 -5.5317756119e-02 -4.2141058009e-01 -1.5041086684e+00  2.6636782976e+00  3.7023667157e+00 -1.0510789969e+00  2.3810852821e+00  1.8082231174e+00 -2.6154938585e+00  4.2294576608e+00  2.6768911698e+00 -1.0662433992e+00  4.4230463623e+00  9.0621840608e-01 -1.1077266207e+00  4.5599634191e+00  2.0551207451e+00 -3.5394437711e-01 -3.4235420817e+00  3.1941000826e+00 -6.0826175380e-01 -2.1485930600e+00
ENERGY -4.567483186731e+02

