JOB 0
COORDS -2.4226713363e+00  1.7595477654e-01 -2.5905815942e-01 -2.5513081002e+00 -2.4388765681e+00  2.7160587147e-01 -1.2432298907e+00 -5.7625668106e-01 -8.0123971219e-02 -3.6978162949e+00 -1.6593541026e+00  9.4210175726e-02  3.4063216660e-01  1.1965719432e+00 -1.1075465928e+00  2.8114695307e-01  1.4403271999e+00  3.7419570947e-01  1.2136116491e-01  2.0648831291e-02 -1.6455060288e-01  1.2656975825e+00 -9.7224457214e-01  5.4996769855e-02 -1.3367140199e+00 -1.8936265058e+00  1.8048266525e-01 -3.6406041261e+00 -3.6561616706e-01 -1.7020913915e-01  2.5526263950e+00 -3.0552302344e-01  3.1357091012e-01 -5.4308017815e+00 -2.4802526317e+00  2.3113777011e-01 -2.3934190403e+00  1.2403053412e+00 -4.7756495262e-01 -2.6156531527e+00 -3.5028944790e+00  4.8456477737e-01 -4.8826983342e-01  1.5113079277e+00 -1.7346103699e+00  1.3119330513e+00  1.2648552677e+00 -1.5896941400e+00  1.2164717177e+00  1.6382377237e+00  8.8524543363e-01 -5.9776503723e-01  1.9227892668e+00  7.9058868526e-01  1.2940453408e+00 -1.6712039730e+00 -7.9345647164e-01  1.0191352639e+00 -1.5716273680e+00  9.3454545265e-01  3.0245163680e+00 -8.9108146459e-02 -5.6248589381e-01  3.1662664178e+00 -9.4578835880e-01  8.1129855904e-01
ENERGY -3.048855818302e+03

JOB 1
COORDS -2.4363443363e+00 -4.9748709313e-01 -5.1404962067e-01 -2.0379978356e+00 -3.0745321863e+00  6.1488513641e-02 -1.1356313549e+00 -9.7826639950e-01 -2.5354172066e-01 -3.3118833085e+00 -2.5587731312e+00 -1.9196171743e-01  7.8029218639e-02  1.0932627925e+00 -1.2285883906e+00 -1.2984078598e-01  1.3288523311e+00  2.3964869065e-01  6.9968035888e-02 -9.6324176605e-02 -2.7646359409e-01  1.4019015407e+00 -7.9751259848e-01  2.0951872866e-02 -9.6396396267e-01 -2.2834619797e+00  2.4843492341e-02 -3.5146776696e+00 -1.2849136832e+00 -4.8021429624e-01  2.3924795633e+00  8.0860720899e-02  6.6591861289e-01 -4.8363986922e+00 -3.7279946822e+00 -1.3126216511e-01 -2.6223449120e+00  5.4590543228e-01 -7.5477444959e-01 -1.8862132048e+00 -4.1263918861e+00  2.8987496119e-01 -7.5769427636e-01  1.2130266683e+00 -1.9120595317e+00  1.0399389490e+00  1.3629789469e+00 -1.6583441194e+00  6.9345523131e-01  1.7287234859e+00  8.2000684984e-01 -1.1203414467e+00  1.6024344438e+00  5.8942734075e-01  1.7657980449e+00 -1.2657826586e+00 -9.0633296356e-01  1.1926885971e+00 -1.6140542654e+00  7.1358489343e-01  2.8954286530e+00  6.2678115556e-01 -3.2629634043e-02  3.0941653297e+00 -4.9623927862e-01  1.1240400174e+00
ENERGY -3.048853082614e+03

JOB 2
COORDS -1.5865909018e+00 -2.2974531149e+00  4.3656993431e-01 -3.3917212977e+00 -1.2215037348e+00 -1.2116524018e+00 -1.3322491633e+00 -1.0687910595e+00 -2.0135380529e-01 -3.5990448642e+00 -2.4535217759e+00 -5.8149645765e-01 -1.8082991531e-02  1.1437776482e+00 -3.6304669086e-01 -2.2426191677e-01  8.1715685250e-01  1.0926706615e+00 -7.2579279248e-02 -3.0472681862e-01  6.5339744758e-02  1.2319701905e+00 -1.1208000924e+00  2.0724572858e-02 -2.2601865896e+00 -5.4111403733e-01 -1.0184639766e+00 -2.7151245491e+00 -2.9881274683e+00  2.4228159559e-01  2.1518980053e+00 -8.3745009452e-01  1.1350689161e+00 -5.2338946594e+00 -3.4122458719e+00 -9.0241268994e-01 -8.7319332050e-01 -2.7263474120e+00  1.1359344249e+00 -4.1400001139e+00 -7.8862753958e-01 -1.8705659971e+00 -8.5543509826e-01  1.5333174895e+00 -9.3106659644e-01  9.5708312231e-01  1.5186880752e+00 -6.6616586121e-01  5.8913812941e-01  9.4712417530e-01  1.7978073335e+00 -1.2161375765e+00  9.6968398057e-01  1.5079975067e+00  1.6889538364e+00 -9.6912207164e-01 -9.7007732760e-01  9.8873441115e-01 -2.1844501671e+00  8.0390497378e-02  2.6105850096e+00  6.1458110410e-02  9.8856754903e-01  2.8996324251e+00 -1.5295500658e+00  1.1247619037e+00
ENERGY -3.048850532208e+03

JOB 3
COORDS -1.5440800199e+00 -2.2937647710e+00  3.5613748097e-01 -3.4394242127e+00 -1.1643384168e+00 -1.1498980285e+00 -1.3408167728e+00 -1.0265677482e+00 -2.2232222402e-01 -3.5938069338e+00 -2.4364962921e+00 -5.8752957069e-01 -3.5111511664e-02  1.1764081130e+00 -4.6692753502e-01 -2.3201851298e-01  9.1496251141e-01  1.0000429107e+00 -8.2296940734e-02 -2.5565479336e-01  2.9523886812e-02  1.2239645777e+00 -1.0706060338e+00  6.3180301776e-03 -2.3150522054e+00 -4.7100467384e-01 -9.6312560830e-01 -2.6663060677e+00 -2.9971266416e+00  1.6766246197e-01  1.9754587041e+00 -1.0282075348e+00  1.2723881176e+00 -5.2199176862e+00 -3.4129047762e+00 -9.0125328311e-01 -7.9372811767e-01 -2.7428568037e+00  1.0019664288e+00 -4.2247360418e+00 -7.0979564286e-01 -1.7483370605e+00 -8.7947512761e-01  1.5350940849e+00 -1.0443279367e+00  9.3796193190e-01  1.5357300206e+00 -7.9238310225e-01  5.7913940013e-01  1.0982440949e+00  1.6966700483e+00 -1.2214750061e+00  1.0785084427e+00  1.4167053617e+00  1.8198552190e+00 -7.3005172906e-01 -8.5510222831e-01  9.8612969618e-01 -2.1181734824e+00 -1.9292434586e-01  2.3941300921e+00 -1.0823120097e-01  1.3992559402e+00  2.7567986578e+00 -1.6798870062e+00  1.2125850405e+00
ENERGY -3.048850384154e+03

JOB 4
COORDS -1.3926069191e+00 -2.3598931116e+00  3.2538382921e-01 -3.4479827308e+00 -1.1952523887e+00 -9.2444329489e-01 -1.2848756592e+00 -1.0442756035e+00 -1.6371988085e-01 -3.5064188398e+00 -2.5155251503e+00 -4.6306080114e-01 -2.1337326791e-02  1.1486136944e+00 -5.6737227894e-01 -1.5522761586e-01  9.8988153074e-01  9.1892047248e-01 -3.2104794038e-02 -2.4911646348e-01  3.5133341443e-02  1.2787073193e+00 -1.0469569554e+00  9.9879440793e-03 -2.3388217712e+00 -4.7121932325e-01 -7.6990475269e-01 -2.5004563930e+00 -3.0940800785e+00  1.6670565363e-01  1.8607626079e+00 -1.2339073683e+00  1.3493069372e+00 -5.1152495375e+00 -3.5340299321e+00 -7.3140986217e-01 -5.7639545108e-01 -2.8217091126e+00  8.7465929613e-01 -4.2977027293e+00 -7.2754289320e-01 -1.4150050305e+00 -8.9621544461e-01  1.4538055691e+00 -1.1293326218e+00  9.3155221856e-01  1.4960692879e+00 -9.5635018148e-01  6.8485094039e-01  1.2510394116e+00  1.5557306827e+00 -1.1276511026e+00  1.1695216059e+00  1.3674205404e+00  1.9697578678e+00 -5.4393426466e-01 -6.8462247719e-01  1.0923109467e+00 -2.0356923128e+00 -4.1706169031e-01  2.1238769546e+00 -3.3397992160e-01  1.7438310076e+00  2.7196165717e+00 -1.7767977162e+00  1.2734482235e+00
ENERGY -3.048852940385e+03

JOB 5
COORDS -1.2369826015e+00 -2.4621061788e+00  2.6776151391e-01 -3.4441747967e+00 -1.2776731609e+00 -6.7239773898e-01 -1.2209411384e+00 -1.1079144948e+00 -1.1437531931e-01 -3.4137842164e+00 -2.6342775521e+00 -3.2663404851e-01 -1.5818247847e-02  1.0743561710e+00 -6.9256699553e-01 -9.1282387667e-02  1.0210893229e+00  8.0541102569e-01  1.6701993857e-02 -2.7753708035e-01  1.1087821629e-02  1.3413873313e+00 -1.0351419842e+00  1.0694083169e-02 -2.3483770899e+00 -5.2729291647e-01 -5.6275143644e-01 -2.3332825890e+00 -3.2228440396e+00  1.4956289476e-01  1.7514600021e+00 -1.4172274752e+00  1.3719194895e+00 -5.0088209017e+00 -3.6900505422e+00 -5.3053607850e-01 -3.5883899930e-01 -2.9316917209e+00  7.0128065519e-01 -4.3532239127e+00 -8.0396031114e-01 -1.0338772654e+00 -9.2115341128e-01  1.3233711289e+00 -1.2336393224e+00  9.1217974186e-01  1.4099152797e+00 -1.1455733323e+00  7.7494840901e-01  1.3368341914e+00  1.3811023380e+00 -1.0489060212e+00  1.2240431144e+00  1.2747487959e+00  2.0928971499e+00 -4.0794488775e-01 -4.9451465070e-01  1.2453904900e+00 -1.9426590040e+00 -5.9342849496e-01  1.8425942422e+00 -5.8496305403e-01  1.9497900151e+00  2.6658011351e+00 -1.8653459067e+00  1.3489272029e+00
ENERGY -3.048857307474e+03

JOB 6
COORDS -1.1521306843e+00 -2.4993159497e+00  1.4866098706e-01 -3.4539701191e+00 -1.2769314919e+00 -4.6608013917e-01 -1.1910588133e+00 -1.1137389820e+00 -8.9790323886e-02 -3.3735172790e+00 -2.6603843842e+00 -2.6220306216e-01 -2.0191382889e-02  1.0513577872e+00 -7.9813759344e-01 -1.0209616620e-01  1.0863317328e+00  7.0037346105e-01  3.0113911170e-02 -2.5570540538e-01 -1.5709481440e-02  1.3730859345e+00 -9.6254819062e-01  5.9042490950e-02 -2.3632139089e+00 -5.1801016669e-01 -3.8014845926e-01 -2.2460086306e+00 -3.2680474801e+00  4.9878150698e-02  1.6032494741e+00 -1.5303129852e+00  1.3971873777e+00 -4.9669277346e+00 -3.7265600599e+00 -4.2818142772e-01 -2.3430570869e-01 -2.9900217534e+00  4.5457116811e-01 -4.3982312361e+00 -7.9052975630e-01 -6.9690705854e-01 -9.3124876268e-01  1.2501785294e+00 -1.3509942049e+00  9.0068723297e-01  1.3757982747e+00 -1.2733863908e+00  7.6101742337e-01  1.4405514214e+00  1.2584952073e+00 -1.0661427645e+00  1.3067600305e+00  1.1472841320e+00  2.1517950650e+00 -2.4323078348e-01 -2.4048094575e-01  1.4042973850e+00 -1.7762170693e+00 -6.7484955106e-01  1.5575299907e+00 -7.8855586558e-01  2.0932639210e+00  2.5362038636e+00 -1.9350711384e+00  1.4523660299e+00
ENERGY -3.048860743694e+03

JOB 7
COORDS -1.2755614633e+00 -2.3374040037e+00 -6.3978140661e-01 -3.5305968424e+00 -1.2956971393e+00  3.6374347100e-01 -1.2795913848e+00 -1.0591739588e+00 -5.2738086891e-02 -3.4964175362e+00 -2.5553878971e+00 -2.4692982150e-01 -2.8826698612e-01  1.3065377788e+00 -1.0888457705e-01  4.4333674413e-02  7.2940701779e-01  1.2363227610e+00 -6.3445854100e-02 -1.9409107237e-01  2.2357137827e-02  1.2410717073e+00 -7.3946405111e-01 -5.3049194299e-01 -2.4247590095e+00 -5.5947161876e-01  4.5069029856e-01 -2.3903292603e+00 -3.0753993707e+00 -7.4033790614e-01  1.6468059989e+00 -1.9713130042e+00  1.6299966460e-01 -5.1211691661e+00 -3.5792398326e+00 -3.7622165683e-01 -3.5903334741e-01 -2.7847524736e+00 -1.0058867905e+00 -4.4499215107e+00 -8.8838240566e-01  7.7660395254e-01 -1.3111632899e+00  1.6282362893e+00 -2.7200152899e-01  4.7239752707e-01  1.8753885985e+00 -6.3610606238e-01  1.0396474259e+00  8.9697240584e-01  1.6395214929e+00 -7.5582319748e-01  6.7100426853e-01  1.9661750527e+00  1.9922205751e+00  6.4312151898e-02 -4.7484610887e-01  1.1196294286e+00 -9.7681591563e-01 -1.5953570602e+00  1.7656301125e+00 -1.7790854865e+00  1.1567451401e+00  2.5488345049e+00 -2.2888767378e+00 -1.8752493699e-01
ENERGY -3.048861461738e+03

JOB 8
COORDS -1.2710940680e+00 -2.2740436406e+00 -7.5623553471e-01 -3.4591384962e+00 -1.4002523745e+00  5.1783331255e-01 -1.2492436200e+00 -1.0660066744e+00 -3.3921068157e-02 -3.4461473060e+00 -2.5954362677e+00 -2.0992457711e-01 -2.9312190510e-01  1.3134220169e+00 -2.2322423101e-01 -1.5351840447e-02  8.3368280543e-01  1.1721315370e+00 -5.1791915170e-02 -1.7074647149e-01  1.9241908976e-02  1.2966802465e+00 -7.2001869337e-01 -4.2688348079e-01 -2.3636405913e+00 -6.4625124076e-01  5.9376175607e-01 -2.3739429286e+00 -3.0300667621e+00 -8.4265491158e-01  1.5561839631e+00 -2.0610499774e+00  1.1580276047e-01 -5.0520842597e+00 -3.6520929799e+00 -3.0852101718e-01 -3.8364489415e-01 -2.6492035356e+00 -1.2507699402e+00 -4.3528780241e+00 -1.0564090409e+00  1.0321068115e+00 -1.3114864242e+00  1.6057038004e+00 -4.5804691591e-01  4.8220915874e-01  1.8578323486e+00 -7.5598704416e-01  9.5908936413e-01  1.0443515975e+00  1.6041030252e+00 -8.4668638900e-01  8.1438592896e-01  1.8672337480e+00  2.0647075299e+00  2.5482420282e-02 -1.6856901384e-01  1.3096782599e+00 -8.0882870824e-01 -1.5218892410e+00  1.5800691522e+00 -2.0220544265e+00  1.1344449976e+00  2.4736783373e+00 -2.3836145170e+00 -1.8683798233e-01
ENERGY -3.048859290020e+03

JOB 9
COORDS -1.3760893673e+00 -2.0456794052e+00 -9.3875590904e-01 -3.4103221015e+00 -1.4034202240e+00  6.7682246594e-01 -1.2628255526e+00 -9.7596219448e-01 -2.8301995112e-02 -3.4846026292e+00 -2.4631586063e+00 -2.3123080154e-01 -2.0692883223e-01  1.3498828905e+00 -3.6715680355e-01 -3.8484201808e-02  9.8829948695e-01  1.0825590280e+00 -4.0043201492e-02 -1.1229281271e-01  2.8205280185e-02  1.3157718998e+00 -7.5289798103e-01 -2.8753515389e-01 -2.3001951751e+00 -6.6777513647e-01  7.6708700925e-01 -2.4880823675e+00 -2.7824823192e+00 -1.0372226936e+00  1.3624836599e+00 -2.1766807913e+00  7.1939590521e-02 -5.1024814218e+00 -3.5003637349e+00 -3.3572043401e-01 -5.5318671222e-01 -2.3177092615e+00 -1.5891482492e+00 -4.2443728403e+00 -1.1498061167e+00  1.3258746848e+00 -1.1922118686e+00  1.6609141280e+00 -7.0097819248e-01  6.2351577215e-01  1.8143288761e+00 -8.9360697194e-01  9.1515285024e-01  1.2069822754e+00  1.5545805206e+00 -9.0843158886e-01  1.0604860996e+00  1.7240373152e+00  2.0979723151e+00 -1.4169729385e-01  1.8782273752e-01  1.4979598565e+00 -7.0002731151e-01 -1.3693498045e+00  1.2615322619e+00 -2.2858993203e+00  1.0808385949e+00  2.2732789634e+00 -2.5608686175e+00 -1.7335283899e-01
ENERGY -3.048855518966e+03

JOB 10
COORDS -1.7323951505e+00 -1.5810867326e+00  1.0822570461e+00 -2.7210481019e+00 -2.1423349434e+00 -1.3369774844e+00 -1.1722246385e+00 -1.0096339205e+00 -6.7452070917e-02 -3.2742677909e+00 -2.6734750992e+00 -1.6044539403e-01 -2.8774393019e-01  1.4060744196e+00 -1.0966117124e-01  1.8983048194e-01  7.9719798041e-01  1.1877665181e+00 -2.8944486060e-03 -8.1742229370e-02 -3.4347644066e-02  1.2740977412e+00 -5.8173352934e-01 -7.7560127559e-01 -1.6770817930e+00 -1.3190664537e+00 -1.2821202527e+00 -2.7874539477e+00 -2.4100905984e+00  1.0347245256e+00  1.3515462075e+00 -1.9943673542e+00 -1.1352251327e+00 -4.7920336045e+00 -3.8444908851e+00 -2.8639635645e-01 -1.3233700222e+00 -1.3774612517e+00  2.0678221661e+00 -3.1262030706e+00 -2.3904516527e+00 -2.3147482261e+00 -1.3229451171e+00  1.7289747921e+00 -1.7036102338e-01  4.0928318127e-01  2.0071658165e+00 -6.8838566131e-01  1.2127378644e+00  9.9045800018e-01  1.4996074953e+00 -5.2103948459e-01  7.4489421245e-01  2.0069215123e+00  2.1467544195e+00 -3.3725741390e-01 -1.6108905693e-01  1.3752704049e+00 -1.4468843752e-02 -1.7062093460e+00  5.8581485414e-01 -2.2330044741e+00 -1.7616741557e+00  1.2584193492e+00 -2.5862956708e+00 -3.1136006329e-01
ENERGY -3.048852108773e+03

JOB 11
COORDS -1.6684310925e+00 -1.6243064244e+00  1.0813921877e+00 -2.7022203461e+00 -2.1345690079e+00 -1.3294885526e+00 -1.1407520104e+00 -1.0165789268e+00 -6.4941645476e-02 -3.2190291746e+00 -2.7081406452e+00 -1.5624326514e-01 -2.8871580259e-01  1.3943764423e+00 -1.9808342327e-01  1.4163627844e-01  8.7170252071e-01  1.1533201928e+00  2.1286699802e-02 -7.9629747291e-02 -2.0026418971e-02  1.3467225954e+00 -6.0760231415e-01 -6.5807489010e-01 -1.6687445799e+00 -1.2974315675e+00 -1.2760935357e+00 -2.7113060617e+00 -2.4686150260e+00  1.0355435228e+00  1.3468384026e+00 -1.9476236008e+00 -1.2365958467e+00 -4.7200169731e+00 -3.9006365730e+00 -2.8181960764e-01 -1.2422329887e+00 -1.4330073959e+00  2.0626509174e+00 -3.1286564115e+00 -2.3593036263e+00 -2.3038185805e+00 -1.3262322139e+00  1.6904571045e+00 -3.2324070146e-01  4.2144540543e-01  1.9795904881e+00 -7.7676569354e-01  1.1464757594e+00  1.1041299610e+00  1.4965300038e+00 -6.0419457615e-01  8.4524475571e-01  1.9425654308e+00  2.1294769973e+00 -5.8162396642e-01  1.0754747462e-01  1.6538231435e+00  8.7973654461e-02 -1.4451729423e+00  6.2951676789e-01 -2.0158830117e+00 -1.9562645505e+00  1.1188086877e+00 -2.6447081744e+00 -5.2998636618e-01
ENERGY -3.048851320946e+03

JOB 12
COORDS -1.6482157978e+00 -1.6421177413e+00  1.1205175795e+00 -2.7333594030e+00 -2.1303581943e+00 -1.2715822967e+00 -1.1470750332e+00 -1.0224503502e+00 -3.1396873941e-02 -3.2193004226e+00 -2.7206944911e+00 -9.3543675566e-02 -2.9360946486e-01  1.3707584352e+00 -2.7645133802e-01  1.0477487450e-01  9.3496577243e-01  1.1160187462e+00  1.7520551432e-02 -8.7746184560e-02  5.3691825598e-03  1.3600594038e+00 -6.5298230623e-01 -5.4873330433e-01 -1.7020541927e+00 -1.2890603862e+00 -1.2328963922e+00 -2.6879777683e+00 -2.4906389812e+00  1.0901319142e+00  1.3127701487e+00 -1.8753628927e+00 -1.3455948961e+00 -4.7162261627e+00 -3.9201302472e+00 -1.9916036403e-01 -1.2025744476e+00 -1.4531604732e+00  2.0939606285e+00 -3.1832799062e+00 -2.3437855289e+00 -2.2378382130e+00 -1.3296002557e+00  1.6499873340e+00 -4.4461772823e-01  4.2703830805e-01  1.9266252097e+00 -8.7045194815e-01  1.1003096724e+00  1.1926621945e+00  1.4690733218e+00 -6.5957831182e-01  9.4835955354e-01  1.8879572080e+00  2.0235151459e+00 -8.5194626456e-01  3.0074209948e-01  1.8437525001e+00  1.2629407899e-01 -1.1463419807e+00  6.4946616111e-01 -1.7689247905e+00 -2.1116936825e+00  9.7479763921e-01 -2.6524045708e+00 -7.8134582091e-01
ENERGY -3.048852348435e+03

JOB 13
COORDS -1.6107570403e+00 -1.6697131362e+00  1.1232844568e+00 -2.7507389616e+00 -2.1224018654e+00 -1.2499336653e+00 -1.1444744931e+00 -1.0242928079e+00 -2.9461268101e-02 -3.1981593176e+00 -2.7434629901e+00 -7.2871351620e-02 -2.6482175107e-01  1.3497424361e+00 -3.7534809119e-01  7.2186052119e-02  9.9301558495e-01  1.0569950883e+00  2.1035743670e-02 -8.9971613938e-02  4.4020186372e-03  1.3712667661e+00 -6.9580826188e-01 -4.5373605503e-01 -1.7272351768e+00 -1.2701471963e+00 -1.2210954545e+00 -2.6407925227e+00 -2.5296103481e+00  1.1025056418e+00  1.3283732737e+00 -1.7649433214e+00 -1.4484030491e+00 -4.6822956592e+00 -3.9598297991e+00 -1.6512113433e-01 -1.1448645710e+00 -1.4888689079e+00  2.0891239670e+00 -3.2249363423e+00 -2.3192839059e+00 -2.2080304494e+00 -1.2908493696e+00  1.6233309942e+00 -6.0227390459e-01  4.8358632991e-01  1.8697235034e+00 -9.6734635163e-01  1.0531685935e+00  1.2661789750e+00  1.4381518373e+00 -7.2482461095e-01  1.0488792688e+00  1.7932422144e+00  1.8864416835e+00 -1.0989445155e+00  4.2663909267e-01  1.9995981241e+00  1.1594060870e-01 -8.3606459172e-01  7.5016086757e-01 -1.4838904077e+00 -2.2394305711e+00  8.8169424056e-01 -2.5905133872e+00 -1.0550105024e+00
ENERGY -3.048854518409e+03

JOB 14
COORDS -1.5892790121e+00 -1.7318662230e+00  1.0856818930e+00 -2.7192360160e+00 -2.1547395042e+00 -1.2976245050e+00 -1.1215227223e+00 -1.0684774875e+00 -5.6983242744e-02 -3.1660821942e+00 -2.7964070574e+00 -1.3230171462e-01 -1.8457856698e-01  1.2854387715e+00 -4.4940668291e-01  4.9439771333e-02  9.8027947970e-01  1.0165603101e+00  4.8351276515e-02 -1.4013846038e-01  1.5631014284e-03  1.4029760451e+00 -7.8487544998e-01 -3.4772726450e-01 -1.6991621031e+00 -1.2975634362e+00 -1.2533844982e+00 -2.6141198602e+00 -2.5961935486e+00  1.0488607009e+00  1.4358558918e+00 -1.6553256748e+00 -1.5220245641e+00 -4.6426631891e+00 -4.0201222325e+00 -2.4688000488e-01 -1.1289754219e+00 -1.5594861321e+00  2.0559424765e+00 -3.1904714747e+00 -2.3381888395e+00 -2.2598072140e+00 -1.1874895326e+00  1.5649632901e+00 -7.5712397502e-01  6.1141392396e-01  1.7737459519e+00 -1.0054073178e+00  1.0055502897e+00  1.2568052374e+00  1.4538190109e+00 -7.9588282214e-01  1.0713316203e+00  1.6928579708e+00  1.7458286131e+00 -1.3778237309e+00  5.0917680653e-01  2.1367979844e+00  1.8015907017e-02 -4.8276961733e-01  1.0045679627e+00 -1.1804390347e+00 -2.3146022469e+00  8.6796368975e-01 -2.4838398681e+00 -1.3570928173e+00
ENERGY -3.048856754538e+03

JOB 15
COORDS -2.4024041639e+00 -8.0329886511e-01  4.6668804961e-01 -2.0810828477e+00 -3.1130029860e+00 -8.3520615513e-01 -1.1516248157e+00 -1.1405249550e+00 -8.8900788562e-02 -3.3052237686e+00 -2.7424847036e+00 -2.7097084145e-01 -1.6033695401e-01  1.2320330916e+00  1.5587422242e-01  2.8037973987e-01  4.4941414248e-01  1.3615364425e+00  5.3874897939e-02 -2.7066609148e-01  3.4801229699e-02  1.2959744422e+00 -7.1750406742e-01 -7.2315844462e-01 -1.0171251015e+00 -2.3137033403e+00 -7.3675192825e-01 -3.4695968840e+00 -1.6017425249e+00  3.7536048362e-01  1.0547201301e+00 -8.0250806173e-01 -2.1705750624e+00 -4.8141803773e+00 -3.9210775298e+00 -4.2892731176e-01 -2.5553701485e+00  1.2945890178e-01  1.0031268444e+00 -1.9615483475e+00 -4.0553294989e+00 -1.3634162900e+00 -1.1746696942e+00  1.6165352742e+00  1.2271645908e-01  5.6617783315e-01  1.8561515704e+00 -3.5465032407e-01  1.3098865584e+00  5.4446274445e-01  1.6958843394e+00 -4.3416122459e-01  2.7453839699e-01  2.1604758021e+00  1.6483043323e+00 -1.6662988672e+00 -2.8659477168e-01  2.0803506398e+00  2.6270118568e-02 -5.4852664468e-01  4.8085459132e-01 -1.6252088183e+00 -2.3461272658e+00  1.9415589961e+00 -9.5535855524e-01 -2.6477534467e+00
ENERGY -3.048858278292e+03

JOB 16
COORDS -2.3708770666e+00 -8.6519780887e-01  5.8772320349e-01 -2.1165469318e+00 -3.0719379524e+00 -8.9660532189e-01 -1.1512855202e+00 -1.1561976840e+00 -5.6040593295e-02 -3.3064361355e+00 -2.7541256353e+00 -2.3473021353e-01 -1.5982379907e-01  1.2287830352e+00  4.6573545302e-02  2.5173043533e-01  5.3374190809e-01  1.3130521524e+00  5.1072296317e-02 -2.7850327084e-01  3.4781060174e-02  1.3008289748e+00 -7.9221349079e-01 -6.6307690846e-01 -1.0522922061e+00 -2.2723732662e+00 -8.0331402221e-01 -3.4392152944e+00 -1.6624876213e+00  4.9807979897e-01  1.1993127997e+00 -6.4615841933e-01 -2.1240080702e+00 -4.8162531422e+00 -3.9323835679e+00 -3.8789697980e-01 -2.4977484998e+00  3.0050996295e-02  1.1910640438e+00 -2.0263193621e+00 -3.9700220574e+00 -1.5021174261e+00 -1.1768722659e+00  1.5996339893e+00 -3.7656063553e-02  5.7708821515e-01  1.8096686984e+00 -4.9869343732e-01  1.2748048843e+00  6.4930629197e-01  1.6589195987e+00 -4.7565081726e-01  4.2182465496e-01  2.1114100531e+00  1.4884911857e+00 -1.8254551234e+00 -3.3454650083e-01  2.1489849830e+00 -1.8530676716e-01 -3.2852242502e-01  5.1631447079e-01 -1.3247829553e+00 -2.4598212076e+00  2.0895846458e+00 -9.0683876910e-01 -2.5462867730e+00
ENERGY -3.048858825169e+03

JOB 17
COORDS -2.3212230488e+00 -1.0543431517e+00  6.7668144586e-01 -2.0552481689e+00 -3.1877811308e+00 -9.0981208853e-01 -1.1240683898e+00 -1.2707331005e+00 -3.4076579961e-02 -3.2219452962e+00 -2.9470753153e+00 -1.7672817383e-01 -2.2952391143e-01  1.1547819126e+00 -9.1186282060e-02  1.8883379745e-01  5.7451316077e-01  1.2276922425e+00  4.2819190481e-02 -3.4148347360e-01  1.2872292730e-02  1.3251685608e+00 -8.6311520048e-01 -6.2639691880e-01 -1.0212108555e+00 -2.3487725701e+00 -8.3578512580e-01 -3.3612896146e+00 -1.8911683602e+00  6.0454822199e-01  1.3973762728e+00 -5.0867131529e-01 -2.0548968062e+00 -4.6885446383e+00 -4.1821895638e+00 -3.0345411960e-01 -2.4558533438e+00 -1.8834183458e-01  1.3191430170e+00 -1.9613270321e+00 -4.0551122886e+00 -1.5582059425e+00 -1.2622603759e+00  1.4673649359e+00 -2.1553897113e-01  4.9179030952e-01  1.7179059607e+00 -6.7407613085e-01  1.2017671700e+00  7.5768029407e-01  1.5731196911e+00 -5.4180858890e-01  5.0015362553e-01  2.0271240587e+00  1.4011218489e+00 -1.9413031359e+00 -4.3285793165e-01  2.1767852427e+00 -3.8180532184e-01 -1.3420817458e-01  6.7843218269e-01 -1.0376398662e+00 -2.5497607738e+00  2.2887545973e+00 -8.3077229448e-01 -2.4310331994e+00
ENERGY -3.048857070535e+03

JOB 18
COORDS -2.1324890205e+00 -1.3304679637e+00  9.9138174597e-01 -2.1857669189e+00 -3.0663116165e+00 -1.0413993614e+00 -1.1150531324e+00 -1.3262828946e+00  2.3476312425e-02 -3.1891372388e+00 -3.0324060909e+00 -6.2852454735e-02 -2.8817773160e-01  1.0848459722e+00 -3.3583044435e-01  1.2931004628e-01  7.1935654518e-01  1.0603384805e+00  3.2728054798e-02 -3.7060797753e-01  3.9175144013e-03  1.3414689611e+00 -9.5721073251e-01 -5.4306592890e-01 -1.1637974178e+00 -2.2155355880e+00 -9.9162034830e-01 -3.1672326912e+00 -2.1815768629e+00  9.4333261611e-01  1.6349214275e+00 -4.7693165380e-01 -1.9039939955e+00 -4.6523897071e+00 -4.2738537710e+00 -1.7446772383e-01 -2.1232679866e+00 -6.4517665968e-01  1.8331592054e+00 -2.2164397278e+00 -3.7812046019e+00 -1.8597887320e+00 -1.3316717836e+00  1.3336876562e+00 -5.0622473724e-01  4.2426520262e-01  1.5783961961e+00 -9.8785746957e-01  1.1333152986e+00  9.8710029511e-01  1.3755873881e+00 -6.0744902750e-01  7.7330527959e-01  1.8548875261e+00  1.2829090513e+00 -2.0510988255e+00 -4.7032458996e-01  2.1689770177e+00 -6.3551948128e-01  9.7783771303e-02  9.2839576923e-01 -8.5719385741e-01 -2.5345551329e+00  2.5272209877e+00 -8.6518788855e-01 -2.2084704723e+00
ENERGY -3.048854588452e+03

JOB 19
COORDS -2.0002934605e+00 -1.4829843052e+00  1.0925574191e+00 -2.3335302371e+00 -2.9715576613e+00 -1.1033235646e+00 -1.1292830248e+00 -1.3516629673e+00  1.9420359694e-03 -3.1991500398e+00 -3.0593751241e+00 -1.8037742969e-03 -3.3158153299e-01  1.0312136544e+00 -4.9086845311e-01  7.9225980415e-02  7.6316242718e-01  9.3111599543e-01  1.4489056202e-02 -3.9112971572e-01 -5.0359795029e-02  1.3374335340e+00 -1.0081080517e+00 -5.4183849687e-01 -1.3105395122e+00 -2.1219496043e+00 -1.0925111833e+00 -3.0375020745e+00 -2.3351386394e+00  1.0860830441e+00  1.8441485220e+00 -3.5406206588e-01 -1.7586212311e+00 -4.6726258815e+00 -4.2927116376e+00 -6.5150853169e-02 -1.8642490652e+00 -9.0376810960e-01  2.0007506722e+00 -2.4755005638e+00 -3.5910587226e+00 -1.9853330115e+00 -1.3782789705e+00  1.2467376665e+00 -6.8522819489e-01  3.8282930488e-01  1.5070293154e+00 -1.1533779374e+00  1.0757440033e+00  1.0745694857e+00  1.2312069233e+00 -6.6831711227e-01  8.5810513840e-01  1.7120862551e+00  1.1775060899e+00 -2.0864127186e+00 -6.7145805907e-01  2.0982531309e+00 -8.8760985634e-01  2.3665745100e-01  1.2179257841e+00 -5.7801241631e-01 -2.5318879228e+00  2.7522174960e+00 -7.5042864976e-01 -1.9976561482e+00
ENERGY -3.048853353684e+03

JOB 20
COORDS -1.9525522294e+00 -1.5354891930e+00  1.1427222886e+00 -2.4453260152e+00 -2.9008167844e+00 -1.1017149179e+00 -1.1690964352e+00 -1.3361919271e+00 -1.7090037291e-03 -3.2246131237e+00 -3.0571298993e+00  5.6019054890e-02 -3.9109373033e-01  1.0288342671e+00 -5.6823641262e-01  1.2222453793e-02  8.1669218353e-01  8.6777230012e-01 -3.0761186611e-02 -3.6905350130e-01 -7.0902190964e-02  1.3015662434e+00 -1.0005675228e+00 -5.1755643991e-01 -1.4273685443e+00 -2.0453701583e+00 -1.1209973689e+00 -2.9844138393e+00 -2.3945100019e+00  1.1681399834e+00  2.0035332898e+00 -1.8783609821e-01 -1.5214981572e+00 -4.6940356120e+00 -4.2969760552e+00  3.3600602618e-02 -1.7473404037e+00 -1.0036034054e+00  2.0671504321e+00 -2.6523194215e+00 -3.4711161356e+00 -2.0038309267e+00 -1.4385618691e+00  1.2231258293e+00 -7.7965602268e-01  3.2419547685e-01  1.5095545527e+00 -1.2257990438e+00  1.0031372021e+00  1.1549903417e+00  1.1578348167e+00 -7.4453184105e-01  9.2733276136e-01  1.6380935964e+00  1.0871949043e+00 -2.0174416036e+00 -8.7196979499e-01  1.9576037547e+00 -1.0944303377e+00  3.5485312906e-01  1.5137960775e+00 -2.6732798531e-01 -2.4117677221e+00  2.9371723787e+00 -5.6792306998e-01 -1.6684160740e+00
ENERGY -3.048853614109e+03

JOB 21
COORDS -1.9101045357e+00 -1.5757482406e+00  1.1734691109e+00 -2.5545746454e+00 -2.8784910958e+00 -1.0694566478e+00 -1.2054968575e+00 -1.3449985922e+00 -1.5284953453e-02 -3.2537665696e+00 -3.0673031959e+00  1.3381249776e-01 -4.2701001886e-01  1.0040255856e+00 -6.4550476515e-01 -4.1221824319e-03  8.1931239859e-01  7.9161246715e-01 -6.6849773389e-02 -3.8118559516e-01 -1.2278841938e-01  1.2507276446e+00 -1.0376192633e+00 -5.6615605881e-01 -1.5387275729e+00 -2.0224697129e+00 -1.1340386911e+00 -2.9392108745e+00 -2.4354430282e+00  1.2453932751e+00  2.1105018397e+00 -1.1674233662e-01 -1.3224316355e+00 -4.7237604483e+00 -4.3060476634e+00  1.7597159586e-01 -1.6419720175e+00 -1.0663444043e+00  2.0946729920e+00 -2.8236453140e+00 -3.4230987019e+00 -1.9710759993e+00 -1.4758046812e+00  1.1980860420e+00 -8.4991496858e-01  2.7945709229e-01  1.4856196262e+00 -1.3118267263e+00  9.9277293792e-01  1.1624143473e+00  1.0533975762e+00 -7.5041283243e-01  9.4650395704e-01  1.5696331892e+00  9.9959807145e-01 -1.9446994530e+00 -1.1322580609e+00  1.7980286014e+00 -1.3550406899e+00  3.2881670202e-01  1.7736190345e+00 -5.2141162026e-02 -2.2812405758e+00  3.0539141985e+00 -4.9608454144e-01 -1.3711771188e+00
ENERGY -3.048854869873e+03

JOB 22
COORDS -2.4204069789e+00  1.2739768536e-01 -3.2715290830e-01 -2.5169478412e+00 -2.4713605477e+00  2.8286877623e-01 -1.2369848915e+00 -5.8306814767e-01 -3.7555297493e-02 -3.6665707477e+00 -1.7357321468e+00 -1.8986818885e-02  3.3041033214e-01  1.2397483070e+00 -9.7034520765e-01  2.2413759618e-01  1.4710074912e+00  5.0858150774e-01  1.1341310705e-01  5.1411270344e-02 -3.4024244590e-02  1.2770933024e+00 -9.0908027895e-01  2.2791664153e-01 -1.3156684861e+00 -1.8906439443e+00  2.7385441007e-01 -3.6255240537e+00 -4.4922689917e-01 -3.1830039362e-01  2.5751636010e+00 -3.1063649498e-01 -1.2665197782e-01 -5.3801966173e+00 -2.6069806647e+00  1.6035410745e-03 -2.4057367608e+00  1.1865985016e+00 -5.7003597969e-01 -2.5686704607e+00 -3.5274999210e+00  5.3502873588e-01 -4.9013876746e-01  1.5325818719e+00 -1.6176730734e+00  1.3171887770e+00  1.3439614886e+00 -1.4063304963e+00  1.1474003264e+00  1.6997790880e+00  1.0323074426e+00 -6.7246024585e-01  1.9311264062e+00  9.1334393232e-01  1.0798971809e+00 -1.8486341732e+00 -3.0204749553e-01  1.2885840373e+00 -1.1558793800e+00  1.2944071834e+00  2.7572347326e+00 -4.4838064516e-01 -1.1185902641e+00  3.3175122185e+00 -7.9937707733e-01  3.6851764837e-01
ENERGY -3.048856566569e+03

JOB 23
COORDS -2.4231675440e+00  1.5482346283e-01 -2.8561152353e-01 -2.5322244296e+00 -2.4520078881e+00  2.8874313656e-01 -1.2402462521e+00 -5.7673057727e-01 -5.3955957394e-02 -3.6825261486e+00 -1.6941366011e+00  5.1142882636e-02  3.4000321974e-01  1.2173651300e+00 -1.0364066962e+00  2.6150941152e-01  1.4533964761e+00  4.4527890186e-01  1.1842766566e-01  3.5964818384e-02 -9.8086946035e-02  1.2646670920e+00 -9.4769071566e-01  1.4186400947e-01 -1.3234460454e+00 -1.8893098602e+00  2.3444169907e-01 -3.6353963033e+00 -4.0418137842e-01 -2.3257199808e-01  2.5797061265e+00 -2.8743306632e-01  8.6729866163e-02 -5.4067532874e+00 -2.5402799110e+00  1.3574444278e-01 -2.4015119521e+00  1.2165090316e+00 -5.1754986021e-01 -2.5891454122e+00 -3.5119482622e+00  5.2315706680e-01 -4.8505797288e-01  1.5247338103e+00 -1.6715872414e+00  1.3187006248e+00  1.3047141649e+00 -1.4966506374e+00  1.1952339306e+00  1.6635748969e+00  9.5599732175e-01 -6.2356906371e-01  1.9275113872e+00  8.5871039031e-01  1.1675170949e+00 -1.7825854426e+00 -5.6486142114e-01  1.1380158970e+00 -1.3771536487e+00  1.1399414183e+00  2.9244899344e+00 -2.7215634617e-01 -8.7072456043e-01  3.2529545638e+00 -8.3201527112e-01  6.2004800340e-01
ENERGY -3.048857212030e+03

