JOB 0
COORDS  5.0319677342e+00  1.5820527859e+00  7.5274029037e-02  5.3415193357e+00  4.1186474634e-01  7.4241125892e-01  3.3530581580e+00  2.7304401317e-01 -2.4396918822e-01  2.0817723570e+00 -3.2963939190e-01 -7.3241597995e-01  4.1200665974e-01 -2.0878158254e+00 -3.9370681272e-01  3.8079590346e+00  1.4804332238e+00 -5.3669125555e-01  4.2570217524e+00 -4.1418482686e-01  5.4343326425e-01  1.6820498206e+00 -1.4600947235e+00 -2.7888945077e-02  1.4840359744e+00  8.2877042331e-02 -1.7166898471e+00  5.6257269974e+00  2.4845174635e+00  6.1713733324e-03  6.2061652619e+00  1.0390344775e-01  1.3134048230e+00  3.0827377948e-01 -3.0218089730e+00  1.6352959854e-01  4.1987282896e-01 -2.3077750535e+00 -1.4619874368e+00 -4.4680899564e-01 -1.4382944642e+00 -1.8695618740e-01  4.2166768946e+00 -1.4009129816e+00  7.6454594417e-01  1.8880815962e+00 -1.4482095580e+00  9.6488943944e-01
ENERGY -4.343028896841e+02

JOB 1
COORDS  4.9879128723e+00  1.6113623216e+00  1.7067807712e-01  5.3576965705e+00  4.0368624198e-01  7.3040796628e-01  3.3945598166e+00  2.4459087108e-01 -3.0036555319e-01  2.1386452344e+00 -3.7645997786e-01 -8.1114589900e-01  3.9159116717e-01 -2.0375487686e+00 -3.6139557920e-01  3.7759482871e+00  1.4996852642e+00 -4.6694668422e-01  4.3227278999e+00 -4.5972953770e-01  4.3970632736e-01  1.6634754311e+00 -1.4061605829e+00 -1.3003512996e-02  1.6074130936e+00 -4.7496143862e-02 -1.8632558744e+00  5.5279846250e+00  2.5490714206e+00  1.9674111179e-01  6.2347929124e+00  9.1674328300e-02  1.2796245724e+00  2.4987594528e-01 -2.9182779527e+00  2.6936159635e-01  4.2337600379e-01 -2.3468024349e+00 -1.4069234195e+00 -4.5665858771e-01 -1.3545252802e+00 -2.3442440969e-01  4.3180510676e+00 -1.4607691066e+00  5.8989611273e-01  1.8640779043e+00 -1.3229920770e+00  9.7700666661e-01
ENERGY -4.343035598598e+02

JOB 2
COORDS  4.9456328224e+00  1.6216750619e+00  2.6745508220e-01  5.3907698820e+00  3.9541614253e-01  7.1865346809e-01  3.4457453773e+00  2.0429405308e-01 -3.4052252797e-01  2.2076265700e+00 -4.4363236271e-01 -8.7256975761e-01  3.7907968539e-01 -1.9955454316e+00 -3.4119317972e-01  3.7409121494e+00  1.4916667588e+00 -3.8455962889e-01  4.4111830151e+00 -5.0221229504e-01  3.4443401063e-01  1.6507988077e+00 -1.3610279944e+00 -2.8496046261e-03  1.7506231325e+00 -2.0855799389e-01 -1.9837538328e+00  5.4243424183e+00  2.5857998819e+00  3.8073499802e-01  6.2861633026e+00  9.0476228901e-02  1.2415005561e+00  1.9918926371e-01 -2.8218623346e+00  3.5050019684e-01  4.3585491669e-01 -2.3843421263e+00 -1.3588156277e+00 -4.5759277188e-01 -1.2886042764e+00 -2.9281627612e-01  4.4523975740e+00 -1.5096272247e+00  4.3390210647e-01  1.8506876236e+00 -1.2242913290e+00  9.8072877375e-01
ENERGY -4.343029898281e+02

JOB 3
COORDS  4.8545669358e+00  1.6173940022e+00  3.4000011228e-01  5.4029017069e+00  3.9502174024e-01  6.6644710477e-01  3.4357250678e+00  1.4891687672e-01 -3.3865166383e-01  2.2185104333e+00 -5.4403690458e-01 -8.7851804181e-01  3.1857103649e-01 -1.9853879586e+00 -2.7715026301e-01  3.6334680522e+00  1.4534104780e+00 -2.7801713698e-01  4.4742524033e+00 -5.3875507193e-01  2.4667174370e-01  1.5827698969e+00 -1.3330723966e+00  5.1565015952e-02  1.8450962064e+00 -4.3619839071e-01 -2.0404129499e+00  5.2677390884e+00  2.6015934663e+00  5.1898935582e-01  6.3385859394e+00  1.1316232382e-01  1.1279006036e+00  1.0414867541e-01 -2.7480059227e+00  4.7514310829e-01  4.0806634207e-01 -2.4590716563e+00 -1.2557612188e+00 -5.1087382830e-01 -1.2696363336e+00 -3.1871030258e-01  4.5811682071e+00 -1.5449626828e+00  2.6740539141e-01  1.7727860827e+00 -1.1316148322e+00  1.0255377587e+00
ENERGY -4.343017153781e+02

JOB 4
COORDS  4.8068832838e+00  1.6231225458e+00  4.3090185767e-01  5.4732244496e+00  4.2691221911e-01  5.8101562855e-01  3.4417182239e+00  1.0980579912e-01 -2.5911979417e-01  2.2624768396e+00 -6.2342084792e-01 -8.4373085376e-01  2.5961100324e-01 -1.9423468502e+00 -2.8707353934e-01  3.5462338306e+00  1.4151698055e+00 -9.2629717917e-02  4.5818560564e+00 -5.3868705620e-01  1.4748863278e-01  1.5021659291e+00 -1.2756067253e+00  9.0247009059e-02  2.0436241705e+00 -6.6845297417e-01 -2.0495936230e+00  5.1608678312e+00  2.6178224218e+00  6.6860193210e-01  6.4624482377e+00  1.8019793809e-01  9.3909110321e-01 -4.4374391370e-02 -2.6137832170e+00  5.1916186605e-01  4.2998207776e-01 -2.5223534939e+00 -1.1952925975e+00 -5.4361234881e-01 -1.2230654584e+00 -4.8511149617e-01  4.7622495615e+00 -1.5311317012e+00  6.7062221334e-02  1.6219579030e+00 -9.9162971985e-01  1.0547216439e+00
ENERGY -4.343009417249e+02

JOB 5
COORDS  4.7989999008e+00  1.6505677084e+00  4.8171861425e-01  5.5665324193e+00  5.0697922781e-01  4.6377074134e-01  3.4829279571e+00  7.5459555721e-02 -1.6778040881e-01  2.3526946115e+00 -6.8850744078e-01 -8.0874529240e-01  2.1320239832e-01 -1.8343141316e+00 -3.7051279900e-01  3.5082012939e+00  1.3739122006e+00  7.5440986153e-02  4.7111763854e+00 -4.9618179959e-01  4.5814425735e-02  1.4330526340e+00 -1.1717461445e+00  7.8559353944e-02  2.3395119783e+00 -9.2996646576e-01 -2.0129770209e+00  5.1009152850e+00  2.6525404066e+00  7.5747557545e-01  6.6015887099e+00  3.1754628816e-01  7.0953612654e-01 -1.4597257274e-01 -2.5030258984e+00  4.1562456495e-01  4.4422835546e-01 -2.4163695255e+00 -1.2632637567e+00 -5.7378812860e-01 -1.1130022380e+00 -6.2079568105e-01  4.9588631587e+00 -1.4580168023e+00 -1.4756738576e-01  1.4484948612e+00 -7.6730426805e-01  1.0071052083e+00
ENERGY -4.343022702269e+02

JOB 6
COORDS  4.7525645850e+00  1.6384039053e+00  5.7719767342e-01  5.6041208648e+00  5.7144740536e-01  3.8189945152e-01  3.5089779858e+00  4.4672091534e-03 -7.3587222005e-02  2.4153485037e+00 -7.8465220628e-01 -7.3395751826e-01  1.7979056715e-01 -1.7698082353e+00 -3.9782347652e-01  3.4558573611e+00  1.2816667396e+00  2.7087919658e-01  4.7967077536e+00 -4.6399181339e-01 -4.3165443942e-02  1.3902797433e+00 -1.1263467640e+00  1.0037184730e-01  2.5309288268e+00 -1.1857221836e+00 -1.8915503500e+00  5.0005651300e+00  2.6380961969e+00  9.0927477806e-01  6.6698295017e+00  4.5508125936e-01  5.1764372467e-01 -2.7779592021e-01 -2.3519620980e+00  4.0598475260e-01  4.5570181387e-01 -2.4369674758e+00 -1.2150132570e+00 -5.4661391868e-01 -1.0394256797e+00 -7.7407782343e-01  5.0956417121e+00 -1.3747609504e+00 -3.6778234302e-01  1.3385710119e+00 -6.1224591761e-01  9.7221253873e-01
ENERGY -4.343059470079e+02

JOB 7
COORDS  4.7113625811e+00  1.5903741568e+00  6.6072349699e-01  5.6157452206e+00  6.0157290632e-01  3.2716271711e-01  3.5371080814e+00 -7.6805558718e-02 -3.4333674502e-02  2.4655960239e+00 -8.9328305316e-01 -6.8194546445e-01  1.6214923759e-01 -1.7284381861e+00 -4.1584465996e-01  3.4245263086e+00  1.1675547539e+00  4.0950953054e-01  4.8509413664e+00 -4.5064857053e-01 -1.2712163295e-01  1.3677148631e+00 -1.0938777430e+00  1.0315651728e-01  2.6541499700e+00 -1.4371068657e+00 -1.7720602764e+00  4.9171518644e+00  2.5776724372e+00  1.0533825069e+00  6.6936763077e+00  5.5175920401e-01  3.8512871714e-01 -3.7103885394e-01 -2.2186434982e+00  4.0271346134e-01  4.5730422167e-01 -2.4759772163e+00 -1.1527617890e+00 -5.0601027793e-01 -1.0054389525e+00 -8.9959570301e-01  5.1762556210e+00 -1.3093652605e+00 -5.5347430686e-01  1.2823936413e+00 -4.7605078102e-01  9.0271223337e-01
ENERGY -4.343107965869e+02

JOB 8
COORDS  4.6793513197e+00  1.5372962906e+00  7.3916710886e-01  5.6152032622e+00  6.2805876593e-01  2.8190836984e-01  3.5610367666e+00 -1.4277872228e-01 -1.0801686115e-02  2.5035081568e+00 -9.9229811655e-01 -6.2431482818e-01  1.5533452794e-01 -1.7050576497e+00 -4.1046884691e-01  3.4060116363e+00  1.0583559041e+00  5.3176081534e-01  4.8834911594e+00 -4.3173922185e-01 -2.0346446858e-01  1.3555436550e+00 -1.0620173159e+00  1.0790490765e-01  2.7339453578e+00 -1.6558275217e+00 -1.6395746097e+00  4.8557109587e+00  2.5050373946e+00  1.1905006551e+00  6.6957371439e+00  6.3981193235e-01  2.7309132050e-01 -4.3453855528e-01 -2.0994802973e+00  4.2099313310e-01  4.5896637706e-01 -2.5276240051e+00 -1.0587415983e+00 -4.6316392282e-01 -1.0108245684e+00 -9.9280286966e-01  5.2197607252e+00 -1.2453348408e+00 -7.0441982785e-01  1.2577171126e+00 -3.5690655444e-01  8.3083851968e-01
ENERGY -4.343156343803e+02

JOB 9
COORDS  4.6630629382e+00  1.4933743507e+00  8.1826466932e-01  5.6104785396e+00  6.5773720525e-01  2.5331574775e-01  3.5769982849e+00 -1.7030829644e-01 -7.2538191327e-03  2.5293518580e+00 -1.0505450779e+00 -5.8408200424e-01  1.5037467217e-01 -1.6705207907e+00 -4.2253519960e-01  3.4014733267e+00  9.7724918811e-01  6.3648943854e-01  4.8975019418e+00 -3.9311091924e-01 -2.7499036803e-01  1.3415918084e+00 -1.0011237146e+00  7.8887760319e-02  2.7889276116e+00 -1.8111469133e+00 -1.5231821561e+00  4.8251209538e+00  2.4324819952e+00  1.3312832708e+00  6.6877803615e+00  7.1751588759e-01  1.9363337027e-01 -4.7799705802e-01 -1.9777348225e+00  4.1767625167e-01  4.6159668256e-01 -2.5539164182e+00 -9.8110113459e-01 -4.3324914936e-01 -1.0232034701e+00 -1.0890184352e+00  5.2359657111e+00 -1.1712738490e+00 -8.2875343050e-01  1.2426246323e+00 -2.3889158467e-01  7.4141769118e-01
ENERGY -4.343195420665e+02

JOB 10
COORDS  4.6672531488e+00  1.4154148303e+00  7.7101680497e-01  5.6017414103e+00  6.1119505716e-01  1.4104041431e-01  3.5719345230e+00 -2.3830766588e-01 -5.9071960623e-02  2.5224973332e+00 -1.1632212064e+00 -5.5250480580e-01  1.1870718082e-01 -1.7007745406e+00 -3.8927909830e-01  3.4075624842e+00  8.8243957091e-01  6.3282273314e-01  4.8821297349e+00 -4.3562674262e-01 -3.8555027808e-01  1.3064242580e+00 -9.7018113438e-01  2.1316247052e-02  2.7959901049e+00 -2.0456218442e+00 -1.3754799655e+00  4.8383953056e+00  2.3412099453e+00  1.3049187940e+00  6.6736977640e+00  6.9315770943e-01  3.2154204192e-02 -4.5609772258e-01 -2.0084308788e+00  4.8941368079e-01  4.3758850327e-01 -2.5873967546e+00 -9.3819926590e-01 -5.2268861074e-01 -1.0948231498e+00 -1.0408351255e+00  5.2078155791e+00 -1.2121588856e+00 -9.4957906239e-01  1.2232319503e+00 -1.5703495755e-01  6.2220802113e-01
ENERGY -4.343219821588e+02

JOB 11
COORDS  4.6950160706e+00  1.4358394678e+00  7.8883622513e-01  5.6193805771e+00  6.8916803965e-01  7.7723840307e-02  3.5961961601e+00 -1.7688960035e-01 -1.1306929227e-01  2.5577960346e+00 -1.1330824101e+00 -5.6709361209e-01  1.4473285209e-01 -1.6505773647e+00 -4.3229332306e-01  3.4404970354e+00  8.8831955452e-01  6.6337371878e-01  4.8979561372e+00 -3.3448796837e-01 -4.8980761014e-01  1.3119510829e+00 -8.4765452459e-01 -1.1073319719e-01  2.8568117340e+00 -2.0878785058e+00 -1.2956215239e+00  4.8711131142e+00  2.3277707621e+00  1.3761170583e+00  6.6849138224e+00  7.9871452900e-01 -6.4672367203e-02 -3.1313281965e-01 -2.0559872574e+00  4.7675425181e-01  4.6784642797e-01 -2.4767799838e+00 -1.0663533873e+00 -6.0183559864e-01 -1.0574310801e+00 -9.7207222556e-01  5.2202277802e+00 -1.0899096162e+00 -1.0838356691e+00  1.2279174282e+00 -2.6829172013e-02  4.7915284963e-01
ENERGY -4.343227880029e+02

JOB 12
COORDS  4.6747718447e+00  1.3885807096e+00  8.0976566365e-01  5.5848438081e+00  6.6955439816e-01  5.3662048971e-02  3.5596438621e+00 -1.9616840485e-01 -1.2224765948e-01  2.5285901443e+00 -1.1854088764e+00 -5.2046199485e-01  1.0880804011e-01 -1.6670604978e+00 -4.3986339137e-01  3.4205691026e+00  8.3638459077e-01  7.0014086268e-01  4.8542821783e+00 -3.3917085406e-01 -5.2918334503e-01  1.2586470265e+00 -8.0401642423e-01 -2.2525177319e-01  2.8469842310e+00 -2.2248620108e+00 -1.1111280881e+00  4.8612080148e+00  2.2611223093e+00  1.4224249865e+00  6.6457180984e+00  7.9024326052e-01 -1.1260209884e-01 -2.2552413328e-01 -2.1337726052e+00  4.9474636790e-01  3.9850215421e-01 -2.4519879265e+00 -1.1391948249e+00 -7.1863286402e-01 -1.0920291962e+00 -8.6627824495e-01  5.1736855383e+00 -1.0941957883e+00 -1.1251070615e+00  1.1663992210e+00  4.0866741216e-02  3.2869834520e-01
ENERGY -4.343219821761e+02

JOB 13
COORDS  4.6722006587e+00  1.4608416003e+00  8.6548703243e-01  5.5721808318e+00  7.9089360571e-01  5.5389352978e-02  3.5629841653e+00 -1.2210230206e-01 -7.9384117771e-02  2.5629950319e+00 -1.1690737468e+00 -4.0950895528e-01  1.5277066218e-01 -1.6797812692e+00 -4.0941674697e-01  3.4304622356e+00  8.7527905290e-01  7.8650892285e-01  4.8477093867e+00 -2.1989655873e-01 -5.3212138416e-01  1.2717686509e+00 -7.5780089672e-01 -2.8170030144e-01  2.9194912799e+00 -2.2687103874e+00 -8.4713157645e-01  4.8577231149e+00  2.3180452896e+00  1.4996456998e+00  6.6214821459e+00  9.4854066616e-01 -1.4913151429e-01 -1.1594996693e-01 -2.1334660266e+00  5.5276599886e-01  4.3838786336e-01 -2.4737934303e+00 -1.1002207462e+00 -7.1531283743e-01 -1.1488103647e+00 -8.0902642071e-01  5.1763681898e+00 -9.6391641334e-01 -1.1364115668e+00  1.1396949641e+00  1.2032962718e-01  2.0940225784e-01
ENERGY -4.343195420676e+02

JOB 14
COORDS  4.7158264868e+00  1.4091851982e+00  9.2776914222e-01  5.5640774242e+00  8.0606498192e-01  1.7641003470e-02  3.5535562403e+00 -1.1741342964e-01 -4.9142448690e-02  2.5590469607e+00 -1.1873766411e+00 -3.3650499868e-01  1.4831889232e-01 -1.6814115376e+00 -4.4602934204e-01  3.4760641735e+00  8.1281794639e-01  8.9414733603e-01  4.8091324205e+00 -1.7263401175e-01 -5.8764161603e-01  1.2668602296e+00 -7.5275701188e-01 -3.5021670643e-01  2.9245544540e+00 -2.3233183392e+00 -6.5299424611e-01  4.9359067478e+00  2.2242005045e+00  1.6050003925e+00  6.5948842458e+00  9.9164765080e-01 -2.4837690742e-01 -1.6709714606e-01 -2.0468443352e+00  5.3915297557e-01  4.6058111904e-01 -2.5342878917e+00 -1.0494853533e+00 -6.9618628522e-01 -1.1854917492e+00 -9.3154258991e-01  5.1158427163e+00 -8.8301939280e-01 -1.2412871434e+00  1.1102439764e+00  1.5804261717e-01  6.8471048401e-02
ENERGY -4.343156343788e+02

JOB 15
COORDS  4.7758245611e+00  1.3644389528e+00  9.9405830899e-01  5.5482564260e+00  8.3682365919e-01 -2.1751475523e-02  3.5484625279e+00 -1.1725869182e-01  2.4717938008e-02  2.5552758581e+00 -1.2076896954e+00 -2.1759026021e-01  1.5210003024e-01 -1.6941593022e+00 -4.6711078529e-01  3.5443945981e+00  7.4787232183e-01  1.0295244739e+00  4.7551568507e+00 -1.1659454155e-01 -6.2213113069e-01  1.2740831602e+00 -7.6729247415e-01 -3.8056884148e-01  2.9213119263e+00 -2.3721955086e+00 -3.8961098687e-01  5.0424643943e+00  2.1391146754e+00  1.7012137545e+00  6.5485409062e+00  1.0584582940e+00 -3.6538772125e-01 -2.3095538495e-01 -1.9679282475e+00  5.2359566787e-01  4.9236756152e-01 -2.5995742780e+00 -9.7051880308e-01 -6.5198277674e-01 -1.2371905636e+00 -1.0495698879e+00  5.0242627992e+00 -7.7892650687e-01 -1.3389983768e+00  1.0942463390e+00  1.8112299166e-01 -7.0011131767e-02
ENERGY -4.343107965956e+02

JOB 16
COORDS  4.8448799930e+00  1.3147024209e+00  1.0551703863e+00  5.5176840731e+00  8.7250209314e-01 -6.4419551730e-02  3.5459296671e+00 -1.2608657009e-01  1.1884879277e-01  2.5397729073e+00 -1.2212614603e+00 -8.8686559845e-02  1.5673568146e-01 -1.6907665367e+00 -5.1519029748e-01  3.6298428035e+00  6.7230658966e-01  1.1715859484e+00  4.6794347445e+00 -5.5366077048e-02 -6.4848025104e-01  1.2903318217e+00 -7.7839365458e-01 -4.1486131331e-01  2.8788843125e+00 -2.4041551109e+00 -8.9805783665e-02  5.1694964770e+00  2.0467506404e+00  1.7831090268e+00  6.4746143631e+00  1.1364560136e+00 -4.9140255256e-01 -3.0804345882e-01 -1.8747342578e+00  4.6093747117e-01  5.1351618186e-01 -2.6409031063e+00 -9.1390901477e-01 -5.8789388457e-01 -1.2695501477e+00 -1.1952624839e+00  4.8880371453e+00 -6.5052246681e-01 -1.4400049778e+00  1.1055653702e+00  2.0101729908e-01 -2.3130214498e-01
ENERGY -4.343059470452e+02

JOB 17
COORDS  4.9157930536e+00  1.2411355701e+00  1.0864113055e+00  5.4494837122e+00  9.1498990910e-01 -1.4079242146e-01  3.5580681340e+00 -1.8845642392e-01  2.2171055667e-01  2.5165129518e+00 -1.2627039640e+00  3.9876490965e-02  1.7017228101e-01 -1.6852196736e+00 -5.9141586136e-01  3.7463332779e+00  5.4029337361e-01  1.3076446106e+00  4.5695861836e+00 -2.4080858938e-03 -6.8559960938e-01  1.3287917844e+00 -8.0834079311e-01 -4.5956477089e-01  2.7732643133e+00 -2.4483361413e+00  2.3223829062e-01  5.3065395850e+00  1.9326038806e+00  1.8214848703e+00  6.3359996727e+00  1.2448355726e+00 -6.6320803366e-01 -3.8641136229e-01 -1.7692479616e+00  3.4956242836e-01  5.1869726574e-01 -2.6785780782e+00 -8.7590741485e-01 -4.9147336020e-01 -1.2963442677e+00 -1.3693580696e+00  4.6866376372e+00 -5.0760881241e-01 -1.5544740531e+00  1.1740378426e+00  1.9154697666e-01 -4.1176967997e-01
ENERGY -4.343022702581e+02

JOB 18
COORDS  4.9319535199e+00  1.1857941368e+00  1.0769132423e+00  5.3167480085e+00  9.7366335441e-01 -2.2861201608e-01  3.5488213722e+00 -2.6495349812e-01  2.9449589631e-01  2.4515532063e+00 -1.2848955445e+00  1.3410423058e-01  1.7405469810e-01 -1.6437913486e+00 -7.2906478301e-01  3.8334772679e+00  4.1085346166e-01  1.3921622620e+00  4.4131656756e+00  5.0563991391e-02 -7.2488972625e-01  1.3734544312e+00 -8.2612161951e-01 -5.7509262637e-01  2.5478341825e+00 -2.4316975329e+00  5.5790199736e-01  5.3808058933e+00  1.8490274100e+00  1.8048465561e+00  6.1206160640e+00  1.3748855698e+00 -8.2900067307e-01 -4.1201160240e-01 -1.6838953463e+00  1.9650132075e-01  4.6945985467e-01 -2.6610207111e+00 -9.9035619895e-01 -4.4071114005e-01 -1.2284644258e+00 -1.5308239942e+00  4.4316476175e+00 -3.7602987612e-01 -1.6422951668e+00  1.2873693166e+00  1.7773175723e-01 -6.7545203809e-01
ENERGY -4.343009417555e+02

JOB 19
COORDS  4.9978354368e+00  1.1098534727e+00  1.0895382086e+00  5.2212489580e+00  1.0262381258e+00 -2.6862622051e-01  3.5691927439e+00 -3.2225466519e-01  3.5699828146e-01  2.4314418743e+00 -1.2928355260e+00  2.2789159342e-01  2.1835883267e-01 -1.6402172332e+00 -7.8781844164e-01  3.9686585879e+00  2.7377469896e-01  1.4658419214e+00  4.2845295151e+00  1.2152791824e-01 -7.3184806009e-01  1.4489904925e+00 -8.6911359472e-01 -6.3654438945e-01  2.3962333378e+00 -2.3672106805e+00  8.1564497504e-01  5.5158383309e+00  1.7263193562e+00  1.8127490041e+00  5.9412187741e+00  1.4986159411e+00 -9.2161306655e-01 -4.3297463693e-01 -1.5448125666e+00  8.8915972650e-02  4.7299498242e-01 -2.6940393440e+00 -9.0896411320e-01 -3.1372159585e-01 -1.2926788127e+00 -1.6764190596e+00  4.2059851017e+00 -2.3281744272e-01 -1.6766291702e+00  1.4125195302e+00  1.2382121618e-01 -8.3177788329e-01
ENERGY -4.343017154113e+02

JOB 20
COORDS  5.1029743370e+00  1.0612835165e+00  1.0974165635e+00  5.1955840324e+00  1.0710812322e+00 -2.7978243979e-01  3.5880000933e+00 -3.0182453093e-01  4.0757630950e-01  2.4358396402e+00 -1.2509328583e+00  3.2054059642e-01  2.8984213152e-01 -1.6902101258e+00 -7.9037043171e-01  4.1040029803e+00  2.1017026369e-01  1.5112080482e+00  4.2048583399e+00  2.1284166357e-01 -7.1266359221e-01  1.5228891601e+00 -9.1716996015e-01 -6.6117733330e-01  2.3290497596e+00 -2.2448672856e+00  1.0272626559e+00  5.6963055719e+00  1.6221481038e+00  1.8079984944e+00  5.8582187299e+00  1.5821527727e+00 -9.6374480503e-01 -3.9242468781e-01 -1.5175137803e+00  5.0351628947e-02  5.3732743556e-01 -2.7523498700e+00 -8.1336980313e-01 -2.0525400293e-01 -1.4155738607e+00 -1.7247362656e+00  4.0466141106e+00 -9.1639604426e-02 -1.6649562532e+00  1.4819007909e+00  6.1589297778e-02 -9.1920356991e-01
ENERGY -4.343029895432e+02

JOB 21
COORDS  5.1691650565e+00  9.7752158934e-01  1.1074665056e+00  5.1642581122e+00  1.0796130796e+00 -2.7023782941e-01  3.5382386574e+00 -2.5812262572e-01  4.4263227018e-01  2.3686714875e+00 -1.1811284874e+00  3.7859625498e-01  3.0195834234e-01 -1.7248309627e+00 -8.2422454269e-01  4.1632926975e+00  1.4527179680e-01  1.5358152193e+00  4.1051989727e+00  3.0028104684e-01 -6.8520050024e-01  1.5305483259e+00 -9.4197585830e-01 -7.0004004497e-01  2.1938612140e+00 -2.0982240026e+00  1.1696316513e+00  5.8395651849e+00  1.4597236332e+00  1.8072524351e+00  5.8007550837e+00  1.6087520165e+00 -9.6534327726e-01 -4.1718097404e-01 -1.4930175226e+00 -2.9698056049e-02  5.4855464510e-01 -2.7853235739e+00 -7.5848603330e-01 -1.4998282550e-01 -1.5209968619e+00 -1.7977865367e+00  3.8867123978e+00  4.6588063338e-02 -1.6404821353e+00  1.4794955862e+00  2.1140085125e-02 -1.0116184243e+00
ENERGY -4.343035598528e+02

JOB 22
COORDS  5.0442398045e+00  1.3603555455e+00 -2.1423898592e-01  5.1838253944e+00  4.1434421559e-01  7.8369876245e-01  3.2538111283e+00  1.6828608796e-01 -2.9347761635e-01  1.8966981371e+00 -3.5479900943e-01 -6.1432981670e-01  3.6065874418e-01 -2.2522074229e+00 -4.3085100144e-01  3.8459753279e+00  1.2043612491e+00 -8.6456614146e-01  4.0403674781e+00 -3.5125685023e-01  7.1686770419e-01  1.6456284393e+00 -1.6279545333e+00 -1.1486276739e-01  1.0483737946e+00  3.0821976519e-01 -1.1949181722e+00  5.7418014037e+00  2.1397179255e+00 -4.9310425763e-01  5.9622871062e+00  2.2933353070e-01  1.5105093730e+00  2.7264356559e-01 -3.1818330397e+00  1.3630429002e-01  2.5336959823e-01 -2.4624903284e+00 -1.5016071559e+00 -4.4353691612e-01 -1.5765232943e+00 -1.3701415880e-01  3.7462028700e+00 -1.0368858130e+00  1.4005918418e+00  2.4413566646e+00 -2.2563771147e+00 -1.0721714625e-01
ENERGY -4.343028898095e+02

JOB 23
COORDS  5.0896953849e+00  1.5446222151e+00 -2.0783818742e-02  5.3413901223e+00  4.3686235241e-01  7.6639623489e-01  3.3389155878e+00  3.0123360462e-01 -1.9578980152e-01  2.0515916524e+00 -2.8374207970e-01 -6.6570610651e-01  4.2735530713e-01 -2.0993381734e+00 -4.4727517758e-01  3.8600402187e+00  1.4424521321e+00 -6.1799900147e-01  4.2156667300e+00 -3.4843884715e-01  6.5416724433e-01  1.7083719916e+00 -1.4962949706e+00 -7.5506973693e-02  1.3985992639e+00  2.1067771227e-01 -1.5740806896e+00  5.7306623166e+00  2.4008315340e+00 -1.8762289536e-01  6.1888490068e+00  1.4851895808e-01  1.3724703614e+00  3.6346618432e-01 -3.0920421550e+00  4.5055680491e-03  3.8421127173e-01 -2.1971461454e+00 -1.5325785843e+00 -4.2780577286e-01 -1.4924919293e+00 -1.2653400525e-01  4.1383925050e+00 -1.3015258811e+00  9.8352632443e-01  1.9509898839e+00 -1.5919420067e+00  9.0418733218e-01
ENERGY -4.343009507147e+02

