JOB 0
COORDS  1.0514666348e+00 -5.4026991551e+00 -1.7571321479e+00  7.5375321017e-01 -4.2605925790e+00 -9.5994522714e-01  1.8198390504e+00 -4.9522761569e+00 -2.8021349611e+00  1.3646994638e+00 -3.1784432500e+00 -1.5703827493e+00 -7.6742946068e-01 -7.4863658862e-01  1.2465802120e+00  4.7219796379e-01 -1.1364536869e+00 -4.6968398493e-01  3.1765301191e-01  3.4269759558e-01 -3.9837037565e-01  1.1917729554e+00 -1.7681518754e+00 -1.4365230035e+00 -9.4655840367e-01  1.7932595014e+00  1.2471460523e+00 -2.3427003495e-01 -1.7367752661e+00  5.8770595931e-01 -4.9500142925e-01  5.1002491685e-01  7.4091387101e-01  7.5247930107e-01  1.2452466677e+00 -1.1040377533e+00  2.0539517922e+00 -3.6202172677e+00 -2.6875491949e+00  7.3030065430e-01 -6.4231679598e+00 -1.5945575438e+00  1.3464981327e-01 -4.1950535930e+00 -7.6800757291e-02  2.2992726127e+00 -5.4468886789e+00 -3.6354619507e+00 -1.3858845160e+00 -8.6916308034e-01  2.1315382083e+00  1.6774321520e+00 -1.1351568241e+00 -2.1758898655e+00 -5.9371689350e-01  1.9583859091e+00  2.2699727650e+00 -2.0386726767e+00  1.8637797974e+00  1.2237618002e+00 -5.2666934540e-01  2.5632077774e+00  5.9709781458e-01
ENERGY -6.078075726432e+02

JOB 1
COORDS  9.4055577444e-01 -5.3382773434e+00 -1.8018982710e+00  8.1257796089e-01 -4.2358310866e+00 -9.1167340195e-01  1.7345353034e+00 -4.9052177675e+00 -2.8367630135e+00  1.5410136013e+00 -3.1872375394e+00 -1.4581426880e+00 -7.0796965828e-01 -7.4617865759e-01  1.2737297232e+00  5.4966444772e-01 -1.1464203460e+00 -4.2653965949e-01  3.1755686782e-01  3.2363734082e-01 -4.2310990781e-01  1.2979226867e+00 -1.7805724244e+00 -1.3699804408e+00 -1.0168132454e+00  1.7804166244e+00  1.1604920425e+00 -1.2478513033e-01 -1.7342582390e+00  6.5844791438e-01 -5.0052715667e-01  5.0045737693e-01  7.1128981368e-01  7.0308104608e-01  1.2151390433e+00 -1.1706348328e+00  2.1697087764e+00 -3.6418218321e+00 -2.6095418057e+00  4.8475637026e-01 -6.3156546312e+00 -1.7125569033e+00  1.9513549182e-01 -4.1522665823e+00 -2.8739018992e-02  2.1454515038e+00 -5.3981816889e+00 -3.7073231595e+00 -1.3199818198e+00 -8.5864150501e-01  2.1641934735e+00  1.7516375442e+00 -1.1506358883e+00 -2.1321610478e+00 -6.7092484842e-01  2.0099854823e+00  2.1732247351e+00 -2.1111815531e+00  1.7935808009e+00  1.1387696115e+00 -6.3845861919e-01  2.5404368432e+00  4.7426313982e-01
ENERGY -6.078007522057e+02

JOB 2
COORDS  8.3466808991e-01 -5.2563450843e+00 -1.8465542124e+00  8.6277897414e-01 -4.2241709270e+00 -8.7109550165e-01  1.6613322910e+00 -4.8407795679e+00 -2.8654274298e+00  1.7039382406e+00 -3.2192560060e+00 -1.3517424506e+00 -6.5042893014e-01 -7.6738251305e-01  1.3056729800e+00  6.1534212959e-01 -1.1832834017e+00 -3.8504603534e-01  3.0770413693e-01  2.7029081763e-01 -4.4959848573e-01  1.3873798981e+00 -1.8201399924e+00 -1.3075216068e+00 -1.0843886830e+00  1.7329222868e+00  1.0782529155e+00 -2.2304141533e-02 -1.7528897466e+00  7.3156118258e-01 -5.0899970240e-01  4.6005811416e-01  6.8437488246e-01  6.4037072691e-01  1.1444173364e+00 -1.2422158254e+00  2.2815447478e+00 -3.6863148422e+00 -2.5320720581e+00  2.5074277145e-01 -6.1672274962e+00 -1.8276663574e+00  2.4614116173e-01 -4.1231298448e+00  1.0958486804e-02  2.0080781699e+00 -5.3216755708e+00 -3.7706879701e+00 -1.2508420281e+00 -8.6872284790e-01  2.2052852866e+00  1.8053422460e+00 -1.1965535327e+00 -2.0952614099e+00 -7.4248304812e-01  2.0267651637e+00  2.0756395312e+00 -2.1782534801e+00  1.6918413035e+00  1.0669228305e+00 -7.4906300167e-01  2.4771632864e+00  3.5341304950e-01
ENERGY -6.077895449199e+02

JOB 3
COORDS  7.3801346752e-01 -5.1375891366e+00 -1.8777901536e+00  9.2096237863e-01 -4.2189406369e+00 -8.1324988992e-01  1.5851586434e+00 -4.7223718756e+00 -2.8831517091e+00  1.8511697864e+00 -3.2522649719e+00 -1.2300720813e+00 -5.9169225291e-01 -7.8174104665e-01  1.3491872330e+00  6.8164737347e-01 -1.2175277599e+00 -3.3110627011e-01  3.1394954911e-01  2.1649754700e-01 -4.5736322061e-01  1.4738112310e+00 -1.8619677772e+00 -1.2312307535e+00 -1.1268350109e+00  1.6867308712e+00  1.0168847963e+00  7.3345454647e-02 -1.7645522056e+00  8.1287251976e-01 -5.0259227353e-01  4.2206529119e-01  6.7478738116e-01  6.0435036648e-01  1.0691682150e+00 -1.2895499188e+00  2.3781451665e+00 -3.7226009836e+00 -2.4459589804e+00  3.7711380315e-02 -5.9610610026e+00 -1.9263090140e+00  3.2068578381e-01 -4.1138959840e+00  8.0352658850e-02  1.8556054097e+00 -5.1621437117e+00 -3.8351388344e+00 -1.1837622070e+00 -8.6888015392e-01  2.2557451348e+00  1.8647735142e+00 -1.2538700108e+00 -2.0445159701e+00 -7.9247743559e-01  2.0370096908e+00  1.9984950752e+00 -2.2182864813e+00  1.6019876095e+00  1.0141994546e+00 -8.2470840984e-01  2.4114702379e+00  2.5843035794e-01
ENERGY -6.077740196291e+02

JOB 4
COORDS  6.5231142064e-01 -4.9987282800e+00 -1.9159635810e+00  9.2988297401e-01 -4.1909929623e+00 -7.8591432415e-01  1.5692550251e+00 -4.6213206263e+00 -2.8776339651e+00  1.9771082472e+00 -3.2970053822e+00 -1.1198607646e+00 -5.2263466945e-01 -7.8930127165e-01  1.4092842425e+00  7.2594517861e-01 -1.2625113975e+00 -2.8008086149e-01  2.9326646104e-01  1.4358861484e-01 -4.7483433818e-01  1.5201253201e+00 -1.9209860925e+00 -1.1676558585e+00 -1.1707970899e+00  1.6323638177e+00  9.5659622010e-01  1.7075476590e-01 -1.7712241748e+00  9.0850571566e-01 -5.0183204227e-01  3.7752331653e-01  6.6771052120e-01  5.2329711581e-01  9.6136566428e-01 -1.3600796462e+00  2.4863519246e+00 -3.7947510758e+00 -2.3422074075e+00 -1.5160688111e-01 -5.7129756536e+00 -2.0358466266e+00  3.1441071968e-01 -4.0665156206e+00  9.5545895325e-02  1.8058698042e+00 -5.0328229491e+00 -3.8518308836e+00 -1.0876496484e+00 -8.5080436337e-01  2.3349587309e+00  1.8620371770e+00 -1.3355317033e+00 -2.0195377652e+00 -8.2531770047e-01  2.0523899927e+00  1.9065089848e+00 -2.2572843126e+00  1.5022807178e+00  9.9123855770e-01 -9.2114050352e-01  2.3241382691e+00  1.4976866694e-01
ENERGY -6.077544980378e+02

JOB 5
COORDS  1.5252823820e+00 -5.0032163336e+00 -1.3002185518e+00  3.7598722013e-01 -4.1843691415e+00 -1.1781940426e+00  2.1288592067e+00 -4.6236246542e+00 -2.4833489263e+00  3.5010311464e-01 -3.2818814603e+00 -2.2702892958e+00 -1.1606285698e+00 -7.8211290999e-01  9.5564355582e-01  2.7504544283e-03 -1.2547372519e+00 -7.9370310023e-01  3.4552240491e-01  1.4589322271e-01 -4.4264067613e-01  5.6300462521e-01 -1.9111665069e+00 -1.8460596644e+00 -4.9415481422e-01  1.6308285345e+00  1.4280301285e+00 -9.3311135211e-01 -1.7606266828e+00  1.2706900034e-01 -4.5835445562e-01  3.7974437296e-01  6.9377342814e-01  1.1085675608e+00  9.5998368848e-01 -9.5285897653e-01  1.3265265907e+00 -3.7836394215e+00 -3.1627087035e+00  1.8995675632e+00 -5.7264529907e+00 -5.8772563528e-01 -2.4752983932e-01 -4.0596524733e+00 -3.0244144912e-01  2.9635469129e+00 -5.0398720670e+00 -3.0350947389e+00 -1.8413972702e+00 -8.4300729342e-01  1.7998803057e+00  1.2544050503e+00 -1.3275437195e+00 -2.4516374252e+00 -1.8175603488e-01  1.4874331658e+00  2.4673819060e+00 -1.4963556119e+00  2.0706691396e+00  1.4078844640e+00  2.0326617375e-01  2.3126797029e+00  9.3759065406e-01
ENERGY -6.077544961477e+02

JOB 6
COORDS  1.4580220968e+00 -5.1416525814e+00 -1.3710642084e+00  4.0536253847e-01 -4.2116172961e+00 -1.1772535276e+00  2.1248551060e+00 -4.7249425013e+00 -2.5035277377e+00  4.9471193875e-01 -3.2386314318e+00 -2.1863943952e+00 -1.0832132999e+00 -7.7583734734e-01  1.0018038270e+00  6.4349542171e-02 -1.2096339908e+00 -7.6782790600e-01  3.2126713623e-01  2.1960553101e-01 -4.5359961495e-01  6.3774801027e-01 -1.8520843484e+00 -1.8221572050e+00 -5.6707900930e-01  1.6851126504e+00  1.4101430353e+00 -8.1245998572e-01 -1.7550229467e+00  1.8705732335e-01 -4.6602713888e-01  4.2393065862e-01  6.9930616189e-01  1.0148099272e+00  1.0697010754e+00 -1.0015377941e+00  1.4563691029e+00 -3.7137530321e+00 -3.0954996026e+00  1.7296297950e+00 -5.9735721873e+00 -7.3464071227e-01 -2.3245981980e-01 -4.1057244904e+00 -3.1018495455e-01  2.9250864008e+00 -5.1693091304e+00 -3.0822956175e+00 -1.7373096170e+00 -8.6307666897e-01  1.8646792886e+00  1.2774556782e+00 -1.2458585216e+00 -2.4604167034e+00 -2.2194384950e-01  1.5836221178e+00  2.4439892281e+00 -1.5962729596e+00  2.0579208412e+00  1.4060746975e+00  7.2353281185e-02  2.4009312121e+00  8.9003907040e-01
ENERGY -6.077740188226e+02

JOB 7
COORDS  1.3968603350e+00 -5.2589548610e+00 -1.4532526953e+00  4.7874843549e-01 -4.2205248030e+00 -1.1427114019e+00  2.0814541033e+00 -4.8412786560e+00 -2.5717069031e+00  6.5832099292e-01 -3.2092806918e+00 -2.0879958716e+00 -1.0255610475e+00 -7.6103276197e-01  1.0424142509e+00  1.3552507832e-01 -1.1773656651e+00 -7.2160147892e-01  3.1625880596e-01  2.7230709056e-01 -4.4341141075e-01  7.3739108181e-01 -1.8134062455e+00 -1.7636231753e+00 -6.3888953529e-01  1.7330602312e+00  1.3910895062e+00 -7.0759728539e-01 -1.7445713765e+00  2.5063649791e-01 -4.7395793465e-01  4.6260314335e-01  7.0908620176e-01  9.6034563457e-01  1.1433640600e+00 -1.0173736184e+00  1.5699717627e+00 -3.6777908897e+00 -3.0336364020e+00  1.5671238385e+00 -6.1758863019e+00 -9.0436483266e-01 -1.4301553551e-01 -4.1206512325e+00 -2.6414734797e-01  2.8121097737e+00 -5.3242606293e+00 -3.2072243862e+00 -1.6715965930e+00 -8.6127643101e-01  1.9099671273e+00  1.3452315499e+00 -1.1912211350e+00 -2.4174571379e+00 -2.8170106629e-01  1.6747423708e+00  2.4241447031e+00 -1.6869065324e+00  2.0490231179e+00  1.3866273149e+00 -4.3000701480e-02  2.4701951218e+00  8.4953454951e-01
ENERGY -6.077895451375e+02

JOB 8
COORDS  1.3171884158e+00 -5.3484441267e+00 -1.5375353068e+00  5.3825845875e-01 -4.2382867817e+00 -1.1078424427e+00  2.0290443301e+00 -4.9164523513e+00 -2.6308736129e+00  8.1916447915e-01 -3.1869180961e+00 -1.9709005083e+00 -9.5913094728e-01 -7.4297986700e-01  1.0849411767e+00  2.1181808081e-01 -1.1468138578e+00 -6.7475521639e-01  3.0853086639e-01  3.2020727237e-01 -4.4321458634e-01  8.3896032577e-01 -1.7823704346e+00 -1.7018170278e+00 -7.1319092223e-01  1.7786801497e+00  1.3569929706e+00 -5.9124916429e-01 -1.7308634506e+00  3.2097833431e-01 -4.8087671149e-01  4.9992891884e-01  7.1085876464e-01  8.9559640736e-01  1.2079325294e+00 -1.0510884150e+00  1.6866484661e+00 -3.6453988426e+00 -2.9534470480e+00  1.3735253268e+00 -6.3301717970e+00 -1.0858436025e+00 -8.3129013585e-02 -4.1528409609e+00 -2.2782770730e-01  2.7034908889e+00 -5.4131607860e+00 -3.3150761476e+00 -1.5930792513e+00 -8.5307278452e-01  1.9602123119e+00  1.4131721991e+00 -1.1557254845e+00 -2.3808952965e+00 -3.4369398893e-01  1.7718067247e+00  2.3873130601e+00 -1.7777938043e+00  2.0331334278e+00  1.3546892036e+00 -1.6616869883e-01  2.5326425765e+00  7.8777862390e-01
ENERGY -6.078007535188e+02

JOB 9
COORDS  1.2333576289e+00 -5.4003791003e+00 -1.6232302670e+00  5.9907285475e-01 -4.2524840374e+00 -1.0679280288e+00  1.9608361274e+00 -4.9550477684e+00 -2.6991774904e+00  9.7953298684e-01 -3.1715226146e+00 -1.8448755064e+00 -9.1607697873e-01 -7.3073881582e-01  1.1268639401e+00  2.7347378322e-01 -1.1258923368e+00 -6.2258610226e-01  2.7877458068e-01  3.5246773094e-01 -4.4564648411e-01  9.3132023479e-01 -1.7614383246e+00 -1.6300094711e+00 -8.2356986883e-01  1.8094686965e+00  1.3071241572e+00 -4.9025887621e-01 -1.7211747632e+00  3.9716055024e-01 -5.1512631095e-01  5.2477846319e-01  7.0603555894e-01  8.0753646141e-01  1.2511719138e+00 -1.0893713535e+00  1.7916093844e+00 -3.6196635619e+00 -2.8736445898e+00  1.1762506372e+00 -6.4216916074e+00 -1.2702609892e+00 -2.1176278513e-02 -4.1828161939e+00 -1.8589739412e-01  2.5755077952e+00 -5.4544208875e+00 -3.4352159460e+00 -1.5408841756e+00 -8.4724271862e-01  2.0078880076e+00  1.4711903890e+00 -1.1322774084e+00 -2.3341940757e+00 -4.5356039124e-01  1.8610831749e+00  2.3359471438e+00 -1.9015124817e+00  1.9994632343e+00  1.2987987778e+00 -3.2317613449e-01  2.5742801389e+00  7.1016362727e-01
ENERGY -6.078075730429e+02

JOB 10
COORDS  1.1521625059e+00 -5.4321367490e+00 -1.7100839956e+00  6.7406513069e-01 -4.2782393532e+00 -1.0247993136e+00  1.8933411416e+00 -4.9707241119e+00 -2.7690926460e+00  1.1564881275e+00 -3.1794360617e+00 -1.7122024406e+00 -8.6414273327e-01 -7.4868472668e-01  1.1775995521e+00  3.5010902927e-01 -1.1350086804e+00 -5.5664566623e-01  2.6679067129e-01  3.4668052179e-01 -4.3335781576e-01  1.0406630729e+00 -1.7679825081e+00 -1.5434270450e+00 -9.2221744498e-01  1.7974776307e+00  1.2670271435e+00 -3.7978003117e-01 -1.7376657147e+00  4.8339377782e-01 -5.3591491983e-01  5.1264669485e-01  7.1297608445e-01  7.4240984702e-01  1.2511767299e+00 -1.1094504364e+00  1.9101099107e+00 -3.6132153753e+00 -2.7898726326e+00  9.7513689617e-01 -6.4695667553e+00 -1.4585576070e+00  5.5313866432e-02 -4.2231762500e+00 -1.4066597931e-01  2.4446015903e+00 -5.4626803777e+00 -3.5582593948e+00 -1.4837592286e+00 -8.7022078257e-01  2.0616117989e+00  1.5499748185e+00 -1.1371139541e+00 -2.2683308300e+00 -5.5931505016e-01  1.9078118799e+00  2.2937226429e+00 -2.0095248804e+00  1.9226686297e+00  1.2505980828e+00 -4.6621292406e-01  2.5688363233e+00  6.4351645234e-01
ENERGY -6.078098703825e+02

