JOB 0
COORDS  3.8626449481e+00 -5.7922669446e-01 -2.0825169223e+00  4.3853617420e+00 -1.4352119112e+00 -1.0011611626e+00  2.7045908369e+00  1.2056936974e-01 -1.8416345021e+00  1.8148705614e+00 -4.1688366869e-01 -7.3295303134e-01 -8.8572755958e-01  1.4125236318e+00  6.0960508606e-01 -1.5277976977e+00  2.0888995172e-02  6.2561838620e-01  5.2419914900e-02  1.3368128326e+00 -6.0322713792e-01 -3.7885183591e-01 -9.2188672971e-01  2.3126556224e-01  2.2191781921e+00  1.1705486138e+00 -2.8058924347e+00 -8.3412031160e-01 -2.1843517163e+00 -4.9767928696e-01  3.6053718479e+00 -1.4864705281e+00  4.2084510784e-02  2.2575653757e+00 -1.5846258754e+00 -3.0436294782e-01  4.9400833542e-01 -7.0873708428e-02 -6.1375525768e-01  4.4367469119e+00 -3.9223764417e-01 -2.9858332466e+00  5.4542318895e+00 -1.5895260852e+00 -8.5662380355e-01 -1.6101464606e+00  2.2272380308e+00  5.2266444700e-01 -3.0007866212e-01  1.5702917576e+00  1.5217463395e+00 -1.9553266347e+00 -2.4795947349e-01  1.5950454406e+00 -2.3298328782e+00 -3.4190451284e-02 -1.2046025476e-01 -4.8643937770e-01  1.5890665748e+00 -1.5251977504e+00  9.0392546972e-01  2.0136511708e+00 -5.1123790772e-01  2.0232513518e-01 -1.2199869534e+00  1.1139060486e+00  1.2039914893e+00  9.5127680072e-01 -3.1538206344e+00  2.1987581923e+00  2.1675493779e+00 -2.3523848115e+00  2.8762588115e+00  1.2178564552e+00 -3.6783478287e+00 -1.3615627008e+00 -1.9255211651e+00 -1.4225768705e+00 -1.5154830731e+00 -2.7598555857e+00  1.3941213320e-01  2.2573125891e-02 -2.8161341153e+00 -7.4155327263e-01
ENERGY -5.543480559821e+02

JOB 1
COORDS  3.8824578737e+00 -5.3935572572e-01 -2.0314789867e+00  4.3753323113e+00 -1.3985494804e+00 -9.8132214352e-01  2.6810339890e+00  1.0248104778e-01 -1.8310366188e+00  1.8212263222e+00 -4.5138205430e-01 -7.6160227778e-01 -8.6082902889e-01  1.3874918486e+00  6.3575192919e-01 -1.5228265855e+00  6.2802593802e-03  6.0661939239e-01  1.0061514241e-01  1.3277440046e+00 -5.6001844965e-01 -3.7295872153e-01 -9.3846859397e-01  2.2778309960e-01  2.1749128853e+00  1.1270332806e+00 -2.8130831230e+00 -8.2275511509e-01 -2.2117262537e+00 -4.8459277275e-01  3.5924351230e+00 -1.5863326201e+00  5.7235825795e-02  2.2507231177e+00 -1.5904955912e+00 -2.2387188393e-01  4.9622367294e-01 -9.5857276108e-02 -6.3034618743e-01  4.4801739205e+00 -3.2723603294e-01 -2.9139951391e+00  5.4368826733e+00 -1.5994904894e+00 -8.4938670837e-01 -1.5706542125e+00  2.2154437437e+00  5.5330191484e-01 -2.9356801031e-01  1.5148048725e+00  1.5640796384e+00 -1.9801723232e+00 -2.7638190019e-01  1.5584150262e+00 -2.3033825939e+00 -2.4653332507e-02 -1.6342668095e-01 -4.0664473869e-01  1.6414816618e+00 -1.4804785454e+00  9.7262957385e-01  1.9702029109e+00 -4.1758549714e-01  2.0105690376e-01 -1.2215624824e+00  1.1198952295e+00  1.1721404817e+00  8.6522529869e-01 -3.1671130279e+00  2.1146950212e+00  2.1294656006e+00 -2.3771979700e+00  2.8414062523e+00  1.1828501816e+00 -3.6778731813e+00 -1.3486113795e+00 -1.9664822737e+00 -1.4139891796e+00 -1.5033884159e+00 -2.7811600419e+00  1.5857961193e-01  3.5377008594e-02 -2.8455221467e+00 -7.1837327721e-01
ENERGY -5.543780845279e+02

JOB 2
COORDS  3.8926190562e+00 -4.9398942496e-01 -2.0123896642e+00  4.3634437017e+00 -1.3838502594e+00 -1.0040564812e+00  2.6578599130e+00  1.0008622727e-01 -1.8467284775e+00  1.8194810593e+00 -4.5507780133e-01 -7.9397278571e-01 -8.5596098948e-01  1.4045876502e+00  6.2563952996e-01 -1.5296880405e+00  3.0201941900e-02  5.7246105916e-01  1.2955479274e-01  1.3453132536e+00 -5.5061810610e-01 -3.7577931663e-01 -9.1834598339e-01  2.2124780523e-01  2.1437160468e+00  1.1129442919e+00 -2.8373714782e+00 -8.1595592822e-01 -2.2053181641e+00 -4.7142471815e-01  3.5789343868e+00 -1.6773314764e+00  1.6815779391e-02  2.2455140230e+00 -1.5599904747e+00 -1.7169694501e-01  4.9486753831e-01 -8.6927582568e-02 -6.4772500527e-01  4.5116635925e+00 -2.4634946154e-01 -2.8711646267e+00  5.4174471373e+00 -1.6332993296e+00 -9.0642517449e-01 -1.5552265170e+00  2.2407133456e+00  5.3595553051e-01 -3.0768502596e-01  1.5180985577e+00  1.5670656287e+00 -2.0142306200e+00 -2.5319287142e-01  1.5105356099e+00 -2.2885604841e+00  8.1274401095e-03 -2.1930741147e-01 -3.4940751270e-01  1.6915557538e+00 -1.4742886695e+00  1.0131106925e+00  1.9645541471e+00 -3.7515027816e-01  1.8586990439e-01 -1.1816758581e+00  1.1268824877e+00  1.1424130126e+00  8.3856389016e-01 -3.1852166210e+00  2.0769391009e+00  2.1195729792e+00 -2.4128546065e+00  2.8080280996e+00  1.1636362081e+00 -3.7042554135e+00 -1.3363713689e+00 -1.9780430212e+00 -1.4083478304e+00 -1.4984908449e+00 -2.7660436198e+00  1.7723660511e-01  4.5252429990e-02 -2.8408791780e+00 -6.8854921627e-01
ENERGY -5.543999475897e+02

JOB 3
COORDS  3.9080632110e+00 -4.5245663570e-01 -1.9680263089e+00  4.3560795226e+00 -1.3764159710e+00 -9.9913557111e-01  2.6448051727e+00  9.3035870629e-02 -1.8379867003e+00  1.8199064040e+00 -4.7819590057e-01 -8.0491346476e-01 -8.5752273784e-01  1.3920323752e+00  6.3301459905e-01 -1.5350663846e+00  2.0483841207e-02  5.6118170990e-01  1.4896047173e-01  1.3353124164e+00 -5.2575441070e-01 -3.7610261315e-01 -9.2817226358e-01  2.3063939905e-01  2.1197341812e+00  1.0912134615e+00 -2.8379230001e+00 -8.0593147094e-01 -2.2228042284e+00 -4.5368105800e-01  3.5615354015e+00 -1.7815429854e+00 -1.6963046349e-02  2.2445054272e+00 -1.5547052876e+00 -1.2127468251e-01  4.9708979851e-01 -1.0046041294e-01 -6.4012205550e-01  4.5536976283e+00 -1.5748792249e-01 -2.7918676341e+00  5.3975327862e+00 -1.6813457200e+00 -9.3353275210e-01 -1.5516556858e+00  2.2315233289e+00  5.3542916577e-01 -3.2649141934e-01  1.4983006593e+00  1.5850786653e+00 -2.0391395115e+00 -2.6478123901e-01  1.4883799025e+00 -2.2771997528e+00  3.0565021201e-03 -2.4643568671e-01 -3.0757535674e-01  1.7032405381e+00 -1.4523552996e+00  1.0379644149e+00  1.9397261133e+00 -3.2434050334e-01  1.7364587010e-01 -1.1797065384e+00  1.1465387123e+00  1.1273558163e+00  7.9297100948e-01 -3.1913494489e+00  2.0278159368e+00  2.0985431892e+00 -2.4203819953e+00  2.7903992407e+00  1.1503340316e+00 -3.6994296794e+00 -1.3179880272e+00 -2.0057145274e+00 -1.3975702520e+00 -1.4930011737e+00 -2.7792172910e+00  1.9382252853e-01  5.8536554067e-02 -2.8586439896e+00 -6.5662932538e-01
ENERGY -5.544145315979e+02

JOB 4
COORDS  3.9409514171e+00 -4.1039957038e-01 -1.9222798364e+00  4.3686318940e+00 -1.3840515839e+00 -1.0043219914e+00  2.6545044029e+00  8.6061669814e-02 -1.8238882322e+00  1.8406153485e+00 -5.1063306433e-01 -8.0885598294e-01 -8.4665148341e-01  1.3566367410e+00  6.5045950990e-01 -1.5203826894e+00 -1.5628350640e-02  5.5946583140e-01  1.8002774700e-01  1.3087490216e+00 -4.9124511962e-01 -3.5334144072e-01 -9.5878761070e-01  2.4468807354e-01  2.1188162359e+00  1.0780738908e+00 -2.8243405923e+00 -7.6958654459e-01 -2.2593624654e+00 -4.3636109301e-01  3.5628409008e+00 -1.8961778410e+00 -7.7892870446e-02  2.2691763612e+00 -1.5643859966e+00 -8.5756011143e-02  5.1963234973e-01 -1.2777604666e-01 -6.2383371049e-01  4.6101595380e+00 -6.0578721579e-02 -2.7050032442e+00  5.3978510746e+00 -1.7332899252e+00 -9.7640175589e-01 -1.5406575298e+00  2.1953381542e+00  5.4557215335e-01 -3.3316095995e-01  1.4587051596e+00  1.6125006080e+00 -2.0402724049e+00 -3.0683493893e-01  1.4760560988e+00 -2.2473914719e+00 -3.0550154860e-02 -2.6185900364e-01 -2.5693801094e-01  1.6958845773e+00 -1.4193840576e+00  1.0704824371e+00  1.9028887791e+00 -2.6461605142e-01  1.8651394467e-01 -1.2009884489e+00  1.1687496341e+00  1.1321041743e+00  7.6535067100e-01 -3.1804403046e+00  2.0109702675e+00  2.0835229229e+00 -2.4062005871e+00  2.7912788907e+00  1.1472373666e+00 -3.6837401476e+00 -1.2731362804e+00 -2.0499858635e+00 -1.3865327747e+00 -1.4606690466e+00 -2.8149437925e+00  2.0750486758e-01  9.9476276798e-02 -2.8926930001e+00 -6.2680999909e-01
ENERGY -5.544228745241e+02

JOB 5
COORDS  3.9506209379e+00 -3.7195236932e-01 -1.8923551232e+00  4.3583048676e+00 -1.3970418381e+00 -1.0248561678e+00  2.6473570047e+00  8.7357158929e-02 -1.8283074387e+00  1.8334619610e+00 -5.1811321435e-01 -8.2281154758e-01 -8.5223861327e-01  1.3645805041e+00  6.3848821038e-01 -1.5262917373e+00 -7.8962502690e-03  5.5171833224e-01  1.7901559234e-01  1.3101753995e+00 -4.9861241996e-01 -3.5768400471e-01 -9.5274879412e-01  2.4889574964e-01  2.1110939915e+00  1.0698633676e+00 -2.8380757166e+00 -7.6979491812e-01 -2.2591074173e+00 -4.2333484243e-01  3.5286819511e+00 -1.9835475400e+00 -1.6504138154e-01  2.2730106678e+00 -1.5440115104e+00 -6.6754242235e-02  5.1657764335e-01 -1.2708898680e-01 -6.2467098808e-01  4.6402387768e+00  2.3370738288e-02 -2.6348778487e+00  5.3733245370e+00 -1.7864550879e+00 -1.0383337239e+00 -1.5451097124e+00  2.2033816000e+00  5.2705189818e-01 -3.4261016387e-01  1.4706310997e+00  1.6021597972e+00 -2.0507202349e+00 -2.9337869384e-01  1.4675515102e+00 -2.2491137502e+00 -2.7501772261e-02 -2.7319736699e-01 -2.5425576488e-01  1.6939347056e+00 -1.4300389161e+00  1.0696169235e+00  1.9040024069e+00 -2.7136191120e-01  1.7697079961e-01 -1.1863176745e+00  1.1778021857e+00  1.1345412972e+00  7.4037351080e-01 -3.2067955170e+00  1.9804776279e+00  2.0740514562e+00 -2.4237074083e+00  2.7938579101e+00  1.1484218517e+00 -3.6884748482e+00 -1.2705163083e+00 -2.0578445110e+00 -1.3767273863e+00 -1.4620548685e+00 -2.8107809738e+00  2.2258951376e-01  1.0077976285e-01 -2.8927138240e+00 -6.0602081448e-01
ENERGY -5.544257514164e+02

JOB 6
COORDS  3.9681718365e+00 -3.3044404717e-01 -1.8431757289e+00  4.3552197828e+00 -1.4084243226e+00 -1.0286618047e+00  2.6520092190e+00  9.4691266233e-02 -1.8157175340e+00  1.8342301991e+00 -5.2282263138e-01 -8.2023538673e-01 -8.6353166708e-01  1.3668983976e+00  6.3434455107e-01 -1.5295840463e+00 -9.6995397105e-03  5.4942560884e-01  1.8101874948e-01  1.3104746757e+00 -4.9060778512e-01 -3.5224730239e-01 -9.4987457328e-01  2.6779196759e-01  2.1190285030e+00  1.0721160944e+00 -2.8323196802e+00 -7.4944128644e-01 -2.2669674581e+00 -3.9216376023e-01  3.4971811476e+00 -2.0552791337e+00 -2.4388949364e-01  2.2916090118e+00 -1.5169131319e+00 -3.5050453917e-02  5.2140009696e-01 -1.2647561443e-01 -6.0909296229e-01  4.6769151599e+00  1.0749562847e-01 -2.5426054237e+00  5.3540300347e+00 -1.8345311725e+00 -1.0863785655e+00 -1.5593222013e+00  2.2014418997e+00  5.1007243761e-01 -3.6540511257e-01  1.4816264710e+00  1.6030165507e+00 -2.0638869653e+00 -2.9109551288e-01  1.4608188204e+00 -2.2416058625e+00 -3.9293031860e-02 -2.8454056020e-01 -2.4185494312e-01  1.6912376972e+00 -1.4280398180e+00  1.0684582736e+00  1.9059112791e+00 -2.5464257613e-01  1.7457261757e-01 -1.1676956701e+00  1.2048311477e+00  1.1488716336e+00  7.3473307534e-01 -3.2102850503e+00  1.9763106523e+00  2.0755508571e+00 -2.4199548063e+00  2.8089656106e+00  1.1553134185e+00 -3.6764341513e+00 -1.2437891312e+00 -2.0804973014e+00 -1.3518666174e+00 -1.4432238535e+00 -2.8154208212e+00  2.5481463050e-01  1.2677553794e-01 -2.8967657946e+00 -5.6011447081e-01
ENERGY -5.544234208914e+02

JOB 7
COORDS  3.9688373375e+00 -3.0773558448e-01 -1.8037961226e+00  4.3293766965e+00 -1.4450724711e+00 -1.0490557415e+00  2.6455189797e+00  9.4922882200e-02 -1.8157406777e+00  1.8131797900e+00 -5.3531405950e-01 -8.3368194493e-01 -8.8695405703e-01  1.3738402600e+00  6.1425534579e-01 -1.5470043728e+00 -6.3881872574e-03  5.4036927220e-01  1.6731116925e-01  1.3093272775e+00 -5.0136339199e-01 -3.6407294580e-01 -9.4479398977e-01  2.7812152883e-01  2.1276578808e+00  1.0766355607e+00 -2.8364286884e+00 -7.5143004641e-01 -2.2736838512e+00 -3.6350185822e-01  3.4299975195e+00 -2.1338031828e+00 -3.5475081957e-01  2.2913542792e+00 -1.4994028026e+00 -2.9513918314e-02  5.0783920713e-01 -1.2837340612e-01 -6.0764114306e-01  4.6981408456e+00  1.6714999108e-01 -2.4563456725e+00  5.3066185282e+00 -1.9102203697e+00 -1.1577429594e+00 -1.5851700131e+00  2.2039780029e+00  4.7513970644e-01 -3.9730237741e-01  1.5017989760e+00  1.5855669531e+00 -2.0870140321e+00 -2.7904607263e-01  1.4510668911e+00 -2.2523983193e+00 -4.8729855269e-02 -2.9864602254e-01 -2.4694280014e-01  1.6832902846e+00 -1.4453298451e+00  1.0529664471e+00  1.9058392477e+00 -2.6148202021e-01  1.5887372986e-01 -1.1450885430e+00  1.2211772346e+00  1.1665007752e+00  7.3711578335e-01 -3.2348945332e+00  1.9716234517e+00  2.0765131788e+00 -2.4201295739e+00  2.8318620314e+00  1.1691997864e+00 -3.6676264804e+00 -1.2425987761e+00 -2.1043469174e+00 -1.3279821697e+00 -1.4454350430e+00 -2.8151292127e+00  2.8906496839e-01  1.2857148926e-01 -2.9015358917e+00 -5.1779116913e-01
ENERGY -5.544155667830e+02

JOB 8
COORDS  3.9852330191e+00 -3.1980819289e-01 -1.7712438901e+00  4.3250442707e+00 -1.5195326048e+00 -1.0799058959e+00  2.6588658322e+00  7.1224678344e-02 -1.8216130400e+00  1.7936472214e+00 -5.7915740821e-01 -8.6346797587e-01 -9.0416285817e-01  1.3556412474e+00  5.8057347280e-01 -1.5562471934e+00 -2.9325077024e-02  5.2057915098e-01  1.6445982117e-01  1.2830415932e+00 -5.2145222088e-01 -3.6787823587e-01 -9.6591968802e-01  2.7772586970e-01  2.1702810389e+00  1.0709672114e+00 -2.8400803093e+00 -7.4638405005e-01 -2.3056338176e+00 -3.4642836178e-01  3.3680029798e+00 -2.2294794002e+00 -5.0499722496e-01  2.3061212624e+00 -1.5171584235e+00 -6.2415414838e-02  5.0245555661e-01 -1.5543989612e-01 -6.1491563129e-01  4.7337427924e+00  1.9009344154e-01 -2.3736184838e+00  5.2747496547e+00 -2.0185074789e+00 -1.2611109531e+00 -1.6059184208e+00  2.1790489357e+00  4.2116951732e-01 -4.2704075255e-01  1.5017033628e+00  1.5554937310e+00 -2.1010724972e+00 -2.9226323807e-01  1.4312524478e+00 -2.2555664616e+00 -8.6773859782e-02 -3.2255846718e-01 -2.3497701727e-01  1.6518426550e+00 -1.4736555772e+00  1.0481468099e+00  1.8783930570e+00 -2.7186848659e-01  1.5191987618e-01 -1.1497431728e+00  1.2260962233e+00  1.2306124397e+00  7.2869347323e-01 -3.2854695278e+00  1.9822745713e+00  2.0584323228e+00 -2.4076116947e+00  2.9043744080e+00  1.1934528564e+00 -3.6409352624e+00 -1.2291187755e+00 -2.1522762847e+00 -1.3178160134e+00 -1.4461540006e+00 -2.8366522539e+00  3.0848800767e-01  1.3592167653e-01 -2.9341672184e+00 -4.8239623200e-01
ENERGY -5.544013167510e+02

JOB 9
COORDS  3.9919146900e+00 -2.9297344138e-01 -1.7237208046e+00  4.3033724931e+00 -1.5607776175e+00 -1.1042029030e+00  2.6672920682e+00  9.0206851796e-02 -1.8183571700e+00  1.7710105291e+00 -5.8294390400e-01 -8.7728735624e-01 -9.3052404102e-01  1.3676860568e+00  5.6182168454e-01 -1.5648471360e+00 -2.6711950602e-02  5.3217747479e-01  1.4007932811e-01  1.2860112276e+00 -5.3766300232e-01 -3.6570614309e-01 -9.5432614802e-01  3.0805032193e-01  2.2082219749e+00  1.1106328423e+00 -2.8300355978e+00 -7.2837468883e-01 -2.3109035775e+00 -2.8865337488e-01  3.2919697294e+00 -2.2713597455e+00 -6.4613902953e-01  2.3264132743e+00 -1.4856244602e+00 -7.4031810724e-02  4.9401924121e-01 -1.4989951628e-01 -6.0031373581e-01  4.7579643066e+00  2.3744883992e-01 -2.2845655351e+00  5.2254079466e+00 -2.0886077629e+00 -1.3426813072e+00 -1.6428978767e+00  2.1782658147e+00  3.8505374697e-01 -4.5553986660e-01  1.5409890818e+00  1.5333044990e+00 -2.1062665224e+00 -2.7657963354e-01  1.4485071900e+00 -2.2634391422e+00 -1.1117425138e-01 -3.0926186382e-01 -2.6137599396e-01  1.6287095137e+00 -1.4987406467e+00  1.0161977175e+00  1.8960890706e+00 -2.9884118378e-01  1.5723226782e-01 -1.1121731679e+00  1.2594442625e+00  1.2881923478e+00  7.7183657470e-01 -3.3177382638e+00  1.9946068130e+00  2.0861373041e+00 -2.3820934456e+00  2.9679441122e+00  1.2588623182e+00 -3.6020829337e+00 -1.2138548289e+00 -2.1829088684e+00 -1.2623489046e+00 -1.4218962343e+00 -2.8355392145e+00  3.7788419599e-01  1.6106680809e-01 -2.9314736587e+00 -4.1263311245e-01
ENERGY -5.543793950992e+02

JOB 10
COORDS  4.0160717722e+00 -2.8332558509e-01 -1.6725022139e+00  4.3135728854e+00 -1.6258835603e+00 -1.1252894037e+00  2.6991593437e+00  1.0597677374e-01 -1.8158536311e+00  1.7449271491e+00 -6.0738850936e-01 -9.0892459944e-01 -9.4888073603e-01  1.3637878562e+00  5.3864055287e-01 -1.5613558559e+00 -4.0821347571e-02  5.5195901027e-01  1.1886613626e-01  1.2709481642e+00 -5.6308392512e-01 -3.5263040481e-01 -9.5911502465e-01  3.3787652299e-01  2.2849804701e+00  1.1518675415e+00 -2.8209813712e+00 -7.0390773677e-01 -2.3306120859e+00 -2.3154364293e-01  3.2371978809e+00 -2.3122535734e+00 -8.3597497125e-01  2.3577994858e+00 -1.4887039762e+00 -1.4298941972e-01  4.9290453552e-01 -1.5948760943e-01 -5.8735021077e-01  4.7995859800e+00  2.5580283521e-01 -2.2001100246e+00  5.2168818088e+00 -2.1566321409e+00 -1.4260443468e+00 -1.6755744076e+00  2.1571116829e+00  3.4335533757e-01 -4.7196389831e-01  1.5726634736e+00  1.5021047633e+00 -2.0902063179e+00 -2.7422420546e-01  1.4798235976e+00 -2.2670001597e+00 -1.5782739543e-01 -2.7956827771e-01 -2.8891062807e-01  1.5794479026e+00 -1.5330667050e+00  9.8591348618e-01  1.8994165262e+00 -3.4238662366e-01  1.8039234587e-01 -1.0932933926e+00  1.2877463479e+00  1.4140365570e+00  8.0436933979e-01 -3.3879636235e+00  2.0054969735e+00  2.1034073345e+00 -2.3575042749e+00  3.0915135987e+00  1.3532553443e+00 -3.5313026643e+00 -1.1954933997e+00 -2.2256388187e+00 -1.2049395903e+00 -1.3903996165e+00 -2.8471298950e+00  4.4843112267e-01  1.9101703829e-01 -2.9441811316e+00 -3.4815932755e-01
ENERGY -5.543488057766e+02

