JOB 0
COORDS -4.3603156429e+00  2.7902845302e-02  1.5765224931e+00 -3.0710174120e+00 -1.4971831966e+00  2.0189063381e-01 -3.1927930490e+00  4.1490811660e-01  2.2402944644e+00 -1.9031035646e+00 -1.1036423625e+00  8.5109150086e-01 -4.3105159087e+00 -9.3784976127e-01  5.5991466298e-01 -1.9765408842e+00 -1.4600539237e-01  1.8686689308e+00 -6.0771317639e-01  1.4342361083e+00  4.1286538251e+00  4.2895673015e-01  1.1102555080e+00  1.6046883364e+00 -5.5347110809e+00 -1.3838032795e+00 -1.8593299174e-01 -6.8028379804e+00 -5.5958569391e-01 -6.0115580823e-02 -1.1817891472e-01 -1.2024911160e+00  3.6445907330e+00 -5.4972760419e+00 -2.3762757947e+00 -9.0326041985e-01 -4.7677344656e-01  4.4077590085e-01  2.8205500207e+00 -5.3054639309e+00  4.7942153899e-01  1.8623328242e+00 -3.0479125571e+00 -2.2417314188e+00 -5.8805862809e-01 -3.2177977601e+00  1.1535313406e+00  3.0397318959e+00 -9.4898906091e-01 -1.5351114837e+00  5.5973831150e-01 -8.4096451234e-01  2.4670170363e+00  3.9017158830e+00 -9.3661671597e-01  9.7214818558e-01  5.0525933519e+00  1.4158814853e+00  1.4346678466e+00  1.9164072498e+00  2.8853794389e-01  6.6931820826e-01  6.2460212063e-01 -6.6115042994e+00  4.9251596926e-01 -2.9479099997e-01 -7.1936123371e+00 -6.0114064767e-01  9.6287491936e-01 -7.5540483737e+00 -9.5978481073e-01 -7.4177280281e-01  7.9066262319e-01 -1.0670721050e+00  4.2326730253e+00 -9.6156407208e-01 -1.4919184275e+00  4.2765808974e+00  3.4347678609e-02 -1.9387489186e+00  2.8546404298e+00
ENERGY -9.008967736168e+02

JOB 1
COORDS -4.3896676318e+00 -4.2643102614e-02  1.6735215303e+00 -3.1022827497e+00 -1.5161859968e+00  2.4185648399e-01 -3.2141756231e+00  3.5791483244e-01  2.3146571648e+00 -1.9256844029e+00 -1.1013915712e+00  8.6331216786e-01 -4.3439867080e+00 -9.9573066405e-01  6.4533643548e-01 -1.9945196459e+00 -1.6484145983e-01  1.8999566680e+00 -6.0246879296e-01  1.4159224239e+00  4.1457267308e+00  3.6989079015e-01  1.1587596523e+00  1.5889845023e+00 -5.5745252116e+00 -1.4432105607e+00 -8.9774908979e-02 -6.7410620050e+00 -4.7782120566e-01 -1.8896505653e-01 -5.8286496673e-02 -1.1987962037e+00  3.6049487216e+00 -5.6009618411e+00 -2.5319843965e+00 -6.4958959639e-01 -4.8374003097e-01  4.4657955761e-01  2.8184042727e+00 -5.3380202725e+00  3.8255577580e-01  1.9889479920e+00 -3.0804944701e+00 -2.2497006361e+00 -5.5858837435e-01 -3.2353633896e+00  1.0810031479e+00  3.1282811936e+00 -9.6957539862e-01 -1.5007554651e+00  5.3507142297e-01 -8.6930156251e-01  2.4454368902e+00  3.9420705919e+00 -8.9305018808e-01  9.3113571315e-01  5.0708982094e+00  1.3568283146e+00  1.5030484279e+00  1.8786033061e+00  2.1337240962e-01  7.2955298592e-01  6.0614364772e-01 -6.4041981745e+00  4.9233109902e-01 -5.6839353829e-01 -7.1921728804e+00 -3.0236101986e-01  7.9415787142e-01 -7.4965649453e+00 -8.9832852302e-01 -8.5363878356e-01  8.6325485274e-01 -1.0481805394e+00  4.1691003562e+00 -8.7517668470e-01 -1.5205838062e+00  4.2557934612e+00  9.0648109210e-02 -1.9183086073e+00  2.7990377606e+00
ENERGY -9.008954476797e+02

JOB 2
COORDS -4.3936911191e+00 -8.7864691439e-02  1.7516801491e+00 -3.0968808990e+00 -1.5019774787e+00  2.7009167394e-01 -3.2183371751e+00  3.2355366635e-01  2.3863305146e+00 -1.9198330548e+00 -1.0715088458e+00  8.8188619628e-01 -4.3422966440e+00 -1.0194272171e+00  7.0506368633e-01 -1.9937670687e+00 -1.6116419117e-01  1.9405264630e+00 -6.0291301760e-01  1.4088198191e+00  4.1935714473e+00  3.3878273378e-01  1.2172980666e+00  1.6196436276e+00 -5.5737746048e+00 -1.4689105215e+00 -3.0128929113e-02 -6.6083158955e+00 -4.1711648416e-01 -3.8134006475e-01 -1.1577117930e-02 -1.1836484877e+00  3.5980697866e+00 -5.6774272417e+00 -2.6255321313e+00 -4.1563529037e-01 -4.8295995898e-01  4.6572424399e-01  2.8476699944e+00 -5.3477333292e+00  3.0690203884e-01  2.0901209245e+00 -3.0668463874e+00 -2.2204292634e+00 -5.4395861096e-01 -3.2436789492e+00  1.0264684378e+00  3.2173968022e+00 -9.6040530902e-01 -1.4411447535e+00  5.2940438736e-01 -8.9489721543e-01  2.4351175944e+00  4.0092868460e+00 -8.6952009426e-01  9.0279294352e-01  5.1145791066e+00  1.3233067059e+00  1.5744696842e+00  1.9018314358e+00  1.7701139675e-01  8.0241867976e-01  6.3150053830e-01 -6.1358591378e+00  3.7554598176e-01 -9.7169822589e-01 -7.0210476430e+00  5.8428064310e-02  5.1487130412e-01 -7.4165266645e+00 -8.7678440749e-01 -9.5176647613e-01  9.1580387317e-01 -1.0242685897e+00  4.1501274909e+00 -8.1118894691e-01 -1.5335649647e+00  4.2557995742e+00  1.3850947698e-01 -1.8856134275e+00  2.7770081809e+00
ENERGY -9.008934466296e+02

JOB 3
COORDS -4.4214691826e+00 -1.3015863292e-01  1.8596496436e+00 -3.1494068153e+00 -1.4691476672e+00  2.8947020241e-01 -3.2329688016e+00  2.8628576164e-01  2.4661380528e+00 -1.9600062104e+00 -1.0312137255e+00  8.7372871267e-01 -4.3862715000e+00 -1.0286122551e+00  7.8524575093e-01 -2.0148260784e+00 -1.5647499207e-01  1.9624194833e+00 -5.8019456496e-01  1.3789749538e+00  4.2112854177e+00  2.9100071835e-01  1.2626268645e+00  1.6080459392e+00 -5.6419942389e+00 -1.4758779638e+00  8.5899185720e-02 -6.5306651849e+00 -3.9070919889e-01 -4.8782178720e-01  2.8665455843e-02 -1.1898140636e+00  3.5349293267e+00 -5.8617025883e+00 -2.6632848113e+00 -1.0259582465e-01 -4.8707354390e-01  4.7015609384e-01  2.8392130811e+00 -5.3733058883e+00  2.3119471803e-01  2.2410580024e+00 -3.1278489485e+00 -2.1637321164e+00 -5.4581333965e-01 -3.2437727086e+00  9.6235399076e-01  3.3195226667e+00 -1.0065407147e+00 -1.3697214911e+00  4.7667999086e-01 -8.9324800673e-01  2.4050278016e+00  4.0630629443e+00 -8.1804848219e-01  8.4555569743e-01  5.1248060985e+00  1.2799098513e+00  1.6221064745e+00  1.8714689171e+00  1.0710946177e-01  8.6904998366e-01  6.1502616871e-01 -5.9745508703e+00  1.3357302205e-01 -1.2738378548e+00 -6.7923693297e+00  3.6119072124e-01  2.6372043052e-01 -7.4354806460e+00 -8.3173721366e-01 -9.0909587713e-01  9.6993456532e-01 -1.0305538390e+00  4.0630098220e+00 -7.4604902715e-01 -1.5668449715e+00  4.2072799117e+00  1.6325181274e-01 -1.8695282596e+00  2.6926923724e+00
ENERGY -9.008910900479e+02

JOB 4
COORDS -4.4305690941e+00 -1.2890881715e-01  1.9819926016e+00 -3.2100520778e+00 -1.4342689069e+00  3.4396606217e-01 -3.2230784010e+00  2.8064086056e-01  2.5551564203e+00 -2.0018939505e+00 -1.0098325394e+00  9.0154108843e-01 -4.4280705075e+00 -1.0032672274e+00  8.8863997799e-01 -2.0219060704e+00 -1.5422956040e-01  2.0058732192e+00 -5.1683027510e-01  1.3315773633e+00  4.2407282359e+00  2.6488993295e-01  1.2838199860e+00  1.6070504828e+00 -5.7204718151e+00 -1.4390055177e+00  2.4198871123e-01 -6.4470678883e+00 -3.9306367744e-01 -5.7720436512e-01  8.0615946293e-02 -1.2159041101e+00  3.4801924234e+00 -6.1042928350e+00 -2.5949271462e+00  3.2203855931e-01 -4.6753516824e-01  4.5730655633e-01  2.8440457811e+00 -5.3717391668e+00  2.2204113546e-01  2.3989976034e+00 -3.2088948955e+00 -2.1113196539e+00 -5.0650816896e-01 -3.2069173740e+00  9.4241512059e-01  3.4196475800e+00 -1.0619068933e+00 -1.3443113090e+00  4.7034518224e-01 -8.3778401159e-01  2.3597652656e+00  4.1287496369e+00 -7.2148711903e-01  7.7478323458e-01  5.1483073583e+00  1.2615189591e+00  1.6399943306e+00  1.8447270116e+00  4.7239031459e-02  9.1405729556e-01  6.1164587833e-01 -5.8018454701e+00 -8.2818340502e-02 -1.4075282448e+00 -6.6394396041e+00  5.0621393963e-01  1.8181479410e-02 -7.3836378971e+00 -7.9740341638e-01 -9.6508192755e-01  1.0389241131e+00 -1.0636915035e+00  3.9788757371e+00 -6.6819683479e-01 -1.6137628362e+00  4.1696385305e+00  1.8942752418e-01 -1.8743397561e+00  2.6176043237e+00
ENERGY -9.008888137957e+02

JOB 5
COORDS -4.4390904403e+00 -1.0350620095e-01  2.0517219037e+00 -3.2555130309e+00 -1.3273547807e+00  3.2727893505e-01 -3.2184342435e+00  2.8782683858e-01  2.6097445925e+00 -2.0345406350e+00 -9.3775691419e-01  8.8354856924e-01 -4.4607017473e+00 -9.1389669763e-01  9.1086789200e-01 -2.0289577331e+00 -1.2599410912e-01  2.0202019326e+00 -4.7531512365e-01  1.2660919821e+00  4.2820713158e+00  2.5986923023e-01  1.3132762347e+00  1.6351179910e+00 -5.7796220253e+00 -1.3516154898e+00  3.1569859852e-01 -6.3687805316e+00 -4.4336532987e-01 -7.4173088611e-01  9.2791389642e-02 -1.2539487233e+00  3.4156323508e+00 -6.3228575342e+00 -2.3804964835e+00  6.8210444615e-01 -4.5685282603e-01  4.4482315353e-01  2.8524833949e+00 -5.3718891728e+00  2.1559711604e-01  2.5105498861e+00 -3.2680838793e+00 -1.9629331186e+00 -5.5510990076e-01 -3.1836181394e+00  9.1306827406e-01  3.5004935371e+00 -1.1047880300e+00 -1.2648132518e+00  4.2539098304e-01 -7.9464464498e-01  2.2986749104e+00  4.2138167313e+00 -6.7071446083e-01  6.7632891525e-01  5.1707665927e+00  1.2628574427e+00  1.6540124326e+00  1.8686483327e+00  2.2424605155e-02  9.8285813316e-01  6.3043348480e-01 -5.6607342699e+00 -3.3051434383e-01 -1.5709251471e+00 -6.5197896441e+00  5.5967109884e-01 -3.2614628666e-01 -7.3152663738e+00 -8.4568628537e-01 -1.1071063148e+00  1.0601452804e+00 -1.1252907478e+00  3.9033589821e+00 -6.4651905361e-01 -1.6739514558e+00  4.1021912302e+00  1.8355587351e-01 -1.8798376846e+00  2.5271105487e+00
ENERGY -9.008877994968e+02

JOB 6
COORDS -4.4590957139e+00 -8.6973786980e-02  2.1047454621e+00 -3.2957247932e+00 -1.2187373117e+00  3.0575227302e-01 -3.2323129281e+00  2.9678120137e-01  2.6529943842e+00 -2.0672185980e+00 -8.5598606929e-01  8.6329362475e-01 -4.4952203994e+00 -8.3082417428e-01  9.1900659201e-01 -2.0497867950e+00 -8.6707132819e-02  2.0289639967e+00 -4.7015857143e-01  1.2312713598e+00  4.3174955436e+00  2.3687455770e-01  1.3613299621e+00  1.6654069650e+00 -5.8240172537e+00 -1.2863914374e+00  3.6729622760e-01 -6.3018535781e+00 -6.0529762210e-01 -8.9749479030e-01  8.4126289894e-02 -1.2607600942e+00  3.3659054727e+00 -6.4999395054e+00 -2.1044994893e+00  9.7024295912e-01 -4.6786964937e-01  4.5621729957e-01  2.8625350297e+00 -5.3880011984e+00  1.8702586430e-01  2.5980902202e+00 -3.3163848709e+00 -1.8151825102e+00 -6.0354915560e-01 -3.1862608916e+00  8.8562672836e-01  3.5677291202e+00 -1.1429115123e+00 -1.1688486399e+00  3.8469626818e-01 -7.9137444266e-01  2.2648588048e+00  4.2812985235e+00 -6.5695499095e-01  6.1484176975e-01  5.1897938691e+00  1.2420599563e+00  1.6953683460e+00  1.8989476227e+00 -1.2140951421e-02  1.0640734366e+00  6.5325322989e-01 -5.5339326691e+00 -6.3791294722e-01 -1.6778719407e+00 -6.4767513186e+00  4.5497977411e-01 -6.7830972840e-01 -7.2254763384e+00 -1.0651554172e+00 -1.2532495899e+00  1.0564846244e+00 -1.1495177844e+00  3.8479194799e+00 -6.4924902536e-01 -1.7014319309e+00  4.0458494198e+00  1.6495270550e-01 -1.8577823127e+00  2.4567750309e+00
ENERGY -9.008888103578e+02

JOB 7
COORDS -4.4731143691e+00 -5.6041737833e-02  2.1414627259e+00 -3.3335126826e+00 -1.1196906195e+00  2.8517893210e-01 -3.2410415710e+00  3.1165748747e-01  2.6857893778e+00 -2.0985235734e+00 -7.8142412132e-01  8.4409156626e-01 -4.5260998449e+00 -7.4937415788e-01  9.2420237692e-01 -2.0660385084e+00 -5.0944499150e-02  2.0337986487e+00 -4.5251402700e-01  1.1931423072e+00  4.3423591850e+00  2.1096271664e-01  1.4129607635e+00  1.6853385897e+00 -5.8642720748e+00 -1.1891267368e+00  3.9248143760e-01 -6.2258856773e+00 -7.5603161594e-01 -1.0135571325e+00  9.0279530196e-02 -1.2650952249e+00  3.3003501411e+00 -6.6534945738e+00 -1.7795769752e+00  1.1148519276e+00 -4.7199026808e-01  4.6665415475e-01  2.8628470022e+00 -5.3985305840e+00  1.9184741731e-01  2.6537131804e+00 -3.3623187879e+00 -1.6832238493e+00 -6.4427527650e-01 -3.1826220977e+00  8.6923540058e-01  3.6192172912e+00 -1.1801138838e+00 -1.0824018664e+00  3.4702521537e-01 -7.7378639080e-01  2.2273357150e+00  4.3505317219e+00 -6.2259896731e-01  5.4648254369e-01  5.1959284132e+00  1.2175185643e+00  1.7454524791e+00  1.9150523615e+00 -5.2505150017e-02  1.1488274204e+00  6.6772843431e-01 -5.4344695954e+00 -9.9479913830e-01 -1.7313514118e+00 -6.3344263108e+00  3.3513953337e-01 -1.0193549291e+00 -7.1653422296e+00 -1.2183215201e+00 -1.3208637408e+00  1.0704936260e+00 -1.1677730255e+00  3.7692966796e+00 -6.3091577640e-01 -1.7286625928e+00  3.9781142328e+00  1.5672466785e-01 -1.8323868042e+00  2.3712572893e+00
ENERGY -9.008910961586e+02

JOB 8
COORDS -4.4624402912e+00 -5.1238896530e-02  2.2219754263e+00 -3.3602645859e+00 -1.0355997692e+00  3.0050248463e-01 -3.2214904914e+00  3.0451518263e-01  2.7514413299e+00 -2.1149096767e+00 -7.0829398976e-01  8.4236389604e-01 -4.5415372737e+00 -7.0204799386e-01  9.8149259345e-01 -2.0595449203e+00 -2.4498680264e-02  2.0586165016e+00 -4.0242933357e-01  1.1528073550e+00  4.3718149756e+00  2.1359572386e-01  1.4455680350e+00  1.7102304786e+00 -5.8945334534e+00 -1.1144422046e+00  4.7307931318e-01 -6.1818153359e+00 -9.3028456634e-01 -1.0044207430e+00  1.1439857871e-01 -1.2766040722e+00  3.2516613948e+00 -6.7555423454e+00 -1.4978006529e+00  1.2530230184e+00 -4.4947412762e-01  4.6903636449e-01  2.8731464620e+00 -5.3799240536e+00  1.7071602895e-01  2.7589653267e+00 -3.4030614418e+00 -1.5627197658e+00 -6.4873901814e-01 -3.1446956658e+00  8.2846248323e-01  3.7028452575e+00 -1.2062117489e+00 -9.8204742608e-01  3.1282556398e-01 -7.2313463928e-01  2.1862427559e+00  4.4155776739e+00 -5.5338635508e-01  4.8192600140e-01  5.2100978699e+00  1.2227596716e+00  1.7751652388e+00  1.9317704458e+00 -7.1016844494e-02  1.2153487649e+00  6.9029821411e-01 -5.4801584563e+00 -1.4941617247e+00 -1.6281742454e+00 -6.0603115470e+00  1.2658262358e-01 -1.2668936828e+00 -7.2008317422e+00 -1.2526328137e+00 -1.2226218589e+00  1.1007925152e+00 -1.1962105535e+00  3.7107988556e+00 -5.9956575664e-01 -1.7590128999e+00  3.9239316821e+00  1.6729855584e-01 -1.8149474554e+00  2.3045950874e+00
ENERGY -9.008933678511e+02

JOB 9
COORDS -4.2462486002e+00  7.1702816300e-01  1.5105504633e+00 -3.6042162453e+00 -1.5195383986e+00  8.3034904123e-01 -2.9696450525e+00  9.2474309930e-01  2.0326108404e+00 -2.3321489735e+00 -1.3236750432e+00  1.3729547639e+00 -4.5683926373e+00 -5.0004847024e-01  8.8967455008e-01 -2.0232481925e+00 -9.4114486851e-02  1.9585748579e+00 -5.4467928538e-02  1.6762197055e+00  3.5338258996e+00  6.3992647739e-01  9.4642149148e-02  1.3972345994e+00 -5.9662573020e+00 -6.9446233889e-01  3.7641711967e-01 -6.1806587298e+00 -1.6567435171e+00 -7.7745326196e-01 -4.9866771508e-01 -9.4714197785e-01  4.1205265313e+00 -6.8930057920e+00 -4.4277013248e-02  8.4261148077e-01 -3.5143658951e-01  2.7893158076e-01  2.7121745397e+00 -5.0078908337e+00  1.4883825977e+00  1.5726170104e+00 -3.8399119493e+00 -2.4734697638e+00  3.6740610735e-01 -2.7002507835e+00  1.8691362229e+00  2.5027974054e+00 -1.5961309301e+00 -2.1220347245e+00  1.3284068832e+00  4.5006823184e-02  2.5604097035e+00  2.9165018053e+00 -4.5637480694e-01  1.7359869242e+00  4.5390527168e+00  1.6974026201e+00  1.6975055155e-01  1.6258508295e+00  2.9451303110e-01 -6.0799375678e-01  6.4802860717e-01 -5.9843709220e+00 -2.6901343175e+00 -4.7009453938e-01 -5.4958897109e+00 -1.4275236148e+00 -1.6004447736e+00 -7.2140692435e+00 -1.5818676002e+00 -1.1178997102e+00  4.4159854105e-01 -9.0610925230e-01  4.6722787733e+00 -1.3457969097e+00 -6.8017613636e-01  4.7573496683e+00 -6.5021537940e-01 -1.9336164592e+00  3.6807688114e+00
ENERGY -9.008952428156e+02

JOB 10
COORDS -4.2377922010e+00  7.5367654812e-01  1.4993776164e+00 -3.5870735635e+00 -1.4616158519e+00  7.5846148683e-01 -2.9671908514e+00  9.4643726690e-01  2.0401023009e+00 -2.3174145829e+00 -1.2779412350e+00  1.3103252735e+00 -4.5563204733e+00 -4.4840459825e-01  8.4685883359e-01 -2.0178872572e+00 -6.7740223554e-02  1.9395032339e+00 -6.5914680663e-02  1.6516833214e+00  3.5912090868e+00  6.4892505579e-01  1.4733971163e-01  1.4063273325e+00 -5.9441017528e+00 -6.1865959853e-01  2.9980046302e-01 -6.2119280546e+00 -1.7638559290e+00 -6.5978745574e-01 -5.0964877768e-01 -9.9106498036e-01  4.0826954471e+00 -6.8325168700e+00  1.6748786879e-01  6.0483505530e-01 -3.5297255240e-01  2.8348543903e-01  2.7189860440e+00 -5.0002507197e+00  1.5233646938e+00  1.5695997411e+00 -3.8153220061e+00 -2.4010508220e+00  2.6407780004e-01 -2.7032762890e+00  1.8760266237e+00  2.5418496433e+00 -1.5763106096e+00 -2.0696875329e+00  1.2397191022e+00  3.6312533574e-02  2.5568443304e+00  3.0055377426e+00 -4.7593608934e-01  1.6757454365e+00  4.5946356386e+00  1.7044064894e+00  2.1752478339e-01  1.6453852164e+00  3.1121469059e-01 -5.2922935757e-01  6.3011302590e-01 -6.1095882269e+00 -2.7289956276e+00 -1.5084372389e-01 -5.4996014770e+00 -1.7545892778e+00 -1.4911544765e+00 -7.2288270784e+00 -1.6735808525e+00 -1.0430992021e+00  4.2584215641e-01 -9.6761529355e-01  4.6435135015e+00 -1.3625172127e+00 -7.4751515806e-01  4.7212840403e+00 -6.5576115632e-01 -1.9619252256e+00  3.6077811493e+00
ENERGY -9.008964763907e+02

JOB 11
COORDS -4.2425698982e+00  7.8667648745e-01  1.4755759678e+00 -3.5737329314e+00 -1.4016000657e+00  6.7603702403e-01 -2.9795594535e+00  9.6772845847e-01  2.0374381033e+00 -2.3077479084e+00 -1.2247536904e+00  1.2385470989e+00 -4.5521752769e+00 -3.9946511864e-01  7.8994013859e-01 -2.0212494934e+00 -3.5164833880e-02  1.9113809637e+00 -9.0954329065e-02  1.6505215935e+00  3.6225571740e+00  6.5108460724e-01  1.9952299355e-01  1.4108424262e+00 -5.9256850458e+00 -5.4668974949e-01  2.0065274083e-01 -6.2678785423e+00 -1.8241187488e+00 -5.4432752784e-01 -5.3192280787e-01 -1.0044470209e+00  4.0471292112e+00 -6.7532658578e+00  3.4849267510e-01  3.2185014098e-01 -3.6477004086e-01  3.0246602011e-01  2.7154548787e+00 -5.0070451400e+00  1.5535838480e+00  1.5531502570e+00 -3.7901862913e+00 -2.3266688743e+00  1.5066157606e-01 -2.7265912836e+00  1.8821364194e+00  2.5716442234e+00 -1.5588061404e+00 -2.0064101050e+00  1.1428757472e+00  1.3798545909e-02  2.5705815400e+00  3.0610509868e+00 -5.0954126515e-01  1.6483100330e+00  4.6227354973e+00  1.7037264665e+00  2.6790132148e-01  1.6624234703e+00  3.2386777646e-01 -4.5798635341e-01  6.1416295059e-01 -6.1655339880e+00 -2.6971285273e+00  1.0937732559e-01 -5.5959138140e+00 -1.9717907035e+00 -1.3966762827e+00 -7.2959203413e+00 -1.7596396098e+00 -9.0202358051e-01  3.9750901548e-01 -9.9217656213e-01  4.6183392708e+00 -1.3921553571e+00 -7.7869887539e-01  4.6824055618e+00 -6.7030400904e-01 -1.9638501093e+00  3.5471675609e+00
ENERGY -9.008968182325e+02

JOB 12
COORDS -4.2109738416e+00  7.9873081788e-01  1.4288335514e+00 -3.5194686312e+00 -1.3742829621e+00  6.0322868253e-01 -2.9608578411e+00  9.7175506664e-01  2.0215822476e+00 -2.2620782997e+00 -1.1993358216e+00  1.1852070130e+00 -4.5042546479e+00 -3.7940097122e-01  7.2307275985e-01 -1.9955923076e+00 -2.3610481048e-02  1.8901103163e+00 -1.1135607452e-01  1.6232002435e+00  3.6880029945e+00  6.8030900005e-01  2.5556228799e-01  1.4402769828e+00 -5.8567410204e+00 -5.1163997293e-01  8.4587528253e-02 -6.2946484304e+00 -1.8770417086e+00 -4.1361345625e-01 -5.2904268611e-01 -1.0488590634e+00  4.0160646125e+00 -6.5993491294e+00  4.5831304968e-01 -4.0302040749e-03 -3.5606176951e-01  3.0401965239e-01  2.7314935776e+00 -4.9761599641e+00  1.5658024498e+00  1.4982658884e+00 -3.7236488921e+00 -2.2893267906e+00  5.5411302674e-02 -2.7225480558e+00  1.8751044323e+00  2.5807454293e+00 -1.5044324728e+00 -1.9713136951e+00  1.0798300915e+00 -7.3198600972e-03  2.5622414499e+00  3.1587291177e+00 -5.4543649806e-01  1.5832521698e+00  4.6807437487e+00  1.7284703370e+00  3.2667531012e-01  1.7090194389e+00  3.7075559473e-01 -3.7510510227e-01  6.1536696898e-01 -6.1971235775e+00 -2.6318990264e+00  3.7347721071e-01 -5.6742512276e+00 -2.2006201120e+00 -1.2570004186e+00 -7.3328063508e+00 -1.8173897081e+00 -7.4197406305e-01  3.9149117251e-01 -1.0457223290e+00  4.6016040819e+00 -1.4011684727e+00 -8.5349650383e-01  4.6451759568e+00 -6.4910351093e-01 -1.9925039343e+00  3.4825657036e+00
ENERGY -9.008963277965e+02

JOB 13
COORDS -4.2321150377e+00  7.7824540691e-01  1.4206246522e+00 -3.5019329269e+00 -1.3574021895e+00  5.3594032923e-01 -2.9923031892e+00  9.4695383138e-01  2.0371935633e+00 -2.2516879800e+00 -1.1821781310e+00  1.1334249288e+00 -4.5035241117e+00 -3.8354831997e-01  6.8112483990e-01 -2.0109308570e+00 -2.8983387242e-02  1.8834559552e+00 -1.7043691782e-01  1.5837831767e+00  3.7562000106e+00  6.6795460863e-01  2.9900143029e-01  1.4770786727e+00 -5.8368688634e+00 -5.0557300212e-01  8.4546430666e-04 -6.3846585979e+00 -1.8965279228e+00 -2.6266820486e-01 -5.5706770978e-01 -1.1023765643e+00  3.9936297811e+00 -6.4859620249e+00  4.9513370123e-01 -2.7430662795e-01 -3.8603574552e-01  2.9294831765e-01  2.7548837101e+00 -5.0035010614e+00  1.5383586379e+00  1.4992303738e+00 -3.6881772780e+00 -2.2556865632e+00 -4.5694729103e-02 -2.7735256945e+00  1.8345168033e+00  2.6287072590e+00 -1.4798383798e+00 -1.9364107975e+00  1.0050319456e+00 -7.1703677938e-02  2.5411202362e+00  3.2596676793e+00 -6.1628813923e-01  1.5060985545e+00  4.7414728085e+00  1.7114272898e+00  3.7310093720e-01  1.7627966178e+00  3.7758408602e-01 -3.0838265927e-01  6.2808426961e-01 -6.3509477254e+00 -2.5026176095e+00  6.4849009368e-01 -5.7884709363e+00 -2.4164184659e+00 -1.0211661033e+00 -7.4116644496e+00 -1.8138417967e+00 -6.2026646461e-01  3.5595221837e-01 -1.1063114862e+00  4.5908471357e+00 -1.4394218645e+00 -9.3844418057e-01  4.6174457675e+00 -6.5815341529e-01 -2.0298503720e+00  3.4287204076e+00
ENERGY -9.008949411599e+02

JOB 14
COORDS -4.2191439656e+00  7.9541582230e-01  1.3720654748e+00 -3.4455615709e+00 -1.3090925990e+00  4.5166474322e-01 -2.9931688544e+00  9.6329277786e-01  2.0170189438e+00 -2.2068784261e+00 -1.1300745972e+00  1.0724810707e+00 -4.4628466688e+00 -3.5400827296e-01  6.0519786181e-01 -1.9954337108e+00  5.5428331967e-03  1.8570703073e+00 -2.1354431817e-01  1.5912383296e+00  3.8072303125e+00  6.8082124545e-01  3.9968719151e-01  1.4988723145e+00 -5.7763632643e+00 -4.6970818859e-01 -1.1679528890e-01 -6.4578930003e+00 -1.8245608600e+00 -1.3691382837e-01 -5.4550365007e-01 -1.1090148890e+00  3.9499095756e+00 -6.3117645298e+00  5.2522608367e-01 -5.8526629495e-01 -3.8956617026e-01  3.3040272772e-01  2.7606016835e+00 -4.9968025350e+00  1.5493311259e+00  1.4513777119e+00 -3.6085415319e+00 -2.1921995583e+00 -1.6009898108e-01 -2.7971916701e+00  1.8392379492e+00  2.6332700117e+00 -1.4207708090e+00 -1.8675161222e+00  9.3343660144e-01 -1.2705697493e-01  2.5670029179e+00  3.3454785062e+00 -6.7098031365e-01  1.4713553779e+00  4.7829427595e+00  1.7189693771e+00  4.8507035377e-01  1.8001425317e+00  4.1195177333e-01 -1.8042120961e-01  6.2418111060e-01 -6.6540407336e+00 -2.1435273161e+00  8.9298824399e-01 -5.8244896057e+00 -2.5933408650e+00 -5.9169352523e-01 -7.3966336794e+00 -1.7544699010e+00 -6.8807248798e-01  3.6199018671e-01 -1.1156603498e+00  4.5554639054e+00 -1.4364361113e+00 -9.8325883571e-01  4.5703946934e+00 -6.2326145934e-01 -2.0187143917e+00  3.3533110099e+00
ENERGY -9.008929312536e+02

JOB 15
COORDS -4.1956028064e+00  7.3217440143e-01  1.3400647138e+00 -3.3570598498e+00 -1.3266092088e+00  3.7536412267e-01 -2.9842262646e+00  9.0998338488e-01  2.0116904648e+00 -2.1332211562e+00 -1.1351230688e+00  1.0217102731e+00 -4.3983994666e+00 -4.0139790442e-01  5.4082169692e-01 -1.9616967682e+00 -1.9004298760e-02  1.8432494422e+00 -2.5628922019e-01  1.5472419328e+00  3.8739471561e+00  7.1302755088e-01  4.4529895304e-01  1.5511522509e+00 -5.6904766553e+00 -5.3693795682e-01 -2.2067942184e-01 -6.4898028525e+00 -1.8063882365e+00 -5.9985369497e-03 -5.2847541990e-01 -1.1623677940e+00  3.9308361188e+00 -6.1104629259e+00  3.8946736807e-01 -8.9722123199e-01 -3.8179899222e-01  3.1464856250e-01  2.7870203892e+00 -4.9879633465e+00  1.4702583259e+00  1.4277212255e+00 -3.4922848076e+00 -2.1947331857e+00 -2.6522946282e-01 -2.8195040682e+00  1.7732429779e+00  2.6544504334e+00 -1.3272550405e+00 -1.8490972466e+00  8.7407017877e-01 -1.8462040218e-01  2.5354489933e+00  3.4368830933e+00 -7.3122948814e-01  1.3905201147e+00  4.8360125358e+00  1.7426745036e+00  5.4124024372e-01  1.8775526419e+00  4.7512700004e-01 -1.1414955657e-01  6.5424620103e-01 -6.8039906842e+00 -1.8467913260e+00  1.0436112486e+00 -5.8852209014e+00 -2.7015495705e+00 -1.8632878581e-01 -7.3679313535e+00 -1.8118848753e+00 -6.5368888860e-01  3.6634597657e-01 -1.1664851173e+00  4.5549870992e+00 -1.4346064829e+00 -1.0749874599e+00  4.5356952856e+00 -5.7316360714e-01 -2.0555462004e+00  3.3065078441e+00
ENERGY -9.008905691905e+02

JOB 16
COORDS -4.1993395050e+00  6.9014674244e-01  1.3066238504e+00 -3.3027950093e+00 -1.3228587216e+00  3.0017299950e-01 -2.9989911784e+00  8.7794045674e-01  1.9971284858e+00 -2.0931812962e+00 -1.1254186731e+00  9.7132917535e-01 -4.3627153918e+00 -4.2162117045e-01  4.7101824807e-01 -1.9557888116e+00 -2.5289554145e-02  1.8205271146e+00 -3.1536142589e-01  1.5196232879e+00  3.9185241968e+00  7.0702692582e-01  5.2153465584e-01  1.5715370462e+00 -5.6446759003e+00 -5.8499143691e-01 -3.0968280368e-01 -6.5731739824e+00 -1.6943572313e+00  1.3753620889e-01 -5.0939601513e-01 -1.1971110098e+00  3.8846380797e+00 -5.9336235112e+00  1.9542547118e-01 -1.2019950307e+00 -3.9588558157e-01  3.1996977546e-01  2.7905431801e+00 -5.0075671427e+00  1.4093316321e+00  1.4107938095e+00 -3.4146221827e+00 -2.1773278038e+00 -3.6351207045e-01 -2.8614880161e+00  1.7285469195e+00  2.6627818732e+00 -1.2722532993e+00 -1.8215763927e+00  8.2054298378e-01 -2.6612833967e-01  2.5246488465e+00  3.5181212613e+00 -7.9645655000e-01  1.3172856862e+00  4.8689917973e+00  1.7306393245e+00  6.3378302344e-01  1.9114697415e+00  4.9212489616e-01 -1.3480379981e-02  6.5409047135e-01 -6.9145664217e+00 -1.4758342832e+00  1.1564784741e+00 -6.0460418453e+00 -2.6536343642e+00  1.8548662650e-01 -7.4318752181e+00 -1.7670243007e+00 -5.3214055889e-01  3.8015164996e-01 -1.1955761346e+00  4.5162771002e+00 -1.4224816373e+00 -1.1553993092e+00  4.4838689584e+00 -5.2292085634e-01 -2.0707482799e+00  3.2318774239e+00
ENERGY -9.008882208189e+02

JOB 17
COORDS -4.2162188653e+00  6.1903825369e-01  1.2762377890e+00 -3.2460165026e+00 -1.3239304936e+00  2.0122860047e-01 -3.0238577453e+00  8.2508837658e-01  1.9766993590e+00 -2.0533123592e+00 -1.1195523490e+00  8.9967061955e-01 -4.3294783517e+00 -4.5418598179e-01  3.8503560475e-01 -1.9538016091e+00 -4.1401619375e-02  1.7821547416e+00 -3.7707424669e-01  1.4880923731e+00  3.9379056227e+00  6.9917073601e-01  5.7161249323e-01  1.5818492955e+00 -5.6149637877e+00 -6.7440540409e-01 -3.7976002326e-01 -6.6451629709e+00 -1.5605462155e+00  2.8774629001e-01 -5.0719159648e-01 -1.2306889145e+00  3.8354328696e+00 -5.7941338170e+00 -1.5951876384e-01 -1.4705442753e+00 -4.1490812542e-01  3.1515856236e-01  2.7800128876e+00 -5.0513127959e+00  1.3014736320e+00  1.4155208892e+00 -3.3278513616e+00 -2.1554431608e+00 -4.9491588915e-01 -2.9178793985e+00  1.6569983117e+00  2.6711556033e+00 -1.2150427684e+00 -1.7936065629e+00  7.4379228550e-01 -3.4608029448e-01  2.5030345822e+00  3.5614667345e+00 -8.6419632802e-01  1.2516798333e+00  4.8773563641e+00  1.7152596340e+00  6.9836694732e-01  1.9388331405e+00  5.0890592300e-01  5.4973815841e-02  6.4856193329e-01 -6.9173350451e+00 -1.1426318397e+00  1.2639111633e+00 -6.2137384290e+00 -2.5491531772e+00  4.8318372195e-01 -7.5321792436e+00 -1.6553505498e+00 -3.4107706875e-01  3.7429759130e-01 -1.2248543240e+00  4.4782596505e+00 -1.4282403123e+00 -1.2243820551e+00  4.4237888154e+00 -4.9280325211e-01 -2.0879307367e+00  3.1612944552e+00
ENERGY -9.008871953410e+02

JOB 18
COORDS -4.2177439196e+00  5.4378082001e-01  1.2829139126e+00 -3.1639779390e+00 -1.3300380614e+00  1.6408888139e-01 -3.0377947082e+00  7.8313683742e-01  1.9931986703e+00 -1.9903936883e+00 -1.1050950062e+00  8.8750251884e-01 -4.2782711274e+00 -5.0004020805e-01  3.5144730582e-01 -1.9363039561e+00 -4.1537987440e-02  1.7917514363e+00 -4.3902213702e-01  1.4866376578e+00  4.0046394819e+00  6.9059047238e-01  6.7985542118e-01  1.6334131105e+00 -5.5526369248e+00 -7.9314563560e-01 -4.0237373707e-01 -6.6777831766e+00 -1.4133375728e+00  4.0027404065e-01 -4.6129302026e-01 -1.2312621171e+00  3.8262764440e+00 -5.6280999960e+00 -6.1392126379e-01 -1.6070582761e+00 -4.2104086971e-01  3.4588053504e-01  2.8146902934e+00 -5.0823072135e+00  1.1839266552e+00  1.4428503802e+00 -3.2118086893e+00 -2.1426158707e+00 -5.5642998795e-01 -2.9680933875e+00  1.6021994198e+00  2.7071869144e+00 -1.1302714201e+00 -1.7514208527e+00  7.3331712849e-01 -4.4227684751e-01  2.5129145910e+00  3.6589790839e+00 -9.2342711484e-01  1.2047646014e+00  4.9328457611e+00  1.6981075909e+00  8.3753172278e-01  2.0022629707e+00  5.2807919506e-01  1.8085295600e-01  6.8534225948e-01 -6.9071169310e+00 -8.1242536691e-01  1.2868990743e+00 -6.3506170394e+00 -2.3943286903e+00  7.6501689040e-01 -7.5679419053e+00 -1.5281942474e+00 -2.2062823288e-01  4.1371351605e-01 -1.2082843723e+00  4.4774632179e+00 -1.3868881213e+00 -1.2772743552e+00  4.4056728169e+00 -4.0700284515e-01 -2.0686890205e+00  3.1297070193e+00
ENERGY -9.008882580797e+02

JOB 19
COORDS -4.2259037919e+00  4.5239854053e-01  1.3134784191e+00 -3.1124561591e+00 -1.3531660217e+00  1.3985920851e-01 -3.0509903229e+00  7.1650379880e-01  2.0228991854e+00 -1.9463519682e+00 -1.1111945700e+00  8.6780400996e-01 -4.2548116525e+00 -5.6603852816e-01  3.5144071246e-01 -1.9245938461e+00 -6.7000682294e-02  1.7965114315e+00 -4.6361999162e-01  1.4662692884e+00  4.0305968560e+00  6.7523171187e-01  7.4099044156e-01  1.6375868686e+00 -5.5109549395e+00 -9.0223948550e-01 -4.0716057029e-01 -6.7359274581e+00 -1.2563800638e+00  4.1263220545e-01 -4.0145662739e-01 -1.2474658947e+00  3.8010264687e+00 -5.4977603136e+00 -9.9256774273e-01 -1.6256200129e+00 -4.1641730498e-01  3.4892310083e-01  2.8197547247e+00 -5.1093168713e+00  1.0594934281e+00  1.4951823064e+00 -3.1414355577e+00 -2.1446628728e+00 -6.0401604538e-01 -3.0040825893e+00  1.5209600083e+00  2.7551067008e+00 -1.0669357099e+00 -1.7272134217e+00  6.9903384095e-01 -5.0231818899e-01  2.4974361053e+00  3.7021466315e+00 -9.3201776061e-01  1.1525600023e+00  4.9567714592e+00  1.6792494198e+00  9.2602815613e-01  2.0032505012e+00  5.2389272080e-01  2.5266232091e-01  6.8213104382e-01 -6.9809495879e+00 -4.7113670370e-01  1.1354157530e+00 -6.5184493261e+00 -2.1601590113e+00  9.9370996897e-01 -7.5870586735e+00 -1.4370853749e+00 -2.4583788281e-01  4.7608209981e-01 -1.2095248532e+00  4.4480834867e+00 -1.3218734446e+00 -1.3333900000e+00  4.3841293571e+00 -3.2503395649e-01 -2.0693568254e+00  3.0882191236e+00
ENERGY -9.008906070744e+02

JOB 20
COORDS -4.3007490003e+00  3.6146489859e-01  1.3295087759e+00 -3.1272417384e+00 -1.3842186273e+00  1.2436770695e-01 -3.1305105923e+00  6.6232247276e-01  2.0318380778e+00 -1.9644924185e+00 -1.1047636612e+00  8.4214489174e-01 -4.3010084245e+00 -6.4841235775e-01  3.5664325730e-01 -1.9760144540e+00 -7.2312880292e-02  1.7849351303e+00 -5.6051308084e-01  1.4783399721e+00  4.0372277002e+00  5.8370203699e-01  8.5150028081e-01  1.6189789794e+00 -5.5420535155e+00 -1.0362616666e+00 -3.9730832637e-01 -6.8409726882e+00 -1.1209984724e+00  3.8143404658e-01 -3.8366363426e-01 -1.2252272723e+00  3.7517904930e+00 -5.4747633878e+00 -1.3739798185e+00 -1.5712324453e+00 -4.7700293475e-01  3.8836346708e-01  2.8036671364e+00 -5.2028606084e+00  9.3330567897e-01  1.5287913337e+00 -3.1384413621e+00 -2.1675117604e+00 -6.2801770660e-01 -3.1085317387e+00  1.4581223797e+00  2.7745317143e+00 -1.0626444093e+00 -1.6826930998e+00  6.5765416473e-01 -6.4655346738e-01  2.5136622205e+00  3.7316586731e+00 -1.0055030875e+00  1.1256322833e+00  4.9609006076e+00  1.5820017903e+00  1.0748587383e+00  1.9789260115e+00  4.4515905250e-01  3.7378394243e-01  6.5620993977e-01 -7.1004665680e+00 -1.6393138506e-01  8.4598300478e-01 -6.7283058939e+00 -1.8478914917e+00  1.1934945173e+00 -7.6462223884e+00 -1.4314410838e+00 -2.8573587008e-01  4.9699500682e-01 -1.1615967041e+00  4.3925431148e+00 -1.2943051675e+00 -1.3632235958e+00  4.3402070731e+00 -2.7736856932e-01 -2.0286487547e+00  3.0220039672e+00
ENERGY -9.008930708662e+02

JOB 21
COORDS -4.2897253126e+00  2.8554259520e-01  1.3587453657e+00 -3.0656879938e+00 -1.3854438922e+00  9.9253912124e-02 -3.1291655817e+00  5.9569875505e-01  2.0729310365e+00 -1.9116205795e+00 -1.0928484693e+00  8.2411841267e-01 -4.2621732003e+00 -6.9384084404e-01  3.5474857985e-01 -1.9522683399e+00 -9.2795322002e-02  1.8011642073e+00 -5.7955574662e-01  1.4325836800e+00  4.0966362999e+00  5.7967844207e-01  9.0819716077e-01  1.6613776162e+00 -5.4874717478e+00 -1.0830766163e+00 -4.2103377377e-01 -6.8421728891e+00 -9.0751986327e-01  2.4051371855e-01 -3.2744696819e-01 -1.2561645793e+00  3.7345988955e+00 -5.3835490599e+00 -1.5924023998e+00 -1.5296036795e+00 -4.6560475481e-01  3.8067484895e-01  2.8333313425e+00 -5.2078102931e+00  8.2261021413e-01  1.5787271558e+00 -3.0590229470e+00 -2.1459939656e+00 -6.7585097611e-01 -3.1309140441e+00  1.3652994468e+00  2.8430043866e+00 -9.9253278856e-01 -1.6361844895e+00  6.2071095115e-01 -6.9308014561e-01  2.4736040768e+00  3.8210729649e+00 -1.0103900917e+00  1.0414441543e+00  5.0113834987e+00  1.5715903818e+00  1.1491269974e+00  2.0277853363e+00  4.5613064217e-01  4.5061497948e-01  6.8678288368e-01 -7.0769649590e+00  1.5369855238e-01  3.8082612427e-01 -6.8497170725e+00 -1.3747142462e+00  1.2305754452e+00 -7.6086716643e+00 -1.3569391763e+00 -3.9188229001e-01  5.5032672549e-01 -1.1865724112e+00  4.3786962594e+00 -1.2346230229e+00 -1.4366953527e+00  4.3168016913e+00 -1.9785649693e-01 -2.0346762136e+00  2.9819267784e+00
ENERGY -9.008951822334e+02

JOB 22
COORDS -4.3099166315e+00  1.8944837793e-01  1.4050972171e+00 -3.0581010302e+00 -1.4288919453e+00  1.0661827397e-01 -3.1477184350e+00  5.2501537378e-01  2.1053429438e+00 -1.8996003582e+00 -1.1058213226e+00  8.0951416595e-01 -4.2734177262e+00 -7.8266691963e-01  3.9394908933e-01 -1.9549065010e+00 -1.2079237167e-01  1.8017523514e+00 -5.8691836015e-01  1.4180211489e+00  4.0917775080e+00  5.3914150674e-01  9.6493663909e-01  1.6268823290e+00 -5.4960919812e+00 -1.1869901911e+00 -3.7790049731e-01 -6.8562242914e+00 -7.6166336773e-01  1.4429002722e-01 -2.5535400893e-01 -1.2559199676e+00  3.6862274947e+00 -5.3951982431e+00 -1.8719067040e+00 -1.3886360066e+00 -4.6440335505e-01  3.8759936996e-01  2.8117040597e+00 -5.2384112828e+00  6.9714179426e-01  1.6480076883e+00 -3.0452253625e+00 -2.1818639234e+00 -6.7551727201e-01 -3.1600252890e+00  1.2833508764e+00  2.8864218390e+00 -9.6628561860e-01 -1.6129833816e+00  5.7917259094e-01 -7.3968504896e-01  2.4586004038e+00  3.8339962057e+00 -9.8682559900e-01  1.0004299663e+00  5.0088815100e+00  1.5296652280e+00  1.2340795842e+00  1.9769906712e+00  4.1117943067e-01  5.1648279897e-01  6.4864868119e-01 -6.9688497521e+00  3.2725837780e-01  9.3450383869e-02 -6.9840948449e+00 -1.0551536085e+00  1.1912596377e+00 -7.6307079641e+00 -1.2257601638e+00 -4.6716692246e-01  6.3269980473e-01 -1.1667097135e+00  4.3135838116e+00 -1.1442086485e+00 -1.4735012166e+00  4.2838328603e+00 -1.1645233299e-01 -2.0195191308e+00  2.9200864367e+00
ENERGY -9.008966387662e+02

JOB 23
COORDS -4.3390116242e+00  1.0587437083e-01  1.4949713097e+00 -3.0507786585e+00 -1.4597444066e+00  1.6619961048e-01 -3.1773774817e+00  4.8279606884e-01  2.1748011980e+00 -1.8905533902e+00 -1.0859821511e+00  8.3987152215e-01 -4.2860661700e+00 -8.6794104329e-01  4.8595657023e-01 -1.9656990806e+00 -1.0994706849e-01  1.8399783004e+00 -6.1488242489e-01  1.4806449633e+00  4.1037131956e+00  4.7824945813e-01  1.0780128161e+00  1.6150559903e+00 -5.5055613203e+00 -1.3108682767e+00 -2.6997173454e-01 -6.8432237584e+00 -6.7839240907e-01  6.7549565672e-02 -1.8220463789e-01 -1.1769417207e+00  3.6849714909e+00 -5.4195815350e+00 -2.1677642883e+00 -1.1416323909e+00 -4.7599325955e-01  4.5799952935e-01  2.8192741812e+00 -5.2805862021e+00  5.7800024378e-01  1.7575657128e+00 -3.0258020345e+00 -2.2122004535e+00 -6.1609522073e-01 -3.2041061686e+00  1.2352001103e+00  2.9612461441e+00 -9.4080141341e-01 -1.5471327873e+00  5.8158541483e-01 -8.1571183052e-01  2.5142376327e+00  3.8510318134e+00 -9.7705372237e-01  1.0455770111e+00  5.0283228319e+00  1.4640965942e+00  1.3859371590e+00  1.9460338459e+00  3.5050986876e-01  6.2372127081e-01  6.3945650919e-01 -6.8138443436e+00  4.0517828014e-01 -9.0099210738e-02 -7.1031900291e+00 -8.5000034057e-01  1.1176600732e+00 -7.6115437048e+00 -1.1154835553e+00 -5.7088087362e-01  7.1412280222e-01 -1.0530484823e+00  4.2944422666e+00 -1.0490985882e+00 -1.4320907407e+00  4.2997163751e+00 -2.8081790320e-02 -1.9324862541e+00  2.9137315128e+00
ENERGY -9.008971471093e+02

