JOB 0
COORDS -5.6538645121e-01  1.2642670329e+00 -4.8675104369e-02  5.6357175059e-01  6.6051915979e-01  3.7393052194e-01  1.5239337415e+00  1.4391084311e+00  1.2314328566e+00 -1.5466338343e+00  5.7911568510e-01 -9.5665171382e-01 -2.7315604876e-01 -1.4207527502e+00 -4.7730831504e-01  3.6267367824e+00  1.6372831031e+00  2.3874178714e+00  3.5996816055e+00  4.6683857334e-01  2.4097899980e-01  8.9219619065e-01 -6.5700969672e-01 -2.1819755815e-02 -9.5193842092e-01 -6.4699196965e-01 -1.5076581120e+00  2.8139308962e+00  9.4113683606e-01  1.3892054830e+00  1.1567475090e+00  2.4618000550e+00  1.8123683796e+00 -7.4948204291e-01  2.2866226786e+00  2.6053668932e-01 -2.4876807687e+00  3.9451408715e-01 -4.0426385777e-01 -1.7997388238e+00  1.2437552447e+00 -1.7921935834e+00  7.3436079317e-02 -2.3639742097e+00 -9.0979639755e-01 -9.3709000655e-01 -1.6494455583e+00  3.8237460316e-01  4.4896177357e+00  1.0096625433e+00  2.6292230387e+00  3.0378553091e+00  1.8119913236e+00  3.2876716283e+00  3.9836713282e+00  2.6084637986e+00  2.0187253810e+00  4.2123677186e+00  1.2878292401e+00 -1.5771767127e-01  2.9510774834e+00  9.5025364075e-02 -5.4869897394e-01  4.2709320830e+00 -3.3940248813e-01  5.5684315891e-01  1.3867753658e+00 -1.1488548993e+00  7.1836572190e-01 -1.6655341958e+00 -1.2189974886e+00 -1.9506252198e+00
ENERGY -5.141222493783e+02

JOB 1
COORDS -5.2260077424e-01  1.2425454320e+00 -8.6143470335e-02  5.5066627852e-01  6.0664515557e-01  4.2270760131e-01  1.4836645281e+00  1.3522969300e+00  1.3368043574e+00 -1.4691078532e+00  5.6898011065e-01 -1.0400263361e+00 -3.2051926679e-01 -1.4669798103e+00 -4.0705032339e-01  3.6523743427e+00  1.6227922837e+00  2.3587707379e+00  3.5326866069e+00  5.4224964926e-01  1.5896970121e-01  8.4376148308e-01 -7.3668819083e-01  9.9104859621e-02 -8.9303572894e-01 -7.0123698007e-01 -1.5068671042e+00  2.8105801813e+00  9.5460389323e-01  1.3676306887e+00  1.0593539806e+00  2.2477296142e+00  2.0704244829e+00 -6.9160011429e-01  2.2773022995e+00  1.8922122391e-01 -2.4536267186e+00  4.4421689336e-01 -5.5062360689e-01 -1.6327315903e+00  1.2118966885e+00 -1.9140594223e+00  1.0413748810e-02 -2.4393395308e+00 -7.8363763523e-01 -1.0497195161e+00 -1.6346766438e+00  4.1258733808e-01  4.5502073542e+00  1.0182480699e+00  2.5182629477e+00  3.1068409636e+00  1.7259413018e+00  3.2963368991e+00  3.9535863741e+00  2.6255434283e+00  2.0261792723e+00  4.0750858705e+00  1.3983985324e+00 -2.6628323557e-01  2.8467654379e+00  1.4723092965e-01 -5.8660035555e-01  4.2622344124e+00 -2.3571124448e-01  4.0967324911e-01  1.2889364648e+00 -1.2207637643e+00  8.7395997572e-01 -1.6006026725e+00 -1.2579339747e+00 -1.9781244682e+00
ENERGY -5.141240753679e+02

JOB 2
COORDS -4.7071453393e-01  1.2295797020e+00 -1.1893002755e-01  5.3512899526e-01  5.5610203574e-01  4.6943768037e-01  1.4516444054e+00  1.2601367949e+00  1.4344768497e+00 -1.3879143259e+00  5.7390355162e-01 -1.1150790749e+00 -3.8218454764e-01 -1.4975164315e+00 -3.6057882943e-01  3.6751772405e+00  1.6119009463e+00  2.3232412836e+00  3.4521783223e+00  6.2433064296e-01  7.8793955068e-02  7.7834696858e-01 -8.1001161134e-01  2.0991440374e-01 -8.3883813799e-01 -7.3159960031e-01 -1.5137291565e+00  2.7995325306e+00  9.8266389101e-01  1.3388215475e+00  9.9544116295e-01  2.0015310760e+00  2.3081207695e+00 -6.0864173140e-01  2.2787254966e+00  1.1778336510e-01 -2.4051213549e+00  5.0206045232e-01 -6.8583283898e-01 -1.4686941962e+00  1.1980931704e+00 -2.0137598274e+00 -7.3755157031e-02 -2.4928879690e+00 -6.9369574660e-01 -1.1729141091e+00 -1.6107210447e+00  4.0941693327e-01  4.5853689869e+00  1.0123006741e+00  2.4213378348e+00  3.1642640586e+00  1.6687600408e+00  3.2837243250e+00  3.9548218843e+00  2.6308072373e+00  2.0217570800e+00  3.9298486037e+00  1.5085119158e+00 -3.6589073338e-01  2.7332034982e+00  2.1208920857e-01 -6.2513981767e-01  4.2268907939e+00 -1.2823221291e-01  2.6313538245e-01  1.1486959526e+00 -1.2911348633e+00  1.0244651704e+00 -1.5361443067e+00 -1.2669065287e+00 -2.0235466252e+00
ENERGY -5.141244392223e+02

JOB 3
COORDS -3.3407889693e-01  1.2212171424e+00 -8.8402886038e-02  5.9739071016e-01  5.1021070379e-01  5.7135629407e-01  1.5252277206e+00  1.1715826309e+00  1.5594090316e+00 -1.2409727464e+00  5.8141171309e-01 -1.1062761962e+00 -3.8820149150e-01 -1.5169989331e+00 -2.4591989562e-01  3.8033257898e+00  1.6351317672e+00  2.2714428749e+00  3.4331160571e+00  7.1712959184e-01  9.9049182376e-03  7.7360306112e-01 -8.7448938617e-01  3.7321532161e-01 -7.3748075042e-01 -7.6021446030e-01 -1.4418873034e+00  2.8717263760e+00  1.0446885941e+00  1.3174853057e+00  1.0793560519e+00  1.7413023927e+00  2.5588725787e+00 -4.1943223013e-01  2.2862504084e+00  9.8546653937e-02 -2.2789691013e+00  5.6908156905e-01 -7.2392695650e-01 -1.2499494120e+00  1.1801593010e+00 -2.0255721344e+00 -1.1490569885e-01 -2.5359783104e+00 -5.3559443256e-01 -1.2255083395e+00 -1.5671872994e+00  4.7996752712e-01  4.6942323990e+00  1.0026026493e+00  2.3459038555e+00  3.3207654658e+00  1.7128459769e+00  3.2447161141e+00  4.1138206415e+00  2.6400119392e+00  1.9539828016e+00  3.8630333619e+00  1.6152873455e+00 -4.5416629447e-01  2.6698647315e+00  3.0569002769e-01 -6.4634016067e-01  4.2301889435e+00 -2.6726852207e-02  1.2223385345e-01  1.0674993482e+00 -1.3488629336e+00  1.2221046876e+00 -1.4320695475e+00 -1.2733094356e+00 -1.9776083463e+00
ENERGY -5.141240129571e+02

JOB 4
COORDS -2.9103946637e-01  1.2264007891e+00 -1.5094034848e-01  5.4235379479e-01  4.7449763716e-01  5.8769453662e-01  1.4425940880e+00  1.0764779189e+00  1.6407902863e+00 -1.1590746418e+00  6.1672698492e-01 -1.2215487044e+00 -4.7985538820e-01 -1.5120222729e+00 -2.8302798035e-01  3.7058840606e+00  1.6964557379e+00  2.3094346762e+00  3.3304186661e+00  8.5489204753e-01  1.5521033942e-02  6.5955845626e-01 -9.1976356046e-01  4.2349062188e-01 -6.9674115446e-01 -7.5127849674e-01 -1.5076788273e+00  2.7729618398e+00  1.1603667427e+00  1.3272453601e+00  9.8216482680e-01  1.4307936347e+00  2.7300857170e+00 -3.2116240193e-01  2.3002537824e+00  1.5231629065e-03 -2.2203445609e+00  6.5625886181e-01 -9.1211305922e-01 -1.0764393948e+00  1.2015908684e+00 -2.1459797049e+00 -2.3392950086e-01 -2.5454571415e+00 -5.4462791353e-01 -1.3726857755e+00 -1.5151005407e+00  3.7483929150e-01  4.5469060076e+00  1.0056233891e+00  2.4431848582e+00  3.1854158542e+00  1.8297431556e+00  3.2567109355e+00  4.1023672022e+00  2.6648851632e+00  1.9777246832e+00  3.7646619569e+00  1.7595848834e+00 -4.2965641302e-01  2.5628303236e+00  4.6575707814e-01 -6.4943214215e-01  4.1234115714e+00  1.0303479369e-01  1.0944114735e-01  8.4611090070e-01 -1.3911491403e+00  1.3043497914e+00 -1.3726129679e+00 -1.2360786561e+00 -2.0916387573e+00
ENERGY -5.141236549253e+02

JOB 5
COORDS -1.7947506856e-01  1.2316149839e+00 -1.9026154346e-01  5.5228185190e-01  4.2290431031e-01  5.9412343978e-01  1.4628703872e+00  9.4443734728e-01  1.6808374484e+00 -1.0665857214e+00  6.7572927059e-01 -1.2754469100e+00 -5.9896505245e-01 -1.4874412730e+00 -2.8427869330e-01  3.6802661198e+00  1.7365551221e+00  2.3173794165e+00  3.2994202740e+00  9.9673733724e-01 -1.2361976096e-02  5.5706830552e-01 -9.7712594974e-01  4.5852592855e-01 -7.1012660848e-01 -7.3053783204e-01 -1.5256224510e+00  2.7513692317e+00  1.2237540183e+00  1.3189085339e+00  1.0346031978e+00  1.0868146152e+00  2.8307018845e+00 -1.1102458820e-01  2.3078247878e+00 -6.8266770203e-02 -2.1295491416e+00  8.0700488985e-01 -9.9902975003e-01 -9.0980604095e-01  1.2341029062e+00 -2.2066901528e+00 -4.2698940995e-01 -2.5408435272e+00 -5.2449683799e-01 -1.5122016536e+00 -1.4101785821e+00  3.4008941766e-01  4.4894828118e+00  1.0168881575e+00  2.4955433692e+00  3.1403909352e+00  1.9089458480e+00  3.2472930298e+00  4.1236647414e+00  2.6774430264e+00  1.9697885414e+00  3.6172779574e+00  1.9460315036e+00 -4.6200928514e-01  2.5591668377e+00  5.3020054388e-01 -6.5867747438e-01  4.1733766944e+00  3.3688436625e-01  5.2754829141e-02  6.6372761724e-01 -1.4398724836e+00  1.3575417967e+00 -1.4037572010e+00 -1.1674341880e+00 -2.1263574501e+00
ENERGY -5.141238485101e+02

JOB 6
COORDS -3.4802428850e-02  1.2224545492e+00 -2.0380015617e-01  6.0588399383e-01  3.6502000452e-01  6.0955837083e-01  1.5434426401e+00  8.1316186231e-01  1.7034994573e+00 -9.7633465424e-01  7.2799328730e-01 -1.2729302320e+00 -7.3299793525e-01 -1.4420316182e+00 -2.1495783944e-01  3.6845370005e+00  1.7779164114e+00  2.3468732183e+00  3.3219736791e+00  1.1541837701e+00 -1.8112828572e-02  4.6820685427e-01 -1.0294213245e+00  5.1546615762e-01 -7.6923863892e-01 -7.1451822448e-01 -1.4786813571e+00  2.7700382691e+00  1.2820801093e+00  1.3255554762e+00  1.1720616883e+00  7.6131502902e-01  2.8814899004e+00  1.4816735784e-01  2.2888097886e+00 -1.1757793105e-01 -2.0194426702e+00  9.7867317292e-01 -1.0032751004e+00 -7.6303002310e-01  1.2381411090e+00 -2.2206296783e+00 -6.6868351499e-01 -2.5138060860e+00 -4.2472852855e-01 -1.6333763510e+00 -1.2552033889e+00  4.0505080813e-01  4.4887301191e+00  1.0549153853e+00  2.5366578406e+00  3.1318782591e+00  1.9424694032e+00  3.2706450159e+00  4.1348248875e+00  2.7187175425e+00  2.0109072006e+00  3.5419669350e+00  2.1426284198e+00 -4.4017652601e-01  2.6213071180e+00  6.4057100102e-01 -6.7282957626e-01  4.2561101078e+00  5.7970345424e-01  1.9162305793e-02  5.2734009434e-01 -1.4674212383e+00  1.4315357747e+00 -1.5062233299e+00 -1.0950508458e+00 -2.0659753924e+00
ENERGY -5.141247998704e+02

JOB 7
COORDS  1.6361890961e-01  1.1174243135e+00 -2.3327887020e-01  7.5672167359e-01  2.5660237192e-01  6.1470491745e-01  1.7321729535e+00  6.8234302347e-01  1.6804022074e+00 -8.5804350793e-01  6.4472627184e-01 -1.2359182220e+00 -7.7035553546e-01 -1.4658232791e+00 -3.8847105512e-02  3.7664214796e+00  1.8447734884e+00  2.3244257416e+00  3.4119714871e+00  1.3205228490e+00 -6.1880477166e-02  4.9251339178e-01 -1.1199299729e+00  6.1466513825e-01 -7.9814882010e-01 -8.2096360458e-01 -1.3478239103e+00  2.8710997515e+00  1.3322384506e+00  1.2932160896e+00  1.4479143980e+00  4.7337885833e-01  2.8664920761e+00  4.2924058084e-01  2.1694180139e+00 -2.1191920898e-01 -1.8608053522e+00  1.0149569715e+00 -9.5051157945e-01 -6.3463636839e-01  1.0686996763e+00 -2.2232218374e+00 -8.1247559976e-01 -2.5500733771e+00 -1.7801160392e-01 -1.6227883851e+00 -1.1572003767e+00  6.0045858179e-01  4.6129263255e+00  1.1641558138e+00  2.4860128393e+00  3.2167840464e+00  1.9474001921e+00  3.2588163388e+00  4.1571606891e+00  2.8196155858e+00  2.0133695598e+00  3.5190903665e+00  2.3428464074e+00 -4.4472272079e-01  2.7595785642e+00  7.6253966409e-01 -7.2970382915e-01  4.4029420747e+00  8.4870326969e-01 -5.8900377934e-02  5.6143782883e-01 -1.5004839085e+00  1.5555713113e+00 -1.5946901231e+00 -1.1647789402e+00 -1.8771134834e+00
ENERGY -5.141263762250e+02

JOB 8
COORDS  2.6217277375e-01  1.0399791042e+00 -3.3370414008e-01  7.9429449020e-01  1.7159600675e-01  5.4972807852e-01  1.7845470429e+00  5.5919556193e-01  1.6139195126e+00 -8.0580642208e-01  6.1061184572e-01 -1.3062208944e+00 -9.0831960615e-01 -1.4204945218e+00  2.1020857707e-02  3.7108695803e+00  1.8390165273e+00  2.3459729791e+00  3.3939791168e+00  1.4804951714e+00 -7.3782050490e-02  3.9646136810e-01 -1.1677692620e+00  6.2744861359e-01 -9.0315669686e-01 -8.5633057259e-01 -1.3260075510e+00  2.8514528423e+00  1.3456738906e+00  1.2746461204e+00  1.5726760106e+00  1.9333270830e-01  2.7781540323e+00  6.0143479950e-01  2.0700069737e+00 -3.5806694914e-01 -1.7614114456e+00  1.1044732829e+00 -1.0468798023e+00 -5.4315955427e-01  9.4680389684e-01 -2.3177801136e+00 -1.0654350770e+00 -2.5007265956e+00 -4.9470575175e-02 -1.7099990683e+00 -9.8678578176e-01  6.5404209572e-01  4.5833754720e+00  1.1873124564e+00  2.4876136842e+00  3.1468317409e+00  1.8704778440e+00  3.2769045345e+00  4.0623818772e+00  2.8440594325e+00  2.0902169130e+00  3.3604910551e+00  2.5246046592e+00 -4.0896363910e-01  2.8332278942e+00  8.6812850392e-01 -7.7632267883e-01  4.4411388382e+00  1.1523422749e+00 -7.8548515447e-02  4.6557163378e-01 -1.5027434112e+00  1.5858007852e+00 -1.7448716449e+00 -1.1448596748e+00 -1.8169497682e+00
ENERGY -5.141277791136e+02

JOB 9
COORDS  3.7330625426e-01  9.4471797591e-01 -3.9411166738e-01  8.6919926708e-01  9.1673871356e-02  5.2889353449e-01  1.8772205389e+00  4.6749574153e-01  1.5808864865e+00 -7.3872486449e-01  5.3523940722e-01 -1.3241865369e+00 -9.7228364187e-01 -1.3836678942e+00  1.4276806668e-01  3.7090420429e+00  1.8280851728e+00  2.3851983621e+00  3.4014766080e+00  1.6172165125e+00 -5.0093696094e-02  3.6209990674e-01 -1.1978731472e+00  6.9828227642e-01 -9.5939691354e-01 -9.1514338604e-01 -1.2410698926e+00  2.8626440154e+00  1.3730304998e+00  1.2857421051e+00  1.7663920001e+00 -3.4376631206e-02  2.7085862226e+00  7.5570171640e-01  1.9558620445e+00 -4.7053514197e-01 -1.6443699860e+00  1.1261976289e+00 -1.0885471708e+00 -4.6709035188e-01  7.7931649900e-01 -2.3597944866e+00 -1.2190743751e+00 -2.4492112810e+00  1.5311653670e-01 -1.7194411046e+00 -8.4176355621e-01  7.5984725940e-01  4.5887529732e+00  1.1818649990e+00  2.5072267658e+00  3.1405952205e+00  1.8138942437e+00  3.3140059412e+00  4.0473327060e+00  2.8474852820e+00  2.1743308269e+00  3.2680080476e+00  2.6648410978e+00 -3.4744479055e-01  2.9165910367e+00  9.7787895557e-01 -7.8446576401e-01  4.4762154036e+00  1.3959865449e+00 -5.0970589150e-02  4.6302501755e-01 -1.4977897347e+00  1.6649611738e+00 -1.8356164850e+00 -1.1623894492e+00 -1.6925734356e+00
ENERGY -5.141278524936e+02

JOB 10
COORDS  4.5109545249e-01  8.5897812161e-01 -4.9415420474e-01  9.1124607233e-01  2.6037708229e-02  4.6889848757e-01  1.9394116983e+00  3.8084525900e-01  1.5114213958e+00 -6.9038288571e-01  4.6930263256e-01 -1.3965067654e+00 -1.0527791532e+00 -1.3154676481e+00  2.0373116805e-01  3.6904932431e+00  1.7812500343e+00  2.4079328647e+00  3.3604468582e+00  1.7647031538e+00 -3.2370580066e-02  3.0150515750e-01 -1.2019931226e+00  7.1857417246e-01 -1.0342785844e+00 -9.4675856332e-01 -1.2108438131e+00  2.8462556361e+00  1.3859415935e+00  1.2827780361e+00  1.9386497243e+00 -2.5415827401e-01  2.5762180022e+00  8.7230581114e-01  1.8471174793e+00 -6.2520223167e-01 -1.5418937330e+00  1.1511939168e+00 -1.2090265651e+00 -4.0076554541e-01  6.1477481281e-01 -2.4460141757e+00 -1.3858961305e+00 -2.3531806940e+00  2.9530304677e-01 -1.7397791952e+00 -6.7051212944e-01  7.9182284698e-01  4.5892416346e+00  1.1536651629e+00  2.4774685737e+00  3.1325260691e+00  1.6832486290e+00  3.3381465919e+00  3.9953370231e+00  2.8231863364e+00  2.2703855448e+00  3.0900613071e+00  2.7960920628e+00 -2.9162055100e-01  2.9851775863e+00  1.0948478529e+00 -8.0355886962e-01  4.4546338594e+00  1.6929488617e+00 -1.9693064234e-02  4.3931284166e-01 -1.4920694029e+00  1.6829237733e+00 -1.9409578208e+00 -1.1429428202e+00 -1.6260955520e+00
ENERGY -5.141258443969e+02

JOB 11
COORDS  5.4542784540e-01  7.5071381019e-01 -6.0106880851e-01  9.5389381165e-01 -2.0693948621e-02  4.3762981768e-01  2.0205374942e+00  3.0493960542e-01  1.4564978227e+00 -6.2829693765e-01  3.6440581922e-01 -1.4645110957e+00 -1.1276371722e+00 -1.2110318309e+00  3.0412515654e-01  3.7386191844e+00  1.6838205561e+00  2.4351248163e+00  3.2886345027e+00  1.9432972577e+00  2.2797128632e-02  2.3377087185e-01 -1.1556074711e+00  7.9524771527e-01 -1.0980628271e+00 -9.8876598701e-01 -1.1411479951e+00  2.8649220432e+00  1.3775873475e+00  1.3025872017e+00  2.1246661565e+00 -4.3978065621e-01  2.4431417092e+00  1.0209129855e+00  1.6914151416e+00 -8.3306107313e-01 -1.4153902269e+00  1.1348342341e+00 -1.3527459530e+00 -3.2991333482e-01  3.7757078178e-01 -2.5216589353e+00 -1.5413333635e+00 -2.2036144573e+00  5.0362132302e-01 -1.7545243489e+00 -4.5624629963e-01  8.2566947537e-01  4.6561943298e+00  1.0807500652e+00  2.4134812153e+00  3.2176359605e+00  1.4758602915e+00  3.3687008014e+00  4.0063849286e+00  2.7436372538e+00  2.3945558931e+00  2.8042814427e+00  2.9056298123e+00 -1.8606459870e-01  3.0864277273e+00  1.2540633411e+00 -7.9646657133e-01  4.3698455091e+00  2.1104386395e+00  5.8434514048e-02  4.1140897262e-01 -1.4489761473e+00  1.7501234426e+00 -2.0260057123e+00 -1.1368104995e+00 -1.5287956215e+00
ENERGY -5.141217062851e+02

JOB 12
COORDS  8.8333007142e-01  5.3896020778e-01 -6.5521286534e-01  9.0975881697e-01  2.8605755159e-01  6.7547339338e-01  2.1048913856e+00  4.5306308236e-01  1.5801142405e+00 -1.8922560815e-01 -4.7752145466e-02 -1.5390210630e+00 -1.2631778662e+00 -7.6333689978e-01  4.8775677033e-01  4.3155029269e+00  1.2918858886e+00  2.0824437523e+00  2.9305733571e+00  2.5555421514e+00  4.8394893301e-01 -1.2796716490e-01 -3.9362121220e-01  1.3070513233e+00 -8.3154967323e-01 -1.1784063024e+00 -8.5414898825e-01  3.1109913911e+00  1.3301452187e+00  1.2570976086e+00  2.1582310954e+00 -2.3725102156e-01  2.6070553737e+00  1.6854933451e+00  1.0791480718e+00 -1.1391607034e+00 -9.1015787368e-01  7.3588375646e-01 -1.8430050122e+00  2.7550869152e-01 -4.2242522489e-01 -2.4589508434e+00 -1.7925079596e+00 -1.5894353207e+00  9.6886454085e-01 -1.9491215932e+00  1.0249199299e-01  4.4328060817e-01  5.1668704121e+00  1.6244250245e+00  1.4803737827e+00  4.4888449651e+00  2.7443470489e-01  2.4299664423e+00  4.2243250831e+00  1.9455905773e+00  2.9605575877e+00  1.8757554422e+00  2.7377100513e+00  2.8517748915e-01  3.4744430831e+00  2.5205002676e+00 -4.6878954083e-01  3.3162988180e+00  3.4021869972e+00  1.0641268463e+00  2.0142251433e-01 -1.0542968566e+00  2.0023424898e+00 -1.6445148937e+00 -1.4802588496e+00 -1.3869842928e+00
ENERGY -5.141248915680e+02

JOB 13
COORDS  9.4679963908e-01  4.1861485814e-01 -7.0313709527e-01  9.5112357923e-01  2.2255902024e-01  6.3413064984e-01  2.1611567943e+00  3.6693796442e-01  1.5172748161e+00 -1.5756119686e-01 -1.3239424964e-01 -1.5702107168e+00 -1.3027494217e+00 -6.1480473207e-01  4.8765230732e-01  4.3261193524e+00  1.3255096819e+00  2.0278889985e+00  2.8011980130e+00  2.6006971446e+00  5.7166163333e-01 -1.4227576618e-01 -3.2605185236e-01  1.3089883053e+00 -9.0743176335e-01 -1.1509273172e+00 -8.2209358631e-01  3.0874264015e+00  1.3441217513e+00  1.2557669027e+00  2.3074331351e+00 -4.4292529423e-01  2.4420697551e+00  1.7897773874e+00  8.8996803165e-01 -1.1944863634e+00 -8.0049907137e-01  6.8870462421e-01 -1.9426331801e+00  2.8710036246e-01 -6.1002405965e-01 -2.4516570029e+00 -1.9297788624e+00 -1.3456009069e+00  1.0039292787e+00 -1.8806639243e+00  3.2156942642e-01  3.8593026283e-01  5.1367096516e+00  1.7265339265e+00  1.4108397226e+00  4.5577756156e+00  3.0206852549e-01  2.3191410079e+00  4.2406521415e+00  1.9346278644e+00  2.9379845464e+00  1.7457268746e+00  2.6687708823e+00  3.1582414536e-01  3.3965296235e+00  2.7024489902e+00 -3.4472371217e-01  3.0502093181e+00  3.4387832867e+00  1.2346554442e+00  1.4388925504e-01 -1.0443939851e+00  1.9674375744e+00 -1.7408024344e+00 -1.4142158367e+00 -1.3435536505e+00
ENERGY -5.141273156381e+02

JOB 14
COORDS  1.0302513903e+00  2.8680667308e-01 -7.5825911133e-01  1.0312678740e+00  1.3668577809e-01  5.8174296964e-01  2.2574314897e+00  2.5826882906e-01  1.4441237921e+00 -1.1763893050e-01 -2.1094601952e-01 -1.6006736476e+00 -1.2899218151e+00 -4.7195559819e-01  4.8347305194e-01  4.3537284978e+00  1.3419062497e+00  2.0128065009e+00  2.7106354073e+00  2.5996357287e+00  6.7305368985e-01 -1.0187065541e-01 -2.7557238887e-01  1.2970654096e+00 -9.6015184908e-01 -1.1088205749e+00 -7.9838822293e-01  3.0964971605e+00  1.3276715741e+00  1.2724791381e+00  2.4973600494e+00 -6.5189392469e-01  2.2471741841e+00  1.9016261135e+00  6.9012888286e-01 -1.2636213366e+00 -6.8040781317e-01  6.4284369206e-01 -2.0255800277e+00  2.8213786793e-01 -7.7996125050e-01 -2.4488469467e+00 -1.9948033955e+00 -1.1021624968e+00  1.0309544513e+00 -1.7559515992e+00  5.1931352801e-01  3.3926650073e-01  5.1338630639e+00  1.7922164034e+00  1.3897952422e+00  4.6311706073e+00  3.2127468055e-01  2.2717396834e+00  4.2631997475e+00  1.9258729860e+00  2.9386327384e+00  1.6703034323e+00  2.5742122483e+00  3.5603575515e-01  3.3393981792e+00  2.8324175076e+00 -1.9563137134e-01  2.8325730939e+00  3.4048265011e+00  1.4090045705e+00  1.2115288265e-01 -1.0346167467e+00  1.9356693741e+00 -1.8183221610e+00 -1.3184612116e+00 -1.3035561311e+00
ENERGY -5.141277017461e+02

JOB 15
COORDS  1.0780433737e+00  1.5377561378e-01 -8.3673081634e-01  1.0902962158e+00  5.9706941759e-02  5.0553171673e-01  2.3387499684e+00  1.5818129123e-01  1.3406773332e+00 -1.2245654811e-01 -2.7757859818e-01 -1.6416543679e+00 -1.2800992002e+00 -3.0677931178e-01  4.6739086786e-01  4.3449959748e+00  1.3592621963e+00  2.0097475835e+00  2.5938756583e+00  2.5828322197e+00  7.7603679962e-01 -6.5451755980e-02 -2.0289344811e-01  1.2626967104e+00 -1.0396026268e+00 -1.0389764206e+00 -7.8180925057e-01  3.0820343314e+00  1.3064109817e+00  1.2819489678e+00  2.6758899920e+00 -8.2408332337e-01  2.0115207249e+00  1.9707752549e+00  4.7086112359e-01 -1.3674189418e+00 -6.0385472871e-01  6.0148016745e-01 -2.1124560546e+00  2.0855633755e-01 -9.3234716560e-01 -2.4569413677e+00 -2.0433767206e+00 -8.2621583279e-01  1.0517002213e+00 -1.6326677294e+00  7.2300384897e-01  2.7884145637e-01  5.0918096450e+00  1.8849809279e+00  1.4047840934e+00  4.6827754198e+00  3.4452185895e-01  2.2146460706e+00  4.2292787904e+00  1.8916539509e+00  2.9633047398e+00  1.5797088591e+00  2.4799458034e+00  3.9631542706e-01  3.2370425279e+00  2.9517002323e+00 -3.2701807019e-02  2.5948786820e+00  3.3278590859e+00  1.5822734302e+00  8.3714945352e-02 -9.7841534198e-01  1.9041607273e+00 -1.9226835999e+00 -1.1887295707e+00 -1.2647174039e+00
ENERGY -5.141266815478e+02

JOB 16
COORDS  1.1551639891e+00  5.0772851720e-03 -9.0086630401e-01  1.2061776780e+00 -4.2587333225e-03  4.4144265274e-01  2.4897209592e+00  8.5659221994e-02  1.2286675388e+00 -1.0390365507e-01 -3.6788389902e-01 -1.6430833214e+00 -1.1873339063e+00 -1.4908767742e-01  4.9348325478e-01  4.3737117656e+00  1.4053353333e+00  2.0286741155e+00  2.5058966778e+00  2.5627361411e+00  9.0241108935e-01  5.6916374819e-02 -1.1773059794e-01  1.2513647856e+00 -1.0598199808e+00 -9.7936863091e-01 -7.0893025204e-01  3.1137317584e+00  1.3013282275e+00  1.3024720086e+00  2.9405769712e+00 -9.3598692943e-01  1.7568540019e+00  2.0503173397e+00  2.2222849744e-01 -1.4763651123e+00 -5.1779545147e-01  5.1825414529e-01 -2.1623297418e+00  1.3988699201e-01 -1.1046422840e+00 -2.4181011568e+00 -1.9795093362e+00 -5.5027807709e-01  1.1302919301e+00 -1.4402164692e+00  8.9782848745e-01  2.4783200683e-01  5.0832824922e+00  2.0073135108e+00  1.4499383378e+00  4.7779010447e+00  4.0616241585e-01  2.1839779477e+00  4.2245410157e+00  1.8846344764e+00  3.0053411626e+00  1.5319379920e+00  2.3890258279e+00  4.4991700415e-01  3.1434576127e+00  3.0823500902e+00  1.7643984703e-01  2.3780546097e+00  3.2142429751e+00  1.7767089172e+00  1.4829225874e-01 -8.8561719623e-01  1.9133313038e+00 -1.9685083647e+00 -1.0762732184e+00 -1.1565155846e+00
ENERGY -5.141253272833e+02

JOB 17
COORDS  1.1613243351e+00 -1.4447803506e-01 -9.8404748339e-01  1.2612322185e+00 -4.7214686170e-02  3.5063922443e-01  2.5810589551e+00  4.5068062057e-02  1.0808873241e+00 -1.4618872274e-01 -4.7667084440e-01 -1.6583926963e+00 -1.1320307849e+00  1.0707930625e-02  4.8131365748e-01  4.3274231132e+00  1.4408679910e+00  2.0566251032e+00  2.3747750673e+00  2.5319705750e+00  1.0094944290e+00  1.3353889406e-01 -1.7534310275e-02  1.2036232978e+00 -1.1212779358e+00 -9.1940993183e-01 -6.5196880327e-01  3.0847836227e+00  1.2973307069e+00  1.3089778555e+00  3.1457945835e+00 -9.8715228861e-01  1.4546254732e+00  2.0478568094e+00 -3.9024954736e-02 -1.6025126019e+00 -5.0110284803e-01  3.9015875769e-01 -2.2486658773e+00  1.5108634211e-02 -1.2982658898e+00 -2.3669180441e+00 -1.9378602187e+00 -2.6110461488e-01  1.1675711368e+00 -1.2918182437e+00  1.0552722060e+00  1.5904271202e-01  5.0149140672e+00  2.1012305790e+00  1.5153098364e+00  4.7819541605e+00  4.5883557621e-01  2.1784998000e+00  4.1360333225e+00  1.8744472028e+00  3.0471216165e+00  1.4725035797e+00  2.3235922723e+00  4.3845227918e-01  3.0156058499e+00  3.2007700407e+00  4.2189237444e-01  2.0933710898e+00  3.0488575971e+00  1.9362136894e+00  1.7724985375e-01 -7.6130596054e-01  1.8975743752e+00 -2.0497600309e+00 -9.7006711709e-01 -1.0650990517e+00
ENERGY -5.141245607761e+02

JOB 18
COORDS  1.1831395353e+00 -2.8304591564e-01 -1.0351824933e+00  1.3283713926e+00 -8.0035160882e-02  2.8320004325e-01  2.6825804597e+00  2.6494245637e-02  9.4742099419e-01 -1.5748174443e-01 -5.9542214980e-01 -1.6496418011e+00 -1.0547176147e+00  1.1314280875e-01  4.6733686846e-01  4.3182555597e+00  1.4340877453e+00  2.0909888880e+00  2.3051258338e+00  2.4898222362e+00  1.1227127432e+00  2.2566721730e-01  6.4317581319e-02  1.1612101494e+00 -1.1290665424e+00 -8.9959607001e-01 -5.9016005751e-01  3.0785760831e+00  1.2768730314e+00  1.3424794548e+00  3.3604060526e+00 -9.8669209110e-01  1.1418570309e+00  2.0562188635e+00 -2.7522758287e-01 -1.6807432693e+00 -4.7919019696e-01  2.3909972409e-01 -2.3019818593e+00 -5.8130707934e-02 -1.4792839693e+00 -2.2914996226e+00 -1.8566347601e+00 -5.6866691436e-02  1.1901023546e+00 -1.1615899973e+00  1.1382178664e+00  6.9147794209e-02  5.0050177071e+00  2.1022493693e+00  1.5568012254e+00  4.7843473604e+00  4.5707809778e-01  2.2096714409e+00  4.1145165711e+00  1.8648355925e+00  3.0798020574e+00  1.4827453741e+00  2.3003591972e+00  4.3608095419e-01  2.9509256300e+00  3.2632621984e+00  6.8928087019e-01  1.8926258621e+00  2.8695993836e+00  2.0661275359e+00  2.4463028901e-01 -6.4128785541e-01  1.8949348786e+00 -2.0698374886e+00 -9.2708119286e-01 -9.7683910392e-01
ENERGY -5.141245278490e+02

JOB 19
COORDS  1.3565327751e+00 -3.8325774853e-01 -1.0236427913e+00  1.5110215861e+00 -7.2398411578e-02  2.7357606997e-01  2.8831152877e+00  1.1121317974e-01  8.7964265971e-01  1.8860398880e-02 -7.6791802543e-01 -1.5996939166e+00 -8.7587505628e-01  7.3944894838e-02  4.6803135108e-01  4.4216365829e+00  1.5030132831e+00  2.1566448574e+00  2.3520493999e+00  2.5223395244e+00  1.2838211636e+00  4.1058865413e-01  1.0394911987e-01  1.1504324312e+00 -9.3760248328e-01 -1.0148233287e+00 -5.1217475648e-01  3.1438988357e+00  1.3161107222e+00  1.4817577856e+00  3.6976925390e+00 -8.1633783827e-01  8.7034680464e-01  2.2262087066e+00 -4.1166410006e-01 -1.6726057707e+00 -3.2516953526e-01  1.0269647010e-02 -2.3077949443e+00  1.3357417716e-01 -1.6931093137e+00 -2.1775473669e+00 -1.6677476306e+00 -5.9718585109e-02  1.2093295917e+00 -1.0090903687e+00  1.0644744276e+00 -3.2676420543e-03  5.1221008465e+00  2.0710710301e+00  1.5293901979e+00  4.8579223302e+00  5.2881369508e-01  2.3723968611e+00  4.2643241206e+00  2.0558220295e+00  3.0896830996e+00  1.4740200913e+00  2.3122967347e+00  6.7862977661e-01  2.9568786535e+00  3.2870520189e+00  7.7807994726e-01  2.0185387960e+00  2.9262177368e+00  2.2472161198e+00  4.5177318770e-01 -5.4760223710e-01  1.9312517595e+00 -1.8805886440e+00 -1.0898402568e+00 -8.8703721505e-01
ENERGY -5.141248982904e+02

JOB 20
COORDS -9.2328424513e-02  5.6154937005e-01  8.0291926132e-01  1.2057593521e+00  4.1012998527e-01  4.8732635095e-01  2.2644399787e+00  1.1339574958e+00  1.2817630842e+00 -1.1975892569e+00  2.8786543436e-02 -6.8251316072e-02  5.5158414717e-01 -1.1966251363e+00 -1.1724514319e+00  4.4565631357e+00  1.1884006640e+00  2.3058563536e+00  3.4631726307e+00 -1.0015874747e+00  1.7823484479e+00  1.6310833706e+00 -4.1647661360e-01 -5.8416364289e-01 -6.5287550872e-01 -3.8332113515e-01 -1.3687834884e+00  3.4140309609e+00  4.4706034262e-01  1.6031654940e+00  2.1146083440e+00  2.3249152197e+00  1.5702850787e+00 -3.5677699576e-01  1.1312291594e+00  1.6877038042e+00 -1.7287431321e+00 -7.8835041959e-01  4.5656450942e-01 -1.9321799038e+00  8.2608304861e-01 -2.3558405357e-01  8.8355007060e-01 -1.5910467793e+00 -2.1361323740e+00  3.6932077973e-01 -2.0500543846e+00 -4.9478221146e-01  4.2828160429e+00  1.2006455515e+00  3.3908748873e+00  4.4736224996e+00  2.2185196466e+00  1.9520003945e+00  5.4223210337e+00  7.1195575334e-01  2.1104221010e+00  3.4060096922e+00 -1.2567364668e+00  2.8501416100e+00  4.4061220624e+00 -1.3935503504e+00  1.3851854583e+00  2.6460258876e+00 -1.4814998040e+00  1.2511045076e+00  2.1526694768e+00  1.1342993469e-01 -1.2786780883e+00 -1.3492216626e+00 -9.1525133196e-01 -1.8860465592e+00
ENERGY -5.141255022363e+02

JOB 21
COORDS -1.6495888550e-01  5.9325841073e-01  6.7224368075e-01  1.1394766505e+00  3.5861424186e-01  4.3733815986e-01  2.1743092286e+00  1.0792367205e+00  1.2626129855e+00 -1.2514713384e+00  6.4926914330e-02 -2.2256176848e-01  4.7771082948e-01 -1.3248469069e+00 -1.1441251822e+00  4.4068821906e+00  1.2846018762e+00  2.1514479586e+00  3.5759915142e+00 -9.6277717887e-01  1.6291907444e+00  1.5679694857e+00 -5.6308261312e-01 -5.5270206772e-01 -6.6707944005e-01 -4.6443015849e-01 -1.4618795179e+00  3.4053269426e+00  4.8066452494e-01  1.4546874962e+00  1.9348012173e+00  2.2105155307e+00  1.6951494696e+00 -4.3902246484e-01  1.2267875021e+00  1.5088873485e+00 -1.8551668659e+00 -6.8343774392e-01  3.2586276510e-01 -1.9295113969e+00  8.8804459446e-01 -4.8021133762e-01  8.3567286679e-01 -1.8038392313e+00 -2.0589310638e+00  2.1239474329e-01 -2.1166148793e+00 -4.2089452788e-01  4.2557174615e+00  1.2689080484e+00  3.2397314806e+00  4.3470901519e+00  2.3194592140e+00  1.8160884237e+00  5.3981319525e+00  8.7893657336e-01  1.9271547028e+00  3.6044159315e+00 -1.2138278404e+00  2.6993055118e+00  4.5216123147e+00 -1.2818082150e+00  1.1769048451e+00  2.7673344546e+00 -1.5053911682e+00  1.1484569548e+00  2.1539871335e+00 -1.1353081255e-01 -1.2524319566e+00 -1.3655802329e+00 -9.9470701295e-01 -1.9780758402e+00
ENERGY -5.141255957414e+02

JOB 22
COORDS -1.7501639058e-01  6.7720489699e-01  6.6174689741e-01  1.1217873843e+00  3.4533575211e-01  5.0891627500e-01  2.1446425597e+00  1.0133690618e+00  1.3920496028e+00 -1.2465971809e+00  2.0250092693e-01 -2.7814296220e-01  4.1455124594e-01 -1.3502073725e+00 -1.0425643016e+00  4.3968972451e+00  1.3194913431e+00  2.1804940951e+00  3.7143019636e+00 -9.4032819568e-01  1.5433355896e+00  1.5279678632e+00 -6.4796693352e-01 -4.2112463226e-01 -6.3914862984e-01 -4.1974436227e-01 -1.4615696629e+00  3.4292372626e+00  4.9584467083e-01  1.4562227518e+00  1.8489124438e+00  2.0521193415e+00  1.9901327226e+00 -4.4608625486e-01  1.3483815526e+00  1.4691124086e+00 -1.9373777626e+00 -4.7413511167e-01  2.6073976893e-01 -1.8423884004e+00  1.0650682585e+00 -6.0221700815e-01  7.8390939560e-01 -1.8959207890e+00 -1.9144838987e+00  4.8620254347e-02 -2.0854338934e+00 -3.0415780403e-01  4.2767595721e+00  1.2285070441e+00  3.2687502916e+00  4.2660956078e+00  2.3675758962e+00  1.9124873449e+00  5.4040956196e+00  9.9143917267e-01  1.9065507316e+00  3.8305301157e+00 -1.2363717084e+00  2.5959494897e+00  4.6504270735e+00 -1.1648919766e+00  1.0197868273e+00  2.9155532329e+00 -1.5187453540e+00  1.0888998870e+00  2.1771182870e+00 -2.7048446074e-01 -1.1081868550e+00 -1.3477283751e+00 -9.1706190208e-01 -1.9965418103e+00
ENERGY -5.141245287121e+02

JOB 23
COORDS -1.7102449302e-01  7.3015742518e-01  5.9655868740e-01  1.1042249585e+00  2.9709298745e-01  5.4091024885e-01  2.1042583091e+00  9.2497625146e-01  1.4829112026e+00 -1.2216562954e+00  2.9670626777e-01 -3.8501191028e-01  3.3636031811e-01 -1.4386669062e+00 -9.3389102778e-01  4.3444516053e+00  1.3493202987e+00  2.2447572140e+00  3.8547027016e+00 -8.9144510553e-01  1.4088778253e+00  1.4769271272e+00 -7.8134192358e-01 -3.1074530676e-01 -6.0880684956e-01 -4.6102024400e-01 -1.4828529777e+00  3.4293656207e+00  5.1246830199e-01  1.4671043440e+00  1.7487615983e+00  1.8587206592e+00  2.2082787618e+00 -4.3709141363e-01  1.4509213721e+00  1.3616583505e+00 -2.0066506336e+00 -2.7193722832e-01  1.4960343177e-01 -1.7091274692e+00  1.1874755789e+00 -8.0111053745e-01  6.9823381500e-01 -2.0839016960e+00 -1.7384685598e+00 -1.2570128556e-01 -2.0755209549e+00 -1.5972261887e-01  4.2628633690e+00  1.1508716477e+00  3.3220646825e+00  4.1201655480e+00  2.4021784909e+00  2.0761351221e+00  5.3668974361e+00  1.1335132193e+00  1.9204599152e+00  4.0879452639e+00 -1.2497125393e+00  2.4217671950e+00  4.7611733076e+00 -9.8220709896e-01  7.9915054466e-01  3.0745393850e+00 -1.5139535109e+00  9.8166374682e-01  2.1566261983e+00 -4.8100559885e-01 -1.0075842035e+00 -1.3270452284e+00 -9.3601700045e-01 -2.0252303506e+00
ENERGY -5.141221974393e+02

