JOB 0
COORDS -2.8697166897e-01 -3.6211024358e+00 -5.3486335372e+00 -1.4816150585e+00 -4.3567319019e+00 -5.3439929663e+00 -1.5138868386e-01 -2.5069802581e+00 -4.4729244679e+00 -2.3421289198e+00 -4.1921149278e+00 -4.2230639445e+00 -1.3190155213e+00 -2.2520068869e+00 -3.7530787328e+00 -6.7741382318e-01  1.1670142872e-01 -1.0192762368e+00 -1.4981278534e+00 -1.1066590131e+00 -1.4579300321e+00  2.4358058714e-01  3.1715550262e-01 -2.2217728497e+00 -1.5498530049e+00 -9.5604815219e-01 -3.0020944547e+00 -1.9606230875e+00 -3.3422825350e+00 -3.2608748338e+00 -5.8080413873e-01  4.2893585013e-02 -3.3633242777e+00  4.9834182724e-01 -3.8636772440e+00 -6.0604309523e+00 -1.6864825215e+00 -5.1035115161e+00 -6.1052977370e+00  6.2574478302e-01 -1.7588851861e+00 -4.5823318463e+00 -3.1006742849e+00 -4.9346501598e+00 -3.9763412137e+00 -1.3195087694e+00  9.9449581242e-01 -8.9255165037e-01 -1.3129945204e-01 -5.0661566027e-02 -8.6325846731e-02 -9.9190171246e-01 -2.0374997142e+00 -1.1920007180e+00 -2.4965775869e+00 -1.1396062166e+00 -1.0191180775e+00  6.2986515774e-01  1.3336788352e+00 -2.3317759026e+00  1.0933410274e+00 -3.8241260477e-01 -2.1861139165e+00 -2.5299027080e+00 -5.7259045965e-01 -3.3164567875e+00
ENERGY -4.795816911240e+02

JOB 1
COORDS -3.5765269290e-01 -3.6481503425e+00 -5.2713648068e+00 -1.5180770164e+00 -4.4311690507e+00 -5.2358620535e+00 -2.7799235656e-01 -2.5091436279e+00 -4.4464041385e+00 -2.4198742241e+00 -4.2096410083e+00 -4.1756668348e+00 -1.4185960667e+00 -2.2368595015e+00 -3.6842118502e+00 -7.2531536801e-01  1.2955322394e-01 -9.3465465698e-01 -1.5041555314e+00 -1.1176607588e+00 -1.3773501750e+00  2.0784423426e-01  3.4235821124e-01 -2.1258562578e+00 -1.5853783080e+00 -9.4201002400e-01 -2.9144627044e+00 -2.1733005286e+00 -3.2704524815e+00 -3.2512166466e+00 -5.8415699754e-01  2.4528045019e-02 -3.2801235758e+00  4.4947575954e-01 -3.8919783804e+00 -5.9578757889e+00 -1.6782335616e+00 -5.2398808842e+00 -5.9428812447e+00  5.0551481915e-01 -1.7665825373e+00 -4.5486146068e+00 -3.2054632416e+00 -4.9300725867e+00 -3.9497592170e+00 -1.3944513383e+00  9.8965089510e-01 -8.2575266641e-01 -1.8885232473e-01 -1.3544742592e-02  7.8401818652e-03 -9.5008233646e-01 -2.0288791087e+00 -1.1357985624e+00 -2.4931700751e+00 -1.2032457232e+00 -9.2502847514e-01  5.6390821954e-01  1.3694372117e+00 -2.2419457769e+00  1.0789374084e+00 -3.2842588876e-01 -2.0662687103e+00 -2.5581900053e+00 -5.1726015750e-01 -3.1958122196e+00
ENERGY -4.796064169452e+02

JOB 2
COORDS -3.6164568043e-01 -3.6341845818e+00 -5.2804426019e+00 -1.4676128087e+00 -4.4853677995e+00 -5.1830259910e+00 -3.2985283614e-01 -2.4663681728e+00 -4.5045586804e+00 -2.4066139401e+00 -4.2304435070e+00 -4.1716076219e+00 -1.4413079488e+00 -2.2152298759e+00 -3.6938234658e+00 -7.0839101805e-01  1.1629203722e-01 -9.2477801811e-01 -1.5092040511e+00 -1.1115089740e+00 -1.3822652956e+00  2.2935366508e-01  3.2615347870e-01 -2.1131244953e+00 -1.5856961889e+00 -9.2010097178e-01 -2.9173896561e+00 -2.2748580722e+00 -3.2045525960e+00 -3.3216104387e+00 -5.6411385298e-01  2.9070273177e-02 -3.2717419103e+00  4.4825372711e-01 -3.8610394132e+00 -5.9697216963e+00 -1.5738520256e+00 -5.3521740551e+00 -5.8290661710e+00  4.3801887060e-01 -1.7109994086e+00 -4.6269620126e+00 -3.1932408499e+00 -4.9511411781e+00 -3.9511552980e+00 -1.3620569179e+00  9.8673822921e-01 -8.0509225116e-01 -1.7438228092e-01 -4.7637796415e-02  1.5715017709e-02 -9.7197340762e-01 -2.0349066105e+00 -1.1477609344e+00 -2.5007119970e+00 -1.1833735631e+00 -9.3283291527e-01  5.9955505092e-01  1.3493551498e+00 -2.2193646466e+00  1.0912002710e+00 -3.5675749901e-01 -2.0580700064e+00 -2.5491072184e+00 -4.7392151991e-01 -3.1958964330e+00
ENERGY -4.796222625952e+02

JOB 3
COORDS -3.8776043048e-01 -3.6677649064e+00 -5.2395033607e+00 -1.5254902022e+00 -4.4777138628e+00 -5.1898460669e+00 -3.4960282516e-01 -2.5055032621e+00 -4.4636386791e+00 -2.5394143382e+00 -4.1362061840e+00 -4.2874589193e+00 -1.4680382908e+00 -2.1989292989e+00 -3.6805698911e+00 -7.7743930226e-01  9.8628642601e-02 -8.2714525267e-01 -1.4070794207e+00 -1.2075040607e+00 -1.3266564924e+00  1.6656312009e-01  4.4447524334e-01 -1.9819757915e+00 -1.5360726455e+00 -9.4213071555e-01 -2.8394106523e+00 -2.4719363385e+00 -3.0703043484e+00 -3.4800267874e+00 -4.7925657522e-01 -2.8127633383e-02 -3.1780617398e+00  4.4856391635e-01 -3.9283592490e+00 -5.8838053092e+00 -1.6180266049e+00 -5.3647328215e+00 -5.8101074690e+00  4.7808710427e-01 -1.8069754367e+00 -4.5124472294e+00 -3.4060816234e+00 -4.7838583735e+00 -4.1597587750e+00 -1.5415898049e+00  8.7500197083e-01 -7.1275563898e-01 -2.5350370807e-01 -1.0893717800e-02  1.2659524384e-01 -7.3187424528e-01 -2.0522667985e+00 -1.1534370188e+00 -2.3703991869e+00 -1.4449501936e+00 -8.7257236853e-01  3.4863430348e-01  1.5174529150e+00 -2.0949457313e+00  1.1346827499e+00 -6.3866413165e-02 -1.8666710574e+00 -2.4970397136e+00 -4.5161195579e-01 -3.0470536566e+00
ENERGY -4.796311167121e+02

JOB 4
COORDS -3.8664433608e-01 -3.6658448602e+00 -5.2221545847e+00 -1.4909411868e+00 -4.5149462971e+00 -5.1172362663e+00 -3.7642906502e-01 -2.4773461989e+00 -4.4890723066e+00 -2.5408437712e+00 -4.1292468637e+00 -4.2779156274e+00 -1.4772454391e+00 -2.1830813749e+00 -3.6761900907e+00 -7.6831529698e-01  7.5702606783e-02 -7.9799321098e-01 -1.3922065326e+00 -1.2265287757e+00 -1.3143442391e+00  1.6871817793e-01  4.4493392969e-01 -1.9518006393e+00 -1.5333701886e+00 -9.3635333449e-01 -2.8211112755e+00 -2.5442126981e+00 -2.9930853298e+00 -3.5694150769e+00 -4.7154708946e-01 -2.5771400437e-02 -3.1519291671e+00  4.5039609088e-01 -3.9228592965e+00 -5.8669603615e+00 -1.5451948195e+00 -5.4481469799e+00 -5.6707385209e+00  4.4774080854e-01 -1.7748850194e+00 -4.5427755369e+00 -3.4210574740e+00 -4.7621877914e+00 -4.1706496053e+00 -1.5373258793e+00  8.4485420423e-01 -6.6862528062e-01 -2.3941292506e-01 -4.4257772332e-02  1.5169055523e-01 -7.0900799451e-01 -2.0687728030e+00 -1.1595906467e+00 -2.3511569214e+00 -1.4781349844e+00 -8.5809369669e-01  3.3577564088e-01  1.5215389198e+00 -2.0537252084e+00  1.1438686576e+00 -5.1033196743e-02 -1.8438827664e+00 -2.4940485186e+00 -4.3955030333e-01 -3.0127433578e+00
ENERGY -4.796341012549e+02

JOB 5
COORDS -4.0042990647e-01 -3.6389860783e+00 -5.2284972228e+00 -1.4650083602e+00 -4.5264644701e+00 -5.0481397114e+00 -4.1094899557e-01 -2.4203397777e+00 -4.5438356629e+00 -2.5454548418e+00 -4.1080785474e+00 -4.2629510937e+00 -1.4888798837e+00 -2.1531215009e+00 -3.6921669569e+00 -7.6600709800e-01  5.7333040856e-02 -7.8453004952e-01 -1.4033917722e+00 -1.2295176076e+00 -1.3225259685e+00  1.7738202041e-01  4.3349257000e-01 -1.9307983567e+00 -1.5386463969e+00 -9.1482637998e-01 -2.8252915063e+00 -2.6007003408e+00 -2.9082413721e+00 -3.6709674391e+00 -4.6726575223e-01 -9.4549717196e-03 -3.1389378978e+00  4.2770730181e-01 -3.8954857414e+00 -5.8849369389e+00 -1.4795510489e+00 -5.5008061454e+00 -5.5283818518e+00  4.0492067875e-01 -1.7100752864e+00 -4.6148665775e+00 -3.4316943067e+00 -4.7340702464e+00 -4.1657194668e+00 -1.5267297481e+00  8.3291284211e-01 -6.4512051227e-01 -2.4055588553e-01 -8.3175178464e-02  1.6423397664e-01 -7.2955360836e-01 -2.0814045064e+00 -1.1785915667e+00 -2.3661725432e+00 -1.4773012830e+00 -8.7192451085e-01  3.5792209262e-01  1.5094308073e+00 -2.0150741787e+00  1.1460424964e+00 -7.6391040890e-02 -1.8297198834e+00 -2.4949659382e+00 -4.0888241582e-01 -3.0129226741e+00
ENERGY -4.796315222053e+02

JOB 6
COORDS -4.1224993289e-01 -3.6120690640e+00 -5.2378890777e+00 -1.4300207229e+00 -4.5333791349e+00 -4.9673774290e+00 -4.4160229327e-01 -2.3594875287e+00 -4.6084842491e+00 -2.5372987594e+00 -4.0918476465e+00 -4.2267314738e+00 -1.4895367431e+00 -2.1291457306e+00 -3.7108471430e+00 -7.6379910012e-01  3.2581875099e-02 -7.7298332728e-01 -1.4153208580e+00 -1.2373361540e+00 -1.3338522295e+00  1.9028309592e-01  4.1317478018e-01 -1.9087023568e+00 -1.5379540502e+00 -8.9909612943e-01 -2.8331458031e+00 -2.6328489645e+00 -2.8370891669e+00 -3.7683154285e+00 -4.5699872310e-01  1.4910807264e-03 -3.1262405171e+00  4.0079967459e-01 -3.8726370883e+00 -5.9113909747e+00 -1.4018738640e+00 -5.5424326339e+00 -5.3687957093e+00  3.6368816791e-01 -1.6403838179e+00 -4.7032072980e+00 -3.4251956006e+00 -4.7158197536e+00 -4.1324245176e+00 -1.5149846039e+00  8.1600581206e-01 -6.2608495520e-01 -2.4537949352e-01 -1.2927565834e-01  1.7622758422e-01 -7.5358415749e-01 -2.1001067837e+00 -1.1975746728e+00 -2.3840458518e+00 -1.4785572394e+00 -8.9226888616e-01  3.8802286084e-01  1.4873576648e+00 -1.9741614977e+00  1.1502513331e+00 -1.1378417343e-01 -1.8125665100e+00 -2.4896066068e+00 -3.8502754534e-01 -3.0211954610e+00
ENERGY -4.796229942782e+02

JOB 7
COORDS -4.2284888672e-01 -3.6136190910e+00 -5.2531947647e+00 -1.3930483414e+00 -4.5532860698e+00 -4.8816629372e+00 -4.6941066986e-01 -2.3252633463e+00 -4.6869740742e+00 -2.5257266039e+00 -4.0805000396e+00 -4.1893836089e+00 -1.4797947733e+00 -2.1220120700e+00 -3.7403460945e+00 -7.7097840757e-01 -2.8507601062e-03 -7.7288678476e-01 -1.4218526111e+00 -1.2626960120e+00 -1.3568502834e+00  1.9528672217e-01  3.9019046725e-01 -1.8942362388e+00 -1.5299522697e+00 -9.0199055934e-01 -2.8523550128e+00 -2.6505872440e+00 -2.7803508247e+00 -3.8838193160e+00 -4.3918016228e-01 -7.0192088296e-03 -3.1234597432e+00  3.7346601383e-01 -3.8881273360e+00 -5.9408096376e+00 -1.3266690952e+00 -5.5908789868e+00 -5.1958008042e+00  3.2261664199e-01 -1.5957698090e+00 -4.8111753845e+00 -3.4180230368e+00 -4.6975781277e+00 -4.0896559237e+00 -1.5211174182e+00  7.8084375372e-01 -6.2232857231e-01 -2.6219911907e-01 -1.7955411346e-01  1.7884367963e-01 -7.6337371096e-01 -2.1290699653e+00 -1.2265327157e+00 -2.3952030743e+00 -1.5068581522e+00 -9.2699278028e-01  3.9370894286e-01  1.4650907770e+00 -1.9444340210e+00  1.1539695069e+00 -1.3814070803e-01 -1.7948415265e+00 -2.4776328330e+00 -3.8139890632e-01 -3.0421420698e+00
ENERGY -4.796073646480e+02

JOB 8
COORDS -4.1402766138e-01 -3.5436031570e+00 -5.2740604175e+00 -1.3192160448e+00 -4.5082485400e+00 -4.8042034108e+00 -5.0266070742e-01 -2.2096148984e+00 -4.7878345195e+00 -2.4959005226e+00 -4.0366953269e+00 -4.1595159958e+00 -1.4795626204e+00 -2.0711895827e+00 -3.7999690596e+00 -7.7404838562e-01 -7.0113680862e-02 -7.7018525726e-01 -1.4742593800e+00 -1.2820184314e+00 -1.3979560293e+00  1.9955298484e-01  3.2684698703e-01 -1.8818601763e+00 -1.5627518271e+00 -8.7344283280e-01 -2.8858271858e+00 -2.6535770353e+00 -2.7118324120e+00 -4.0304525725e+00 -4.8217223491e-01  4.5225349986e-02 -3.1160375200e+00  3.7870884057e-01 -3.8312972490e+00 -5.9604671425e+00 -1.1854958145e+00 -5.5624522535e+00 -5.0282188486e+00  2.6789775848e-01 -1.4619831176e+00 -4.9357500139e+00 -3.3805362014e+00 -4.6656978874e+00 -4.0639421413e+00 -1.4922676748e+00  7.3626735919e-01 -5.8763264005e-01 -2.6893582041e-01 -3.0291683411e-01  1.7141902461e-01 -8.5422873833e-01 -2.1791371946e+00 -1.2886068177e+00 -2.4587548509e+00 -1.4980198426e+00 -9.7864238155e-01  4.6583273887e-01  1.3878043564e+00 -1.8776929371e+00  1.1234262604e+00 -2.6702673866e-01 -1.8281342565e+00 -2.5134355007e+00 -3.6141774758e-01 -3.0799663443e+00
ENERGY -4.795827607950e+02

