JOB 0
COORDS  7.0062348853e-01 -3.6273991115e+00 -6.0032975795e+00  3.4125105966e-01 -2.3506186718e+00 -4.2925715648e+00 -9.1113112681e-01 -2.6836399408e+00 -4.8482551884e+00  4.9656984688e-01  2.2707799944e+00 -1.8974015764e+00 -5.7301057560e-01  1.8318025626e+00 -5.2375320335e+00 -6.8811156461e-01  1.4152220142e+00 -2.3523544096e+00 -2.4087946763e-01  4.3753349009e-01 -4.7084945236e+00  1.3233674086e+00 -2.9670884314e+00 -5.0400866203e+00  6.5504189341e-01 -1.7776727000e+00 -3.0820810458e+00  2.2234835306e-01 -7.0310654001e-01 -2.5607017025e+00 -6.4872269703e-01 -3.5030820643e+00 -5.9368033209e+00 -2.9293882619e-01  3.0698730249e-01 -3.2404119477e+00 -2.2287913788e+00 -2.4024330764e+00 -4.4747643461e+00 -3.1409356569e+00 -2.8961858048e+00 -5.1800669402e+00 -2.4155688710e+00 -1.6751416231e+00 -3.4793983171e+00  1.1923122055e+00 -4.2107008625e+00 -6.7721080937e+00  1.0022312427e+00  2.7485022034e+00 -2.7419643910e+00  1.5019433276e-01  3.0574294093e+00 -1.2187815951e+00  1.2239219889e+00  1.6506047662e+00 -1.3666312238e+00  7.4748539855e-02  2.6087656134e+00 -4.8247300000e+00 -4.2908812288e-01  1.8216513426e+00 -6.3221983182e+00 -1.6149781578e+00  2.1018140128e+00 -5.0493480734e+00 -1.1807534855e+00  9.6069229858e-01 -1.4920205888e+00 -1.4356186993e+00  2.0149056532e+00 -2.8709261172e+00 -9.3970424482e-01 -2.6802405237e-01 -5.1615503146e+00  7.6609605981e-01  1.3920195935e-01 -5.0242872291e+00 -1.3699625074e+00 -3.9260232317e+00 -6.5097829043e+00
ENERGY -7.528895036820e+02

JOB 1
COORDS  6.1468900015e-01 -3.6146214911e+00 -6.1025451765e+00  4.0827472570e-01 -2.3469977243e+00 -4.3605930830e+00 -8.8951812762e-01 -2.6799230415e+00 -4.8024885073e+00  2.6451337220e-01  2.3117253643e+00 -1.8858038621e+00 -3.0351054041e-01  1.8491680233e+00 -5.2660008621e+00 -7.6151022674e-01  1.2957729011e+00 -2.3906440443e+00 -2.6308283648e-01  4.0569144279e-01 -4.7619096333e+00  1.3203986411e+00 -2.9567257956e+00 -5.1961049436e+00  8.2445702643e-01 -1.7695231860e+00 -3.1820880878e+00  3.9458731825e-01 -7.0417546571e-01 -2.6388673612e+00 -7.2299391874e-01 -3.4924135755e+00 -5.9152720121e+00 -1.8871484035e-01  2.8422710483e-01 -3.2975479944e+00 -2.1705552648e+00 -2.4164371566e+00 -4.3080492950e+00 -3.1374487405e+00 -2.9154257354e+00 -4.9321115938e+00 -2.2769542284e+00 -1.7025771464e+00 -3.2911778078e+00  1.0365176774e+00 -4.1940898056e+00 -6.9145414548e+00  6.8147609408e-01  2.9115509141e+00 -2.6991204198e+00 -2.0901082375e-01  2.9913443811e+00 -1.1693744870e+00  1.0844133697e+00  1.7946656793e+00 -1.3798451279e+00  5.7129469369e-01  2.4179884119e+00 -4.9415438645e+00 -3.0125637329e-01  1.8259580941e+00 -6.3599818449e+00 -1.2051425240e+00  2.3804257002e+00 -4.9530808103e+00 -1.1990366650e+00  7.5010635519e-01 -1.5540261526e+00 -1.5842050710e+00  1.7839880913e+00 -2.9149422958e+00 -1.1396124495e+00 -1.3337888613e-01 -5.1383150319e+00  6.2239519476e-01 -8.9829702334e-02 -5.1670115805e+00 -1.4917607891e+00 -3.9185134534e+00 -6.4201657534e+00
ENERGY -7.528905759504e+02

JOB 2
COORDS  5.8956514090e-01 -3.5943965916e+00 -6.1180505069e+00  4.3535658134e-01 -2.3160429826e+00 -4.3771865725e+00 -8.7405089392e-01 -2.6816402897e+00 -4.7572427589e+00  1.7348892366e-01  2.3087933786e+00 -1.8911355060e+00 -1.6749149937e-01  1.8701280198e+00 -5.2676792317e+00 -8.2696426758e-01  1.2749756558e+00 -2.4112318783e+00 -3.4732635977e-01  4.2862618146e-01 -4.7842919102e+00  1.3207281548e+00 -2.9140269599e+00 -5.2489555496e+00  8.9812499913e-01 -1.7082280763e+00 -3.2300225138e+00  4.5020104406e-01 -6.5135330699e-01 -2.6842660642e+00 -7.4025645895e-01 -3.4963060621e+00 -5.8726122456e+00 -2.3225137552e-01  2.8462199202e-01 -3.3261563705e+00 -2.1412560388e+00 -2.4367315125e+00 -4.2188065113e+00 -3.1239262007e+00 -2.9438389712e+00 -4.8118985345e+00 -2.2223764184e+00 -1.7349073003e+00 -3.1919281105e+00  9.8684014151e-01 -4.1737009983e+00 -6.9424320493e+00  5.7689903136e-01  2.9281195224e+00 -2.6964967523e+00 -3.1788732293e-01  2.9672213445e+00 -1.1670409201e+00  1.0043489918e+00  1.8052100004e+00 -1.3899107741e+00  8.1405991429e-01  2.2608805505e+00 -4.9874843584e+00 -2.3696358484e-01  1.8776468495e+00 -6.3598421769e+00 -9.3613886739e-01  2.5461841672e+00 -4.8854627253e+00 -1.2627814969e+00  7.1480881578e-01 -1.5828445151e+00 -1.6546126367e+00  1.7501181020e+00 -2.9416000976e+00 -1.3093160084e+00  2.6007640187e-02 -5.1250423902e+00  4.3734228494e-01 -1.8040431788e-01 -5.2323092342e+00 -1.5225078640e+00 -3.9414328910e+00 -6.3391302643e+00
ENERGY -7.528909975604e+02

JOB 3
COORDS -2.2171292972e+00 -2.9962980792e+00 -2.5655203426e+00 -4.2346742759e-01 -2.0596518884e+00 -3.3388073248e+00 -1.1636828432e+00 -2.5417425903e+00 -4.4377150176e+00 -9.4819572753e-01  1.1516376308e+00 -3.0625677109e+00  1.7920721989e+00  2.5765920389e+00 -4.9527855947e+00 -5.6301815331e-01  6.5493111089e-01 -4.4608873531e+00  1.7589056201e+00  1.1048388799e+00 -5.3699468298e+00 -1.1160476705e+00 -2.3671887410e+00 -2.1855010277e+00  8.7561211037e-01 -1.6163459270e+00 -3.2599955968e+00  1.4661051855e+00 -7.1475083026e-01 -3.9334690127e+00 -2.2985325727e+00 -3.1414132435e+00 -3.9116868923e+00  8.5488051641e-01  2.7477285712e-01 -4.5600044660e+00 -9.2657038569e-01 -2.5580258028e+00 -5.8158047439e+00 -1.7802436790e+00 -3.1268559507e+00 -6.5365103881e+00  1.0365022073e-01 -1.9992127630e+00 -6.2404102758e+00 -2.9837426532e+00 -3.3637909054e+00 -1.8945529762e+00 -3.4686339820e-01  2.0209633980e+00 -2.7823757765e+00 -2.0025495742e+00  1.4464753690e+00 -3.0625243784e+00 -8.1405980082e-01  3.8060352776e-01 -2.3013604616e+00  2.1152231570e+00  2.6811149869e+00 -3.9125476285e+00  2.5029168854e+00  3.1148920119e+00 -5.5877808616e+00  8.1936490233e-01  3.0649782620e+00 -5.0633352467e+00 -1.2033933226e+00 -1.6862146780e-01 -4.7737756552e+00 -7.1010549199e-01  1.4502141655e+00 -5.1934254292e+00  1.4505111699e+00  1.0107125934e+00 -6.4179415769e+00  2.7446954047e+00  6.5043349010e-01 -5.2729586540e+00 -3.0003170296e+00 -3.6093067793e+00 -4.4739602726e+00
ENERGY -7.528924450811e+02

JOB 4
COORDS -2.2057840484e+00 -2.9577868183e+00 -2.5130384018e+00 -4.2202993594e-01 -2.0156049752e+00 -3.3032713808e+00 -1.1462591928e+00 -2.5431141342e+00 -4.3916695563e+00 -9.9068687836e-01  1.1651498572e+00 -3.1120252503e+00  1.8634543757e+00  2.5361252377e+00 -4.8276961129e+00 -6.2099009311e-01  6.5736559533e-01 -4.5113792681e+00  1.6866882969e+00  1.1357239490e+00 -5.4194875117e+00 -1.1173096716e+00 -2.3004318952e+00 -2.1456058444e+00  8.6555532139e-01 -1.5375039462e+00 -3.2259395226e+00  1.4348944352e+00 -6.5064444980e-01 -3.9364750156e+00 -2.2755340627e+00 -3.1433016080e+00 -3.8549872467e+00  7.9413140209e-01  2.7077392389e-01 -4.6350534384e+00 -9.0175023918e-01 -2.6011733366e+00 -5.7681747255e+00 -1.7533122341e+00 -3.1907464512e+00 -6.4750536095e+00  1.3158891751e-01 -2.0586767001e+00 -6.2039204551e+00 -2.9707487146e+00 -3.3179873694e+00 -1.8362780068e+00 -3.8380054591e-01  2.0336661250e+00 -2.8423457572e+00 -2.0435775009e+00  1.4651576063e+00 -3.1080013172e+00 -8.5650159555e-01  4.0141087641e-01 -2.3441531179e+00  2.2773460604e+00  2.4777115080e+00 -3.8166021666e+00  2.5551047866e+00  3.1124447113e+00 -5.4507130799e+00  9.1920803737e-01  3.0878886000e+00 -4.7844809669e+00 -1.2705512887e+00 -1.6468552812e-01 -4.8126974620e+00 -7.7136068169e-01  1.4517298903e+00 -5.2452198032e+00  1.2827061023e+00  1.1905996540e+00 -6.4361268474e+00  2.6424372690e+00  6.1479685761e-01 -5.4713358259e+00 -2.9656407857e+00 -3.6387743086e+00 -4.4081067740e+00
ENERGY -7.528932577802e+02

JOB 5
COORDS -2.1647357503e+00 -2.9438795590e+00 -2.5103828209e+00 -3.9670854917e-01 -1.9751267316e+00 -3.3031430012e+00 -1.0935896986e+00 -2.5473277131e+00 -4.3864423237e+00 -1.0372548593e+00  1.1728184631e+00 -3.1794537292e+00  1.9802521523e+00  2.4738086694e+00 -4.7349315218e+00 -6.6690028542e-01  6.6211505940e-01 -4.5782383223e+00  1.6350322922e+00  1.1801053225e+00 -5.4762443634e+00 -1.0975518061e+00 -2.2508625272e+00 -2.1467802322e+00  8.7429810488e-01 -1.4524907410e+00 -3.2206271517e+00  1.4189230222e+00 -5.7105163984e-01 -3.9562012848e+00 -2.2139307270e+00 -3.1621243432e+00 -3.8484443940e+00  7.5095964814e-01  2.8407892400e-01 -4.7148739238e+00 -8.3345136462e-01 -2.6349284902e+00 -5.7595069981e+00 -1.6729166884e+00 -3.2483668282e+00 -6.4608047956e+00  1.9985139382e-01 -2.0952757300e+00 -6.1965323176e+00 -2.9279823443e+00 -3.3080578589e+00 -1.8338549429e+00 -4.3253752746e-01  2.0432639223e+00 -2.9115825071e+00 -2.0904518443e+00  1.4718589584e+00 -3.1798250159e+00 -9.0524656087e-01  4.1392878498e-01 -2.4069145875e+00  2.4608502449e+00  2.2464169403e+00 -3.7790570977e+00  2.6712843600e+00  3.0732735587e+00 -5.3366853406e+00  1.0915867061e+00  3.0831606007e+00 -4.5416225558e+00 -1.3141729154e+00 -1.6460997914e-01 -4.8748600097e+00 -8.2539591601e-01  1.4554050322e+00 -5.3115468047e+00  1.1434626847e+00  1.3888583876e+00 -6.4309515759e+00  2.5389643179e+00  6.0989354226e-01 -5.6908345871e+00 -2.8847818866e+00 -3.6873860010e+00 -4.3978704028e+00
ENERGY -7.528931675977e+02

JOB 6
COORDS -2.1402640709e+00 -2.9672283661e+00 -2.5640148551e+00 -3.9243132935e-01 -1.9655550320e+00 -3.3596260909e+00 -1.0611818164e+00 -2.5792408925e+00 -4.4372617569e+00 -1.1082031570e+00  1.1744813420e+00 -3.2814590829e+00  2.1274475420e+00  2.3563497212e+00 -4.6804575538e+00 -7.3320590256e-01  6.4071951172e-01 -4.6705972622e+00  1.5731527588e+00  1.2230014043e+00 -5.5465135266e+00 -1.0965997586e+00 -2.2371224707e+00 -2.2046110670e+00  8.6242645381e-01 -1.4032063587e+00 -3.2760412402e+00  1.3827335347e+00 -5.1624034683e-01 -4.0212631850e+00 -2.1692577762e+00 -3.2141024017e+00 -3.8978119623e+00  6.9430609710e-01  2.9579446789e-01 -4.8103421858e+00 -7.8541696243e-01 -2.6851694421e+00 -5.8064948754e+00 -1.6026944679e+00 -3.3321916514e+00 -6.5036753420e+00  2.3892156184e-01 -2.1291863868e+00 -6.2429961540e+00 -2.8999084401e+00 -3.3389857351e+00 -1.8875768180e+00 -5.3519703705e-01  2.0745435020e+00 -3.0431882632e+00 -2.1720623137e+00  1.4331659603e+00 -3.2779253130e+00 -9.3978703708e-01  4.4179825610e-01 -2.4907949048e+00  2.6761933991e+00  1.9434442668e+00 -3.8299408285e+00  2.8124969336e+00  2.9748368580e+00 -5.2697915924e+00  1.3305961748e+00  3.0039396288e+00 -4.3010378006e+00 -1.3593472234e+00 -2.1086881799e-01 -4.9405936992e+00 -9.2043562779e-01  1.4100886756e+00 -5.4216315044e+00  1.0004335761e+00  1.6084603093e+00 -6.3931701097e+00  2.3899797781e+00  6.2419693694e-01 -5.9526373493e+00 -2.8198459031e+00 -3.7685789412e+00 -4.4429463836e+00
ENERGY -7.528923137002e+02

JOB 7
COORDS -2.1135239156e+00 -2.9638408882e+00 -2.5369583514e+00 -3.9260854369e-01 -1.9218258911e+00 -3.3387167290e+00 -1.0266321886e+00 -2.5856367174e+00 -4.4072748086e+00 -1.2071153357e+00  1.2330190153e+00 -3.3320985650e+00  2.3039943013e+00  2.2525620703e+00 -4.6041662836e+00 -8.0234320982e-01  6.4812690693e-01 -4.6916342929e+00  1.5062313636e+00  1.3265608941e+00 -5.5244406045e+00 -1.1001198300e+00 -2.1884416059e+00 -2.1848695241e+00  8.4423225345e-01 -1.3202918107e+00 -3.2578149623e+00  1.3430022394e+00 -4.2159568636e-01 -4.0033037375e+00 -2.1180863226e+00 -3.2457050410e+00 -3.8641105082e+00  6.4256988622e-01  3.7031090683e-01 -4.7991321761e+00 -7.3454780373e-01 -2.7049761921e+00 -5.7716268613e+00 -1.5157261907e+00 -3.4003589470e+00 -6.4632598035e+00  2.6641746833e-01 -2.1091428591e+00 -6.2106117631e+00 -2.8675788627e+00 -3.3448858171e+00 -1.8594340421e+00 -6.7998353256e-01  2.1723180849e+00 -3.1418651527e+00 -2.2826994322e+00  1.4374879728e+00 -3.3367836637e+00 -9.9934803054e-01  5.4827472764e-01 -2.5078802771e+00  2.9352830039e+00  1.6660312586e+00 -3.9336435514e+00  2.9442455047e+00  2.9074491705e+00 -5.2043982037e+00  1.6433480293e+00  2.8821245240e+00 -3.9992775202e+00 -1.3803939469e+00 -2.4809603748e-01 -4.9161009553e+00 -1.0266524358e+00  1.3625818233e+00 -5.4847259572e+00  8.6105784492e-01  1.8966526360e+00 -6.1948910853e+00  2.1851858534e+00  7.4047148303e-01 -6.1492058890e+00 -2.7438483976e+00 -3.8348988389e+00 -4.4017951565e+00
ENERGY -7.528910434572e+02

JOB 8
COORDS -2.1182552552e+00 -3.0210134632e+00 -2.5624501809e+00 -4.2500527473e-01 -1.9007932368e+00 -3.3173902649e+00 -9.8843156417e-01 -2.6072901213e+00 -4.3994659595e+00 -1.3861902928e+00  1.2372720110e+00 -3.4132388684e+00  2.5121390089e+00  2.0588131552e+00 -4.7082993813e+00 -8.8492996553e-01  6.2958993919e-01 -4.7290948198e+00  1.4208780848e+00  1.3710067848e+00 -5.5278927160e+00 -1.1591144718e+00 -2.1901903013e+00 -2.1854401248e+00  7.7973826008e-01 -1.2466049235e+00 -3.2020262797e+00  1.2749255165e+00 -3.3855808566e-01 -3.9410286389e+00 -2.0624729394e+00 -3.3180021762e+00 -3.8849926142e+00  5.7753422454e-01  4.4356679689e-01 -4.7411531195e+00 -6.4320000916e-01 -2.7228390614e+00 -5.7501254720e+00 -1.3504215419e+00 -3.4779588303e+00 -6.4585235098e+00  3.2914717670e-01 -2.0632481689e+00 -6.1652776481e+00 -2.8753970185e+00 -3.4324163698e+00 -1.9063828121e+00 -9.1507224415e-01  2.2082719324e+00 -3.2325642723e+00 -2.4691903377e+00  1.3857920749e+00 -3.4734088095e+00 -1.1816665905e+00  5.8982620493e-01 -2.5582168158e+00  3.2178669365e+00  1.3321657774e+00 -4.3043325179e+00  3.0567191241e+00  2.7580430734e+00 -5.3512556964e+00  2.0795812584e+00  2.6204308326e+00 -3.8741514775e+00 -1.3953085564e+00 -3.0789183775e-01 -4.9449783015e+00 -1.1103854729e+00  1.2975889589e+00 -5.5611518839e+00  7.5081420546e-01  2.1166063414e+00 -5.9595785065e+00  1.8603416813e+00  8.0765572453e-01 -6.3578938738e+00 -2.6377196601e+00 -3.9456309986e+00 -4.4353106712e+00
ENERGY -7.528900316728e+02

JOB 9
COORDS -2.1096630908e+00 -3.0271152699e+00 -2.6130866533e+00 -4.3384354799e-01 -1.8345270643e+00 -3.2931434144e+00 -9.2276609262e-01 -2.5588704669e+00 -4.4003290798e+00 -1.5334383539e+00  1.2453298275e+00 -3.4400377247e+00  2.6799322157e+00  1.8830317122e+00 -4.8514757701e+00 -9.2650693724e-01  6.7577390440e-01 -4.7275767434e+00  1.3574004563e+00  1.4666579841e+00 -5.4877364190e+00 -1.2029077275e+00 -2.1583433891e+00 -2.1939946353e+00  7.3975684704e-01 -1.1383794862e+00 -3.1274164646e+00  1.2357103363e+00 -2.1440974864e-01 -3.8477493640e+00 -1.9864364701e+00 -3.3167009998e+00 -3.9325031170e+00  5.4095911725e-01  5.6568883423e-01 -4.6478554364e+00 -5.1299587046e-01 -2.6578602851e+00 -5.7332831630e+00 -1.1458340961e+00 -3.4507841369e+00 -6.4699801816e+00  4.3989121502e-01 -1.9465812716e+00 -6.1090274574e+00 -2.8762624893e+00 -3.4715724683e+00 -1.9903736005e+00 -1.1163379073e+00  2.2333916602e+00 -3.2223546953e+00 -2.6160664047e+00  1.3483749736e+00 -3.5652902449e+00 -1.3530420194e+00  5.9781508220e-01 -2.5797486130e+00  3.3491252599e+00  1.0328221947e+00 -4.7162703402e+00  3.1669243034e+00  2.6126422680e+00 -5.5066009754e+00  2.5147469713e+00  2.3457863530e+00 -3.8742880062e+00 -1.3768817192e+00 -2.8192241541e-01 -4.9840793322e+00 -1.1306151142e+00  1.3438315317e+00 -5.5656975564e+00  7.4895405555e-01  2.3555842367e+00 -5.6767910018e+00  1.5271322849e+00  9.7264552736e-01 -6.4518430720e+00 -2.5112134944e+00 -3.9662086347e+00 -4.5072194457e+00
ENERGY -7.528903278175e+02

JOB 10
COORDS -2.1178329357e+00 -3.0218088188e+00 -2.6049596293e+00 -4.4925828699e-01 -1.7957858852e+00 -3.2427664773e+00 -8.8180790183e-01 -2.5459076124e+00 -4.3566878823e+00 -1.6099072127e+00  1.2559629170e+00 -3.4708084383e+00  2.7352252163e+00  1.7444281365e+00 -4.9286030202e+00 -9.5343284957e-01  6.8319135688e-01 -4.7321547804e+00  1.3116403922e+00  1.5311976258e+00 -5.4267009400e+00 -1.2481008429e+00 -2.1254029473e+00 -2.1664345440e+00  6.9770500477e-01 -1.0655428963e+00 -3.0453590625e+00  1.1974654062e+00 -1.4306237555e-01 -3.7665657577e+00 -1.9423407826e+00 -3.3241150997e+00 -3.9155510386e+00  5.1213103985e-01  5.9977421266e-01 -4.6070481330e+00 -4.2356716985e-01 -2.6526281846e+00 -5.6727629433e+00 -1.0145030555e+00 -3.4671465206e+00 -6.4209731538e+00  5.2780755845e-01 -1.9267914643e+00 -6.0242668263e+00 -2.8941003794e+00 -3.4779831867e+00 -2.0030273980e+00 -1.2117354719e+00  2.2506031170e+00 -3.2474064169e+00 -2.6886294127e+00  1.3457179240e+00 -3.6336557819e+00 -1.4513817667e+00  6.1765516838e-01 -2.5994570059e+00  3.3169092654e+00  8.2203571597e-01 -4.9616265054e+00  3.2166760555e+00  2.4867805851e+00 -5.5734056335e+00  2.7439906709e+00  2.1136979932e+00 -3.9000562732e+00 -1.3792713458e+00 -2.8453511017e-01 -4.9933266481e+00 -1.1398147575e+00  1.3407158391e+00 -5.5833073381e+00  7.7764061791e-01  2.4881667444e+00 -5.4369518931e+00  1.3163893467e+00  1.1472357997e+00 -6.4541306322e+00 -2.4306951057e+00 -3.9934716669e+00 -4.4995019381e+00
ENERGY -7.528910764076e+02

JOB 11
COORDS -2.1485667337e+00 -3.0148071498e+00 -2.5851685984e+00 -4.7891413508e-01 -1.7726463209e+00 -3.1882945265e+00 -8.6458647023e-01 -2.5452527557e+00 -4.3039851269e+00 -1.6656481719e+00  1.2589982959e+00 -3.4835282238e+00  2.7440555431e+00  1.6250745025e+00 -4.9945929222e+00 -9.8433031226e-01  6.7496244869e-01 -4.7264835818e+00  1.2657278801e+00  1.5772733167e+00 -5.3535341951e+00 -1.3061657268e+00 -2.0996313996e+00 -2.1326523152e+00  6.4664892904e-01 -1.0166329551e+00 -2.9652820513e+00  1.1510229954e+00 -9.8134313505e-02 -3.6886472558e+00 -1.9275207190e+00 -3.3323535552e+00 -3.8852732501e+00  4.7932739905e-01  5.9819939359e-01 -4.5788261120e+00 -3.6367357031e-01 -2.6655250177e+00 -5.6034456052e+00 -9.2548357871e-01 -3.4934317111e+00 -6.3597470024e+00  5.9564446600e-01 -1.9401272104e+00 -5.9324440656e+00 -2.9365107038e+00 -3.4744195979e+00 -2.0013036590e+00 -1.2717649507e+00  2.2555244799e+00 -3.2607588716e+00 -2.7405816220e+00  1.3481579560e+00 -3.6697459314e+00 -1.5260500096e+00  6.2869887170e-01 -2.6032580715e+00  3.2251135587e+00  6.5906912729e-01 -5.1603410557e+00  3.2268576474e+00  2.3724457102e+00 -5.6325839720e+00  2.8954513302e+00  1.9034014741e+00 -3.9496861005e+00 -1.4015526458e+00 -2.9753587620e-01 -4.9851334880e+00 -1.1572851729e+00  1.3240335028e+00 -5.5872933001e+00  8.0946888565e-01  2.5643156315e+00 -5.2026133570e+00  1.1413484742e+00  1.3192836862e+00 -6.4118696642e+00 -2.3873345203e+00 -4.0167614170e+00 -4.4749565128e+00
ENERGY -7.528916328470e+02

JOB 12
COORDS -2.1848533173e+00 -3.0069235334e+00 -2.5822462397e+00 -5.1110197711e-01 -1.7535310888e+00 -3.1492202159e+00 -8.5111276087e-01 -2.5460894368e+00 -4.2651434563e+00 -1.7107611785e+00  1.2612456949e+00 -3.4950917447e+00  2.7400889749e+00  1.5151410911e+00 -5.0726506535e+00 -1.0105440702e+00  6.6937665012e-01 -4.7240985317e+00  1.2353718552e+00  1.6196916996e+00 -5.2778787049e+00 -1.3676366423e+00 -2.0760287656e+00 -2.1159900356e+00  5.9526452553e-01 -9.7565899933e-01 -2.9009278815e+00  1.1043103000e+00 -5.8365584049e-02 -3.6211472456e+00 -1.9183703183e+00 -3.3391241222e+00 -3.8702158326e+00  4.5217341475e-01  5.9401099861e-01 -4.5611932893e+00 -3.0846837548e-01 -2.6788212213e+00 -5.5472180454e+00 -8.4572723557e-01 -3.5155967661e+00 -6.3116978250e+00  6.5991066984e-01 -1.9561584486e+00 -5.8524860862e+00 -2.9856650041e+00 -3.4681003842e+00 -2.0174773342e+00 -1.3195960623e+00  2.2586364021e+00 -3.2715671867e+00 -2.7821812461e+00  1.3510561673e+00 -3.7002303956e+00 -1.5878965322e+00  6.3639952340e-01 -2.6085943559e+00  3.1043372014e+00  5.2494419560e-01 -5.3563840002e+00  3.2269096283e+00  2.2637765415e+00 -5.7061284440e+00  3.0220863331e+00  1.6960786381e+00 -4.0342983743e+00 -1.4230230407e+00 -3.0585069023e-01 -4.9816987241e+00 -1.1735679789e+00  1.3131361399e+00 -5.5907803693e+00  8.7234881668e-01  2.6105292223e+00 -4.9707496823e+00  9.9711538654e-01  1.5014018050e+00 -6.3404799965e+00 -2.3513729210e+00 -4.0362881560e+00 -4.4653049683e+00
ENERGY -7.528918233276e+02

JOB 13
COORDS -2.2230078512e+00 -2.9942234424e+00 -2.5890800287e+00 -5.4575992853e-01 -1.7295841869e+00 -3.1180726460e+00 -8.3761146650e-01 -2.5422864910e+00 -4.2322656535e+00 -1.7609869085e+00  1.2722208121e+00 -3.5119375856e+00  2.7164019616e+00  1.4091726953e+00 -5.1859875740e+00 -1.0381090992e+00  6.7051276628e-01 -4.7233307055e+00  1.2140859914e+00  1.6623698152e+00 -5.2030401931e+00 -1.4322762640e+00 -2.0473928197e+00 -2.1094292389e+00  5.4104591943e-01 -9.3062392004e-01 -2.8444998386e+00  1.0538852415e+00 -1.2271250707e-02 -3.5581498801e+00 -1.9088145930e+00 -3.3414229254e+00 -3.8623946374e+00  4.2392662831e-01  6.0268259510e-01 -4.5425817203e+00 -2.5131686775e-01 -2.6868783733e+00 -5.4946595185e+00 -7.6019127019e-01 -3.5340112797e+00 -6.2669928891e+00  7.2384678078e-01 -1.9643137082e+00 -5.7745879059e+00 -3.0371155300e+00 -3.4568577197e+00 -2.0449436612e+00 -1.3809847780e+00  2.2751698635e+00 -3.2945470691e+00 -2.8296326662e+00  1.3516384061e+00 -3.7352100880e+00 -1.6487795444e+00  6.5928353250e-01 -2.6158040100e+00  2.9440037183e+00  4.2813683021e-01 -5.6110965826e+00  3.2073783656e+00  2.1777370272e+00 -5.7918684206e+00  3.1229075172e+00  1.4470705746e+00 -4.1747803816e+00 -1.4415190121e+00 -3.1044152744e-01 -4.9745999597e+00 -1.1943673405e+00  1.3027777188e+00 -5.5992313784e+00  9.7480747342e-01  2.6308575739e+00 -4.7409949437e+00  8.6225466604e-01  1.6991948382e+00 -6.2382025826e+00 -2.3135027508e+00 -4.0518467602e+00 -4.4618091029e+00
ENERGY -7.528916638722e+02

JOB 14
COORDS -2.2526686746e+00 -2.9876737685e+00 -2.6182816006e+00 -5.7465662892e-01 -1.7080187659e+00 -3.1056904694e+00 -8.1781679751e-01 -2.5370004186e+00 -4.2187183588e+00 -1.8167699812e+00  1.2879445676e+00 -3.5557478012e+00  2.6709094818e+00  1.2916713948e+00 -5.3540124036e+00 -1.0552409455e+00  6.7415438581e-01 -4.7373411707e+00  1.2179061129e+00  1.7001709415e+00 -5.1330307602e+00 -1.4901566391e+00 -2.0253187936e+00 -2.1237145366e+00  4.9335360467e-01 -8.9144904407e-01 -2.8055452130e+00  1.0104025764e+00  3.2131018310e-02 -3.5067875834e+00 -1.8909567547e+00 -3.3451550759e+00 -3.8761458989e+00  4.0318306909e-01  6.2808455269e-01 -4.5206566156e+00 -1.8990127484e-01 -2.6846994839e+00 -5.4613114874e+00 -6.6416741866e-01 -3.5441648265e+00 -6.2416377866e+00  7.8482072056e-01 -1.9529441592e+00 -5.7156563775e+00 -3.0787899309e+00 -3.4545819014e+00 -2.0964011502e+00 -1.4608267874e+00  2.3023210690e+00 -3.3514055088e+00 -2.8815404134e+00  1.3416803821e+00 -3.8041213769e+00 -1.7135779588e+00  6.9560026352e-01 -2.6446428415e+00  2.7215306381e+00  3.7478547941e-01 -5.9474143173e+00  3.1890295953e+00  2.0913931316e+00 -5.8935363302e+00  3.1845409048e+00  1.1192844447e+00 -4.4074018677e+00 -1.4386565982e+00 -3.1767145958e-01 -4.9766930810e+00 -1.2014859376e+00  1.2843148576e+00 -5.6298715054e+00  1.1547582480e+00  2.6067430630e+00 -4.5155807360e+00  7.5074757416e-01  1.9243989980e+00 -6.0946868542e+00 -2.2668260472e+00 -4.0669807890e+00 -4.4807427741e+00
ENERGY -7.528914718517e+02

JOB 15
COORDS -2.2052441154e+00 -3.0124952834e+00 -2.7017874445e+00 -5.3998451273e-01 -1.6937478544e+00 -3.1220688708e+00 -7.2101131576e-01 -2.5252621242e+00 -4.2452727679e+00 -1.8526713736e+00  1.2711606355e+00 -3.6521799566e+00  2.6285531340e+00  1.2113749617e+00 -5.5581290948e+00 -9.9974826634e-01  6.8061355956e-01 -4.7819517940e+00  1.2957496581e+00  1.7536067207e+00 -5.0470778788e+00 -1.4847069153e+00 -2.0343697296e+00 -2.1762345297e+00  4.9821446557e-01 -8.5679256678e-01 -2.7785389244e+00  1.0221211820e+00  8.4311396533e-02 -3.4510661119e+00 -1.7864723668e+00 -3.3599819813e+00 -3.9446604509e+00  4.4187623398e-01  6.9013207306e-01 -4.4736080935e+00 -4.0954296401e-02 -2.6553178654e+00 -5.4616593339e+00 -4.5635287513e-01 -3.5304591878e+00 -6.2576475471e+00  9.1947580902e-01 -1.8928406527e+00 -5.6798190832e+00 -3.0403512399e+00 -3.4989572701e+00 -2.2131027252e+00 -1.5543081190e+00  2.3027330473e+00 -3.4417643686e+00 -2.9039853867e+00  1.2726593990e+00 -3.9575229930e+00 -1.7710482470e+00  6.9275803954e-01 -2.7297590466e+00  2.4656078554e+00  4.4335585366e-01 -6.3188626934e+00  3.2134995318e+00  2.0280014827e+00 -5.9945461976e+00  3.2017662652e+00  7.6980067537e-01 -4.7406335575e+00 -1.3308446236e+00 -3.2633376740e-01 -5.0342795268e+00 -1.1152005128e+00  1.2771155330e+00 -5.6877642803e+00  1.4579853177e+00  2.5295605858e+00 -4.2893602955e+00  7.3177674903e-01  2.2036072024e+00 -5.8659982822e+00 -2.1210821339e+00 -4.0902434782e+00 -4.5631805042e+00
ENERGY -7.528916109644e+02

JOB 16
COORDS -2.2175812181e+00 -3.0350447417e+00 -2.7420688486e+00 -5.4808170297e-01 -1.6924169051e+00 -3.0627529453e+00 -6.5346260948e-01 -2.5238144696e+00 -4.1957813179e+00 -1.9119824320e+00  1.2246763116e+00 -3.7175833540e+00  2.5026531360e+00  1.1577755078e+00 -5.6879756594e+00 -9.2634150653e-01  6.7912669371e-01 -4.7580258613e+00  1.3770886121e+00  1.7756438000e+00 -4.8589596585e+00 -1.5426424046e+00 -2.0472966271e+00 -2.1748484292e+00  4.6395397999e-01 -8.5191402762e-01 -2.6570568546e+00  1.0112653813e+00  1.1001463735e-01 -3.2806571209e+00 -1.7231730101e+00 -3.3740802438e+00 -3.9589341856e+00  4.7182327292e-01  7.5248851399e-01 -4.2998353253e+00  1.0052115117e-01 -2.6411661995e+00 -5.3679364447e+00 -2.3888037466e-01 -3.5330727869e+00 -6.1807048219e+00  1.0478763725e+00 -1.8489073605e+00 -5.5361049086e+00 -3.0733848899e+00 -3.5331397516e+00 -2.3034018385e+00 -1.6815671598e+00  2.2672701848e+00 -3.4780057526e+00 -2.9280298826e+00  1.1804662461e+00 -4.1229775650e+00 -1.8924114770e+00  6.4558375968e-01 -2.7920921756e+00  2.1045295701e+00  5.8483074195e-01 -6.5298203525e+00  3.1577347591e+00  1.9470287350e+00 -6.0726265088e+00  3.0946451523e+00  4.8001854140e-01 -5.0685310056e+00 -1.1858010311e+00 -3.3869112578e-01 -5.0458407988e+00 -9.7380629453e-01  1.2764989256e+00 -5.6696976773e+00  1.7911619201e+00  2.3477433646e+00 -4.0236563496e+00  7.7130760829e-01  2.4567393029e+00 -5.4605129069e+00 -2.0114573947e+00 -4.1079963640e+00 -4.5960705826e+00
ENERGY -7.528922781529e+02

JOB 17
COORDS -2.2957218673e+00 -3.0102542725e+00 -2.7773550408e+00 -6.0067260647e-01 -1.6810327443e+00 -3.0062902806e+00 -6.4086234002e-01 -2.5231591932e+00 -4.1353761966e+00 -1.9269814957e+00  1.2197603963e+00 -3.7803442950e+00  2.3419337204e+00  1.1774860286e+00 -5.7998975847e+00 -8.6345388205e-01  6.7824872791e-01 -4.7428872170e+00  1.4295139659e+00  1.7643689838e+00 -4.7217639224e+00 -1.6511325094e+00 -2.0204321108e+00 -2.1788611170e+00  3.9275924922e-01 -8.4570090924e-01 -2.5474102801e+00  9.7844788906e-01  1.1449378895e-01 -3.1383357585e+00 -1.7285591673e+00 -3.3651295117e+00 -3.9572411658e+00  4.9460488882e-01  7.6528057691e-01 -4.1798406231e+00  1.8467870775e-01 -2.6556060821e+00 -5.2561443322e+00 -1.0288460092e-01 -3.5579533993e+00 -6.0771807037e+00  1.1405589345e+00 -1.8644570731e+00 -5.3752687328e+00 -3.1805388916e+00 -3.4985672780e+00 -2.3880339378e+00 -1.7180943475e+00  2.2627556188e+00 -3.5232660333e+00 -2.9093525351e+00  1.1732666394e+00 -4.2613625595e+00 -1.9751271557e+00  6.4016275084e-01 -2.8562687395e+00  1.7640626098e+00  7.8450739971e-01 -6.6416577389e+00  3.0218102576e+00  1.9507845350e+00 -6.1738529160e+00  2.9307504705e+00  3.5534421336e-01 -5.3870154085e+00 -1.0935406628e+00 -3.4095214133e-01 -5.0493504923e+00 -8.4384358723e-01  1.2756290450e+00 -5.6562877193e+00  2.0218673732e+00  2.1328516095e+00 -3.8816347368e+00  8.4051860655e-01  2.6004725829e+00 -5.1103151779e+00 -1.9813723833e+00 -4.1040554704e+00 -4.6035507897e+00
ENERGY -7.528932935905e+02

JOB 18
COORDS -2.3731812179e+00 -2.9824331530e+00 -2.8266373209e+00 -6.5845348062e-01 -1.6672761551e+00 -2.9788294352e+00 -6.4328526464e-01 -2.5231011042e+00 -4.0986475660e+00 -1.9038007735e+00  1.2285210379e+00 -3.8334494483e+00  2.2030544932e+00  1.2254312838e+00 -5.9212143923e+00 -8.1939415515e-01  6.6389642253e-01 -4.7589833083e+00  1.4698660036e+00  1.7208736545e+00 -4.6729582843e+00 -1.7548515979e+00 -1.9898554787e+00 -2.2058297434e+00  3.0982645140e-01 -8.2673381807e-01 -2.4789916434e+00  9.3993766608e-01  1.1026470693e-01 -3.0625250695e+00 -1.7456683258e+00 -3.3549384585e+00 -3.9699975161e+00  5.2156693791e-01  7.2538498591e-01 -4.1540473488e+00  2.4139015748e-01 -2.6785395687e+00 -5.1703265179e+00 -1.6305820382e-02 -3.5816167183e+00 -6.0007857251e+00  1.2184365986e+00 -1.9078480840e+00 -5.2389172022e+00 -3.2809931263e+00 -3.4605646173e+00 -2.4799609162e+00 -1.6765021115e+00  2.2642832674e+00 -3.5629788685e+00 -2.8668907192e+00  1.2119965977e+00 -4.3536365835e+00 -2.0054705962e+00  6.4731011984e-01 -2.9150942959e+00  1.5061912312e+00  1.0051787185e+00 -6.7360457374e+00  2.9024965916e+00  1.9932669880e+00 -6.2688726334e+00  2.7567934047e+00  3.1092227084e-01 -5.6984269797e+00 -1.0593109811e+00 -3.5026093494e-01 -5.0763488101e+00 -7.5755456714e-01  1.2635982214e+00 -5.6692256213e+00  2.1764524878e+00  1.9227980454e+00 -3.8667354605e+00  9.1885654403e-01  2.6453693087e+00 -4.8812600334e+00 -1.9686077790e+00 -4.0993920540e+00 -4.6209515285e+00
ENERGY -7.528939913788e+02

JOB 19
COORDS -2.4421463427e+00 -2.9668970320e+00 -2.8936992968e+00 -7.1938975699e-01 -1.6560713659e+00 -2.9737113764e+00 -6.4596055177e-01 -2.5280698394e+00 -4.0790048778e+00 -1.8732043232e+00  1.2493004492e+00 -3.8838544282e+00  2.0896727173e+00  1.3234214820e+00 -6.0047998437e+00 -7.9272220756e-01  6.4394678889e-01 -4.7884748579e+00  1.4952876547e+00  1.6807093338e+00 -4.6409678475e+00 -1.8551865611e+00 -1.9670911888e+00 -2.2548600120e+00  2.1613990871e-01 -8.0085325835e-01 -2.4375616626e+00  8.8671807517e-01  1.1051155669e-01 -3.0163536174e+00 -1.7561721580e+00 -3.3551440402e+00 -3.9977058497e+00  5.4252515117e-01  6.6672421394e-01 -4.1670306271e+00  2.9158207879e-01 -2.7023563405e+00 -5.1026609639e+00  6.1107195697e-02 -3.6042569173e+00 -5.9428418015e+00  1.2829300429e+00 -1.9481361578e+00 -5.1235426272e+00 -3.3675224088e+00 -3.4396027383e+00 -2.5885360270e+00 -1.6159475999e+00  2.2782178286e+00 -3.6140396815e+00 -2.8258615548e+00  1.2633365575e+00 -4.4228204023e+00 -2.0136169810e+00  6.7732116666e-01 -2.9650540603e+00  1.3210505856e+00  1.2620318555e+00 -6.7816487435e+00  2.8072595426e+00  2.0939542916e+00 -6.3054767942e+00  2.5997276469e+00  3.5851650700e-01 -5.9575456806e+00 -1.0601128548e+00 -3.6441152836e-01 -5.1039136255e+00 -7.0074728449e-01  1.2361218018e+00 -5.7005601919e+00  2.2752651407e+00  1.7414840741e+00 -3.8818291762e+00  9.8485165724e-01  2.6519802930e+00 -4.6833241750e+00 -1.9456245256e+00 -4.1079874405e+00 -4.6496897255e+00
ENERGY -7.528938996777e+02

JOB 20
COORDS -2.4709778422e+00 -2.9602748456e+00 -2.8925349292e+00 -7.4158775971e-01 -1.6568842468e+00 -2.9429340039e+00 -6.2816114613e-01 -2.5602288180e+00 -4.0188500789e+00 -1.8181818677e+00  1.2492532995e+00 -3.9258247181e+00  1.9946891131e+00  1.4461084683e+00 -6.0617341372e+00 -7.4807555682e-01  5.9548549612e-01 -4.8094193228e+00  1.5389313328e+00  1.6298078426e+00 -4.6134844858e+00 -1.9045711939e+00 -1.9451938951e+00 -2.2595000061e+00  1.7171097108e-01 -7.8250335775e-01 -2.3959633217e+00  8.6785846522e-01  1.0406083653e-01 -2.9802425600e+00 -1.7441427007e+00 -3.3806159637e+00 -3.9581080192e+00  5.8686973334e-01  5.9178067911e-01 -4.1835105607e+00  3.4056896951e-01 -2.7617304053e+00 -5.0096002507e+00  1.2360206386e-01 -3.6737301392e+00 -5.8427670053e+00  1.3427175239e+00 -2.0230752054e+00 -5.0087343509e+00 -3.4086366123e+00 -3.4224921010e+00 -2.6097170388e+00 -1.5323553271e+00  2.2742188220e+00 -3.6700322335e+00 -2.7631584443e+00  1.2844323443e+00 -4.4771488213e+00 -1.9890432099e+00  6.9825052839e-01 -2.9995408811e+00  1.1781193471e+00  1.5793201075e+00 -6.7775029755e+00  2.7601287022e+00  2.1927286149e+00 -6.2964615963e+00  2.4186013140e+00  4.4881227460e-01 -6.2060291229e+00 -1.0415331622e+00 -4.1176653853e-01 -5.1054005369e+00 -6.3891114649e-01  1.1645578030e+00 -5.7329175793e+00  2.3844219878e+00  1.5601721693e+00 -3.9299024029e+00  1.0778937095e+00  2.6190383861e+00 -4.4814249501e+00 -1.9122618794e+00 -4.1487572370e+00 -4.5980985617e+00
ENERGY -7.528927751109e+02

JOB 21
COORDS -2.5391996935e+00 -2.9093223135e+00 -2.8896025789e+00 -7.7605275781e-01 -1.6531160440e+00 -2.9376901106e+00 -6.5156456992e-01 -2.6029644726e+00 -3.9695402612e+00 -1.7588276818e+00  1.2803572850e+00 -4.0337546359e+00  1.8834446848e+00  1.7088343748e+00 -6.0508800068e+00 -6.8943783712e-01  5.4930455807e-01 -4.8557411704e+00  1.5773145989e+00  1.6311474712e+00 -4.5558177636e+00 -1.9662394417e+00 -1.8829008416e+00 -2.2803858849e+00  1.4691026901e-01 -7.8285018025e-01 -2.3963769539e+00  8.6414856613e-01  8.5590890710e-02 -2.9773539225e+00 -1.7888244942e+00 -3.3932550633e+00 -3.9110570053e+00  6.3415055731e-01  5.4881204944e-01 -4.2051172171e+00  3.4077554289e-01 -2.8607018731e+00 -4.9241903748e+00  1.3164355098e-01 -3.8048980055e+00 -5.7224163648e+00  1.3523318515e+00 -2.1361448406e+00 -4.9269546800e+00 -3.4973360777e+00 -3.3354659439e+00 -2.6191541911e+00 -1.4618560860e+00  2.3164203456e+00 -3.8438695945e+00 -2.6980097924e+00  1.2920069045e+00 -4.5959510418e+00 -1.9470277297e+00  7.9407089425e-01 -3.0746378428e+00  1.0406477773e+00  2.0803838301e+00 -6.6403506326e+00  2.7148364690e+00  2.4035329022e+00 -6.2059984834e+00  2.1768861229e+00  7.2859371948e-01 -6.4379363555e+00 -1.0007415264e+00 -4.6857820552e-01 -5.0856349038e+00 -5.5403679849e-01  1.0461740746e+00 -5.8153252079e+00  2.4843353767e+00  1.4236967038e+00 -3.9893723037e+00  1.1775259978e+00  2.5925399441e+00 -4.2031377543e+00 -1.9560920037e+00 -4.1839757546e+00 -4.5232216376e+00
ENERGY -7.528909041202e+02

JOB 22
COORDS -2.5836926338e+00 -2.8854659391e+00 -2.8737891878e+00 -7.8723373059e-01 -1.6792459931e+00 -2.9360349458e+00 -6.6809751772e-01 -2.6724325278e+00 -3.9258299172e+00 -1.6913952627e+00  1.2766220182e+00 -4.1744576434e+00  1.7452509194e+00  1.9275321981e+00 -6.0106635003e+00 -6.1783548886e-01  4.6674420676e-01 -4.9125137487e+00  1.6419808605e+00  1.5796819157e+00 -4.5286454999e+00 -1.9957185045e+00 -1.8495589832e+00 -2.2949322742e+00  1.5390978124e-01 -8.1931874896e-01 -2.4077840803e+00  8.8882969836e-01  3.0642523698e-02 -2.9916556110e+00 -1.8273197624e+00 -3.4294985733e+00 -3.8599479388e+00  6.8595921859e-01  4.8682976379e-01 -4.2259922100e+00  3.3459730857e-01 -2.9859255253e+00 -4.8524605116e+00  1.2373675107e-01 -3.9611076427e+00 -5.6116487875e+00  1.3553003506e+00 -2.2747563531e+00 -4.8716176364e+00 -3.5579928909e+00 -3.2751075885e+00 -2.6060935076e+00 -1.3802448244e+00  2.3193381788e+00 -4.0561695842e+00 -2.6199871508e+00  1.2613209164e+00 -4.7540012922e+00 -1.9045577021e+00  8.6535350142e-01 -3.1853482191e+00  8.6197611938e-01  2.4508880382e+00 -6.3873049430e+00  2.5999492929e+00  2.5963827643e+00 -6.1507191832e+00  1.9139276528e+00  1.0335440720e+00 -6.6191850767e+00 -9.4209858491e-01 -5.6025140800e-01 -5.0659699662e+00 -4.5133691992e-01  8.7775247524e-01 -5.9064977169e+00  2.6065185004e+00  1.2389568661e+00 -4.1524984234e+00  1.3625046607e+00  2.4730592971e+00 -3.9545696141e+00 -2.0052761734e+00 -4.2384929132e+00 -4.4445745937e+00
ENERGY -7.528892146733e+02

JOB 23
COORDS  7.7867930351e-01 -3.6928076297e+00 -5.9522344696e+00  2.8755062358e-01 -2.4277804107e+00 -4.2656365105e+00 -9.1531492037e-01 -2.7449603751e+00 -4.9270120863e+00  6.9694813698e-01  2.2183257293e+00 -2.0574427782e+00 -7.9236387157e-01  1.7203611433e+00 -5.2031068869e+00 -5.7792733337e-01  1.4119685257e+00 -2.3191315858e+00 -1.7499094161e-01  4.3550203291e-01 -4.6538623976e+00  1.3235569698e+00 -3.0460786662e+00 -4.9336897278e+00  5.0505355717e-01 -1.8771038870e+00 -3.0223220331e+00  9.7662444945e-02 -7.8932350394e-01 -2.5148602494e+00 -5.7055526545e-01 -3.5575599167e+00 -5.9967602223e+00 -3.5582775401e-01  2.5212860435e-01 -3.2000405774e+00 -2.2539016256e+00 -2.4247984516e+00 -4.6778615683e+00 -3.1110339660e+00 -2.8992771948e+00 -5.4603826682e+00 -2.5068230740e+00 -1.6821068638e+00 -3.7098840228e+00  1.3283721535e+00 -4.2741467005e+00 -6.6821991319e+00  1.1202291285e+00  2.6262193553e+00 -2.9807263889e+00  4.7922726676e-01  3.0564916483e+00 -1.3872177982e+00  1.4520437391e+00  1.5841164097e+00 -1.5841266657e+00 -3.3919558148e-01  2.6262037745e+00 -4.7938951813e+00 -6.3732529039e-01  1.7347381305e+00 -6.2862101106e+00 -1.8700726879e+00  1.7487769218e+00 -5.0210746359e+00 -9.7093604435e-01  1.0097525651e+00 -1.3852570336e+00 -1.3583658785e+00  2.0327113872e+00 -2.7605715030e+00 -6.4059132963e-01 -3.9781147264e-01 -5.1733890770e+00  9.0052736239e-01  3.9020544641e-01 -4.8745415972e+00 -1.2442347579e+00 -3.9647985431e+00 -6.6353882280e+00
ENERGY -7.528888535223e+02

