JOB 0
COORDS -4.2337504028e-01 -4.3658267456e+00  2.5058086393e+00  6.1885497931e-01 -3.6867925074e+00  3.1385675139e+00 -1.6967965492e+00 -3.7934469508e+00  2.4350470881e+00  3.9866730659e-01 -2.4371052802e+00  3.7326254639e+00 -8.7421914510e-01 -1.8739918135e+00  3.6428285731e+00 -1.9206174994e+00 -2.5362452967e+00  2.9993279424e+00  1.5563056611e+00 -1.7136143234e+00  4.3863218081e+00  1.3861871009e+00 -2.6976838653e+00  6.7717489688e+00  3.1771627592e-01 -1.6509862930e+00  6.7398921995e+00  1.5379970408e+00 -1.4742150915e+00  5.8535217481e+00  2.5234153711e+00 -1.4021854561e+00  3.7048575315e+00 -1.0878633181e+00 -6.4796056386e-01  4.1668910784e+00 -3.6360165688e+00 -1.7116870870e+00  2.8836410672e+00 -2.4755162446e-01 -5.3392589207e+00  2.0575642726e+00  1.6162899158e+00 -4.1148058114e+00  3.1764676808e+00 -2.5116665619e+00 -4.3094191662e+00  1.9376536173e+00  2.0642762950e+00 -2.7490713313e+00  7.6175970987e+00  1.1752864387e+00 -3.6502336737e+00  6.2950835758e+00 -6.2885040787e-01 -1.9031151498e+00  6.2774089094e+00  2.3971518803e-01 -9.6325967858e-01  7.5760314168e+00  2.2724636635e+00 -7.3628478653e-01  6.1601265902e+00
ENERGY -3.134702079830e+03

JOB 1
COORDS -4.6437536458e-01 -4.2558756353e+00  2.3555184557e+00  5.9538435045e-01 -3.6659989444e+00  3.0443616947e+00 -1.7041701099e+00 -3.6130748770e+00  2.2876096358e+00  4.2514052084e-01 -2.4393477050e+00  3.7017178254e+00 -8.1467370069e-01 -1.8028315828e+00  3.6131546368e+00 -1.8759963425e+00 -2.3758021869e+00  2.9110596630e+00  1.6024695808e+00 -1.8262715316e+00  4.4205835977e+00  1.4432430267e+00 -2.5973643855e+00  6.8758421280e+00  2.5889770923e-01 -1.6908096062e+00  6.7141415991e+00  1.4844402664e+00 -1.4489171637e+00  5.8595369548e+00  2.6627899404e+00 -1.6978912361e+00  3.8230955978e+00 -9.7890559742e-01 -5.9255561635e-01  4.1861763629e+00 -3.5411338596e+00 -1.4543070717e+00  2.7944927888e+00 -3.2948095683e-01 -5.2133771017e+00  1.8612353913e+00  1.5696815904e+00 -4.1438356300e+00  3.0831117697e+00 -2.5324786075e+00 -4.0585882023e+00  1.7461731283e+00  2.0846774542e+00 -2.4991397991e+00  7.7458127431e+00  1.3632865246e+00 -3.6062162317e+00  6.4811439201e+00 -6.2773869658e-01 -2.1033163082e+00  6.2461884188e+00  5.6687297205e-02 -9.5388874776e-01  7.4850491612e+00  2.1163964188e+00 -6.0605388087e-01  6.1215076568e+00
ENERGY -3.134701236702e+03

JOB 2
COORDS -3.6794316633e-01 -3.8762374017e+00  2.1177536212e+00  6.7472721867e-01 -3.4524348350e+00  2.9407508068e+00 -1.5254807370e+00 -3.1015763217e+00  1.9945991288e+00  5.6941093831e-01 -2.2639635208e+00  3.6781478180e+00 -5.8847209817e-01 -1.4939953840e+00  3.5324561361e+00 -1.6306771519e+00 -1.9000958580e+00  2.6978878507e+00  1.7260814009e+00 -1.8451960715e+00  4.5489002309e+00  1.4110133681e+00 -2.4359889184e+00  7.0453757840e+00  1.9821142445e-01 -1.6097743820e+00  6.7099298262e+00  1.4822422404e+00 -1.3732169081e+00  5.9508687479e+00  2.8647443041e+00 -1.9336200137e+00  4.1095274665e+00 -6.8695940617e-01 -3.1497364449e-01  4.1783739979e+00 -3.1776824747e+00 -8.0104093575e-01  2.5114246738e+00 -2.8383515633e-01 -4.8060205288e+00  1.5630067669e+00  1.5882219955e+00 -4.0325075680e+00  3.0288573930e+00 -2.3398350470e+00 -3.4167727572e+00  1.3501648150e+00  1.9594911613e+00 -2.2371703067e+00  7.9607221052e+00  1.4176618987e+00 -3.4763776021e+00  6.7328215403e+00 -6.1807850727e-01 -2.1090875593e+00  6.1979911397e+00 -1.1419778882e-01 -8.3448756514e-01  7.4024002113e+00  2.0478626289e+00 -4.7793849130e-01  6.1922754689e+00
ENERGY -3.134700229883e+03

JOB 3
COORDS  9.8186370208e-01 -8.3225515595e-01  2.7305629919e-01 -2.3989948728e-01 -6.2190732620e-01  9.0919338321e-01  1.9754441768e+00 -1.5945523432e+00  8.9575221751e-01 -4.8645762014e-01 -1.1446506950e+00  2.1883956562e+00  5.1240050553e-01 -1.9180258229e+00  2.7903395001e+00  1.7343080047e+00 -2.1462188476e+00  2.1551336193e+00 -1.8216921905e+00 -8.7265627491e-01  2.8287670337e+00 -2.0437868383e+00  8.2757804666e-01  4.7720956761e+00 -8.0005714672e-01  3.4060066382e-02  5.0974926714e+00 -1.9091527270e+00 -6.1441188703e-01  4.3090781433e+00 -2.8219314137e+00 -8.2571100391e-01  2.1255964066e+00  2.8316829192e-01 -2.4918698020e+00  3.9875786570e+00  3.0557278852e+00 -3.2257151789e+00  3.0062581332e+00  1.1675438056e+00 -4.1008683130e-01 -7.1010616588e-01 -1.0284179814e+00 -4.7091284742e-02  4.3363039192e-01  2.9288109386e+00 -1.7713037381e+00  4.0813372782e-01 -2.7631922960e+00  1.0326175726e+00  5.5587326060e+00 -1.9673906663e+00  1.6058633490e+00  4.0182859644e+00  1.1088766340e-01  3.0021297894e-01  4.5688795762e+00 -6.4308264433e-01 -3.0372311802e-01  6.1170439306e+00 -2.5356804907e+00 -1.3384671095e+00  4.8236944512e+00
ENERGY -3.134699563997e+03

JOB 4
COORDS  1.2958940683e+00 -3.0550144304e-01  1.6950830873e-01  4.6349511790e-02 -2.7144609800e-01  7.8420456100e-01  2.3839215906e+00 -8.9466710986e-01  8.2194133947e-01 -1.4028408574e-01 -8.0312123783e-01  2.0704066456e+00  9.5629263283e-01 -1.4010971934e+00  2.7028405376e+00  2.2096608712e+00 -1.4509842277e+00  2.0900444543e+00 -1.5095813983e+00 -7.1100290891e-01  2.6891224862e+00 -2.2167571401e+00  7.1012641641e-01  4.7441438319e+00 -7.6073491052e-01  3.6144861643e-01  4.9774510008e+00 -1.6394969216e+00 -5.7217007243e-01  4.1853106624e+00 -2.4946190252e+00 -6.9896653492e-01  1.9639114871e+00  8.0161169590e-01 -1.9778131208e+00  3.9105217356e+00  3.6680312196e+00 -2.2932716807e+00  2.9845644091e+00  1.4316968217e+00  1.2202540387e-01 -8.1948785311e-01 -8.1252685554e-01  1.7003843581e-01  2.8868764786e-01  3.3612432221e+00 -9.3224929952e-01  3.5143620890e-01 -2.9132037663e+00  6.2857524807e-01  5.5729492002e+00 -2.4451977090e+00  1.5058647241e+00  4.0413653757e+00 -1.7469410944e-02  9.3784819551e-01  4.4326362652e+00 -4.4555351122e-01  4.7032252162e-02  5.9674607332e+00 -1.9597371153e+00 -1.4930826133e+00  4.6675914774e+00
ENERGY -3.134699637369e+03

JOB 5
COORDS  1.3212525829e+00 -4.1884759222e-01  1.5411696175e-01  7.9356955466e-02 -3.0610509614e-01  7.7351216793e-01  2.3835169271e+00 -1.0412966270e+00  8.1828411995e-01 -1.3006069581e-01 -7.9435965658e-01  2.0741144990e+00  9.4209666080e-01 -1.4261592855e+00  2.7172928252e+00  2.1895828863e+00 -1.5513097692e+00  2.1023720826e+00 -1.4903818667e+00 -6.0230215032e-01  2.6926928659e+00 -2.3330869922e+00  5.9623495869e-01  4.8352723537e+00 -8.3239749097e-01  4.4420570244e-01  5.0033184983e+00 -1.6133389516e+00 -5.6355449049e-01  4.1951489877e+00 -2.4556029633e+00 -4.0827606934e-01  1.9661248448e+00  7.7415276129e-01 -1.9594994838e+00  3.9430844768e+00  3.6134947128e+00 -2.4291140915e+00  3.0185526190e+00  1.4718344701e+00 -2.5495540509e-02 -8.4686162221e-01 -7.5916708324e-01  1.6662470115e-01  2.7240607829e-01  3.3557209133e+00 -1.1383235479e+00  3.4568265160e-01 -2.9726576264e+00  3.8683756756e-01  5.6872525640e+00 -2.6960698064e+00  1.3820441650e+00  4.1800780940e+00 -1.9675749686e-01  1.1393117724e+00  4.4605298703e+00 -4.3566964629e-01  1.2938702750e-01  5.9635127950e+00 -1.7815948925e+00 -1.5418459575e+00  4.6401495370e+00
ENERGY -3.134700515368e+03

JOB 6
COORDS  1.3454476703e+00 -4.1867648316e-01  3.1500360183e-02  1.3163112222e-01 -2.4850215544e-01  6.9064733339e-01  2.4090185852e+00 -1.0623776808e+00  6.7305967582e-01 -5.4067357129e-02 -7.0363796911e-01  2.0076939175e+00  1.0198958816e+00 -1.3562504615e+00  2.6284387005e+00  2.2415491010e+00 -1.5343314472e+00  1.9746450188e+00 -1.3903521635e+00 -4.4336989418e-01  2.6578537977e+00 -2.3674625856e+00  4.6458181373e-01  4.8774738562e+00 -8.5805400383e-01  5.3029700418e-01  5.0105181083e+00 -1.5078548844e+00 -5.3752243654e-01  4.1550384268e+00 -2.3266022651e+00 -7.0381795797e-02  1.9625460784e+00  8.8811689470e-01 -1.8511454935e+00  3.8749086420e+00  3.6698126340e+00 -2.4296672018e+00  2.8668610907e+00  1.4737141521e+00 -5.2790037039e-02 -9.8291914172e-01 -7.0626363862e-01  2.4544940429e-01  2.0973359271e-01  3.3609750217e+00 -1.2027375758e+00  1.7100138523e-01 -2.9424181015e+00  1.1520375916e-01  5.7296409493e+00 -2.8592680887e+00  1.2212313296e+00  4.2748015282e+00 -3.4488141922e-01  1.3393365451e+00  4.4971631369e+00 -3.9149143141e-01  2.1742581002e-01  5.9394724625e+00 -1.5116090522e+00 -1.5534146393e+00  4.5412456403e+00
ENERGY -3.134702067137e+03

JOB 7
COORDS  1.3523505349e+00 -5.6069228909e-01 -5.9718425362e-02  1.8009444919e-01 -2.8485127848e-01  6.3637833241e-01  2.4100753170e+00 -1.2176746039e+00  5.7823091361e-01  2.4169382474e-02 -6.5091358185e-01  1.9855034375e+00  1.0933542028e+00 -1.3164572017e+00  2.6027444995e+00  2.2768842352e+00 -1.5951359165e+00  1.9134556022e+00 -1.2760464130e+00 -2.8066817254e-01  2.6593241211e+00 -2.4132978358e+00  3.2685229548e-01  4.8984823835e+00 -9.2671604535e-01  5.3340632406e-01  5.0869851324e+00 -1.4429606540e+00 -5.2905333441e-01  4.1287181678e+00 -2.1342352535e+00  3.0213385984e-01  2.0062595598e+00  1.0066168496e+00 -1.7131751781e+00  3.8877541338e+00  3.7023000699e+00 -2.4937196890e+00  2.8074523131e+00  1.4532003233e+00 -2.6695783101e-01 -1.1003440642e+00 -6.5046118351e-01  2.2662467669e-01  1.6139127674e-01  3.3314162203e+00 -1.4383020930e+00  4.8682170967e-02 -2.9679435056e+00 -1.4773206406e-01  5.7022027108e+00 -2.9631315818e+00  1.0735259667e+00  4.3356549692e+00 -4.8324479535e-01  1.4236718664e+00  4.6495198100e+00 -4.5081585820e-01  1.9000113073e-01  6.0002057061e+00 -1.3470455623e+00 -1.5650336058e+00  4.4388573885e+00
ENERGY -3.134703942247e+03

JOB 8
COORDS  1.2642745715e+00 -6.4739669953e-01 -1.1256199962e-01  1.4655419911e-01 -2.6452430560e-01  6.2180552620e-01  2.3290757525e+00 -1.2983004311e+00  5.1969566207e-01  5.1132814853e-02 -5.2168365117e-01  2.0012690337e+00  1.1280099672e+00 -1.1775149633e+00  2.6148650845e+00  2.2584916531e+00 -1.5596520868e+00  1.8871900825e+00 -1.1979359610e+00 -5.3240774842e-02  2.7084647418e+00 -2.5341780884e+00  2.3227918514e-01  4.8974722326e+00 -1.0945438700e+00  5.5064062078e-01  5.2101312139e+00 -1.4418549571e+00 -4.6367142539e-01  4.1242313475e+00 -1.9565873391e+00  7.1107587611e-01  2.1206395629e+00  1.1078841377e+00 -1.4453571297e+00  3.9359654253e+00  3.7007255285e+00 -2.4369062655e+00  2.7749650579e+00  1.3168640083e+00 -4.4267074821e-01 -1.1777733597e+00 -6.8597170409e-01  2.4954873032e-01  1.5300827864e-01  3.2092022403e+00 -1.6011557171e+00 -3.8546324241e-02 -3.0894653970e+00 -3.6964406654e-01  5.6102980970e+00 -3.1131522756e+00  9.7616541129e-01  4.3611947211e+00 -7.0766075378e-01  1.5100177907e+00  4.8789565782e+00 -6.4444963010e-01  1.6474649408e-01  6.1193765053e+00 -1.2620416061e+00 -1.5091658526e+00  4.3521802796e+00
ENERGY -3.134705945803e+03

JOB 9
COORDS  8.5438847150e-01 -7.1559329525e-01 -1.4579732064e-01 -1.2781379285e-01 -1.6088764482e-01  6.6937135549e-01  1.8689041201e+00 -1.5007940532e+00  4.1205240244e-01 -1.3563035532e-01 -3.8293143809e-01  2.0573262254e+00  8.9093940105e-01 -1.1692984981e+00  2.5969102397e+00  1.8874321566e+00 -1.7222502094e+00  1.7886859644e+00 -1.2392227043e+00  2.6078717382e-01  2.8588315423e+00 -2.7023334508e+00  3.7874630816e-01  4.9766451361e+00 -1.2926007496e+00  6.7817902685e-01  5.3943256718e+00 -1.5613012810e+00 -2.6281188049e-01  4.2156259824e+00 -1.8259501033e+00  1.2289883776e+00  2.3836316463e+00  9.5572473836e-01 -1.3882099948e+00  3.9264495631e+00  3.2703799128e+00 -2.7722731771e+00  2.5775984983e+00  8.3968221605e-01 -5.4098067751e-01 -1.2175362833e+00 -9.1581226013e-01  4.6120297294e-01  2.5770637694e-01  2.6438149136e+00 -1.9363627375e+00 -2.1062151435e-01 -3.2951279505e+00 -2.7923556556e-01  5.6046006570e+00 -3.2497379672e+00  1.1558534716e+00  4.4544245604e+00 -8.8967909132e-01  1.6554538298e+00  5.1471119907e+00 -8.9306101390e-01  2.2494643437e-01  6.2959859297e+00 -1.3838541221e+00 -1.3187001714e+00  4.3832870643e+00
ENERGY -3.134707566111e+03

JOB 10
COORDS  1.7852619311e+00 -9.6545564014e-01 -1.3312618846e-01  7.8918767937e-01 -3.7952095349e-01  6.4311804903e-01  2.8078600367e+00 -1.7015835768e+00  4.7434463674e-01  7.7528688153e-01 -5.2483954871e-01  2.0407484162e+00  1.8123426166e+00 -1.2583112953e+00  2.6307034824e+00  2.8220805718e+00 -1.8416900085e+00  1.8619571665e+00 -3.4618879113e-01  1.3921604073e-01  2.7985888760e+00 -2.1097574029e+00  3.7304866970e-02  4.6674645178e+00 -8.7284424883e-01  6.2555706911e-01  5.2665803081e+00 -7.5484892294e-01 -3.9296257729e-01  4.1253657139e+00 -9.0656048940e-01  1.1092164642e+00  2.2942680847e+00  1.8744520385e+00 -1.3883510730e+00  3.9729361386e+00  4.2180853365e+00 -2.8186005532e+00  2.7185591040e+00  1.7750640849e+00 -8.5259193242e-01 -1.2131683146e+00 -4.6509059886e-03  2.0642799326e-01  1.9153564569e-01  3.5931934280e+00 -2.1600339871e+00 -1.1809410556e-01 -2.6576351384e+00 -7.0829785583e-01  5.2353198711e+00 -2.7009529119e+00  6.7031881651e-01  4.0144801795e+00 -6.2898794411e-01  1.6515778597e+00  5.0104543496e+00 -5.4415859032e-01  2.9302956031e-01  6.2460821536e+00 -4.0502246795e-01 -1.3819862777e+00  4.3914804864e+00
ENERGY -3.134708468238e+03

JOB 11
COORDS  1.6861660927e+00 -1.0258407632e+00 -7.4627236071e-02  7.6561789257e-01 -3.7022055290e-01  7.3864302424e-01  2.6809906268e+00 -1.8277819297e+00  4.9416866380e-01  7.9963444109e-01 -5.1080564417e-01  2.1362429882e+00  1.8100801552e+00 -1.3091479762e+00  2.6860192650e+00  2.7451527777e+00 -1.9630902081e+00  1.8809477212e+00 -2.4694987750e-01  2.2501753119e-01  2.9344525659e+00 -2.1634259927e+00 -6.4892915876e-02  4.6173199359e+00 -1.0845531081e+00  6.8718841500e-01  5.3218946982e+00 -7.0575731121e-01 -3.2509053361e-01  4.2363815888e+00 -7.4530575359e-01  1.2422938194e+00  2.4582054281e+00  1.9218979319e+00 -1.4335411586e+00  4.0262599059e+00  4.1083033127e+00 -3.0266166792e+00  2.6859700645e+00  1.6382348560e+00 -9.1614140426e-01 -1.1539902201e+00 -4.2954474973e-03  2.6716715111e-01  3.1633666260e-01  3.4076144598e+00 -2.3406603800e+00 -1.2779705063e-01 -2.6710661407e+00 -8.6890267498e-01  5.1411336558e+00 -2.7520955082e+00  4.7382585459e-01  3.8823261693e+00 -9.4583322253e-01  1.7300062179e+00  5.0561166791e+00 -8.3006706407e-01  4.1780286033e-01  6.3420613154e+00 -2.6380730684e-01 -1.2528991567e+00  4.5724918109e+00
ENERGY -3.134708584423e+03

JOB 12
COORDS  2.1039460709e+00 -5.8228951511e-01  3.3562909795e-01  1.0568804724e+00  1.7011237267e-02  1.0303209289e+00  2.7871607992e+00 -1.6688653235e+00  8.9166794343e-01  6.7385617444e-01 -4.3862080175e-01  2.3032169586e+00  1.3641334673e+00 -1.5329142100e+00  2.8394729089e+00  2.4093484062e+00 -2.1473904585e+00  2.1460812997e+00 -4.6637147672e-01  2.7492720567e-01  2.9841459530e+00 -1.9292826761e+00 -1.3801685100e-01  5.0576914023e+00 -1.4734996669e+00  1.2841636069e+00  5.1253223102e+00 -5.6853050798e-01  2.5294847513e-01  4.4674055296e+00 -1.2887175236e+00  8.6930183014e-01  2.2915742570e+00  1.0052896690e+00 -2.0415868445e+00  4.0372885302e+00  3.3060263251e+00 -3.6430323932e+00  2.9180713937e+00  2.3946234412e+00 -2.1093055074e-01 -6.4258433807e-01  5.0661736275e-01  8.5207169862e-01  6.0918389704e-01  3.6022950419e+00 -2.1479652902e+00  3.5880237501e-01 -1.9096676908e+00 -7.4787139949e-01  5.9553481785e+00 -2.7030752514e+00 -3.8428752544e-01  4.3377109062e+00 -1.9448862095e+00  1.9953222432e+00  4.4555374785e+00 -1.1378715647e+00  1.6764857766e+00  6.0802856744e+00  3.0801158473e-01 -6.1362137949e-02  5.0189588549e+00
ENERGY -3.134708467521e+03

JOB 13
COORDS  2.0918612687e+00 -6.7305253481e-01  3.0327341150e-01  1.1103329303e+00  1.7480371535e-02  1.0080752851e+00  2.7085095485e+00 -1.7922958372e+00  8.7244929062e-01  7.2575900541e-01 -3.7720317671e-01  2.3011567048e+00  1.3525315427e+00 -1.5026875218e+00  2.8523399166e+00  2.3316600617e+00 -2.2086502856e+00  2.1488689087e+00 -3.4726963378e-01  4.3188090810e-01  2.9856246066e+00 -1.7919570138e+00 -2.6269813937e-01  4.9957813184e+00 -1.5489776374e+00  1.2122803194e+00  5.1276525873e+00 -4.9326867086e-01  3.5146215083e-01  4.4659590249e+00 -1.1009068627e+00  1.1147539358e+00  2.2977906957e+00  9.9981376147e-01 -1.9499575953e+00  4.0751770112e+00  3.1420490510e+00 -3.7430591114e+00  2.9400506342e+00  2.3828932797e+00 -3.4842347843e-01 -6.9133536536e-01  6.1142000989e-01  8.8035633309e-01  5.7918949550e-01  3.4725005184e+00 -2.3433050611e+00  3.3332497245e-01 -1.7079690713e+00 -9.0001262486e-01  5.8703386004e+00 -2.5083150303e+00 -5.9081205076e-01  4.2489311966e+00 -2.1057105381e+00  1.8758368716e+00  4.4750117485e+00 -1.3048375991e+00  1.6064207582e+00  6.1093472410e+00  4.0915882045e-01  1.5126154185e-01  5.0317958780e+00
ENERGY -3.134707564677e+03

JOB 14
COORDS  1.8957577611e+00 -5.7139937858e-01  2.9697644073e-01  1.0136560086e+00  2.0088286878e-01  1.0456875591e+00  2.4791112641e+00 -1.7128243624e+00  8.5748931412e-01  6.9045863758e-01 -1.3370272131e-01  2.3729793485e+00  1.2883912072e+00 -1.2797791606e+00  2.9165408440e+00  2.1699161593e+00 -2.0665613655e+00  2.1698997091e+00 -2.8725512758e-01  7.6248635524e-01  3.0944512499e+00 -1.7651625732e+00 -2.1312892381e-01  4.9634222750e+00 -1.6935531481e+00  1.2740886757e+00  5.1960676699e+00 -5.2031785527e-01  5.7239646908e-01  4.5578826732e+00 -9.2104183120e-01  1.5871951314e+00  2.4435793412e+00  1.0148284279e+00 -1.6652737007e+00  4.1789986260e+00  2.9432072061e+00 -3.6233326452e+00  2.9550885139e+00  2.1352209160e+00 -2.9372197827e-01 -7.2522378440e-01  5.4316984405e-01  1.0842314851e+00  6.2676002442e-01  3.1670219669e+00 -2.3270302382e+00  2.8520570645e-01 -1.6638809414e+00 -8.9230209138e-01  5.8040482014e+00 -2.4052990025e+00 -5.6806512448e-01  4.1610098929e+00 -2.2839986390e+00  1.9160003222e+00  4.5514619142e+00 -1.5615617523e+00  1.6260103242e+00  6.2146093325e+00  3.6673913055e-01  4.3528006117e-01  5.1671563612e+00
ENERGY -3.134705947034e+03

JOB 15
COORDS  1.8862822846e+00 -8.2485978647e-01  2.6152177867e-01  1.0918941638e+00  2.5534379319e-02  1.0234481459e+00  2.4664805455e+00 -1.9559409316e+00  8.4585650994e-01  8.4896827485e-01 -2.2306075595e-01  2.3864900713e+00  1.4470442661e+00 -1.3569225980e+00  2.9552494110e+00  2.2435857452e+00 -2.2191833832e+00  2.1964658398e+00 -4.9495546828e-02  7.4537660069e-01  3.1187276687e+00 -1.6331167334e+00 -4.4553115379e-01  4.7792437248e+00 -1.7264488583e+00  1.0375731802e+00  5.0626222226e+00 -4.3737423637e-01  4.6273063938e-01  4.5393661139e+00 -5.1799824859e-01  1.6966083113e+00  2.5037181418e+00  1.2723506990e+00 -1.6460995726e+00  4.2599109512e+00  3.0232040600e+00 -3.7531846533e+00  3.0191786861e+00  2.0593865231e+00 -6.1633037864e-01 -7.9009061982e-01  6.2995221101e-01  9.0579108908e-01  5.8891332969e-01  3.0873446815e+00 -2.6295865070e+00  2.6383604992e-01 -1.5692208882e+00 -1.1451782133e+00  5.6067400030e+00 -2.1536544941e+00 -8.2337312946e-01  3.9034886037e+00 -2.3046001831e+00  1.6503217994e+00  4.3793480384e+00 -1.7443542517e+00  1.3583872159e+00  6.0997491347e+00  3.8921150441e-01  3.8943854474e-01  5.2396648082e+00
ENERGY -3.134703942327e+03

JOB 16
COORDS  1.7133935118e+00 -8.6738802578e-01  2.7926418017e-01  1.0207393652e+00  4.6979812779e-02  1.0672884418e+00  2.2855703497e+00 -2.0042924087e+00  8.5997180010e-01  8.6926750058e-01 -1.4974163107e-01  2.4509514232e+00  1.4599649266e+00 -1.2889693364e+00  3.0148006267e+00  2.1595517122e+00 -2.2116570128e+00  2.2332906074e+00  7.1419352735e-02  8.7274177133e-01  3.2217524828e+00 -1.5911765952e+00 -4.8536778100e-01  4.6901005972e+00 -1.8336220327e+00  9.8493854844e-01  4.9722451985e+00 -4.5785108611e-01  5.1416737497e-01  4.5839281136e+00 -2.0748789167e-01  1.9368808515e+00  2.6842096087e+00  1.3837692770e+00 -1.5094455231e+00  4.3420222292e+00  2.9435398422e+00 -3.7447770919e+00  3.0535844284e+00  1.8130020628e+00 -7.0382339624e-01 -7.8970479060e-01  5.7231259550e-01  9.3625453135e-01  6.3665986796e-01  2.8290990256e+00 -2.7251062467e+00  2.5749891726e-01 -1.5669012109e+00 -1.1887818017e+00  5.5166226728e+00 -1.9901277069e+00 -8.9012686692e-01  3.7635970386e+00 -2.3859924346e+00  1.5605506180e+00  4.2366001711e+00 -1.9909294909e+00  1.2901418228e+00  6.0022597534e+00  2.9424069098e-01  5.0180659386e-01  5.3683489743e+00
ENERGY -3.134702066972e+03

JOB 17
COORDS  1.6604469738e+00 -8.8354535472e-01  3.8989426464e-01  1.0275364122e+00  7.5534609922e-02  1.1761911752e+00  2.2039789458e+00 -2.0290971552e+00  9.8086249130e-01  9.0542181062e-01 -9.0653923781e-02  2.5658918969e+00  1.4677845926e+00 -1.2378167229e+00  3.1404637843e+00  2.1113200457e+00 -2.2022526556e+00  2.3621812425e+00  1.7445107058e-01  9.7162551483e-01  3.3451466090e+00 -1.5058795438e+00 -4.9874418894e-01  4.7168688818e+00 -1.9267673305e+00  9.5149519074e-01  4.8688601421e+00 -4.7572275268e-01  6.0285431292e-01  4.6548388169e+00  5.9645261147e-02  2.0918180654e+00  2.8664174720e+00  1.4247109401e+00 -1.4142898109e+00  4.4754650507e+00  2.8684866251e+00 -3.7414155248e+00  3.1959247374e+00  1.7362888744e+00 -7.4756257197e-01 -6.8486840033e-01  6.0601987395e-01  9.7439931721e-01  7.3793436555e-01  2.7024614086e+00 -2.7828840601e+00  3.7980816547e-01 -1.5078454925e+00 -1.1454851280e+00  5.5887630404e+00 -1.7639629731e+00 -9.9810630737e-01  3.7863545830e+00 -2.4553815772e+00  1.4184744574e+00  4.0436150883e+00 -2.2228404297e+00  1.3036409041e+00  5.8522732212e+00  1.8203820553e-01  7.2382624916e-01  5.5128028828e+00
ENERGY -3.134700515358e+03

JOB 18
COORDS  1.7193837051e+00 -7.8148903745e-01  5.1045881083e-01  1.0825761164e+00  1.8328846770e-01  1.2875479056e+00  2.2964635979e+00 -1.9022051242e+00  1.1167772112e+00  9.8747688411e-01  4.1440895926e-02  2.6814368769e+00  1.5833033201e+00 -1.0794156740e+00  3.2721270564e+00  2.2341016990e+00 -2.0462790811e+00  2.5035675825e+00  2.6220628891e-01  1.1070367250e+00  3.4591264655e+00 -1.3443996515e+00 -4.9693336493e-01  4.7983803682e+00 -1.9841909436e+00  8.7543297872e-01  4.7389128588e+00 -4.7762295943e-01  7.3323712390e-01  4.7191117368e+00  2.4193018972e-01  2.2522582103e+00  3.0295291160e+00  1.5692121869e+00 -1.2187130069e+00  4.6119602077e+00  3.0458822324e+00 -3.5459628357e+00  3.3571879401e+00  1.7737625484e+00 -6.6804435166e-01 -5.6821102139e-01  6.3943749646e-01  1.0657427127e+00  8.3703704782e-01  2.7999561873e+00 -2.6585158956e+00  5.2313256538e-01 -1.3623531650e+00 -1.0478574009e+00  5.7335141752e+00 -1.4186389785e+00 -1.1192015087e+00  3.9102790554e+00 -2.4725012241e+00  1.1712314893e+00  3.8151437707e+00 -2.4393977377e+00  1.2797168017e+00  5.6377492113e+00  4.3918185999e-02  1.0417972238e+00  5.6224393794e+00
ENERGY -3.134699638526e+03

JOB 19
COORDS  1.7228086116e+00 -6.9847690589e-01  5.9107394753e-01  1.0976311751e+00  2.6491283879e-01  1.3802447131e+00  2.3212689678e+00 -1.8137308982e+00  1.1861627258e+00  1.0338175482e+00  1.2247250163e-01  2.7751366310e+00  1.6511465543e+00 -9.9171211615e-01  3.3545966712e+00  2.2926819485e+00 -1.9552293329e+00  2.5745668232e+00  3.3463255054e-01  1.1899871856e+00  3.5742370869e+00 -1.2253258858e+00 -5.0351581685e-01  4.8844451608e+00 -2.0052759425e+00  7.5944442656e-01  4.6030634601e+00 -4.9529650898e-01  8.1060990690e-01  4.7713972639e+00  4.1724323574e-01  2.3562679862e+00  3.2135341127e+00  1.6673782559e+00 -1.1235419371e+00  4.6952806129e+00  3.1391564579e+00 -3.4439393775e+00  3.4135823530e+00  1.7529487465e+00 -5.8648593892e-01 -4.8867892690e-01  6.4302976913e-01  1.1451993203e+00  9.3665657907e-01  2.8170735391e+00 -2.5672116645e+00  5.8257684203e-01 -1.2958778896e+00 -9.5711308803e-01  5.8680594940e+00 -1.1213736949e+00 -1.2145898077e+00  4.0697965566e+00 -2.4034748017e+00  8.9916118549e-01  3.6022033831e+00 -2.6094528443e+00  1.1964203971e+00  5.3919987550e+00 -1.3499305769e-01  1.2659752921e+00  5.6903763199e+00
ENERGY -3.134699564238e+03

JOB 20
COORDS  2.1539538511e+00 -4.1452739869e-01  9.1681276717e-01  1.3549741031e+00  4.6545608211e-01  1.6453907975e+00  2.9188869569e+00 -1.3807128366e+00  1.5777702462e+00  1.2818199399e+00  3.7874060369e-01  3.0437322430e+00  2.0644301442e+00 -5.8348682313e-01  3.6887546879e+00  2.8813125612e+00 -1.4585030380e+00  2.9710829252e+00  4.0743521035e-01  1.3571970633e+00  3.7849478160e+00 -9.0871134687e-01 -5.6910607305e-01  5.0567755647e+00 -1.8958670374e+00  3.9124964722e-01  4.4491512733e+00 -5.0855127614e-01  8.7474809366e-01  4.8689744974e+00  4.2733508921e-01  2.5376892228e+00  3.4624618479e+00  2.0645858487e+00 -6.4417005206e-01  5.0352323440e+00  3.9507002126e+00 -2.7350132402e+00  3.9004163217e+00  2.1920261940e+00 -3.4994031030e-01 -1.6657110255e-01  7.7257663996e-01  1.2347577060e+00  1.1477874880e+00  3.5510397392e+00 -2.0654039130e+00  1.0215714811e+00 -1.0666229139e+00 -9.0846241512e-01  6.0756549289e+00 -4.7145400972e-01 -1.3137762573e+00  4.3994716015e+00 -2.0944705520e+00  3.0730522431e-01  3.3844633324e+00 -2.7376857527e+00  7.4079168926e-01  5.0385011780e+00 -4.7296049374e-01  1.5026806806e+00  5.7544667914e+00
ENERGY -3.134700229820e+03

JOB 21
COORDS  1.9931748607e+00 -4.6685915729e-01  8.7630288657e-01  1.2730697520e+00  4.4091042948e-01  1.6530678690e+00  2.7500818857e+00 -1.4707707212e+00  1.4877542263e+00  1.2721667471e+00  3.4327872242e-01  3.0514437252e+00  2.0447923491e+00 -6.5609272083e-01  3.6472280221e+00  2.7835000442e+00 -1.5584659229e+00  2.8807528088e+00  4.9601695619e-01  1.3571824279e+00  3.8570037170e+00 -9.0622493192e-01 -5.4317639741e-01  5.0850809790e+00 -1.8290564661e+00  3.2781325556e-01  4.2851114287e+00 -5.2258892521e-01  9.0185310399e-01  4.8481573190e+00  6.7512649325e-01  2.5489031988e+00  3.6438834697e+00  2.1079141094e+00 -7.2752808964e-01  4.9928683489e+00  3.8447632926e+00 -2.8870696152e+00  3.7434470240e+00  1.9762889270e+00 -3.9314946481e-01 -2.0702993176e-01  7.0190245891e-01  1.2396311737e+00  1.1895171342e+00  3.3217590113e+00 -2.1763106656e+00  8.9350756610e-01 -1.1871042635e+00 -8.0626781891e-01  6.1000347743e+00 -3.6340907117e-01 -1.3182356487e+00  4.5560120727e+00 -1.8762499713e+00  1.6234700374e-01  3.2125732740e+00 -2.7497276377e+00  6.9186477998e-01  4.7298463585e+00 -6.2678678191e-01  1.5886572610e+00  5.6823577836e+00
ENERGY -3.134701237938e+03

JOB 22
COORDS  1.6948972516e+00 -5.5253777355e-01  7.9270559891e-01  1.1063838191e+00  3.8685643844e-01  1.6408893176e+00  2.4215586023e+00 -1.6227110476e+00  1.3226143747e+00  1.2141112422e+00  2.5770344345e-01  3.0315290971e+00  1.9504414616e+00 -8.0973070562e-01  3.5445823356e+00  2.5565407432e+00 -1.7467232375e+00  2.7066394470e+00  5.9353469909e-01  1.3073156155e+00  3.9290610523e+00 -9.8284193277e-01 -4.9008038610e-01  5.0885573882e+00 -1.7933825559e+00  3.2347791714e-01  4.1298328475e+00 -5.5427454119e-01  9.3843045028e-01  4.7983861494e+00  1.0072995182e+00  2.4571398402e+00  3.8749261347e+00  2.0975528000e+00 -9.2108384647e-01  4.8823019886e+00  3.5729301046e+00 -3.1738699992e+00  3.4588589372e+00  1.5980217808e+00 -4.5161698189e-01 -2.8423306974e-01  5.6033330368e-01  1.2332813195e+00  1.2346471455e+00  2.8902462494e+00 -2.3533142088e+00  6.7134527761e-01 -1.3784780517e+00 -6.7106005829e-01  6.0829454575e+00 -3.8618881683e-01 -1.3012365274e+00  4.6888601468e+00 -1.7174503929e+00  8.2535152704e-02  3.0738123700e+00 -2.7534783134e+00  7.2297847900e-01  4.4404826560e+00 -7.4296815684e-01  1.6778065669e+00  5.5702313521e+00
ENERGY -3.134702067341e+03

JOB 23
COORDS  2.4690208715e+00 -1.1374709109e+00  3.4464440934e-01  1.1406219823e+00 -7.7986593750e-01  5.8219209085e-01  3.3948039370e+00 -1.1489363108e+00  1.3919482121e+00  7.2169469303e-01 -4.1205978532e-01  1.8668094386e+00  1.6541663338e+00 -4.3651945983e-01  2.9018416447e+00  2.9827289608e+00 -8.0176514929e-01  2.6796453475e+00 -7.3583308280e-01 -6.7244057993e-02  2.1096553025e+00 -4.5162919768e-01  2.4274644819e+00  1.4023093624e+00 -2.0441293441e-01  2.4119701537e+00  2.8755677588e+00 -1.1237496094e+00  1.3557100115e+00  2.2723881978e+00 -1.5700948131e+00 -9.6087302349e-01  2.0861565569e+00  1.2520858161e+00 -1.1489738276e-01  4.1514942617e+00  4.2138018366e+00 -8.3581160904e-01  4.1353205005e+00  2.7878176205e+00 -1.4152336394e+00 -6.5565897752e-01  4.1513924681e-01 -7.8713690630e-01 -2.2624970287e-01  4.4279008129e+00 -1.4316923367e+00  1.2180199094e+00 -1.1097641812e+00  3.1801919744e+00  9.8000827216e-01  3.5413090138e-01  2.1041658749e+00  7.5115721321e-01  7.6978311358e-01  2.1003834250e+00  3.2321542777e+00 -6.9428018519e-01  3.1559221254e+00  3.4957043888e+00 -2.1896404985e+00  1.4734604675e+00  2.4400760428e+00
ENERGY -3.134702260696e+03

