JOB 0
COORDS -4.5323810487e+00  3.4817711612e+00 -2.5801498970e+00 -4.1503329474e+00  2.9083655507e+00 -4.6137675840e+00 -2.9218135418e+00  2.1310512534e+00 -2.8442635961e+00 -7.6262841737e-01 -6.4748164288e-01 -1.9228298167e+00 -2.5352028945e-01  4.7165772385e-01 -9.9836620757e-01 -1.4926624512e+00  1.1673919673e-01 -3.0349530764e+00 -1.3939156022e+00  1.5017377804e+00 -1.0090078406e+00 -4.8644533590e+00  3.8089067459e+00 -3.8277241085e+00 -3.2207084801e+00  3.3297616640e+00 -2.2809409975e+00 -3.3857923242e+00  1.9146058178e+00 -4.1519866315e+00 -2.0183331825e+00  1.2942437047e+00 -2.3256203503e+00 -5.2134195600e+00  3.7848662583e+00 -1.7737506297e+00 -4.2765003811e+00  2.9816570087e+00 -5.6921902775e+00  3.7790290776e-02 -1.2806362146e+00 -2.3136356230e+00 -1.4699167827e+00 -1.2889657027e+00 -1.3856733202e+00 -2.0763540060e-02  1.2560485196e-01  1.1726089052e-02  6.5409241199e-01  9.1874553652e-01 -1.4181177160e+00 -8.0930363390e-01  4.3452990063e-01 -3.8321830246e+00 -2.3045258512e+00 -4.4651101693e-01 -3.4968266866e+00 -2.1293589761e+00  1.3132132602e+00 -2.1720175294e-01 -1.0472508343e+00  2.5309986043e+00 -9.0222824411e-01
ENERGY -4.917936913183e+02

JOB 1
COORDS -4.5266287169e+00  3.5414537801e+00 -2.5401556941e+00 -4.1698928443e+00  2.8635919526e+00 -4.5957321524e+00 -2.9194740337e+00  2.1195996550e+00 -2.8516876095e+00 -7.4475426907e-01 -6.5321085608e-01 -1.9402091481e+00 -2.5510686168e-01  4.5682928027e-01 -9.9485648000e-01 -1.4706857450e+00  1.2035996253e-01 -3.0487574971e+00 -1.4049651859e+00  1.4763209325e+00 -1.0035854876e+00 -4.8673280605e+00  3.7456685489e+00 -3.8216377325e+00 -3.2562991763e+00  3.2684297810e+00 -2.1995783312e+00 -3.3631981094e+00  1.9022915560e+00 -4.1410327682e+00 -2.0090615988e+00  1.2856572408e+00 -2.3314685711e+00 -5.1646378239e+00  4.0021208754e+00 -1.7789824587e+00 -4.3159596233e+00  2.9219174461e+00 -5.6731447880e+00  6.4352453737e-02 -1.2750349616e+00 -2.3314069564e+00 -1.4524641275e+00 -1.3073087950e+00 -1.4190094874e+00 -3.0023936798e-02  9.8272659701e-02  1.2656462333e-02  6.5288782767e-01  9.1801711484e-01 -1.3983609287e+00 -7.8316212761e-01  4.4989854771e-01 -3.8379994413e+00 -2.2747766808e+00 -4.4387716137e-01 -3.5235575998e+00 -2.1481004228e+00  1.2686151052e+00 -2.2379966963e-01 -1.0691349664e+00  2.5066920077e+00 -8.7437219238e-01
ENERGY -4.918273013924e+02

JOB 2
COORDS -4.5152357712e+00  3.6243721770e+00 -2.5470697979e+00 -4.1978913114e+00  2.8255674138e+00 -4.5869047805e+00 -2.9291492481e+00  2.1138889528e+00 -2.8472266701e+00 -7.2619934649e-01 -6.4490557389e-01 -1.9539967859e+00 -2.6095068111e-01  4.5676456746e-01 -9.8682166812e-01 -1.4531712855e+00  1.3523612785e-01 -3.0574500855e+00 -1.4248228519e+00  1.4600080340e+00 -9.9197742134e-01 -4.8766488951e+00  3.7260953363e+00 -3.8361410426e+00 -3.3093304119e+00  3.2147101044e+00 -2.1425978646e+00 -3.3554463679e+00  1.8987031650e+00 -4.1321847187e+00 -2.0090672995e+00  1.2852551209e+00 -2.3303854212e+00 -5.1106086589e+00  4.1951022034e+00 -1.8306637079e+00 -4.3827768030e+00  2.8371241950e+00 -5.6604007194e+00  9.4909824060e-02 -1.2496238514e+00 -2.3470416589e+00 -1.4294432423e+00 -1.3165504550e+00 -1.4493526712e+00 -4.1397747614e-02  8.5415891917e-02  1.7292421594e-02  6.4474604261e-01  9.3651635494e-01 -1.3735518321e+00 -7.6383490807e-01  4.8116921436e-01 -3.8381913564e+00 -2.2475726045e+00 -4.3206072595e-01 -3.5452149963e+00 -2.1738417010e+00  1.2285582568e+00 -2.2465871107e-01 -1.1058356805e+00  2.4929391680e+00 -8.4055902892e-01
ENERGY -4.918499892085e+02

JOB 3
COORDS -4.4453229767e+00  3.7093817922e+00 -2.5416045165e+00 -4.1912288228e+00  2.8093004312e+00 -4.5657823641e+00 -2.9120403209e+00  2.1050901671e+00 -2.8367409603e+00 -6.9606160632e-01 -6.5962236437e-01 -1.9774732869e+00 -2.4795219304e-01  4.2924830811e-01 -9.8805359489e-01 -1.4322488802e+00  1.3081775218e-01 -3.0681501264e+00 -1.4267710884e+00  1.4137942010e+00 -9.7707170570e-01 -4.8308579497e+00  3.7381598597e+00 -3.8281189349e+00 -3.3228914285e+00  3.1596701224e+00 -2.0813259823e+00 -3.3247600071e+00  1.9023995133e+00 -4.1211555972e+00 -1.9908916976e+00  1.2703333520e+00 -2.3270873942e+00 -4.9842869799e+00  4.3668712156e+00 -1.8579425131e+00 -4.4228779479e+00  2.7817022453e+00 -5.6302159428e+00  1.3415800801e-01 -1.2451251973e+00 -2.3803861531e+00 -1.3901721868e+00 -1.3509136355e+00 -1.4869705374e+00 -2.4465722385e-02  4.1735121409e-02  9.0862485384e-03  6.5078427987e-01  9.3026592515e-01 -1.3640776168e+00 -7.4903970012e-01  4.8787545576e-01 -3.8490676471e+00 -2.2261617436e+00 -4.3548651264e-01 -3.5586148235e+00 -2.1800361258e+00  1.1463646780e+00 -2.2554959018e-01 -1.1282038224e+00  2.4472178693e+00 -7.9105675278e-01
ENERGY -4.918641704673e+02

JOB 4
COORDS -4.4042104357e+00  3.7670470610e+00 -2.5576153187e+00 -4.2190170313e+00  2.7712000635e+00 -4.5537341437e+00 -2.9229977047e+00  2.0892351057e+00 -2.8315255336e+00 -6.7402435189e-01 -6.5757451308e-01 -1.9910866006e+00 -2.5210976098e-01  4.2423456690e-01 -9.8258007974e-01 -1.4161631252e+00  1.3572580718e-01 -3.0758763681e+00 -1.4486400350e+00  1.3867531735e+00 -9.6662106045e-01 -4.8245610365e+00  3.7308323666e+00 -3.8329035200e+00 -3.3760530402e+00  3.0998570028e+00 -2.0420072072e+00 -3.3206398524e+00  1.8932267665e+00 -4.1182456944e+00 -1.9948984673e+00  1.2585768186e+00 -2.3251045927e+00 -4.8874003480e+00  4.4944846459e+00 -1.9050282193e+00 -4.5010674294e+00  2.6962673881e+00 -5.6038272932e+00  1.6906420984e-01 -1.2228719122e+00 -2.3961588467e+00 -1.3594398187e+00 -1.3677545071e+00 -1.5155885338e+00 -2.9053500171e-02  2.5958079478e-02  1.0420989211e-02  6.4017065874e-01  9.4673036187e-01 -1.3445544181e+00 -7.3410996689e-01  5.1072737430e-01 -3.8492512229e+00 -2.1997828774e+00 -4.3561780676e-01 -3.5773597459e+00 -2.2041165354e+00  1.0914031947e+00 -2.2791619741e-01 -1.1727017029e+00  2.4224933944e+00 -7.5882137627e-01
ENERGY -4.918719278268e+02

JOB 5
COORDS -4.3467124892e+00  3.8093093681e+00 -2.5713501816e+00 -4.2431990404e+00  2.7327411465e+00 -4.5348730394e+00 -2.9293483038e+00  2.0670146142e+00 -2.8210990629e+00 -6.4320594840e-01 -6.5819007120e-01 -2.0036926246e+00 -2.4773093164e-01  4.1665508106e-01 -9.7700248587e-01 -1.3960614414e+00  1.3593330274e-01 -3.0808558604e+00 -1.4648195016e+00  1.3522481255e+00 -9.5270690662e-01 -4.8095129779e+00  3.7256727069e+00 -3.8295357728e+00 -3.4275546983e+00  3.0341254282e+00 -2.0050875611e+00 -3.3153961684e+00  1.8804622050e+00 -4.1116156526e+00 -1.9933350401e+00  1.2417882842e+00 -2.3193434009e+00 -4.7683662063e+00  4.5965351422e+00 -1.9464628231e+00 -4.5779562178e+00  2.6121877539e+00 -5.5651086679e+00  2.1279397570e-01 -1.2007961246e+00 -2.4127002288e+00 -1.3164238699e+00 -1.3886623013e+00 -1.5417182261e+00 -2.0494249744e-02  7.9476744010e-03  1.0811642220e-02  6.3455245878e-01  9.6358889481e-01 -1.3272622394e+00 -7.1867670692e-01  5.2912928634e-01 -3.8490436383e+00 -2.1704796947e+00 -4.4139870916e-01 -3.5901867607e+00 -2.2200441621e+00  1.0233731237e+00 -2.2800473785e-01 -1.2162127677e+00  2.3897946765e+00 -7.2024038555e-01
ENERGY -4.918744485410e+02

JOB 6
COORDS -4.2760081548e+00  3.8519913585e+00 -2.6010617081e+00 -4.2636187017e+00  2.7072589832e+00 -4.5248868070e+00 -2.9329003387e+00  2.0539220449e+00 -2.8184969784e+00 -6.1859690953e-01 -6.5195715885e-01 -2.0140820458e+00 -2.5095387669e-01  4.1451426549e-01 -9.6828797563e-01 -1.3736370807e+00  1.4485724477e-01 -3.0879191692e+00 -1.4845775054e+00  1.3277995553e+00 -9.4296751645e-01 -4.7906161582e+00  3.7344634842e+00 -3.8360730673e+00 -3.4805588645e+00  2.9807271495e+00 -1.9872555728e+00 -3.3079547302e+00  1.8790552438e+00 -4.1148932204e+00 -1.9926514453e+00  1.2333434111e+00 -2.3183400989e+00 -4.6282159336e+00  4.6930599061e+00 -2.0035126120e+00 -4.6497262782e+00  2.5430806766e+00 -5.5307751515e+00  2.5014325527e-01 -1.1749449970e+00 -2.4217932805e+00 -1.2842952701e+00 -1.3995428205e+00 -1.5689133609e+00 -2.6229453508e-02 -4.7745106127e-03  1.5662910607e-02  6.2494761797e-01  9.8163839020e-01 -1.3020991920e+00 -6.9508553998e-01  5.5628511189e-01 -3.8452086993e+00 -2.1363425458e+00 -4.3592992944e-01 -3.6110827942e+00 -2.2422295819e+00  9.7144719941e-01 -2.3405680669e-01 -1.2598169699e+00  2.3659305523e+00 -6.8910043370e-01
ENERGY -4.918720931635e+02

JOB 7
COORDS -4.2073366133e+00  3.8815052104e+00 -2.6345519938e+00 -4.2964050068e+00  2.6814816545e+00 -4.5123501430e+00 -2.9424153559e+00  2.0432671455e+00 -2.8160560603e+00 -5.9909853416e-01 -6.4011123490e-01 -2.0213568041e+00 -2.6026892454e-01  4.1844117327e-01 -9.5769499173e-01 -1.3561568632e+00  1.5787549122e-01 -3.0931373549e+00 -1.5105332106e+00  1.3084336277e+00 -9.3317220373e-01 -4.7860816234e+00  3.7410025170e+00 -3.8382674601e+00 -3.5451006664e+00  2.9298848366e+00 -1.9780425300e+00 -3.3109845260e+00  1.8788465336e+00 -4.1189803575e+00 -1.9970009433e+00  1.2297414856e+00 -2.3172160905e+00 -4.4805678251e+00  4.7704405309e+00 -2.0641881184e+00 -4.7333205727e+00  2.4759975266e+00 -5.4892355193e+00  2.8251459406e-01 -1.1432525478e+00 -2.4264204728e+00 -1.2566547764e+00 -1.4043809276e+00 -1.5927555772e+00 -3.7952162010e-02 -1.0377435214e-02  2.2688932786e-02  6.0853680830e-01  1.0055628099e+00 -1.2751078451e+00 -6.7667221697e-01  5.8677020859e-01 -3.8395011090e+00 -2.1069526992e+00 -4.2660373417e-01 -3.6294224247e+00 -2.2702875027e+00  9.2429683497e-01 -2.4133871389e-01 -1.3109150576e+00  2.3464970287e+00 -6.5831250238e-01
ENERGY -4.918644782766e+02

JOB 8
COORDS -4.1373848722e+00  3.8995843159e+00 -2.6617693184e+00 -4.3394017441e+00  2.6623363740e+00 -4.4865876672e+00 -2.9522893902e+00  2.0385011139e+00 -2.8050595502e+00 -5.8426449317e-01 -6.2602889112e-01 -2.0262197680e+00 -2.7138028466e-01  4.2148881186e-01 -9.4352014416e-01 -1.3421836105e+00  1.7623704006e-01 -3.0945193168e+00 -1.5358170184e+00  1.2907713428e+00 -9.1827161348e-01 -4.7964940600e+00  3.7508511052e+00 -3.8215206347e+00 -3.6144956786e+00  2.8834798248e+00 -1.9682415957e+00 -3.3225257891e+00  1.8855632990e+00 -4.1158203291e+00 -2.0011189125e+00  1.2320173737e+00 -2.3105181236e+00 -4.3158240479e+00  4.8306383363e+00 -2.1189389223e+00 -4.8252786733e+00  2.4199031226e+00 -5.4309597060e+00  3.0864209121e-01 -1.1104081558e+00 -2.4294264712e+00 -1.2346779066e+00 -1.4059272855e+00 -1.6152827016e+00 -5.1745481798e-02 -1.8820979244e-02  3.2355020727e-02  5.9102049238e-01  1.0267703630e+00 -1.2438758243e+00 -6.6169498578e-01  6.2178427549e-01 -3.8297503009e+00 -2.0830351596e+00 -4.0899200819e-01 -3.6437142474e+00 -2.2978330873e+00  8.7926104198e-01 -2.4503312114e-01 -1.3592455703e+00  2.3268460406e+00 -6.2060960253e-01
ENERGY -4.918504161043e+02

JOB 9
COORDS -4.0569655480e+00  3.9012826983e+00 -2.6986260953e+00 -4.3848615983e+00  2.6444723915e+00 -4.4676234764e+00 -2.9651956586e+00  2.0301271099e+00 -2.8052556103e+00 -5.7106585677e-01 -6.1124099822e-01 -2.0359268699e+00 -2.8598990850e-01  4.2543113631e-01 -9.3495895739e-01 -1.3257928017e+00  1.9534854518e-01 -3.1030155771e+00 -1.5627595095e+00  1.2766727885e+00 -9.1358953137e-01 -4.8068834226e+00  3.7586909295e+00 -3.8019931085e+00 -3.6907275591e+00  2.8318668714e+00 -1.9729170769e+00 -3.3393286740e+00  1.8881356574e+00 -4.1253806812e+00 -2.0100879304e+00  1.2309861443e+00 -2.3123502559e+00 -4.1125218655e+00  4.8659837868e+00 -2.1838964013e+00 -4.9179213086e+00  2.3752030797e+00 -5.3780863835e+00  3.3331276412e-01 -1.0783333370e+00 -2.4339566604e+00 -1.2162369949e+00 -1.4050194491e+00 -1.6437655142e+00 -7.3353472078e-02 -2.6125381371e-02  3.7300878231e-02  5.7213247491e-01  1.0462395815e+00 -1.2151560897e+00 -6.4119148223e-01  6.6164415283e-01 -3.8211188203e+00 -2.0516601618e+00 -3.9038898077e-01 -3.6711366509e+00 -2.3265771238e+00  8.4504930006e-01 -2.5554299054e-01 -1.4061740684e+00  2.3116131522e+00 -6.0057225270e-01
ENERGY -4.918278063042e+02

JOB 10
COORDS -4.0015487101e+00  3.8827405325e+00 -2.7537286669e+00 -4.4307103816e+00  2.6284700821e+00 -4.4437040044e+00 -2.9592718294e+00  2.0386714672e+00 -2.7915700848e+00 -5.5850616772e-01 -5.9882377215e-01 -2.0392099146e+00 -2.9500473273e-01  4.2298761744e-01 -9.1877113139e-01 -1.3052625074e+00  2.1763819262e-01 -3.1048508689e+00 -1.5794792741e+00  1.2618504376e+00 -9.0082415226e-01 -4.8546908029e+00  3.7712591494e+00 -3.7700649708e+00 -3.7607180584e+00  2.7890043004e+00 -1.9921240579e+00 -3.3531833317e+00  1.9026470943e+00 -4.1320805734e+00 -1.9997259450e+00  1.2444910555e+00 -2.3086965727e+00 -3.8876497968e+00  4.8707928822e+00 -2.2882067503e+00 -4.9862535750e+00  2.3422884004e+00 -5.3346027798e+00  3.5438790382e-01 -1.0534724804e+00 -2.4321396550e+00 -1.2025399287e+00 -1.4030059133e+00 -1.6670024513e+00 -9.0929668040e-02 -4.2164673715e-02  4.8855936492e-02  5.6102294923e-01  1.0554692069e+00 -1.1784979066e+00 -6.1513360793e-01  6.9472718665e-01 -3.8098201457e+00 -2.0252598173e+00 -3.6185472723e-01 -3.6862643779e+00 -2.3510430697e+00  8.0586237130e-01 -2.6874381085e-01 -1.4417195237e+00  2.2912617919e+00 -5.6151097487e-01
ENERGY -4.917942315385e+02

