JOB 0
COORDS  2.0604335565e+00 -1.0193202758e+00 -7.2446955142e-02  3.0592694515e+00 -1.0653258657e+00  8.7078528218e+00  3.3307904916e+00 -1.2206988772e+00  7.3515393405e+00  1.9297092937e+00  1.8968376725e-01  6.1298835973e-01  2.0128992470e+00 -2.2323905833e+00  6.1561468927e-01  1.7231401381e+00 -9.8012282250e-01  9.1176701240e+00  9.5809610076e-01 -1.1983746892e+00  6.9723852629e+00  2.2584931082e+00 -1.2715386320e+00  6.4511375525e+00  1.7328074147e+00 -1.0344651172e+00  2.7245623610e+00  1.7769219340e+00  1.6862652252e-01  1.9980796848e+00  1.8325974571e+00 -2.2361845716e+00  1.9996431481e+00  2.5659803009e+00 -1.4413583593e+00  4.9947825625e+00  6.8368655432e-01 -1.0545180861e+00  8.2752999577e+00  1.5697011785e+00 -1.0221061275e+00  4.1273026565e+00  3.6187882570e+00 -1.9291847526e+00  4.6036974648e+00  1.6343473102e+00  1.6899894541e+00  2.8613907702e+00  1.6851790640e+00 -3.7668340246e+00  2.8220072881e+00  2.1929051939e+00 -1.0158946643e+00 -1.1503390827e+00  3.8596842479e+00 -1.0130544343e+00  9.4402124854e+00  4.3444219644e+00 -1.3052808432e+00  6.9713183076e+00  1.9587851852e+00  1.1384871482e+00  8.7904377071e-02  2.0964799518e+00 -3.1760210121e+00  8.6996701638e-02  1.4768219415e+00 -8.5352719053e-01  1.0170777532e+01  8.9601606579e-02 -1.2937729456e+00  6.3216423396e+00  8.3969945509e-01 -4.2649141264e-01  4.4967337137e+00
ENERGY -1.567276716102e+03

JOB 1
COORDS  2.0142592863e+00 -1.0201497229e+00 -6.1391960882e-02  3.0526223715e+00 -1.0983886762e+00  8.7113203494e+00  3.3266417474e+00 -1.2311269780e+00  7.3532523270e+00  1.8834961362e+00  1.9185292832e-01  6.1841187624e-01  1.9744767375e+00 -2.2286727972e+00  6.3531275887e-01  1.7150680129e+00 -1.0281322164e+00  9.1203594647e+00  9.5240466278e-01 -1.2217257001e+00  6.9717067512e+00  2.2545259340e+00 -1.2781865900e+00  6.4520731350e+00  1.7005087782e+00 -1.0203845960e+00  2.7392117851e+00  1.7378846806e+00  1.7757798252e-01  2.0041101754e+00  1.8016299619e+00 -2.2254585280e+00  2.0198742064e+00  2.5553589607e+00 -1.4223372105e+00  4.9938327739e+00  6.7637605106e-01 -1.0970508778e+00  8.2764841831e+00  1.5308364569e+00 -1.0090389695e+00  4.1413530507e+00  3.6169549999e+00 -1.8707617199e+00  4.5843460049e+00  1.5943761996e+00  1.7069205936e+00  2.8583367304e+00  1.6680157738e+00 -3.7527810071e+00  2.8524801814e+00  2.1405987347e+00 -1.0227139420e+00 -1.1399443824e+00  3.8515845435e+00 -1.0508489301e+00  9.4455736952e+00  4.3414226184e+00 -1.3004858781e+00  6.9728179346e+00  1.9067672460e+00  1.1380956659e+00  8.8440262073e-02  2.0587269706e+00 -3.1755044156e+00  1.1253882769e-01  1.4672178271e+00 -9.1803422124e-01  1.0175001509e+01  8.9457287483e-02 -1.3134339717e+00  6.3141054304e+00  9.4230406522e-01 -2.6310947492e-01  4.4945463005e+00
ENERGY -1.567276928423e+03

JOB 2
COORDS  1.9993494683e+00 -1.0782040405e+00 -6.2701437703e-02  3.0378230419e+00 -1.1458902086e+00  8.7179734503e+00  3.3313199397e+00 -1.2143709288e+00  7.3594006153e+00  1.8854832889e+00  1.5764196447e-01  5.7535222264e-01  1.9549358104e+00 -2.2606635820e+00  6.7764192579e-01  1.6935634256e+00 -1.1249799357e+00  9.1112595567e+00  9.6071053374e-01 -1.2467205553e+00  6.9468481066e+00  2.2707530183e+00 -1.2514977639e+00  6.4436566119e+00  1.7054195191e+00 -9.7499001267e-01  2.7407377568e+00  1.7495912827e+00  1.9408517636e-01  1.9616742591e+00  1.7937058104e+00 -2.2046032835e+00  2.0617788160e+00  2.5824178354e+00 -1.3296872357e+00  4.9856266007e+00  6.6656641732e-01 -1.1822074966e+00  8.2521438930e+00  1.5316785722e+00 -9.2218627681e-01  4.1427006379e+00  3.6671484107e+00 -1.6985813654e+00  4.5623712505e+00  1.6262782556e+00  1.7572485755e+00  2.7599567461e+00  1.6651123717e+00 -3.7006841759e+00  2.9530664378e+00  2.1169354286e+00 -1.1201610624e+00 -1.1413617375e+00  3.8259982307e+00 -1.1095950235e+00  9.4644148555e+00  4.3522368345e+00 -1.2412393045e+00  6.9899842883e+00  1.9136943606e+00  1.0844790662e+00  1.2346849058e-02  2.0281447306e+00 -3.2266803194e+00  1.8936183239e-01  1.4306343655e+00 -1.0651496723e+00  1.0166355627e+01  1.1269249202e-01 -1.3278206683e+00  6.2697801229e+00  1.0727097857e+00 -7.1118923568e-02  4.4536311654e+00
ENERGY -1.567275482860e+03

JOB 3
COORDS  1.9514894345e+00 -1.1572558051e+00 -4.7890112482e-02  3.0194661528e+00 -1.2363354065e+00  8.7285170768e+00  3.3374667166e+00 -1.2179882927e+00  7.3741777406e+00  1.8563384698e+00  1.0915223460e-01  5.2996583095e-01  1.9168850685e+00 -2.3000846665e+00  7.5341274757e-01  1.6680897693e+00 -1.2627510793e+00  9.0974825343e+00  9.7304605622e-01 -1.2680168455e+00  6.9174649943e+00  2.2920455855e+00 -1.2213352098e+00  6.4396615523e+00  1.7093475838e+00 -9.1107620031e-01  2.7546322794e+00  1.7461463970e+00  2.1542239503e-01  1.9150789858e+00  1.7829550047e+00 -2.1726350410e+00  2.1350276702e+00  2.6210289064e+00 -1.2061055837e+00  4.9866096318e+00  6.5620458345e-01 -1.2853308506e+00  8.2189514936e+00  1.5444544257e+00 -7.9545881760e-01  4.1546567094e+00  3.7289504969e+00 -1.4783926114e+00  4.5549234546e+00  1.6457704770e+00  1.8196016153e+00  2.6343953493e+00  1.6779090533e+00 -3.6209828244e+00  3.1081995192e+00  2.0478101322e+00 -1.2542321087e+00 -1.1250601575e+00  3.7935847344e+00 -1.2298558738e+00  9.4903484593e+00  4.3648582439e+00 -1.2018565136e+00  7.0224167115e+00  1.8784801867e+00  1.0067157836e+00 -7.8927783079e-02  1.9781513413e+00 -3.2901990734e+00  3.1420537010e-01  1.3866695160e+00 -1.2707755865e+00  1.0149524924e+01  1.4201414911e-01 -1.3180230922e+00  6.2176215503e+00  1.2107731616e+00  1.3172793586e-01  4.4084640124e+00
ENERGY -1.567272556585e+03

JOB 4
COORDS  1.9006122834e+00 -1.2513286739e+00 -1.7682857441e-02  3.0006189275e+00 -1.3606637838e+00  8.7232914628e+00  3.3446788284e+00 -1.2254012931e+00  7.3823874875e+00  1.8273832200e+00  5.0090926874e-02  4.7969593918e-01  1.8732151042e+00 -2.3394064552e+00  8.5726982635e-01  1.6428187002e+00 -1.4466842506e+00  9.0592786178e+00  9.8986177589e-01 -1.2889250808e+00  6.8717641194e+00  2.3172584604e+00 -1.1772353611e+00  6.4284641651e+00  1.7157725846e+00 -8.2114980067e-01  2.7695367111e+00  1.7454391648e+00  2.4725761527e-01  1.8568626779e+00  1.7683079841e+00 -2.1200491019e+00  2.2291335503e+00  2.6674338905e+00 -1.0382892754e+00  4.9903011217e+00  6.4867520192e-01 -1.4182568321e+00  8.1607848056e+00  1.5697182308e+00 -6.2163441006e-01  4.1624221626e+00  3.7968644598e+00 -1.1981902589e+00  4.5624839498e+00  1.6730969935e+00  1.8966640978e+00  2.4715358204e+00  1.6780053058e+00 -3.5007221779e+00  3.3011989553e+00  1.9744881855e+00 -1.4184896138e+00 -1.0879432044e+00  3.7588111018e+00 -1.3984867339e+00  9.5000629460e+00  4.3781560000e+00 -1.1564460510e+00  7.0556935026e+00  1.8448387918e+00  9.0634457937e-01 -1.8622273062e-01  1.9185334716e+00 -3.3566678844e+00  4.8284840157e-01  1.3413341131e+00 -1.5467514884e+00  1.0101048966e+01  1.7732351389e-01 -1.2934568747e+00  6.1496679516e+00  1.3514242462e+00  3.5670450180e-01  4.3469806500e+00
ENERGY -1.567268741860e+03

JOB 5
COORDS  1.8440336095e+00 -1.3534916556e+00  3.5843208098e-02  2.9728365410e+00 -1.5136382301e+00  8.6977690927e+00  3.3486913548e+00 -1.2462766549e+00  7.3857835411e+00  1.7826852807e+00 -1.9001075799e-02  4.3802761796e-01  1.8468798207e+00 -2.3726807909e+00  9.9064562114e-01  1.6076545297e+00 -1.6404393882e+00  8.9885118498e+00  1.0067745095e+00 -1.2728103110e+00  6.8112924212e+00  2.3444226754e+00 -1.1135477911e+00  6.4147165783e+00  1.7381241938e+00 -7.1513943964e-01  2.7909337081e+00  1.7398430189e+00  2.8101538585e-01  1.7982427756e+00  1.7820068559e+00 -2.0499297465e+00  2.3439571431e+00  2.7252791009e+00 -8.3416449849e-01  5.0077815087e+00  6.3530246749e-01 -1.5285655179e+00  8.0726357166e+00  1.6176147983e+00 -4.1428681568e-01  4.1673384121e+00  3.8736692274e+00 -8.7102749627e-01  4.6075623811e+00  1.6821872862e+00  1.9726820991e+00  2.2876557631e+00  1.7357427950e+00 -3.3469265861e+00  3.5214860552e+00  1.8862440232e+00 -1.5998885883e+00 -1.0206565491e+00  3.7115734043e+00 -1.6223279264e+00  9.4864989786e+00  4.3893423878e+00 -1.1384263946e+00  7.0943652348e+00  1.7790632332e+00  7.8550676109e-01 -2.8981841027e-01  1.8851717467e+00 -3.4153613526e+00  6.9313379900e-01  1.2814540853e+00 -1.8443717979e+00  1.0007478105e+01  2.1452051064e-01 -1.2048144189e+00  6.0708988745e+00  1.5043092514e+00  5.9461893061e-01  4.2703662881e+00
ENERGY -1.567264837213e+03

JOB 6
COORDS  9.7656904024e-01 -2.0318715629e+00  1.3782939107e+00  2.2125978199e+00 -2.2619401838e+00  7.7455120902e+00  3.1306161794e+00 -1.5262473042e+00  7.0027395418e+00  6.5338874789e-01 -6.8148779054e-01  1.5191986280e+00  2.0789129352e+00 -2.5564352033e+00  2.0541416808e+00  8.4896654432e-01 -2.1002396251e+00  7.4708874207e+00  1.2658265813e+00 -5.7695316171e-01  5.8154377252e+00  2.6534299531e+00 -6.7312968749e-01  5.9987816668e+00  2.5418378461e+00 -3.7356527841e-01  3.0653705521e+00  1.4268645340e+00  1.1817492506e-01  2.3554587702e+00  2.8576468329e+00 -1.7340433145e+00  2.8667904652e+00  3.6316049491e+00  1.5788533512e-01  5.2332879616e+00  3.7260519638e-01 -1.2663623704e+00  6.5361479855e+00  3.3460957610e+00  4.6527252113e-01  3.8582336037e+00  4.6776082785e+00  5.3067710757e-01  5.7300750010e+00  9.7485259448e-01  1.8085045016e+00  2.5574055144e+00  4.2788447731e+00 -2.4189161906e+00  3.6270919908e+00  3.7569075692e-01 -2.6706372199e+00  7.3849091954e-01  2.5359107850e+00 -2.9465345286e+00  8.5242358846e+00  4.2001771114e+00 -1.6011569419e+00  7.1743019039e+00 -1.9719524796e-01 -2.5171294870e-01  1.0007731993e+00  2.3538971738e+00 -3.5998431142e+00  1.9413203230e+00  1.0480418034e-01 -2.6637362320e+00  8.0318681230e+00  8.4942002476e-01  1.0145034268e-01  5.0750783437e+00  3.0868045530e+00  1.4422863091e+00  3.7446190008e+00
ENERGY -1.567264191463e+03

JOB 7
COORDS  9.4641320172e-01 -1.9888005418e+00  1.3819615545e+00  2.2368047848e+00 -2.2710236557e+00  7.7818661421e+00  3.1299438981e+00 -1.4934805604e+00  7.0514274199e+00  6.7785393148e-01 -6.2441214010e-01  1.5022985951e+00  2.0116071556e+00 -2.5546380892e+00  2.0836390737e+00  8.7427658411e-01 -2.1904203846e+00  7.4691974260e+00  1.2471426678e+00 -6.6599172148e-01  5.8038718310e+00  2.6326429562e+00 -6.8353440795e-01  6.0221833383e+00  2.5428784997e+00 -3.8336234506e-01  3.0827957553e+00  1.4661935481e+00  1.5185965788e-01  2.3472439223e+00  2.8088279113e+00 -1.7567296780e+00  2.9030811205e+00  3.5834611317e+00  1.9700639146e-01  5.2767833774e+00  3.7590662018e-01 -1.3960729789e+00  6.5118013336e+00  3.3602507041e+00  4.2652587797e-01  3.8916166544e+00  4.5669996513e+00  6.7379295072e-01  5.8182425906e+00  1.0853352281e+00  1.8600960278e+00  2.5267357385e+00  4.1865511191e+00 -2.4894733664e+00  3.6957173505e+00  3.3101724445e-01 -2.6079868122e+00  7.3662219113e-01  2.5779363098e+00 -2.9248981194e+00  8.5792110309e+00  4.1968409095e+00 -1.5030975587e+00  7.2531174065e+00 -1.4327682436e-01 -1.6540273551e-01  9.6196463942e-01  2.2434181361e+00 -3.6098788403e+00  1.9851961858e+00  1.4852560282e-01 -2.7880589395e+00  8.0188271876e+00  8.1293086743e-01 -1.9236899310e-02  5.0457823172e+00  3.2707167249e+00  1.4166955621e+00  3.6811158200e+00
ENERGY -1.567268436562e+03

JOB 8
COORDS  9.1771828020e-01 -1.9571902181e+00  1.3634170439e+00  2.2706350227e+00 -2.2489956069e+00  7.8134574635e+00  3.1356204115e+00 -1.4380633140e+00  7.0853510515e+00  6.9051170704e-01 -5.8383480696e-01  1.4669652705e+00  1.9533898192e+00 -2.5535627378e+00  2.0836840031e+00  9.1295866858e-01 -2.2534683358e+00  7.4710634715e+00  1.2373418578e+00 -7.4418712903e-01  5.7815071248e+00  2.6166796948e+00 -6.8097022754e-01  6.0271855188e+00  2.5360751049e+00 -3.9284143063e-01  3.0735662506e+00  1.4902745424e+00  1.7415343449e-01  2.3184773930e+00  2.7641424995e+00 -1.7743401348e+00  2.9083557948e+00  3.5373350330e+00  2.3409464816e-01  5.2841854373e+00  3.9274587583e-01 -1.5076350540e+00  6.4868825512e+00  3.3561684126e+00  3.9848807786e-01  3.8988880691e+00  4.4621772264e+00  8.0105372107e-01  5.8483718693e+00  1.1668808045e+00  1.8935010221e+00  2.4792457737e+00  4.1059381971e+00 -2.5424533939e+00  3.7259562219e+00  2.9161089016e-01 -2.5616669064e+00  7.1434320680e-01  2.6300616612e+00 -2.8644796348e+00  8.6330089107e+00  4.1961715008e+00 -1.3811993189e+00  7.3113769201e+00 -1.0727451982e-01 -1.0413245759e-01  9.0990317128e-01  2.1514456038e+00 -3.6165644728e+00  1.9960382753e+00  2.0991950652e-01 -2.8796312830e+00  8.0184946481e+00  7.8374888736e-01 -1.3715098913e-01  5.0023519003e+00  3.4445438018e+00  1.3662933310e+00  3.6044945926e+00
ENERGY -1.567272235818e+03

JOB 9
COORDS  8.9168587447e-01 -1.9300516072e+00  1.3297132053e+00  2.2901572754e+00 -2.2206291635e+00  7.8484770305e+00  3.1285165343e+00 -1.3840498036e+00  7.1179290905e+00  6.9494111778e-01 -5.5124587474e-01  1.4231615552e+00  1.8998418146e+00 -2.5487048774e+00  2.0698011629e+00  9.4038827418e-01 -2.2962820952e+00  7.4844126712e+00  1.2228050472e+00 -8.0422924638e-01  5.7718584387e+00  2.5937964894e+00 -6.7338653803e-01  6.0360146364e+00  2.5147518487e+00 -3.9836251992e-01  3.0607608680e+00  1.4967886679e+00  1.9219703681e-01  2.2861060565e+00  2.7146199487e+00 -1.7848736629e+00  2.9053881206e+00  3.4886615587e+00  2.6238964739e-01  5.2861127246e+00  4.0291970055e-01 -1.5939010466e+00  6.4779764023e+00  3.3258282577e+00  3.8196057723e-01  3.9059840052e+00  4.3670666462e+00  8.9939839161e-01  5.8548942660e+00  1.2142412981e+00  1.9172917860e+00  2.4339055361e+00  4.0217512016e+00 -2.5811346139e+00  3.7498278052e+00  2.6226628384e-01 -2.5224096394e+00  6.7260444130e-01  2.6641466050e+00 -2.8019481998e+00  8.6863041588e+00  4.1809622958e+00 -1.2724865660e+00  7.3608717782e+00 -8.1273172826e-02 -5.5774573983e-02  8.4969525963e-01  2.0730497221e+00 -3.6165977147e+00  1.9899002474e+00  2.5827070174e-01 -2.9445586152e+00  8.0325933622e+00  7.5380156729e-01 -2.3281800671e-01  4.9750661737e+00  3.5960828047e+00  1.2948024406e+00  3.5533035395e+00
ENERGY -1.567274997857e+03

JOB 10
COORDS  8.8421259535e-01 -1.9454574979e+00  1.3086657504e+00  2.2822834542e+00 -2.1873803002e+00  7.8367415102e+00  3.1156255147e+00 -1.3503571650e+00  7.1005734920e+00  6.6337716688e-01 -5.7053063706e-01  1.4060980345e+00  1.9053312024e+00 -2.5508886075e+00  2.0418393060e+00  9.3104297446e-01 -2.2690555734e+00  7.4798506448e+00  1.2014163384e+00 -7.7996816462e-01  5.7623931420e+00  2.5731775418e+00 -6.4501332171e-01  6.0195024494e+00  2.4865876742e+00 -3.9317664960e-01  3.0346757285e+00  1.4564025704e+00  1.8511193161e-01  2.2673511009e+00  2.7100761937e+00 -1.7752670839e+00  2.8767937481e+00  3.4644317420e+00  2.8517028308e-01  5.2572296685e+00  3.8717952868e-01 -1.5709465996e+00  6.4738561139e+00  3.2756881921e+00  4.0342888102e-01  3.8886641012e+00  4.3341198546e+00  9.4351673229e-01  5.8182455511e+00  1.1485859428e+00  1.9025888771e+00  2.4209866457e+00  4.0318554037e+00 -2.5502929544e+00  3.7171256170e+00  2.6160252500e-01 -2.5465578983e+00  6.5284459500e-01  2.6619182606e+00 -2.7648710642e+00  8.6746752878e+00  4.1686422915e+00 -1.2344962807e+00  7.3390706530e+00 -1.2400965752e-01 -8.7799401169e-02  8.3705154827e-01  2.0949339232e+00 -3.6156493499e+00  1.9579136391e+00  2.5359844650e-01 -2.9177278633e+00  8.0333875834e+00  7.2730959902e-01 -2.1101069171e-01  4.9666895001e+00  3.7290050671e+00  1.2188764250e+00  3.4879816016e+00
ENERGY -1.567276309510e+03

JOB 11
COORDS  1.0696076882e+00 -9.2252719358e-02  1.4738142913e+00  2.2639447443e+00 -1.4067213367e-01  7.9422608573e+00  3.0424629721e+00 -1.0329143657e+00  7.2103466067e+00  2.1830406108e+00  3.2854358678e-01  2.2017648486e+00  6.2017322451e-01 -1.4106290287e+00  1.5646639927e+00  9.1643361627e-01  1.0563041725e-02  7.5945451723e+00  1.0880975093e+00 -1.5148813329e+00  5.8964896796e+00  2.4523861875e+00 -1.7230035825e+00  6.1449553444e+00  2.3991311065e+00 -1.9060255634e+00  3.1739760727e+00  2.8484242526e+00 -5.7897439918e-01  3.0266985303e+00  1.2821091559e+00 -2.2980296229e+00  2.4118565452e+00  3.2853384703e+00 -2.7050866923e+00  5.3814581729e+00  3.2547072459e-01 -6.6987547187e-01  6.6029208426e+00  3.0411028484e+00 -2.8380963644e+00  4.0240596661e+00  4.1258171667e+00 -3.4065242100e+00  5.9348183043e+00  4.2822270844e+00 -4.4007696475e-02  3.8715064704e+00  6.9219191633e-01 -3.9385925775e+00  2.5526949263e+00  5.5203365480e-01  6.1007072947e-01  8.2714867005e-01  2.6824527532e+00  4.2619887259e-01  8.7688692403e+00  4.0896741265e+00 -1.2034879886e+00  7.4413936968e+00  2.5475954993e+00  1.3472372621e+00  2.1237089438e+00 -2.4188263781e-01 -1.7481738145e+00  9.9929645305e-01  2.8090362290e-01  7.0368630801e-01  8.1438997598e+00  5.7631907866e-01 -2.0710110533e+00  5.1152470191e+00  3.6187173121e+00 -3.5504428284e+00  3.5862791693e+00
ENERGY -1.567276321385e+03

JOB 12
COORDS  1.0366348127e+00 -1.2930636368e-01  1.4336800415e+00  2.2877205463e+00 -1.9834608111e-01  8.0062371030e+00  3.0356464491e+00 -1.1087865860e+00  7.2656044986e+00  2.0975496921e+00  3.3725169778e-01  2.2104953392e+00  6.5806759544e-01 -1.4718563868e+00  1.4874876157e+00  9.6525888209e-01  4.9891061704e-02  7.6197614236e+00  1.1041874038e+00 -1.4175167132e+00  5.8680309500e+00  2.4435517516e+00 -1.7191323118e+00  6.1531088998e+00  2.3992682981e+00 -1.8964194551e+00  3.1604131254e+00  2.7831959120e+00 -5.4544092259e-01  3.0454764221e+00  1.3336753660e+00 -2.3335052885e+00  2.3492645927e+00  3.2405462376e+00 -2.7281263322e+00  5.3870851647e+00  3.6994601587e-01 -5.5427419716e-01  6.5825504056e+00  3.0646551022e+00 -2.7994841240e+00  4.0133761042e+00  4.0239559615e+00 -3.4872594669e+00  5.9479470903e+00  4.1599461887e+00  5.3208805922e-02  3.9401122160e+00  8.2808905513e-01 -4.0076594609e+00  2.4472099011e+00  5.0659650253e-01  5.5474063301e-01  7.7779563233e-01  2.7100938783e+00  3.0935265358e-01  8.8685725627e+00  4.0613295522e+00 -1.3537251657e+00  7.5246148228e+00  2.4099298869e+00  1.3748773137e+00  2.1605624079e+00 -1.6148979289e-01 -1.8476480414e+00  8.8421264012e-01  3.5388444269e-01  7.5991144759e-01  8.1749038194e+00  5.8734126027e-01 -1.9074632540e+00  5.0468724624e+00  3.4349972036e+00 -3.6521389508e+00  3.6048763031e+00
ENERGY -1.567276318820e+03

JOB 13
COORDS  1.0433706765e+00 -1.4793191169e-01  1.4617223151e+00  2.3186684884e+00 -1.3981813335e-01  8.0121896160e+00  3.0752050352e+00 -1.0504450193e+00  7.2808747435e+00  2.0970574981e+00  3.4025983074e-01  2.2351888101e+00  6.9279685784e-01 -1.4977719146e+00  1.5214924709e+00  9.9414751546e-01  9.2693078403e-02  7.6226716126e+00  1.1476151557e+00 -1.3884645948e+00  5.8844443913e+00  2.4893398660e+00 -1.6762610709e+00  6.1733451328e+00  2.4471154311e+00 -1.8837435053e+00  3.1918576078e+00  2.8030648277e+00 -5.2541576058e-01  3.0704509970e+00  1.3875813833e+00 -2.3423034457e+00  2.3842654689e+00  3.2914415967e+00 -2.6913782020e+00  5.4216922307e+00  4.0478159345e-01 -5.2603625602e-01  6.5907096238e+00  3.1473888637e+00 -2.7656003625e+00  4.0363042714e+00  4.0807333645e+00 -3.4330560635e+00  5.9942481752e+00  4.1711606008e+00  1.0396275865e-01  3.9580904938e+00  9.1210259350e-01 -4.0276958694e+00  2.4891656563e+00  4.9850682902e-01  5.2332675345e-01  8.0492425949e-01  2.7359520744e+00  3.8006831624e-01  8.8697127226e+00  4.1030483063e+00 -1.2831964883e+00  7.5425502609e+00  2.3894474418e+00  1.3835412740e+00  2.1818062485e+00 -1.2051400603e-01 -1.8926195060e+00  9.2192374128e-01  3.7605028047e-01  8.0231046512e-01  8.1708021982e+00  6.3610549255e-01 -1.8887082569e+00  5.0662356971e+00  3.3225339802e+00 -3.6959443845e+00  3.6695835886e+00
ENERGY -1.567274997841e+03

JOB 14
COORDS  1.0715157028e+00 -1.2449029421e-01  1.4966193440e+00  2.3031340416e+00 -1.0875125152e-01  7.9773269651e+00  3.0889385989e+00 -9.9692482761e-01  7.2495842656e+00  2.1505634254e+00  3.3889128064e-01  2.2502732079e+00  6.9100834001e-01 -1.4657033198e+00  1.5660015830e+00  9.6237111771e-01  5.3469410823e-02  7.6077655487e+00  1.1551637715e+00 -1.4499996774e+00  5.8930523759e+00  2.5131010577e+00 -1.6711460521e+00  6.1651303041e+00  2.4674753722e+00 -1.8918628853e+00  3.2050015249e+00  2.8511048891e+00 -5.4146975712e-01  3.0741674141e+00  1.3824031619e+00 -2.3242349092e+00  2.4169640498e+00  3.3430052313e+00 -2.6686957492e+00  5.4213792778e+00  3.8486633674e-01 -6.1084259651e-01  6.5974759934e+00  3.1759631177e+00 -2.7852957536e+00  4.0294769460e+00  4.1862603642e+00 -3.3458804726e+00  5.9918393913e+00  4.2511744681e+00  5.6564425140e-02  3.9350000942e+00  8.6665237409e-01 -3.9995976160e+00  2.5341675382e+00  5.3108486347e-01  5.5829187828e-01  8.4820387682e-01  2.7101345511e+00  4.4709463264e-01  8.8170045827e+00  4.1312862057e+00 -1.1758746434e+00  7.4957110587e+00  2.4672968507e+00  1.3746865767e+00  2.1895222591e+00 -1.4240057128e-01 -1.8427737813e+00  9.8278371957e-01  3.2103031380e-01  7.4347212533e-01  8.1542127186e+00  6.5463563748e-01 -1.9877362063e+00  5.0920309899e+00  3.1629855042e+00 -3.7510994930e+00  3.7161386077e+00
ENERGY -1.567272235829e+03

JOB 15
COORDS  1.1030462503e+00 -9.6591854054e-02  1.5165583678e+00  2.2724849577e+00 -8.2627126976e-02  7.9454065524e+00  3.0902773381e+00 -9.4063664493e-01  7.2168071256e+00  2.2085740618e+00  3.3344182598e-01  2.2514340414e+00  6.8198424875e-01 -1.4245730116e+00  1.6021629155e+00  9.1681129547e-01 -4.8633818145e-03  7.6035646214e+00  1.1559518230e+00 -1.5291903071e+00  5.9137869622e+00  2.5295662501e+00 -1.6702942520e+00  6.1604690743e+00  2.4729943969e+00 -1.9022129892e+00  3.2142258670e+00  2.8937555692e+00 -5.6388693545e-01  3.0693750934e+00  1.3601983782e+00 -2.2998730757e+00  2.4458994286e+00  3.3933892934e+00 -2.6368160171e+00  5.4157100257e+00  3.5522788976e-01 -7.2031925516e-01  6.6193395570e+00  3.1771269119e+00 -2.8134552806e+00  4.0217163162e+00  4.3054858900e+00 -3.2305342832e+00  5.9665668673e+00  4.3263182446e+00 -4.6020319622e-03  3.9049927190e+00  7.8802499392e-01 -3.9580930936e+00  2.5810086291e+00  5.7478491573e-01  5.9956469283e-01  8.7245289042e-01  2.6659376561e+00  5.1380615325e-01  8.7634151404e+00  4.1468207812e+00 -1.0537269413e+00  7.4403436947e+00  2.5582962333e+00  1.3579412337e+00  2.1803318020e+00 -1.7278625629e-01 -1.7787638942e+00  1.0357496923e+00  2.4962660019e-01  6.5926038505e-01  8.1510923657e+00  6.6992941377e-01 -2.1089128715e+00  5.1332503270e+00  2.9828969648e+00 -3.7832525995e+00  3.7882218028e+00
ENERGY -1.567268436764e+03

JOB 16
COORDS  1.1379343184e+00 -5.7134183568e-02  1.5141845905e+00  2.2484732074e+00 -8.8274986794e-02  7.9086444706e+00  3.0956310113e+00 -9.0726392231e-01  7.1688521993e+00  2.2762542027e+00  3.2834322763e-01  2.2232168953e+00  6.6374468965e-01 -1.3655273786e+00  1.6194775747e+00  8.8183637277e-01 -9.1782837290e-02  7.6031172864e+00  1.1641612028e+00 -1.6199737929e+00  5.9239480767e+00  2.5493974053e+00 -1.6824905392e+00  6.1372997295e+00  2.4711683001e+00 -1.9114769251e+00  3.1964214126e+00  2.9404263104e+00 -5.9112211334e-01  3.0335285094e+00  1.3247042795e+00 -2.2622552455e+00  2.4537801696e+00  3.4462686794e+00 -2.6024443517e+00  5.3739514963e+00  3.3699753863e-01 -8.4931424644e-01  6.6411897035e+00  3.1593551397e+00 -2.8497235548e+00  3.9871173200e+00  4.4330064562e+00 -3.0989198882e+00  5.8836131980e+00  4.4114746581e+00 -8.3583862425e-02  3.8368481719e+00  6.8342547195e-01 -3.8952294829e+00  2.6102070683e+00  6.2618005800e-01  6.5672141359e-01  8.7626700718e-01  2.6281785549e+00  5.4097493249e-01  8.7083193485e+00  4.1627750602e+00 -9.5527031711e-01  7.3635406247e+00  2.6678320199e+00  1.3365687752e+00  2.1384037129e+00 -2.1745017471e-01 -1.6878304501e+00  1.0748857416e+00  1.9238196474e-01  5.4023010073e-01  8.1609854014e+00  6.9178697503e-01 -2.2334368077e+00  5.1608734393e+00  2.7958334175e+00 -3.7894026808e+00  3.8472963007e+00
ENERGY -1.567264191620e+03

JOB 17
COORDS  1.9547855944e+00 -8.0221425862e-01  1.7523960625e-01  2.8996466379e+00 -9.3411813467e-01  8.8595657998e+00  3.2728514368e+00 -1.2165735123e+00  7.5499907595e+00  2.0493977901e+00  1.9186754992e-01  1.1515861723e+00  1.7365533063e+00 -2.1289692200e+00  5.4737567067e-01  1.5507619687e+00 -6.6181062431e-01  9.1254463131e+00  9.6172808360e-01 -9.1869742405e-01  6.9291741550e+00  2.2820315230e+00 -1.2182048963e+00  6.5563010004e+00  1.7168283891e+00 -1.4772742973e+00  2.9132516208e+00  1.9187226586e+00 -1.4738585593e-01  2.4960783552e+00  1.6301286177e+00 -2.4483112559e+00  1.8996763927e+00  2.6609817149e+00 -1.5114054736e+00  5.1516586894e+00  5.9275082859e-01 -6.4734552497e-01  8.1879913683e+00  1.5327792203e+00 -1.7890853735e+00  4.2801384374e+00  3.8150710516e+00 -1.5951414778e+00  4.7756205125e+00  1.9903071666e+00  1.1239848527e+00  3.7000000767e+00  1.3739208131e+00 -4.1320329223e+00  2.3514011127e+00  2.0478048856e+00 -5.4193424743e-01 -8.7465981349e-01  3.6280391617e+00 -9.2332966668e-01  9.6651512638e+00  4.3013993004e+00 -1.4339597815e+00  7.2773280053e+00  2.2099363207e+00  1.2292645836e+00  8.7736606476e-01  1.6599068750e+00 -2.9139992123e+00 -1.9751187461e-01  1.2264497710e+00 -4.4231922447e-01  1.0141780077e+01  1.8359092726e-01 -8.8398164642e-01  6.1716964682e+00  1.3058526885e+00 -2.7808501069e+00  4.3591292687e+00
ENERGY -1.567264837283e+03

JOB 18
COORDS  2.0006410119e+00 -9.0883373593e-01  1.2047464420e-01  2.9095995429e+00 -1.0904704851e+00  8.8826390750e+00  3.2664279045e+00 -1.2376859155e+00  7.5463321049e+00  2.0739811816e+00  1.5854046272e-01  1.0179872539e+00  1.7728610169e+00 -2.2032614548e+00  5.8844365328e-01  1.5626424476e+00 -8.5918831870e-01  9.1926940708e+00  9.4565071729e-01 -9.0084481412e-01  6.9895972647e+00  2.2619147179e+00 -1.1520667196e+00  6.5708823601e+00  1.7065308063e+00 -1.3692786825e+00  2.8940218915e+00  1.9145457021e+00 -7.4384307028e-02  2.3823479565e+00  1.6386110334e+00 -2.4164945600e+00  1.9591228199e+00  2.6266963696e+00 -1.3014348453e+00  5.1374261294e+00  5.9202139804e-01 -7.5872575874e-01  8.2738961738e+00  1.5080479037e+00 -1.5775261893e+00  4.2791812451e+00  3.7761204618e+00 -1.2602642350e+00  4.7357762730e+00  1.9538059765e+00  1.2868888773e+00  3.4818821033e+00  1.3706500622e+00 -4.0592365187e+00  2.5362577177e+00  2.1166250447e+00 -7.3051420627e-01 -9.4423829409e-01  3.6495579851e+00 -1.1528261542e+00  9.6752549757e+00  4.2928550956e+00 -1.4157403205e+00  7.2392486615e+00  2.2399478280e+00  1.1715073430e+00  6.6666465842e-01  1.7105959564e+00 -3.0433085618e+00 -9.5199855539e-02  1.2507810460e+00 -7.4593662539e-01  1.0230047686e+01  1.5520797832e-01 -7.9145945470e-01  6.2514360968e+00  1.1784882906e+00 -2.5287664981e+00  4.4385427208e+00
ENERGY -1.567268741455e+03

JOB 19
COORDS  2.0260297126e+00 -1.0029249277e+00  8.9178733596e-02  2.9168702499e+00 -1.1973786292e+00  8.8846019106e+00  3.2592683242e+00 -1.2280730698e+00  7.5364683695e+00  2.1040799626e+00  1.2074605637e-01  9.1410954116e-01  1.7781803119e+00 -2.2615985950e+00  6.3794023991e-01  1.5685857228e+00 -1.0328119498e+00  9.2282724815e+00  9.2368056671e-01 -9.1826107604e-01  7.0358069527e+00  2.2398526079e+00 -1.0979622242e+00  6.5824438858e+00  1.7033404548e+00 -1.2748429903e+00  2.8810055114e+00  1.9298220827e+00 -1.7577082072e-02  2.2901977301e+00  1.6298108273e+00 -2.3819082786e+00  2.0182901467e+00  2.5958154281e+00 -1.1258759998e+00  5.1358593622e+00  5.8341497294e-01 -8.8821626983e-01  8.3311718198e+00  1.4991013180e+00 -1.3991531111e+00  4.2751300399e+00  3.7365157455e+00 -9.7181886160e-01  4.7317221475e+00  1.9680340155e+00  1.4145003310e+00  3.2919878028e+00  1.3358982594e+00 -3.9782294042e+00  2.7011717888e+00  2.1535800982e+00 -8.9649703182e-01 -9.8384372028e-01  3.6698620831e+00 -1.2986188720e+00  9.6607750277e+00  4.2861213277e+00 -1.3485311111e+00  7.2039254452e+00  2.2843391418e+00  1.1060605812e+00  4.9739788149e-01  1.7113709769e+00 -3.1438893705e+00  1.0286518441e-02  1.2677370747e+00 -1.0117709228e+00  1.0274747278e+01  1.1740528520e-01 -7.6813853077e-01  6.3214682557e+00  1.0559731457e+00 -2.2867974270e+00  4.5010762343e+00
ENERGY -1.567272556314e+03

JOB 20
COORDS  2.0795815059e+00 -1.0894480685e+00  7.4514746664e-02  2.9239311494e+00 -1.3061870562e+00  8.8726808778e+00  3.2525322538e+00 -1.2448491361e+00  7.5218544688e+00  2.1493619279e+00  7.6105041214e-02  8.3931143483e-01  1.8153676312e+00 -2.3168808903e+00  6.8359433685e-01  1.5772095747e+00 -1.1836739210e+00  9.2380051363e+00  9.0963647517e-01 -9.3896259099e-01  7.0630789485e+00  2.2229466382e+00 -1.0716393312e+00  6.5865509342e+00  1.7123491954e+00 -1.2128869684e+00  2.8690627319e+00  1.9515229083e+00  1.1757608089e-02  2.2183311963e+00  1.6448632539e+00 -2.3643373436e+00  2.0657851084e+00  2.5734418868e+00 -1.0010419394e+00  5.1370029790e+00  5.8179623198e-01 -9.9524850523e-01  8.3606702451e+00  1.5021454232e+00 -1.2724494508e+00  4.2657566373e+00  3.7012369644e+00 -7.4692071871e-01  4.7427685433e+00  1.9697038022e+00  1.4953908041e+00  3.1389512817e+00  1.3315528644e+00 -3.9191901395e+00  2.8273799897e+00  2.2255167572e+00 -1.0401855463e+00 -1.0003717198e+00  3.6864502640e+00 -1.4449494156e+00  9.6336354658e+00  4.2778550154e+00 -1.3254967305e+00  7.1730593115e+00  2.3400932418e+00  1.0372225667e+00  3.7365136345e-01  1.7538060659e+00 -3.2302654890e+00  1.0157437693e-01  1.2860117495e+00 -1.2336810576e+00  1.0286151337e+01  9.1088609642e-02 -7.5055165592e-01  6.3712362250e+00  9.4494718060e-01 -2.0729818846e+00  4.5490064864e+00
ENERGY -1.567275483045e+03

JOB 21
COORDS  2.0872971612e+00 -1.1487569838e+00  7.4187172032e-02  2.9328115449e+00 -1.3542258461e+00  8.8658381806e+00  3.2499962573e+00 -1.2268526672e+00  7.5166846657e+00  2.1665901403e+00  4.3064791352e-02  7.9582336049e-01  1.8075818060e+00 -2.3512568315e+00  7.2529041982e-01  1.5869108445e+00 -1.2830702727e+00  9.2463420321e+00  8.9837954657e-01 -9.6480915024e-01  7.0875171777e+00  2.2100177438e+00 -1.0436278789e+00  6.5954614013e+00  1.7135011633e+00 -1.1669651137e+00  2.8675803642e+00  1.9638050151e+00  3.2775737623e-02  2.1762906428e+00  1.6337667455e+00 -2.3473234555e+00  2.1078000915e+00  2.5574392377e+00 -9.0609934136e-01  5.1469664399e+00  5.8128368768e-01 -1.0829417316e+00  8.3835400510e+00  1.5125672201e+00 -1.1861718496e+00  4.2655001019e+00  3.6711006653e+00 -5.7095553728e-01  4.7685638266e+00  1.9820998100e+00  1.5494036838e+00  3.0384277406e+00  1.3022577192e+00 -3.8671549910e+00  2.9259783548e+00  2.2370107007e+00 -1.1397392538e+00 -1.0013372614e+00  3.7050238761e+00 -1.5043643951e+00  9.6147553242e+00  4.2744241932e+00 -1.2635491091e+00  7.1581862033e+00  2.3670712807e+00  9.8441063321e-01  2.9526926919e-01  1.7372593257e+00 -3.2839217034e+00  1.7576981122e-01  1.3049396811e+00 -1.3850433895e+00  1.0293200892e+01  6.5766942872e-02 -7.6514328632e-01  6.4148922828e+00  8.3720523656e-01 -1.8685427479e+00  4.5907395305e+00
ENERGY -1.567276928339e+03

JOB 22
COORDS  2.1162027650e+00 -1.1651482785e+00  7.2553803621e-02  2.9328991299e+00 -1.3738089782e+00  8.8698093396e+00  3.2474053194e+00 -1.2252049124e+00  7.5220688185e+00  2.1925400652e+00  3.4231975066e-02  7.8169815268e-01  1.8348658163e+00 -2.3622656516e+00  7.3316089777e-01  1.5869144203e+00 -1.3229154990e+00  9.2521062613e+00  8.9448368199e-01 -9.8716095518e-01  7.0974404000e+00  2.2058933503e+00 -1.0441579212e+00  6.6024320593e+00  1.7350177766e+00 -1.1574139736e+00  2.8623622343e+00  1.9854627487e+00  3.6834537451e-02  2.1619761007e+00  1.6568482951e+00 -2.3461383833e+00  2.1152927489e+00  2.5610137755e+00 -8.8358168589e-01  5.1557745117e+00  5.7907734037e-01 -1.1234343066e+00  8.3918620575e+00  1.5426644270e+00 -1.1733589592e+00  4.2611469635e+00  3.6699516550e+00 -5.1044187390e-01  4.7948995469e+00  1.9960653279e+00  1.5609125200e+00  3.0094392480e+00  1.3239124652e+00 -3.8547679083e+00  2.9480097566e+00  2.2696021412e+00 -1.1663284421e+00 -1.0025674286e+00  3.7077159024e+00 -1.5239611262e+00  9.6160510572e+00  4.2719547176e+00 -1.2431501869e+00  7.1627169246e+00  2.3936234486e+00  9.7048671479e-01  2.7196522317e-01  1.7667693604e+00 -3.2996404368e+00  1.9143900215e-01  1.3063753710e+00 -1.4407441598e+00  1.0297635197e+01  5.4767625846e-02 -7.8787695371e-01  6.4326317295e+00  7.4433095231e-01 -1.6896107344e+00  4.6080838094e+00
ENERGY -1.567276716295e+03

JOB 23
COORDS  2.0334201745e+00 -1.1002050594e+00 -1.0945867628e-01  2.9540800597e+00 -7.5206463545e-01  8.7048153004e+00  3.2543970907e+00 -6.3643689056e-01  7.3504372670e+00  2.4322117162e+00  4.1937416821e-02  5.8619592902e-01  1.4773157765e+00 -2.1876367174e+00  5.6670162110e-01  1.7478239160e+00 -1.3593711269e+00  9.0739196996e+00  1.1648334447e+00 -1.7267847379e+00  6.8923901506e+00  2.3325589046e+00 -1.1165812725e+00  6.4112999432e+00  1.7450107461e+00 -9.9505237399e-01  2.6874565151e+00  2.2725683949e+00  9.4105715791e-02  1.9719167096e+00  1.3461823665e+00 -2.1252852980e+00  1.9531966734e+00  2.6774150174e+00 -9.9999526262e-01  4.9567290320e+00  8.6707023669e-01 -1.8512162237e+00  8.1920438315e+00  1.5992905051e+00 -9.6653897703e-01  4.0939239753e+00  3.8362725808e+00 -9.1478364331e-01  4.5687221373e+00  2.7001813952e+00  1.5612177266e+00  2.8122987379e+00  6.6462512328e-01 -3.4962323414e+00  2.8075016455e+00  2.1509275494e+00 -1.1410451347e+00 -1.1883985141e+00  3.6361140295e+00 -3.8517926276e-01  9.4664027892e+00  4.1797830139e+00 -1.8922379360e-01  7.0001015193e+00  2.8506111506e+00  8.9560437976e-01  6.3654703215e-02  1.1595096159e+00 -3.0772287226e+00  3.3414903932e-02  1.4811142729e+00 -1.4621535201e+00  1.0124654391e+01  4.4407001697e-01 -2.1741552149e+00  6.2081459013e+00  6.6392858938e-01 -1.0412089671e+00  4.4710640344e+00
ENERGY -1.567275706659e+03

