JOB 0
COORDS -8.9654714714e-01 -2.3401406398e+00 -6.9307414122e-01  3.0536185585e-01 -2.2407871644e+00 -3.1646774163e-02  7.8876915087e-01 -1.1531616679e+00  8.8331137587e-01 -1.0542977889e+00 -3.4916371872e+00 -1.4238204984e+00 -5.2711234113e-02 -4.2914024059e+00 -1.3819233369e+00  2.8498784079e+00 -2.5623663400e-01  1.8453289235e+00  2.2458614570e+00 -1.0113175823e+00  7.9680993649e-01  1.2179960240e+00 -3.6468719292e+00 -3.8914082755e-01 -1.6967231190e+00 -1.6086453355e+00 -6.8225855735e-01  2.3309810221e-01 -2.2223727853e-01  6.7810024534e-01  5.5764281367e-01 -1.4404932305e+00  1.9161717435e+00  2.2523028133e+00  5.1919684498e-01  2.1463223976e+00  2.9802814640e+00 -8.7884592101e-01  2.6398706333e+00  2.5164211344e+00 -5.8604673459e-01 -8.6359030265e-02
ENERGY -7.350744043722e+02

JOB 1
COORDS -9.1559059654e-01 -2.4470277881e+00 -6.3742073488e-01  3.1124648992e-01 -2.2263783148e+00 -5.6174332568e-02  7.7274352651e-01 -1.0610840421e+00  7.7361822486e-01 -1.0308693149e+00 -3.6493856685e+00 -1.2904930337e+00  2.7894766905e-02 -4.3739526327e+00 -1.2633318378e+00  2.8546125205e+00 -3.8465478717e-01  1.8998852771e+00  2.2361107308e+00 -9.3901466105e-01  7.4204272324e-01  1.3014158007e+00 -3.5846734055e+00 -3.8882646973e-01 -1.7649768310e+00 -1.7732478034e+00 -6.2074312282e-01  2.3857828833e-01 -1.4816976956e-01  4.6574212030e-01  4.9119613147e-01 -1.2544993531e+00  1.8153107484e+00  2.2927977654e+00  3.6516211780e-01  2.3121019831e+00  2.9469131810e+00 -1.1273340503e+00  2.5893747555e+00  2.5483076136e+00 -4.0836149256e-01 -6.5823567726e-02
ENERGY -7.350725481792e+02

JOB 2
COORDS -9.4307892896e-01 -2.4712812833e+00 -5.3948270450e-01  3.1030386401e-01 -2.1555737823e+00 -6.8854809588e-02  7.7402509529e-01 -9.2897988070e-01  6.7072380312e-01 -1.0347799472e+00 -3.7030733193e+00 -1.1389898383e+00  6.6308940855e-02 -4.3628838915e+00 -1.1706760713e+00  2.8492783479e+00 -5.1552940780e-01  1.9525273007e+00  2.2436964908e+00 -8.5067278202e-01  7.0761331929e-01  1.3518339817e+00 -3.4665494170e+00 -4.3089615717e-01 -1.8293980329e+00 -1.8495532272e+00 -4.7743072733e-01  3.0719310241e-01 -3.5955212143e-02  2.3087768704e-01  4.1348943273e-01 -9.9329052746e-01  1.7038344402e+00  2.3006969203e+00  1.7443378785e-01  2.4720505755e+00  2.9062835563e+00 -1.3632884451e+00  2.5122719694e+00  2.6004628787e+00 -2.1022574003e-01  5.9901636132e-03
ENERGY -7.350708542991e+02

JOB 3
COORDS -9.3825565877e-01 -2.5188994680e+00 -4.1453793027e-01  3.3763611195e-01 -2.1020295123e+00 -1.1288443961e-01  8.0527358208e-01 -8.1917079792e-01  5.2514824528e-01 -1.0118273859e+00 -3.7617486384e+00 -9.9295990811e-01  1.2371449503e-01 -4.3384511440e+00 -1.1606627297e+00  2.7843975378e+00 -6.6654445311e-01  2.0027639630e+00  2.2710845883e+00 -7.9452711905e-01  6.7806728440e-01  1.4195930057e+00 -3.3401657512e+00 -5.9277186240e-01 -1.8548279726e+00 -1.9665034898e+00 -2.3886937456e-01  4.6562332668e-01  2.3987529492e-02 -9.0470399599e-02  3.2246779881e-01 -7.0476864107e-01  1.5037889377e+00  2.1864718374e+00 -7.2334059958e-02  2.5829504029e+00  2.8068326238e+00 -1.5935853022e+00  2.4225434371e+00  2.6761660535e+00 -4.2987313947e-02  1.3009034580e-01
ENERGY -7.350707041638e+02

JOB 4
COORDS -9.0785955760e-01 -2.5632211924e+00 -2.4339836127e-01  3.6868014863e-01 -2.0609690018e+00 -1.4111180123e-01  8.3521159789e-01 -7.3007748088e-01  3.8715560066e-01 -9.8717384831e-01 -3.8142560177e+00 -8.0340590777e-01  1.4390465175e-01 -4.3199787995e+00 -1.1392633825e+00  2.6691040291e+00 -7.9572022473e-01  2.0298457343e+00  2.2814759132e+00 -7.2780105779e-01  6.5570736250e-01  1.4453550176e+00 -3.2350398929e+00 -7.7095014974e-01 -1.8204184176e+00 -2.0696626891e+00  7.2233816809e-02  6.2243151897e-01  2.9806542079e-02 -3.7563086935e-01  2.4987352453e-01 -4.5468333478e-01  1.2765619623e+00  1.9842789050e+00 -3.2795667638e-01  2.6302019741e+00  2.6954131531e+00 -1.7772527761e+00  2.3000706267e+00  2.6993057449e+00  1.1948543247e-01  2.8422705690e-01
ENERGY -7.350726043407e+02

JOB 5
COORDS -8.5406106578e-01 -2.5570214976e+00 -1.0725902700e-01  4.0726018335e-01 -2.0100175310e+00 -1.4352358124e-01  8.6401826910e-01 -6.4378822679e-01  2.8943996755e-01 -9.4095293342e-01 -3.8300889957e+00 -6.1455860413e-01  1.7002824129e-01 -4.3131410581e+00 -1.0354937628e+00  2.5629206131e+00 -9.2236083781e-01  2.0296648234e+00  2.2837324836e+00 -6.4139439478e-01  6.5535558123e-01  1.4636080401e+00 -3.1730129756e+00 -8.2760830387e-01 -1.7494238371e+00 -2.0807729245e+00  2.7649356751e-01  7.4175217736e-01  4.3059348865e-02 -5.5784321622e-01  2.1159934362e-01 -2.7402471548e-01  1.0975181878e+00  1.8030954594e+00 -5.9276127089e-01  2.6323065592e+00  2.6199920793e+00 -1.9336425952e+00  2.1359641183e+00  2.6838904705e+00  2.7231719647e-01  4.6238986075e-01
ENERGY -7.350751492642e+02

JOB 6
COORDS -7.8031203134e-01 -2.5449102347e+00  1.0280632141e-02  4.5467743398e-01 -1.9646142369e+00 -1.5864330529e-01  8.9351986319e-01 -5.6930050027e-01  1.8531086636e-01 -8.7029176329e-01 -3.8413989314e+00 -4.3399145739e-01  2.1291539235e-01 -4.3131799050e+00 -9.2922761089e-01  2.4617774688e+00 -1.0352863084e+00  1.9960684340e+00  2.2766119858e+00 -5.4917662491e-01  6.6473648684e-01  1.4851264322e+00 -3.1271990866e+00 -8.8405699975e-01 -1.6532217890e+00 -2.0761950705e+00  4.5056368780e-01  8.5197814487e-01  5.3277660984e-02 -7.1715828809e-01  1.7696681850e-01 -1.4179166110e-01  9.0888182782e-01  1.6396339722e+00 -8.4125593780e-01  2.5760830783e+00  2.5683188210e+00 -2.0465802498e+00  1.9463565745e+00  2.6353728760e+00  4.0148213669e-01  6.4228179580e-01
ENERGY -7.350765409111e+02

JOB 7
COORDS -8.6104908193e-01 -2.3169542749e+00 -4.6170301090e-01  3.1609656129e-01 -1.9197969772e+00  1.3403925542e-01  6.0136254343e-01 -5.9897126283e-01  8.0795625279e-01 -8.3288401493e-01 -3.5658726469e+00 -1.0287224347e+00  2.8715563287e-01 -4.1794062275e+00 -9.1443838709e-01  2.8149390552e+00 -3.6000069297e-01 -5.7376133775e-02  1.5406787543e+00  2.7709764306e-01  9.9346522794e-02  1.4414215144e+00 -3.2015414702e+00 -5.6025552622e-02 -1.7771485002e+00 -1.7380935381e+00 -5.0595041468e-01 -3.3942670382e-01 -4.9728544251e-02  9.1671824079e-01  1.0055163382e+00 -7.6840661900e-01  1.8091579551e+00  2.9162832367e+00 -7.9494623911e-01 -9.7517318025e-01  3.5311849298e+00  3.5693958367e-01  3.5096550873e-02  1.1441742043e+00  5.3465889840e-01 -8.0513860992e-01
ENERGY -7.350769041385e+02

JOB 8
COORDS -8.4536074320e-01 -2.3415839935e+00 -4.4992365250e-01  3.3506242221e-01 -1.8958369572e+00  1.0355618076e-01  5.7314457980e-01 -5.6861192418e-01  7.8175890381e-01 -8.0146237578e-01 -3.6079603806e+00 -9.7575292741e-01  3.3785498849e-01 -4.1888263205e+00 -8.6242530131e-01  2.7872531454e+00 -4.2943275386e-01 -1.3669044246e-01  1.6005653157e+00  3.0404977882e-01  1.9053897665e-01  1.4858936108e+00 -3.1566200669e+00 -7.2718859275e-02 -1.7766982235e+00 -1.7871369201e+00 -4.8981784262e-01 -3.6288106658e-01 -2.3555564470e-03  7.9972963223e-01  8.5949814199e-01 -7.5470400699e-01  1.8222020625e+00  2.8146321995e+00 -6.9485989444e-01 -1.1211994270e+00  3.5854967902e+00  1.7186371541e-01  5.5006077863e-02  1.2134545475e+00  7.4353298218e-01 -6.4479759370e-01
ENERGY -7.350751808833e+02

JOB 9
COORDS -8.4819587093e-01 -2.3806302423e+00 -4.2875152936e-01  3.4380318277e-01 -1.8839679172e+00  5.1436639839e-02  5.4331998426e-01 -5.5069805200e-01  7.2815430512e-01 -7.9420921307e-01 -3.6627404577e+00 -9.1468691406e-01  3.6737048897e-01 -4.2059428304e+00 -8.3678255863e-01  2.7700179508e+00 -4.7023972614e-01 -2.1490676455e-01  1.6665507727e+00  2.9750514191e-01  2.7547280448e-01  1.5213482032e+00 -3.1173266821e+00 -1.4418086396e-01 -1.7961674783e+00 -1.8537507585e+00 -4.4100525977e-01 -3.7392944559e-01  3.8219123206e-02  6.3766829138e-01  6.8766077407e-01 -7.4715674462e-01  1.7976792105e+00  2.7557668339e+00 -5.6131630321e-01 -1.2306098372e+00  3.6271904815e+00  6.4769342005e-03  5.5524833912e-02  1.3229834827e+00  9.1810956122e-01 -4.5640955725e-01
ENERGY -7.350718542543e+02

JOB 10
COORDS -8.5423441681e-01 -2.4245500473e+00 -3.6040568495e-01  3.4742575643e-01 -1.8753725883e+00  3.0429343542e-02  5.1530761602e-01 -5.2614940255e-01  6.8084901648e-01 -7.8837126812e-01 -3.7213039059e+00 -8.0430820244e-01  3.9377166688e-01 -4.2250017962e+00 -7.7667394409e-01  2.7574723378e+00 -4.8701015076e-01 -2.7384971114e-01  1.7263412913e+00  2.6905519860e-01  3.6005586102e-01  1.5506993919e+00 -3.0784573592e+00 -1.9734810414e-01 -1.8177164788e+00 -1.9270372854e+00 -3.3556309008e-01 -3.6747285048e-01  8.1204893386e-02  4.5864873038e-01  5.0847277472e-01 -6.9789628955e-01  1.7653008761e+00  2.7279826059e+00 -4.1573053535e-01 -1.2910313203e+00  3.6544534159e+00 -1.3710284278e-01  5.4079915082e-02  1.4491164254e+00  1.0487391008e+00 -2.3282332667e-01
ENERGY -7.350683017481e+02

JOB 11
COORDS  6.9799899777e-03 -2.4210942624e+00 -8.4504252651e-01  1.4895917757e-01 -1.9194090468e+00  4.2909361439e-01  3.6125452318e-01 -4.8363885828e-01  8.1675043930e-01 -1.4304039991e-01 -3.7822152503e+00 -9.1686922657e-01 -1.2589251809e-01 -4.3907832242e+00  2.0699708969e-01  2.8288621907e+00 -1.0366797235e+00  8.9595994607e-01  1.7849061114e+00 -7.9829531632e-02  1.0480444650e+00  8.5008062352e-02 -3.2477765956e+00  1.5144519504e+00  1.6250206913e-03 -1.8369631888e+00 -1.7584176465e+00 -4.1594045090e-02  1.2717976693e-01  3.0353645830e-04 -2.2845880071e-01 -2.4897816349e-01  1.7088864047e+00  2.5596940447e+00 -1.9732495563e+00  1.2040621120e+00  3.0698267866e+00 -1.0938849808e+00 -9.0846607649e-02  1.8730562642e+00  2.8559928874e-01  1.9903673119e+00
ENERGY -7.350667791496e+02

JOB 12
COORDS  8.0270549509e-03 -2.4486985944e+00 -8.2113363680e-01  1.4723921007e-01 -1.9205268253e+00  4.4243843172e-01  3.8255060125e-01 -4.7672075715e-01  8.0014444683e-01 -1.6815999640e-01 -3.8081970748e+00 -8.6409562330e-01 -1.7205282106e-01 -4.3908345072e+00  2.7329363638e-01  2.8381959564e+00 -1.0088155928e+00  8.6983727235e-01  1.7759990959e+00 -1.0680770943e-01  1.1741117769e+00  5.0816636566e-02 -3.2231360936e+00  1.5573013168e+00  2.3848714909e-02 -1.8860586009e+00 -1.7477726188e+00  9.2179623062e-02  1.0935462952e-01 -8.0492770709e-02 -2.7948584065e-01 -1.7013097653e-01  1.6151055619e+00  2.5506299615e+00 -1.9877383587e+00  9.2844974868e-01  3.1401667145e+00 -8.3370093860e-01 -8.6405596422e-02  1.8184819445e+00  4.0040321762e-02  2.1778704471e+00
ENERGY -7.350693256658e+02

JOB 13
COORDS  4.1292764208e-02 -2.4844813013e+00 -7.9125025609e-01  1.3081039130e-01 -1.9202550210e+00  4.6167497253e-01  3.9975542726e-01 -4.7253510067e-01  7.9323072138e-01 -1.7208685370e-01 -3.8394129506e+00 -8.0144014407e-01 -2.4952556046e-01 -4.3840218492e+00  3.5240897973e-01  2.8392256745e+00 -9.6462722084e-01  8.0743405077e-01  1.7614059048e+00 -1.5407077001e-01  1.2771124200e+00 -5.7794490881e-02 -3.1832731361e+00  1.6087968205e+00  1.2047499538e-01 -1.9528291622e+00 -1.7328721501e+00  2.1365770229e-01  1.0024477492e-01 -1.2321404312e-01 -3.0649663704e-01 -1.0787660010e-01  1.5447501748e+00  2.5474868498e+00 -1.9292054691e+00  6.3280585504e-01  3.1618700362e+00 -5.7623772852e-01 -7.6908327899e-02  1.7799050705e+00 -2.2662487081e-01  2.2907893995e+00
ENERGY -7.350725904917e+02

JOB 14
COORDS  2.9104707069e-01 -3.2610156247e+00  7.7435900299e-01  4.0663609127e-01 -2.0172631278e+00  1.9286449696e-01  8.3546701759e-01 -7.3757296558e-01  8.6864547564e-01 -1.5494324269e-01 -4.2554824641e+00 -5.8874776512e-02 -4.0549528872e-01 -3.8689976263e+00 -1.2572456159e+00  2.0133345008e+00 -2.4001191224e-02 -1.0982562778e+00  2.0356928199e+00 -7.4282625796e-02  3.3365949358e-01 -8.0332660051e-02 -2.1759928542e+00 -1.4450287692e+00  5.1004581144e-01 -3.5004023026e+00  1.8093079669e+00  1.0646830614e-02 -1.9515685341e-02  8.1185018699e-01  1.0194575792e+00 -9.3634651660e-01  1.9287134761e+00  2.4220158532e+00  8.6330144386e-01 -1.3831545820e+00  2.5587127701e+00 -7.7753161977e-01 -1.5168335120e+00  2.8597638334e+00 -5.8074661804e-01  6.5800448541e-01
ENERGY -7.350751808887e+02

JOB 15
COORDS  3.3124151722e-01 -3.2659771672e+00  7.8453138568e-01  3.8348937135e-01 -2.0193568697e+00  2.0021705606e-01  8.1275206179e-01 -7.2322748372e-01  8.4505245122e-01 -6.8946675342e-02 -4.2813284019e+00 -4.6773686619e-02 -3.4064338628e-01 -3.9147046265e+00 -1.2449170516e+00  2.0266946519e+00  9.5716395651e-02 -1.0423066147e+00  2.0850808200e+00 -1.7358013155e-01  3.6454505517e-01 -1.0391267078e-01 -2.2020303983e+00 -1.4352859153e+00  5.6761908907e-01 -3.4930188638e+00  1.8183768954e+00  4.8162313269e-02  4.2721396917e-02  6.9268535050e-01  9.1308524051e-01 -8.8418551541e-01  1.9233283633e+00  2.5730695713e+00  9.3615147094e-01 -1.2174357843e+00  2.4253456369e+00 -6.6423218394e-01 -1.5950284884e+00  2.8381104571e+00 -8.2710309402e-01  5.8309680019e-01
ENERGY -7.350769042037e+02

JOB 16
COORDS  3.1988133995e-01 -3.2794368714e+00  8.1838875302e-01  3.5780580011e-01 -2.0480419641e+00  2.0213313766e-01  7.9977530926e-01 -7.3304508892e-01  7.9879603575e-01 -5.2502479350e-02 -4.3217294586e+00  7.3388327931e-03 -3.1136299073e-01 -3.9972713007e+00 -1.2033138136e+00  2.0442846204e+00  2.3322878525e-01 -9.9594170049e-01  2.1145175685e+00 -2.7656690405e-01  3.4067797318e-01 -1.0539120835e-01 -2.2786535985e+00 -1.4345630945e+00  5.5057717459e-01 -3.4760865528e+00  1.8596051700e+00  8.5914931763e-02  6.1536180975e-02  5.7528119322e-01  8.4608295294e-01 -8.5051335545e-01  1.8870045648e+00  2.7081757419e+00  1.0011424359e+00 -1.0672630134e+00  2.2997788316e+00 -4.7172084407e-01 -1.6901586720e+00  2.7945896562e+00 -1.0326374295e+00  4.2548301029e-01
ENERGY -7.350763858382e+02

JOB 17
COORDS  2.8407692740e-01 -3.2826387863e+00  8.7349212662e-01  3.5328187880e-01 -2.0785296337e+00  2.0895770846e-01  8.1218720075e-01 -7.4846897203e-01  7.5528139700e-01 -8.6632635157e-02 -4.3512278977e+00  9.5897392370e-02 -3.1212713024e-01 -4.0769255274e+00 -1.1320689772e+00  2.0954468613e+00  4.0728673314e-01 -9.1002065328e-01  2.1497446585e+00 -3.5201573457e-01  3.0177562739e-01 -7.7166855278e-02 -2.3677692371e+00 -1.4277752075e+00  4.9335236714e-01 -3.4402031702e+00  1.9257027555e+00  1.2891848214e-01  5.7055988034e-02  4.8277855255e-01  8.2451852326e-01 -8.2476268240e-01  1.8487173849e+00  2.8537626960e+00  1.0852693434e+00 -8.8151678759e-01  2.2285522607e+00 -1.7939893957e-01 -1.7371140508e+00  2.7569175477e+00 -1.1677940087e+00  2.2520622674e-01
ENERGY -7.350741197217e+02

JOB 18
COORDS -2.6021881414e-01 -3.0468060381e+00  6.1883069794e-01  7.2748678606e-01 -2.1100658347e+00  4.1980489136e-01  1.3432324702e+00 -1.1454458928e+00  1.3987651353e+00 -5.7829881908e-01 -3.7889017631e+00 -4.9128550113e-01  9.5441833892e-02 -3.4882381973e+00 -1.5430694318e+00  1.6074521008e+00  1.1116975341e+00  6.2476022730e-01  2.2202194401e+00 -1.7922936508e-01  7.2140576064e-01  1.2180910417e+00 -2.2104900895e+00 -1.2170296396e+00 -7.8953024674e-01 -3.2355598056e+00  1.5462633630e+00  5.5391859791e-01 -6.2902052018e-01  1.9563094703e+00  1.9348452750e+00 -1.7210232976e+00  2.1219029382e+00  1.8856629498e+00  1.7189788630e+00  1.3970140964e+00  1.9163591099e+00  1.5400281260e+00 -2.4481676169e-01  3.1176631793e+00 -1.3250235910e-01  1.2000711089e+00
ENERGY -7.350715885597e+02

JOB 19
COORDS -1.7513319087e-01 -3.1776674582e+00  6.5106236404e-01  6.4445434571e-01 -2.1011169608e+00  4.0077589151e-01  1.1803384325e+00 -1.0629228988e+00  1.3520289107e+00 -4.9695139978e-01 -3.9223573395e+00 -4.5619045079e-01  2.0213764129e-02 -3.4964847323e+00 -1.5524908944e+00  1.7414058071e+00  1.1934417701e+00  7.1539216227e-01  2.1490187115e+00 -1.7653515121e-01  6.9076995637e-01  9.8373989986e-01 -2.0838533541e+00 -1.2771005791e+00 -5.7247270237e-01 -3.4727407628e+00  1.6159892718e+00  3.5158544631e-01 -4.5029658618e-01  1.7201830712e+00  1.6225534609e+00 -1.5686697970e+00  2.2203046585e+00  2.1606557473e+00  1.7008057722e+00  1.4964329905e+00  2.0559042409e+00  1.6266809537e+00 -1.4979574628e-01  3.0824582566e+00 -3.1035327839e-01  1.0733710290e+00
ENERGY -7.350708272501e+02

JOB 20
COORDS -1.0286913171e-01 -3.2397517439e+00  6.8039598386e-01  5.7344321144e-01 -2.0826109137e+00  3.7015756123e-01  1.0435745043e+00 -9.8082148730e-01  1.2807167370e+00 -4.2993772072e-01 -4.0196265797e+00 -4.0119879308e-01 -4.7927637401e-02 -3.5483422719e+00 -1.5327723779e+00  1.8511163845e+00  1.2420284604e+00  8.2028023439e-01  2.0712164029e+00 -1.5703117049e-01  6.3424325192e-01  7.8107206059e-01 -2.0388802701e+00 -1.3292929765e+00 -3.8664295089e-01 -3.5714034144e+00  1.6730476963e+00  2.0176888744e-01 -3.1548696411e-01  1.4944857780e+00  1.3663625742e+00 -1.4113689151e+00  2.2396894260e+00  2.3707538381e+00  1.6087729891e+00  1.6200842398e+00  2.1800131001e+00  1.7193850451e+00 -1.5905060016e-02  3.0067570445e+00 -4.5110740024e-01  9.0868011820e-01
ENERGY -7.350716975122e+02

JOB 21
COORDS -1.8922515139e-02 -3.2661332410e+00  6.9134432872e-01  5.3602008240e-01 -2.0611198362e+00  3.2750885546e-01  9.4057036813e-01 -9.0557257887e-01  1.1984346894e+00 -3.2606319756e-01 -4.0961494216e+00 -3.5837836777e-01 -3.9478876869e-02 -3.6211315009e+00 -1.5153047397e+00  1.9361376800e+00  1.2607329486e+00  9.3992734607e-01  1.9960719641e+00 -1.1566034345e-01  5.5943550427e-01  6.6197353494e-01 -2.0388312468e+00 -1.3812426300e+00 -2.2503950998e-01 -3.5977232282e+00  1.7028904678e+00  8.8308293929e-02 -2.2944819258e-01  1.3145007874e+00  1.1974383039e+00 -1.2751426444e+00  2.2037618168e+00  2.5217774821e+00  1.4600700509e+00  1.7536785499e+00  2.2848620097e+00  1.8100765214e+00  1.5781845207e-01  2.9118951126e+00 -5.3219993159e-01  7.2660227836e-01
ENERGY -7.350733437896e+02

JOB 22
COORDS  5.8824773662e-02 -3.2731645350e+00  7.5530837874e-01  4.9651257132e-01 -2.0433552807e+00  3.2134545348e-01  8.4196123285e-01 -8.3009362478e-01  1.1345888299e+00 -2.1990584332e-01 -4.1692539369e+00 -2.4680331073e-01 -2.1743675222e-02 -3.7232030378e+00 -1.4326395724e+00  2.0156336259e+00  1.2427474591e+00  1.0475477527e+00  1.9132695662e+00 -6.9935107246e-02  4.8778397043e-01  5.4992285394e-01 -2.0830894824e+00 -1.3916940848e+00 -7.8233555224e-02 -3.5762232858e+00  1.7872142024e+00 -2.2586889500e-02 -1.6113533914e-01  1.1824786437e+00  1.0684968898e+00 -1.1378530700e+00  2.1687966105e+00  2.6612337114e+00  1.2711175437e+00  1.8397418517e+00  2.3778934256e+00  1.8576425616e+00  3.2247931069e-01  2.7921526956e+00 -5.8659587514e-01  5.4687986677e-01
ENERGY -7.350747142603e+02

JOB 23
COORDS -8.4795143224e-01 -2.2917171848e+00 -7.1273297752e-01  3.1737106243e-01 -2.3008973623e+00  1.8261523974e-02  8.1113829686e-01 -1.2790559758e+00  9.9922755420e-01 -1.0329417750e+00 -3.3941823707e+00 -1.5090993478e+00 -8.8463464978e-02 -4.2584758456e+00 -1.4544492074e+00  2.8173354330e+00 -1.3377145040e-01  1.7644887721e+00  2.2598097967e+00 -1.0927767982e+00  8.6549777060e-01  1.1598644223e+00 -3.7459122827e+00 -3.5800738358e-01 -1.6007899498e+00 -1.5116242894e+00 -7.0736115788e-01  2.3539351525e-01 -3.4598347596e-01  8.6504091777e-01  6.1695843221e-01 -1.6317923909e+00  2.0195194165e+00  2.1603563849e+00  6.3014440170e-01  1.9510075487e+00  3.0024101777e+00 -6.0674623824e-01  2.6467638010e+00  2.4848312581e+00 -7.8495476193e-01 -7.8120029983e-02
ENERGY -7.350753146864e+02

