JOB 0
COORDS  2.0313649829e+00 -1.1771726168e+00 -2.1656605267e-01  8.3094717732e-01 -3.3343552524e-01  1.7278186252e+00  2.8282082180e+00 -1.7024354752e+00  2.0264120585e+00  9.7568196943e-01 -4.4631800099e-01  3.4008061579e-01  2.9390455822e+00 -1.8029660167e+00  6.3944698139e-01  1.7682874739e+00 -9.5770460066e-01  2.5491030224e+00 -9.3955281191e-02  2.0557202960e+00 -3.0956448847e-01 -1.0334912239e+00  2.9138875473e+00 -1.1309713584e+00  6.2776177951e-01  2.4713229019e+00  5.6704379747e-01 -2.1286904120e-01  2.9465335791e-01 -7.6721455760e-01  4.2605523756e+00 -2.7307715161e+00 -4.3815911979e-02  1.6093495481e+00 -8.1765700576e-01  4.2890979556e+00  2.1478937239e+00 -1.2528944204e+00 -1.2921718779e+00  1.4170338260e-02  2.3265060065e-01  2.1592290949e+00  3.5442200379e+00 -2.1877176760e+00  2.6801848335e+00 -1.0223606396e+00  2.6253413472e+00 -2.1852653709e+00 -7.4564693032e-01  3.9607629224e+00 -1.0214821896e+00 -2.0542032224e+00  2.7829819778e+00 -7.5589059026e-01
ENERGY -1.702262593865e+03

JOB 1
COORDS  2.0538544563e+00 -1.1725271274e+00 -2.1709389306e-01  8.1572901700e-01 -3.5691477645e-01  1.7154690782e+00  2.8154932233e+00 -1.7179723893e+00  2.0330817401e+00  9.8461488822e-01 -4.5381599364e-01  3.2928227448e-01  2.9507101882e+00 -1.8025400852e+00  6.4721548528e-01  1.7424746908e+00 -9.8508079915e-01  2.5457318322e+00 -9.0853005274e-02  2.0478579514e+00 -3.0999103371e-01 -1.0348117491e+00  2.9101562158e+00 -1.1220082740e+00  6.1819245508e-01  2.4618822380e+00  5.7804173780e-01 -1.8866210672e-01  2.9399679344e-01 -7.8970565754e-01  4.2890822453e+00 -2.7151102396e+00 -2.3504744359e-02  1.5531758677e+00 -8.6517756664e-01  4.2841430089e+00  2.1890419356e+00 -1.2358671777e+00 -1.2913299481e+00 -1.1252233401e-02  2.0020161708e-01  2.1391271994e+00  3.5230846139e+00 -2.2063554368e+00  2.6936808816e+00 -1.2373164791e+00  2.4898794147e+00 -2.1097872059e+00 -6.0735481582e-01  3.9105742381e+00 -1.2153549747e+00 -1.9826313993e+00  2.9888644836e+00 -5.7844152798e-01
ENERGY -1.702262657424e+03

JOB 2
COORDS  2.0669991379e+00 -1.1676369298e+00 -2.1698238736e-01  8.0544355340e-01 -3.7671801426e-01  1.7112722314e+00  2.8077129364e+00 -1.7325267649e+00  2.0355872416e+00  9.8921795181e-01 -4.5892697478e-01  3.2598712557e-01  2.9573458129e+00 -1.8025412633e+00  6.5035054360e-01  1.7264330201e+00 -1.0093770677e+00  2.5446199513e+00 -1.2088412743e-01  2.0372797512e+00 -2.8495074893e-01 -1.0378664778e+00  2.9068293226e+00 -1.1203273818e+00  5.4941621701e-01  2.4476154225e+00  6.3469533543e-01 -1.7514255807e-01  2.9353634318e-01 -7.9902865829e-01  4.3061908336e+00 -2.7030531390e+00 -1.5631702787e-02  1.5188825603e+00 -9.0793288597e-01  4.2821112076e+00  2.2135127900e+00 -1.2198434172e+00 -1.2903763145e+00 -2.7999276578e-02  1.7259539880e-01  2.1321663901e+00  3.5105970396e+00 -2.2246737147e+00  2.6984166715e+00 -1.4024229646e+00  2.4008882360e+00 -2.0167441682e+00 -4.9864056192e-01  3.8162457027e+00 -1.3971948181e+00 -1.8929454775e+00  3.1969339386e+00 -5.0113519195e-01
ENERGY -1.702262682014e+03

JOB 3
COORDS  2.0704741076e+00 -1.1544094611e+00 -2.1541231005e-01  7.8786512764e-01 -3.9730166515e-01  1.7123398545e+00  2.7997574814e+00 -1.7389552081e+00  2.0354792303e+00  9.8235759067e-01 -4.6135766734e-01  3.2752488173e-01  2.9602906254e+00 -1.7916177596e+00  6.5065953806e-01  1.7084299940e+00 -1.0315473218e+00  2.5450978743e+00 -1.6444847539e-01  2.0270489638e+00 -2.5566538386e-01 -1.0442655246e+00  2.9041522146e+00 -1.1226071177e+00  4.6897283048e-01  2.4306232216e+00  6.9277485344e-01 -1.8053646123e-01  2.9194002501e-01 -7.9840912320e-01  4.3219190216e+00 -2.6723950346e+00 -1.5877353059e-02  1.4871768616e+00 -9.5271693877e-01  4.2820929811e+00  2.2253315550e+00 -1.1929005791e+00 -1.2882231689e+00 -5.3501484476e-02  1.3926082797e-01  2.1336107308e+00  3.5021042325e+00 -2.2326737045e+00  2.6976945423e+00 -1.5581824597e+00  2.3477127378e+00 -1.9091023861e+00 -4.1736049010e-01  3.6789530131e+00 -1.5737942167e+00 -1.7793455853e+00  3.3995589303e+00 -4.8173868186e-01
ENERGY -1.702262720407e+03

JOB 4
COORDS  2.0687890778e+00 -1.1358270636e+00 -2.1514222506e-01  7.6258730930e-01 -4.2066761279e-01  1.7129386789e+00  2.7902485226e+00 -1.7394121179e+00  2.0333609805e+00  9.6768792664e-01 -4.6430160059e-01  3.2885597534e-01  2.9609847069e+00 -1.7720864033e+00  6.4911384887e-01  1.6859384213e+00 -1.0532696678e+00  2.5439887588e+00 -2.0455638579e-01  2.0174064193e+00 -2.3307573440e-01 -1.0477718207e+00  2.9014312782e+00 -1.1281780633e+00  4.0173909470e-01  2.4131145984e+00  7.3597972660e-01 -1.9790324542e-01  2.8729971435e-01 -7.9538854210e-01  4.3389871492e+00 -2.6259886164e+00 -1.8842771211e-02  1.4514257506e+00 -9.9997824837e-01  4.2802068590e+00  2.2315639388e+00 -1.1585756216e+00 -1.2872268860e+00 -8.9062630516e-02  9.8802502188e-02  2.1348596628e+00  3.4944899039e+00 -2.2322708325e+00  2.6942111249e+00 -1.7112582626e+00  2.3303889687e+00 -1.7813111655e+00 -3.7272899301e-01  3.5017518651e+00 -1.7469464711e+00 -1.6298367726e+00  3.5831235453e+00 -5.0316956218e-01
ENERGY -1.702262785458e+03

JOB 5
COORDS  2.0442674623e+00 -1.1221487387e+00 -2.1832242533e-01  7.1044544382e-01 -4.4737793045e-01  1.7055316353e+00  2.7526171133e+00 -1.7408830524e+00  2.0297305425e+00  9.2892829355e-01 -4.7236632653e-01  3.2302062483e-01  2.9372907675e+00 -1.7558396719e+00  6.4694247321e-01  1.6344754097e+00 -1.0762565525e+00  2.5386690511e+00 -2.4852330741e-01  2.0069483578e+00 -2.3067442511e-01 -1.0679788633e+00  2.8943701576e+00 -1.1436724237e+00  3.4427711803e-01  2.3938797396e+00  7.4980120332e-01 -2.3746113144e-01  2.7710878031e-01 -8.0184158795e-01  4.3334426230e+00 -2.5829869071e+00 -1.7206968071e-02  1.3834477763e+00 -1.0460937235e+00  4.2732171784e+00  2.2169533399e+00 -1.1303717798e+00 -1.2890345571e+00 -1.5262043338e-01  5.5275370585e-02  2.1246588945e+00  3.4575346321e+00 -2.2315140627e+00  2.6914828996e+00 -1.8805491097e+00  2.3475081513e+00 -1.6285522399e+00 -4.0824981345e-01  3.2906617363e+00 -1.9229798438e+00 -1.4648041144e+00  3.7310336225e+00 -5.6527966900e-01
ENERGY -1.702262800705e+03

JOB 6
COORDS  2.0534281023e+00 -1.1058667743e+00 -2.1550815549e-01  6.8601922928e-01 -4.6676845080e-01  1.6967019152e+00  2.7338638679e+00 -1.7492835864e+00  2.0346371051e+00  9.2512330753e-01 -4.7171853154e-01  3.1740921934e-01  2.9383733036e+00 -1.7442970478e+00  6.5461954721e-01  1.6029587736e+00 -1.0996014258e+00  2.5346374460e+00 -2.5646458284e-01  2.0084414725e+00 -2.2477964317e-01 -1.0799776016e+00  2.8971331002e+00 -1.1329123504e+00  3.2665702745e-01  2.3862410835e+00  7.6469524025e-01 -2.3042999375e-01  2.8288777700e-01 -8.1520996238e-01  4.3503625863e+00 -2.5520441988e+00  1.4439550039e-04  1.3260327156e+00 -1.0940322095e+00  4.2654648245e+00  2.2420798862e+00 -1.0984727067e+00 -1.2835113368e+00 -1.8720733171e-01  2.3369953387e-02  2.1096142427e+00  3.4326926926e+00 -2.2432311491e+00  2.7003934099e+00 -2.0172904314e+00  2.4112720888e+00 -1.4183523751e+00 -5.1394974919e-01  3.0956069370e+00 -2.0489784522e+00 -1.2832202446e+00  3.8401239619e+00 -6.2283013022e-01
ENERGY -1.702262709710e+03

JOB 7
COORDS  2.1020409293e+00 -1.0830333995e+00 -2.1460801969e-01  6.8936600188e-01 -4.7686876021e-01  1.6748301372e+00  2.7372194622e+00 -1.7510159474e+00  2.0418065160e+00  9.5829696006e-01 -4.6268339762e-01  3.0112185435e-01  2.9716593495e+00 -1.7271756466e+00  6.6679219987e-01  1.5915390652e+00 -1.1145196489e+00  2.5249167477e+00 -2.2101051598e-01  2.0186889983e+00 -2.3706794223e-01 -1.0793332621e+00  2.9022878878e+00 -1.1181283852e+00  3.6185977283e-01  2.3906528528e+00  7.5465900167e-01 -1.7686244120e-01  2.9933994910e-01 -8.4709007907e-01  4.4027009572e+00 -2.5179107671e+00  3.3333044119e-02  1.2767016561e+00 -1.1321781911e+00  4.2492130690e+00  2.3141189773e+00 -1.0606425033e+00 -1.2779783431e+00 -1.9577260140e-01  2.7853711403e-03  2.0746523341e+00  3.4245187412e+00 -2.2490027077e+00  2.7164946839e+00 -2.1010957464e+00  2.5123879624e+00 -1.1615239636e+00 -6.8489381382e-01  2.9161465584e+00 -2.1386060691e+00 -1.0865691460e+00  3.9138244150e+00 -7.0950300556e-01
ENERGY -1.702262590501e+03

JOB 8
COORDS  2.1282167034e+00 -1.0728135200e+00 -2.1200524807e-01  6.7151150819e-01 -4.9385256932e-01  1.6521347951e+00  2.7154646111e+00 -1.7645708485e+00  2.0502536952e+00  9.7083877077e-01 -4.6292634508e-01  2.8503611326e-01  2.9805957161e+00 -1.7237773166e+00  6.8126440046e-01  1.5567028760e+00 -1.1379961892e+00  2.5149110935e+00 -1.9710309218e-01  2.0219193915e+00 -2.5312125406e-01 -1.0954383215e+00  2.8993872802e+00 -1.0998825726e+00  3.9221033418e-01  2.3916426564e+00  7.3579777250e-01 -1.4123943979e-01  3.0969441693e-01 -8.7863499250e-01  4.4287379234e+00 -2.5013708766e+00  7.1031797539e-02  1.2034490315e+00 -1.1766177515e+00  4.2313919501e+00  2.3639627432e+00 -1.0370792298e+00 -1.2700086938e+00 -2.2404122298e-01 -2.1602849013e-02  2.0376271359e+00  3.3895468033e+00 -2.2676448560e+00  2.7344347913e+00 -2.1410524046e+00  2.6492275734e+00 -8.9122142987e-01 -9.1747551098e-01  2.7398247474e+00 -2.1666933328e+00 -9.1826304526e-01  3.9443014987e+00 -8.4017752672e-01
ENERGY -1.702262586600e+03

JOB 9
COORDS  2.1500788099e+00 -1.0663665980e+00 -2.0971172048e-01  6.5854815623e-01 -5.1512838051e-01  1.6355138600e+00  2.7015369700e+00 -1.7806582289e+00  2.0546064115e+00  9.8141908901e-01 -4.6773838533e-01  2.7427357712e-01  2.9901663476e+00 -1.7230947214e+00  6.9098434509e-01  1.5318085496e+00 -1.1649084948e+00  2.5061274310e+00 -1.8970194789e-01  2.0164662098e+00 -2.5612737585e-01 -1.0992093456e+00  2.8951305223e+00 -1.0896438851e+00  3.8987746838e-01  2.3831627371e+00  7.3999951806e-01 -1.1391623162e-01  3.1413250010e-01 -8.9911470088e-01  4.4525200096e+00 -2.4866939066e+00  9.7410902547e-02  1.1492574597e+00 -1.2245529104e+00  4.2156586280e+00  2.4038004516e+00 -1.0177205368e+00 -1.2630544241e+00 -2.4560400820e-01 -5.0994709672e-02  2.0107979205e+00  3.3662055186e+00 -2.2881531373e+00  2.7447160173e+00 -2.1136863711e+00  2.8281484675e+00 -6.8178024416e-01 -1.1282330233e+00  2.5856319050e+00 -2.1370114007e+00 -7.6106326950e-01  3.9301371797e+00 -1.0096331623e+00
ENERGY -1.702262650275e+03

JOB 10
COORDS  2.1640984370e+00 -1.0606645862e+00 -2.0710515151e-01  6.4912462219e-01 -5.3607423384e-01  1.6273259138e+00  2.6940951920e+00 -1.7962836537e+00  2.0554229270e+00  9.8720464167e-01 -4.7283357656e-01  2.7040987612e-01  2.9974276084e+00 -1.7228864113e+00  6.9574092888e-01  1.5163676295e+00 -1.1909758221e+00  2.5001982511e+00 -2.1627969453e-01  2.0024134926e+00 -2.3866532149e-01 -1.1011726254e+00  2.8915501565e+00 -1.0878769107e+00  3.2535619694e-01  2.3611180927e+00  7.8177569645e-01 -9.8025755411e-02  3.1521011199e-01 -9.0809468297e-01  4.4698155588e+00 -2.4733042734e+00  1.1023699652e-01  1.1154657390e+00 -1.2707425285e+00  4.2046357138e+00  2.4291768938e+00 -9.9984912147e-01 -1.2570511229e+00 -2.6117867386e-01 -8.0300521897e-02  1.9977226696e+00  3.3535666962e+00 -2.3078781486e+00  2.7474970960e+00 -2.0498446402e+00  3.0353870628e+00 -5.6033415448e-01 -1.3039804641e+00  2.4692229280e+00 -2.0743154095e+00 -6.1991305876e-01  3.8672672171e+00 -1.1901276726e+00
ENERGY -1.702262678416e+03

JOB 11
COORDS  1.6022058820e+00 -1.4233046009e+00 -1.0526024944e-01  9.3783504261e-01 -1.0770266882e-01  1.8342527444e+00  2.7816111364e+00 -1.6957610554e+00  2.0098503973e+00  7.7690595100e-01 -4.6198395289e-01  4.8956528395e-01  2.5896455662e+00 -2.0332317248e+00  6.6988188341e-01  1.9469579811e+00 -7.2622557386e-01  2.5706516282e+00 -1.5096131662e-01  2.0352315515e+00 -3.7577922383e-01 -1.1006718104e+00  2.8762476129e+00 -1.2038864961e+00  7.4413528456e-01  2.4910110596e+00  2.9852108851e-01 -5.2179364751e-01  2.5970727189e-01 -5.0045927133e-01  3.6237291762e+00 -3.2468498833e+00 -5.9454662718e-02  2.1704944916e+00 -2.8723623424e-01  4.2527956682e+00  1.4829042566e+00 -1.6877330140e+00 -1.1503505224e+00  3.0022476276e-01  6.3659705236e-01  2.2955208893e+00  3.5568558594e+00 -2.1720911285e+00  2.5994924452e+00 -1.6027380015e+00  3.5872127353e+00 -5.4125798803e-01 -1.8455758868e+00  2.2799431768e+00 -1.7348130915e+00 -5.1089833490e-01  3.4491368856e+00 -1.9254728130e+00
ENERGY -1.702262714689e+03

JOB 12
COORDS  1.6023808116e+00 -1.4047990346e+00 -1.0865213737e-01  9.0900863116e-01 -1.2643773538e-01  1.8458538435e+00  2.7698104904e+00 -1.6958565093e+00  2.0108364514e+00  7.6192239789e-01 -4.6203496675e-01  4.9477833540e-01  2.5911541974e+00 -2.0149795798e+00  6.6451005080e-01  1.9200224016e+00 -7.4461917879e-01  2.5800929523e+00 -1.8927642889e-01  2.0375131900e+00 -3.3965254176e-01 -1.1075435457e+00  2.8730072753e+00 -1.2071055529e+00  6.8045301384e-01  2.4948210864e+00  3.6582558356e-01 -5.3867379974e-01  2.5883515326e-01 -4.9325656908e-01  3.6443926780e+00 -3.2054950018e+00 -7.5499414701e-02  2.1262843130e+00 -3.2908043876e-01  4.2703872679e+00  1.4935754966e+00 -1.6547132084e+00 -1.1584510746e+00  2.5926846722e-01  6.0303845711e-01  2.3136884760e+00  3.5462048518e+00 -2.1723439852e+00  2.5988432827e+00 -1.4327842706e+00  3.7471328094e+00 -6.3771076210e-01 -1.9738732081e+00  2.3130467160e+00 -1.5660515960e+00 -5.3274691242e-01  3.2244899831e+00 -2.0702538410e+00
ENERGY -1.702262783981e+03

JOB 13
COORDS  1.6617801896e+00 -1.3716927570e+00 -1.2690670299e-01  9.2651450307e-01 -1.4862394546e-01  1.8479112072e+00  2.8119095589e+00 -1.6899227234e+00  1.9983834343e+00  7.9939382184e-01 -4.5677796785e-01  4.8830913885e-01  2.6525470725e+00 -1.9820834659e+00  6.4352600192e-01  1.9402811418e+00 -7.6585076811e-01  2.5791934382e+00 -1.6198394438e-01  2.0466789322e+00 -3.1799309455e-01 -1.0615966776e+00  2.8822181904e+00 -1.2040124014e+00  6.9385232461e-01  2.4971881575e+00  4.0794490530e-01 -5.0287590047e-01  2.6592978899e-01 -4.9622696835e-01  3.7335089734e+00 -3.1382520771e+00 -1.1088974388e-01  2.1220817188e+00 -3.8433590179e-01  4.2802838370e+00  1.5679131946e+00 -1.6000976963e+00 -1.1830113674e+00  2.5921538724e-01  5.5917156423e-01  2.3243349407e+00  3.5901002874e+00 -2.1663427700e+00  2.5840755333e+00 -1.1927483090e+00  3.8670405666e+00 -7.5122315312e-01 -2.0320597627e+00  2.4076797133e+00 -1.3692413150e+00 -5.7045277618e-01  3.0068923037e+00 -2.1750743522e+00
ENERGY -1.702262800070e+03

JOB 14
COORDS  1.7042760310e+00 -1.3520989994e+00 -1.3847137532e-01  9.2346326945e-01 -1.6567383888e-01  1.8409316385e+00  2.8214479049e+00 -1.6905445875e+00  2.0011198831e+00  8.2235157303e-01 -4.5485325289e-01  4.7499642059e-01  2.6879065468e+00 -1.9643102324e+00  6.3968285713e-01  1.9309166426e+00 -7.8357714297e-01  2.5802616317e+00 -1.4190492700e-01  2.0515929640e+00 -3.1742510724e-01 -1.0473034404e+00  2.8902032825e+00 -1.1948690346e+00  7.0544320653e-01  2.4956657447e+00  4.2188256885e-01 -4.7073367287e-01  2.6896569152e-01 -5.2079442924e-01  3.7928887410e+00 -3.0987223256e+00 -1.1304856022e-01  2.0801521716e+00 -4.2524809813e-01  4.2895815552e+00  1.6306231758e+00 -1.5656136909e+00 -1.1992549306e+00  2.4090997339e-01  5.2825820799e-01  2.3161929035e+00  3.5943402505e+00 -2.1678962909e+00  2.5930299236e+00 -9.8876400801e-01  3.9317966641e+00 -8.7468066943e-01 -2.0817435400e+00  2.5386675269e+00 -1.1453651509e+00 -7.1379537166e-01  2.8128421090e+00 -2.2348219806e+00
ENERGY -1.702262699619e+03

JOB 15
COORDS  1.7552914751e+00 -1.3390014995e+00 -1.5307320972e-01  9.2131469363e-01 -1.7912473658e-01  1.8198726675e+00  2.8254533033e+00 -1.6926601288e+00  2.0081500248e+00  8.5325483903e-01 -4.5424275776e-01  4.4898048143e-01  2.7249385699e+00 -1.9528646155e+00  6.4127649540e-01  1.9156352864e+00 -7.9773603112e-01  2.5760134581e+00 -1.0979677104e-01  2.0539847631e+00 -3.3956400209e-01 -1.0440976584e+00  2.8976325781e+00 -1.1817651148e+00  7.3584636793e-01  2.4937186699e+00  4.0420270643e-01 -4.2170243201e-01  2.7077070769e-01 -5.6915683608e-01  3.8546581287e+00 -3.0718427114e+00 -9.7639074075e-02  2.0230519781e+00 -4.5608273800e-01  4.2919287524e+00  1.7077407824e+00 -1.5415565063e+00 -1.2174779734e+00  2.2333097930e-01  5.0524587924e-01  2.2866055330e+00  3.5879302583e+00 -2.1709528388e+00  2.6126662117e+00 -8.1656878443e-01  3.9519410187e+00 -1.0175796997e+00 -2.0838549008e+00  2.6967383545e+00 -9.0500604807e-01 -9.2674699066e-01  2.6525494506e+00 -2.2415223315e+00
ENERGY -1.702262585561e+03

JOB 16
COORDS  1.7814862936e+00 -1.3334689498e+00 -1.5811986201e-01  8.9761144650e-01 -1.9503276475e-01  1.8053666932e+00  2.8046613579e+00 -1.7007708529e+00  2.0233711034e+00  8.6157454718e-01 -4.5868370226e-01  4.3106132445e-01  2.7363784414e+00 -1.9494617864e+00  6.5240108082e-01  1.8777040799e+00 -8.1533563610e-01  2.5783535987e+00 -9.3075539675e-02  2.0509330073e+00 -3.5770227876e-01 -1.0563146309e+00  2.9009188102e+00 -1.1600247935e+00  7.5462660999e-01  2.4875588402e+00  3.8580462146e-01 -3.9327825941e-01  2.6997640536e-01 -6.0919824823e-01  3.8883142315e+00 -3.0560033467e+00 -7.0639201133e-02  1.9448848017e+00 -4.8797797917e-01  4.2990765618e+00  1.7589490984e+00 -1.5267183434e+00 -1.2250696034e+00  1.8613344965e-01  4.8227323701e-01  2.2621622666e+00  3.5559110980e+00 -2.1803967267e+00  2.6407481644e+00 -6.9048991388e-01  3.9287495374e+00 -1.1812534662e+00 -2.0393127194e+00  2.8791740540e+00 -6.7760140885e-01 -1.1729415400e+00  2.5195583573e+00 -2.1779081886e+00
ENERGY -1.702262589211e+03

JOB 17
COORDS  1.8480253183e+00 -1.3151492119e+00 -1.8272455090e-01  9.1810689676e-01 -2.0011340007e-01  1.7730464891e+00  2.8316133878e+00 -1.6940959946e+00  2.0150191309e+00  9.1056586137e-01 -4.5204800870e-01  3.9604897571e-01  2.7915134222e+00 -1.9312763874e+00  6.4090930221e-01  1.8876318345e+00 -8.2014316452e-01  2.5594303488e+00 -7.7353057317e-02  2.0538538185e+00 -3.7112643237e-01 -1.0500980611e+00  2.8995799273e+00 -1.1664921028e+00  7.4468171455e-01  2.4982469116e+00  3.9672360554e-01 -3.2913997882e-01  2.7433185946e-01 -6.6375022517e-01  3.9650929431e+00 -3.0232786348e+00 -6.9190889638e-02  1.9191370222e+00 -5.0731073221e-01  4.2838581403e+00  1.8476706287e+00 -1.4994214931e+00 -1.2515396285e+00  1.9344866872e-01  4.6822881533e-01  2.2221263538e+00  3.5743271591e+00 -2.1736536697e+00  2.6426923934e+00 -5.9191058714e-01  3.8697397436e+00 -1.3684841352e+00 -1.9473707510e+00  3.0582403105e+00 -5.5840052430e-01 -1.3492185144e+00  2.4190020515e+00 -2.1009222977e+00
ENERGY -1.702262649016e+03

JOB 18
COORDS  1.8816932150e+00 -1.2974418539e+00 -1.9300260661e-01  9.1714830376e-01 -2.1637091528e-01  1.7652611325e+00  2.8441867483e+00 -1.6920596669e+00  2.0111649738e+00  9.2821554917e-01 -4.5171226168e-01  3.8535432057e-01  2.8225906861e+00 -1.9130458886e+00  6.3390997955e-01  1.8844385120e+00 -8.3531240832e-01  2.5553115980e+00 -8.6607021729e-02  2.0509354783e+00 -3.5825778841e-01 -1.0435975034e+00  2.8988975369e+00 -1.1706437248e+00  7.1091547504e-01  2.4976800045e+00  4.3408629010e-01 -3.0679075195e-01  2.7440518506e-01 -6.8006908509e-01  4.0162942646e+00 -2.9834016426e+00 -7.5580813144e-02  1.8928206967e+00 -5.4328526621e-01  4.2836235083e+00  1.8954791504e+00 -1.4689305611e+00 -1.2638768221e+00  1.8021742798e-01  4.3863548892e-01  2.2139219499e+00  3.5849681138e+00 -2.1710484868e+00  2.6415477042e+00 -5.0091369493e-01  3.7649167539e+00 -1.5571646868e+00 -1.8311232076e+00  3.2625740047e+00 -5.0233859622e-01 -1.5042640248e+00  2.3474714707e+00 -1.9930481474e+00
ENERGY -1.702262676205e+03

JOB 19
COORDS  1.9095700652e+00 -1.2743227786e+00 -2.0061720109e-01  9.1526758076e-01 -2.3538382537e-01  1.7660499908e+00  2.8610858506e+00 -1.6879063230e+00  2.0050759963e+00  9.4022171570e-01 -4.5044300931e-01  3.8302686719e-01  2.8527023622e+00 -1.8887439576e+00  6.2455206927e-01  1.8853309531e+00 -8.5268438887e-01  2.5541160612e+00 -1.0423412515e-01  2.0485609495e+00 -3.3175850795e-01 -1.0303489413e+00  2.9003145267e+00 -1.1755537270e+00  6.6559060498e-01  2.4946424968e+00  4.8800287318e-01 -2.9674416154e-01  2.7471120193e-01 -6.8071473562e-01  4.0664796254e+00 -2.9319751847e+00 -9.1241801436e-02  1.8767226493e+00 -5.8627425220e-01  4.2865083665e+00  1.9336014769e+00 -1.4300628245e+00 -1.2737301329e+00  1.6589558544e-01  4.0263529206e-01  2.2184758936e+00  3.6037126081e+00 -2.1659077991e+00  2.6340557221e+00 -4.2322351844e-01  3.6165660391e+00 -1.7365279230e+00 -1.6856060763e+00  3.4662224302e+00 -5.0672265605e-01 -1.6362780218e+00  2.3127550433e+00 -1.8683796207e+00
ENERGY -1.702262707536e+03

JOB 20
COORDS  1.9360514830e+00 -1.2453279305e+00 -2.0563209384e-01  9.1207523486e-01 -2.5728269646e-01  1.7715104394e+00  2.8802142850e+00 -1.6818883997e+00  1.9990236358e+00  9.4935238665e-01 -4.4750393639e-01  3.8514872762e-01  2.8837957505e+00 -1.8584828427e+00  6.1513242321e-01  1.8871076794e+00 -8.7240042782e-01  2.5553257197e+00 -1.1821317649e-01  2.0490114068e+00 -3.0154804753e-01 -1.0103201908e+00  2.9037334986e+00 -1.1776527031e+00  6.2768113875e-01  2.4896707322e+00  5.4267458620e-01 -2.9274109321e-01  2.7682340095e-01 -6.7321897145e-01  4.1191840710e+00 -2.8690827347e+00 -1.1048694148e-01  1.8625682383e+00 -6.3647332135e-01  4.2919404097e+00  1.9695638073e+00 -1.3821602827e+00 -1.2810537096e+00  1.4915879465e-01  3.6018353382e-01  2.2297141719e+00  3.6264138844e+00 -2.1587101195e+00  2.6246820071e+00 -3.7661606313e-01  3.4280734381e+00 -1.9002401818e+00 -1.5033142801e+00  3.6530236075e+00 -5.5311357991e-01 -1.7562866672e+00  2.3184885294e+00 -1.7196463135e+00
ENERGY -1.702262772805e+03

JOB 21
COORDS  1.9649701093e+00 -1.2168030126e+00 -2.0983753954e-01  9.0746401511e-01 -2.7810838428e-01  1.7742634588e+00  2.8934718902e+00 -1.6775258579e+00  1.9964567717e+00  9.6125614741e-01 -4.4374773277e-01  3.8519577791e-01  2.9133989851e+00 -1.8302944234e+00  6.0987559805e-01  1.8835395968e+00 -8.9241662663e-01  2.5573995964e+00 -1.2372001794e-01  2.0519615621e+00 -2.7632563090e-01 -9.9251595007e-01  2.9086151220e+00 -1.1728833226e+00  6.0318138099e-01  2.4852729661e+00  5.8760338086e-01 -2.8152270967e-01  2.8108537290e-01 -6.7203008753e-01  4.1706241111e+00 -2.8103139309e+00 -1.2036622640e-01  1.8387870027e+00 -6.8737483244e-01  4.2976225529e+00  2.0108289408e+00 -1.3343919569e+00 -1.2870699100e+00  1.3070005931e-01  3.1977529348e-01  2.2350880759e+00  3.6404491903e+00 -2.1543738961e+00  2.6211443354e+00 -3.9467563344e-01  3.2173582963e+00 -2.0371698499e+00 -1.2964596555e+00  3.8030542073e+00 -6.2517269451e-01 -1.8699525261e+00  2.3688075082e+00 -1.5371587740e+00
ENERGY -1.702262805277e+03

JOB 22
COORDS  1.9783332766e+00 -1.1994608218e+00 -2.1288197069e-01  8.8172029992e-01 -2.9489012234e-01  1.7652986349e+00  2.8751989497e+00 -1.6814786202e+00  2.0015374255e+00  9.5878232944e-01 -4.4193542317e-01  3.7529917661e-01  2.9185531149e+00 -1.8164295828e+00  6.1365397223e-01  1.8502439839e+00 -9.1141292939e-01  2.5560459974e+00 -1.3515375094e-01  2.0537918749e+00 -2.7209439635e-01 -1.0039248638e+00  2.9107116620e+00 -1.1684809403e+00  5.7673424737e-01  2.4791481962e+00  6.0777955768e-01 -2.7332438753e-01  2.8467394537e-01 -6.9310534661e-01  4.1949445113e+00 -2.7772665868e+00 -1.0893148449e-01  1.7760731188e+00 -7.2896502653e-01  4.2978127118e+00  2.0423867076e+00 -1.3025461359e+00 -1.2906347666e+00  9.2736708519e-02  2.9061897613e-01  2.2212470736e+00  3.6158430377e+00 -2.1604882326e+00  2.6320693729e+00 -5.2352141217e-01  3.0019406445e+00 -2.1483207896e+00 -1.1033796834e+00  3.9035256479e+00 -7.2655206847e-01 -1.9888953453e+00  2.4599351399e+00 -1.3179999346e+00
ENERGY -1.702262716598e+03

JOB 23
COORDS  2.0025917954e+00 -1.1854617971e+00 -2.1542074476e-01  8.5415137884e-01 -3.1272484034e-01  1.7473546087e+00  2.8509628722e+00 -1.6890175504e+00  2.0134982783e+00  9.6444964513e-01 -4.4214885642e-01  3.5786206263e-01  2.9273957015e+00 -1.8064622110e+00  6.2550256972e-01  1.8080849639e+00 -9.3242132420e-01  2.5530372790e+00 -1.1910656816e-01  2.0566268204e+00 -2.8948108964e-01 -1.0217007387e+00  2.9143588134e+00 -1.1517123912e+00  5.9597983832e-01  2.4753119988e+00  5.9085342974e-01 -2.4721573238e-01  2.9034913091e-01 -7.2977287021e-01  4.2267808023e+00 -2.7498910161e+00 -7.8709771253e-02  1.6922046189e+00 -7.7141757824e-01  4.2946615565e+00  2.0925486448e+00 -1.2745440796e+00 -1.2925510063e+00  5.0802196742e-02  2.6219590561e-01  2.1917756310e+00  3.5800463030e+00 -2.1707608690e+00  2.6553244999e+00 -7.5633489559e-01  2.8008390487e+00 -2.2071293984e+00 -9.1204337622e-01  3.9581145269e+00 -8.5366067448e-01 -2.0639008506e+00  2.6016503613e+00 -1.0341339627e+00
ENERGY -1.702262587621e+03

