JOB 0
COORDS  4.0451614271e-01 -1.4307775090e+00 -1.6188006383e-01  2.6951183662e-01  9.6861130925e-01 -8.6925741001e-01 -1.2041336828e+00  9.9073796791e-02  1.0070683312e+00 -5.3556806642e-01 -2.1847953989e-01 -3.3500347082e-01  1.7899827725e-01 -2.5461795258e+00 -9.0102369024e-01  1.3262482795e+00 -1.3293124882e+00  6.4444793655e-01 -1.8888233577e+00 -5.4286606559e-01 -1.5679702658e+00 -3.6428486073e-01  1.8573755321e+00 -9.2583150629e-01  1.1024851194e+00  1.1617009299e+00 -1.8845700131e-01  6.6989458488e-01  7.5811315140e-01 -1.8641067930e+00 -1.6179039554e+00 -7.9698864204e-01  1.4753644780e+00 -4.6483662715e-01  5.5000781766e-01  1.6735299753e+00 -2.0093989086e+00  8.2137842044e-01  8.5417704039e-01  7.9871726510e-01 -3.3342627192e+00 -7.6413463138e-01 -5.9508778025e-01 -2.6154031340e+00 -1.5467602505e+00
ENERGY -7.474717148580e+02

JOB 1
COORDS  3.7241638740e-01 -1.4554182334e+00 -1.8119164714e-01  2.8812089265e-01  9.5116257298e-01 -8.6239448556e-01 -1.2080561164e+00  9.9548496439e-02  1.0079940605e+00 -5.4340072053e-01 -2.2476371645e-01 -3.4080013209e-01  1.3579264252e-01 -2.5547822122e+00 -9.4059333342e-01  1.2873182103e+00 -1.3825319920e+00  6.3605742119e-01 -1.8918456854e+00 -5.0421082435e-01 -1.5936084485e+00 -3.2685550464e-01  1.8538701654e+00 -9.0615578763e-01  1.1254625706e+00  1.1163706397e+00 -1.7975670044e-01  6.8172100222e-01  7.4490588107e-01 -1.8608250899e+00 -1.4278086823e+00 -8.0030033363e-01  1.5853129972e+00 -5.5383073661e-01  7.5738080825e-01  1.5849804394e+00 -2.1398525891e+00  6.4281464556e-01  8.3650388028e-01  7.4284204662e-01 -3.3545335846e+00 -8.1501189569e-01 -6.3059340954e-01 -2.5980867545e+00 -1.5976655431e+00
ENERGY -7.474694769056e+02

JOB 2
COORDS  8.6911618005e-01 -1.0994312718e+00 -2.7309328283e-01 -5.4572930558e-01  6.7305794386e-01 -1.2964694793e+00 -7.4191904000e-01  1.9373349844e-01  1.1992888237e+00 -5.0626200822e-01 -4.0213164448e-01 -2.0330741844e-01  9.6413174650e-01 -2.2841457144e+00 -9.3319446935e-01  1.8376253355e+00 -5.1349606010e-01  2.0348166586e-01 -1.8928595214e+00 -1.5852308001e+00 -5.8753556076e-01 -1.4913923030e+00  1.2194136876e+00 -1.2494207602e+00  2.7922478864e-01  1.3712856490e+00 -1.1276927379e+00 -4.4008864246e-01  2.3334558748e-01 -2.2912481375e+00 -8.0744954686e-02 -2.5257419279e-01  1.9424157911e+00 -5.7220970426e-01  1.2729095948e+00  1.1769834105e+00 -1.7774757060e+00  3.8802016631e-02  1.5057158515e+00  1.8689880128e+00 -2.7375861434e+00 -9.4102729765e-01  1.4112760837e-01 -2.8131434356e+00 -1.1874882380e+00
ENERGY -7.474672260715e+02

JOB 3
COORDS  8.2161854101e-01 -1.1393571420e+00 -2.6117054678e-01 -5.2173207476e-01  6.7890936879e-01 -1.2912362687e+00 -7.7752783449e-01  1.8875040748e-01  1.2039137772e+00 -5.3712135380e-01 -4.0092326111e-01 -2.0309404588e-01  8.9180566864e-01 -2.3171334853e+00 -9.3623076714e-01  1.8027758897e+00 -5.8833936372e-01  2.3097930334e-01 -1.9397347983e+00 -1.5553494728e+00 -6.1532594228e-01 -1.4641502875e+00  1.2323192375e+00 -1.2821556222e+00  3.0030109182e-01  1.3697612858e+00 -1.0815540937e+00 -3.7452541357e-01  2.4419131250e-01 -2.2830073582e+00  5.5758113162e-02 -5.2869939974e-02  1.8646812227e+00 -8.5159111051e-01  1.2777741439e+00  1.1477453330e+00 -1.7006287203e+00 -1.9286242774e-01  1.6400423148e+00  1.7854827633e+00 -2.7920881582e+00 -9.4391758711e-01  5.8688806642e-02 -2.8209354726e+00 -1.2076940083e+00
ENERGY -7.474663275402e+02

JOB 4
COORDS  8.5189087167e-01 -1.1224707535e+00 -2.6301932316e-01 -4.6746946921e-01  7.1358561306e-01 -1.2952381831e+00 -7.5476132588e-01  2.0244712269e-01  1.1913626300e+00 -5.0530407645e-01 -3.7228619137e-01 -2.1597726604e-01  9.1448879396e-01 -2.3135560190e+00 -9.1428990576e-01  1.8390441939e+00 -5.7012924328e-01  2.1575969838e-01 -1.9038005815e+00 -1.5269750021e+00 -6.3623694791e-01 -1.4127376835e+00  1.2616498332e+00 -1.3086114844e+00  3.4511907847e-01  1.4070448060e+00 -1.0585763063e+00 -2.8972263542e-01  2.8634512509e-01 -2.2852903550e+00  1.8919670249e-01  2.1584887566e-01  1.7399128207e+00 -1.0953534535e+00  1.2389971942e+00  1.1235720570e+00 -1.4825691331e+00 -3.8601074286e-01  1.7496170257e+00  1.8063966185e+00 -2.7917551869e+00 -9.1817661375e-01  7.9315090355e-02 -2.8148829392e+00 -1.1834360213e+00
ENERGY -7.474674472873e+02

JOB 5
COORDS  6.5796179222e-01 -1.2334551962e+00 -2.2936256337e-01 -4.1659992352e-01  7.6886643878e-01 -1.2505239183e+00 -1.0246496305e+00  7.5404279516e-02  1.1261509797e+00 -6.4632186951e-01 -3.9576730259e-01 -2.8480966459e-01  6.8603796324e-01 -2.4447049464e+00 -8.4197745805e-01  1.6395909210e+00 -7.3828968489e-01  3.1933801430e-01 -2.0579774602e+00 -1.4102646021e+00 -9.4751098022e-01 -1.3200299858e+00  1.3789239937e+00 -1.3245350214e+00  4.0190774747e-01  1.3825062312e+00 -8.6341191583e-01 -1.4725447127e-01  4.1107870161e-01 -2.2474545938e+00 -1.0254687270e-01  2.3258273791e-01  1.6912426041e+00 -1.5405854551e+00  1.0381633690e+00  1.0797377592e+00 -1.6417393015e+00 -6.5572268361e-01  1.6497582316e+00  1.5450360194e+00 -2.9764034232e+00 -7.8421945062e-01 -1.4898868392e-01 -2.8760541955e+00 -1.2127717914e+00
ENERGY -7.474697878555e+02

JOB 6
COORDS  7.7990732735e-01 -1.1262406804e+00 -1.6490583418e-01 -2.7723263191e-01  8.9180415544e-01 -1.1953578007e+00 -1.0115005911e+00  9.0841930830e-02  1.1053670062e+00 -5.3318719517e-01 -3.1525098406e-01 -2.9116496595e-01  8.2327300202e-01 -2.3906810225e+00 -6.5518273825e-01  1.7440015887e+00 -5.7863006883e-01  3.6539074426e-01 -1.8843074639e+00 -1.3258261561e+00 -1.0715538512e+00 -1.1908814940e+00  1.4815509102e+00 -1.3015389431e+00  5.0160458859e-01  1.5089969284e+00 -7.3977641057e-01  5.8766158505e-02  5.7863269720e-01 -2.1870746985e+00 -1.5314761662e-01  4.7925526304e-01  1.6598644708e+00 -1.7572964281e+00  8.8678013118e-01  1.0321386348e+00 -1.4304335357e+00 -7.5774009179e-01  1.6499687490e+00  1.6932836181e+00 -2.8994689988e+00 -5.6588232535e-01  1.7714488361e-02 -2.8330839704e+00 -1.0746142937e+00
ENERGY -7.474719058015e+02

JOB 7
COORDS  7.5307275652e-01 -1.1623418646e+00 -1.8865091413e-01 -2.6410054733e-01  8.9049416930e-01 -1.1998174709e+00 -1.0116985229e+00  7.7091614390e-02  1.0888721790e+00 -5.3999168060e-01 -3.2309135932e-01 -3.1020887171e-01  7.6110301581e-01 -2.4293026269e+00 -6.7434604318e-01  1.7298181156e+00 -6.3718582332e-01  3.4074275715e-01 -1.9209282325e+00 -1.2822096932e+00 -1.1022804489e+00 -1.1527457014e+00  1.5239011940e+00 -1.2585036706e+00  5.5986370988e-01  1.4624670451e+00 -7.6535673275e-01  1.6757154200e-02  5.8342984788e-01 -2.2104235211e+00 -2.1767266190e-01  6.4864832566e-01  1.5762686223e+00 -1.9109323349e+00  6.9412654020e-01  1.0191988740e+00 -1.2340223941e+00 -8.0327366440e-01  1.6967691615e+00  1.6144991339e+00 -2.9640699373e+00 -5.7651967806e-01 -5.7788837395e-02 -2.8516793261e+00 -1.0888785682e+00
ENERGY -7.474726750855e+02

JOB 8
COORDS  7.7604307465e-01 -1.1497515615e+00 -1.5841948548e-01 -2.1579385729e-01  9.1101389477e-01 -1.1788625967e+00 -1.0024466411e+00  9.9167081688e-02  1.0962415597e+00 -5.0898960541e-01 -3.0593957510e-01 -2.9724943910e-01  7.8974454495e-01 -2.4118557337e+00 -6.5669409765e-01  1.7416576813e+00 -6.3290955607e-01  3.9873309592e-01 -1.8854987337e+00 -1.2436209067e+00 -1.1229445159e+00 -1.0931727926e+00  1.5612610718e+00 -1.2249821640e+00  6.2119544508e-01  1.4639432578e+00 -7.4480105942e-01  5.1518247747e-02  6.0822467220e-01 -2.1944116108e+00 -3.2825359704e-01  8.4855589194e-01  1.5167249015e+00 -2.0182912677e+00  4.9521077898e-01  1.0338476457e+00 -1.0227539938e+00 -7.6368777529e-01  1.7674661420e+00  1.6368494505e+00 -2.9534946994e+00 -5.4293498913e-01 -2.2989115987e-02 -2.8266599030e+00 -1.0907241737e+00
ENERGY -7.474716884742e+02

JOB 9
COORDS  7.9854083118e-01 -1.1146659862e+00 -7.5225723176e-02 -1.5552758229e-01  9.3461504136e-01 -1.1404067507e+00 -1.0271167117e+00  1.4897328275e-01  1.1157977255e+00 -4.8197017716e-01 -2.7544463987e-01 -2.5887664636e-01  8.6164485598e-01 -2.3490103260e+00 -6.3554006217e-01  1.7220573532e+00 -6.1307057596e-01  5.6170203839e-01 -1.8237618655e+00 -1.2152742347e+00 -1.1416400401e+00 -1.0310204524e+00  1.5838078396e+00 -1.2239849486e+00  6.6350233622e-01  1.4918715313e+00 -6.7815520343e-01  1.5008411953e-01  6.2417044394e-01 -2.1427724519e+00 -5.2802823160e-01  1.0602625478e+00  1.4504858963e+00 -2.1067079288e+00  2.9922059316e-01  1.0663535651e+00 -8.4513201956e-01 -6.2974159936e-01  1.8611706949e+00  1.7074979046e+00 -2.8865710768e+00 -4.9599780900e-01  7.6268382532e-02 -2.7574596234e+00 -1.1227479075e+00
ENERGY -7.474694237294e+02

JOB 10
COORDS  7.4239896756e-01 -1.2283512065e+00 -1.0496835610e-01 -1.8423813296e-01  8.2263515158e-01 -1.1673024059e+00 -9.5364085836e-01  1.5968004787e-01  1.1709417980e+00 -5.1374666415e-01 -3.3883885328e-01 -2.2158466080e-01  7.8951333267e-01 -2.3872846584e+00 -8.1243863734e-01  1.6784194802e+00 -8.1356454600e-01  5.7377737307e-01 -1.9368463558e+00 -1.2545685246e+00 -9.9865905181e-01 -1.0338292835e+00  1.5078015284e+00 -1.2279615786e+00  6.8114165738e-01  1.3600599730e+00 -7.6902711303e-01  5.3161495666e-02  4.6335050157e-01 -2.1716985007e+00 -6.2240907015e-01  1.1885155644e+00  1.3266570320e+00 -2.0374522730e+00  1.0549579918e-01  1.2764993928e+00 -5.1150435131e-01 -4.5377871233e-01  1.9581886073e+00  1.6119410265e+00 -2.9666513416e+00 -7.0187902072e-01 -3.1613352600e-02 -2.7661880799e+00 -1.2638197345e+00
ENERGY -7.474671783633e+02

JOB 11
COORDS  5.7078810539e-01 -1.2432066799e+00 -5.3140246277e-02 -1.3801970648e-01  8.9284161057e-01 -1.1048056557e+00 -1.1924027030e+00  1.7331257891e-01  1.1092529375e+00 -6.2745926771e-01 -2.8410177366e-01 -2.5338644828e-01  6.7427053951e-01 -2.3317682286e+00 -8.6068492372e-01  1.4282765176e+00 -9.3543980361e-01  7.7070352073e-01 -1.9890718559e+00 -1.1129793170e+00 -1.2173994734e+00 -9.5331336723e-01  1.6028830359e+00 -1.2650572642e+00  6.7252631901e-01  1.3942445735e+00 -5.6771345402e-01  2.3532615579e-01  5.5552508167e-01 -2.0749000395e+00 -1.1012812247e+00  1.2580711450e+00  1.2082099814e+00 -2.2468635538e+00 -8.4952862441e-02  1.2065570155e+00 -6.3357753845e-01 -2.8347378919e-01  1.9266607619e+00  1.4556139687e+00 -2.9533649066e+00 -6.9531875911e-01 -1.0074990960e-01 -2.6456404095e+00 -1.4284452268e+00
ENERGY -7.474663281122e+02

JOB 12
COORDS  6.1779474788e-01 -1.2270013249e+00 -4.4846705222e-02 -7.7808342269e-02  9.1898444893e-01 -1.0869713390e+00 -1.1459062136e+00  1.8246017852e-01  1.1151132500e+00 -5.7788849435e-01 -2.6030544512e-01 -2.4777610715e-01  7.0087304495e-01 -2.3334908947e+00 -8.2930090679e-01  1.4891658158e+00 -9.1168348302e-01  7.6147427042e-01 -1.9357495528e+00 -1.0921990150e+00 -1.2112125980e+00 -8.9481184338e-01  1.6209492725e+00 -1.2710736473e+00  7.1290201269e-01  1.4286206383e+00 -5.2832166189e-01  3.2656113690e-01  5.8437723663e-01 -2.0456042622e+00 -1.3319636357e+00  1.2604292082e+00  1.1051231830e+00 -2.0994917699e+00 -3.0189687782e-01  1.3268538373e+00 -4.2678642461e-01 -3.0920728843e-02  1.9066459101e+00  1.4808464400e+00 -2.9569117668e+00 -6.6459771918e-01 -7.9923608518e-02 -2.6477168851e+00 -1.3886855903e+00
ENERGY -7.474674173496e+02

JOB 13
COORDS  3.9844685302e-01 -1.3033983396e+00 -9.2275027558e-02 -3.9954853808e-02  9.6394635381e-01 -1.0255510501e+00 -1.3983475208e+00  1.2240621628e-01  9.6288901271e-01 -7.0179763346e-01 -2.4293387611e-01 -3.5642678522e-01  4.2841221386e-01 -2.4236825282e+00 -8.5879782240e-01  1.2406497336e+00 -1.0584037279e+00  7.6823712717e-01 -1.9916654397e+00 -8.9959082296e-01 -1.5230846885e+00 -7.8735897063e-01  1.7324581521e+00 -1.2369509369e+00  7.1037079813e-01  1.3698629090e+00 -3.4110673181e-01  4.5176599331e-01  6.8055269106e-01 -1.9595834634e+00 -1.7635688733e+00  1.1525748033e+00  9.1085528306e-01 -2.2677613083e+00 -5.1224122120e-01  1.1428151177e+00 -6.8684494833e-01  4.3482726045e-02  1.7863566364e+00  1.1475507218e+00 -3.1066222901e+00 -6.5782776710e-01 -3.1877270767e-01 -2.6537845855e+00 -1.4987842430e+00
ENERGY -7.474697074509e+02

JOB 14
COORDS  4.9821031514e-01 -1.2243640641e+00  1.5023614450e-03  7.6799095359e-02  1.0588245955e+00 -9.2698071367e-01 -1.3792762275e+00  1.4497842083e-01  9.5041668069e-01 -5.9434536352e-01 -1.7674777891e-01 -3.2471768189e-01  4.8134106748e-01 -2.4179691202e+00 -6.4350588328e-01  1.3513730965e+00 -9.2269840879e-01  8.3317113047e-01 -1.8062094654e+00 -8.2463548324e-01 -1.5764010099e+00 -6.7519192271e-01  1.8136818925e+00 -1.1689207534e+00  7.7694384792e-01  1.4668505918e+00 -1.9330426418e-01  6.2894395994e-01  8.0576694114e-01 -1.8356208544e+00 -1.9630145273e+00  1.0581871677e+00  8.0339768522e-01 -2.0774877073e+00 -6.5784443880e-01  1.1975574104e+00 -6.7756998677e-01  2.9660809683e-01  1.7736180286e+00  1.2115971120e+00 -3.0821740669e+00 -4.2143327785e-01 -2.2847928879e-01 -2.6527376415e+00 -1.3228957682e+00
ENERGY -7.474718392063e+02

JOB 15
COORDS  5.2112806458e-01 -1.2076508662e+00  3.5362487485e-02  1.1225848927e-01  1.0827197327e+00 -8.9272511057e-01 -1.3713186786e+00  1.5543924979e-01  9.5075787757e-01 -5.6278242427e-01 -1.6017668266e-01 -3.0907631001e-01  5.0033166972e-01 -2.4076012414e+00 -5.9806539775e-01  1.3656724829e+00 -9.0415835900e-01  8.7499115767e-01 -1.7567330840e+00 -7.8860078175e-01 -1.5862774951e+00 -6.3529883372e-01  1.8504480593e+00 -1.1071671713e+00  8.2794863997e-01  1.4677054293e+00 -1.6190724862e-01  6.4714579135e-01  8.4420003136e-01 -1.8154919705e+00 -2.1183293968e+00  9.2334387683e-01  7.3522724732e-01 -1.8798119145e+00 -7.3603529037e-01  1.3265520097e+00 -6.8835766799e-01  5.2017856744e-01  1.7221330904e+00  1.2150540694e+00 -3.0811942602e+00 -3.5459355187e-01 -2.0684813597e-01 -2.6428551748e+00 -1.2802150544e+00
ENERGY -7.474726804491e+02

JOB 16
COORDS  4.8608576000e-01 -1.2419508164e+00  1.1073030417e-02  1.2678412334e-01  1.0692000414e+00 -8.8765675778e-01 -1.3832279272e+00  1.4992620645e-01  9.3611006793e-01 -5.7321413543e-01 -1.7029083932e-01 -3.2473059175e-01  4.4829958394e-01 -2.4289822692e+00 -6.4518726475e-01  1.3242928727e+00 -9.6976955102e-01  8.6747939739e-01 -1.7716002557e+00 -7.4282397909e-01 -1.6254670037e+00 -6.0134503856e-01  1.8660078309e+00 -1.0598329413e+00  8.7122902061e-01  1.4099926813e+00 -1.6366815814e-01  6.3100820998e-01  8.4368164226e-01 -1.8307148179e+00 -2.2523530304e+00  7.6242058707e-01  6.8860766015e-01 -1.7044858607e+00 -7.6272855405e-01  1.4444019066e+00 -7.4032860766e-01  6.9950614253e-01  1.6287303811e+00  1.1472458945e+00 -3.1207546347e+00 -4.0690291481e-01 -2.5382697848e-01 -2.6357536906e+00 -1.3417794810e+00
ENERGY -7.474717804309e+02

JOB 17
COORDS  3.8791869989e-01 -1.3663247945e+00 -3.9519742900e-02  8.5808503752e-02  9.3868673127e-01 -9.4454932522e-01 -1.3411437432e+00  1.4807404417e-01  1.0057961981e+00 -6.4135138664e-01 -2.4879323801e-01 -3.0241803109e-01  4.3082089422e-01 -2.4255154793e+00 -8.8978156230e-01  1.1706551797e+00 -1.2183171875e+00  8.9569128953e-01 -1.9507414469e+00 -7.7654055073e-01 -1.5158689062e+00 -6.0763970545e-01  1.7724028763e+00 -1.0825254719e+00  8.9616658316e-01  1.2527113768e+00 -2.8069454887e-01  5.0859783644e-01  6.6682849932e-01 -1.9148592388e+00 -2.3130000749e+00  6.0021863737e-01  8.0569581174e-01 -1.4454809463e+00 -7.0543843874e-01  1.6786683442e+00 -7.1571058228e-01  8.7584992061e-01  1.5299939452e+00  1.0901324144e+00 -3.1639308069e+00 -6.7897567012e-01 -2.9977026669e-01 -2.5876738144e+00 -1.5692784391e+00
ENERGY -7.474695948232e+02

JOB 18
COORDS  3.9931974513e-01 -1.3774891117e+00 -3.2474569737e-02  1.2633158226e-01  9.2670462319e-01 -9.3304693360e-01 -1.3141330432e+00  1.6164993718e-01  1.0268856317e+00 -6.2017186116e-01 -2.4755828815e-01 -2.8810466840e-01  4.4997602960e-01 -2.4187533418e+00 -9.0399389437e-01  1.1733046064e+00 -1.2503186006e+00  9.1294718280e-01 -1.9284602346e+00 -7.6446823242e-01 -1.5091547763e+00 -5.5762760958e-01  1.7654362521e+00 -1.0866725542e+00  9.3041923065e-01  1.2390809168e+00 -2.6060493716e-01  5.5952333759e-01  6.4234738380e-01 -1.8952106633e+00 -2.3714652568e+00  3.7106096087e-01  8.6620839633e-01 -1.1926939059e+00 -6.0535913599e-01  1.7931784204e+00 -8.4001616530e-01  1.0659975300e+00  1.4178347760e+00  1.1085300777e+00 -3.1604792646e+00 -7.0286199296e-01 -2.7399344166e-01 -2.5672619921e+00 -1.5935609487e+00
ENERGY -7.474673439708e+02

JOB 19
COORDS  4.2063972172e-01 -1.3818596257e+00 -1.7257778660e-02  1.7356465530e-01  9.2302856211e-01 -9.1142418455e-01 -1.2754890081e+00  1.7712103953e-01  1.0569733497e+00 -5.9079663257e-01 -2.3770597275e-01 -2.6422517041e-01  4.6498152532e-01 -2.4134535215e+00 -9.0054256749e-01  1.1995438611e+00 -1.2709676209e+00  9.2605599804e-01 -1.9032665825e+00 -7.5509049990e-01 -1.4806119178e+00 -5.0409482280e-01  1.7605288949e+00 -1.0954773912e+00  9.6134195389e-01  1.2445621840e+00 -2.2385973769e-01  6.3055889595e-01  6.2162409686e-01 -1.8572961820e+00 -2.3600162329e+00  1.0060905562e-01  9.8022305472e-01 -9.3037894910e-01 -4.4988298221e-01  1.8798755578e+00 -1.0239416795e+00  1.2124012732e+00  1.3009644567e+00  1.1232627410e+00 -3.1582156645e+00 -7.1034075810e-01 -2.6058613320e-01 -2.5524930756e+00 -1.5902254981e+00
ENERGY -7.474663208470e+02

JOB 20
COORDS  3.7402254413e-01 -1.3990924821e+00 -3.7573948291e-02  2.0143215735e-01  9.2685828774e-01 -8.9588498654e-01 -1.2978235864e+00  1.8334899276e-01  1.0345240773e+00 -6.0505456744e-01 -2.2134927046e-01 -2.8157097730e-01  3.9437389782e-01 -2.4236746087e+00 -9.2958177620e-01  1.1525701827e+00 -1.3211316862e+00  9.0933804023e-01 -1.9129286694e+00 -7.0155891635e-01 -1.5166098628e+00 -4.5323566022e-01  1.7780999657e+00 -1.0983793939e+00  9.7084119360e-01  1.2296003028e+00 -1.7938206660e-01  6.8586966024e-01  6.2168897028e-01 -1.8267763030e+00 -2.3327279955e+00 -1.6162555358e-01  1.0519227211e+00 -7.7918036722e-01 -2.7502246330e-01  1.8777380049e+00 -1.2976239566e+00  1.2692420308e+00  1.1546741160e+00  1.0338195708e+00 -3.1859708497e+00 -7.4493603668e-01 -3.2743960937e-01 -2.5349565943e+00 -1.6279755132e+00
ENERGY -7.474673060653e+02

JOB 21
COORDS  3.8046322711e-01 -1.4222429831e+00 -1.6761166811e-01  1.0990429084e-01  9.1815682147e-01 -9.7485175903e-01 -1.1841802761e+00  1.2549461671e-01  1.0745533144e+00 -6.2283854435e-01 -2.4694324044e-01 -3.0505051668e-01  2.6602334668e-01 -2.4809485078e+00 -1.0102586965e+00  1.2843331638e+00 -1.3194149380e+00  6.5820160939e-01 -2.0498487133e+00 -7.2067899383e-01 -1.3993819232e+00 -5.6744853024e-01  1.7667832698e+00 -1.0975372797e+00  9.4505743926e-01  1.2149538189e+00 -3.3377625724e-01  5.0152149460e-01  6.3222159920e-01 -1.9543031642e+00 -2.0769477590e+00 -4.6250482385e-01  1.2988278744e+00 -4.3901530089e-01 -1.1072330325e-01  1.8366862465e+00 -1.4483069973e+00  1.1847399816e+00  1.1151723149e+00  9.2610251067e-01 -3.2394803142e+00 -8.9679689336e-01 -5.3411827653e-01 -2.5976250067e+00 -1.6160919497e+00
ENERGY -7.474696521466e+02

JOB 22
COORDS  4.6390500296e-01 -1.3773496703e+00 -9.2254046781e-02  2.4661125151e-01  9.8695971802e-01 -8.7527571639e-01 -1.1973058242e+00  1.2870695151e-01  1.0372667520e+00 -5.2336767168e-01 -2.0178046844e-01 -2.9727580089e-01  2.9848038471e-01 -2.5103540339e+00 -8.2016300186e-01  1.3773417856e+00 -1.2258259855e+00  7.1586672056e-01 -1.8648108936e+00 -6.4309611227e-01 -1.5060904308e+00 -4.2842785314e-01  1.8321013092e+00 -1.0300724226e+00  1.0278691204e+00  1.2731444542e+00 -1.6608975247e-01  7.1530378214e-01  7.2963890872e-01 -1.8285267697e+00 -1.9423222150e+00 -6.2916751549e-01  1.2926373844e+00 -4.3737676500e-01  1.2801369304e-01  1.8224108966e+00 -1.6905767531e+00  1.1024207319e+00  9.8857398720e-01  9.5565866160e-01 -3.2649015163e+00 -6.6995186193e-01 -4.7176504350e-01 -2.6292402040e+00 -1.4629680381e+00
ENERGY -7.474718545844e+02

JOB 23
COORDS  3.9029336641e-01 -1.4310503024e+00 -1.9683692463e-01  2.3560500923e-01  9.6786333290e-01 -8.9982763639e-01 -1.2089071997e+00  8.5181754899e-02  9.9591736919e-01 -5.5853064050e-01 -2.2098052407e-01 -3.5429191747e-01  1.5076574146e-01 -2.5532730141e+00 -9.2128027474e-01  1.3336041311e+00 -1.3221982543e+00  5.8349590674e-01 -1.9305795471e+00 -5.6474829904e-01 -1.5604096470e+00 -4.1185247074e-01  1.8439913826e+00 -9.8571889851e-01  1.0540880943e+00  1.1875553497e+00 -2.0972605600e-01  6.5632026530e-01  7.4265498625e-01 -1.8830483790e+00 -1.8027178139e+00 -7.6125601758e-01  1.3495056816e+00 -4.2089219868e-01  2.9141242879e-01  1.7246566572e+00 -1.8578472867e+00  9.6032583793e-01  9.0977198417e-01  7.8114527812e-01 -3.3353851335e+00 -7.9995980176e-01 -6.3544443874e-01 -2.6284321333e+00 -1.5512869749e+00
ENERGY -7.474726779574e+02

