JOB 0
COORDS -3.3405629956e-01  5.1413160739e+00  6.3367683522e-01 -1.3554734402e+00  4.2847543875e+00  1.0597783368e+00  5.3655040949e-01  4.7364585212e+00 -3.8376612352e-01 -1.5104224524e+00  3.0244225742e+00  4.7594502641e-01  3.8247658503e-01  3.4789263917e+00 -9.7452391730e-01 -6.3963735267e-01  2.6234926708e+00 -5.4707030571e-01 -3.5824758242e-01  1.8965032917e-01 -3.0309102318e-01 -2.0716080115e+00  2.3352946811e+00 -3.2988532066e+00 -7.2790939678e-01  1.3242971287e+00 -1.1789647992e+00 -3.3733916746e+00  1.2827083715e+00 -1.2424899363e+00 -2.0001162298e+00 -2.7046113862e-01 -2.6980997327e+00 -2.1734209184e+00  1.0364658707e+00 -2.0568870196e+00 -2.1801032852e-01  6.1198380385e+00  1.0921923322e+00 -2.0357455128e+00  4.5991246571e+00  1.8468526597e+00  1.3321412718e+00  5.3973119448e+00 -7.1748032267e-01 -2.3136072570e+00  2.3655371437e+00  7.8863743667e-01  1.0469942495e+00  3.1442839068e+00 -1.7662942529e+00 -3.7272686686e-01 -7.2920248021e-01 -8.9017117241e-01  6.5826567871e-01  3.7436774256e-01  5.0279670028e-02 -1.0252837471e+00  8.6873192206e-02  5.6146442176e-01 -2.9571893109e+00  2.2118358524e+00 -3.9246195622e+00 -2.0849852383e+00  3.3071382532e+00 -2.8066386445e+00 -1.1609451362e+00  2.1884157467e+00 -3.8787797360e+00
ENERGY -9.148727402687e+02

JOB 1
COORDS -3.3631196646e-01  5.1899651626e+00  7.2973345722e-01 -1.3184716134e+00  4.3053076871e+00  1.1905040358e+00  4.7932823217e-01  4.8275251539e+00 -3.4694950738e-01 -1.4887652450e+00  3.0601150058e+00  5.8087544796e-01  3.1116977318e-01  3.5828012104e+00 -9.6159980898e-01 -6.7130535464e-01  2.6999241169e+00 -4.9934588495e-01 -3.2939509596e-01  2.5510368528e-01 -3.5463723587e-01 -1.9409656371e+00  2.2581409571e+00 -3.4405966167e+00 -7.8372058830e-01  1.4150803687e+00 -1.1498208323e+00 -3.4059419272e+00  1.6411070272e+00 -1.3240976169e+00 -2.1618632081e+00 -2.2991748251e-01 -2.5080013922e+00 -2.2178960082e+00  1.1596817310e+00 -2.0421719932e+00 -2.0875182897e-01  6.1577265496e+00  1.2076571159e+00 -1.9573808781e+00  4.5882136719e+00  2.0228101644e+00  1.2442748221e+00  5.5101422590e+00 -7.0742738559e-01 -2.2643643633e+00  2.3807039356e+00  9.1854883361e-01  9.3773092366e-01  3.2799612517e+00 -1.7961780285e+00 -3.7577692198e-01 -6.4049289782e-01 -9.7369804809e-01  7.0788291139e-01  4.4658034734e-01 -7.0944831817e-02 -9.2635004510e-01  1.0435343117e-01  5.5315123065e-01 -2.8358491131e+00  2.1889175312e+00 -4.0615038089e+00 -1.8130974677e+00  3.2762792973e+00 -3.0724262520e+00 -1.0598899237e+00  1.9111437567e+00 -3.9792946109e+00
ENERGY -9.148727562420e+02

JOB 2
COORDS -3.3846607539e-01  5.1381138879e+00  7.8781597399e-01 -1.3212157719e+00  4.2550417760e+00  1.2504835003e+00  4.5114982230e-01  4.7903975575e+00 -3.1281903112e-01 -1.5156701792e+00  3.0250565442e+00  6.1806918158e-01  2.5691396595e-01  3.5612183880e+00 -9.5068860980e-01 -7.2478441339e-01  2.6786547156e+00 -4.8580984451e-01 -2.8763345630e-01  2.3435454701e-01 -4.7045043408e-01 -1.9185150822e+00  2.0699848029e+00 -3.5545857536e+00 -8.6686877576e-01  1.4079700868e+00 -1.1511297794e+00 -3.4379309992e+00  1.8238994884e+00 -1.4061717633e+00 -2.3406905975e+00 -2.6705560830e-01 -2.3589716847e+00 -2.2925511819e+00  1.1644166729e+00 -2.0436053552e+00 -1.9058896040e-01  6.0943393631e+00  1.2828068445e+00 -1.9404023492e+00  4.5271508572e+00  2.1010986038e+00  1.2152359694e+00  5.4732277504e+00 -6.7475185054e-01 -2.2899285187e+00  2.3447125145e+00  9.5704209500e-01  8.6292739703e-01  3.2713877656e+00 -1.8050587762e+00 -3.6064008466e-01 -6.3366422094e-01 -1.1246925706e+00  7.6448062046e-01  4.5667931795e-01 -2.7681668313e-01 -7.8767052134e-01  1.3703085976e-02  4.8061513565e-01 -2.8092194721e+00  2.0125861502e+00 -4.1828075759e+00 -1.7044317685e+00  3.1071240083e+00 -3.2935094085e+00 -1.0646938582e+00  1.5944109231e+00 -4.0363063883e+00
ENERGY -9.148720490927e+02

JOB 3
COORDS -3.7575682564e-01  5.1658425628e+00  6.5103197843e-01 -1.6524867726e+00  4.5950987231e+00  6.3638776753e-01  6.9718413761e-01  4.4540219894e+00  1.0615909108e-01 -1.8639073441e+00  3.3255861314e+00  9.3143795356e-02  4.9444823588e-01  3.1950855980e+00 -4.6374603675e-01 -7.8841129671e-01  2.6210028993e+00 -4.7581925418e-01  7.5747750240e-02  3.0727448011e-01 -9.3378488787e-01 -2.1792518872e+00  2.3825645782e+00 -3.2884442334e+00 -9.6943297271e-01  1.3329325699e+00 -1.0571410058e+00 -3.5404367650e+00  1.2051259633e+00 -1.3676565936e+00 -1.9783575006e+00 -2.3166928804e-01 -2.7629361169e+00 -2.2773749771e+00  1.0349285409e+00 -2.0906675114e+00 -2.1760577377e-01  6.1481008461e+00  1.0874789941e+00 -2.4928586302e+00  5.1303309887e+00  1.0708356981e+00  1.6962153429e+00  4.8822214944e+00  1.1219310590e-01 -2.8493409114e+00  2.8743804162e+00  1.1289825062e-01  1.3318449883e+00  2.6607967519e+00 -9.0154553750e-01 -3.6093371481e-01 -6.7528241909e-01 -1.1028209126e+00  8.9320664488e-01  4.5021585530e-01 -1.6508392883e+00  4.7092504623e-01  3.5251402308e-01  8.3569561054e-02 -3.0248179103e+00  2.2492938194e+00 -3.9652682863e+00 -2.2579144465e+00  3.3332340859e+00 -2.7618089537e+00 -1.2337335884e+00  2.3008581499e+00 -3.8256226950e+00
ENERGY -9.148714385442e+02

JOB 4
COORDS -4.0142615017e-01  5.1699168179e+00  6.4258497027e-01 -1.6656599254e+00  4.5748996030e+00  7.1619791814e-01  6.4995518923e-01  4.4710468529e+00  4.2960827541e-02 -1.8835383617e+00  3.2935885055e+00  2.0585726308e-01  4.3851833701e-01  3.1980107447e+00 -4.9323493207e-01 -8.3055215502e-01  2.6005349631e+00 -4.1593634796e-01  7.0272765194e-02  3.3446822811e-01 -9.9035139484e-01 -2.0133981203e+00  2.3755320911e+00 -3.3110562180e+00 -1.0422839557e+00  1.2941972035e+00 -9.5440632610e-01 -3.5729190486e+00  1.3748348566e+00 -1.4409832747e+00 -2.0559992786e+00 -2.2640507979e-01 -2.7096199811e+00 -2.2932191441e+00  1.0770875287e+00 -2.0855623400e+00 -2.3640492223e-01  6.1619410515e+00  1.0538103802e+00 -2.4884170574e+00  5.1020637439e+00  1.1920701976e+00  1.6385726385e+00  4.9185823455e+00 -1.8392760494e-02 -2.8581104865e+00  2.8253592332e+00  2.8004803499e-01  1.2605951809e+00  2.6739027199e+00 -9.7010617193e-01 -3.2828851336e-01 -6.6696117677e-01 -1.1398270150e+00  7.9782227296e-01  5.4307555170e-01 -1.7856329252e+00  5.7239623777e-01  3.7871607934e-01 -2.1580012058e-02 -2.8100372007e+00  2.2776567025e+00 -4.0504296085e+00 -2.0661226074e+00  3.3446894167e+00 -2.8155999561e+00 -1.0376084787e+00  2.2159549631e+00 -3.7721319320e+00
ENERGY -9.148729438488e+02

JOB 5
COORDS -4.2426834142e-01  5.1820292722e+00  6.7482027935e-01 -1.6594535757e+00  4.5556736285e+00  8.7653316443e-01  5.7601524624e-01  4.5133810846e+00 -3.6042022209e-02 -1.8984383722e+00  3.2724163355e+00  3.8174700938e-01  3.3976432815e-01  3.2366777255e+00 -5.5395275207e-01 -8.9939247371e-01  2.6091570502e+00 -3.4880791255e-01 -1.2257358661e-02  3.6723730710e-01 -1.0051105137e+00 -1.8916442392e+00  2.2631126475e+00 -3.3536426047e+00 -1.1472093347e+00  1.2916799500e+00 -8.5854840367e-01 -3.6190368529e+00  1.6658980360e+00 -1.4534536127e+00 -2.3045200594e+00 -2.3546079833e-01 -2.5257372237e+00 -2.3811661077e+00  1.1385175938e+00 -2.0255530794e+00 -2.4146428165e-01  6.1761439168e+00  1.0735372149e+00 -2.4406112169e+00  5.0618260563e+00  1.4374795356e+00  1.5418524685e+00  4.9856145716e+00 -1.9581685268e-01 -2.8501715866e+00  2.7807801416e+00  5.4431458979e-01  1.1224243485e+00  2.7335522706e+00 -1.1128809782e+00 -3.9638545109e-01 -6.4048407500e-01 -1.1510011616e+00  6.5176394064e-01  6.1567605473e-01 -1.8444414638e+00  5.6082042452e-01  4.0225509913e-01 -7.6338172808e-02 -2.6664212049e+00  2.1983243232e+00 -4.1194362827e+00 -1.8334576616e+00  3.2740424244e+00 -2.9500175128e+00 -9.3026388840e-01  1.9371581690e+00 -3.7538411647e+00
ENERGY -9.148740345516e+02

JOB 6
COORDS -4.4516890269e-01  5.1871306291e+00  7.4520404356e-01 -1.6446867406e+00  4.5215892501e+00  1.0235616838e+00  5.1588666755e-01  4.5686151090e+00 -5.8805355392e-02 -1.8837034293e+00  3.2466023394e+00  5.0934801252e-01  2.7678590509e-01  3.2990050637e+00 -5.9335164005e-01 -9.2574037347e-01  2.6325329652e+00 -3.1171677217e-01 -2.8763391227e-02  4.3086758374e-01 -1.0526402845e+00 -1.7389612780e+00  2.0676548773e+00 -3.4520738422e+00 -1.1836362435e+00  1.3150008893e+00 -8.2642554739e-01 -3.5642861566e+00  1.9496360752e+00 -1.5392093538e+00 -2.5060933113e+00 -2.2301799204e-01 -2.3560654103e+00 -2.4055085212e+00  1.1969117080e+00 -2.0137988264e+00 -2.5884588510e-01  6.1750862753e+00  1.1574798115e+00 -2.3942474563e+00  4.9907032720e+00  1.6552806933e+00  1.4533836217e+00  5.0736119794e+00 -2.7657101781e-01 -2.8065778901e+00  2.7224166822e+00  7.2699906904e-01  1.0301886015e+00  2.8331730837e+00 -1.2208943560e+00 -3.9254450764e-01 -5.8138735845e-01 -1.2227900194e+00  5.9780384580e-01  7.3071073278e-01 -1.9041191223e+00  5.8056985039e-01  4.4420274304e-01 -1.4690110563e-01 -2.5041265922e+00  2.0203081445e+00 -4.2288444031e+00 -1.5419549497e+00  3.1031408727e+00 -3.1715619673e+00 -8.3130106727e-01  1.5613547097e+00 -3.7828846739e+00
ENERGY -9.148740842634e+02

JOB 7
COORDS -4.5344776683e-01  5.1724644305e+00  8.6126716860e-01 -1.6355014674e+00  4.4858987177e+00  1.1632806878e+00  4.7887605291e-01  4.5914907101e+00 -1.7147334013e-03 -1.8841425671e+00  3.2283342739e+00  6.1354837184e-01  2.2861111991e-01  3.3384302195e+00 -5.7053327058e-01 -9.5600904680e-01  2.6517750493e+00 -2.6597047780e-01 -7.4432545204e-02  4.9774513671e-01 -1.1271656891e+00 -1.7190782533e+00  1.8421514994e+00 -3.5244533218e+00 -1.2338862268e+00  1.3467369032e+00 -8.0769032556e-01 -3.5080053516e+00  2.2406633671e+00 -1.5981874220e+00 -2.7920057660e+00 -1.4363677125e-01 -2.1593355665e+00 -2.4808284190e+00  1.2761516629e+00 -1.9827586499e+00 -2.5862551790e-01  6.1471928242e+00  1.3003218094e+00 -2.3635012215e+00  4.9258726166e+00  1.8395428528e+00  1.4029629110e+00  5.1123431005e+00 -2.3857325730e-01 -2.7935756045e+00  2.6883456169e+00  8.4999085369e-01  9.6289877443e-01  2.9038611283e+00 -1.2414387606e+00 -4.3312536801e-01 -5.0431397289e-01 -1.3638676998e+00  5.3167902639e-01  8.6928652124e-01 -1.9636049505e+00  5.5519212481e-01  4.4423827711e-01 -2.3687323300e-01 -2.5178565161e+00  1.8689283673e+00 -4.2676461100e+00 -1.3101560290e+00  2.8421872460e+00 -3.3698948190e+00 -9.4953392031e-01  1.1316038592e+00 -3.8249470660e+00
ENERGY -9.148723425026e+02

JOB 8
COORDS -4.5779158976e-01  5.1796948036e+00  9.8203955998e-01 -1.6394253910e+00  4.4780757005e+00  1.2493642030e+00  4.8136481701e-01  4.6359059956e+00  1.0282936091e-01 -1.8795744717e+00  3.2427209437e+00  6.4903881542e-01  2.3816037109e-01  3.4055374005e+00 -5.1670449447e-01 -9.4533089286e-01  2.7031538823e+00 -2.4729015025e-01 -4.9607163021e-02  6.1234449214e-01 -1.2222407601e+00 -1.7102299443e+00  1.5852830532e+00 -3.6072541301e+00 -1.2181270507e+00  1.4163343427e+00 -8.3288542797e-01 -3.3719612195e+00  2.5100771303e+00 -1.7342716716e+00 -3.0071396657e+00 -3.3656360159e-03 -1.9724704118e+00 -2.4962427083e+00  1.3688677614e+00 -1.9886669627e+00 -2.6889563542e-01  6.1370383084e+00  1.4601765222e+00 -2.3732367509e+00  4.8886361183e+00  1.9377121668e+00  1.4050479323e+00  5.1684993035e+00 -1.0817558143e-01 -2.7880323178e+00  2.6909000611e+00  8.6239726543e-01  9.7871570838e-01  3.0026647584e+00 -1.2000751148e+00 -3.9043832274e-01 -3.8601783419e-01 -1.5034074236e+00  5.3257357407e-01  1.0412043178e+00 -2.0472727479e+00  5.9888494914e-01  5.1876130957e-01 -3.4890824431e-01 -2.5307208221e+00  1.6321075058e+00 -4.3255048171e+00 -1.1470956894e+00  2.5205478879e+00 -3.6161946860e+00 -1.0761247168e+00  7.2589418716e-01 -3.8183966966e+00
ENERGY -9.148688271435e+02

JOB 9
COORDS -4.6796371910e-01  5.1565587205e+00  1.1132590527e+00 -1.6544227508e+00  4.4428985670e+00  1.3204008640e+00  4.8897740869e-01  4.6576013617e+00  2.2659721089e-01 -1.8794560287e+00  3.2390321106e+00  6.5451988876e-01  2.6037384793e-01  3.4609419177e+00 -4.6051761506e-01 -9.2613498651e-01  2.7450694375e+00 -2.4786571616e-01 -1.0683575303e-02  7.2081865690e-01 -1.3317936500e+00 -1.7650831874e+00  1.3140087680e+00 -3.6679602826e+00 -1.1844164997e+00  1.4889887353e+00 -8.9764542220e-01 -3.1841609292e+00  2.7695630231e+00 -1.9331748836e+00 -3.2329285708e+00  2.2715173084e-01 -1.7950016231e+00 -2.5052601692e+00  1.4777684155e+00 -2.0206441211e+00 -2.9000604944e-01  6.0889122866e+00  1.6422302193e+00 -2.4031072563e+00  4.8186527656e+00  2.0125884286e+00  1.4151447137e+00  5.2015731083e+00  6.0261250414e-02 -2.7908877681e+00  2.6758705815e+00  8.2467178543e-01  1.0118415883e+00  3.0957173932e+00 -1.1532323915e+00 -3.2666791782e-01 -2.8868043479e-01 -1.6053521435e+00  5.3538656528e-01  1.1687586588e+00 -2.1716702356e+00  6.6688626653e-01  6.3733426203e-01 -4.7993380197e-01 -2.6098276627e+00  1.3802288628e+00 -4.3561104996e+00 -1.0692897254e+00  2.1352275855e+00 -3.8485898693e+00 -1.2835356562e+00  3.4239729729e-01 -3.7591368434e+00
ENERGY -9.148643585574e+02

JOB 10
COORDS -2.7487375608e-01  5.4407609102e+00  5.0573622590e-01 -1.0755808814e+00  5.1328469441e+00 -5.9963471415e-01  2.0468726409e-01  4.4100432059e+00  1.3192859486e+00 -1.3831342415e+00  3.8057128800e+00 -9.0359118516e-01 -1.2151195029e-01  3.0804613242e+00  1.0387633071e+00 -9.0863957407e-01  2.7742354767e+00 -7.9603652805e-02 -2.7210090119e-01  3.6476582869e-01 -7.4270765060e-02 -2.9951541593e+00 -7.2322327704e-01 -1.9566677470e-01 -1.2350868731e+00  1.4165381182e+00 -4.1115611695e-01 -3.5499518289e+00  1.4939305481e+00 -1.5565309112e+00 -3.4436275730e+00  1.6027704427e+00  9.6935943363e-01 -2.9231957017e+00  1.0783132371e+00 -2.9904800690e-01 -2.7200106251e-02  6.4745470543e+00  7.3103376815e-01 -1.4509250507e+00  5.9273400740e+00 -1.2391323955e+00  8.2099969941e-01  4.6397931819e+00  2.1845718068e+00 -1.9903828023e+00  3.5573022483e+00 -1.7677977179e+00  2.2821892359e-01  2.2896231064e+00  1.6951866920e+00 -4.2716918149e-01 -5.0818158802e-01 -7.0998122033e-01  7.2177317748e-01  7.5749812233e-01 -2.9692805283e-01 -2.9317898530e-01  5.2505522710e-02  9.7963044965e-01 -4.0648559674e+00 -9.2972250755e-01 -1.2601956127e-01 -2.5875770219e+00 -1.1736019074e+00 -1.1006252009e+00 -2.4892221669e+00 -1.0693501634e+00  7.0457884814e-01
ENERGY -9.148608222019e+02

JOB 11
COORDS -2.9315205187e-01  5.4180795543e+00  5.7019884691e-01 -1.1354519040e+00  5.1344190781e+00 -5.1102984751e-01  2.3896173147e-01  4.3670224117e+00  1.3215199511e+00 -1.4320814441e+00  3.8145418422e+00 -8.5047062893e-01 -7.6355916801e-02  3.0419122564e+00  1.0065154599e+00 -9.0763976809e-01  2.7607702986e+00 -8.6260408276e-02 -2.6180329266e-01  3.5562107077e-01 -1.3213457405e-01 -2.9988244396e+00 -7.0057871099e-01 -5.3198107127e-02 -1.2205931537e+00  1.4132428224e+00 -4.5478596021e-01 -3.3906226813e+00  1.1996636113e+00 -1.8546304782e+00 -3.5665273277e+00  1.8055583163e+00  5.9638396915e-01 -2.9098758728e+00  1.0542305250e+00 -4.7793047957e-01 -5.3481347204e-02  6.4473627265e+00  8.2275670450e-01 -1.5515870727e+00  5.9439072531e+00 -1.1047944932e+00  8.9050350384e-01  4.5754612288e+00  2.1661971900e+00 -2.0649524914e+00  3.5910323845e+00 -1.7038987002e+00  3.1990311956e-01  2.2365481406e+00  1.6171486449e+00 -4.2384380843e-01 -5.1041412828e-01 -7.7606902413e-01  7.3471668731e-01  7.4191668905e-01 -3.5494120479e-01 -2.8282075790e-01  3.2554945865e-02  9.1825080097e-01 -4.0718038070e+00 -8.9424402436e-01  1.2001933328e-03 -2.5511785229e+00 -1.3058598469e+00 -8.4042286677e-01 -2.5378858214e+00 -8.7827637787e-01  9.1809422938e-01
ENERGY -9.148596038591e+02

JOB 12
COORDS -3.2886500362e-01  5.3766355398e+00  6.7808380160e-01 -1.1369477467e+00  5.1553399921e+00 -4.4349616069e-01  1.9735574863e-01  4.2847313817e+00  1.3724266323e+00 -1.4066104468e+00  3.8572827834e+00 -8.7431763593e-01 -8.9903389161e-02  2.9793469962e+00  9.6100376063e-01 -8.9000063240e-01  2.7604578675e+00 -1.6860148849e-01 -2.1432180146e-01  3.7878294267e-01 -3.2305059847e-01 -2.9530704499e+00 -5.9641849910e-01  1.5928865894e-01 -1.1713230319e+00  1.4393639005e+00 -6.4836265629e-01 -3.2202210591e+00  7.6249667420e-01 -2.0736992206e+00 -3.5917564343e+00  1.9887303266e+00  1.1763659455e-01 -2.8521754680e+00  1.0068736010e+00 -6.7730897658e-01 -1.0972174175e-01  6.3897288107e+00  1.0041350694e+00 -1.5478500389e+00  5.9972373169e+00 -9.9418933875e-01  8.2538091498e-01  4.4444923385e+00  2.2450406462e+00 -2.0147550008e+00  3.6837887413e+00 -1.7567501637e+00  3.1044130792e-01  2.1424174847e+00  1.5245507916e+00 -3.7492506163e-01 -4.7683458676e-01 -9.8259648801e-01  7.8627460578e-01  7.6377090625e-01 -5.2889462694e-01 -2.5057510240e-01  4.1121461197e-02  7.2146288481e-01 -4.0237777215e+00 -8.0684855699e-01  1.9158092659e-01 -2.4408018909e+00 -1.3580280508e+00 -4.2573683595e-01 -2.5568695799e+00 -5.1955699464e-01  1.1723412715e+00
ENERGY -9.148606018821e+02

JOB 13
COORDS -3.7685602793e-01  5.2986268360e+00  8.2363856131e-01 -1.1563870220e+00  5.1502925399e+00 -3.2978811462e-01  1.3319410642e-01  4.1643730059e+00  1.4592529126e+00 -1.4175617130e+00  3.8826193006e+00 -8.4745947421e-01 -1.4248316586e-01  2.8883357669e+00  9.5695972074e-01 -9.1934496440e-01  2.7420294136e+00 -2.0082041012e-01 -2.3131432851e-01  3.8347298665e-01 -4.7749414452e-01 -2.9547376288e+00 -4.0066019075e-01  4.4516755373e-01 -1.1905013169e+00  1.4537517314e+00 -7.7820607305e-01 -3.1181961628e+00  3.3946751198e-01 -2.0587299944e+00 -3.6559331872e+00  2.0752072638e+00 -2.7428880653e-01 -2.8515358408e+00  9.5364601296e-01 -7.5637213752e-01 -1.6531558594e-01  6.2886562805e+00  1.2184322256e+00 -1.5530457070e+00  6.0261493659e+00 -8.3612593188e-01  7.4249683401e-01  4.2672453542e+00  2.3534190081e+00 -2.0080051684e+00  3.7656643843e+00 -1.7499313241e+00  2.5467608597e-01  2.0193120201e+00  1.4717244792e+00 -4.2883176279e-01 -4.6681427048e-01 -1.1345497337e+00  7.6817824355e-01  7.5665598837e-01 -7.0897077835e-01 -2.4629365941e-01  4.5107977297e-02  5.6631373762e-01 -4.0163192504e+00 -6.5175678279e-01  4.8458043996e-01 -2.3819510682e+00 -1.2539602626e+00  8.7421104033e-02 -2.6135324909e+00 -5.8506375043e-02  1.4237415710e+00
ENERGY -9.148643588396e+02

JOB 14
COORDS -4.3678545146e-01  5.2165026228e+00  8.8563566462e-01 -1.1835492800e+00  5.1153875845e+00 -2.9424881577e-01  6.0371792871e-02  4.0578463681e+00  1.4866279063e+00 -1.4273286434e+00  3.8699893117e+00 -8.7189206484e-01 -1.9579985745e-01  2.8036780813e+00  9.2255161315e-01 -9.4278224360e-01  2.7045677428e+00 -2.6010586869e-01 -2.1846414770e-01  3.7004288576e-01 -6.4703109981e-01 -2.9628170354e+00 -1.7539334164e-01  6.0390151082e-01 -1.1980851335e+00  1.4383392492e+00 -8.9595943532e-01 -2.9930544661e+00  6.5712495482e-03 -2.0122135953e+00 -3.6907639367e+00  2.0572653490e+00 -6.6469859010e-01 -2.8326813820e+00  8.9053517274e-01 -8.5594679676e-01 -2.3923437408e-01  6.1894857033e+00  1.3273316138e+00 -1.5687500298e+00  6.0111188526e+00 -7.7398378204e-01  6.4613635183e-01  4.1244654577e+00  2.3997456591e+00 -1.9954709471e+00  3.7877439867e+00 -1.7916067993e+00  1.9575425018e-01  1.9153312219e+00  1.4077185362e+00 -4.4516652102e-01 -4.7191723021e-01 -1.3041403335e+00  7.6940947218e-01  7.5294088445e-01 -9.1071395184e-01 -1.9308851721e-01  2.0391977155e-02  3.9254328390e-01 -4.0162770912e+00 -4.5367703508e-01  6.6808601996e-01 -2.3489741810e+00 -1.0628543188e+00  4.5942104451e-01 -2.6663742342e+00  3.8668469933e-01  1.4916127791e+00
ENERGY -9.148688280498e+02

JOB 15
COORDS -4.8835589911e-01  5.1313240939e+00  9.4611213979e-01 -1.2204246622e+00  5.0644557285e+00 -2.4527766700e-01  1.8118178463e-02  3.9576400998e+00  1.5096193454e+00 -1.4418140575e+00  3.8384171198e+00 -8.7254768461e-01 -2.1448284611e-01  2.7225940719e+00  8.9567623426e-01 -9.4757665420e-01  2.6581008718e+00 -2.9840155044e-01 -1.6641963240e-01  3.5600979133e-01 -8.0025557224e-01 -2.9773796511e+00  6.8170046967e-02  7.0952197103e-01 -1.1808789443e+00  1.4085595938e+00 -9.7562764844e-01 -2.8615396987e+00 -2.6201764010e-01 -1.9041957636e+00 -3.6841197048e+00  1.9782868756e+00 -1.0003403324e+00 -2.7919662262e+00  8.2435085206e-01 -9.2490852713e-01 -3.0887685073e-01  6.0897180519e+00  1.4258004664e+00 -1.6121883272e+00  5.9725103262e+00 -6.9565551774e-01  5.9324994021e-01  3.9978914922e+00  2.4309897352e+00 -2.0008774016e+00  3.7811145590e+00 -1.7992361449e+00  1.8397963358e-01  1.8206712500e+00  1.3495016279e+00 -3.8581190298e-01 -4.5585667165e-01 -1.4941615775e+00  8.0509840936e-01  7.8370026452e-01 -1.0553072240e+00 -1.1548592646e-01 -4.6863973145e-02  2.1958496002e-01 -4.0173302013e+00 -2.5536656335e-01  7.7974154944e-01 -2.3110090003e+00 -7.9080262348e-01  7.8365051926e-01 -2.7599177286e+00  8.1768104757e-01  1.4724453816e+00
ENERGY -9.148723423191e+02

JOB 16
COORDS -5.3950874408e-01  5.0644850818e+00  1.0331739716e+00 -1.3032326438e+00  4.9992312577e+00 -1.3807291418e-01  2.8736833989e-02  3.8974519527e+00  1.5505660561e+00 -1.4955951500e+00  3.7821720589e+00 -7.9311467786e-01 -1.7439095451e-01  2.6709437701e+00  9.1068391087e-01 -9.3876064456e-01  2.6078257387e+00 -2.6446961548e-01 -7.7566325517e-02  3.4855528521e-01 -8.6084275916e-01 -3.0085041883e+00  2.8051219475e-01  8.0699546776e-01 -1.1395343112e+00  1.3633459913e+00 -9.5614435099e-01 -2.6920458409e+00 -5.0252412016e-01 -1.7076669823e+00 -3.6470474136e+00  1.8181184344e+00 -1.2494316028e+00 -2.7263951800e+00  7.3203723365e-01 -9.2149564067e-01 -3.8318336876e-01  6.0166535098e+00  1.5328814818e+00 -1.7418508400e+00  5.9027488481e+00 -5.5307838355e-01  6.2844064789e-01  3.9365254394e+00  2.4561919436e+00 -2.0794468212e+00  3.7259587977e+00 -1.7041844120e+00  2.6864626874e-01  1.7717495276e+00  1.3273540790e+00 -2.6810694189e-01 -4.2576117703e-01 -1.6024788913e+00  8.7005678061e-01  8.3920732825e-01 -1.0914168501e+00 -6.1289233274e-04 -1.1972789362e-01  1.3014344076e-01 -4.0239025128e+00 -1.1528205458e-01  8.6484970358e-01 -2.2869288726e+00 -4.8455516757e-01  1.0962122212e+00 -2.9113053442e+00  1.1769586959e+00  1.4205906937e+00
ENERGY -9.148740858674e+02

JOB 17
COORDS -5.5210965524e-01  5.0088401137e+00  1.0795173392e+00 -1.3933256695e+00  4.9306696120e+00 -3.6215916186e-02  1.0550744793e-01  3.8597250360e+00  1.5268694012e+00 -1.5750575204e+00  3.7199356884e+00 -7.0683350532e-01 -8.6560842813e-02  2.6382511411e+00  8.7492063528e-01 -9.2916527694e-01  2.5614652579e+00 -2.4558389628e-01 -2.9490332427e-02  3.3047174352e-01 -9.2057957868e-01 -3.1331183638e+00  5.1680887167e-01  8.0408920733e-01 -1.1193838052e+00  1.3183972085e+00 -9.3514302136e-01 -2.5942740792e+00 -6.6397131344e-01 -1.5226166930e+00 -3.5962006525e+00  1.6787610091e+00 -1.5173360134e+00 -2.6992384904e+00  6.7676753116e-01 -9.4358051459e-01 -4.0517549754e-01  5.9568222519e+00  1.5897664567e+00 -1.9007286114e+00  5.8205167450e+00 -3.9929684429e-01  7.6552688090e-01  3.9082181975e+00  2.3890777385e+00 -2.2176257052e+00  3.6566690801e+00 -1.5768727978e+00  4.2251250169e-01  1.7516997519e+00  1.2395568218e+00 -2.2649018397e-01 -4.2137720573e-01 -1.6823143737e+00  8.9420874612e-01  8.5804297765e-01 -1.1669864456e+00  9.4077756925e-02 -1.7357085447e-01  4.7807298426e-02 -4.1471451940e+00  1.1499375391e-01  8.3886735889e-01 -2.4323986921e+00 -1.7203695930e-01  1.2785582532e+00 -3.0947563829e+00  1.5043276184e+00  1.2641460116e+00
ENERGY -9.148740352175e+02

JOB 18
COORDS -5.4527881089e-01  4.9772485298e+00  1.1030825791e+00 -1.4751808220e+00  4.8463971750e+00  6.5824205852e-02  2.1118323560e-01  3.8668958544e+00  1.4881092941e+00 -1.6478539344e+00  3.6255431388e+00 -5.8945514967e-01  2.9911574450e-02  2.6337377244e+00  8.5618887968e-01 -9.0184804646e-01  2.5042199180e+00 -1.8713802424e-01  5.0700211136e-02  3.0767502846e-01 -9.2480356346e-01 -3.2454480831e+00  6.5910491102e-01  7.7980249098e-01 -1.0777133896e+00  1.2455480229e+00 -8.3992459109e-01 -2.4758933940e+00 -8.1470986730e-01 -1.3104637133e+00 -3.4938419329e+00  1.4830949472e+00 -1.7081417127e+00 -2.6435680199e+00  5.8754584848e-01 -9.2276008606e-01 -4.0695694226e-01  5.9337933131e+00  1.5994049888e+00 -2.0600604813e+00  5.7054096654e+00 -2.5246099723e-01  9.4011426622e-01  3.9538612608e+00  2.2896813659e+00 -2.3544727182e+00  3.5293631506e+00 -1.4055239045e+00  6.1315225883e-01  1.7764411192e+00  1.1767486765e+00 -1.6189457848e-01 -4.3659295659e-01 -1.6895963758e+00  9.3204251805e-01  8.8141991634e-01 -1.2192066809e+00  2.5539881232e-01 -2.1165970258e-01  2.0559984400e-02 -4.2597776492e+00  2.5686697240e-01  7.6473948182e-01 -2.5963193746e+00  4.5110147923e-02  1.4057919136e+00 -3.2490975119e+00  1.6980715925e+00  1.1085186771e+00
ENERGY -9.148729439683e+02

JOB 19
COORDS -5.1889070953e-01  4.9749920739e+00  1.1055788862e+00 -1.5009017712e+00  4.8079982791e+00  1.2386136242e-01  2.7763870756e-01  3.8836619303e+00  1.4655996778e+00 -1.6858478085e+00  3.5723730125e+00 -5.0119976210e-01  8.5674259980e-02  2.6358854568e+00  8.6802987498e-01 -8.9905820713e-01  2.4712149591e+00 -1.2097389971e-01  8.4839221964e-02  3.2510982347e-01 -9.7961336425e-01 -3.3731965185e+00  7.1434659456e-01  7.0160327703e-01 -1.0741803836e+00  1.1918880466e+00 -7.2296689956e-01 -2.4344439075e+00 -8.7013982864e-01 -1.2373546103e+00 -3.4036567247e+00  1.3991566047e+00 -1.8402405649e+00 -2.6258627897e+00  5.5017270045e-01 -9.3408462752e-01 -3.7176625302e-01  5.9423223510e+00  1.5778313534e+00 -2.1176643638e+00  5.6506286425e+00 -1.7779985315e-01  1.0466340909e+00  3.9973905667e+00  2.2252605219e+00 -2.4273733480e+00  3.4552804065e+00 -1.2832710450e+00  6.9675589158e-01  1.7913520498e+00  1.1714182849e+00 -1.6033533882e-01 -3.8389734808e-01 -1.7683951518e+00  9.0769972436e-01  9.6035874054e-01 -1.3145137889e+00  3.9552571455e-01 -2.3862671706e-01 -9.1631129515e-02 -4.3839602761e+00  3.1209813421e-01  6.1515549848e-01 -2.7839284518e+00  1.3397002066e-01  1.4124390331e+00 -3.4028710128e+00  1.7685585971e+00  9.7523038940e-01
ENERGY -9.148714231784e+02

JOB 20
COORDS -4.1309205330e-01  5.0413632543e+00  1.0203339542e+00 -8.6829779392e-01  4.8999513659e+00 -2.9590422790e-01 -1.8697708265e-01  3.9081495882e+00  1.8080407625e+00 -1.0967271309e+00  3.6293972609e+00 -8.2893153198e-01 -4.1790916554e-01  2.6345387188e+00  1.2789585231e+00 -8.7153688227e-01  2.4947238877e+00 -3.7737728416e-02 -1.7559856051e-02  6.4070860804e-01 -1.4530681975e+00 -3.2315879467e+00  2.7291262919e-01  7.9940272598e-01 -1.0627915698e+00  1.1620526075e+00 -5.5208067768e-01 -2.5796555592e+00 -5.5734539606e-01 -1.6393141183e+00 -3.4734999664e+00  1.8081409124e+00 -1.3406768873e+00 -2.6644224961e+00  6.8235451432e-01 -8.5999775073e-01 -2.3707588862e-01  6.0322850729e+00  1.4306194260e+00 -1.0509237336e+00  5.7805240711e+00 -9.0599315272e-01  1.6675549429e-01  4.0141634488e+00  2.8301637114e+00 -1.4702977053e+00  3.5122387403e+00 -1.8408328369e+00 -2.4492802783e-01  1.7412158334e+00  1.8733280576e+00 -2.2348640772e-01 -4.0570805942e-01 -1.6751765647e+00  4.4839988950e-02  1.2047812120e+00 -2.3917689271e+00  9.3594462552e-01  7.2024049908e-01 -9.2541637611e-01 -4.2833860461e+00 -5.2012612106e-03  7.1125830114e-01 -2.6329396600e+00 -5.5936212456e-01  1.1681841441e+00 -3.1242415150e+00  1.1549168543e+00  1.4320645308e+00
ENERGY -9.148720498622e+02

JOB 21
COORDS -4.3526616843e-01  5.0292782780e+00  1.0830341159e+00 -8.9032657098e-01  4.8950207888e+00 -2.3387872678e-01 -1.7654249514e-01  3.8897796504e+00  1.8516063409e+00 -1.0872204004e+00  3.6274431954e+00 -7.8686873381e-01 -3.7436001149e-01  2.6189661879e+00  1.3029854932e+00 -8.2947667628e-01  2.4868571000e+00 -1.3932208923e-02  5.0164436131e-03  7.4446896474e-01 -1.5566063266e+00 -3.2400956889e+00  4.8657085880e-01  7.9579205261e-01 -9.8832091601e-01  1.1513916600e+00 -5.4084776451e-01 -2.5019952927e+00 -6.4880925999e-01 -1.5014081265e+00 -3.3612193305e+00  1.7409320953e+00 -1.5324005237e+00 -2.5957611845e+00  6.7363089957e-01 -8.7421642004e-01 -2.8441986625e-01  6.0181412741e+00  1.5080354449e+00 -1.0978697164e+00  5.7795479186e+00 -8.3013359177e-01  1.7822771119e-01  3.9887884198e+00  2.8740501781e+00 -1.4620513635e+00  3.5182306754e+00 -1.7991385818e+00 -1.7539543265e-01  1.7207632861e+00  1.8813022965e+00 -1.6264680842e-01 -2.9967859430e-01 -1.8196211504e+00 -3.8322673696e-02  1.3620422853e+00 -2.4621278898e+00  9.9229252211e-01  8.4946840475e-01 -1.1011357267e+00 -4.2912757259e+00  2.1415304205e-01  6.8639740553e-01 -2.6783904315e+00 -3.0386077792e-01  1.2924124456e+00 -3.1471514796e+00  1.4376517851e+00  1.3204281094e+00
ENERGY -9.148727562957e+02

JOB 22
COORDS -4.6554688589e-01  4.9780875560e+00  1.1321551762e+00 -9.7451091751e-01  4.8497589969e+00 -1.6518901049e-01 -1.2058215215e-01  3.8358284447e+00  1.8623899435e+00 -1.1388040340e+00  3.5856406934e+00 -7.3811504477e-01 -2.8782973816e-01  2.5688158773e+00  1.2959294887e+00 -7.9697187073e-01  2.4426366383e+00 -1.7272244945e-03  3.5320266146e-02  7.9326555477e-01 -1.6295166898e+00 -3.2736496585e+00  6.9966454525e-01  7.2724052129e-01 -9.1872078416e-01  1.1049975531e+00 -5.4137735132e-01 -2.4191248357e+00 -7.9480828181e-01 -1.3204265552e+00 -3.2125650745e+00  1.5671601957e+00 -1.7774634312e+00 -2.5193860246e+00  6.0736133354e-01 -9.0442150802e-01 -3.3921353457e-01  5.9639647043e+00  1.5718038224e+00 -1.2473293163e+00  5.7357612107e+00 -7.3232976787e-01  2.7617670296e-01  3.9301459117e+00  2.8697322265e+00 -1.5524359619e+00  3.4802818662e+00 -1.7355221331e+00 -2.6749234838e-02  1.6683128178e+00  1.8449382159e+00 -7.4457398935e-02 -2.5588228964e-01 -1.9059303581e+00 -1.0910685409e-01  1.4258994299e+00 -2.5137454819e+00  1.0394288067e+00  9.5750905662e-01 -1.2332455354e+00 -4.3061449589e+00  3.7340720677e-01  5.9102718047e-01 -2.7368754643e+00  2.6876511517e-02  1.3953946905e+00 -3.2428962902e+00  1.7297269735e+00  1.0808056142e+00
ENERGY -9.148727406522e+02

JOB 23
COORDS -5.2002440831e-01  4.8811311111e+00  1.1618406359e+00 -1.0400358442e+00  4.7418428843e+00 -1.3021093073e-01 -1.2428352248e-01  3.7480631351e+00  1.8804690520e+00 -1.1653980435e+00  3.4757407115e+00 -7.0855905250e-01 -2.5260552899e-01  2.4788331875e+00  1.3085363272e+00 -7.7386231332e-01  2.3415641957e+00  1.7460186057e-02  8.1319593648e-03  7.7424671280e-01 -1.6979270371e+00 -3.3004958523e+00  8.5465816263e-01  6.9930046559e-01 -8.6577700752e-01  9.9903111469e-01 -5.2180810303e-01 -2.4024508694e+00 -9.7607469818e-01 -1.0383943657e+00 -3.0958970920e+00  1.2975154311e+00 -1.9080534759e+00 -2.4745339129e+00  4.7595674883e-01 -8.5574682508e-01 -4.2399532961e-01  5.8684432786e+00  1.6058419890e+00 -1.3517629862e+00  5.6206105113e+00 -6.8856129587e-01  2.8211160856e-01  3.8510813971e+00  2.8830951800e+00 -1.5886055915e+00  3.3614120544e+00 -1.7013795563e+00  4.7481081102e-02  1.5848735406e+00  1.8480162188e+00 -7.0801433431e-02 -2.7132498435e-01 -2.0009317941e+00 -2.4421974660e-01  1.4234632211e+00 -2.5442349188e+00  1.0331382320e+00  9.7548790493e-01 -1.3807813679e+00 -4.3098405452e+00  4.5522005979e-01  5.8520946976e-01 -2.7757415239e+00  3.4889905830e-01  1.5096292281e+00 -3.3286261589e+00  1.9329664181e+00  8.4590853677e-01
ENERGY -9.148716779340e+02

