JOB 0
COORDS  2.4072650266e+00 -5.5534741430e+00  2.0985592323e+00  2.1962153837e+00 -5.4921928248e+00  7.1786122733e-01  3.0195723213e+00 -4.4860237123e+00  2.7632918223e+00  2.5902120545e+00 -4.3615758257e+00 -6.5039852713e-03  6.7650566703e+00 -3.1458199765e-01  2.2533886916e+00  6.6658641583e+00 -2.1183297048e+00  8.4537617779e-01  5.8395158611e+00 -8.8959587214e-01  3.1966815730e+00  3.4132641420e+00 -3.3620239377e+00  2.0449595325e+00  3.1903176418e+00 -3.3072045770e+00  6.6891118421e-01  5.2128206096e+00 -1.8808839943e+00  2.4321952378e+00  5.3212368416e+00 -2.3760706656e-01  4.4428750674e+00  7.0376651993e+00 -8.1745901686e-01  1.0167548602e+00  6.0727155004e+00 -2.7470731717e+00  1.8782591131e+00  3.9460488903e+00 -2.2642502019e+00  2.7251452251e+00  3.5696067905e+00 -2.1999076303e+00 -1.0273540603e-02  2.1006416254e+00 -6.4310045911e+00  2.6598864373e+00  1.7237753904e+00 -6.3215001720e+00  1.9962239169e-01  3.2002285097e+00 -4.5121012111e+00  3.8336154613e+00  2.4365588783e+00 -4.2842338922e+00 -1.0784968906e+00  7.2478526864e+00  6.3414677948e-01  2.4879654840e+00  7.0991339038e+00 -2.6859989167e+00  2.5010206476e-02  4.3244470787e+00  1.9115972944e-01  4.2926133166e+00  5.2436783300e+00 -9.6854135146e-01  5.2545586869e+00  5.9955922122e+00  5.6097279367e-01  4.7645808462e+00
ENERGY -7.092006956854e+02

JOB 1
COORDS  2.4186940706e+00 -5.5829664609e+00  2.1285563799e+00  2.1486658042e+00 -5.5073585724e+00  7.5905593669e-01  3.0557350069e+00 -4.5214713055e+00  2.7797407247e+00  2.5075881283e+00 -4.3665854049e+00  3.2080440879e-02  6.8618453325e+00 -3.1999052777e-01  2.3334145851e+00  6.8033979984e+00 -2.0513162750e+00  8.5762293733e-01  5.8312433453e+00 -8.7532822704e-01  3.1264265188e+00  3.4138808250e+00 -3.3869028387e+00  2.0588257530e+00  3.1318396029e+00 -3.3177476543e+00  6.9359809344e-01  5.2201642410e+00 -1.8942196600e+00  2.3708636080e+00  5.2511479704e+00 -2.5655210410e-01  4.3642550328e+00  7.2398102603e+00 -8.0591085649e-01  1.1230683092e+00  6.0319138430e+00 -2.7352067825e+00  1.7304144461e+00  3.9708955800e+00 -2.2987833337e+00  2.7289072118e+00  3.4754758173e+00 -2.2007213936e+00  1.1104440940e-02  2.1391838276e+00 -6.4680646427e+00  2.6921841379e+00  1.6574120832e+00 -6.3324965148e+00  2.5172546554e-01  3.2823160055e+00 -4.5593617124e+00  3.8410194072e+00  2.3082418391e+00 -4.2773025305e+00 -1.0314540160e+00  7.3761738032e+00  5.8186666675e-01  2.6642755041e+00  7.2552216498e+00 -2.5908774612e+00  2.8167186680e-02  4.2630757573e+00  1.7496595009e-01  4.1725434991e+00  5.1296049294e+00 -1.0074735708e+00  5.1519431470e+00  5.9066943470e+00  5.3403613490e-01  4.7396927215e+00
ENERGY -7.092347339790e+02

JOB 2
COORDS  2.4490016651e+00 -5.6217410295e+00  2.1264751358e+00  2.1113201714e+00 -5.5046154883e+00  7.7507719057e-01  3.1071747773e+00 -4.5738407304e+00  2.7788582447e+00  2.4234069793e+00 -4.3366816406e+00  6.9784025639e-02  6.9079069939e+00 -3.3541017622e-01  2.3859087827e+00  6.8975296196e+00 -2.0438838231e+00  8.8750167668e-01  5.8146871976e+00 -8.6476649952e-01  3.0905375273e+00  3.4190455657e+00 -3.4113906519e+00  2.0807481387e+00  3.0691618004e+00 -3.3024148648e+00  7.3362684514e-01  5.2346604841e+00 -1.9208132966e+00  2.3640248355e+00  5.1848102277e+00 -2.2690652296e-01  4.2950283865e+00  7.3768860163e+00 -8.3773593435e-01  1.2203731409e+00  5.9970968277e+00 -2.7189285641e+00  1.6250191337e+00  3.9969432660e+00 -2.3402090600e+00  2.7569186868e+00  3.3672835288e+00 -2.1604666596e+00  7.1621671902e-02  2.2060524941e+00 -6.5274974045e+00  2.6740789179e+00  1.6035530394e+00 -6.3181772511e+00  2.6527407746e-01  3.3858846667e+00 -4.6433961689e+00  3.8260501527e+00  2.1712198820e+00 -4.2153850587e+00 -9.7927936440e-01  7.4113652752e+00  5.5659788103e-01  2.7581049550e+00  7.3783129391e+00 -2.5708737202e+00  6.6244195136e-02  4.2139122343e+00  2.1599138356e-01  4.0490940746e+00  5.0108545741e+00 -9.6744265961e-01  5.0823936953e+00  5.8317702980e+00  5.5865615499e-01  4.6949142247e+00
ENERGY -7.092577731846e+02

JOB 3
COORDS  2.4931790144e+00 -5.6478065415e+00  2.1034463884e+00  2.0885850131e+00 -5.4912822310e+00  7.7459035421e-01  3.1684031740e+00 -4.6125030158e+00  2.7585232461e+00  2.3505435778e+00 -4.2962890595e+00  9.4601704970e-02  6.9695846692e+00 -3.6356027472e-01  2.4229536177e+00  6.9859546434e+00 -2.0629054407e+00  9.2028237073e-01  5.8188029245e+00 -8.5277228481e-01  3.0451325987e+00  3.4306896073e+00 -3.4231081416e+00  2.0856338129e+00  3.0143832675e+00 -3.2752914244e+00  7.6120766415e-01  5.2559399057e+00 -1.9392495741e+00  2.3487383307e+00  5.1481845849e+00 -1.9539018534e-01  4.2180676493e+00  7.5148644138e+00 -9.0120863238e-01  1.3109189285e+00  5.9678876498e+00 -2.6972173959e+00  1.5269749255e+00  4.0272229448e+00 -2.3665449583e+00  2.7666218625e+00  3.2654962074e+00 -2.1081257458e+00  1.2466611556e-01  2.2889813878e+00 -6.5746368413e+00  2.6312800393e+00  1.5674083562e+00 -6.2951196658e+00  2.6286449659e-01  3.4985304667e+00 -4.7123824232e+00  3.7882137547e+00  2.0462692909e+00 -4.1443739759e+00 -9.3651679113e-01  7.4673976817e+00  5.1943300081e-01  2.8231454707e+00  7.4782242310e+00 -2.5891231816e+00  1.0507548179e-01  4.1816641427e+00  2.3259613198e-01  3.9319754996e+00  4.9544557759e+00 -9.2026618037e-01  5.0152344848e+00  5.7750358411e+00  6.0462358026e-01  4.6211980621e+00
ENERGY -7.092721516383e+02

JOB 4
COORDS  2.5399482385e+00 -5.6526820529e+00  2.0918185837e+00  2.0706887359e+00 -5.4613246045e+00  7.8901930190e-01  3.2299579270e+00 -4.6269353169e+00  2.7465613340e+00  2.2828409315e+00 -4.2419656415e+00  1.3544083066e-01  7.0285903893e+00 -3.8236879620e-01  2.4596798842e+00  7.0559820429e+00 -2.0838420941e+00  9.6418613330e-01  5.8275135049e+00 -8.2240690087e-01  3.0094094778e+00  3.4429368599e+00 -3.4131785100e+00  2.1002935329e+00  2.9628635280e+00 -3.2315609106e+00  8.0201736177e-01  5.2775535415e+00 -1.9375243218e+00  2.3468828371e+00  5.1235357593e+00 -1.3520980383e-01  4.1463582894e+00  7.6361034608e+00 -9.7063972989e-01  1.4096092786e+00  5.9389624673e+00 -2.6517676318e+00  1.4494270151e+00  4.0555411166e+00 -2.3672609465e+00  2.7830991213e+00  3.1676863852e+00 -2.0420456790e+00  1.9165709098e-01  2.3744040393e+00 -6.5985192585e+00  2.5990976716e+00  1.5374966050e+00 -6.2571780238e+00  2.7716318024e-01  3.6093983584e+00 -4.7530933120e+00  3.7561945574e+00  1.9280597651e+00 -4.0634728385e+00 -8.7507834546e-01  7.5233548116e+00  4.9613328052e-01  2.8731320037e+00  7.5556552374e+00 -2.6171164512e+00  1.5784887654e-01  4.1331338309e+00  2.1666569935e-01  3.8402871444e+00  4.9736301083e+00 -8.2072539509e-01  4.9870490282e+00  5.7033422705e+00  7.2220663976e-01  4.4985468498e+00
ENERGY -7.092799673505e+02

JOB 5
COORDS  2.5929242409e+00 -5.6814190577e+00  2.0628697058e+00  2.0618898070e+00 -5.4545070500e+00  7.8982405247e-01  3.2911406659e+00 -4.6647616632e+00  2.7230705171e+00  2.2199678974e+00 -4.2086993864e+00  1.7180810158e-01  7.0603275388e+00 -4.1637260066e-01  2.4963470641e+00  7.0952518204e+00 -2.1178698626e+00  1.0005258540e+00  5.8171829773e+00 -8.0780690280e-01  2.9838550118e+00  3.4509481469e+00 -3.4250087910e+00  2.1117040371e+00  2.9095912325e+00 -3.2080675260e+00  8.4339601846e-01  5.2877003239e+00 -1.9492148925e+00  2.3505396204e+00  5.0843581394e+00 -8.8223202541e-02  4.0818378881e+00  7.7168689900e+00 -1.0551878073e+00  1.5075764769e+00  5.9008726823e+00 -2.6032151557e+00  1.3769969257e+00  4.0744123554e+00 -2.3900279887e+00  2.8014647193e+00  3.0633100679e+00 -1.9941297357e+00  2.6787334600e-01  2.4689435157e+00 -6.6477708249e+00  2.5426020737e+00  1.5221166638e+00 -6.2431674664e+00  2.7371476033e-01  3.7176950173e+00 -4.8181206139e+00  3.7099062928e+00  1.8166855154e+00 -4.0027249988e+00 -8.1501549849e-01  7.5559783320e+00  4.5765202462e-01  2.9182112843e+00  7.6004141646e+00 -2.6537141396e+00  1.9928370424e-01  4.1048561650e+00  2.5801723737e-01  3.7365449037e+00  4.9065456426e+00 -7.4925484340e-01  4.9364491868e+00  5.6571153167e+00  7.7685366626e-01  4.4267589270e+00
ENERGY -7.092824232527e+02

JOB 6
COORDS  2.6372729438e+00 -5.7060588820e+00  2.0301310550e+00  2.0502093045e+00 -5.4460278006e+00  7.8830802513e-01  3.3427113361e+00 -4.6988382357e+00  2.6969575829e+00  2.1594381301e+00 -4.1770370022e+00  2.0811372740e-01  7.0838779899e+00 -4.5773458898e-01  2.5362406203e+00  7.1126220251e+00 -2.1589653986e+00  1.0397812755e+00  5.8019432409e+00 -7.9354218700e-01  2.9628089537e+00  3.4542722898e+00 -3.4362664170e+00  2.1226187872e+00  2.8576901033e+00 -3.1863548299e+00  8.8571062190e-01  5.2904107094e+00 -1.9585754219e+00  2.3572746509e+00  5.0455005139e+00 -4.0884590592e-02  4.0217382040e+00  7.7743318568e+00 -1.1535242153e+00  1.6102343376e+00  5.8541446119e+00 -2.5439195334e+00  1.3121294151e+00  4.0869753115e+00 -2.4117624201e+00  2.8203538307e+00  2.9652168976e+00 -1.9506733438e+00  3.4783708793e-01  2.5507674139e+00 -6.6905454829e+00  2.4802934717e+00  1.5043855138e+00 -6.2272522755e+00  2.6726805049e-01  3.8116216838e+00 -4.8770360584e+00  3.6601533850e+00  1.7121469933e+00 -3.9457487511e+00 -7.5381487819e-01  7.5874541119e+00  4.0917656232e-01  2.9633080925e+00  7.6187143669e+00 -2.6988722853e+00  2.4185038151e-01  4.0761618576e+00  2.9709909723e-01  3.6412183985e+00  4.8442300119e+00 -6.7491613421e-01  4.8913871673e+00  5.6123587955e+00  8.3291226044e-01  4.3542734358e+00
ENERGY -7.092798467755e+02

JOB 7
COORDS  2.6663051287e+00 -5.7307487024e+00  1.9841793990e+00  2.0194785303e+00 -5.4374130371e+00  7.7996029456e-01  3.3829235746e+00 -4.7354674459e+00  2.6570194171e+00  2.0800001162e+00 -4.1465725430e+00  2.4253636852e-01  7.0980862888e+00 -5.2584946464e-01  2.5431434144e+00  7.1052502087e+00 -2.2413368657e+00  1.0598756355e+00  5.7790976371e+00 -7.8695770425e-01  2.9200883376e+00  3.4461021660e+00 -3.4514977480e+00  2.1245818753e+00  2.7909764521e+00 -3.1684342476e+00  9.2522375708e-01  5.2855018383e+00 -1.9761588124e+00  2.3492134036e+00  5.0164085749e+00  7.9896545830e-03  3.9415438226e+00  7.8050926750e+00 -1.2919655170e+00  1.6845747294e+00  5.7974285960e+00 -2.4940285469e+00  1.2423870774e+00  4.0921425807e+00 -2.4381101841e+00  2.8278265983e+00  2.8538851158e+00 -1.9125687764e+00  4.2949710655e-01  2.6172044566e+00 -6.7324435505e+00  2.4007114135e+00  1.4647675451e+00 -6.2097853757e+00  2.5510678300e-01  3.8968313141e+00 -4.9395091833e+00  3.5917466499e+00  1.5863562697e+00 -3.8893658652e+00 -6.8969135315e-01  7.6221148860e+00  3.3221240001e-01  2.9634727935e+00  7.6063779462e+00 -2.7934354095e+00  2.6751602803e-01  4.0286481702e+00  2.8414261299e-01  3.5593763395e+00  4.8560505479e+00 -5.7030780970e-01  4.8576845434e+00  5.5583142938e+00  9.2157006753e-01  4.2008939011e+00
ENERGY -7.092719073620e+02

JOB 8
COORDS  2.7433603470e+00 -5.7319135009e+00  1.9354690605e+00  2.0463841875e+00 -5.4145751966e+00  7.6578194730e-01  3.4548890669e+00 -4.7398762660e+00  2.6183987998e+00  2.0521460816e+00 -4.1042858023e+00  2.7408831935e-01  7.1174978910e+00 -5.5953500064e-01  2.6037737157e+00  7.1002460480e+00 -2.2775490890e+00  1.1149921809e+00  5.7608640466e+00 -7.3848000506e-01  2.9161934258e+00  3.4639601406e+00 -3.4368013970e+00  2.1306317696e+00  2.7597007242e+00 -3.1297887490e+00  9.6581138076e-01  5.2892040489e+00 -1.9452383884e+00  2.3655163410e+00  4.9918945192e+00  8.8645729925e-02  3.9051181541e+00  7.8290616894e+00 -1.3932051522e+00  1.8091985373e+00  5.7605233270e+00 -2.3752065132e+00  1.2012450742e+00  4.1073393990e+00 -2.4286060078e+00  2.8464167562e+00  2.7694343699e+00 -1.8562529925e+00  5.1453019181e-01  2.7367537972e+00 -6.7485912316e+00  2.3170775586e+00  1.4948281386e+00 -6.1835412000e+00  2.3265253426e-01  4.0061561746e+00 -4.9616133808e+00  3.5274628748e+00  1.5187638781e+00 -3.8291862897e+00 -6.3070519891e-01  7.6683022902e+00  2.7720390078e-01  3.0328581610e+00  7.5986297972e+00 -2.8347289211e+00  3.2463138128e-01  4.0078397898e+00  3.5259139992e-01  3.5052971800e+00  4.8246765505e+00 -4.5705546679e-01  4.8399252461e+00  5.5334524981e+00  1.0100520760e+00  4.1362348200e+00
ENERGY -7.092573733583e+02

JOB 9
COORDS  2.8332217015e+00 -5.7573382141e+00  1.8762530570e+00  2.0748970142e+00 -5.4181401082e+00  7.5162952383e-01  3.5373571439e+00 -4.7681188825e+00  2.5708283740e+00  2.0117123320e+00 -4.0897146062e+00  3.1611106316e-01  7.1343235971e+00 -6.3700613764e-01  2.6504651600e+00  7.0591104296e+00 -2.3618826824e+00  1.1667303872e+00  5.7444779325e+00 -7.0840786479e-01  2.8983078500e+00  3.4786360672e+00 -3.4473522760e+00  2.1381423789e+00  2.7142988641e+00 -3.1189262249e+00  1.0183220694e+00  5.2840611454e+00 -1.9361156734e+00  2.3829233138e+00  4.9739761887e+00  1.6564818071e-01  3.8434252437e+00  7.8250408152e+00 -1.5528207261e+00  1.9228707804e+00  5.7109926363e+00 -2.2736169827e+00  1.1668943804e+00  4.1173217306e+00 -2.4412287004e+00  2.8658225627e+00  2.6599181832e+00 -1.8290341417e+00  6.2219449264e-01  2.8795759422e+00 -6.7883839161e+00  2.2139329342e+00  1.5284159743e+00 -6.1847956523e+00  2.1003925780e-01  4.1344562894e+00 -5.0064782820e+00  3.4461040515e+00  1.4299806379e+00 -3.7981308114e+00 -5.5302557953e-01  7.7258542274e+00  1.6740832110e-01  3.0867607954e+00  7.5409602927e+00 -2.9440067411e+00  3.8409520359e-01  4.0149791997e+00  4.5549245652e-01  3.4023785317e+00  4.7557860662e+00 -3.5089069953e-01  4.7842557801e+00  5.5402300551e+00  1.0729312825e+00  4.0716325656e+00
ENERGY -7.092341992257e+02

JOB 10
COORDS  2.9474364104e+00 -5.7620615603e+00  1.8213639561e+00  2.1396887844e+00 -5.4293875601e+00  7.2963353703e-01  3.6229209476e+00 -4.7582031178e+00  2.5231827457e+00  1.9978743466e+00 -4.0945245260e+00  3.3444024762e-01  7.1267881727e+00 -7.6027676017e-01  2.7109663841e+00  6.9374311872e+00 -2.4562163651e+00  1.1826067194e+00  5.7027117992e+00 -6.4065909164e-01  2.8804524614e+00  3.4856281914e+00 -3.4316010997e+00  2.1285455902e+00  2.6725388700e+00 -3.1080482534e+00  1.0425910397e+00  5.2369607731e+00 -1.8627114383e+00  2.3768836559e+00  4.9867185744e+00  2.8646946117e-01  3.8152134760e+00  7.7515046177e+00 -1.7620773797e+00  2.0274046569e+00  5.6361811918e+00 -2.1068443058e+00  1.1230794060e+00  4.1006985020e+00 -2.4134427167e+00  2.8658079883e+00  2.5410484792e+00 -1.8129418767e+00  6.8699016205e-01  3.0544746627e+00 -6.7983369430e+00  2.1276672130e+00  1.6153137027e+00 -6.2071242971e+00  1.8206582798e-01  4.2576320799e+00 -4.9899376973e+00  3.3734304490e+00  1.3764618684e+00 -3.8091804572e+00 -5.0887786094e-01  7.7894502566e+00 -5.1593118649e-02  3.2076165330e+00  7.3864839401e+00 -3.0492118275e+00  3.8885190196e-01  4.0656397856e+00  6.5620488288e-01  3.3535195034e+00  4.7070697616e+00 -2.1224660086e-01  4.7496737250e+00  5.6194306663e+00  1.1446649590e+00  4.0585392195e+00
ENERGY -7.092000784145e+02

