JOB 0
COORDS  2.2128878422e+00  7.2576315229e-01 -2.6387918588e-01  2.6934600722e+00  1.9060254259e+00  2.1012055932e-01  8.0042252523e-01  8.5003801036e-01 -8.2978302788e-02 -2.3851170347e-01 -1.6624674818e-01 -4.3274887003e-01 -1.6828102324e+00  1.3737380826e-01 -1.0174897767e-01  4.7463842283e-01  2.0133368663e+00  4.5364806763e-01  1.1267891574e-01 -1.2182736993e+00 -9.4838469443e-01  1.6729612911e+00  2.6884379849e+00  6.4257271410e-01  2.7479537494e+00 -1.1512510300e-01 -6.7956152635e-01  3.6832220410e+00  2.3317892254e+00  3.0779789204e-01 -1.9516021581e+00 -4.3421156000e-01  7.9417595935e-01 -2.3186466965e+00 -2.1081994986e-01 -9.1891366428e-01 -1.8518188083e+00  1.1948042992e+00  1.0417158137e-01
ENERGY -3.987540563582e+02

JOB 1
COORDS  2.2033889241e+00  7.8280233343e-01  1.6170900261e-01  2.6721547139e+00  1.8536815919e+00 -5.3294683711e-01  7.9656593148e-01  8.2038634734e-01 -8.7836708568e-02 -2.3250282239e-01 -1.2999504490e-01  4.3604722361e-01 -1.6830063187e+00  1.4841643530e-01  1.1793046767e-01  4.6297607629e-01  1.8321567689e+00 -8.6970557687e-01  1.2856861742e-01 -1.0727032427e+00  1.1263396379e+00  1.6505868708e+00  2.4925864465e+00 -1.1560376636e+00  2.7429206677e+00  6.5660953504e-02  7.6238932526e-01  3.6540476676e+00  2.2816145758e+00 -6.8522429569e-01 -2.0727289595e+00  8.3808699574e-01  8.7659448932e-01 -2.2516833526e+00 -7.8131784321e-01  1.7189832420e-01 -1.8039576228e+00  6.3502819382e-01 -8.5169981997e-01
ENERGY -3.987544254662e+02

JOB 2
COORDS  2.2095271221e+00  7.7147956113e-01  1.3762146117e-01  2.6658730840e+00  1.8724827533e+00 -5.1734579530e-01  7.9828072783e-01  8.2089685016e-01 -8.2510301189e-02 -2.2392087542e-01 -1.5168640548e-01  4.1471789013e-01 -1.6743121838e+00  1.3945203493e-01  1.1248274948e-01  4.5021363004e-01  1.8678465112e+00 -8.0919067631e-01  1.4540868162e-01 -1.1238636443e+00  1.0578860304e+00  1.6329941461e+00  2.5398019599e+00 -1.0896453027e+00  2.7601050843e+00  2.7678446757e-02  6.9425648398e-01  3.6451519269e+00  2.3063466964e+00 -6.6960025475e-01 -2.0008330882e+00  9.9347261210e-01  7.1702659708e-01 -2.2793101658e+00 -7.3349378024e-01  3.6042120811e-01 -1.8095686457e+00  4.2633602666e-01 -9.3370999247e-01
ENERGY -3.987546987498e+02

JOB 3
COORDS  2.2026712590e+00  7.3645450059e-01  1.1664723369e-01  2.6609000487e+00  1.8654588187e+00 -4.8746710783e-01  7.8642128786e-01  8.2668224798e-01 -5.2238368129e-02 -2.4064529091e-01 -1.5341725043e-01  4.1998863825e-01 -1.6869062966e+00  1.4282286406e-01  1.0377811865e-01  4.3722440280e-01  1.9222598396e+00 -7.0242719640e-01  1.2403979871e-01 -1.1460303119e+00  1.0338422267e+00  1.6243951938e+00  2.5870085665e+00 -9.8200435299e-01  2.7550730213e+00 -4.9900418576e-02  6.0931889366e-01  3.6438082685e+00  2.2883625645e+00 -6.4697977396e-01 -1.9718916356e+00  1.1177736351e+00  5.1150578635e-01 -2.3172029259e+00 -6.4250345566e-01  5.2259826740e-01 -1.8290053232e+00  2.0352872096e-01 -9.8012009924e-01
ENERGY -3.987547786408e+02

JOB 4
COORDS  2.2075715481e+00  7.3203327023e-01  9.3596201884e-02  2.6618129930e+00  1.8834251540e+00 -4.6974716184e-01  7.8887427624e-01  8.3841147758e-01 -4.2684807322e-02 -2.3415316668e-01 -1.5734615818e-01  4.0410790626e-01 -1.6840575884e+00  1.4139888107e-01  1.0533958723e-01  4.3487038728e-01  1.9635593934e+00 -6.3784115764e-01  1.3729864229e-01 -1.1768673188e+00  9.6787710868e-01  1.6209412892e+00  2.6322164751e+00 -9.1204096499e-01  2.7638801128e+00 -7.8602819909e-02  5.4037801565e-01  3.6443157570e+00  2.3071698001e+00 -6.2954512823e-01 -1.9293384573e+00  1.1837862452e+00  3.2326027187e-01 -2.3176198934e+00 -5.3732867335e-01  6.7797715633e-01 -1.8662724124e+00 -1.3434643162e-02 -9.6444490410e-01
ENERGY -3.987546664441e+02

JOB 5
COORDS  2.2007241997e+00  7.0364238634e-01  6.9488474522e-02  2.6640190977e+00  1.8757785792e+00 -4.4084782813e-01  7.8185496154e-01  8.3550310374e-01 -4.1609818759e-02 -2.4672031993e-01 -1.6792628195e-01  3.7212094258e-01 -1.6969991179e+00  1.4192677181e-01  8.1862959460e-02  4.3631886678e-01  1.9934276748e+00 -5.7661854637e-01  1.1886803305e-01 -1.2107511368e+00  8.9604526256e-01  1.6279559232e+00  2.6586200772e+00 -8.3319493247e-01  2.7510451932e+00 -1.3566436867e-01  4.6812284303e-01  3.6501846088e+00  2.2942597939e+00 -5.9179567285e-01 -1.9010850352e+00  1.2139541570e+00  9.8824926992e-02 -2.3278148893e+00 -3.9131836938e-01  7.9548054586e-01 -1.9321013209e+00 -2.2676121591e-01 -9.2373441843e-01
ENERGY -3.987543861933e+02

JOB 6
COORDS  2.1982073904e+00  6.9349711863e-01  5.6992587949e-02  2.6662990590e+00  1.8821557603e+00 -4.0842972081e-01  7.7991356866e-01  8.3349654994e-01 -5.2900800324e-02 -2.5040445948e-01 -1.8290294239e-01  3.2086547126e-01 -1.7063241302e+00  1.4087360657e-01  6.8730400716e-02  4.3947141951e-01  2.0124483476e+00 -5.4439763385e-01  1.1514131297e-01 -1.2502283281e+00  7.9326385784e-01  1.6335197472e+00  2.6827894006e+00 -7.7310213352e-01  2.7448233463e+00 -1.6194778614e-01  4.2524407832e-01  3.6540720257e+00  2.3028348992e+00 -5.4177395889e-01 -1.8771346136e+00  1.2044765344e+00 -9.9893266616e-02 -2.3004466938e+00 -2.1943149633e-01  9.1204426269e-01 -2.0297895136e+00 -4.1297677085e-01 -8.1993717860e-01
ENERGY -3.987540530289e+02

JOB 7
COORDS  2.1934432476e+00  6.8451247490e-01  5.1559572264e-02  2.6639206932e+00  1.8890396541e+00 -3.6821670978e-01  7.7608603574e-01  8.2505475722e-01 -6.9977634812e-02 -2.5483339950e-01 -2.0602819894e-01  2.5799407191e-01 -1.7148890826e+00  1.3904807664e-01  5.8278874794e-02  4.3856600918e-01  2.0190496660e+00 -5.2637290705e-01  1.1079549084e-01 -1.2965507343e+00  6.7415677928e-01  1.6333658108e+00  2.6991944193e+00 -7.1816905024e-01  2.7378336221e+00 -1.8175653875e-01  3.9709030702e-01  3.6520999664e+00  2.3160228922e+00 -4.7612394955e-01 -1.8626505301e+00  1.1613760108e+00 -2.8976068906e-01 -2.2410820138e+00 -1.3082021779e-02  1.0054419981e+00 -2.1409318401e+00 -5.6283704495e-01 -6.6546313851e-01
ENERGY -3.987538719057e+02

JOB 8
COORDS  2.1864514915e+00  6.7494807345e-01  4.8027315254e-02  2.6563395497e+00  1.8952472248e+00 -3.2430553594e-01  7.7001081625e-01  8.1394560063e-01 -8.5039447797e-02 -2.6063869684e-01 -2.3161918136e-01  1.9564816536e-01 -1.7209432776e+00  1.3684165578e-01  5.1186872712e-02  4.3242379310e-01  2.0213175375e+00 -5.0438544938e-01  1.0574412936e-01 -1.3424087147e+00  5.5329185899e-01  1.6263821094e+00  2.7127410524e+00 -6.5832175501e-01  2.7307357746e+00 -2.0058489299e-01  3.6954935507e-01  3.6438306471e+00  2.3295414829e+00 -4.0616952085e-01 -1.8637272548e+00  1.0831827161e+00 -4.7131456841e-01 -2.1549328784e+00  2.1800823603e-01  1.0538639430e+00 -2.2403642089e+00 -6.7081757840e-01 -4.7060553273e-01
ENERGY -3.987539890059e+02

JOB 9
COORDS  2.1793361311e+00  6.6223503896e-01  3.7452756255e-02  2.6458454010e+00  1.8985316990e+00 -2.8328627586e-01  7.6258508782e-01  8.0348714205e-01 -8.8489202247e-02 -2.6768706628e-01 -2.5369739908e-01  1.5021372475e-01 -1.7247004171e+00  1.3461880711e-01  4.5934784626e-02  4.2144981988e-01  2.0262406192e+00 -4.5609024062e-01  9.9187934461e-02 -1.3805284430e+00  4.5239275485e-01  1.6137861594e+00  2.7268609021e+00 -5.8147198804e-01  2.7262151673e+00 -2.2467616284e-01  3.2119853916e-01  3.6322800554e+00  2.3380837658e+00 -3.4788674221e-01 -1.8797267409e+00  9.6441945116e-01 -6.4586357711e-01 -2.0666968023e+00  4.5858748088e-01  1.0359823998e+00 -2.3090657594e+00 -7.3727939374e-01 -2.5379791026e-01
ENERGY -3.987543325395e+02

JOB 10
COORDS  2.1844166155e+00  6.6029494461e-01  8.8203893595e-03  2.6408521588e+00  1.9131237477e+00 -2.5851222278e-01  7.6546668672e-01  8.0129165758e-01 -8.7653785981e-02 -2.5972700986e-01 -2.6911620446e-01  1.1503067591e-01 -1.7151437813e+00  1.2579919099e-01  3.4039091547e-02  4.1352108105e-01  2.0384194148e+00 -3.8963285043e-01  1.1267835944e-01 -1.4076927388e+00  3.6036816746e-01  1.6011435273e+00  2.7501125755e+00 -4.9970488274e-01  2.7394092316e+00 -2.3667904114e-01  2.4043373516e-01  3.6244459446e+00  2.3598123055e+00 -3.1699207277e-01 -1.8978805167e+00  7.9512822515e-01 -8.1044125492e-01 -1.9862157817e+00  6.7758307688e-01  9.4147158244e-01 -2.3300852893e+00 -7.7192509969e-01 -4.2207883017e-02
ENERGY -3.987546569145e+02

JOB 11
COORDS  2.1726493152e+00  6.3216987768e-01 -2.0936312866e-02  2.6353748675e+00  1.8944037564e+00 -2.2647445509e-01  7.5317720036e-01  7.9459340227e-01 -5.4590179218e-02 -2.7937105807e-01 -2.7431859819e-01  1.1793543884e-01 -1.7304748481e+00  1.3311570519e-01  2.9223947186e-02  4.0658217591e-01  2.0519749855e+00 -2.6405993463e-01  8.4947592772e-02 -1.4236159311e+00  3.2152555689e-01  1.5986772604e+00  2.7563059748e+00 -3.7450850072e-01  2.7240166101e+00 -2.8353799089e-01  1.3303022469e-01  3.6219615777e+00  2.3331687002e+00 -2.9376578139e-01 -1.9342991886e+00  5.9238756436e-01 -9.4334266238e-01 -1.9559019111e+00  8.9132393465e-01  7.8598599158e-01 -2.3622960690e+00 -7.4404210065e-01  1.7322409928e-01
ENERGY -3.987547803590e+02

JOB 12
COORDS  2.1763893598e+00  6.3688109623e-01 -4.9929364399e-02  2.6376191276e+00  1.9071237875e+00 -2.0199693436e-01  7.5693012671e-01  8.0303971357e-01 -3.8420151434e-02 -2.7273820069e-01 -2.7310481459e-01  1.0122727626e-01 -1.7263614537e+00  1.2969047414e-01  2.6716421163e-02  4.0901828238e-01  2.0704494029e+00 -1.7310324626e-01  9.5056385784e-02 -1.4304423961e+00  2.4459686921e-01  1.5999803258e+00  2.7773610252e+00 -2.7770229074e-01  2.7286245171e+00 -2.8659499519e-01  4.1985825797e-02  3.6234835970e+00  2.3471967117e+00 -2.7139512649e-01 -1.9807262551e+00  3.5664569033e-01 -1.0150183022e+00 -1.9166650582e+00  1.0376718557e+00  6.0450113587e-01 -2.3485174147e+00 -6.9348376791e-01  3.8051194268e-01
ENERGY -3.987546570317e+02

JOB 13
COORDS  2.1766765804e+00  6.2903848978e-01 -7.6699886142e-02  2.6475566458e+00  1.9011948115e+00 -1.7062770874e-01  7.5902520985e-01  8.0641643930e-01 -3.4283805780e-02 -2.7548748782e-01 -2.6858717273e-01  6.6667909852e-02 -1.7309764606e+00  1.3531876278e-01  1.1525594540e-02  4.2140186446e-01  2.0826116560e+00 -9.7341628472e-02  8.7453117066e-02 -1.4330231835e+00  1.5626193931e-01  1.6170506489e+00  2.7832837414e+00 -1.8483114927e-01  2.7212640048e+00 -3.0282233061e-01 -4.1203147887e-02  3.6363233075e+00  2.3357975115e+00 -2.3300868404e-01 -2.0539240468e+00  1.1862787981e-01 -1.0360936163e+00 -1.8910455649e+00  1.1458986019e+00  3.9137970051e-01 -2.3269471738e+00 -5.8957291646e-01  5.6909527657e-01
ENERGY -3.987543325101e+02

JOB 14
COORDS  2.1847536635e+00  6.3766460965e-01 -9.0202693250e-02  2.6579083006e+00  1.9116091418e+00 -1.3198960187e-01  7.6704348602e-01  8.1522686821e-01 -4.6646308157e-02 -2.6705310471e-01 -2.6259454234e-01  8.8508235095e-03 -1.7266316562e+00  1.3596473523e-01  2.7646449198e-03  4.3168969327e-01  2.0938448207e+00 -6.1814125935e-02  9.6307913062e-02 -1.4301761110e+00  3.5828088062e-02  1.6284845193e+00  2.7952148902e+00 -1.1667009238e-01  2.7276927136e+00 -2.9582095976e-01 -8.9013439783e-02  3.6474938863e+00  2.3468981029e+00 -1.7316285098e-01 -2.1456293914e+00 -1.1040206534e-01 -9.7903544078e-01 -1.8701577678e+00  1.2007098221e+00  1.8899616826e-01 -2.2592083161e+00 -4.5836049261e-01  7.4946719061e-01
ENERGY -3.987539887758e+02

JOB 15
COORDS  2.1795176649e+00  6.3123195269e-01 -1.0273063738e-01  2.6583908504e+00  1.9036373055e+00 -9.2051370934e-02  7.6222821964e-01  8.1332268917e-01 -6.3301834712e-02 -2.7625970969e-01 -2.6137157736e-01 -5.5712779619e-02 -1.7348948887e+00  1.3993663393e-01 -1.0453406901e-02  4.3250691888e-01  2.0932006810e+00 -3.1201798973e-02  8.2194774514e-02 -1.4305017500e+00 -8.3226743331e-02  1.6325979926e+00  2.7906248239e+00 -4.8877701440e-02  2.7184313824e+00 -3.0407761778e-01 -1.3342164100e-01  3.6500529114e+00  2.3357753734e+00 -1.0995845726e-01 -2.2466734262e+00 -3.1140173606e-01 -8.6575322669e-01 -1.8752526582e+00  1.2208178342e+00 -2.0454102362e-02 -2.1824761114e+00 -2.8244743864e-01  8.9465462032e-01
ENERGY -3.987538719159e+02

JOB 16
COORDS  2.1844673271e+00  6.3785356075e-01 -1.1074324680e-01  2.6599545942e+00  1.9102819357e+00 -5.1795892068e-02  7.6644026602e-01  8.1564903125e-01 -8.2055900397e-02 -2.7047794642e-01 -2.6021488717e-01 -1.2255559407e-01 -1.7261729948e+00  1.3815189163e-01 -2.0761220544e-02  4.3300780010e-01  2.0928716822e+00 -1.1897964808e-02  8.9171272127e-02 -1.4259129544e+00 -2.1070127617e-01  1.6315905412e+00  2.7931543714e+00  8.5179922370e-03  2.7261267458e+00 -2.9471532435e-01 -1.6646221030e-01  3.6506931040e+00  2.3448143891e+00 -4.3681905295e-02 -2.3102856259e+00 -4.7523271736e-01 -7.1108845221e-01 -1.8859428003e+00  1.1992314031e+00 -2.1426530659e-01 -2.0721777013e+00 -9.0834381877e-02  9.9361392872e-01
ENERGY -3.987540530360e+02

JOB 17
COORDS  2.1873354841e+00  6.4332464386e-01 -1.2577590852e-01  2.6570745300e+00  1.9149249867e+00 -1.9156905383e-02  7.6860930197e-01  8.1387045954e-01 -9.3370860089e-02 -2.6572332563e-01 -2.6287370957e-01 -1.7582255242e-01 -1.7166464479e+00  1.3472835911e-01 -3.3301354405e-02  4.2909249828e-01  2.0855747342e+00  2.4594315891e-02  9.5218551124e-02 -1.4223393100e+00 -3.2071648748e-01  1.6247385219e+00  2.7901242418e+00  7.3107650217e-02  2.7334109696e+00 -2.8402533819e-01 -2.1534353855e-01  3.6458859077e+00  2.3531482745e+00  6.2801360740e-03 -2.3419267711e+00 -5.9914269308e-01 -5.4514184656e-01 -1.9064390273e+00  1.1430261423e+00 -4.0545161656e-01 -1.9738695792e+00  1.1838232042e-01  1.0325336402e+00
ENERGY -3.987543861918e+02

JOB 18
COORDS  2.1899574236e+00  6.5048224730e-01 -1.5107821405e-01  2.6546066060e+00  1.9187690554e+00  6.8647087283e-03  7.7110941573e-01  8.1202956349e-01 -9.3147246233e-02 -2.6144694956e-01 -2.6414760709e-01 -2.0921648127e-01 -1.7099870194e+00  1.3028624180e-01 -4.5389052176e-02  4.2669683966e-01  2.0751121411e+00  8.4347332301e-02  1.0125574004e-01 -1.4150794311e+00 -4.0676695117e-01  1.6195236418e+00  2.7836576796e+00  1.4931250593e-01  2.7395950163e+00 -2.6888889466e-01 -2.8848295889e-01  3.6415639919e+00  2.3605941750e+00  4.0234993048e-02 -2.3472535556e+00 -6.9073538816e-01 -3.7678124641e-01 -1.9374903930e+00  1.0482971075e+00 -5.9286491661e-01 -1.9060675782e+00  3.3223726694e-01  1.0140402487e+00
ENERGY -3.987546663569e+02

JOB 19
COORDS  2.1963029953e+00  6.7320472838e-01 -1.8711563917e-01  2.6527525015e+00  1.9359624922e+00  2.8947833484e-02  7.7866664189e-01  8.1385874325e-01 -7.3328265156e-02 -2.4731022282e-01 -2.6552937466e-01 -2.1745928393e-01 -1.6981370835e+00  1.2211526107e-01 -6.1265004875e-02  4.2720881748e-01  2.0601115544e+00  1.8810940316e-01  1.2194024288e-01 -1.4074755024e+00 -4.5128648566e-01  1.6141156001e+00  2.7785860864e+00  2.5425879389e-01  2.7506673790e+00 -2.2996002181e-01 -3.9497687422e-01  3.6356824556e+00  2.3870789119e+00  5.6122507812e-02 -2.3258580503e+00 -7.5714348355e-01 -2.1034850463e-01 -1.9608282262e+00  9.0398779129e-01 -7.8078398067e-01 -1.8685682496e+00  5.4387598792e-01  9.3460953674e-01
ENERGY -3.987547796318e+02

JOB 20
COORDS  2.1984575967e+00  6.8626693784e-01 -2.1337335203e-01  2.6572638302e+00  1.9381413917e+00  5.4468183832e-02  7.8425963715e-01  8.1327471167e-01 -5.0822895943e-02 -2.4104473372e-01 -2.6251156938e-01 -2.2219338810e-01 -1.6923140118e+00  1.2215855219e-01 -6.1770774996e-02  4.3645156469e-01  2.0428664842e+00  2.8440739557e-01  1.2675040998e-01 -1.3944438106e+00 -5.0280162257e-01  1.6223925814e+00  2.7626847190e+00  3.5261357863e-01  2.7494515406e+00 -2.0229626673e-01 -4.8368341347e-01  3.6391106598e+00  2.3918909560e+00  7.7036949333e-02 -2.3045584541e+00 -7.7955820503e-01 -2.1558095593e-02 -1.9973900670e+00  7.3240371988e-01 -9.1965257221e-01 -1.8413281361e+00  7.3783465470e-01  8.2918869560e-01
ENERGY -3.987546976886e+02

JOB 21
COORDS  2.2062719269e+00  7.0173845506e-01 -2.2944394496e-01  2.6700635350e+00  1.9406322992e+00  8.5379349713e-02  7.9512198267e-01  8.2117537442e-01 -3.6491861772e-02 -2.3126528038e-01 -2.4710638518e-01 -2.4130234913e-01 -1.6853290936e+00  1.2202016540e-01 -6.1941621007e-02  4.5459140770e-01  2.0340362548e+00  3.6265727167e-01  1.3541440403e-01 -1.3643814068e+00 -5.7721232023e-01  1.6416882413e+00  2.7502737161e+00  4.4174472376e-01  2.7515983295e+00 -1.7356158768e-01 -5.4986969508e-01  3.6522934482e+00  2.3934424117e+00  1.1007643808e-01 -2.2602399565e+00 -7.7338981597e-01  1.7974703071e-01 -2.0549281398e+00  5.2569364006e-01 -1.0124806346e+00 -1.8209199628e+00  8.9955835695e-01  6.9215938234e-01
ENERGY -3.987544255568e+02

JOB 22
COORDS  2.2150779539e+00  7.1711837337e-01 -2.4117193597e-01  2.6846745775e+00  1.9396605819e+00  1.2422958593e-01  8.0448764647e-01  8.3414945822e-01 -4.1778932165e-02 -2.2412864244e-01 -2.2176436931e-01 -2.8991005692e-01 -1.6798049100e+00  1.2588852971e-01 -7.1120530561e-02  4.6991128329e-01  2.0312355824e+00  4.0810605273e-01  1.3910292984e-01 -1.3202827526e+00 -6.8652657217e-01  1.6599339395e+00  2.7382334629e+00  5.1511400245e-01  2.7560544531e+00 -1.4647710078e-01 -5.9855948177e-01  3.6688065303e+00  2.3870463942e+00  1.6637985528e-01 -2.1850161657e+00 -7.2318774350e-01  3.9480742060e-01 -2.1399005822e+00  2.8754018907e-01 -1.0528711867e+00 -1.8094025286e+00  1.0329108289e+00  5.2018984561e-01
ENERGY -3.987540561520e+02

JOB 23
COORDS  2.2083192067e+00  7.1530945930e-01 -2.5753925593e-01  2.6891567630e+00  1.9152055758e+00  1.6376073337e-01  7.9775511808e-01  8.3962032037e-01 -6.1877803113e-02 -2.3950699731e-01 -1.9456700558e-01 -3.5866044538e-01 -1.6913488015e+00  1.3508582712e-01 -8.6114593513e-02  4.7345923199e-01  2.0210250173e+00  4.3507289766e-01  1.1439061314e-01 -1.2740422349e+00 -8.1209294049e-01  1.6705374483e+00  2.7085817460e+00  5.8067982790e-01  2.7419869674e+00 -1.3849497713e-01 -6.4790835453e-01  3.6778996693e+00  2.3491108631e+00  2.3137641180e-01 -2.0891524418e+00 -6.0332560069e-01  6.1677672201e-01 -2.2525969115e+00  2.9947061158e-02 -1.0196115268e+00 -1.8270547956e+00  1.1389905932e+00  3.1627632339e-01
ENERGY -3.987538690721e+02

