JOB 0
COORDS  1.9166928615e+00 -6.3929613551e-01  9.1850987013e-02  6.3031067500e-01 -5.6415470854e-01  7.4240922394e-01  4.9635709273e+00 -3.8132366801e+00  4.4786200874e+00  6.2141741086e+00 -3.6992319996e+00  3.8660393517e+00  2.9645092214e+00 -1.3629874187e+00  6.9047740293e-01  6.2807410555e-01 -1.3314884050e+00  1.9067925168e+00  3.8770250651e+00 -3.1504592071e+00  3.9140441359e+00  6.3060472999e+00 -2.9321199970e+00  2.6999657895e+00  9.7259360100e-01 -5.9391003070e-01  6.1225551689e+00  2.3144614961e+00 -3.4920635750e-01  6.1152560275e+00  2.9270906642e+00 -1.7250539899e+00  2.0889232296e+00  1.8092367761e+00 -1.0891069376e+00  2.6777314644e+00  4.0701228007e+00 -2.3771840806e+00  2.7540721141e+00  1.6553141175e+00 -8.9537605240e-01  4.1146049076e+00  5.2726003438e+00 -2.2882923669e+00  2.1491021351e+00  5.6335704163e-01 -9.2345550521e-01  4.8403955570e+00  2.7653047740e+00 -5.2911768013e-01  4.8344539426e+00  2.0586294143e+00 -2.3263328901e-01 -9.0588286797e-01 -2.6864569595e-01 -2.8393893703e-01  2.0094834169e-01  4.8346793510e+00 -4.4160233127e+00  5.3739489996e+00  7.0922065203e+00 -4.1969162204e+00  4.2675487016e+00  3.8577897260e+00 -1.5990468314e+00  1.2093583037e-01 -2.9353226065e-01 -1.4065632586e+00  2.4880733906e+00  2.8871016907e+00 -3.2438446976e+00  4.3484438026e+00  7.2598050892e+00 -2.8310872919e+00  2.1833499694e+00  2.7860341437e-01 -5.4743591579e-01  6.9510573718e+00  3.0439487889e+00 -4.3594646134e-02  6.8501444796e+00
ENERGY -7.242633012237e+02

JOB 1
COORDS  1.9198412658e+00 -7.3900272325e-01  1.5217634225e-02  6.6972767124e-01 -5.8216071345e-01  6.7160080028e-01  4.9156873226e+00 -3.7949924233e+00  4.4672264107e+00  6.1834037917e+00 -3.6406188891e+00  3.9004157940e+00  2.9622347252e+00 -1.4182795077e+00  6.6426437715e-01  5.9728466336e-01 -1.1760037439e+00  1.9352218297e+00  3.8335334314e+00 -3.1423553004e+00  3.8823502376e+00  6.2956767005e+00 -2.8452578431e+00  2.7558225254e+00  1.0707944916e+00 -6.9655037335e-01  6.1751748803e+00  2.3935626303e+00 -3.7228801446e-01  6.1204884709e+00  2.9122719664e+00 -1.6819079970e+00  2.0613129093e+00  1.7943916605e+00 -1.0724641172e+00  2.6874383174e+00  4.0475025990e+00 -2.3390847205e+00  2.7471696727e+00  1.6841675176e+00 -9.0650008441e-01  4.1351666219e+00  5.2660794260e+00 -2.2111947775e+00  2.1851194287e+00  6.2841761963e-01 -1.0226172066e+00  4.9011497598e+00  2.7994869937e+00 -4.9253105612e-01  4.8165997251e+00  2.0505776889e+00 -4.1210148102e-01 -1.0129086167e+00 -2.1927427970e-01 -2.7487223720e-01  1.2840256641e-01  4.7704637643e+00 -4.4207893608e+00  5.3440633760e+00  7.0586248491e+00 -4.1280516613e+00  4.3202992016e+00  3.8512847452e+00 -1.7125212746e+00  1.1572805603e-01 -3.3456888350e-01 -1.1262114114e+00  2.4979979165e+00  2.8325663627e+00 -3.2658975158e+00  4.2831149409e+00  7.2631488051e+00 -2.7112194626e+00  2.2733919132e+00  4.1050457801e-01 -7.1409704778e-01  7.0318165033e+00  3.1357758777e+00 -4.6267378992e-02  6.8333911948e+00
ENERGY -7.242988263398e+02

JOB 2
COORDS  1.9179645096e+00 -8.3190825023e-01 -3.1904061647e-02  6.9494356960e-01 -5.9593697403e-01  6.2743496814e-01  4.8966641764e+00 -3.7927235865e+00  4.4513869414e+00  6.1734773456e+00 -3.5961514589e+00  3.9188255040e+00  2.9624694652e+00 -1.4625199420e+00  6.5271196515e-01  5.9042543977e-01 -1.0218119356e+00  1.9537663701e+00  3.8155877003e+00 -3.1473485135e+00  3.8564576317e+00  6.2969645138e+00 -2.7696548558e+00  2.7981184480e+00  1.1139481474e+00 -7.5784331329e-01  6.2042996362e+00  2.4290219183e+00 -4.0878982318e-01  6.1347971862e+00  2.9060282967e+00 -1.6532735844e+00  2.0504505576e+00  1.7873267232e+00 -1.0716190400e+00  2.6990959696e+00  4.0392409431e+00 -2.3118058444e+00  2.7471405714e+00  1.6984449329e+00 -9.2167343102e-01  4.1519700526e+00  5.2668184635e+00 -2.1436910650e+00  2.2182637031e+00  6.5848052207e-01 -1.0742796055e+00  4.9312429864e+00  2.8162199261e+00 -4.9904565631e-01  4.8221631676e+00  2.0326867976e+00 -5.8603546974e-01 -1.0842419218e+00 -1.8222907716e-01 -2.6815872010e-01  7.6641675500e-02  4.7442745443e+00 -4.4437700705e+00  5.3084394067e+00  7.0488016776e+00 -4.0755476629e+00  4.3476215898e+00  3.8522268410e+00 -1.7891816843e+00  1.2408191813e-01 -3.3694049076e-01 -8.7213123637e-01  2.5023155351e+00  2.8082604526e+00 -3.3000627163e+00  4.2306308791e+00  7.2725773041e+00 -2.6024236531e+00  2.3432455773e+00  4.6749441458e-01 -8.0284695101e-01  7.0704080389e+00  3.1776363831e+00 -8.4479731156e-02  6.8417155412e+00
ENERGY -7.243227253934e+02

JOB 3
COORDS  1.9079327194e+00 -9.2018711312e-01 -6.6923885591e-02  7.1124401956e-01 -6.0602195066e-01  5.9566412865e-01  4.8964542045e+00 -3.7989360444e+00  4.4242474194e+00  6.1784028656e+00 -3.5659788575e+00  3.9189641198e+00  2.9606695341e+00 -1.5006493763e+00  6.4301357934e-01  6.0787985987e-01 -8.7348570463e-01  1.9609109079e+00  3.8129731950e+00 -3.1590670202e+00  3.8278290698e+00  6.3052785709e+00 -2.7099126909e+00  2.8214885334e+00  1.1287246362e+00 -7.9636013558e-01  6.2163017894e+00  2.4429562312e+00 -4.4595652794e-01  6.1463126287e+00  2.9071853134e+00 -1.6333352482e+00  2.0421691641e+00  1.7860325803e+00 -1.0764139510e+00  2.7037000445e+00  4.0405542528e+00 -2.2934055869e+00  2.7430334736e+00  1.7065633967e+00 -9.3641525388e-01  4.1597423597e+00  5.2724688474e+00 -2.0897086129e+00  2.2391389927e+00  6.7050754681e-01 -1.1014404706e+00  4.9405727874e+00  2.8259289558e+00 -5.2120877653e-01  4.8311719115e+00  2.0017097019e+00 -7.5621203035e-01 -1.1371776084e+00 -1.5583345088e-01 -2.6192692410e-01  3.8533198251e-02  4.7422556191e+00 -4.4737814559e+00  5.2623524780e+00  7.0551349822e+00 -4.0398484178e+00  4.3510343461e+00  3.8501537132e+00 -1.8488956144e+00  1.2791654037e-01 -3.0422224368e-01 -6.3625822924e-01  2.5015759521e+00  2.8025696061e+00 -3.3377933103e+00  4.1819548368e+00  7.2848952097e+00 -2.5130133917e+00  2.3876415812e+00  4.8485969435e-01 -8.5191093037e-01  7.0837085730e+00  3.1945169554e+00 -1.3133024275e-01  6.8544881684e+00
ENERGY -7.243376298541e+02

JOB 4
COORDS  1.8755303628e+00 -1.0052429297e+00 -7.8093121316e-02  7.0660950656e-01 -6.1121639881e-01  5.8603769626e-01  4.8937119313e+00 -3.8040825772e+00  4.4111442955e+00  6.1778026789e+00 -3.5442882166e+00  3.9241669210e+00  2.9423932274e+00 -1.5353972484e+00  6.4762452339e-01  6.3410516406e-01 -7.3036038221e-01  1.9723910470e+00  3.8080850163e+00 -3.1668418104e+00  3.8159050845e+00  6.3042770616e+00 -2.6652755081e+00  2.8452423766e+00  1.1154716459e+00 -8.0852608515e-01  6.2273989768e+00  2.4357914961e+00 -4.8113777504e-01  6.1659609424e+00  2.9018402477e+00 -1.6165017953e+00  2.0490434240e+00  1.7756720706e+00 -1.0801670526e+00  2.7141319845e+00  4.0359151888e+00 -2.2785166872e+00  2.7500061417e+00  1.6997328629e+00 -9.4448686163e-01  4.1723097695e+00  5.2691238919e+00 -2.0480987849e+00  2.2629988432e+00  6.5812910690e-01 -1.0984596148e+00  4.9473400000e+00  2.8233864784e+00 -5.5499330285e-01  4.8519963446e+00  1.9438564537e+00 -9.2456292544e-01 -1.1598215115e+00 -1.5204103947e-01 -2.5338571498e-01  2.4537315335e-02  4.7399866274e+00 -4.4970243144e+00  5.2344584112e+00  7.0562764458e+00 -4.0148383760e+00  4.3563519967e+00  3.8286114456e+00 -1.9009582807e+00  1.3891016673e-01 -2.5432081259e-01 -4.1199260086e-01  2.5091453554e+00  2.7963973178e+00 -3.3636793010e+00  4.1567895888e+00  7.2855185232e+00 -2.4464674552e+00  2.4259057520e+00  4.6654884400e-01 -8.5872870598e-01  7.0913282767e+00  3.1901207581e+00 -1.8629265791e-01  6.8797230107e+00
ENERGY -7.243455367969e+02

JOB 5
COORDS  1.8474143327e+00 -1.0836227808e+00 -8.4790877811e-02  7.1044812216e-01 -6.1337390445e-01  5.8258908756e-01  4.9097568737e+00 -3.8077648416e+00  4.3864929145e+00  6.1937812315e+00 -3.5219031916e+00  3.9136931758e+00  2.9334873744e+00 -1.5648436204e+00  6.4547853008e-01  6.8772765738e-01 -5.9409392469e-01  1.9755423205e+00  3.8201776357e+00 -3.1734622425e+00  3.7955112867e+00  6.3161556626e+00 -2.6211932428e+00  2.8526494236e+00  1.0999833046e+00 -8.2682551484e-01  6.2292774967e+00  2.4263654616e+00 -5.2295617905e-01  6.1822124151e+00  2.9089569022e+00 -1.5981917637e+00  2.0482017364e+00  1.7768866672e+00 -1.0818750649e+00  2.7179514517e+00  4.0437509217e+00 -2.2631970218e+00  2.7475913965e+00  1.6997154357e+00 -9.5338478333e-01  4.1779373304e+00  5.2765262327e+00 -2.0073473038e+00  2.2739990972e+00  6.4914435774e-01 -1.0971742320e+00  4.9422762343e+00  2.8244923779e+00 -5.9126590781e-01  4.8711937298e+00  1.8833603253e+00 -1.0830376791e+00 -1.1710768954e+00 -1.4212519271e-01 -2.4089357527e-01  2.1149101103e-02  4.7595315302e+00 -4.5180592133e+00  5.1955670928e+00  7.0753357036e+00 -3.9889651182e+00  4.3433675074e+00  3.8147395862e+00 -1.9451716619e+00  1.3889823467e-01 -1.6949433279e-01 -1.9877429799e-01  2.5115163990e+00  2.8087711356e+00 -3.3886388126e+00  4.1260870885e+00  7.2972303593e+00 -2.3812794573e+00  2.4446630889e+00  4.4255241195e-01 -8.7374929362e-01  7.0869067155e+00  3.1798891449e+00 -2.4973048981e-01  6.9054100351e+00
ENERGY -7.243476000148e+02

JOB 6
COORDS  1.8069449557e+00 -1.1553205469e+00 -7.8203192709e-02  7.0414139314e-01 -6.0751380392e-01  5.8937126961e-01  4.9268640573e+00 -3.8253299011e+00  4.3485540852e+00  6.2108280068e+00 -3.5098812983e+00  3.8939589289e+00  2.9161025017e+00 -1.5902335188e+00  6.4827532853e-01  7.5652861671e-01 -4.6060943904e-01  1.9741210156e+00  3.8334798280e+00 -3.1895239262e+00  3.7666599571e+00  6.3300712256e+00 -2.5791230480e+00  2.8591530719e+00  1.0614146332e+00 -8.1559324164e-01  6.2217382903e+00  2.4015757529e+00 -5.7633911312e-01  6.2004813140e+00  2.9182715701e+00 -1.5790503876e+00  2.0527138596e+00  1.7766823497e+00 -1.0792831783e+00  2.7186104998e+00  4.0545167390e+00 -2.2494911118e+00  2.7451785247e+00  1.6913607820e+00 -9.5547805693e-01  4.1795643903e+00  5.2864271872e+00 -1.9639597145e+00  2.2882903401e+00  6.2191771125e-01 -1.0548495867e+00  4.9247372366e+00  2.8197916649e+00 -6.5502296288e-01  4.8964625774e+00  1.8069280540e+00 -1.2347372054e+00 -1.1622103824e+00 -1.4260971097e-01 -2.1956474744e-01  2.9804551720e-02  4.7801546815e+00 -4.5591526328e+00  5.1370358614e+00  7.0949666599e+00 -3.9770626090e+00  4.3181572909e+00  3.7881538146e+00 -1.9854240495e+00  1.3701433792e-01 -6.1787530131e-02  1.0478737210e-02  2.5100122296e+00  2.8221074835e+00 -3.4242465910e+00  4.0839767641e+00  7.3109899067e+00 -2.3149500233e+00  2.4661202635e+00  3.8707933263e-01 -8.3697143348e-01  7.0671651897e+00  3.1545497700e+00 -3.4624911029e-01  6.9391520458e+00
ENERGY -7.243441993470e+02

JOB 7
COORDS  1.7602351859e+00 -1.2315621391e+00 -7.7796404216e-02  6.9096391416e-01 -6.1340426771e-01  5.8932990214e-01  4.9698102905e+00 -3.8333160082e+00  4.2923429271e+00  6.2491622388e+00 -3.4901381288e+00  3.8442467444e+00  2.8986326959e+00 -1.6178769540e+00  6.3471173015e-01  8.3910655764e-01 -3.5089377770e-01  1.9508530075e+00  3.8677321118e+00 -3.2000977510e+00  3.7244958594e+00  6.3548308766e+00 -2.5355786271e+00  2.8301154047e+00  1.0103300597e+00 -8.1819234821e-01  6.1910402353e+00  2.3613439085e+00 -6.4967974369e-01  6.2018705812e+00  2.9341156405e+00 -1.5639545337e+00  2.0410476355e+00  1.7776558807e+00 -1.0873337576e+00  2.6996485626e+00  4.0752448425e+00 -2.2362102791e+00  2.7228269614e+00  1.6778600448e+00 -9.6929760452e-01  4.1609073978e+00  5.3022415678e+00 -1.9230999213e+00  2.2722511553e+00  5.8843233880e-01 -1.0199110630e+00  4.8821611619e+00  2.8040713986e+00 -7.3709466563e-01  4.9067248741e+00  1.7202874211e+00 -1.3880788495e+00 -1.1526501285e+00 -1.5206737688e-01 -2.1143744639e-01  3.4378789650e-02  4.8337522573e+00 -4.5859417750e+00  5.0648917628e+00  7.1398804822e+00 -3.9540773332e+00  4.2580976374e+00  3.7599620516e+00 -2.0237314140e+00  1.1356550491e-01  6.5533739335e-02  1.9116865518e-01  2.4874244814e+00  2.8597752363e+00 -3.4543173771e+00  4.0374721936e+00  7.3317064710e+00 -2.2490128712e+00  2.4428083422e+00  3.1706805411e-01 -8.1303208511e-01  7.0212725824e+00  3.1087158708e+00 -4.6800962927e-01  6.9595598301e+00
ENERGY -7.243349806462e+02

JOB 8
COORDS  1.7101764451e+00 -1.3261166148e+00 -3.0980347491e-02  6.8807924192e-01 -6.1970891587e-01  6.3250407334e-01  5.0255140363e+00 -3.8570494398e+00  4.2566601290e+00  6.2988726998e+00 -3.4715548101e+00  3.8253279705e+00  2.8781131649e+00 -1.6678764193e+00  6.6130085068e-01  9.5251478444e-01 -2.4316329827e-01  1.9507939448e+00  3.9122942468e+00 -3.2281867233e+00  3.7063322699e+00  6.3877862937e+00 -2.4806744194e+00  2.8453312686e+00  9.2598519810e-01 -7.0982525993e-01  6.1728533841e+00  2.2857805290e+00 -7.2693193117e-01  6.2442829398e+00  2.9542404428e+00 -1.5578130729e+00  2.0675832716e+00  1.7845000079e+00 -1.0927189770e+00  2.7164289617e+00  4.1032474903e+00 -2.2276499757e+00  2.7383834302e+00  1.6571971544e+00 -9.5622420723e-01  4.1732427454e+00  5.3239156507e+00 -1.8725168897e+00  2.3034737922e+00  5.3968282579e-01 -8.5854384998e-01  4.8472802225e+00  2.7696798632e+00 -8.8057254910e-01  4.9704607500e+00  1.6219616913e+00 -1.5656193311e+00 -1.0874682862e+00 -1.5168796567e-01 -2.0140080732e-01  8.4753520054e-02  4.9031442252e+00 -4.6385472380e+00  5.0024246755e+00  7.1978068516e+00 -3.9307404957e+00  4.2265536767e+00  3.7222377181e+00 -2.0973163212e+00  1.3083612469e-01  2.3886768990e-01  3.7518763371e-01  2.4903859023e+00  2.9085799724e+00 -3.5119368520e+00  4.0069488327e+00  7.3595388549e+00 -2.1599732226e+00  2.4722461723e+00  2.0381656237e-01 -6.0769687624e-01  6.9715863298e+00  3.0166135124e+00 -6.4645747956e-01  7.0349545638e+00
ENERGY -7.243188672873e+02

JOB 9
COORDS  1.6259169782e+00 -1.4047679460e+00  5.5209431149e-02  6.6201836395e-01 -5.9479977372e-01  7.1117429688e-01  5.1446879449e+00 -3.8577355472e+00  4.1799763491e+00  6.4002516738e+00 -3.3971423854e+00  3.7698239891e+00  2.8313464190e+00 -1.7124104180e+00  7.0683244176e-01  1.0879877298e+00 -1.2039259114e-01  1.9529144502e+00  4.0043139801e+00 -3.2467991019e+00  3.6663698732e+00  6.4460375622e+00 -2.3507232702e+00  2.8466924162e+00  8.6303031080e-01 -5.2011099442e-01  6.1519208411e+00  2.1726446555e+00 -8.6355309523e-01  6.3023227835e+00  2.9824895210e+00 -1.5300748219e+00  2.1104042149e+00  1.8023418221e+00 -1.0645432327e+00  2.7423585531e+00  4.1526494826e+00 -2.1887305787e+00  2.7545816324e+00  1.6419485667e+00 -9.0333780012e-01  4.1906702334e+00  5.3556576518e+00 -1.7588701218e+00  2.3393089893e+00  5.3737209958e-01 -5.5482645690e-01  4.8045916559e+00  2.6851245385e+00 -1.1123112239e+00  5.0552779437e+00  1.4757621579e+00 -1.7301902021e+00 -9.7090189746e-01 -1.6897314559e-01 -1.4977196837e-01  1.7164009369e-01  5.0571365916e+00 -4.6835604539e+00  4.8816211328e+00  7.3182568027e+00 -3.8408031549e+00  4.1445211528e+00  3.6406545882e+00 -2.1809895876e+00  1.5523413667e-01  4.6454883943e-01  5.8859581294e-01  2.4958062719e+00  3.0135667617e+00 -3.5843281256e+00  3.9529244723e+00  7.4025025809e+00 -1.9694881631e+00  2.4915651484e+00  1.3700652398e-01 -2.5984631049e-01  6.9103014091e+00  2.8494949057e+00 -9.7393215701e-01  7.1363251409e+00
ENERGY -7.242940476436e+02

