JOB 0
COORDS  1.4631709083e+00 -8.6744463562e-01  2.4322049549e+00  1.1951901984e+00 -1.8825986418e+00  3.3419966536e+00 -2.4406354164e-01 -1.6559407769e+00  8.6509753818e-01 -1.0900262058e+00  3.2583874942e+00 -1.9931753984e-01 -8.5046227698e-02  2.4383160118e+00 -6.6481642453e-01 -8.6135357038e-01  1.7100286991e+00  1.2726861831e+00  7.5808649938e-01 -7.4928718557e-01  1.2050648082e+00  1.8610472841e-01 -2.7996730034e+00  3.0067985031e+00 -5.1570429747e-01 -2.6759453219e+00  1.7871637156e+00 -2.3964794270e+00 -4.0981164135e+00  8.2994376327e-01  1.0783336774e+00  3.9320828593e-01  2.6692054848e-01 -1.5685470478e+00  2.7948082883e+00  1.0084575052e+00 -3.0990948120e-01 -3.8960953178e+00  3.6869530232e+00 -1.2492004232e+00 -4.4302118083e+00  2.9695058753e+00  4.8132497151e-02  1.4371940408e+00  2.8185477566e-01 -1.3996675587e+00 -3.7168815035e+00  1.8116255264e+00  2.2317649924e+00 -1.3411414869e-01  2.6619032376e+00  1.7373267474e+00 -1.9682197065e+00  4.2787069502e+00 -7.9462435266e-01 -1.5565402166e+00 -6.6731233567e-02 -1.4960128370e+00  4.1463063838e+00 -6.6733669467e-01  5.2601394572e-01  2.4657879133e+00 -1.5565082762e+00 -9.6732071258e-01  1.0828161250e+00  2.1471268865e+00 -1.9204547671e+00 -4.3374140509e+00 -1.2589196701e-01 -2.9110725942e+00 -4.9805045261e+00  1.2100801132e+00 -3.1188005788e+00 -3.2892406905e+00  6.8423857023e-01  2.0423961421e+00  8.3730395001e-01  5.3582488581e-01  1.1612957327e+00  2.6960406020e-02 -7.6112968177e-01
ENERGY -6.996310196913e+02

JOB 1
COORDS  3.2564642359e-01 -3.4258526132e-01  1.8978517802e+00  1.4763933754e-01 -1.0249133102e+00  3.0950425730e+00 -4.5202611116e-01 -2.2398342381e+00  5.6066068753e-01 -2.0160132509e+00 -2.6030069885e-02 -3.4136612815e+00 -7.2255385359e-01 -1.1283643398e-01 -2.9474691985e+00 -2.1640156106e+00 -1.2604075947e-01 -1.2720510249e+00  3.4679506352e-02 -9.3636758945e-01  6.4146214728e-01 -3.4364302091e-01 -2.3380047551e+00  3.0228904729e+00 -6.3763307903e-01 -2.9216509431e+00  1.7707581277e+00 -1.5550488874e+00 -5.2291431693e+00  1.2152418089e+00  2.9177013904e-01 -1.4658263294e-01 -6.2682885391e-01 -2.9075945964e+00 -3.6168173905e-02 -2.3601640583e+00 -6.3443582352e-01 -3.2579242212e+00  4.0128881387e+00 -1.0770395463e+00 -4.3385818659e+00  3.4481760414e+00 -8.2560077403e-01 -1.9421895842e-01 -1.5690237122e+00 -1.0925356601e+00 -4.1692360847e+00  2.0902487889e+00  6.9395134882e-01  6.7994224218e-01  1.9181307983e+00  3.6890014423e-01 -5.6430553566e-01  4.0529759068e+00 -6.9026263940e-01 -2.6888619451e+00 -3.9944442878e-01 -2.3522489017e+00  3.6143363731e-02 -4.4408136682e+00  2.3483731943e-01 -1.3378054101e-01 -3.4495304232e+00 -2.5302139924e+00 -1.5994974256e-01 -2.5457964954e-01 -7.5700089118e-01 -5.5382289524e+00  5.3332199426e-01 -1.8424358226e+00 -6.0720552346e+00  1.8436139387e+00 -2.4199750460e+00 -4.8951537943e+00  6.3425090807e-01  5.1429145784e-01  8.9602308370e-01 -3.7593508323e-01  1.1685084106e+00 -5.4792605810e-01 -1.1455798362e+00
ENERGY -6.996316539585e+02

JOB 2
COORDS  4.2832612427e-01 -3.5646759643e-01  1.9671965153e+00  3.3675274019e-01 -1.1118747692e+00  3.1287348491e+00 -5.0733716072e-01 -2.1454634555e+00  5.8302610603e-01 -1.9412068351e+00 -3.1846061077e-01 -3.4264771130e+00 -6.7374320658e-01 -2.9807283461e-01 -2.8867959081e+00 -2.2041439578e+00 -8.5476590861e-02 -1.3065870662e+00  1.6136839893e-02 -8.6085316860e-01  7.0460180921e-01 -1.9128237930e-01 -2.4085998216e+00  3.0164424189e+00 -6.0494233723e-01 -2.9015400637e+00  1.7599060182e+00 -1.6210532087e+00 -5.1488058633e+00  1.1364527708e+00  2.0171357449e-01  1.0222526043e-02 -5.2459025708e-01 -2.8888296078e+00 -1.8573413254e-01 -2.4313897058e+00 -4.2074821981e-01 -3.3855120921e+00  3.9667259578e+00 -9.3676835141e-01 -4.4178796555e+00  3.3739953226e+00 -8.5086862693e-01 -1.6117317183e-01 -1.5203925247e+00 -1.0635227826e+00 -4.1576247617e+00  2.0363256909e+00  8.2223330450e-01  6.5559504161e-01  2.0208420802e+00  6.4941896716e-01 -7.1890499203e-01  4.0913623135e+00 -8.3594047770e-01 -2.5274256653e+00 -3.7893109380e-01 -2.2219685182e+00 -4.2337302973e-01 -4.4666275428e+00  3.1011626655e-01 -3.7239116049e-01 -3.3288853087e+00 -2.6238864033e+00  2.6559890143e-02 -3.1515128974e-01 -8.8431529555e-01 -5.4381319160e+00  3.8082365412e-01 -1.8905295026e+00 -6.0199573150e+00  1.7334529042e+00 -2.5134640741e+00 -4.7551813902e+00  6.4077054931e-01  2.5831239950e-01  1.0630229417e+00 -2.2770817397e-01  1.1502040518e+00 -2.3458750793e-01 -1.0130300659e+00
ENERGY -6.996323418956e+02

JOB 3
COORDS  5.0895206542e-01 -3.6227090541e-01  2.0109539819e+00  4.8737159727e-01 -1.1718238317e+00  3.1377851724e+00 -5.5501697977e-01 -2.0667977970e+00  6.1183802001e-01 -1.8495207061e+00 -5.6531331563e-01 -3.3946406979e+00 -6.1555532615e-01 -4.5407192046e-01 -2.7915728399e+00 -2.2355719585e+00 -2.5861692176e-02 -1.3508621435e+00 -2.3214691702e-03 -7.9846989384e-01  7.5791004064e-01 -7.0189360287e-02 -2.4547570949e+00  3.0017311132e+00 -5.8043562830e-01 -2.8785738435e+00  1.7562641749e+00 -1.6752267033e+00 -5.0778600460e+00  1.0977701181e+00  1.1283732161e-01  1.3932577681e-01 -4.3203626868e-01 -2.8535646573e+00 -2.9567560993e-01 -2.4862524512e+00 -2.4754148253e-01 -3.4741455121e+00  3.9173676387e+00 -8.2196189380e-01 -4.4691599877e+00  3.3138823603e+00 -8.7235850138e-01 -1.1364106566e-01 -1.4744311146e+00 -1.0389117581e+00 -4.1404900640e+00  2.0031352020e+00  9.2462466534e-01  6.4014379213e-01  2.0840826015e+00  8.7567272625e-01 -8.3145616082e-01  4.0929214624e+00 -9.5518888785e-01 -2.3988562909e+00 -3.4116510516e-01 -2.0690852674e+00 -8.1924816523e-01 -4.4236970008e+00  3.9268834636e-01 -5.8313317520e-01 -3.1598199593e+00 -2.7119081676e+00  2.2476757447e-01 -4.1126466089e-01 -9.9912170167e-01 -5.3375098324e+00  2.7748974012e-01 -1.9153829692e+00 -5.9746822028e+00  1.6686995692e+00 -2.5940928662e+00 -4.6484022358e+00  6.8759475917e-01  2.4792221892e-02  1.1773695076e+00 -9.4089878297e-02  1.1022759363e+00  3.9800851068e-02 -8.8875866091e-01
ENERGY -6.996330053071e+02

JOB 4
COORDS  5.5933877425e-01 -3.6269826026e-01  2.0258899858e+00  6.0104685906e-01 -1.2170576917e+00  3.1175844044e+00 -6.2053609648e-01 -1.9943296505e+00  6.3223546214e-01 -1.7628191583e+00 -7.7046986151e-01 -3.3446881490e+00 -5.7060446085e-01 -5.8114765233e-01 -2.6798706079e+00 -2.2794186094e+00  3.7113495961e-02 -1.4223364047e+00 -4.2034538105e-02 -7.4055479058e-01  7.9289426443e-01  1.7368965416e-02 -2.4875059201e+00  2.9668830795e+00 -5.7967646460e-01 -2.8533324608e+00  1.7424381625e+00 -1.7428453216e+00 -5.0118463942e+00  1.0671754570e+00 -4.1158786791e-03  2.5824191259e-01 -3.5302792003e-01 -2.8230105416e+00 -3.8067967101e-01 -2.5507484071e+00 -1.1091403728e-01 -3.5426892476e+00  3.8491176519e+00 -7.3651574727e-01 -4.5062072162e+00  3.2447125567e+00 -9.1166349154e-01 -6.0513933251e-02 -1.4433484555e+00 -1.0359274534e+00 -4.1201130636e+00  1.9663600978e+00  9.9529616658e-01  6.3040241746e-01  2.1105118059e+00  1.0584398090e+00 -9.2161755628e-01  4.0569892749e+00 -1.0845920945e+00 -2.2850164196e+00 -3.0494068244e-01 -1.9154003845e+00 -1.1549753502e+00 -4.3449609322e+00  4.5889592668e-01 -7.5855317088e-01 -2.9581816557e+00 -2.8144327724e+00  4.1199549945e-01 -5.5842358072e-01 -1.1257177792e+00 -5.2436192845e+00  1.9381046149e-01 -1.9569411561e+00 -5.9293224765e+00  1.6151919727e+00 -2.6807315992e+00 -4.5557081616e+00  7.3663052062e-01 -2.4135026501e-01  1.2590690272e+00  2.2832528544e-02  1.0069290121e+00  3.1212823298e-01 -7.6815124495e-01
ENERGY -6.996337487811e+02

JOB 5
COORDS  6.4244342868e-01 -3.8396563232e-01  2.0177153944e+00  7.7039216027e-01 -1.2796697048e+00  3.0681305184e+00 -6.9356193035e-01 -1.9423697803e+00  6.8220665616e-01 -1.6401550111e+00 -9.5179222748e-01 -3.2827846285e+00 -5.1017765575e-01 -6.8840795770e-01 -2.5390557477e+00 -2.3201235973e+00  5.7034087455e-02 -1.5134575631e+00 -8.0753725919e-02 -7.0466075218e-01  8.3411684288e-01  1.5280493320e-01 -2.5355410737e+00  2.9257307437e+00 -5.6192266921e-01 -2.8454433713e+00  1.7503459454e+00 -1.8108478237e+00 -4.9639188532e+00  1.1018357550e+00 -1.5403714536e-01  3.5300842533e-01 -2.5679316531e-01 -2.7645271753e+00 -4.8108899664e-01 -2.6339805509e+00  9.4213307928e-02 -3.6243881449e+00  3.7734770397e+00 -5.9931346661e-01 -4.5563667186e+00  3.1937255447e+00 -9.5589808746e-01 -3.3163757395e-02 -1.4041541915e+00 -1.0121596351e+00 -4.1157260711e+00  1.9656782879e+00  1.1060327545e+00  5.9727078339e-01  2.0953731252e+00  1.3224642270e+00 -1.0287256774e+00  3.9688235712e+00 -1.2445544419e+00 -2.1933899196e+00 -2.1836510720e-01 -1.7055423489e+00 -1.4397965632e+00 -4.2468058771e+00  5.3805428192e-01 -8.9796099065e-01 -2.7004770220e+00 -2.9263054920e+00  5.2508308717e-01 -7.4731814849e-01 -1.2869661514e+00 -5.1518897839e+00  1.5983410083e-01 -1.9709473826e+00 -5.9071130757e+00  1.6240128989e+00 -2.7761263028e+00 -4.4940129416e+00  8.9097971354e-01 -5.7102037115e-01  1.2780777176e+00  1.5510934911e-01  8.5269631899e-01  5.9593887840e-01 -6.1080270230e-01
ENERGY -6.996343723906e+02

JOB 6
COORDS  7.0245969634e-01 -4.2275329795e-01  1.9645530874e+00  9.1556022020e-01 -1.3608620467e+00  2.9633695369e+00 -7.9442693530e-01 -1.9040759430e+00  7.1490530184e-01 -1.4516521364e+00 -1.0335018640e+00 -3.2823672651e+00 -4.2032041889e-01 -7.4557564668e-01 -2.4150965899e+00 -2.3248573035e+00  1.0553358002e-01 -1.6858759284e+00 -1.4335047103e-01 -6.8361274984e-01  8.5012523878e-01  2.6178069029e-01 -2.5996155137e+00  2.8370091680e+00 -5.7241614164e-01 -2.8511799626e+00  1.7279745113e+00 -1.9119756891e+00 -4.9263290231e+00  1.1225819438e+00 -3.3300602119e-01  4.2629830502e-01 -1.7221862978e-01 -2.6368231013e+00 -4.9799913427e-01 -2.8174740669e+00  2.7114046344e-01 -3.7223458166e+00  3.6416835517e+00 -4.9260243660e-01 -4.6203843696e+00  3.0980341890e+00 -9.8828036121e-01 -1.5432606465e-03 -1.3953817849e+00 -1.0187239758e+00 -4.1241375086e+00  1.9362614500e+00  1.1968609553e+00  5.4423636522e-01  2.0284990795e+00  1.5636345457e+00 -1.1563937745e+00  3.8102336587e+00 -1.4338968403e+00 -2.1116996112e+00 -1.3704681133e-01 -1.4061500263e+00 -1.5849794566e+00 -4.2127917820e+00  6.3251123403e-01 -9.9069816183e-01 -2.4226663379e+00 -3.0100371513e+00  6.3927444897e-01 -1.0382476166e+00 -1.4847110650e+00 -5.0849648076e+00  1.2788484134e-01 -2.0385049907e+00 -5.8866451123e+00  1.6222728763e+00 -2.8843558938e+00 -4.4346052827e+00  1.0239249764e+00 -9.3646885897e-01  1.2304654246e+00  2.6197582421e-01  6.3629372623e-01  8.6639470561e-01 -4.2796557515e-01
ENERGY -6.996345690076e+02

JOB 7
COORDS  7.6291092559e-01 -4.6421942822e-01  1.9074418575e+00  1.0696376458e+00 -1.4428128173e+00  2.8425689414e+00 -8.8532736312e-01 -1.8807054811e+00  7.7962606525e-01 -1.2662070365e+00 -1.0044091759e+00 -3.2758137629e+00 -3.5746426986e-01 -7.6983026173e-01 -2.2670939431e+00 -2.2795810545e+00  2.3693338044e-01 -1.8486314742e+00 -2.0387855259e-01 -6.7234584795e-01  8.8616289064e-01  3.8779572942e-01 -2.6676637091e+00  2.7433634101e+00 -5.6724531133e-01 -2.8684818874e+00  1.7239838266e+00 -1.9905118821e+00 -4.9082830232e+00  1.1918955515e+00 -5.1092567435e-01  4.7381655812e-01 -6.2871724440e-02 -2.4641107331e+00 -3.7301597405e-01 -3.0041161692e+00  4.7217279014e-01 -3.8222701715e+00  3.4976882245e+00 -3.5770055031e-01 -4.6913721205e+00  3.0075270714e+00 -1.0128889718e+00  4.2611182123e-02 -1.3580090938e+00 -1.0025744518e+00 -4.1458515234e+00  1.9307675948e+00  1.2788752048e+00  4.9229493227e-01  1.9496596733e+00  1.8119236426e+00 -1.2792938761e+00  3.6179336049e+00 -1.6143774550e+00 -2.0475045569e+00 -7.4455879673e-03 -1.1248973287e+00 -1.5863774425e+00 -4.1776663629e+00  6.6130040682e-01 -1.0948971017e+00 -2.1103196033e+00 -3.0111151302e+00  8.3773702704e-01 -1.3216015921e+00 -1.6897046018e+00 -5.0096460567e+00  1.4487787363e-01 -2.0540358619e+00 -5.8951922297e+00  1.6500426431e+00 -2.9679741856e+00 -4.4190024633e+00  1.2416927760e+00 -1.2700680248e+00  1.1303368909e+00  3.7510424818e-01  3.8759198855e-01  1.0829816832e+00 -2.0807523367e-01
ENERGY -6.996340950997e+02

JOB 8
COORDS  7.5448345697e-01 -4.7475482815e-01  1.8204756704e+00  1.1619616575e+00 -1.4602490433e+00  2.7104442950e+00 -9.8370261583e-01 -1.8986122488e+00  8.4873722367e-01 -1.1141512293e+00 -9.7688257350e-01 -3.3127011059e+00 -3.7159399657e-01 -8.5579366691e-01 -2.1581836402e+00 -2.1962221882e+00  3.8666654878e-01 -2.0589781160e+00 -3.0620018574e-01 -6.8252433922e-01  8.9909117156e-01  4.8602010969e-01 -2.6904113602e+00  2.6656740148e+00 -5.6430957371e-01 -2.8925198601e+00  1.7438147097e+00 -2.0102127140e+00 -4.9452763529e+00  1.3333928620e+00 -7.2453799730e-01  4.5958151493e-01 -7.8399474973e-03 -2.2523143980e+00 -1.9865800561e-01 -3.2404764614e+00  6.5686024864e-01 -3.8518426517e+00  3.3953237914e+00 -2.0808540199e-01 -4.7252544904e+00  2.9803285324e+00 -1.0708029755e+00  3.2539204019e-02 -1.3588807675e+00 -9.6310791473e-01 -4.1773293824e+00  1.9789894447e+00  1.2633764551e+00  4.8604658532e-01  1.8214148099e+00  1.9760314984e+00 -1.2966032578e+00  3.4099719371e+00 -1.7841895387e+00 -2.0640029934e+00  1.3352490545e-01 -8.9423677968e-01 -1.5791670771e+00 -4.1850152686e+00  5.5664455499e-01 -1.3051283722e+00 -1.8363691792e+00 -2.9287504566e+00  1.0752493407e+00 -1.6551289835e+00 -1.8119375269e+00 -5.0355079096e+00  2.6118176794e-01 -2.0181209216e+00 -5.9363431331e+00  1.7868981432e+00 -2.9833926673e+00 -4.4678676948e+00  1.4829803944e+00 -1.6037266426e+00  9.6665877468e-01  4.0288452875e-01  8.0181623058e-02  1.2014976581e+00 -5.4589516193e-02
ENERGY -6.996330008013e+02

JOB 9
COORDS  2.5438945816e-01 -3.5817757660e-01  2.1328285930e+00  2.1047925364e-01 -1.2191908119e+00  3.2172237783e+00 -5.6784122239e-01 -2.0690580668e+00  5.8456377308e-01 -2.6056181091e+00  2.6915010018e+00  4.3842831117e-01 -2.1445567684e+00  1.3982628116e+00  5.5985513218e-01 -7.3095092220e-01  2.6365884519e+00 -6.0332812213e-01 -1.2829218824e-01 -7.7200570389e-01  8.2510968427e-01 -2.2874507052e-01 -2.5355369278e+00  2.9827505949e+00 -6.0758564878e-01 -2.9411729832e+00  1.6860085355e+00 -1.4516046419e+00 -5.1945686697e+00  8.5698655315e-01 -5.0784702949e-02  2.2205535569e-01 -3.1136872997e-01 -1.7160880705e+00  3.4568245635e+00 -2.8786150937e-01 -3.8162893380e-01 -3.6087572615e+00  3.8384111746e+00 -8.2179671527e-01 -4.6189593989e+00  3.1527992471e+00 -9.3764702017e-01  1.3707002989e+00 -1.1805018146e-01 -9.6993040776e-01 -4.2479416483e+00  1.8439149637e+00  5.7617260680e-01  6.7010578947e-01  2.2752557148e+00  5.0112226789e-01 -8.9925990465e-01  4.2132314498e+00 -8.6969434361e-01 -2.3840516749e+00 -4.1080166795e-01 -3.5191185452e+00  3.1120066360e+00  8.3912058447e-01 -2.5403795020e+00  5.2672738762e-01  1.0595341260e+00  1.5191705656e-01  2.8948751127e+00 -1.1757918299e+00 -7.0356294890e-01 -5.3439738054e+00  7.2371736474e-02 -1.6333144828e+00 -6.1391612882e+00  1.3695121873e+00 -2.3838868349e+00 -4.8389824509e+00  4.0763873588e-01  9.6793783766e-01  6.1112137060e-01 -4.0641818785e-01 -3.0089227845e-01 -2.7649145535e-01 -1.2543389137e+00
ENERGY -6.996319573242e+02

JOB 10
COORDS  3.8178134628e-01 -3.8427265956e-01  2.2118956679e+00  2.8951090243e-01 -1.2716815914e+00  3.2726188486e+00 -5.2514934413e-01 -2.0054964882e+00  6.1589274873e-01 -2.7116643994e+00  2.5310236674e+00  3.7942029053e-01 -2.0880663536e+00  1.3320160188e+00  6.5125869956e-01 -9.1454543391e-01  2.5258430187e+00 -7.9165068528e-01 -1.9535225506e-02 -7.3953856053e-01  8.9299388819e-01 -2.1942330918e-01 -2.5548119028e+00  3.0011064978e+00 -6.1521922471e-01 -2.9033051960e+00  1.6924767499e+00 -1.5760398277e+00 -5.0838910526e+00  7.9916686053e-01  8.9821407343e-02  2.8587194826e-01 -2.1032810878e-01 -1.9720833646e+00  3.2690552139e+00 -5.2151755018e-01 -4.3129605902e-01 -3.6422065085e+00  3.8260816393e+00 -9.2234583983e-01 -4.6076955544e+00  3.1113755929e+00 -9.3143768066e-01  1.3358423183e+00 -1.1047717260e-01 -1.0458518109e+00 -4.1933032825e+00  1.8132171061e+00  7.6101594624e-01  6.1980127927e-01  2.3834590325e+00  5.9637510719e-01 -9.9609780005e-01  4.2769461816e+00 -8.4076483325e-01 -2.2757326812e+00 -3.8824084218e-01 -3.6436646120e+00  2.9022307900e+00  7.8613577453e-01 -2.3459277347e+00  5.0804372363e-01  1.2989243099e+00 -1.0881020976e-01  2.7904880980e+00 -1.4659626807e+00 -8.3510033031e-01 -5.2517855432e+00  1.1605973948e-02 -1.8106539159e+00 -6.0311640374e+00  1.2844961399e+00 -2.4860913121e+00 -4.6648801035e+00  3.5912220258e-01  1.0707300406e+00  7.7042705381e-01 -1.7862042571e-01 -2.6207986239e-03 -2.0835440508e-01 -1.1831041247e+00
ENERGY -6.996310333330e+02

JOB 11
COORDS  1.0565866127e+00 -7.6493970910e-01  1.8290521903e+00  1.2259139678e+00 -1.7606654649e+00  2.7799081672e+00 -7.3439937898e-01 -1.9861788947e+00  6.9042436503e-01  2.5288692427e+00 -6.0916125882e-01 -2.6947572275e+00  1.8839398276e+00 -9.2080556702e-01 -1.5168026536e+00  1.0705628798e+00  9.3572480740e-01 -2.3978189986e+00  8.8948025178e-02 -8.6830496148e-01  7.9135060692e-01  3.9836685470e-01 -2.8932116681e+00  2.6846361874e+00 -5.6058954344e-01 -2.9922824517e+00  1.6536321116e+00 -2.2234965144e+00 -4.8484815549e+00  1.1381934455e+00 -1.6503462720e-02  2.3664744582e-01 -2.3215644121e-01  2.0147334051e+00  5.5026711064e-01 -3.2370554332e+00  3.2211564990e-01 -4.0318994292e+00  3.4633555627e+00 -6.0381162798e-01 -4.7987968846e+00  2.9755642966e+00  9.4470700044e-01  8.0495220803e-02 -1.3334732482e+00 -1.1595573670e+00 -4.1986136983e+00  1.8787835930e+00  1.6828899255e+00  1.2267327406e-01  1.8654310606e+00  1.9651646011e+00 -1.6763982908e+00  3.5705661166e+00 -1.4671552029e+00 -2.0714590128e+00 -1.0757618793e-01  3.3308247313e+00 -1.1533630168e+00 -3.1769890873e+00  2.0037956357e+00 -1.7315384031e+00 -8.1475785533e-01  4.4848138135e-01  1.8164476149e+00 -2.5043482261e+00 -1.9164146790e+00 -5.0260810217e+00  1.0307443586e-01 -2.4272905072e+00 -5.8020559437e+00  1.6250762329e+00 -3.1283789199e+00 -4.2332557206e+00  1.1487852983e+00 -1.0251769724e+00  2.5774547407e-01 -6.5614209844e-01  1.6139644227e-01  1.2050887976e+00  2.4608722446e-01
ENERGY -6.996305303434e+02

JOB 12
COORDS  1.0479444566e+00 -8.0603494739e-01  1.6941433159e+00  1.2499445772e+00 -1.7671873680e+00  2.6721595298e+00 -8.0452692143e-01 -2.0478797539e+00  6.8214517674e-01  2.6415488280e+00 -4.6265927159e-01 -2.6387658891e+00  1.8620635437e+00 -9.1043490124e-01 -1.5936375051e+00  1.2370263573e+00  1.1086152926e+00 -2.2392349187e+00  3.2769625055e-02 -9.3722723703e-01  7.0472038681e-01  4.0648383879e-01 -2.8930494874e+00  2.6573838856e+00 -5.9914101036e-01 -3.0192515621e+00  1.6758468966e+00 -2.3019469795e+00 -4.8742141196e+00  1.3056642012e+00 -1.1624492840e-01  1.3990912124e-01 -3.4329997297e-01  2.2442618609e+00  7.9782486799e-01 -3.0346163535e+00  3.5536922674e-01 -4.0014244445e+00  3.4800418518e+00 -5.9949403222e-01 -4.7755751287e+00  3.0639981413e+00  9.5699335175e-01  1.0783372843e-01 -1.3445867643e+00 -1.1990929592e+00 -4.2093814975e+00  1.9721956092e+00  1.6855502580e+00  7.3798462436e-02  1.6663434938e+00  2.0257956265e+00 -1.6631426609e+00  3.4245064393e+00 -1.5739553987e+00 -2.1544143434e+00 -7.7812482001e-02  3.4655350284e+00 -9.7420302134e-01 -3.1196039609e+00  1.8710395155e+00 -1.8235877111e+00 -1.0183497293e+00  6.7382003497e-01  2.0339645246e+00 -2.2610141494e+00 -2.0443527282e+00 -5.0938956422e+00  2.6509297614e-01 -2.4924206778e+00 -5.8066706016e+00  1.8368558705e+00 -3.1995325867e+00 -4.2489388871e+00  1.3340226913e+00 -1.0798240894e+00  2.8612169104e-02 -8.5143933256e-01 -1.0391821463e-01  1.1280049815e+00  1.2735352574e-01
ENERGY -6.996310334021e+02

JOB 13
COORDS  1.0505872359e+00 -8.5318941350e-01  1.5499017914e+00  1.2700890697e+00 -1.7702825156e+00  2.5647851540e+00 -8.5303058806e-01 -2.1104918284e+00  6.5818950833e-01  2.7494897632e+00 -3.0117152121e-01 -2.5940072874e+00  1.8576002393e+00 -8.7976057878e-01 -1.7167524947e+00  1.3793051001e+00  1.2537552975e+00 -2.0394458062e+00  5.4808374563e-05 -1.0139170671e+00  6.0206546156e-01  4.0900833695e-01 -2.8813931422e+00  2.6325499055e+00 -6.2984079392e-01 -3.0370114936e+00  1.6912042413e+00 -2.3718251593e+00 -4.8785214499e+00  1.4658708065e+00 -1.8178490333e-01  3.0202985387e-02 -4.7620004994e-01  2.4433955081e+00  1.0303998705e+00 -2.7881992468e+00  3.6909793781e-01 -3.9486422968e+00  3.5081917904e+00 -6.1039990663e-01 -4.7259924750e+00  3.1609276190e+00  9.7539394300e-01  1.2851269674e-01 -1.3675558346e+00 -1.2365951040e+00 -4.2022562426e+00  2.0625582927e+00  1.7020422401e+00  1.1732186969e-02  1.4565078530e+00  2.0735782544e+00 -1.6451433575e+00  3.2842251541e+00 -1.6493099341e+00 -2.2401897949e+00 -6.9972625263e-02  3.5946014190e+00 -7.6574411684e-01 -3.0857547140e+00  1.7769875409e+00 -1.8769187186e+00 -1.3104074404e+00  8.5863671188e-01  2.1988340822e+00 -1.9413918734e+00 -2.1533571181e+00 -5.1526705245e+00  4.2923176634e-01 -2.5592770006e+00 -5.7808609522e+00  2.0477619588e+00 -3.2578306745e+00 -4.2368451943e+00  1.4933311821e+00 -1.0764481748e+00 -2.0059305623e-01 -1.0649615277e+00 -3.3033522757e-01  1.0174217275e+00 -2.7349047794e-02
ENERGY -6.996319576473e+02

JOB 14
COORDS  1.0492465583e+00 -9.0437150575e-01  1.4217321217e+00  1.2774423263e+00 -1.7730451567e+00  2.4765258366e+00 -8.8893534430e-01 -2.1782847725e+00  6.3335992768e-01  2.8114497874e+00 -1.5582161756e-01 -2.5808358570e+00  1.8411789674e+00 -8.4287513038e-01 -1.8839787717e+00  1.4679096090e+00  1.3348041948e+00 -1.8213578632e+00 -2.3726527200e-02 -1.0973798737e+00  5.0621008391e-01  4.0354500348e-01 -2.8670329086e+00  2.6180663648e+00 -6.5653198778e-01 -3.0551307518e+00  1.7069094320e+00 -2.4243214382e+00 -4.8827915877e+00  1.6073771698e+00 -2.2919944047e-01 -9.5357566448e-02 -6.1040181455e-01  2.5705890336e+00  1.2026343511e+00 -2.5345092948e+00  3.6981420501e-01 -3.8902423440e+00  3.5451449559e+00 -6.2602217395e-01 -4.6708280572e+00  3.2569823450e+00  9.7781957683e-01  1.2489763234e-01 -1.4007943921e+00 -1.2689142556e+00 -4.1931505971e+00  2.1468099250e+00  1.7114882722e+00 -5.6259644220e-02  1.2700346684e+00  2.0988720450e+00 -1.6248790398e+00  3.1709559665e+00 -1.7020723569e+00 -2.3334244874e+00 -7.1064740733e-02  3.6686987913e+00 -5.6131101453e-01 -3.1029409948e+00  1.6954636514e+00 -1.8930129459e+00 -1.6762907986e+00  9.7698897944e-01  2.2689743518e+00 -1.5760120055e+00 -2.2308071239e+00 -5.2109663609e+00  5.8146441621e-01 -2.6110352877e+00 -5.7526858009e+00  2.2369975862e+00 -3.3017128021e+00 -4.2288659796e+00  1.6204107074e+00 -1.0417568125e+00 -4.2973313586e-01 -1.2648231616e+00 -5.2206954405e-01  8.7589234362e-01 -1.9873632696e-01
ENERGY -6.996327998970e+02

JOB 15
COORDS  1.0841716270e+00 -9.5706648678e-01  1.3067406049e+00  1.3120879883e+00 -1.7716674718e+00  2.4046876640e+00 -8.8869719551e-01 -2.2354027059e+00  6.1916969794e-01  2.8929868563e+00  2.7778852462e-02 -2.5540080790e+00  1.8635583000e+00 -7.5263347428e-01 -2.0743532569e+00  1.5505180819e+00  1.3731370693e+00 -1.5577894002e+00 -6.4000937694e-03 -1.1787704502e+00  4.2031294166e-01  4.2040566430e-01 -2.8380784240e+00  2.6203399999e+00 -6.5685610560e-01 -3.0557526534e+00  1.7360861279e+00 -2.4590953240e+00 -4.8518772790e+00  1.7634533451e+00 -2.2808484539e-01 -2.2679641015e-01 -7.4018316110e-01  2.6880368942e+00  1.3532131309e+00 -2.2264872065e+00  3.8219501642e-01 -3.8082185842e+00  3.6030535030e+00 -6.3187700594e-01 -4.5841508390e+00  3.3730091951e+00  1.0015316937e+00  1.2199994415e-01 -1.4371441974e+00 -1.2830227452e+00 -4.1561014690e+00  2.2469255322e+00  1.7612749843e+00 -1.3316395865e-01  1.0994791634e+00  2.1483055088e+00 -1.6025951032e+00  3.0763616602e+00 -1.7157093771e+00 -2.4138901869e+00 -6.3584951153e-02  3.7647267203e+00 -2.8915725415e-01 -3.1121312484e+00  1.6753681721e+00 -1.8163987130e+00 -2.1069596229e+00  1.0710045228e+00  2.2514505106e+00 -1.1423388625e+00 -2.2873437715e+00 -5.2411697056e+00  7.5512705476e-01 -2.6530669631e+00 -5.6811191169e+00  2.4437383307e+00 -3.3237618764e+00 -4.1811084407e+00  1.7515020158e+00 -9.4086123287e-01 -6.5942244191e-01 -1.4499195297e+00 -6.6397962808e-01  7.1034293910e-01 -3.7842125249e-01
ENERGY -6.996331378169e+02

JOB 16
COORDS  1.0594227493e+00 -1.0112823642e+00  1.3211985118e+00  1.2922661247e+00 -1.8073236037e+00  2.4329833438e+00 -9.0552440257e-01 -2.3129227612e+00  6.5770105934e-01  2.8248321778e+00  3.6794719674e-01 -2.4671948268e+00  1.8073543784e+00 -5.1168527389e-01 -2.1672914238e+00  1.4740627626e+00  1.4428024335e+00 -1.1915656096e+00 -2.9780619601e-02 -1.2533477547e+00  4.4005977865e-01  4.0742926373e-01 -2.8741145704e+00  2.6680945204e+00 -6.6900312454e-01 -3.1124252990e+00  1.7877069436e+00 -2.4594904339e+00 -4.9194977424e+00  1.8447634296e+00 -2.7537371539e-01 -3.2246064324e-01 -7.3625255077e-01  2.6063798263e+00  1.5855469503e+00 -1.8542542599e+00  3.7548977609e-01 -3.8285828598e+00  3.6667759972e+00 -6.3381006372e-01 -4.6138320890e+00  3.4497156911e+00  9.4261277394e-01  1.8752187744e-01 -1.3445334919e+00 -1.2880680427e+00 -4.2083665597e+00  2.3166632414e+00  1.7336832894e+00 -1.8865105963e-01  1.1025435826e+00  2.1290715226e+00 -1.6225552239e+00  3.0997969928e+00 -1.7321890715e+00 -2.5083392114e+00 -2.1159027698e-02  3.6934782316e+00  1.9523166820e-01 -3.0896302168e+00  1.6287363632e+00 -1.5431847244e+00 -2.4367166397e+00  9.8522186679e-01  2.2025193833e+00 -5.9325576420e-01 -2.2852700567e+00 -5.3242411537e+00  8.4292010447e-01 -2.6482247897e+00 -5.7387461791e+00  2.5385205968e+00 -3.3286017549e+00 -4.2547259388e+00  1.8217894692e+00 -8.7261625418e-01 -8.2863528663e-01 -1.5003646798e+00 -8.5476833861e-01  5.4597010656e-01 -4.0449729664e-01
ENERGY -6.996327140321e+02

JOB 17
COORDS  3.5663857304e-01 -2.9789718954e-01  2.1514715936e+00  4.9856541160e-01 -1.1797938323e+00  3.2152257581e+00 -6.8331800799e-01 -2.0021563630e+00  7.3444416179e-01  7.3110717058e-01  3.6020366526e+00  6.8010882101e-01  1.0315399772e+00  2.3712823648e+00  1.3810573201e-01 -1.1113773850e+00  2.4984627707e+00  6.6323136439e-01 -2.2477773453e-01 -6.9924832470e-01  9.1976073640e-01  4.6730862776e-02 -2.4970884829e+00  3.0362643223e+00 -5.3356769744e-01 -2.8891705344e+00  1.8106163292e+00 -1.4786126057e+00 -5.1408829200e+00  1.0952679490e+00 -3.4201134053e-01  2.7634549547e-01 -2.4462810119e-01 -6.0928977916e-01  3.6705328552e+00  1.0038113332e+00  4.4407680892e-02 -3.5852158449e+00  3.8891709992e+00 -4.8996131524e-01 -4.5902182806e+00  3.2685516339e+00 -1.6287132790e-01  1.6708582846e+00  1.1861393470e-01 -8.5302054444e-01 -4.2026142802e+00  2.0052638380e+00  6.9067822613e-01  7.2837594509e-01  2.2637955090e+00  9.3915053133e-01 -8.6597167224e-01  4.1567239969e+00 -1.1385662156e+00 -2.3105660696e+00 -2.0407743050e-01  1.3980341146e+00  4.4379798956e+00  8.4783921548e-01  1.9510470857e+00  1.9385657530e+00 -2.3091364740e-01 -2.1425522024e+00  2.1886417253e+00  7.8184478038e-01 -8.6878757774e-01 -5.2676198326e+00  1.9527363890e-01 -1.5617026990e+00 -6.0960281160e+00  1.6138542637e+00 -2.4769225886e+00 -4.7933907361e+00  8.1135733804e-01  4.0416441436e-01  3.4086587944e-02 -1.0083912842e+00 -1.3219046317e+00  1.6939355124e-01 -7.1980434273e-01
ENERGY -6.996319459490e+02

JOB 18
COORDS  1.5523159792e+00 -1.8479056952e+00  7.1138249140e-01  1.7032307290e+00 -2.4762774895e+00  1.9383114515e+00 -8.0811976096e-01 -2.4807144721e+00  5.4727509478e-01  2.6029207186e+00  1.4796076920e+00 -1.8752960783e+00  2.1953176708e+00  1.8915779645e-01 -2.1356063311e+00  7.5016767762e-01  1.2212099325e+00 -8.2076748263e-01  3.1227197202e-01 -1.8502565662e+00  1.4858244720e-02  5.8029467309e-01 -3.1259221071e+00  2.4805389045e+00 -6.4861225973e-01 -3.1200527460e+00  1.7876774158e+00 -2.8900735288e+00 -4.1426717079e+00  2.4235335002e+00  2.1220491336e-01 -1.1880623209e+00 -1.3486519820e+00  1.6937147485e+00  2.1146349523e+00 -1.0536245599e+00  4.1323297275e-01 -3.8231085874e+00  3.6616196902e+00 -8.1655573675e-01 -4.2308507806e+00  3.7255139204e+00  9.9606209968e-01  3.4105678290e-02 -1.4609742616e+00 -1.4886564482e+00 -3.8203942412e+00  2.6048387380e+00  2.3951982494e+00 -1.3231459678e+00  2.7121687022e-01  2.6498014723e+00 -2.4668440620e+00  2.4702108915e+00 -1.7609929485e+00 -2.4725384897e+00  2.3589175224e-02  3.4912337447e+00  1.9837231216e+00 -2.2337199107e+00  2.6223713037e+00 -6.0809686594e-01 -2.7281077160e+00 -1.2416234645e-01  1.3673188884e+00 -1.9853071339e-01 -3.0323154374e+00 -4.7408741100e+00  1.5181475596e+00 -3.2099352736e+00 -4.7182726985e+00  3.2921233302e+00 -3.4880032133e+00 -3.2287360041e+00  2.3527233997e+00  5.6897307089e-01 -1.8724301159e+00 -2.1247361163e+00 -8.3366029019e-01 -9.6455186650e-01 -1.5806285366e+00
ENERGY -6.996321473826e+02

JOB 19
COORDS  7.6478304515e-01 -4.7277335132e-01  2.0934498111e+00  7.8224873454e-01 -1.3613823440e+00  3.1567649030e+00 -5.6228375567e-01 -1.9861209734e+00  6.9703965922e-01  1.2669627172e-01  3.7396456525e+00  5.9216394097e-01  7.8103993113e-01  2.6656534885e+00  2.8762046487e-02 -1.2041762994e+00  2.0649789053e+00  7.9200014005e-01  1.0391937521e-01 -7.7771798544e-01  8.7066537598e-01  1.1925314441e-01 -2.5907838292e+00  2.9889522533e+00 -5.3818120303e-01 -2.8856793995e+00  1.7763161111e+00 -1.8501877784e+00 -4.9540983603e+00  1.0872664151e+00  1.5785634766e-01  2.1969032851e-01 -2.7085128144e-01 -1.1111320834e+00  3.3535661552e+00  1.0650933235e+00 -4.3083455671e-02 -3.6618087773e+00  3.8460638132e+00 -7.4446096301e-01 -4.5690197509e+00  3.2390730893e+00 -8.3658863577e-02  1.5923727676e+00  1.5896375488e-01 -1.0620819405e+00 -4.1294376608e+00  1.9816504620e+00  1.2521080470e+00  4.9326135234e-01  2.1919647138e+00  1.2829198371e+00 -1.1237123562e+00  4.0904632169e+00 -1.0787262515e+00 -2.2158868761e+00 -2.3160672652e-01  4.7519757954e-01  4.7604648717e+00  6.8275477659e-01  1.7488459077e+00  2.5636775898e+00 -4.4231243184e-01 -2.0404950152e+00  1.4219242313e+00  1.0359765783e+00 -1.2867591565e+00 -5.1786960729e+00  1.7632774747e-01 -2.0773000849e+00 -5.8825471989e+00  1.6111455798e+00 -2.7838121398e+00 -4.4485391919e+00  8.2176373093e-01  1.1473265308e+00  2.0057006935e-01 -7.3761767716e-01 -5.6622501859e-01 -5.4442372530e-02 -1.0450050503e+00
ENERGY -6.996321005380e+02

JOB 20
COORDS  8.7273200899e-01 -5.1506901093e-01  2.1070400373e+00  8.3386894367e-01 -1.4127763824e+00  3.1614792254e+00 -5.1619412860e-01 -1.9432113303e+00  6.8136727041e-01 -6.4184146343e-02  3.7779557188e+00  4.3843948205e-01  6.7144195236e-01  2.7524403033e+00 -1.1465010285e-01 -1.1399911016e+00  1.9721292966e+00  8.8274673171e-01  2.0884587730e-01 -7.7272453828e-01  8.7434809444e-01  1.0857491652e-01 -2.6041049150e+00  2.9740246003e+00 -5.5023538631e-01 -2.8531743268e+00  1.7520380866e+00 -1.9597200111e+00 -4.8444720194e+00  1.0285428006e+00  3.2012675823e-01  2.3954727648e-01 -2.4717938478e-01 -1.1918456157e+00  3.2799487680e+00  1.0590717040e+00 -1.1770033755e-01 -3.6734842387e+00  3.8182328627e+00 -8.5902832838e-01 -4.5372546075e+00  3.1950632042e+00 -2.5428037184e-02  1.5929789068e+00  1.7924819270e-01 -1.1396155449e+00 -4.0701482857e+00  1.9392299721e+00  1.4093856569e+00  4.2321215978e-01  2.2186126987e+00  1.3378308908e+00 -1.2114347812e+00  4.1019100541e+00 -1.0338014150e+00 -2.1362771479e+00 -2.5476377900e-01  1.5618646704e-01  4.8377533420e+00  4.2826119862e-01  1.5987835398e+00  2.7348921476e+00 -6.7026931909e-01 -1.8591190627e+00  1.2520215860e+00  1.2515016276e+00 -1.3983161226e+00 -5.0905063432e+00  1.2194565738e-01 -2.2413625793e+00 -5.7640591988e+00  1.5414184953e+00 -2.8622175429e+00 -4.2879826032e+00  7.5752637405e-01  1.3492847128e+00  2.7421655655e-01 -6.1741414080e-01 -3.1632927370e-01 -5.7379213292e-02 -1.0877541899e+00
ENERGY -6.996319958058e+02

JOB 21
COORDS  9.8861112985e-01 -6.0058360337e-01  2.1740077809e+00  8.8927229135e-01 -1.5144579402e+00  3.2103804222e+00 -4.6391961571e-01 -1.9206026254e+00  7.0834877266e-01 -2.6724126078e-01  3.7434886685e+00  3.3017902671e-01  5.4483649587e-01  2.7706658422e+00 -2.1069234703e-01 -1.0544446664e+00  1.8664350544e+00  1.0186523637e+00  3.2319070310e-01 -7.9622674448e-01  9.3049025846e-01  9.9909161972e-02 -2.6591453082e+00  2.9928612755e+00 -5.6006032521e-01 -2.8474677659e+00  1.7606604929e+00 -2.0691633924e+00 -4.7444440480e+00  9.8501769397e-01  4.9230230678e-01  2.3622609267e-01 -1.6251002400e-01 -1.2606630592e+00  3.1688418967e+00  1.0965262911e+00 -1.9154611206e-01 -3.7314718760e+00  3.8128396717e+00 -9.7285173781e-01 -4.5408132645e+00  3.1656970538e+00  3.8666774418e-02  1.5656266345e+00  2.4577928428e-01 -1.2163022990e+00 -4.0341863845e+00  1.9178554327e+00  1.5784904667e+00  3.0237819560e-01  2.3074837713e+00  1.3961487157e+00 -1.3610767957e+00  4.1582300070e+00 -9.8159516046e-01 -2.0661586953e+00 -2.3611258409e-01 -1.8746039042e-01  4.8172419464e+00  2.1744775813e-01  1.4147718406e+00  2.8179758679e+00 -8.5105538566e-01 -1.6409614908e+00  1.1004220185e+00  1.5083986065e+00 -1.5131901416e+00 -5.0044043481e+00  7.9002157378e-02 -2.4066207150e+00 -5.6562503918e+00  1.4776595766e+00 -2.9364137230e+00 -4.1333339344e+00  7.1681441382e-01  1.5496352137e+00  3.2464811720e-01 -4.3165636924e-01 -4.8703900077e-02 -7.6393476706e-02 -1.0623736857e+00
ENERGY -6.996318122558e+02

JOB 22
COORDS  1.1276931211e+00 -6.6225386765e-01  2.2348415213e+00  9.6437489638e-01 -1.5874386347e+00  3.2535996730e+00 -3.8501642975e-01 -1.8665957420e+00  7.3141470090e-01 -5.3447277269e-01  3.6596871036e+00  1.8781041824e-01  3.5605868313e-01  2.7537843644e+00 -3.4585316104e-01 -9.7301690481e-01  1.7772146909e+00  1.1262300410e+00  4.6359370597e-01 -7.9375126637e-01  9.8242808008e-01  1.1027264363e-01 -2.6780633020e+00  3.0074068985e+00 -5.4638623930e-01 -2.8043190137e+00  1.7652109148e+00 -2.1561394439e+00 -4.5939579981e+00  9.3916561914e-01  6.8337506463e-01  2.5963850502e-01 -7.8788952921e-02 -1.3572699142e+00  3.0412611736e+00  1.1063660311e+00 -2.5213368643e-01 -3.7466586660e+00  3.8039114235e+00 -1.0726513958e+00 -4.4961449661e+00  3.1337096050e+00  7.6526962661e-02  1.5468113074e+00  2.7205979344e-01 -1.2720905851e+00 -3.9535681654e+00  1.8935051517e+00  1.7716742755e+00  1.9950966351e-01  2.3899545429e+00  1.4714609639e+00 -1.4826860762e+00  4.2078948474e+00 -9.0116408593e-01 -1.9630828644e+00 -2.2004089193e-01 -6.2230365512e-01  4.7162764991e+00 -3.1553438964e-02  1.1442487440e+00  2.8500493619e+00 -1.0798370129e+00 -1.3978483016e+00  9.9598694067e-01  1.7414402846e+00 -1.6071013315e+00 -4.8694899311e+00  3.3565731268e-02 -2.5523053647e+00 -5.4930725164e+00  1.4109438804e+00 -2.9824962593e+00 -3.9270509610e+00  6.7502242954e-01  1.7555851848e+00  4.2820890998e-01 -2.2273209187e-01  2.7302550726e-01 -8.1686678729e-02 -1.0352685258e+00
ENERGY -6.996313950320e+02

JOB 23
COORDS  1.2813562957e+00 -7.4413603967e-01  2.3162809010e+00  1.0504761903e+00 -1.6928111259e+00  3.3017000765e+00 -3.0372215613e-01 -1.7868957843e+00  7.6841203060e-01 -8.0904272475e-01  3.5006603258e+00  1.5369115585e-02  1.3202835328e-01  2.6451502036e+00 -5.1544156369e-01 -8.8278391900e-01  1.7214623973e+00  1.2178480210e+00  6.1574330319e-01 -7.8336002787e-01  1.0597637573e+00  1.2375980401e-01 -2.7103129074e+00  3.0148819409e+00 -5.3561006504e-01 -2.7453700547e+00  1.7673422091e+00 -2.2607787596e+00 -4.3890409921e+00  8.7362568774e-01  8.9239429855e-01  3.0018220693e-01  4.4087038663e-02 -1.4352897239e+00  2.9160120421e+00  1.0958328754e+00 -3.1366225907e-01 -3.7810855529e+00  3.7704824788e+00 -1.1807405187e+00 -4.4467830542e+00  3.0716651067e+00  8.0836214555e-02  1.5032803571e+00  2.6513272742e-01 -1.3383283229e+00 -3.8467482838e+00  1.8522421566e+00  1.9857342485e+00  6.2275429123e-02  2.5035327337e+00  1.5610462741e+00 -1.6586878001e+00  4.2592240270e+00 -8.2085409404e-01 -1.8123413655e+00 -1.8709667347e-01 -1.0661780707e+00  4.4980563587e+00 -3.1844331627e-01  8.1438574730e-01  2.7367184760e+00 -1.3492932781e+00 -1.1318850360e+00  9.8362213014e-01  1.9674761530e+00 -1.7286011532e+00 -4.6660527076e+00 -4.1530072327e-02 -2.7180440872e+00 -5.2767895560e+00  1.3103246954e+00 -3.0392748330e+00 -3.6581021521e+00  6.3493812803e-01  1.9485177135e+00  5.8673658510e-01  8.2085669079e-02  6.8849498627e-01 -7.1785404842e-02 -9.6511271659e-01
ENERGY -6.996309136881e+02

