JOB 0
COORDS  1.0372094048e+00 -5.6557745590e-01 -3.6461189272e-01  3.8272496825e+00  3.0466551975e-02  1.1051311640e+00  2.3297745000e+00 -1.3878762061e+00 -4.4802572042e-01  3.6145217505e+00 -5.5584773091e-01 -2.9851019005e-01  1.5740955091e-01 -1.1989809788e+00 -5.2173721577e-01  9.2065718757e-01 -8.0800002556e-02  6.1009533572e-01  1.0232757779e+00  2.2006207115e-01 -1.1295120870e+00  4.5915917464e+00  8.1494695728e-01  1.0969949887e+00  2.9116065595e+00  4.9379115128e-01  1.4881210039e+00  4.1296061390e+00 -7.4200012330e-01  1.8207984509e+00  2.3136984407e+00 -2.1747473796e+00  3.1852143702e-01  2.3567243874e+00 -1.9058533398e+00 -1.4150280902e+00  4.4805832450e+00 -1.1736158259e+00 -5.6605243761e-01  3.5857346407e+00  2.6097119180e-01 -1.0324285750e+00
ENERGY -1.584856656169e+02

JOB 1
COORDS  1.0458062022e+00 -5.2480864779e-01 -4.0064675860e-01  3.8424666873e+00  2.7545126555e-03  1.1233958688e+00  2.3172390515e+00 -1.3822665976e+00 -4.3647394854e-01  3.6173388218e+00 -5.7303094970e-01 -2.8805399524e-01  1.4948336750e-01 -1.1427770104e+00 -5.2154151790e-01  9.4354937349e-01  1.8892878500e-02  5.4442472376e-01  1.0521380566e+00  2.1615134994e-01 -1.2089043757e+00  4.4112134608e+00  9.3791583830e-01  1.0937028512e+00  2.8911582666e+00  2.4120324001e-01  1.6113954613e+00  4.3700489001e+00 -7.0544115931e-01  1.7706136727e+00  2.2699788533e+00 -2.1437436033e+00  3.5413436776e-01  2.3463168494e+00 -1.9309392853e+00 -1.3862290740e+00  4.4726051630e+00 -1.1992734633e+00 -5.6769102476e-01  3.5930750562e+00  2.4731800547e-01 -1.0175436349e+00
ENERGY -1.584841102261e+02

JOB 2
COORDS  1.0631157696e+00 -4.9600275383e-01 -4.0470521142e-01  3.8529814584e+00  1.0054747491e-02  1.1147504360e+00  2.3152409714e+00 -1.3815456601e+00 -4.3323359140e-01  3.6295283355e+00 -5.9547243239e-01 -2.9028077990e-01  1.5146412785e-01 -1.0947354307e+00 -5.0659904332e-01  9.8284596599e-01  6.8200018496e-02  5.3072660024e-01  1.0803266038e+00  2.2944176015e-01 -1.2267436326e+00  4.2011476585e+00  1.0465701981e+00  1.0654085225e+00  2.9241732765e+00  2.5208984907e-02  1.6952721058e+00  4.5821790766e+00 -5.6508907737e-01  1.6938241342e+00  2.2533280033e+00 -2.1341013901e+00  3.6464669750e-01  2.3336806306e+00 -1.9391136677e+00 -1.3781747097e+00  4.4705785346e+00 -1.2500543946e+00 -5.4583944787e-01  3.6329080829e+00  2.0265155144e-01 -1.0435829597e+00
ENERGY -1.584826445496e+02

JOB 3
COORDS  1.0729289559e+00 -4.6377472108e-01 -4.1149492448e-01  3.8317458887e+00  3.4302100704e-03  1.1201738560e+00  2.3007423147e+00 -1.3827511183e+00 -4.3897565125e-01  3.6321764541e+00 -6.3120130700e-01 -2.7833686148e-01  1.4461002174e-01 -1.0355240995e+00 -5.1815264106e-01  1.0082477513e+00  9.8455802197e-02  5.2651501739e-01  1.1130220389e+00  2.6459722470e-01 -1.2301886588e+00  3.9534364915e+00  1.0897995072e+00  1.0685179304e+00  2.9791448066e+00 -1.9421987211e-01  1.7787411420e+00  4.7196464346e+00 -3.9614609716e-01  1.6202395280e+00  2.2149566045e+00 -2.1371358738e+00  3.5470168569e-01  2.3126683713e+00 -1.9349301321e+00 -1.3872612149e+00  4.4530446251e+00 -1.3268629660e+00 -4.8642745938e-01  3.6930804140e+00  1.4253994354e-01 -1.0537779225e+00
ENERGY -1.584821950205e+02

JOB 4
COORDS  1.0949228438e+00 -4.3071953569e-01 -4.1564583057e-01  3.8264850679e+00  5.5693948148e-03  1.1040117384e+00  2.2996923174e+00 -1.3795698430e+00 -4.5226028792e-01  3.6482903646e+00 -6.6367762459e-01 -2.7857598970e-01  1.5319100104e-01 -9.7524311847e-01 -5.4489349480e-01  1.0368689364e+00  1.0970630338e-01  5.3549604266e-01  1.1617419284e+00  3.1612184824e-01 -1.2158515290e+00  3.7191010220e+00  1.0936960501e+00  1.0539213965e+00  3.1034638446e+00 -3.7299402859e-01  1.8345216061e+00  4.8252232973e+00 -1.8636041439e-01  1.5104011241e+00  2.1949176159e+00 -2.1376779362e+00  3.3535737917e-01  2.3009127460e+00 -1.9234396794e+00 -1.4054192208e+00  4.4464717660e+00 -1.3994992292e+00 -4.3223785010e-01  3.7684973706e+00  8.1106862530e-02 -1.0750528274e+00
ENERGY -1.584831061559e+02

JOB 5
COORDS  1.1030086053e+00 -4.0137631887e-01 -4.1835028589e-01  3.8132660656e+00 -2.3689973901e-03  1.1057023329e+00  2.2857240192e+00 -1.3778803165e+00 -4.4961662639e-01  3.6507187166e+00 -6.9859722693e-01 -2.5927289372e-01  1.5171037549e-01 -9.2207861890e-01 -5.7309387356e-01  1.0405204370e+00  1.2363597371e-01  5.4086849351e-01  1.2003273190e+00  3.5694064178e-01 -1.2046298768e+00  3.4843944791e+00  1.0414830487e+00  1.0762774603e+00  3.2524407805e+00 -5.2007522454e-01  1.8919921596e+00  4.8651127484e+00  1.6242437087e-02  1.4117008439e+00  2.1546658158e+00 -2.1366605892e+00  3.3339571798e-01  2.2831332158e+00 -1.9174484674e+00 -1.4052132832e+00  4.4286246015e+00 -1.4645716031e+00 -3.6683207342e-01  3.8208851713e+00  2.2971175011e-02 -1.0684703357e+00
ENERGY -1.584847842986e+02

JOB 6
COORDS  1.1149042800e+00 -3.7519021361e-01 -4.3953168931e-01  3.8286778844e+00 -1.7727324168e-02  1.1028632771e+00  2.2776305715e+00 -1.3760610203e+00 -4.4151015787e-01  3.6574689551e+00 -7.2820048358e-01 -2.4814487088e-01  1.5984449232e-01 -8.7702625342e-01 -6.2937978077e-01  1.0291306437e+00  1.4335032841e-01  5.2111543976e-01  1.2515648865e+00  3.8656786217e-01 -1.2166359407e+00  3.2930200098e+00  9.3677645549e-01  1.1325367054e+00  3.4624829541e+00 -6.3974639546e-01  1.9282597505e+00  4.8837794552e+00  2.0394700241e-01  1.2972609498e+00  2.1185753754e+00 -2.1215373116e+00  3.4920705334e-01  2.2740347165e+00 -1.9287756186e+00 -1.3895800041e+00  4.4221264037e+00 -1.5098198524e+00 -3.4033612076e-01  3.8466784076e+00 -1.7839963626e-02 -1.0638835054e+00
ENERGY -1.584861842193e+02

JOB 7
COORDS  1.1170045082e+00 -3.4560285988e-01 -4.7253474962e-01  3.8422225289e+00 -3.4844498827e-02  1.1152667714e+00  2.2599217421e+00 -1.3679760506e+00 -4.2341139985e-01  3.6526580744e+00 -7.4651513374e-01 -2.3063964708e-01  1.5911040355e-01 -8.3524463566e-01 -6.7889343707e-01  1.0115091944e+00  1.9448713407e-01  4.7388975403e-01  1.2884000659e+00  3.9697565460e-01 -1.2612118076e+00  3.1301453360e+00  7.8644154592e-01  1.2455531926e+00  3.6969375248e+00 -7.3145414432e-01  1.9497847378e+00  4.8504735822e+00  3.8415273458e-01  1.2030551084e+00  2.0713922349e+00 -2.0874902956e+00  3.8500655418e-01  2.2592064907e+00 -1.9481073734e+00 -1.3548353350e+00  4.4096922554e+00 -1.5349472445e+00 -3.2730839808e-01  3.8434223010e+00 -3.7321384630e-02 -1.0475765547e+00
ENERGY -1.584865104880e+02

JOB 8
COORDS  1.1107094599e+00 -3.3341817538e-01 -5.1936869999e-01  3.8524799278e+00 -5.4237097012e-02  1.1263085116e+00  2.2377735583e+00 -1.3675247390e+00 -3.9953726771e-01  3.6368105549e+00 -7.5373843513e-01 -2.2409352246e-01  1.4453360230e-01 -8.2216359397e-01 -6.8535541760e-01  1.0163179476e+00  2.7843774470e-01  3.8362952094e-01  1.2903921392e+00  3.4494042954e-01 -1.3619720695e+00  3.0033093606e+00  5.8144186410e-01  1.3968060531e+00  3.9601482290e+00 -7.9233918685e-01  1.9304731629e+00  4.7553891940e+00  5.6475782108e-01  1.1218949012e+00  2.0278761818e+00 -2.0430186833e+00  4.4111723906e-01  2.2387494613e+00 -1.9941997434e+00 -1.3002939193e+00  4.3956066347e+00 -1.5360298677e+00 -3.4798335953e-01  3.8046216054e+00 -3.6046248371e-02 -1.0387579429e+00
ENERGY -1.584856701514e+02

JOB 9
COORDS  1.1281367260e+00 -2.9983317515e-01 -5.5785280933e-01  3.8581713617e+00 -7.9690083071e-02  1.1481212761e+00  2.2250297075e+00 -1.3590231895e+00 -3.9049795898e-01  3.6349078084e+00 -7.7033768838e-01 -2.1108162333e-01  1.4603724864e-01 -7.6627008477e-01 -6.9139143561e-01  1.0607566199e+00  3.6239199874e-01  3.1171693047e-01  1.3222910127e+00  3.2728855034e-01 -1.4360856247e+00  2.9318824141e+00  3.5009715606e-01  1.5428365763e+00  4.2021236712e+00 -8.0181637978e-01  1.8978135936e+00  4.6078465767e+00  7.1536411130e-01  1.0897524452e+00  1.9872338054e+00 -2.0028856624e+00  4.6747697581e-01  2.2221248546e+00 -2.0128752391e+00 -1.2716091260e+00  4.3827153705e+00 -1.5605347346e+00 -3.4525642442e-01  3.8083024363e+00 -5.0274599087e-02 -1.0219690300e+00
ENERGY -1.584841238443e+02

JOB 10
COORDS  1.1457080834e+00 -2.7294743487e-01 -5.6867395843e-01  3.8564182245e+00 -8.4115563253e-02  1.1510882522e+00  2.2146886323e+00 -1.3583114060e+00 -3.8967317227e-01  3.6349662276e+00 -7.9867166220e-01 -2.0211669200e-01  1.5045672863e-01 -7.1303587405e-01 -6.9428877064e-01  1.1005892886e+00  4.0175228479e-01  2.9303793064e-01  1.3554904334e+00  3.3786004740e-01 -1.4547857337e+00  2.9082705583e+00  1.4207977298e-01  1.6499367182e+00  4.4228895334e+00 -7.1666306326e-01  1.8429755762e+00  4.4083587635e+00  8.5429439956e-01  1.0418746938e+00  1.9572972788e+00 -1.9915668230e+00  4.7031841928e-01  2.2029028674e+00 -2.0163380972e+00 -1.2677184845e+00  4.3611052758e+00 -1.6122331068e+00 -3.1065395697e-01  3.8385440431e+00 -1.0411510767e-01 -1.0271903823e+00
ENERGY -1.584826518790e+02

JOB 11
COORDS  1.0922474447e+00 -9.8733486323e-01 -1.6669945124e-01  3.7906120880e+00  2.2096161258e-01  1.0261344466e+00  2.5210495045e+00 -1.3626301120e+00 -5.7976323922e-01  3.5242329962e+00 -2.0631636486e-01 -4.3841685585e-01  4.0920044001e-01 -1.8365086550e+00 -2.7802112166e-01  1.0445225512e+00 -6.6035177663e-01  8.7775552028e-01  7.1014968697e-01 -1.6738513117e-01 -7.8646792809e-01  3.2103796372e+00 -3.8135453200e-01  1.7334522314e+00  4.8450452445e+00  1.0590161991e-01  1.2955055563e+00  3.5223432029e+00  1.2666420071e+00  1.2067146264e+00  2.8671325865e+00 -2.2147963682e+00  2.0545600880e-02  2.5130742366e+00 -1.7046025505e+00 -1.6224854738e+00  4.4678560565e+00 -5.0360052887e-01 -9.1008365585e-01  3.1568178791e+00  6.4868399922e-01 -1.0193548512e+00
ENERGY -1.584821943315e+02

JOB 12
COORDS  1.0969358413e+00 -9.4977177412e-01 -1.6260276169e-01  3.7848949371e+00  2.1373279930e-01  1.0185547960e+00  2.5129226648e+00 -1.3614650082e+00 -5.8530005481e-01  3.5475297749e+00 -2.3435227020e-01 -4.4213167856e-01  3.8947262330e-01 -1.7784108773e+00 -2.7626834392e-01  1.0656279584e+00 -6.2982898533e-01  8.8465818171e-01  7.3436215767e-01 -1.1456433561e-01 -7.7376434513e-01  3.3796828442e+00 -5.1448191387e-01  1.7302421080e+00  4.8479341696e+00  3.4824366899e-01  1.2393891335e+00  3.2848187123e+00  1.1630877878e+00  1.2375873936e+00  2.8394658717e+00 -2.2232352484e+00  1.1942066962e-02  2.4922262679e+00 -1.6998364928e+00 -1.6290553624e+00  4.4927545661e+00 -5.8396068540e-01 -8.7415508504e-01  3.2374154328e+00  6.2272386176e-01 -1.0527924578e+00
ENERGY -1.584831088068e+02

JOB 13
COORDS  1.0954576099e+00 -9.1902156844e-01 -1.6185843804e-01  3.7776484504e+00  2.0193469527e-01  1.0145819483e+00  2.5011768276e+00 -1.3658809150e+00 -5.8352320061e-01  3.5674785392e+00 -2.6945165454e-01 -4.3714810674e-01  3.6393200084e-01 -1.7227842854e+00 -2.9922811192e-01  1.0663014725e+00 -6.2247027674e-01  8.9209908269e-01  7.6285162429e-01 -5.9654560420e-02 -7.5649873598e-01  3.5725096208e+00 -6.0656990960e-01  1.7262808130e+00  4.7964785833e+00  5.6353372526e-01  1.1836353383e+00  3.0938237702e+00  1.0175550449e+00  1.2742002885e+00  2.8031581379e+00 -2.2366205603e+00  1.3634508074e-02  2.4742042683e+00 -1.7024309911e+00 -1.6276675500e+00  4.5138580182e+00 -6.6267185268e-01 -8.2889113585e-01  3.3083131293e+00  5.8609168007e-01 -1.0738858850e+00
ENERGY -1.584847860268e+02

JOB 14
COORDS  1.0778593517e+00 -8.9399156146e-01 -1.6987120631e-01  3.7726679211e+00  1.8971029775e-01  1.0284465018e+00  2.4818993085e+00 -1.3742814838e+00 -5.5961658207e-01  3.5708345309e+00 -3.0017684252e-01 -4.1335700923e-01  3.3029391713e-01 -1.6766943878e+00 -3.3877028306e-01  1.0256094943e+00 -6.1148863256e-01  8.8677943199e-01  7.8407172791e-01 -1.8916545680e-02 -7.6212401209e-01  3.8007454523e+00 -6.5361481516e-01  1.7291249364e+00  4.7058320036e+00  7.5286768545e-01  1.1337287794e+00  2.9558958465e+00  8.4471546416e-01  1.3497043115e+00  2.7529554047e+00 -2.2444223258e+00  5.3278752877e-02  2.4657122217e+00 -1.7243506723e+00 -1.5995490565e+00  4.5163963320e+00 -7.1390561239e-01 -7.8610842552e-01  3.3338836960e+00  5.5315039040e-01 -1.0626458186e+00
ENERGY -1.584861771195e+02

JOB 15
COORDS  1.0645201779e+00 -8.6377570369e-01 -1.9908844862e-01  3.7920462536e+00  1.7503999658e-01  1.0343761594e+00  2.4687193634e+00 -1.3778372103e+00 -5.4230492921e-01  3.5773886196e+00 -3.2238864584e-01 -4.0096996417e-01  3.0752495837e-01 -1.6341748627e+00 -3.8172028069e-01  9.8370232212e-01 -5.6788616031e-01  8.5185952382e-01  8.0587276281e-01  9.1299269469e-03 -8.1060249876e-01  4.0698090624e+00 -6.5190825513e-01  1.6990009329e+00  4.5971197288e+00  9.1673647538e-01  1.0768810176e+00  2.8916880322e+00  6.4480600319e-01  1.4431390669e+00  2.7079925562e+00 -2.2394835243e+00  9.5723308849e-02  2.4686420355e+00 -1.7524045046e+00 -1.5737412677e+00  4.5182176703e+00 -7.4338463957e-01 -7.7734407741e-01  3.3425718251e+00  5.3147584918e-01 -1.0509779846e+00
ENERGY -1.584865142896e+02

JOB 16
COORDS  1.0476350072e+00 -8.2215282387e-01 -2.3529265334e-01  3.8171074320e+00  1.4584246370e-01  1.0582233804e+00  2.4499872653e+00 -1.3772003467e+00 -5.1637959502e-01  3.5753986302e+00 -3.3797651511e-01 -3.7945780731e-01  2.8243068474e-01 -1.5910121419e+00 -3.8768324235e-01  9.4742897969e-01 -4.6104446880e-01  7.9341277814e-01  8.1680852429e-01  1.5285976814e-02 -9.0456862872e-01  4.3405331336e+00 -6.1580284147e-01  1.6477154628e+00  4.4489264078e+00  1.0412079517e+00  1.0672707498e+00  2.8851879958e+00  3.9940118366e-01  1.5724890706e+00  2.6511753841e+00 -2.2223832732e+00  1.5609231738e-01  2.4703297375e+00 -1.7865495693e+00 -1.5342863001e+00  4.5075925810e+00 -7.5645091749e-01 -7.7811110851e-01  3.3310453663e+00  5.2282923102e-01 -1.0166858282e+00
ENERGY -1.584856773948e+02

JOB 17
COORDS  1.0414027199e+00 -7.9172207383e-01 -2.6459696750e-01  3.8308348938e+00  1.2352687881e-01  1.0698787645e+00  2.4367829789e+00 -1.3835949478e+00 -5.0016441296e-01  3.5762376114e+00 -3.5789369287e-01 -3.7163923914e-01  2.6422098796e-01 -1.5549242380e+00 -3.8042831590e-01  9.3874441279e-01 -3.6985486615e-01  7.4077254497e-01  8.3149340588e-01  1.0292390511e-02 -9.8227195142e-01  4.5649372928e+00 -5.1179478209e-01  1.5774151626e+00  4.2418047952e+00  1.1391298278e+00  1.0808531576e+00  2.9160212837e+00  1.3835191517e-01  1.6698684305e+00  2.6094222994e+00 -2.2099326248e+00  2.0304602068e-01  2.4679285431e+00 -1.8263856936e+00 -1.5036492225e+00  4.4999505531e+00 -7.8226809380e-01 -7.8178701995e-01  3.3311480546e+00  5.0332879490e-01 -1.0073135584e+00
ENERGY -1.584841005900e+02

JOB 18
COORDS  1.0470679132e+00 -7.4081115142e-01 -2.8039984647e-01  3.8362530444e+00  1.0398175221e-01  1.0784442914e+00  2.4238786012e+00 -1.3791994076e+00 -5.0323302319e-01  3.5915232279e+00 -3.8729013761e-01 -3.6727176898e-01  2.4555478468e-01 -1.4806675346e+00 -3.8122867173e-01  9.5992359084e-01 -2.9561838918e-01  7.1663086128e-01  8.6289117167e-01  5.3706301291e-02 -1.0132842570e+00  4.7197876057e+00 -3.6966741607e-01  1.5185604683e+00  4.0095765335e+00  1.1845243643e+00  1.1155898421e+00  2.9850001959e+00 -1.0681183944e-01  1.7334255155e+00  2.5658437419e+00 -2.2067396863e+00  2.0514445131e-01  2.4496213663e+00 -1.8266965837e+00 -1.5048399051e+00  4.5050948495e+00 -8.5050144724e-01 -7.5682464871e-01  3.3881301619e+00  4.6993097281e-01 -1.0216702987e+00
ENERGY -1.584826239931e+02

JOB 19
COORDS  1.0524912645e+00 -7.0499162455e-01 -2.7911395387e-01  3.8210171731e+00  1.0213296576e-01  1.0778452993e+00  2.4108347813e+00 -1.3801945283e+00 -5.0701833476e-01  3.6039935199e+00 -4.2154307273e-01 -3.6335886657e-01  2.2918035515e-01 -1.4196977828e+00 -3.8586708443e-01  9.8075495263e-01 -2.6615762203e-01  7.2206506076e-01  8.9154564878e-01  1.0130943572e-01 -1.0046496700e+00  4.8071781883e+00 -1.7474577383e-01  1.4634184545e+00  3.7387534355e+00  1.1914825565e+00  1.1410834225e+00  3.0825126032e+00 -3.1434812633e-01  1.7716291203e+00  2.5318948544e+00 -2.2133883342e+00  1.9828957878e-01  2.4257204810e+00 -1.8229989914e+00 -1.5109972118e+00  4.5087666564e+00 -9.3748831115e-01 -7.0467934480e-01  3.4624534378e+00  4.1978310101e-01 -1.0530378009e+00
ENERGY -1.584822020304e+02

JOB 20
COORDS  1.0625786972e+00 -6.6887383878e-01 -2.7919994324e-01  3.8106991922e+00  1.0448575260e-01  1.0679649502e+00  2.4031896404e+00 -1.3771877207e+00 -5.1167855740e-01  3.6197463951e+00 -4.5045949788e-01 -3.6238586119e-01  2.2056916568e-01 -1.3606151522e+00 -3.9138525365e-01  1.0041436948e+00 -2.3705078022e-01  7.2588316065e-01  9.2248910725e-01  1.4746157162e-01 -9.9789875492e-01  4.8554070821e+00  4.2972856047e-02  1.3886690805e+00  3.4842817717e+00  1.1443652305e+00  1.1628399263e+00  3.2343550281e+00 -4.8101653735e-01  1.7942188477e+00  2.5040793006e+00 -2.2141790981e+00  1.9209573812e-01  2.4078902069e+00 -1.8174383358e+00 -1.5169376796e+00  4.5139721537e+00 -1.0125101950e+00 -6.5665466538e-01  3.5360827792e+00  3.7629690159e-01 -1.0788989465e+00
ENERGY -1.584831453336e+02

JOB 21
COORDS  1.0666917085e+00 -6.3969641375e-01 -2.8164385569e-01  3.8018213842e+00  9.2487827590e-02  1.0648607975e+00  2.3903537868e+00 -1.3806533954e+00 -5.1023820056e-01  3.6315352001e+00 -4.8910000248e-01 -3.5159530988e-01  2.0794883622e-01 -1.3051788384e+00 -4.2209568366e-01  1.0049743518e+00 -2.3009805382e-01  7.3228341634e-01  9.5951749275e-01  1.9630066492e-01 -9.8332873841e-01  4.8574230543e+00  2.4938706733e-01  1.3094257991e+00  3.2709652848e+00  1.0403122927e+00  1.1954453520e+00  3.4126526091e+00 -6.0538247375e-01  1.8168644613e+00  2.4651173204e+00 -2.2215341521e+00  1.9214258736e-01  2.3895414914e+00 -1.8184479331e+00 -1.5165328123e+00  4.5152509112e+00 -1.0893263304e+00 -6.0097389242e-01  3.5994161492e+00  3.2333511223e-01 -1.0889801156e+00
ENERGY -1.584848190822e+02

JOB 22
COORDS  1.0546929636e+00 -6.1243846277e-01 -2.9382945829e-01  3.7944813438e+00  7.9106239519e-02  1.0800588238e+00  2.3673715516e+00 -1.3820405652e+00 -4.8954252491e-01  3.6270374447e+00 -5.1766236025e-01 -3.2532422815e-01  1.8716788819e-01 -1.2577439949e+00 -4.6988693770e-01  9.6722680955e-01 -2.1325914526e-01  7.2208929600e-01  9.8804320652e-01  2.3292109080e-01 -9.8935445503e-01  4.8114495309e+00  4.5647304538e-01  1.2316672158e+00  3.0973102218e+00  9.0268417940e-01  1.2643449283e+00  3.6163152841e+00 -6.8310810032e-01  1.8486537387e+00  2.4107499514e+00 -2.2165754252e+00  2.2314849785e-01  2.3735643508e+00 -1.8324602517e+00 -1.4902620058e+00  4.5033791632e+00 -1.1361217898e+00 -5.5690580504e-01  3.6172983772e+00  2.8928901062e-01 -1.0700979555e+00
ENERGY -1.584861916978e+02

JOB 23
COORDS  1.0484069008e+00 -5.8047416258e-01 -3.2366065838e-01  3.8114538115e+00  5.5986450458e-02  1.0945286738e+00  2.3496075614e+00 -1.3799218273e+00 -4.7082664539e-01  3.6264604777e+00 -5.3978617381e-01 -3.0702619575e-01  1.7421604717e-01 -1.2125364584e+00 -5.1396995281e-01  9.3752152544e-01 -1.6254114710e-01  6.8212215271e-01  1.0177210478e+00  2.5360724862e-01 -1.0351078717e+00  4.7342802431e+00  6.4314516473e-01  1.1546763621e+00  2.9853820602e+00  7.2188902576e-01  1.3647116601e+00  3.8642161659e+00 -7.3286184716e-01  1.8543671045e+00  2.3598488011e+00 -2.1984821750e+00  2.6170865435e-01  2.3655445455e+00 -1.8551264137e+00 -1.4598103925e+00  4.4957159997e+00 -1.1650450931e+00 -5.4693245895e-01  3.6185114578e+00  2.7050836465e-01 -1.0487234800e+00
ENERGY -1.584865103902e+02

