JOB 0
COORDS  6.7041631530e+00 -2.1260381861e-01  7.9050316742e+00  5.5288482610e+00  7.9877511451e-02  8.6051969100e+00  6.6257689307e+00 -8.7066260162e-01  6.6797220811e+00  4.2821409382e+00 -2.8144740015e-01  8.0856805159e+00  5.3873954732e+00 -1.2447556577e+00  6.1301226033e+00  4.2064252574e+00 -9.4206091425e-01  6.8519467297e+00  9.1355573099e+00 -4.1130209397e+00  1.9975194035e+00  7.0712648854e+00 -3.4047131210e+00  2.3917412211e+00  5.3013411838e+00 -1.9329891187e+00  4.8415855908e+00  8.5589176832e+00 -4.6989993127e+00  7.3466406797e-01  1.8124397682e+00 -1.0437204767e+00  6.9565139623e+00  8.3998254712e+00 -3.4689807801e+00  2.8266713557e+00  6.0672467513e+00 -2.8473915971e+00  2.9648995813e+00  6.3663970970e+00 -2.1999429164e+00  4.1611518218e+00  1.0449562093e+01 -4.3074692653e+00  2.1909431236e+00  3.0284357972e+00 -1.3288928046e+00  6.2724316173e+00  6.7933764204e+00 -4.2405663435e+00  8.1822565490e-01  7.6699961897e+00  6.9778331251e-02  8.3144412659e+00  5.5756794862e+00  5.9178118944e-01  9.5630478682e+00  7.5204649620e+00 -1.1132074600e+00  6.1148462839e+00  3.3847398925e+00 -4.4971468309e-02  8.6454383399e+00  4.3155511910e+00 -2.2167670132e+00  4.4694065663e+00  9.0510999868e+00 -4.2696654074e+00 -1.4270654358e-01  8.6992252225e+00 -5.7835477730e+00  7.1760745407e-01  1.0164752061e+00 -1.4332465098e+00  6.3206017366e+00  1.6741935170e+00  3.5837177571e-02  7.0917936332e+00  1.7760528956e+00 -1.5437647363e+00  7.9319888272e+00  1.0680314764e+01 -3.8768001820e+00  3.0369556085e+00
ENERGY -1.138740960640e+03

JOB 1
COORDS  6.7127234559e+00 -8.7103869986e-02  7.8535809455e+00  5.5400408259e+00  8.5729909613e-02  8.5964380628e+00  6.6463481615e+00 -6.9556162308e-01  6.6020111069e+00  4.3085242824e+00 -3.4506249558e-01  8.0938583424e+00  5.4231499595e+00 -1.1350107581e+00  6.0680528089e+00  4.2449702572e+00 -9.5445548673e-01  6.8333687785e+00  9.0493979981e+00 -4.2449255556e+00  2.1163128165e+00  7.0934263580e+00 -3.2155959786e+00  2.3127145563e+00  5.3490322262e+00 -1.7684866960e+00  4.7497167992e+00  8.5288977584e+00 -4.7083204310e+00  7.8019472255e-01  1.8685394855e+00 -1.2387753243e+00  6.9943624413e+00  8.3391587034e+00 -3.5034070811e+00  2.8839110639e+00  6.1379769141e+00 -2.5145486793e+00  2.8003537886e+00  6.4074276615e+00 -1.9151492419e+00  4.0261193605e+00  1.0286372385e+01 -4.6530853952e+00  2.4405911828e+00  3.0819039931e+00 -1.4026991364e+00  6.2672301682e+00  6.8604053729e+00 -3.9713902021e+00  6.9081068940e-01  7.6669912879e+00  2.4800133492e-01  8.2501570953e+00  5.5772120695e+00  5.5702724148e-01  9.5753077597e+00  7.5397631997e+00 -8.4702289746e-01  6.0042927348e+00  3.4130591787e+00 -2.0126650705e-01  8.6871996764e+00  4.3763052419e+00 -2.1156161317e+00  4.3972272721e+00  9.1773428472e+00 -4.3489887524e+00 -2.4049270615e-02  8.4960337000e+00 -5.8007826763e+00  7.4002549484e-01  1.0850829085e+00 -1.6578820583e+00  6.3616937106e+00  1.6558134969e+00 -1.7945990760e-01  7.1825945741e+00  1.8966619973e+00 -1.7825312205e+00  7.9464787852e+00  1.0489485927e+01 -4.2785809976e+00  3.3197466595e+00
ENERGY -1.138740238338e+03

JOB 2
COORDS  6.7167848950e+00  4.9738661684e-02  7.8029213537e+00  5.5526259500e+00  9.8905358974e-02  8.5767537569e+00  6.6691756079e+00 -5.1537836300e-01  6.5301184462e+00  4.3482033622e+00 -4.1176718551e-01  8.0834218742e+00  5.4730016376e+00 -1.0321679624e+00  6.0056308016e+00  4.3032073743e+00 -9.7701555253e-01  6.8016854870e+00  8.9024980932e+00 -4.3618047295e+00  2.2356230384e+00  7.1198221866e+00 -3.0386318712e+00  2.2503561235e+00  5.4182134671e+00 -1.6210587199e+00  4.6640696001e+00  8.4688926291e+00 -4.7185104438e+00  8.3706770663e-01  1.9602379630e+00 -1.4539337592e+00  6.9988406088e+00  8.2343980490e+00 -3.5285646435e+00  2.9445555148e+00  6.2425929380e+00 -2.2031489593e+00  2.6605855818e+00  6.4652059100e+00 -1.6498886018e+00  3.9132771470e+00  1.0017599009e+01 -4.9640198561e+00  2.6781297100e+00  3.1661238445e+00 -1.4969058667e+00  6.2427817939e+00  6.9563595034e+00 -3.7255067148e+00  5.8809905723e-01  7.6504901594e+00  4.4623757438e-01  8.1917286254e+00  5.5753930393e+00  5.3480462542e-01  9.5723253909e+00  7.5576018921e+00 -5.7153290121e-01  5.9088537647e+00  3.4585743033e+00 -3.6341876439e-01  8.7005161163e+00  4.4679975637e+00 -2.0360708677e+00  4.3234962832e+00  9.2521302763e+00 -4.4555368027e+00  1.2025736631e-01  8.2711587823e+00 -5.7913830061e+00  7.5957159775e-01  1.1974690154e+00 -1.9099174030e+00  6.3663468173e+00  1.6707526479e+00 -4.2173856026e-01  7.2303956300e+00  2.0510360852e+00 -2.0273191779e+00  7.9294391694e+00  1.0178046993e+01 -4.6383466570e+00  3.5850914223e+00
ENERGY -1.138739377862e+03

JOB 3
COORDS  6.6884208314e+00  2.2446768783e-01  7.7839422882e+00  5.5356045622e+00  1.2554558110e-01  8.5695405397e+00  6.6792557048e+00 -2.9201882519e-01  6.4896168812e+00  4.3818370063e+00 -4.8363682126e-01  8.0668948203e+00  5.5347227906e+00 -9.0564840445e-01  5.9555485215e+00  4.3763061047e+00 -9.9941494255e-01  6.7636808250e+00  8.6844658719e+00 -4.4443860938e+00  2.3415696250e+00  7.1687941014e+00 -2.8257565169e+00  2.2096087934e+00  5.5207669372e+00 -1.4442446749e+00  4.5905714707e+00  8.3709062590e+00 -4.6825311713e+00  8.8676465596e-01  2.0959087642e+00 -1.7174030717e+00  6.9640713883e+00  8.0883234782e+00 -3.5244463920e+00  3.0057384060e+00  6.4104927315e+00 -1.8600182411e+00  2.5599629476e+00  6.5656868665e+00 -1.3688722665e+00  3.8430040824e+00  9.6155102326e+00 -5.2464389972e+00  2.8820287470e+00  3.2895273363e+00 -1.6101554775e+00  6.1951571420e+00  7.0993386530e+00 -3.4273289744e+00  5.0665986858e-01  7.5828380377e+00  6.9796361371e-01  8.1789743494e+00  5.5275686288e+00  5.2225533528e-01  9.5815642631e+00  7.5603794132e+00 -2.3243314461e-01  5.8583637679e+00  3.5002245381e+00 -5.4938137264e-01  8.6938105329e+00  4.6009455426e+00 -1.9115378219e+00  4.2343377712e+00  9.2708406889e+00 -4.5484941907e+00  2.7970610804e-01  7.9984168754e+00 -5.7000736697e+00  7.3804831789e-01  1.3735016599e+00 -2.2223858463e+00  6.3214442162e+00  1.7082259233e+00 -7.2924729405e-01  7.2399280446e+00  2.2561402087e+00 -2.3147140353e+00  7.8699684813e+00  9.7179405380e+00 -4.9780254720e+00  3.8157361725e+00
ENERGY -1.138738580869e+03

JOB 4
COORDS  6.6623951194e+00  3.5131942343e-01  7.7749488965e+00  5.5211388968e+00  1.4130636348e-01  8.5554922138e+00  6.6973190696e+00 -1.3513520640e-01  6.4693048370e+00  4.4216802180e+00 -5.4915709321e-01  8.0364328557e+00  5.6078623244e+00 -8.2912323827e-01  5.9197805190e+00  4.4605147751e+00 -1.0349164100e+00  6.7223805544e+00  8.4670717829e+00 -4.5030092830e+00  2.4516943750e+00  7.2084296744e+00 -2.6895138829e+00  2.2032500522e+00  5.6395393806e+00 -1.3411145231e+00  4.5439893241e+00  8.2600731901e+00 -4.6942562429e+00  9.7098740200e-01  2.2455718294e+00 -1.9401158002e+00  6.8993005700e+00  7.9452675814e+00 -3.5099881129e+00  3.0712120507e+00  6.5722653817e+00 -1.6245226042e+00  2.5003081719e+00  6.6664389734e+00 -1.1539960409e+00  3.7934051856e+00  9.2248587972e+00 -5.4268122307e+00  3.0638785798e+00  3.4279765822e+00 -1.7200789407e+00  6.1371636006e+00  7.2153865235e+00 -3.2741651401e+00  4.9173042628e-01  7.5145168274e+00  8.8798055349e-01  8.1824358575e+00  5.4797338283e+00  5.1414327872e-01  9.5757428468e+00  7.5708999603e+00  1.2068551858e-02  5.8418749973e+00  3.5473890934e+00 -7.0034032176e-01  8.6588412825e+00  4.7643987401e+00 -1.8845652443e+00  4.1829200412e+00  9.2224815361e+00 -4.6867783286e+00  4.5125036809e-01  7.7657198506e+00 -5.6500521676e+00  7.7512877105e-01  1.5680102705e+00 -2.4889585556e+00  6.2438860751e+00  1.7780258717e+00 -9.9271115820e-01  7.1937096770e+00  2.4520453194e+00 -2.5408104828e+00  7.7935307981e+00  9.2776921328e+00 -5.1758059062e+00  4.0064747420e+00
ENERGY -1.138737960456e+03

JOB 5
COORDS  6.6047232768e+00  5.0423040880e-01  7.7685745003e+00  5.4821191171e+00  1.7147659237e-01  8.5332028240e+00  6.6998527404e+00  4.3226266451e-02  6.4566845298e+00  4.4611397923e+00 -6.1594851265e-01  7.9922865212e+00  5.6903393201e+00 -7.4773833484e-01  5.8860818087e+00  4.5607202246e+00 -1.0766172735e+00  6.6723900405e+00  8.2089024503e+00 -4.5535659381e+00  2.5561644054e+00  7.2727340356e+00 -2.5658489403e+00  2.2217876940e+00  5.7867329645e+00 -1.2346446953e+00  4.5041518876e+00  8.1206052639e+00 -4.7051913011e+00  1.0591492903e+00  2.4404864612e+00 -2.1910299319e+00  6.8099255257e+00  7.7870050338e+00 -3.4942952878e+00  3.1407682425e+00  6.7917620708e+00 -1.4117784458e+00  2.4752353595e+00  6.8089980034e+00 -9.5913557174e-01  3.7751549667e+00  8.7530872587e+00 -5.5854258021e+00  3.2211663674e+00  3.6068388230e+00 -1.8527187088e+00  6.0666629430e+00  7.3603696673e+00 -3.1378648495e+00  5.0781905368e-01  7.3951612193e+00  1.1172347226e+00  8.1923308962e+00  5.3937557944e+00  5.2393994468e-01  9.5576958500e+00  7.5595005571e+00  2.8746636182e-01  5.8403940801e+00  3.5998839509e+00 -8.6129568913e-01  8.6027509315e+00  4.9599211277e+00 -1.8334976277e+00  4.1173826976e+00  9.1183975208e+00 -4.8469945625e+00  6.3410539866e-01  7.5049601102e+00 -5.5711251976e+00  7.9937819777e-01  1.8251138985e+00 -2.7921776011e+00  6.1392033281e+00  1.8832367577e+00 -1.2949158347e+00  7.1087125659e+00  2.6905712477e+00 -2.7811770057e+00  7.7000540165e+00  8.7523870660e+00 -5.3484274594e+00  4.1688107619e+00
ENERGY -1.138737498625e+03

JOB 6
COORDS  6.5481243928e+00  6.3031469026e-01  7.7627217705e+00  5.4475173601e+00  1.9487371793e-01  8.5075717825e+00  6.7037973325e+00  1.9026814512e-01  6.4494735720e+00  4.5076524789e+00 -6.7419887043e-01  7.9450205242e+00  5.7763351644e+00 -6.8190608938e-01  5.8580068395e+00  4.6674708039e+00 -1.1137515178e+00  6.6239482520e+00  7.9588963103e+00 -4.5511991962e+00  2.6411237876e+00  7.3269152692e+00 -2.4563189210e+00  2.2470323088e+00  5.9379520276e+00 -1.1515078577e+00  4.4770079579e+00  7.9694754171e+00 -4.6957782742e+00  1.1409773620e+00  2.6475529757e+00 -2.4051061846e+00  6.7179308243e+00  7.6385302018e+00 -3.4422768530e+00  3.1970051917e+00  6.9988842899e+00 -1.2414657027e+00  2.4659757593e+00  6.9423536299e+00 -7.8460436313e-01  3.7622733435e+00  8.3058856614e+00 -5.6438080727e+00  3.3407915875e+00  3.7945962085e+00 -1.9655604284e+00  5.9978991704e+00  7.4765376560e+00 -3.0413443072e+00  5.4213952760e-01  7.2750465398e+00  1.3069485005e+00  8.2029792770e+00  5.3129514601e+00  5.3032072620e-01  9.5327529887e+00  7.5475029186e+00  5.1444504017e-01  5.8482476035e+00  3.6617354926e+00 -9.9845918435e-01  8.5399255733e+00  5.1696394290e+00 -1.8142882074e+00  4.0740998646e+00  8.9688586338e+00 -4.9751045343e+00  7.9521085261e-01  7.2633327368e+00 -5.4698911931e+00  8.2705573001e-01  2.0963609041e+00 -3.0507145970e+00  6.0328357784e+00  2.0122618652e+00 -1.5607101218e+00  7.0114901085e+00  2.9301006940e+00 -2.9785754193e+00  7.6092651863e+00  8.2632982533e+00 -5.4042926827e+00  4.2868070920e+00
ENERGY -1.138736925040e+03

JOB 7
COORDS  6.4790770931e+00  7.4008465546e-01  7.7533959875e+00  5.3960105178e+00  2.3189937755e-01  8.4777745934e+00  6.6965893554e+00  3.0167289363e-01  6.4486042299e+00  4.5347929840e+00 -7.0806048082e-01  7.9033662397e+00  5.8485015159e+00 -6.4067163250e-01  5.8449088332e+00  4.7565938009e+00 -1.1456339317e+00  6.5907411585e+00  7.7432066451e+00 -4.5380278466e+00  2.6867462161e+00  7.3865841110e+00 -2.3803029786e+00  2.2821656192e+00  6.0762054834e+00 -1.1093152648e+00  4.4741594450e+00  7.8496047970e+00 -4.6712181599e+00  1.1895177400e+00  2.8308722206e+00 -2.5751247149e+00  6.6515093073e+00  7.5103312536e+00 -3.4040155095e+00  3.2352010209e+00  7.2066754234e+00 -1.1305729526e+00  2.4899807949e+00  7.0583344166e+00 -6.5907108547e-01  3.7731663223e+00  7.9128132888e+00 -5.6679689609e+00  3.3929365954e+00  3.9622624569e+00 -2.0640405528e+00  5.9542949902e+00  7.6004731049e+00 -2.9652516836e+00  5.8463708084e-01  7.1444337799e+00  1.4716604176e+00  8.2030022697e+00  5.2138320668e+00  5.6539631596e-01  9.4962091595e+00  7.5274625552e+00  6.8169238221e-01  5.8624988793e+00  3.7011526784e+00 -1.0878311347e+00  8.4825643256e+00  5.3676823787e+00 -1.8302385773e+00  4.0626190236e+00  8.8325154230e+00 -5.0646224763e+00  9.1472467262e-01  7.0831622922e+00 -5.3531598023e+00  8.0996853381e-01  2.3427381457e+00 -3.2641267854e+00  5.9608348369e+00  2.1316083941e+00 -1.7740889487e+00  6.9200128118e+00  3.1300863512e+00 -3.1187771259e+00  7.5560206057e+00  7.8292659797e+00 -5.4318931438e+00  4.3370560804e+00
ENERGY -1.138735697136e+03

JOB 8
COORDS  6.3989213659e+00  8.5119220978e-01  7.7390059452e+00  5.3298965297e+00  2.9577601697e-01  8.4496689138e+00  6.6761616426e+00  3.9510294339e-01  6.4520189807e+00  4.5415265125e+00 -7.0861563709e-01  7.8797013318e+00  5.9012017589e+00 -6.1106768218e-01  5.8518688908e+00  4.8229582643e+00 -1.1634582789e+00  6.5846075043e+00  7.5641956047e+00 -4.5395868855e+00  2.6917107142e+00  7.4565049779e+00 -2.3457943915e+00  2.3293763117e+00  6.1934110837e+00 -1.0994626673e+00  4.5014993088e+00  7.7787892206e+00 -4.6473560225e+00  1.2045057624e+00  2.9842887588e+00 -2.7034601014e+00  6.6364872731e+00  7.4002102882e+00 -3.4004461793e+00  3.2548543578e+00  7.4087527829e+00 -1.0842168932e+00  2.5516700858e+00  7.1497537312e+00 -5.8404537004e-01  3.8056197942e+00  7.5671496282e+00 -5.6961666186e+00  3.3745783131e+00  4.1017514990e+00 -2.1442925858e+00  5.9538498647e+00  7.7562096143e+00 -2.9107039298e+00  6.3851058003e-01  7.0074261705e+00  1.6322792696e+00  8.1858478534e+00  5.1020816260e+00  6.4217328096e-01  9.4545112364e+00  7.4974593989e+00  8.0952145115e-01  5.8759591372e+00  3.7179454374e+00 -1.1241248161e+00  8.4486648265e+00  5.5422406717e+00 -1.8753855100e+00  4.0982033646e+00  8.7354423995e+00 -5.1357071692e+00  9.9758594215e-01  6.9807758711e+00 -5.2353417088e+00  7.4179896010e-01  2.5547294984e+00 -3.4367040927e+00  5.9524181287e+00  2.2330152797e+00 -1.9385219515e+00  6.8669301437e+00  3.2909668731e+00 -3.2061217388e+00  7.5619985088e+00  7.4327252958e+00 -5.4745165222e+00  4.3162998498e+00
ENERGY -1.138732988998e+03

JOB 9
COORDS  6.2889024652e+00  9.9004412535e-01  7.7057116392e+00  5.2298716540e+00  4.1017413870e-01  8.4120158990e+00  6.6392044617e+00  4.8095369531e-01  6.4572301884e+00  4.5244612612e+00 -6.7126194692e-01  7.8752534551e+00  5.9480910884e+00 -6.0338291954e-01  5.8905108922e+00  4.8789989174e+00 -1.1799703054e+00  6.6188249013e+00  7.4011048888e+00 -4.5873799087e+00  2.6107309055e+00  7.5640148307e+00 -2.3759511832e+00  2.3900735356e+00  6.3159773281e+00 -1.1466212008e+00  4.5805080196e+00  7.7681494944e+00 -4.6348563559e+00  1.1510670937e+00  3.1307870258e+00 -2.8208625615e+00  6.6985696512e+00  7.2956366698e+00 -3.4695837305e+00  3.2296006563e+00  7.6377490996e+00 -1.1273189676e+00  2.6751772200e+00  7.2576640706e+00 -5.9555893970e-01  3.8874828750e+00  7.2085998658e+00 -5.7722736540e+00  3.2119341818e+00  4.2402459150e+00 -2.2374533130e+00  6.0233225602e+00  7.9929390571e+00 -2.8784893874e+00  7.0641464861e-01  6.8329677714e+00  1.8309004371e+00  8.1264459033e+00  4.9454314529e+00  7.9713974066e-01  9.3871978520e+00  7.4540841868e+00  9.1191854572e-01  5.8843676100e+00  3.7073268075e+00 -1.1043686838e+00  8.4403210977e+00  5.7244348328e+00 -1.9807369475e+00  4.2076694998e+00  8.6844953675e+00 -5.2165146652e+00  1.0147106029e+00  6.9696284853e+00 -5.1022220027e+00  5.6738365308e-01  2.7685938351e+00 -3.6151084963e+00  6.0441359045e+00  2.3297194326e+00 -2.0889914194e+00  6.8576442734e+00  3.4295656992e+00 -3.2519209319e+00  7.6619769906e+00  6.9951735772e+00 -5.5892885025e+00  4.1473796849e+00
ENERGY -1.138728679139e+03

JOB 10
COORDS  6.1405086318e+00  1.1660049084e+00  7.6310322695e+00  5.0919891938e+00  5.7656047157e-01  8.3452954742e+00  6.5803671930e+00  5.7620324545e-01  6.4484021749e+00  4.4851762107e+00 -5.9472947239e-01  7.8817208645e+00  5.9898950807e+00 -6.0044902310e-01  5.9561829114e+00  4.9293849606e+00 -1.1850162886e+00  6.6911520857e+00  7.2018148698e+00 -4.6113910329e+00  2.4301650041e+00  7.7087636414e+00 -2.4385177274e+00  2.4721856395e+00  6.4517938960e+00 -1.2300339839e+00  4.7156047237e+00  7.8339288555e+00 -4.6060744539e+00  1.0643916535e+00  3.2963593076e+00 -2.9341863087e+00  6.8565951561e+00  7.1355054257e+00 -3.5392945956e+00  3.1319061652e+00  7.8867406465e+00 -1.2291843625e+00  2.8587134862e+00  7.3898828928e+00 -6.6513334199e-01  4.0252966631e+00  6.7303593411e+00 -5.7906235466e+00  2.8613046966e+00  4.3884514737e+00 -2.3326796412e+00  6.1692385865e+00  8.3771563218e+00 -2.8782688737e+00  8.4717666242e-01  6.6076563577e+00  2.0765305516e+00  7.9954426334e+00  4.7389575304e+00  1.0260962114e+00  9.2699337294e+00  7.3900081791e+00  1.0101485343e+00  5.8705260084e+00  3.6746196503e+00 -1.0333277734e+00  8.4519417190e+00  5.9456616785e+00 -2.1409248727e+00  4.4092410147e+00  8.6708733755e+00 -5.3099876605e+00  1.0373257252e+00  7.1051637173e+00 -4.9037288470e+00  3.0463746592e-01  3.0151400404e+00 -3.8060099226e+00  6.2638342013e+00  2.4407841897e+00 -2.2514447220e+00  6.9235391027e+00  3.5861315445e+00 -3.2581838455e+00  7.8636738894e+00  6.3662858868e+00 -5.6467293234e+00  3.7562504431e+00
ENERGY -1.138724133557e+03

JOB 11
COORDS  5.9184777361e+00 -1.4966882261e+00  9.1708247670e+00  4.9164754119e+00 -5.4067788466e-01  8.9731072202e+00  6.4615790137e+00 -2.1573122226e+00  8.0715391012e+00  4.4594118755e+00 -2.4600254339e-01  7.6850382794e+00  6.0232452743e+00 -1.8835119266e+00  6.7644178521e+00  5.0080327432e+00 -9.1273515188e-01  6.5814143385e+00  6.9780912853e+00 -3.4091932840e+00  1.5296906981e+00  7.8412131261e+00 -4.0479129128e+00  3.4881541988e+00  6.5906087876e+00 -2.5749884134e+00  5.6020446832e+00  7.9213830792e+00 -4.4136486165e+00  9.2582905004e-01  3.5881888610e+00  2.7970117600e-01  5.0607816674e+00  6.9334722576e+00 -3.2237733660e+00  2.7988828049e+00  8.1027798464e+00 -4.1690078736e+00  4.7364298629e+00  7.5113408748e+00 -3.4666334753e+00  5.7885308301e+00  6.2018187214e+00 -2.7336619191e+00  6.7093883687e-01  4.6146381500e+00 -6.8033641736e-01  5.2875906450e+00  8.7905865205e+00 -5.1121426333e+00  2.3682370792e+00  6.2702676738e+00 -1.7217939220e+00  1.0173654724e+01  4.4837816628e+00 -1.7187669314e-02  9.8219023394e+00  7.2399247868e+00 -2.9039115496e+00  8.1916031416e+00  3.6826539384e+00  4.9864137693e-01  7.5560740756e+00  6.2024667288e+00 -2.2994518736e+00  4.6268592710e+00  7.3593708283e+00 -5.1737641067e+00  3.7510714758e-01  8.6061158140e+00 -3.9175835177e+00  2.3165570695e-01  3.4299349822e+00  2.9810639419e-01  3.9813044302e+00  3.8914459601e+00  1.2780749201e+00  5.3986850400e+00  2.6539834070e+00 -7.5458096878e-03  5.5582978230e+00  5.6481206219e+00 -2.1250454550e+00  1.1973766284e+00
ENERGY -1.138722167638e+03

JOB 12
COORDS  6.0955159353e+00 -1.3062813575e+00  9.1067982320e+00  5.0746445578e+00 -3.7025627322e-01  8.9101351976e+00  6.5319762360e+00 -2.0783025531e+00  8.0328124452e+00  4.4921781604e+00 -2.0582070610e-01  7.6496790195e+00  5.9660300503e+00 -1.9375468882e+00  6.7540091803e+00  4.9333960909e+00 -9.8511533862e-01  6.5720770547e+00  7.2284680587e+00 -3.1714868533e+00  1.5706003398e+00  7.6771522893e+00 -4.1792741767e+00  3.5098676139e+00  6.4251875188e+00 -2.7425339515e+00  5.6182447278e+00  7.8373957015e+00 -4.3929545819e+00  9.3631351829e-01  3.3506047867e+00  3.4067993114e-02  5.0857070296e+00  7.1448889370e+00 -3.0606265820e+00  2.8460750037e+00  7.8289405113e+00 -4.4164511989e+00  4.7606179202e+00  7.3364130104e+00 -3.6432940267e+00  5.8025021190e+00  6.7961527476e+00 -2.2196738259e+00  7.3044450308e-01  4.4153223851e+00 -8.8511498717e-01  5.3057261783e+00  8.3303944888e+00 -5.4187578511e+00  2.3618895951e+00  6.5437083217e+00 -1.4303062291e+00  1.0088553692e+01  4.7242536312e+00  2.3933237691e-01  9.7391568477e+00  7.3204232011e+00 -2.8142478049e+00  8.1531423585e+00  3.7028278717e+00  5.2566280938e-01  7.5215762800e+00  5.9386544230e+00 -2.5666994969e+00  4.6631966600e+00  7.1043404824e+00 -4.9002854741e+00  3.0213836425e-01  8.6923222742e+00 -4.1056659009e+00  3.1722439113e-01  3.0834205040e+00 -6.6145245291e-02  4.0325719467e+00  3.6647340996e+00  1.0661677644e+00  5.2838139246e+00  2.4783106693e+00 -2.0842914259e-01  5.7045141585e+00  6.4433240587e+00 -1.4905573021e+00  1.2764246640e+00
ENERGY -1.138724132635e+03

JOB 13
COORDS  6.2502686689e+00 -1.1613345446e+00  8.9897244208e+00  5.2187542829e+00 -2.3629806329e-01  8.7973926921e+00  6.5944357747e+00 -2.0283087723e+00  7.9551127717e+00  4.5339082004e+00 -1.7640907194e-01  7.5797575986e+00  5.9230603081e+00 -1.9932702436e+00  6.7211531578e+00  4.8816504287e+00 -1.0503803036e+00  6.5413451565e+00  7.4291125805e+00 -3.0280046376e+00  1.6813541250e+00  7.5289876848e+00 -4.2758160169e+00  3.5249693559e+00  6.2841441345e+00 -2.8983386216e+00  5.6271354904e+00  7.7734244027e+00 -4.2997203340e+00  9.5214218426e-01  3.1800714659e+00 -1.5559712349e-01  5.1059844252e+00  7.3037774064e+00 -3.0110087361e+00  2.9571300652e+00  7.5737631173e+00 -4.6195903359e+00  4.7601288346e+00  7.1992784611e+00 -3.7950596606e+00  5.7978197778e+00  7.2783272703e+00 -1.9316282317e+00  9.2128966706e-01  4.2624379787e+00 -1.0561270071e+00  5.3175821956e+00  7.9436841872e+00 -5.5303525810e+00  2.2899103191e+00  6.7779957764e+00 -1.2042912284e+00  9.9382545001e+00  4.9398069946e+00  4.4602368843e-01  9.5962975754e+00  7.3880231964e+00 -2.7588731909e+00  8.0754120383e+00  3.7380250896e+00  5.4836245555e-01  7.4539065078e+00  5.7092835651e+00 -2.8146688156e+00  4.7066891304e+00  6.9783176470e+00 -4.5698809659e+00  2.5102071169e-01  8.7027123302e+00 -4.1685766690e+00  3.9015124201e-01  2.8294196712e+00 -3.4559598011e-01  4.0904840329e+00  3.5056183336e+00  8.8864803342e-01  5.1884588148e+00  2.3619287727e+00 -3.4088826956e-01  5.8123533454e+00  7.0753486946e+00 -1.1896000067e+00  1.5231921838e+00
ENERGY -1.138728679017e+03

JOB 14
COORDS  6.3644074140e+00 -1.0692263307e+00  8.8860928052e+00  5.3222210913e+00 -1.5184729105e-01  8.7170434758e+00  6.6330702842e+00 -1.9927122916e+00  7.8780493092e+00  4.5523031031e+00 -1.5578359084e-01  7.5497918448e+00  5.8757250667e+00 -2.0221637013e+00  6.6953546145e+00  4.8244211355e+00 -1.0868317328e+00  6.5386343996e+00  7.5921330700e+00 -2.9844795936e+00  1.7641826624e+00  7.4199109642e+00 -4.3409122147e+00  3.5209350455e+00  6.1595631651e+00 -2.9866691602e+00  5.6293047948e+00  7.7852854119e+00 -4.2478444922e+00  9.6666449702e-01  3.0291653217e+00 -2.6168534502e-01  5.1774748653e+00  7.4069348321e+00 -3.0248091118e+00  3.0313624592e+00  7.3420917256e+00 -4.7424444086e+00  4.7358426494e+00  7.0903071070e+00 -3.8693689073e+00  5.7673668816e+00  7.6371518542e+00 -1.8351144005e+00  1.0706934740e+00  4.1201210097e+00 -1.1574216278e+00  5.3642148844e+00  7.7070482292e+00 -5.5689540327e+00  2.2257809765e+00  6.9585956806e+00 -1.0628669997e+00  9.7954580273e+00  5.1011107791e+00  5.7423388425e-01  9.4951921883e+00  7.4334786626e+00 -2.7184011564e+00  7.9822518075e+00  3.7495723181e+00  5.6424285861e-01  7.4413012735e+00  5.5230973629e+00 -2.9558822905e+00  4.7446170144e+00  6.9958598680e+00 -4.3545674594e+00  2.1695443130e-01  8.7511652882e+00 -4.2241637459e+00  4.5382747041e-01  2.6091384643e+00 -5.0464507587e-01  4.2004030204e+00  3.3638879868e+00  7.8294114433e-01  5.1793696398e+00  2.2609563866e+00 -4.0140991104e-01  5.9475240199e+00  7.5121990385e+00 -1.1079304738e+00  1.7107157023e+00
ENERGY -1.138732988832e+03

JOB 15
COORDS  6.4475091723e+00 -1.0059334772e+00  8.7956043908e+00  5.3902695803e+00 -9.8358778112e-02  8.6748100520e+00  6.6560904994e+00 -1.9521011561e+00  7.7939961448e+00  4.5454284957e+00 -1.3449582977e-01  7.5612102396e+00  5.8237796871e+00 -2.0129768172e+00  6.6647121353e+00  4.7578700819e+00 -1.0879478353e+00  6.5565105221e+00  7.7712592496e+00 -2.9941798409e+00  1.7658094526e+00  7.3502634070e+00 -4.3640336678e+00  3.4667545473e+00  6.0419011306e+00 -3.0029247382e+00  5.6051008765e+00  7.8570237388e+00 -4.2513602388e+00  9.3944821892e-01  2.8726723916e+00 -3.0496399157e-01  5.2959448430e+00  7.5168471227e+00 -3.0432023477e+00  3.0203618024e+00  7.1401788274e+00 -4.7692395143e+00  4.6621853706e+00  7.0000557938e+00 -3.8598821163e+00  5.6840882305e+00  7.9825739787e+00 -1.8414044955e+00  1.1095330386e+00  3.9786266345e+00 -1.1911797615e+00  5.4332619387e+00  7.5523757682e+00 -5.5860474554e+00  2.1494363818e+00  7.0999388179e+00 -9.7511231121e-01  9.6636058238e+00  5.2155910881e+00  6.4449281810e-01  9.4489374154e+00  7.4668818004e+00 -2.6705076677e+00  7.8634163159e+00  3.7317734855e+00  5.7778965883e-01  7.4887116476e+00  5.3465189913e+00 -3.0038456274e+00  4.7639423011e+00  7.1031688161e+00 -4.2412276885e+00  1.4689833002e-01  8.8455942524e+00 -4.3330817311e+00  4.7853525689e-01  2.3925143832e+00 -5.7300395405e-01  4.3538014090e+00  3.2007775109e+00  7.4079792614e-01  5.2517300822e+00  2.1562928562e+00 -4.2976093543e-01  6.1168875580e+00  7.9079490184e+00 -1.1203488716e+00  1.7641953769e+00
ENERGY -1.138735697238e+03

JOB 16
COORDS  6.5199935590e+00 -9.4735987479e-01  8.7035470368e+00  5.4435017523e+00 -5.5871097606e-02  8.6566216377e+00  6.6663538818e+00 -1.8985104626e+00  7.6954056477e+00  4.5178286337e+00 -1.1296805651e-01  7.6102199079e+00  5.7526515139e+00 -1.9798586170e+00  6.6327526361e+00  4.6681289958e+00 -1.0713226391e+00  6.5988292354e+00  7.9872635392e+00 -3.0341506555e+00  1.7366783510e+00  7.2924136819e+00 -4.3577548421e+00  3.3820792245e+00  5.9041741278e+00 -2.9765377751e+00  5.5662750428e+00  7.9769971964e+00 -4.2855436670e+00  8.9677234370e-01  2.6851199717e+00 -3.2208537134e-01  5.4750259773e+00  7.6462643477e+00 -3.0625474274e+00  2.9712696322e+00  6.9352638603e+00 -4.7321731335e+00  4.5498393008e+00  6.8868759909e+00 -3.8063570141e+00  5.5661724004e+00  8.3750908991e+00 -1.9094937335e+00  1.1134316492e+00  3.8083255055e+00 -1.1948850792e+00  5.5382191094e+00  7.4296920329e+00 -5.5841979680e+00  2.0598219936e+00  7.2356096287e+00 -9.0031938775e-01  9.5194827422e+00  5.3167825030e+00  6.9067397193e-01  9.4365140233e+00  7.4912844552e+00 -2.6040231868e+00  7.7083989670e+00  3.6905968402e+00  5.8708338001e-01  7.5941246079e+00  5.1474604866e+00 -2.9961112905e+00  4.7795589701e+00  7.2869630564e+00 -4.1749304672e+00  5.5311182038e-02  8.9777266055e+00 -4.4844848146e+00  5.0267987172e-01  2.1404371348e+00 -6.0402065351e-01  4.5729106498e+00  2.9971375051e+00  7.2667076726e-01  5.3980042299e+00  2.0323050081e+00 -4.4718397716e-01  6.3473553727e+00  8.3416772918e+00 -1.1897590878e+00  1.7729749517e+00
ENERGY -1.138736925590e+03

JOB 17
COORDS  6.5791865685e+00 -8.8425107798e-01  8.5978673488e+00  5.4780692158e+00 -2.3742567793e-02  8.6501403955e+00  6.6665823214e+00 -1.8221016257e+00  7.5705494825e+00  4.4701428573e+00 -9.8100681983e-02  7.6839216568e+00  5.6695665986e+00 -1.9209707680e+00  6.5874311601e+00  4.5615467243e+00 -1.0431820499e+00  6.6530518443e+00  8.2354920920e+00 -3.1147375775e+00  1.6969430571e+00  7.2409680868e+00 -4.3258707317e+00  3.2727518015e+00  5.7572201327e+00 -2.9079001002e+00  5.5037816365e+00  8.1255625465e+00 -4.3575282549e+00  8.5122628532e-01  2.4746716303e+00 -3.3692544080e-01  5.7028710890e+00  7.7955871782e+00 -3.0911341714e+00  2.9001625018e+00  6.7335938171e+00 -4.6368295074e+00  4.4011572018e+00  6.7598221911e+00 -3.7076248032e+00  5.4165114225e+00  8.8182756377e+00 -2.0552039890e+00  1.1131256190e+00  3.6197506556e+00 -1.1823677414e+00  5.6667311484e+00  7.3144479556e+00 -5.5650565402e+00  1.9568468530e+00  7.3592230446e+00 -8.2345322679e-01  9.3515074391e+00  5.3964120298e+00  7.1245186979e-01  9.4457337476e+00  7.5095276530e+00 -2.5031490319e+00  7.5064284156e+00  3.6255709818e+00  5.7841630472e-01  7.7442813172e+00  4.9409536454e+00 -2.9414897345e+00  4.7796220860e+00  7.5288920239e+00 -4.1581793690e+00 -4.3529948692e-02  9.1193386761e+00 -4.6919718129e+00  5.3991521787e-01  1.8655882774e+00 -6.2535794245e-01  4.8451087743e+00  2.7544612950e+00  7.1966132496e-01  5.6107505333e+00  1.8979171916e+00 -4.8459347702e-01  6.6239406098e+00  8.8275349413e+00 -1.3338091766e+00  1.7716875242e+00
ENERGY -1.138737498867e+03

JOB 18
COORDS  6.6412084818e+00 -8.0740059019e-01  8.4660526341e+00  5.5187637544e+00  9.7739961503e-03  8.6339016929e+00  6.6683953851e+00 -1.7263160008e+00  7.4184749408e+00  4.4300456413e+00 -8.9677857900e-02  7.7622590904e+00  5.5892043029e+00 -1.8510673348e+00  6.5294951822e+00  4.4608526681e+00 -1.0163859273e+00  6.7113231801e+00  8.4903130759e+00 -3.2362731642e+00  1.6957388719e+00  7.1793099256e+00 -4.2813847479e+00  3.1530464708e+00  5.6124279311e+00 -2.8193954928e+00  5.4259900221e+00  8.2646623953e+00 -4.4426935510e+00  8.2078505311e-01  2.2741057400e+00 -3.7172071072e-01  5.9635268052e+00  7.9519611177e+00 -3.1483193641e+00  2.8553154837e+00  6.5194865343e+00 -4.5082051809e+00  4.2209163913e+00  6.6216981314e+00 -3.5962757207e+00  5.2506453816e+00  9.2825463092e+00 -2.2797728138e+00  1.1859384025e+00  3.4378385923e+00 -1.1783862280e+00  5.8139642121e+00  7.1744110121e+00 -5.5099799938e+00  1.8257590511e+00  7.4850358991e+00 -7.2644944078e-01  9.1454325577e+00  5.4838156972e+00  7.3160280340e-01  9.4459229805e+00  7.5275216941e+00 -2.3716940238e+00  7.2639479453e+00  3.5702440754e+00  5.5319549776e-01  7.9108813848e+00  4.7465533898e+00 -2.8555542785e+00  4.7622618225e+00  7.7932006996e+00 -4.1481034570e+00 -1.2114482561e-01  9.2179987458e+00 -4.9295407162e+00  5.9597006534e-01  1.6010663255e+00 -6.6977948604e-01  5.1585020214e+00  2.5108804974e+00  6.9456209792e-01  5.8630673256e+00  1.7861457162e+00 -5.4971443352e-01  6.9294787713e+00  9.3438026169e+00 -1.5709881685e+00  1.8553822505e+00
ENERGY -1.138737960557e+03

JOB 19
COORDS  6.6713163221e+00 -7.3990708684e-01  8.3595477502e+00  5.5339811675e+00  2.8816161203e-02  8.6268987180e+00  6.6548121881e+00 -1.6330671364e+00  7.2899293310e+00  4.3889240646e+00 -9.3142158879e-02  7.8338440533e+00  5.5188314832e+00 -1.7811012339e+00  6.4779091353e+00  4.3763309053e+00 -9.9467519193e-01  6.7607781497e+00  8.7042349139e+00 -3.3671407215e+00  1.6984898761e+00  7.1434119077e+00 -4.2101503656e+00  3.0353853652e+00  5.4976679355e+00 -2.7258908274e+00  5.3552208705e+00  8.3735741198e+00 -4.5254904450e+00  7.9272147101e-01  2.1194617547e+00 -4.1655903390e-01  6.1877771070e+00  8.0943915348e+00 -3.2031736732e+00  2.8138186931e+00  6.3652714434e+00 -4.3394801150e+00  4.0394339645e+00  6.5279497988e+00 -3.4476083606e+00  5.0832390383e+00  9.6653188073e+00 -2.5363240982e+00  1.2645938471e+00  3.2973673552e+00 -1.1758912790e+00  5.9359584704e+00  7.0624583292e+00 -5.4210364785e+00  1.6959737928e+00  7.5589208116e+00 -6.4106438723e-01  8.9781286659e+00  5.5313963411e+00  7.3108612927e-01  9.4566109653e+00  7.5237587290e+00 -2.2403588292e+00  7.0564295395e+00  3.5195662566e+00  5.1325817339e-01  8.0598802823e+00  4.5852078480e+00 -2.7927215742e+00  4.7599997826e+00  8.0264116623e+00 -4.1632574887e+00 -1.7914406969e-01  9.2595409136e+00 -5.1476592040e+00  6.3670586596e-01  1.4007259169e+00 -7.2289624091e-01  5.4265768076e+00  2.3100816279e+00  6.5964312498e-01  6.0952790038e+00  1.7098320475e+00 -6.3251595331e-01  7.1819666020e+00  9.7756847681e+00 -1.8450620562e+00  1.9460078641e+00
ENERGY -1.138738580188e+03

JOB 20
COORDS  6.7041760523e+00 -6.4110230600e-01  8.2149977784e+00  5.5517088863e+00  4.7744549858e-02  8.6071833646e+00  6.6513405757e+00 -1.4915304058e+00  7.1124412923e+00  4.3536720614e+00 -1.1157284412e-01  7.9042473222e+00  5.4612161210e+00 -1.6755856607e+00  6.3894527207e+00  4.3033182462e+00 -9.6987144424e-01  6.7973756221e+00  8.9181237571e+00 -3.5050500586e+00  1.7243789995e+00  7.1008761285e+00 -4.0719107538e+00  2.8668230698e+00  5.4007199498e+00 -2.5750276071e+00  5.2331983612e+00  8.4719219180e+00 -4.5546415380e+00  7.3925313981e-01  1.9774813952e+00 -5.0708609045e-01  6.4338950128e+00  8.2392535193e+00 -3.2586643140e+00  2.7834629870e+00  6.2081410126e+00 -4.0837766324e+00  3.7826465862e+00  6.4358906607e+00 -3.2501576530e+00  4.8680537199e+00  1.0056021783e+01 -2.8599982980e+00  1.4226846773e+00  3.1717875416e+00 -1.1843269124e+00  6.0562563631e+00  6.9293435287e+00 -5.2041238807e+00  1.4702945764e+00  7.6330135472e+00 -5.1227873136e-01  8.7634982907e+00  5.5787548402e+00  7.1623419598e-01  9.4639675036e+00  7.5308585638e+00 -2.0353990186e+00  6.7821706257e+00  3.4730939246e+00  4.3236484783e-01  8.2256468309e+00  4.4566789824e+00 -2.6521199364e+00  4.6909992552e+00  8.3019934951e+00 -4.1084403505e+00 -2.4471233580e-01  9.2361777242e+00 -5.3311998553e+00  6.4279579933e-01  1.2171721842e+00 -8.2669934434e-01  5.7200584870e+00  2.0985789666e+00  5.8132699437e-01  6.3728985731e+00  1.6641399866e+00 -7.8536229708e-01  7.4474160516e+00  1.0222155635e+01 -2.2208574078e+00  2.1426043808e+00
ENERGY -1.138739377857e+03

JOB 21
COORDS  6.7045592079e+00 -5.3152294364e-01  8.1187213638e+00  5.5397413542e+00  7.1623287840e-02  8.6048422835e+00  6.6345805554e+00 -1.3422223169e+00  6.9878266482e+00  4.3123399516e+00 -1.3301369409e-01  7.9673411531e+00  5.4152051940e+00 -1.5705637269e+00  6.3279606415e+00  4.2450286559e+00 -9.5118665456e-01  6.8314300129e+00  9.0598714025e+00 -3.6694094697e+00  1.7728539522e+00  7.0803245783e+00 -3.9323636789e+00  2.7404321825e+00  5.3369728960e+00 -2.4279046693e+00  5.1432098911e+00  8.5306183155e+00 -4.6111161839e+00  7.2216671706e-01  1.8800132450e+00 -6.1065149523e-01  6.6195218378e+00  8.3423685189e+00 -3.3267628462e+00  2.7784787088e+00  6.1143098800e+00 -3.8102538642e+00  3.5735298123e+00  6.3871813317e+00 -3.0234431086e+00  4.6874663611e+00  1.0312427496e+01 -3.2237179653e+00  1.5875968342e+00  3.0855142589e+00 -1.2053379569e+00  6.1494557956e+00  6.8416883812e+00 -4.9945139321e+00  1.3013417189e+00  7.6557012426e+00 -3.6726504313e-01  8.6172607246e+00  5.5799457644e+00  7.0823957079e-01  9.4850657293e+00  7.5220445102e+00 -1.8202800346e+00  6.5849988420e+00  3.4229629588e+00  3.4488208397e-01  8.3613145907e+00  4.3684004178e+00 -2.5471430246e+00  4.6547467547e+00  8.5265069399e+00 -4.1272210485e+00 -2.5864718017e-01  9.1561561957e+00 -5.5066821036e+00  6.6673277545e-01  1.0980768307e+00 -9.4732778548e-01  5.9376499553e+00  1.9380892811e+00  4.8431529630e-01  6.5937919961e+00  1.6418493345e+00 -9.4193762643e-01  7.6375401474e+00  1.0519495726e+01 -2.6333530238e+00  2.3379400854e+00
ENERGY -1.138740238324e+03

JOB 22
COORDS  6.7002032574e+00 -4.2638419156e-01  8.0326443213e+00  5.5288432633e+00  8.2445093943e-02  8.6037414983e+00  6.6198818751e+00 -1.1901206600e+00  6.8703888809e+00  4.2841591806e+00 -1.6977029026e-01  8.0190330714e+00  5.3833931613e+00 -1.4629709261e+00  6.2602833535e+00  4.2064593649e+00 -9.3977577423e-01  6.8505705501e+00  9.1405497639e+00 -3.8388172751e+00  1.8338403009e+00  7.0645555742e+00 -3.7725338358e+00  2.6111827924e+00  5.2952325730e+00 -2.2678053206e+00  5.0413148480e+00  8.5596753507e+00 -4.6563751149e+00  7.0917504763e-01  1.8180966306e+00 -7.3492649932e-01  6.7722887463e+00  8.4011755660e+00 -3.3951043751e+00  2.7825378683e+00  6.0552450427e+00 -3.5056930644e+00  3.3576791965e+00  6.3560380619e+00 -2.7684408403e+00  4.5003413490e+00  1.0462243525e+01 -3.6117093451e+00  1.7757056866e+00  3.0301357461e+00 -1.2344915700e+00  6.2161124318e+00  6.7840127393e+00 -4.7528779762e+00  1.1238879386e+00  7.6645454393e+00 -2.2609263109e-01  8.4910307472e+00  5.5772336910e+00  6.8105284630e-01  9.5098581022e+00  7.5116188326e+00 -1.5960473788e+00  6.4030324591e+00  3.3897960150e+00  2.3459237311e-01  8.4785819243e+00  4.3115914738e+00 -2.4341089648e+00  4.5990202693e+00  8.7288119363e+00 -4.1605452255e+00 -2.5091259523e-01  9.0259781399e+00 -5.6452866893e+00  6.7808327420e-01  1.0227844544e+00 -1.0880469332e+00  6.1146719189e+00  1.8110733035e+00  3.6159195009e-01  6.7950413605e+00  1.6528617097e+00 -1.1243570580e+00  7.7841693006e+00  1.0694885829e+01 -3.0779137611e+00  2.5601800793e+00
ENERGY -1.138740960636e+03

JOB 23
COORDS  6.7077119064e+00 -3.2068781808e-01  7.9668162022e+00  5.5332390111e+00  8.4355463209e-02  8.6100906441e+00  6.6238956292e+00 -1.0321382488e+00  6.7721371146e+00  4.2825666525e+00 -2.1913681889e-01  8.0638029460e+00  5.3812395688e+00 -1.3522336880e+00  6.1982299184e+00  4.2007283179e+00 -9.3502104166e-01  6.8617234267e+00  9.1631729138e+00 -3.9874742182e+00  1.8967980619e+00  7.0635007203e+00 -3.5934377264e+00  2.4933898817e+00  5.2903531161e+00 -2.0992305828e+00  4.9436712531e+00  8.5615348627e+00 -4.6873623887e+00  7.0578536426e-01  1.8031872807e+00 -8.7438019726e-01  6.8885157628e+00  8.4225373671e+00 -3.4413246013e+00  2.7895393610e+00  6.0441823033e+00 -3.1797010867e+00  3.1558304422e+00  6.3559424979e+00 -2.4879764234e+00  4.3245151600e+00  1.0504111549e+01 -3.9753861744e+00  1.9577077160e+00  3.0181885543e+00 -1.2722430276e+00  6.2611885024e+00  6.7636717826e+00 -4.5004150619e+00  9.6428705688e-01  7.6769063468e+00 -8.2182585566e-02  8.3957185688e+00  5.5838153087e+00  6.4015003206e-01  9.5429816996e+00  7.5176856950e+00 -1.3596285676e+00  6.2503236083e+00  3.3858394127e+00  1.0453065778e-01  8.5792475770e+00  4.3005083438e+00 -2.3212300181e+00  4.5416307660e+00  8.8922982910e+00 -4.2128960770e+00 -2.2251932967e-01  8.8645695206e+00 -5.7381356620e+00  6.8782176455e-01  1.0032577466e+00 -1.2430324984e+00  6.2451933352e+00  1.7329339869e+00  2.1733331700e-01  6.9667097880e+00  1.7033188329e+00 -1.3212020539e+00  7.8851494569e+00  1.0748336678e+01 -3.4939037253e+00  2.7719534528e+00
ENERGY -1.138741219624e+03

