JOB 0
COORDS  1.5542547467e-01  4.0780733773e-01 -2.3776722297e+00  8.7394107721e-02 -8.2794765323e-01 -1.6765913735e+00 -1.0748511544e+00  1.0040510623e+00 -2.5266307968e+00 -1.1525550305e+00 -3.5854133573e+00 -3.5598127196e-01 -1.6556476488e+00 -2.3051579071e+00 -5.7122413230e-01 -1.2074673631e+00 -1.1584986568e+00 -1.3067618008e+00 -2.1605598055e+00 -4.2145297310e+00  5.2525205756e-01  1.2842372148e+00 -3.8149462511e+00  1.5457778400e-01 -2.0465721661e+00 -5.5197507651e+00  1.2435953805e+00  1.5679874398e-01 -4.1699343262e+00 -7.9971778446e-01 -2.9644736461e+00 -3.2600977050e+00  9.4938781532e-01  2.1150056597e+00 -2.9476117077e+00 -3.3979012132e-02 -2.9749676997e+00 -2.3885906370e+00 -2.0227438380e-01  1.2571157120e+00 -4.5656915177e+00  1.2871330997e+00 -2.3424165571e+00  7.6513964401e-02 -1.8056196917e+00  1.0779978646e+00  8.4298203836e-01 -2.7469901157e+00  9.5331474251e-01 -1.4250761665e+00 -1.4126602278e+00 -1.3065009744e+00  1.9415714349e+00 -3.0165383707e+00 -1.0471249099e+00 -5.6627358203e+00  1.6635891981e+00 -2.7943617487e+00 -5.5711124763e+00  2.0378619644e+00 -2.2364598970e+00 -6.3423985335e+00  5.4389172736e-01  4.3863666688e-01 -3.7954568338e+00 -1.7868213911e+00  7.1252097598e-02 -5.2593145916e+00 -8.4960840127e-01  1.9787922376e+00 -4.2354817348e+00  1.8571108562e+00
ENERGY -1.065111124068e+03

JOB 1
COORDS  1.4976167884e-01  3.8692437379e-01 -2.3867374706e+00  7.8456714091e-02 -8.3025289404e-01 -1.6513154650e+00 -1.0788338029e+00  9.7899029973e-01 -2.5553308311e+00 -1.1513984577e+00 -3.5541278408e+00 -2.9730783588e-01 -1.6653940499e+00 -2.2885233472e+00 -5.1734733831e-01 -1.2153613967e+00 -1.1490953470e+00 -1.2752029837e+00 -2.1423967173e+00 -4.1866361965e+00  5.4967406620e-01  1.2933298240e+00 -3.8018134919e+00  1.6056533498e-01 -2.0527329204e+00 -5.5222398402e+00  1.2180267951e+00  1.4557300456e-01 -4.1408924952e+00 -7.7471229741e-01 -3.0464810690e+00 -3.3029001376e+00  9.2509461091e-01  2.1335264124e+00 -2.9461019596e+00 -3.7958412489e-02 -2.9551046056e+00 -2.2934573561e+00 -7.3817379549e-02  1.2732761457e+00 -4.5568819151e+00  1.2897972673e+00 -2.3487760390e+00  6.9901385254e-02 -1.8140590121e+00  1.0739540103e+00  8.1076306120e-01 -2.7650277080e+00  9.4465185613e-01 -1.4190214661e+00 -1.3702138041e+00 -1.3094314961e+00  1.9037470399e+00 -3.0693277243e+00 -1.0828514436e+00 -5.6599595992e+00  1.7037894325e+00 -2.8509097958e+00 -5.6225304574e+00  1.9563264042e+00 -2.1722638592e+00 -6.3201311518e+00  4.7588776157e-01  4.0722069561e-01 -3.7612231857e+00 -1.7647538489e+00  5.2636069808e-02 -5.2292974663e+00 -8.2986747922e-01  2.0092033173e+00 -4.2408173947e+00  1.8494836519e+00
ENERGY -1.065142075607e+03

JOB 2
COORDS  1.2116570568e-01  3.8199669426e-01 -2.3637096903e+00  5.1231987692e-02 -8.1133170521e-01 -1.5883868365e+00 -1.1127238355e+00  9.4193605582e-01 -2.5896565887e+00 -1.1736764105e+00 -3.5313659722e+00 -2.3683456813e-01 -1.6964925493e+00 -2.2779298623e+00 -4.6787737368e-01 -1.2455656669e+00 -1.1436543426e+00 -1.2401160280e+00 -2.1550132515e+00 -4.1649077106e+00  5.9748711784e-01  1.2694014289e+00 -3.8005594033e+00  2.0200862987e-01 -2.0868201808e+00 -5.5243818603e+00  1.2208033759e+00  1.1661631478e-01 -4.1162032426e+00 -7.3483851879e-01 -3.1323780962e+00 -3.3368698752e+00  9.0520349766e-01  2.1085678367e+00 -2.9402338316e+00  2.0030463572e-02 -2.9465745737e+00 -2.2198459829e+00  6.1755494782e-02  1.2542753614e+00 -4.5834107628e+00  1.3121245968e+00 -2.3864149333e+00  2.8735338467e-02 -1.8592992720e+00  1.0481498313e+00  8.1252272691e-01 -2.7273669920e+00  9.1954264355e-01 -1.3740227808e+00 -1.2633013661e+00 -1.3459183660e+00  1.8455883558e+00 -3.1387852550e+00 -1.1659202910e+00 -5.6434400000e+00  1.7984282363e+00 -2.9485542500e+00 -5.6799427518e+00  1.8727352873e+00 -2.0963773666e+00 -6.2992527914e+00  4.4594998416e-01  3.7231417229e-01 -3.7129353806e+00 -1.7166787686e+00  1.9600637882e-02 -5.2026748500e+00 -8.1481756696e-01  1.9940566984e+00 -4.2826989550e+00  1.8751867584e+00
ENERGY -1.065159772293e+03

JOB 3
COORDS  1.1282449337e-01  3.8041440699e-01 -2.3668184951e+00  4.8055875098e-02 -8.0325312169e-01 -1.5762391259e+00 -1.1231584067e+00  9.3459242804e-01 -2.5960974299e+00 -1.1696194979e+00 -3.5133728680e+00 -1.9832994330e-01 -1.6987953276e+00 -2.2674908489e+00 -4.4554183005e-01 -1.2464303601e+00 -1.1338545890e+00 -1.2193292911e+00 -2.1497826657e+00 -4.1470356634e+00  6.3178263254e-01  1.2742628268e+00 -3.7902628112e+00  2.1919520983e-01 -2.1051858415e+00 -5.5276264028e+00  1.2088597087e+00  1.1351919162e-01 -4.1045656601e+00 -7.0787429879e-01 -3.1826109654e+00 -3.3612717372e+00  8.5344622085e-01  2.1179247512e+00 -2.9361517272e+00  2.8877061010e-02 -2.9034498162e+00 -2.1633342543e+00  1.7136285788e-01  1.2599467778e+00 -4.5678843838e+00  1.3328309170e+00 -2.3922496080e+00  2.6152156924e-02 -1.8528576006e+00  1.0377281064e+00  8.0896023417e-01 -2.7380380024e+00  9.1842597811e-01 -1.3608247034e+00 -1.2477569695e+00 -1.3596126304e+00  1.8326618491e+00 -3.1529689203e+00 -1.2228292369e+00 -5.6501600667e+00  1.8434676244e+00 -3.0036361180e+00 -5.7160145166e+00  1.7995890523e+00 -2.0483983002e+00 -6.2784449591e+00  4.1291561506e-01  3.6005388411e-01 -3.7009126613e+00 -1.6916627378e+00  1.4717704979e-02 -5.1909774308e+00 -7.8722572147e-01  2.0049226122e+00 -4.2698492115e+00  1.8903864675e+00
ENERGY -1.065165577606e+03

JOB 4
COORDS  1.0497133477e-01  3.6406248368e-01 -2.3905079048e+00  4.8890437680e-02 -8.1794808464e-01 -1.5976859634e+00 -1.1318928629e+00  9.2901065721e-01 -2.5899512764e+00 -1.1580472148e+00 -3.5127551468e+00 -1.7419313055e-01 -1.6906952851e+00 -2.2714901333e+00 -4.3795887996e-01 -1.2397399074e+00 -1.1367449574e+00 -1.2091668449e+00 -2.1446946712e+00 -4.1418934572e+00  6.5815379601e-01  1.2869249702e+00 -3.7970339147e+00  2.1468177562e-01 -2.1294252444e+00 -5.5397768209e+00  1.1932713677e+00  1.1392876721e-01 -4.1175369260e+00 -6.9440336406e-01 -3.2179916367e+00 -3.3882015274e+00  7.8366172859e-01  2.1335575919e+00 -2.9507524377e+00  3.9420793225e-03 -2.8438601748e+00 -2.1291407393e+00  2.6954381553e-01  1.2787376897e+00 -4.5594967893e+00  1.3388756005e+00 -2.3908282815e+00  3.2188991008e-02 -1.8177591377e+00  1.0242643701e+00  7.8523200144e-01 -2.7834872792e+00  9.2168949636e-01 -1.3831810941e+00 -1.2891810669e+00 -1.3725082977e+00  1.8305684822e+00 -3.1394083076e+00 -1.2848730243e+00 -5.6730612397e+00  1.8759601479e+00 -3.0579563178e+00 -5.7463919130e+00  1.7287450660e+00 -2.0196748521e+00 -6.2709475986e+00  3.8480120631e-01  3.4823325015e-01 -3.7236489859e+00 -1.6851076753e+00  1.1726619740e-02 -5.2044656037e+00 -7.6273515762e-01  2.0309899118e+00 -4.2590865691e+00  1.8852242021e+00
ENERGY -1.065159922905e+03

JOB 5
COORDS  9.8074088024e-02  3.3576130301e-01 -2.4123695796e+00  5.2679498434e-02 -8.5333234707e-01 -1.6313766341e+00 -1.1349754158e+00  9.2922262662e-01 -2.5480680117e+00 -1.1404620499e+00 -3.5263190240e+00 -1.3619470841e-01 -1.6740433512e+00 -2.2853281009e+00 -4.2245884487e-01 -1.2241553042e+00 -1.1493378269e+00 -1.1862162637e+00 -2.1508069683e+00 -4.1560630884e+00  6.9245821007e-01  1.3065432320e+00 -3.8118592241e+00  2.2138987064e-01 -2.1671892514e+00 -5.5687953484e+00  1.1840642322e+00  1.1912998313e-01 -4.1508099714e+00 -6.6168004567e-01 -3.2474957852e+00 -3.4240528049e+00  6.9762308783e-01  2.1555808829e+00 -2.9773576151e+00 -2.4186970157e-02 -2.7749613181e+00 -2.1239131328e+00  3.7039472879e-01  1.3069714249e+00 -4.5416879830e+00  1.3670897532e+00 -2.3765068650e+00  5.1162253251e-02 -1.7297145203e+00  1.0072171068e+00  7.4317827905e-01 -2.8417851042e+00  9.2628823685e-01 -1.4390019358e+00 -1.3665220644e+00 -1.3792904527e+00  1.8438924562e+00 -3.0737816948e+00 -1.3923984487e+00 -5.7054138938e+00  1.9451472911e+00 -3.1394553154e+00 -5.8011735463e+00  1.6226637725e+00 -1.9624227248e+00 -6.2791323021e+00  3.7565097097e-01  3.3858770791e-01 -3.7792987983e+00 -1.6644976323e+00  1.5348419808e-02 -5.2390376957e+00 -7.0528391831e-01  2.0675441255e+00 -4.2309589124e+00  1.8957502250e+00
ENERGY -1.065142139724e+03

JOB 6
COORDS  1.0776585462e-01  3.1832445935e-01 -2.4427208848e+00  7.2794186590e-02 -8.7919580961e-01 -1.6767434628e+00 -1.1132945972e+00  9.5077647757e-01 -2.4967477575e+00 -1.1071617881e+00 -3.5234394209e+00 -8.7181828267e-02 -1.6345193241e+00 -2.2781170071e+00 -4.0394639065e-01 -1.1858964357e+00 -1.1447609945e+00 -1.1612776415e+00 -2.1714955648e+00 -4.1637916008e+00  7.2162580290e-01  1.3424962063e+00 -3.8011081448e+00  2.4017876470e-01 -2.2288217824e+00 -5.5900220515e+00  1.1627942236e+00  1.3987629172e-01 -4.1751151658e+00 -6.0758895217e-01 -3.2623191100e+00 -3.4397567975e+00  5.7146870574e-01  2.1868737985e+00 -2.9769993260e+00 -5.2915025465e-02 -2.6921049062e+00 -2.1211766981e+00  4.6087920404e-01  1.3615062522e+00 -4.4841724491e+00  1.4142381144e+00 -2.3311185750e+00  9.9192019949e-02 -1.6187267822e+00  1.0020659186e+00  7.0635146678e-01 -2.9187291605e+00  9.4213639710e-01 -1.4929591295e+00 -1.4675883930e+00 -1.3581883594e+00  1.8816683409e+00 -2.9929678688e+00 -1.5568427203e+00 -5.7358247220e+00  2.0153003101e+00 -3.2451434782e+00 -5.8448061897e+00  1.4696360843e+00 -1.9072808682e+00 -6.2772882753e+00  3.7281785080e-01  3.4230896430e-01 -3.8424595661e+00 -1.6279426196e+00  3.7758792155e-02 -5.2645684705e+00 -6.0864765175e-01  2.1296401986e+00 -4.1518921471e+00  1.9181504769e+00
ENERGY -1.065110771441e+03

