JOB 0
COORDS  9.9817534697e-01 -1.8660779624e+00  2.3671943570e+00  2.5834678729e-01 -8.4121258806e-01  3.2020480997e-01  4.2188873489e-01 -7.6589120032e-01  1.7579116726e+00  3.9884373418e+00 -2.8486732550e+00 -1.0804152772e+00  2.9667925967e+00 -3.7248622844e+00 -1.3539778379e+00  1.4591891858e+00 -2.9962492120e+00  1.6073442347e+00  4.9336407766e+00 -3.8823954912e+00 -2.8295072759e+00  4.0570567934e+00 -1.8283407808e+00  2.6749302548e-02  5.9509305729e+00 -4.2263581944e+00 -3.8762077290e+00 -7.9633201237e-01  1.3737387850e+00  1.7828173155e+00  8.8083263560e-02  3.4649653366e-01  3.8952360241e+00  1.6481805152e+00 -3.9834478729e+00 -6.6721921745e-01  6.4040947309e-01 -1.8597772481e+00 -3.9721550745e-01  5.0826321415e+00 -2.9519799667e+00 -1.9313995790e+00  1.2207295417e+00 -2.8997320189e+00  2.1445891191e-01  2.0734205322e-02  3.5743747544e-01  2.4397212635e+00  2.0277264401e+00 -3.9915801664e+00  2.0715488134e+00  3.4001151237e+00 -4.7291900518e+00 -2.7167297202e+00  1.1592741331e+00 -1.9337882966e+00  3.4349995477e+00 -2.0713358789e-01 -4.3541457318e-02 -2.4611798150e-01  4.0009656464e+00 -2.3016614337e+00  1.0109467436e+00  5.0096389160e+00 -1.3002357461e+00 -4.8383578307e-02  3.2508356315e+00 -1.0923012243e+00 -4.2686776366e-02  6.2817695849e+00 -5.2664266930e+00 -3.7857400233e+00  5.5487743043e+00 -4.0907763061e+00 -4.8858209627e+00  6.8146348194e+00 -3.5705899607e+00 -3.7502707914e+00 -9.8600535959e-01  2.1833333750e+00  2.4880440260e+00 -1.7654642143e+00  9.8096467642e-01  1.4453700688e+00 -2.7567210195e-01  1.8071700079e+00  9.2318721372e-01 -2.1355182827e-01  1.3218348918e+00  4.2780931067e+00  1.1128876717e+00  1.5589897654e-01  4.2309456716e+00 -5.6679258225e-01 -4.2007158971e-01  4.3338556045e+00  8.5777208101e-01 -4.1250124410e+00 -1.4085062205e+00  1.7156760517e+00 -4.8793386104e+00 -4.5869302262e-02
ENERGY -1.159430790236e+03

JOB 1
COORDS  9.6618744326e-01 -1.8210216050e+00  2.4464367315e+00  3.5858303088e-01 -8.8146573775e-01  3.1752011215e-01  4.4168927214e-01 -7.4242428904e-01  1.7573830374e+00  4.0708631489e+00 -2.9573006075e+00 -9.4264776331e-01  3.0025687779e+00 -3.7654623170e+00 -1.2451021608e+00  1.4496615289e+00 -2.9918083911e+00  1.7659628915e+00  4.8183672409e+00 -3.7271738833e+00 -2.9073909654e+00  4.2451705651e+00 -2.1125384251e+00  2.9186998466e-01  5.7272082327e+00 -3.9282416894e+00 -4.0832742554e+00 -7.4448032090e-01  1.4102150320e+00  1.6167663844e+00  3.0181304450e-03  4.6969349345e-01  3.8202908693e+00  1.7571653480e+00 -4.0808659837e+00 -4.5653645490e-01  7.6601202133e-01 -1.9359661576e+00 -3.2971223653e-01  5.0776446114e+00 -2.9445878531e+00 -1.8983809633e+00  1.2955540097e+00 -2.9547461166e+00  3.5859760534e-01  2.0517941717e-02  4.1614111488e-01  2.3642552911e+00  1.9733760999e+00 -3.9713775297e+00  2.3111016453e+00  3.2767228886e+00 -4.5559792797e+00 -2.7764628500e+00  1.0662721768e+00 -1.8425379756e+00  3.5235806236e+00 -6.1468049165e-02 -1.0445309603e-01 -3.0987220731e-01  4.0835103477e+00 -2.6922825909e+00  1.2042733928e+00  5.2621045832e+00 -1.7152454811e+00  3.0504605627e-01  3.5492056183e+00 -1.2665864675e+00  3.0256247196e-01  6.0413920878e+00 -4.9736459807e+00 -4.1721585999e+00  5.2377923563e+00 -3.6460614578e+00 -5.0214567912e+00  6.6137132373e+00 -3.3056611174e+00 -3.9475686372e+00 -9.6123529622e-01  2.2539802738e+00  2.2723961708e+00 -1.6989654061e+00  1.0135626392e+00  1.2439318538e+00 -1.7083642266e-01  1.7968744565e+00  7.6866467531e-01 -3.0441887927e-01  1.4653013335e+00  4.1414099327e+00  1.0033274144e+00  2.8036605139e-01  4.2236856956e+00 -6.8859033171e-01 -2.6744133088e-01  4.2530325542e+00  9.4186236343e-01 -4.3580943784e+00 -1.1295690202e+00  1.9341395347e+00 -4.9045559940e+00  2.3802692841e-01
ENERGY -1.159431462352e+03

JOB 2
COORDS  9.4987368079e-01 -1.8256044261e+00  2.4847386732e+00  4.2122768695e-01 -9.7927111778e-01  2.9698752203e-01  4.4784905161e-01 -7.7959695072e-01  1.7315734866e+00  4.1954921406e+00 -3.1489020783e+00 -8.0589618934e-01  3.0666461095e+00 -3.8546036754e+00 -1.1417661173e+00  1.4579797006e+00 -3.0242158031e+00  1.8739107524e+00  4.7545338710e+00 -3.6291120789e+00 -2.9167451479e+00  4.4775429688e+00 -2.5090805978e+00  5.2564158103e-01  5.5664511691e+00 -3.6841067467e+00 -4.1765409353e+00 -7.4597472139e-01  1.3557396352e+00  1.4566799250e+00 -7.4137788342e-02  5.1549649036e-01  3.7234908559e+00  1.8716334960e+00 -4.1979869521e+00 -2.9336593060e-01  8.6245910710e-01 -2.0555946081e+00 -2.8864729196e-01  5.1299629428e+00 -3.0264374125e+00 -1.8228079432e+00  1.3706658845e+00 -3.0411599834e+00  4.6079803375e-01 -1.1298295996e-03  4.0112427241e-01  2.2727850211e+00  1.9486940576e+00 -3.9837882903e+00  2.4831525620e+00  3.1840299555e+00 -4.4020312274e+00 -2.7924241969e+00  1.0052937039e+00 -1.8029477673e+00  3.5650808445e+00  2.1563305140e-02 -2.3227323996e-01 -3.7841290507e-01  4.1426500165e+00 -3.1345619657e+00  1.3564571109e+00  5.5519999074e+00 -2.3377166074e+00  6.2185791681e-01  3.9731159345e+00 -1.5391543092e+00  6.1273497013e-01  5.8233161677e+00 -4.7150490220e+00 -4.4424636436e+00  5.0253831196e+00 -3.2464527983e+00 -5.0220860752e+00  6.4892115444e+00 -3.1219678146e+00 -4.0201469158e+00 -9.9027115296e-01  2.2257205264e+00  2.0668416932e+00 -1.6846392112e+00  9.3607689647e-01  1.0690397683e+00 -1.4572962148e-01  1.7093377768e+00  6.1260416108e-01 -3.9531517637e-01  1.5227127359e+00  3.9905557912e+00  9.1053176999e-01  3.4678333723e-01  4.1718961791e+00 -7.8030137343e-01 -2.0511591091e-01  4.1606667112e+00  1.0549377120e+00 -4.5770059623e+00 -9.1254484703e-01  2.1213982907e+00 -4.9537945931e+00  4.5340574365e-01
ENERGY -1.159432319364e+03

JOB 3
COORDS  9.4581647402e-01 -1.7250459019e+00  2.4826499740e+00  3.7352858489e-01 -9.8905488456e-01  2.6534261702e-01  4.0663937211e-01 -7.2798284187e-01  1.6895127790e+00  4.2966553931e+00 -3.3006217214e+00 -7.3646508783e-01  3.0836938985e+00 -3.8425327756e+00 -1.0836472838e+00  1.4795213005e+00 -2.9364350058e+00  1.9212474230e+00  4.6650775126e+00 -3.4825975657e+00 -2.9330844895e+00  4.7222940680e+00 -2.9032506528e+00  6.4797007964e-01  5.3838007776e+00 -3.4078550450e+00 -4.2474482338e+00 -8.5604737497e-01  1.3556909462e+00  1.3368744878e+00 -1.3823700117e-01  6.3368515732e-01  3.6299055184e+00  1.9190842795e+00 -4.1884925577e+00 -1.9793862685e-01  8.4444966710e-01 -2.0763408786e+00 -2.7555833048e-01  5.1709157968e+00 -3.0997437767e+00 -1.7929622584e+00  1.3872939767e+00 -3.0130501994e+00  5.1098650106e-01 -7.3435418605e-02  4.6078493562e-01  2.1846440339e+00  1.9920805356e+00 -3.8595195779e+00  2.5690576365e+00  3.0366229125e+00 -4.1208411616e+00 -2.8041747582e+00  1.0067268412e+00 -1.6545860920e+00  3.5606250906e+00 -5.3817892773e-02 -2.8440301239e-01 -4.3809854255e-01  4.1665369484e+00 -3.4408693127e+00  1.4185916343e+00  5.7901341873e+00 -3.1012806989e+00  7.7423712483e-01  4.5656094984e+00 -1.8293634013e+00  8.0724234747e-01  5.5189046432e+00 -4.4022501728e+00 -4.6862094310e+00  4.8347082740e+00 -2.7961178570e+00 -4.9709572682e+00  6.3660564738e+00 -2.9610315422e+00 -4.0819005471e+00 -1.1227095882e+00  2.2426242980e+00  1.9122839412e+00 -1.7842147888e+00  8.9033147401e-01  9.7704813099e-01 -2.7515570056e-01  1.6918523827e+00  4.7236894910e-01 -4.8773280478e-01  1.6411183927e+00  3.8577434627e+00  8.5473583592e-01  5.1369326930e-01  4.0756822964e+00 -8.1849711087e-01 -8.8891199384e-02  4.1034789785e+00  1.1052902629e+00 -4.6305687821e+00 -7.7709845380e-01  2.2135961145e+00 -4.8940654775e+00  5.8012593516e-01
ENERGY -1.159433266127e+03

JOB 4
COORDS  1.6602315959e+00 -1.5018111767e+00  2.4192283355e+00 -6.3512910399e-02 -1.3313966500e+00  7.4863664708e-01  5.2447815190e-01 -8.4490010680e-01  1.9788014217e+00  3.5251309665e-01 -6.0185684767e+00  1.5378221834e-01  1.5764233452e+00 -5.4022439840e+00  2.6220765868e-01  2.2290929201e+00 -2.5968931867e+00  1.6815888813e+00  1.4142692746e+00 -7.6403408434e+00  1.2573825540e+00 -8.7251560664e-01 -5.4644207943e+00 -5.1539455311e-01  1.6331940059e+00 -8.9483164925e+00  1.9588872510e+00 -1.3850623010e+00  6.7541929699e-01  2.2932355152e+00  5.0715512182e-01  6.0312848384e-01  3.9334254053e+00  2.0115745106e+00 -4.0744998338e+00 -2.9471424818e-01  4.2684145531e-01 -2.3229190378e+00  5.6506568335e-02  2.7609482324e-01 -7.2765091494e+00  7.2750779008e-01  1.5331448716e+00 -2.9290180606e+00  4.9646398060e-01 -3.9457819849e-02  2.2400163442e-01  2.6370372491e+00  3.2379144165e+00 -3.2405141595e+00  1.9970708173e+00  2.6839324781e+00 -6.4465287805e+00  1.1148082828e+00  2.1769799834e+00 -1.2419539714e+00  3.3336248400e+00 -9.5820383475e-01 -8.8971666641e-01  3.2697056904e-01 -1.2150654537e+00 -6.1471162475e+00 -1.3004088143e+00 -1.6870448609e+00 -5.3712927690e+00  2.1125025025e-01 -6.9245300499e-01 -4.4791637599e+00 -9.4732897668e-01  2.4717188084e+00 -9.5017446235e+00  1.5236582929e+00  1.8503930794e+00 -8.7974796261e+00  3.0217982442e+00  7.2677337649e-01 -9.5501649013e+00  1.8684848150e+00 -1.6442560115e+00  1.5246047498e+00  2.9262414463e+00 -2.1428330529e+00 -1.0638269478e-01  2.4425993932e+00 -1.4357059820e+00  1.0179022594e+00  1.2550149772e+00 -3.1762062728e-03  1.4976111410e+00  4.2922115635e+00  1.5727803563e+00  8.3802840066e-01  3.8452664250e+00  3.8989976802e-01 -1.9276442992e-01  4.6833839512e+00  3.0990672781e+00 -4.0120538416e+00 -3.3516651445e-01  1.6088813930e+00 -3.9334389702e+00 -1.2985778715e+00
ENERGY -1.159434321265e+03

JOB 5
COORDS  1.7328602215e+00 -1.4629249544e+00  2.2904602578e+00 -1.8648314192e-01 -1.4454577406e+00  8.3836093098e-01  5.1150684114e-01 -8.9094705073e-01  1.9795033480e+00  3.2672724148e-01 -6.0838093632e+00 -9.0105632843e-02  1.4869832345e+00 -5.3891338563e+00  1.5509004846e-01  2.2796003740e+00 -2.5394808179e+00  1.5103134321e+00  1.2563882053e+00 -7.5310220036e+00  1.3290402156e+00 -7.9671685332e-01 -5.6645079907e+00 -9.9461334664e-01  1.4102851993e+00 -8.7565014695e+00  2.1808042327e+00 -1.4440096047e+00  5.1110750119e-01  2.4955287664e+00  6.2685654350e-01  5.9442641698e-01  3.9027640744e+00  1.9235550912e+00 -4.0683403359e+00 -4.0981640173e-01  2.8692742799e-01 -2.4141986905e+00  1.0435237575e-01  2.1294126603e-01 -7.2909833002e+00  5.7973001760e-01  1.4845279297e+00 -2.9245967113e+00  4.0711749472e-01 -4.1164308148e-02  1.5272634608e-01  2.6854732615e+00  3.3480705616e+00 -3.1255266417e+00  1.7296943318e+00  2.4766581335e+00 -6.2776438909e+00  1.2877164564e+00  2.3313591972e+00 -1.1558587221e+00  3.1379135091e+00 -1.1579940024e+00 -1.0805313386e+00  5.2789538212e-01 -9.1352642046e-01 -6.3801873136e+00 -1.8158566744e+00 -1.7384432303e+00 -5.6545040293e+00 -4.3620882112e-01 -6.3933810296e-01 -4.6669014009e+00 -1.4065206558e+00  2.3308178600e+00 -9.2984558191e+00  1.9404612703e+00  1.4448466839e+00 -8.4992662826e+00  3.2449473276e+00  5.5649748418e-01 -9.4142454459e+00  2.0064409646e+00 -1.6800853562e+00  1.3614871136e+00  3.1359697026e+00 -2.1275629619e+00 -3.1038376523e-01  2.7518022791e+00 -1.6382710285e+00  8.1898864538e-01  1.4635317829e+00  1.0505799365e-01  1.4633057732e+00  4.3053393455e+00  1.6576774702e+00  8.9295819903e-01  3.6865544445e+00  6.4887289677e-01 -1.8997508543e-01  4.6733777723e+00  3.0098779778e+00 -4.0131017786e+00 -4.7837888400e-01  1.4953156452e+00 -3.9218525800e+00 -1.4012824924e+00
ENERGY -1.159435310638e+03

JOB 6
COORDS  7.4048340173e-01 -1.6698065721e+00  2.4383950162e+00 -1.6210949187e-01 -7.0423392117e-01  4.2785860632e-01  1.1490837713e-01 -5.8762541464e-01  1.8440500376e+00  3.7453371289e+00 -4.1955294240e+00 -9.2919094601e-01  2.5309856069e+00 -3.6213694054e+00 -1.2178702612e+00  1.1309532835e+00 -2.8263069926e+00  1.6790273152e+00  4.4250134440e+00 -2.8588402271e+00 -2.5863520841e+00  4.0185291651e+00 -5.2326263506e+00  1.2279006530e-01  5.3503177040e+00 -2.1883373608e+00 -3.5580076490e+00 -1.1126808525e+00  1.5450624183e+00  1.9083851689e+00 -4.4709641406e-02  5.8903539680e-01  3.9675823049e+00  1.1929921521e+00 -3.8649408991e+00 -5.8498849881e-01  1.6433753566e-01 -1.7455882181e+00 -2.8580591392e-01  4.8000066587e+00 -3.7536341066e+00 -1.7151282682e+00  7.8051356295e-01 -2.7713496128e+00  3.1055357080e-01 -2.3163512236e-01  5.5644130924e-01  2.5231028119e+00  1.7137817697e+00 -3.8212211691e+00  2.1312144479e+00  2.7157480598e+00 -2.4702897279e+00 -2.5222586741e+00  9.8430152446e-01 -1.7062059961e+00  3.4919179114e+00 -6.6498943993e-01  7.9697806266e-02 -1.2534185114e-01  4.0856157045e+00 -6.2308170020e+00 -3.2640766437e-01  4.9827093421e+00 -5.0224029452e+00  5.9395270660e-01  3.2498470446e+00 -5.2334602681e+00  8.9655907619e-01  5.0064186344e+00 -2.3120165358e+00 -4.5901423353e+00  5.4254370550e+00 -1.1138898490e+00 -3.3585145978e+00  6.3424474777e+00 -2.6331264853e+00 -3.4595491557e+00 -1.2548160924e+00  2.3721158902e+00  2.6045419225e+00 -2.1010020653e+00  1.1326350394e+00  1.6620521473e+00 -6.6983763294e-01  1.9597734318e+00  9.9731536274e-01 -3.1199838233e-01  1.5769198555e+00  4.3439877136e+00  1.0040358903e+00  4.0483635630e-01  4.2230949201e+00 -6.6211655119e-01 -1.6114602121e-01  4.4826558872e+00  4.0808599010e-01 -3.9603341791e+00 -1.3375801574e+00  1.2276312985e+00 -4.7739551439e+00  1.3243117730e-02
ENERGY -1.159435854968e+03

JOB 7
COORDS  9.6063374104e-01 -1.6956416615e+00  2.3783653178e+00 -2.0910033985e-01 -9.2053409324e-01  4.2235412451e-01  1.8856088498e-01 -7.0413255977e-01  1.7975870300e+00  3.8325851671e+00 -4.4087936945e+00 -1.0494729388e+00  2.6451377902e+00 -3.7390441398e+00 -1.2112339411e+00  1.3774598038e+00 -2.8560996767e+00  1.6396711374e+00  4.5629936374e+00 -2.8267325845e+00 -2.4462027500e+00  4.0562498571e+00 -5.6082201235e+00 -1.7077192261e-01  5.5067624889e+00 -2.0417858317e+00 -3.3080648562e+00 -1.2054000738e+00  1.3230601961e+00  1.8777086739e+00  1.2705687434e-01  5.7294487453e-01  3.8680577002e+00  1.3248416515e+00 -4.0114600224e+00 -5.5430061756e-01  1.3682060733e-01 -1.9698382240e+00 -2.7085692054e-01  4.8994988397e+00 -3.8875911491e+00 -1.7662677025e+00  8.9078530294e-01 -2.9068574597e+00  3.1239881306e-01 -1.9236545665e-01  4.4301076899e-01  2.4525996492e+00  2.0870114649e+00 -3.7741968861e+00  2.0714349131e+00  2.8780564339e+00 -2.3678400749e+00 -2.2708504391e+00  1.3061221772e+00 -1.6513223877e+00  3.4027451856e+00 -8.2591839849e-01 -2.1061479944e-01 -1.1517548249e-01  3.7988008473e+00 -6.5391582953e+00 -6.8983910924e-01  5.1130342253e+00 -5.6614589121e+00  1.0052541838e-01  3.4635417019e+00 -5.5382897046e+00  7.4443766649e-01  5.1822500917e+00 -2.0365024339e+00 -4.3540950854e+00  5.5786758656e+00 -1.0005316834e+00 -2.9764675489e+00  6.4960184412e+00 -2.4996868114e+00 -3.2488086687e+00 -1.3577287367e+00  2.1701793984e+00  2.5470356482e+00 -2.1719794441e+00  8.1869296629e-01  1.7406423424e+00 -8.8108753731e-01  1.7254886051e+00  9.1267969943e-01 -1.9293935111e-01  1.5534301107e+00  4.2219612741e+00  1.2077742579e+00  4.9485524201e-01  4.0268255190e+00 -3.6744688098e-01 -1.9778300889e-01  4.4768397444e+00  5.2934320261e-01 -4.1496930608e+00 -1.2900488641e+00  1.4033535131e+00 -4.9057262715e+00  6.1970421183e-02
ENERGY -1.159435313694e+03

JOB 8
COORDS  1.0241516153e+00 -1.5656949025e+00  2.3904884242e+00 -2.7435561677e-01 -9.8029500851e-01  4.4957911254e-01  1.7291998463e-01 -6.5554737402e-01  1.7881317412e+00  3.8128225956e+00 -4.5284037014e+00 -1.1635869936e+00  2.6816859658e+00 -3.7536380799e+00 -1.1177620957e+00  1.4705640527e+00 -2.7483251945e+00  1.7053061283e+00  4.5859568046e+00 -2.7953599825e+00 -2.3384300623e+00  3.9904250945e+00 -5.8694981248e+00 -5.0751522832e-01  5.5361401039e+00 -1.9492006728e+00 -3.1326445696e+00 -1.3260230645e+00  1.2982578567e+00  1.8119963214e+00  1.3741652086e-01  7.4767990483e-01  3.7752826455e+00  1.3895700092e+00 -4.0374325620e+00 -4.0754797126e-01  9.9020622909e-02 -2.0498724746e+00 -1.9656772908e-01  4.8711168170e+00 -3.9792439006e+00 -1.8720157398e+00  9.3285980504e-01 -2.9052315998e+00  4.0459062706e-01 -2.4129475281e-01  5.0973304891e-01  2.3889025067e+00  2.2435742944e+00 -3.6017640865e+00  2.1569794182e+00  2.9642971559e+00 -2.2449688309e+00 -1.9537027478e+00  1.4115850588e+00 -1.4382907883e+00  3.3926855362e+00 -9.5531181399e-01 -3.4038934164e-01 -9.8276239916e-02  3.6079777459e+00 -6.6817018498e+00 -1.1367713250e+00  5.0544787168e+00 -6.0501561374e+00 -3.4024587392e-01  3.4767548244e+00 -5.9088717601e+00  4.5689362866e-01  5.1435709658e+00 -1.7377359367e+00 -4.1329534981e+00  5.7248526994e+00 -9.8999724486e-01 -2.6389767793e+00  6.4815020441e+00 -2.4861220306e+00 -3.2319274714e+00 -1.4962136639e+00  2.1749491531e+00  2.4374755152e+00 -2.2679599570e+00  7.3582355321e-01  1.7501829258e+00 -1.0674611046e+00  1.6582006130e+00  8.1093771781e-01 -2.2084870228e-01  1.7301567154e+00  4.0840949902e+00  1.2272202210e+00  7.3819998904e-01  3.8829399317e+00 -2.8263705972e-01 -7.8401338102e-03  4.4549205424e+00  5.8180264433e-01 -4.2478182882e+00 -1.1133101264e+00  1.5211684845e+00 -4.8933540443e+00  2.5333634750e-01
ENERGY -1.159433646203e+03

JOB 9
COORDS  1.0062999241e+00 -1.4905170458e+00  2.2229915180e+00 -3.8146347815e-01 -1.1139913425e+00  2.9167747106e-01  7.7925224643e-02 -6.7945474651e-01  1.5947774504e+00  3.7643156022e+00 -4.6393143179e+00 -1.5001829370e+00  2.7259880256e+00 -3.7985761837e+00 -1.1939629222e+00  1.5178731242e+00 -2.6787588447e+00  1.5945168994e+00  4.5916510036e+00 -2.7899676953e+00 -2.4357638396e+00  3.8777197664e+00 -6.0928917954e+00 -1.1416323733e+00  5.5424174645e+00 -1.8903263270e+00 -3.1680838990e+00 -1.5703369966e+00  1.1485557770e+00  1.5634920075e+00 -1.3408685468e-02  8.2794418220e-01  3.5021732268e+00  1.4609351275e+00 -4.0994996599e+00 -4.3493221518e-01  5.0368279980e-02 -2.1904688834e+00 -3.0376092842e-01  4.8033675556e+00 -4.0558005187e+00 -2.2105226681e+00  9.6446129054e-01 -2.9459389282e+00  3.1741603744e-01 -4.0206531648e-01  4.8886115799e-01  2.1395651427e+00  2.3565869962e+00 -3.4502715660e+00  2.0720783739e+00  3.0689043729e+00 -2.1949080618e+00 -1.7972257700e+00  1.4072216290e+00 -1.2796102091e+00  3.2055922709e+00 -1.1230234082e+00 -5.5867396106e-01 -2.6962872381e-01  3.8462599005e+00 -6.7158842654e+00 -2.0424324461e+00  4.8347025764e+00 -6.2813711399e+00 -6.4558384845e-01  3.0749740861e+00 -6.4147964614e+00 -4.7504408361e-01  5.0857930359e+00 -1.4781637166e+00 -4.0742545308e+00  5.8590119663e+00 -1.0494675922e+00 -2.5419688062e+00  6.4232298294e+00 -2.4701680692e+00 -3.4506226058e+00 -1.7782281061e+00  2.0560208666e+00  2.1311725771e+00 -2.4681552292e+00  5.1530853174e-01  1.5906079615e+00 -1.3857693990e+00  1.4495245267e+00  5.2760855063e-01 -4.2783552643e-01  1.8020989923e+00  3.7637330088e+00  1.0764136027e+00  8.9364209653e-01  3.5847681635e+00 -3.7072595452e-01  8.7383409628e-02  4.2325008536e+00  6.5306359932e-01 -4.3908340833e+00 -1.1111340731e+00  1.6467517632e+00 -4.9039972575e+00  2.7692093475e-01
ENERGY -1.159432275358e+03

JOB 10
COORDS  1.0449818184e+00 -1.4060413582e+00  2.2845867747e+00 -3.6339393754e-01 -1.1965215302e+00  3.4372958829e-01  8.0479977467e-02 -6.7116096443e-01  1.6187486112e+00  3.7270556110e+00 -4.6994035986e+00 -1.6001261685e+00  2.8169387582e+00 -3.8237792984e+00 -1.0686002389e+00  1.6075448468e+00 -2.6030301908e+00  1.7194725524e+00  4.6454453424e+00 -2.8147521486e+00 -2.3621997368e+00  3.7094136736e+00 -6.1945695446e+00 -1.4601509987e+00  5.6065888723e+00 -1.9043191050e+00 -3.0674264072e+00 -1.6488571095e+00  1.0760552552e+00  1.4991901665e+00 -7.1403711424e-02  9.3205546157e-01  3.4421406115e+00  1.6015569248e+00 -4.1347006408e+00 -2.3104370085e-01  1.1540710837e-01 -2.2817712123e+00 -1.9626189848e-01  4.7495768166e+00 -4.1136752651e+00 -2.3310850777e+00  1.0687382022e+00 -2.9592921764e+00  4.5690882563e-01 -4.4853148977e-01  5.0302033251e-01  2.1017232005e+00  2.4785983764e+00 -3.3096089476e+00  2.2371843482e+00  3.2579105104e+00 -2.1887194077e+00 -1.4882074467e+00  1.4377423148e+00 -1.1263246217e+00  3.2531582607e+00 -1.1340560449e+00 -7.0841334227e-01 -2.4044555921e-01  3.5346036320e+00 -6.6717570802e+00 -2.4309546708e+00  4.6762186224e+00 -6.5500744980e+00 -1.0902463569e+00  2.9314998782e+00 -6.5301261540e+00 -7.7033610788e-01  5.1105995609e+00 -1.3353230944e+00 -3.8610963256e+00  6.0589637513e+00 -1.1866221474e+00 -2.3749965775e+00  6.3978899514e+00 -2.5108143352e+00 -3.5123622790e+00 -1.8937360410e+00  2.0042825907e+00  2.0162721381e+00 -2.5171564004e+00  4.0610228525e-01  1.5699849859e+00 -1.4839691410e+00  1.3251830108e+00  4.4642103710e-01 -5.2361559013e-01  1.9020879041e+00  3.6511161636e+00  1.0150373528e+00  1.0452702525e+00  3.5163141583e+00 -3.9757919362e-01  2.1937195511e-01  4.2136325705e+00  7.9030528233e-01 -4.5239978118e+00 -8.5102316707e-01  1.8611148882e+00 -4.8700686715e+00  5.3228379973e-01
ENERGY -1.159431427967e+03

JOB 11
COORDS  7.7713544379e-01 -1.6585065462e+00  2.5416284179e+00  8.1733029913e-02 -5.3330342341e-01  5.3062203010e-01  2.4036908677e-01 -5.1859643163e-01  1.9707276710e+00  3.5313753487e+00 -4.2710153060e+00 -1.9297594910e+00  2.8229814845e+00 -3.4681311476e+00 -1.0748443300e+00  1.1985774396e+00 -2.7783183816e+00  1.7434036814e+00  5.1057059429e+00 -2.7270246319e+00 -1.5975533672e+00  3.0431636485e+00 -5.5473442964e+00 -2.5530801852e+00  6.4219073415e+00 -2.0153012619e+00 -1.7037311380e+00 -9.2608624939e-01  1.6471050441e+00  2.0751893064e+00 -6.7667842550e-02  5.2371412875e-01  4.1471527867e+00  1.4156911138e+00 -3.6681143294e+00 -5.6536137491e-01  4.4165386753e-01 -1.5316885211e+00 -2.2509488008e-01  4.8165317729e+00 -3.8375313360e+00 -2.2164838690e+00  9.8567594584e-01 -2.6129357825e+00  3.5031495102e-01 -1.2884863230e-01  5.9137978400e-01  2.6930625092e+00  1.7024364421e+00 -3.8222457104e+00  2.1707059108e+00  3.8028829627e+00 -2.1074444455e+00 -5.9801160483e-01  9.2323137777e-01 -1.7732794011e+00  3.6075397700e+00 -3.5544131672e-01  2.9993588636e-01 -6.1858162284e-03  3.1175837646e+00 -5.4933076320e+00 -3.6442508289e+00  3.6572919812e+00 -6.3929550385e+00 -2.2249697601e+00  2.0041180809e+00 -5.7576392722e+00 -2.2881767350e+00  6.2986449911e+00 -9.9978427591e-01 -2.0948834343e+00  6.9152945524e+00 -1.9398670708e+00 -7.2889638828e-01  7.0676192622e+00 -2.5772321560e+00 -2.3814176336e+00 -1.0964473257e+00  2.4352870019e+00  2.8091025344e+00 -1.9044389871e+00  1.2872976428e+00  1.7274344352e+00 -3.9876701749e-01  2.0995143306e+00  1.2295519229e+00 -3.3418845514e-01  1.4949019286e+00  4.5652461114e+00  9.4826438857e-01  2.8319750058e-01  4.4773536351e+00 -7.5179891342e-01 -2.3379664315e-01  4.5562890954e+00  7.0647969607e-01 -3.6765300699e+00 -1.3962861966e+00  1.3470054088e+00 -4.6108224238e+00 -1.9231714886e-02
ENERGY -1.159431040620e+03

JOB 12
COORDS  8.0289857190e-01 -2.0732932689e+00  3.0582122975e+00  8.1483085051e-01 -1.0870051830e+00  8.6262438007e-01  5.6654794144e-01 -9.5178364674e-01  2.2834581533e+00  6.0676734154e-01 -6.6699208160e+00 -3.9633552582e-01  6.1000491703e-01 -5.3569783213e+00 -4.4916482026e-03  1.2298510194e+00 -3.3179299711e+00  2.4777055488e+00 -1.5937945617e+00 -6.3210229876e+00 -5.0435756048e-01  1.8098273480e+00 -7.5571797676e+00 -5.4027607841e-01 -3.0521588812e+00 -6.5973139299e+00 -7.2088879708e-01 -5.8410919737e-03  3.7811568325e-01  4.2388219209e+00  1.4240136641e-01  1.4538900345e+00  1.9785721520e+00  1.7913959017e+00 -4.4971360751e+00  3.7000925520e-01  1.2103489456e+00 -2.1945512549e+00  3.0083824566e-01 -6.4437507885e-01 -7.1968190334e+00 -6.7926613664e-01  1.4048862766e+00 -3.2732284100e+00  1.0709957338e+00  1.1341954036e-01  2.4241496214e-01  2.7930713420e+00  1.4498129468e+00 -4.3674341412e+00  3.0910413982e+00 -1.0242514516e+00 -4.7471188219e+00  2.4391944294e-02  6.7413450345e-01 -2.0874037912e+00  4.1323859304e+00  6.8516577321e-01 -2.5863105164e-01  1.7674982443e-01  2.7200942872e+00 -7.0710629389e+00 -1.8149300851e-01  1.6659552486e+00 -8.4826214880e+00  2.6086681455e-02  1.9614345375e+00 -7.8353584910e+00 -1.5892570149e+00 -3.6311187391e+00 -6.4288057161e+00  1.9325602887e-01 -3.4698245204e+00 -5.9551159818e+00 -1.5036835815e+00 -3.1677456998e+00 -7.6399759511e+00 -1.0233028025e+00 -4.2718568198e-01  1.3554632121e+00  4.4761243895e+00  9.6517973914e-01  2.8232710699e-01  4.7460587628e+00 -6.8021511923e-01 -3.8501576320e-01  4.6410528328e+00 -2.6552005385e-01  2.2801826212e+00  2.5614334969e+00 -4.8187010469e-01  1.3470486252e+00  1.0859722689e+00  1.1597643439e+00  1.7266913505e+00  1.6652049129e+00  2.4565883311e+00 -5.0557805310e+00  1.0305664776e+00  2.3417257750e+00 -4.1827390011e+00 -5.2008809835e-01
ENERGY -1.159431428289e+03

JOB 13
COORDS  8.8027129731e-01 -2.0966506751e+00  2.9860953516e+00  7.3040899371e-01 -1.0332729122e+00  8.3217910065e-01  5.6576160642e-01 -9.5583815909e-01  2.2691032892e+00  5.7442458529e-01 -6.6496435643e+00 -2.7417724256e-01  6.0147986402e-01 -5.2859872480e+00 -1.3800593619e-01  1.3072362780e+00 -3.3058574326e+00  2.3350009830e+00 -1.6027251557e+00 -6.2744163705e+00 -5.8773397111e-01  1.7424277730e+00 -7.5862968949e+00 -1.6106042707e-01 -3.0540653183e+00 -6.5546352363e+00 -8.4199092547e-01  7.6312268776e-02  2.8372301655e-01  4.3036213030e+00  5.5857849373e-02  1.4458276449e+00  2.0814526761e+00  1.7767499497e+00 -4.3922794702e+00  1.5734429225e-01  1.1275916279e+00 -2.1065985790e+00  2.0769698126e-01 -6.7619983648e-01 -7.1892910750e+00 -5.3741660333e-01  1.4055583606e+00 -3.2022477469e+00  9.2489719902e-01  1.1036152000e-01  2.0515031544e-01  2.8492545133e+00  1.5899870192e+00 -4.3715176655e+00  2.8929724830e+00 -1.0125688674e+00 -4.6425825727e+00 -3.2423568331e-01  8.1482566173e-01 -2.1533112830e+00  4.0645851076e+00  5.2995935155e-01 -1.8760741125e-01  1.8564181928e-01  2.6477529976e+00 -7.0749000660e+00  1.7242620493e-01  1.5136257914e+00 -8.3834724427e+00  5.5279063418e-01  1.9516731577e+00 -8.0600241585e+00 -1.1266279577e+00 -3.6784989314e+00 -6.2110116621e+00 -1.0540597339e-02 -3.4048743341e+00 -6.0551519412e+00 -1.7513488845e+00 -3.1857763573e+00 -7.6320416683e+00 -9.5924355191e-01 -3.5714912587e-01  1.2384008858e+00  4.6032802544e+00  1.0789155703e+00  1.9914093745e-01  4.7475283966e+00 -5.5033026405e-01 -5.1380397847e-01  4.7162144267e+00 -3.4065248226e-01  2.2372822519e+00  2.7181118498e+00 -6.1687474015e-01  1.3525020937e+00  1.2232270566e+00  1.0445309060e+00  1.7614971441e+00  1.7200169297e+00  2.5152141001e+00 -4.9434823183e+00  7.3977001366e-01  2.2381271475e+00 -4.0272747553e+00 -7.6390873568e-01
ENERGY -1.159432275354e+03

JOB 14
COORDS  1.0023607985e+00 -2.1254006876e+00  3.1214283465e+00  6.3441450602e-01 -1.0124365034e+00  1.0185318985e+00  5.7080521426e-01 -9.8605540305e-01  2.4650743006e+00  6.0162010581e-01 -6.5833749555e+00  7.0655759998e-02  6.4626291319e-01 -5.2195429721e+00 -7.1173209371e-02  1.4488305854e+00 -3.2871884801e+00  2.4010429228e+00 -1.5333250134e+00 -6.2696330672e+00 -5.0049876993e-01  1.7386024851e+00 -7.4716904105e+00  4.9037405554e-01 -2.9619491447e+00 -6.5910558876e+00 -8.2499025464e-01  1.5542214276e-01  1.6485104789e-01  4.5679233154e+00 -8.4895548784e-02  1.3854549057e+00  2.3912424042e+00  1.8034096096e+00 -4.2916750728e+00  1.6481109679e-01  1.0454515014e+00 -2.0430833791e+00  3.3327845910e-01 -6.3222396507e-01 -7.1600334335e+00 -1.9269219699e-01  1.4404586531e+00 -3.1374060575e+00  9.9284033184e-01  8.9998190308e-02  1.2819415376e-01  3.1129173353e+00  1.8324066059e+00 -4.3502309072e+00  2.9033164580e+00 -9.3714741323e-01 -4.6189897363e+00 -5.0620219336e-01  1.0182077023e+00 -2.2162619382e+00  4.1994764722e+00  3.3852509771e-01 -1.6246930309e-01  4.1578883365e-01  2.4454309088e+00 -6.9412785890e+00  1.1327599148e+00  1.3433115949e+00 -8.3257054916e+00  1.0456090865e+00  2.2824936641e+00 -7.8625919354e+00 -3.7756711218e-01 -3.6516856132e+00 -6.0707240391e+00 -1.5217505067e-01 -3.2136855161e+00 -6.3002280343e+00 -1.8505089597e+00 -3.1100578924e+00 -7.6674528272e+00 -7.1874242372e-01 -3.1511521526e-01  1.0806094792e+00  4.9272786552e+00  1.1905274808e+00  1.3363985139e-01  4.9381988589e+00 -3.8873079846e-01 -6.8269000071e-01  4.9972579905e+00 -4.7440525254e-01  2.1358402634e+00  3.0798037598e+00 -8.1269137852e-01  1.2799657799e+00  1.5806152407e+00  8.5697391456e-01  1.7643390584e+00  1.9704856231e+00  2.6022335042e+00 -4.8299653869e+00  6.7311940821e-01  2.1854091367e+00 -3.8822000892e+00 -7.7395246945e-01
ENERGY -1.159433646701e+03

JOB 15
COORDS  1.1009235139e+00 -1.7842770427e+00  2.4575965860e+00  4.6322826544e-01 -8.2327817395e-01  3.4456834633e-01  5.4219363986e-01 -7.1047301175e-01  1.7858617562e+00  5.5191665065e-01 -6.3455173217e+00 -4.8145798119e-02  6.0576204261e-01 -5.0612590271e+00 -5.3029638867e-01  1.5394664828e+00 -2.9628268186e+00  1.7612960331e+00 -1.5326181140e+00 -6.2293650134e+00 -8.4092918466e-01  1.6597505717e+00 -7.0661708241e+00  6.6889381660e-01 -2.9314067096e+00 -6.6522907973e+00 -1.1787974339e+00  2.6941449486e-01  5.4367816368e-01  3.8530977172e+00 -2.7374538243e-01  1.6079570572e+00  1.6463498988e+00  1.7375189303e+00 -4.0812436818e+00 -4.4366567766e-01  8.6769958678e-01 -1.8704796086e+00 -3.1949108169e-01 -6.5844591348e-01 -6.9931483199e+00 -2.4635193272e-01  1.3943394695e+00 -2.8968082155e+00  3.5565264377e-01  6.6844112635e-02  4.1517731255e-01  2.4161158262e+00  2.0235907341e+00 -3.9753904510e+00  2.2838775815e+00 -9.3822760877e-01 -4.6230436756e+00 -1.2240109992e+00  1.2249391411e+00 -1.8092295911e+00  3.5321649782e+00  5.6743120480e-02 -3.0550803969e-02 -2.7163209974e-01  1.2298051693e+00 -7.8506898853e+00  1.2957427422e+00  2.3493347824e+00 -7.5448070226e+00 -3.6615958460e-02  2.2245891291e+00 -6.3807297614e+00  1.3052324996e+00 -3.6719743308e+00 -6.0025266262e+00 -7.0060403081e-01 -3.1084968477e+00 -6.6203494547e+00 -2.2591461010e+00 -3.0809296658e+00 -7.6751916205e+00 -8.2788184949e-01 -2.0921821599e-01  1.4581067695e+00  4.2048767629e+00  1.3355987539e+00  5.8142943517e-01  4.1196069249e+00 -1.8719360396e-01 -2.9932649807e-01  4.3822973207e+00 -6.3365456459e-01  2.3777860095e+00  2.3294821320e+00 -1.0788483650e+00  1.4042740942e+00  9.3317402499e-01  5.8697433891e-01  2.0144473985e+00  1.0973194653e+00  2.5968059450e+00 -4.5593070130e+00  2.4103201231e-02  2.0249258245e+00 -3.7089101210e+00 -1.4295485938e+00
ENERGY -1.159435313892e+03

JOB 16
COORDS  1.2088665627e+00 -1.7188791256e+00  2.4629556812e+00  2.7549901937e-01 -8.3413879876e-01  4.2976056459e-01  5.0664187243e-01 -6.9448163353e-01  1.8521005171e+00  4.4338321806e-01 -6.2319685058e+00  6.3293644540e-02  5.5172561623e-01 -5.0096463911e+00 -5.5438877505e-01  1.6452164223e+00 -2.8767435606e+00  1.7310367629e+00 -1.5119697473e+00 -6.2620658077e+00 -1.0188121088e+00  1.4520420346e+00 -6.8675262893e+00  9.7696342075e-01 -2.8504740716e+00 -6.7536868183e+00 -1.4842426579e+00  3.8630409966e-01  5.6982257735e-01  3.9273691791e+00 -4.7277744237e-01  1.5629721647e+00  1.7893150347e+00  1.6665022606e+00 -4.0079633782e+00 -4.8884035905e-01  6.7231919543e-01 -1.8629396791e+00 -2.6620534934e-01 -7.2677558495e-01 -6.9239118024e+00 -2.1533860400e-01  1.3367483633e+00 -2.8450178269e+00  3.5181819727e-01  3.0167846390e-02  4.0612669170e-01  2.5242040739e+00  2.2548721007e+00 -3.8431159608e+00  2.2089190122e+00 -8.7698838411e-01 -4.7049097660e+00 -1.5174749699e+00  1.4561956121e+00 -1.7196572253e+00  3.5162782383e+00 -2.4747170622e-01 -7.8548456615e-02 -1.4388230334e-01  9.3124905170e-01 -7.3503589875e+00  1.8087575467e+00  2.0145742890e+00 -7.6461716547e+00  4.4822602205e-01  2.1442548928e+00 -6.1317964234e+00  1.3877005446e+00 -3.6569789117e+00 -6.0947050233e+00 -1.1452031570e+00 -2.9000631133e+00 -6.8052646711e+00 -2.5769523923e+00 -3.0173108922e+00 -7.7520769137e+00 -1.0753448455e+00 -1.0949358683e-01  1.4560171755e+00  4.3246849920e+00  1.4709826483e+00  6.8182165064e-01  4.0692940791e+00  5.0754143542e-02 -2.9323150085e-01  4.5119272903e+00 -8.0896828604e-01  2.3154422456e+00  2.5031988140e+00 -1.3342865197e+00  1.2956624795e+00  1.1692479801e+00  2.9347176837e-01  2.0196623626e+00  1.1475258952e+00  2.5547148762e+00 -4.4710991817e+00 -6.2166878628e-02  1.9068975997e+00 -3.6149867334e+00 -1.4783947259e+00
ENERGY -1.159435855636e+03

JOB 17
COORDS  1.2625119495e+00 -2.0119225695e+00  2.3777982582e+00  2.6759683430e-01 -9.4043015240e-01  4.6573299256e-01  5.9523488745e-01 -9.0806150973e-01  1.8758268029e+00  3.3582105383e+00 -3.1288674052e+00 -2.4665880923e+00  2.9914066961e+00 -3.8236253098e+00 -1.3390374167e+00  1.6423696410e+00 -3.1091118813e+00  1.5303584350e+00  5.3909112205e+00 -3.8087898575e+00 -1.8513446068e+00  2.4444673695e+00 -2.3897259237e+00 -3.4019666871e+00  6.8816352743e+00 -3.9759643478e+00 -1.8801107842e+00 -6.7679762864e-01  1.1848755824e+00  2.1223636832e+00  4.9275552713e-01  1.2927582331e-01  4.0738464442e+00  1.6161105859e+00 -4.0292921421e+00 -7.7318911919e-01  5.7932583730e-01 -1.9300220683e+00 -3.2508726963e-01  4.7157487027e+00 -3.1315010566e+00 -2.7421614115e+00  1.2290528930e+00 -2.9803709393e+00  1.8524615935e-01  2.5458614324e-01  1.8526268931e-01  2.6375478294e+00  2.2686747653e+00 -4.1170810675e+00  1.8839563168e+00  4.4109479056e+00 -4.4985669266e+00 -5.7661531841e-01  1.5499624930e+00 -2.1077822315e+00  3.4165226709e+00 -2.6547852248e-01 -1.3042533002e-01 -1.7149868357e-02  2.7751413801e+00 -1.3505938823e+00 -3.4996175958e+00  2.4780660236e+00 -2.8367144145e+00 -4.4016690367e+00  1.4133260689e+00 -2.3830102617e+00 -3.0461878222e+00  7.3525647832e+00 -3.4915891857e+00 -1.0178629554e+00  7.1667703879e+00 -5.0329520012e+00 -1.8634488773e+00  7.2682411934e+00 -3.5190430306e+00 -2.7931811250e+00 -8.1909507266e-01  1.9571491223e+00  2.8787748392e+00 -1.6604003327e+00  7.5856933043e-01  1.8809203364e+00 -2.7905247006e-01  1.6752690713e+00  1.2281671705e+00  2.2283201762e-01  1.0860084233e+00  4.5220462484e+00  1.5529990670e+00 -5.0435719449e-02  4.2799813541e+00 -9.2702036089e-02 -6.6397771114e-01  4.5611353614e+00  8.7332361370e-01 -4.0068423925e+00 -1.5704423486e+00  1.5484453022e+00 -4.9823241308e+00 -2.4867071196e-01
ENERGY -1.159435214193e+03

JOB 18
COORDS  1.3390638188e+00 -1.9690365931e+00  2.4515775182e+00  1.3211249585e-01 -1.1194025316e+00  5.5061455693e-01  5.4318181423e-01 -9.6371751676e-01  1.9299382882e+00  3.4757363640e+00 -3.0910962216e+00 -2.1723539428e+00  3.0873489133e+00 -3.9258043243e+00 -1.1515774638e+00  1.7659608591e+00 -3.0828265478e+00  1.6492500561e+00  5.4604144355e+00 -4.0263690297e+00 -1.7708711041e+00  2.5964124931e+00 -2.1440495617e+00 -2.9374745877e+00  6.9293909317e+00 -4.3055726623e+00 -1.8930418143e+00 -8.9600966404e-01  1.0230810847e+00  2.1331849037e+00  4.7557280792e-01  2.0135578591e-01  4.0650099805e+00  1.7090929763e+00 -4.1415239732e+00 -5.8922864599e-01  4.9384329660e-01 -2.1224465089e+00 -2.0159138921e-01  4.8186618912e+00 -3.1549363262e+00 -2.5037097494e+00  1.2823670235e+00 -3.0659845655e+00  3.2053072074e-01  1.4884799719e-01  1.4216658711e-01  2.6464456271e+00  2.4848560453e+00 -4.0176571911e+00  2.0246512132e+00  4.4632553025e+00 -4.8358772889e+00 -5.8395084642e-01  1.6895806996e+00 -1.9747336256e+00  3.4752096167e+00 -5.1225565269e-01 -4.0034099863e-01  5.9605346834e-02  2.9432353984e+00 -1.1143222315e+00 -2.7976519811e+00  2.6502004850e+00 -2.3615892842e+00 -4.0095471327e+00  1.5570686683e+00 -2.1961724949e+00 -2.6105595991e+00  7.4674471372e+00 -4.0021541763e+00 -9.8848686059e-01  7.1237525898e+00 -5.3709876500e+00 -2.0537788440e+00  7.3237794283e+00 -3.7416070254e+00 -2.7406310736e+00 -1.0482955574e+00  1.8388626778e+00  2.8404759215e+00 -1.8556839486e+00  5.0483026006e-01  1.9979470051e+00 -6.0334072968e-01  1.4717622689e+00  1.1787087805e+00  1.4659579242e-01  1.1582769510e+00  4.4714704678e+00  1.5580892408e+00  1.2841735308e-01  4.2126090662e+00 -5.6574910832e-03 -6.0602318132e-01  4.6359210186e+00  9.7060386122e-01 -4.1652257680e+00 -1.3915902150e+00  1.6619132855e+00 -5.0782604227e+00 -3.3666929148e-02
ENERGY -1.159434310359e+03

JOB 19
COORDS  1.4083327132e+00 -1.8088880903e+00  2.4004651742e+00 -1.0188533254e-02 -1.2128919715e+00  5.5051052575e-01  4.8903676833e-01 -9.1672698461e-01  1.8768133449e+00  3.5736927127e+00 -3.0057441544e+00 -1.9328661434e+00  3.1259179152e+00 -3.9734061908e+00 -1.0661427694e+00  1.8672077848e+00 -2.9451117984e+00  1.6481982795e+00  5.4666407144e+00 -4.1776967353e+00 -1.7810889011e+00  2.7772604180e+00 -1.8526579797e+00 -2.4737993710e+00  6.8973313654e+00 -4.5674010584e+00 -2.0080024330e+00 -1.1179282019e+00  9.3777130974e-01  2.0702851801e+00  4.7926090342e-01  3.9851587543e-01  3.9236405532e+00  1.7442251771e+00 -4.1699239458e+00 -5.0014831302e-01  3.8808717429e-01 -2.2319490803e+00 -1.6059482224e-01  4.8984350001e+00 -3.1301041439e+00 -2.3165548856e+00  1.3045354744e+00 -3.0568934297e+00  3.5468309841e-01  5.2550202340e-02  2.0480431430e-01  2.5440688514e+00  2.6718014896e+00 -3.7995022016e+00  2.0373166615e+00  4.4138724849e+00 -5.0984515626e+00 -7.3050955168e-01  1.8281082832e+00 -1.7115806974e+00  3.3929489106e+00 -7.5578826859e-01 -5.9365969857e-01  6.6837351862e-02  3.0618147135e+00 -9.2031175019e-01 -1.9720403933e+00  2.9856059641e+00 -1.7272042119e+00 -3.5404488058e+00  1.7046367589e+00 -1.9937991932e+00 -2.3319402094e+00  7.4811209452e+00 -4.4884286287e+00 -1.0845800775e+00  6.9814524549e+00 -5.5979149592e+00 -2.3681576531e+00  7.3285474119e+00 -3.8956576094e+00 -2.7528793929e+00 -1.2883347312e+00  1.7917274115e+00  2.7266149373e+00 -2.0284672982e+00  3.2222144589e-01  2.0668273864e+00 -9.5783173942e-01  1.3311431567e+00  1.0616749975e+00  1.0588825405e-01  1.3571916257e+00  4.2853209445e+00  1.5720075721e+00  4.1894794133e-01  3.9866984673e+00  1.0982066294e-01 -3.9554027444e-01  4.5890002017e+00  1.0046569005e+00 -4.2350446957e+00 -1.3005387532e+00  1.7049209190e+00 -5.0840225972e+00  9.4072282208e-02
ENERGY -1.159432950549e+03

JOB 20
COORDS  1.4200922440e+00 -1.8168785002e+00  2.2945014374e+00 -1.6975115237e-01 -1.4109255133e+00  5.3417708337e-01  4.1138642463e-01 -1.0097804631e+00  1.7982919756e+00  3.5666147623e+00 -2.9888297123e+00 -1.7306535714e+00  3.0564328981e+00 -4.0919895721e+00 -1.0915605423e+00  1.8863532613e+00 -2.9704504650e+00  1.5731689494e+00  5.3588289674e+00 -4.3081870102e+00 -1.9216235076e+00  2.8635523339e+00 -1.6770601288e+00 -1.9493647290e+00  6.7416764185e+00 -4.7515545935e+00 -2.2966539532e+00 -1.2806049961e+00  7.6498503728e-01  2.0144725348e+00  4.8512529512e-01  4.2681956361e-01  3.7607294816e+00  1.6875829966e+00 -4.3065375248e+00 -4.9994402925e-01  2.3829835525e-01 -2.4418269327e+00 -1.5312287346e-01  4.8684055824e+00 -3.1270263435e+00 -2.1842715578e+00  1.2428705825e+00 -3.1801466573e+00  3.2963243662e-01 -3.8108542196e-02  1.2383112933e-01  2.4351658199e+00  2.7604393303e+00 -3.7598815541e+00  1.9466357025e+00  4.2496966699e+00 -5.3598170632e+00 -1.0672131881e+00  1.9069012412e+00 -1.6385509457e+00  3.2442258170e+00 -9.8776420068e-01 -8.6515510365e-01  7.9962026533e-02  2.9770801929e+00 -1.0196936938e+00 -1.0788838672e+00  3.3048981366e+00 -1.1705250975e+00 -2.8109411642e+00  1.7939127806e+00 -1.8105300228e+00 -2.1238678295e+00  7.3421643820e+00 -4.9768753198e+00 -1.4088706151e+00  6.7200583096e+00 -5.6504474763e+00 -2.9217131844e+00  7.2264728436e+00 -3.9467325661e+00 -2.8527330526e+00 -1.4504914964e+00  1.6453779580e+00  2.6349923322e+00 -2.1520081165e+00  1.0287876554e-01  2.1149397761e+00 -1.2188061753e+00  1.1068236751e+00  9.7661947918e-01  8.4678331829e-02  1.3840154405e+00  4.0963935432e+00  1.5762444364e+00  5.1167336341e-01  3.7310306077e+00  2.1872520044e-01 -3.4333863590e-01  4.4992803026e+00  9.3140080911e-01 -4.4132098504e+00 -1.2809615449e+00  1.6855827019e+00 -5.2062633554e+00  1.1905859383e-01
ENERGY -1.159431846910e+03

JOB 21
COORDS  1.4147171704e+00 -1.6933702759e+00  2.2713943661e+00 -1.7919085578e-01 -1.4236862984e+00  4.8856252816e-01  3.8328081236e-01 -9.4385616962e-01  1.7338639708e+00  3.6598290128e+00 -2.9221653144e+00 -1.5511260864e+00  3.0980969733e+00 -4.0709000308e+00 -1.0508011507e+00  1.9218283020e+00 -2.8643923745e+00  1.6074362128e+00  5.3144819970e+00 -4.3292999652e+00 -2.0861058976e+00  3.0774692270e+00 -1.5335193968e+00 -1.5136019771e+00  6.6253832980e+00 -4.8130969075e+00 -2.6306111926e+00 -1.3637525251e+00  7.8594758462e-01  1.8567382864e+00  3.9804562305e-01  5.8299450944e-01  3.6277143555e+00  1.7608197698e+00 -4.3083124679e+00 -3.9509351199e-01  2.6154214096e-01 -2.4746544616e+00 -1.4544733607e-01  4.9122239701e+00 -3.0900096627e+00 -2.1245698112e+00  1.2847255572e+00 -3.1594025578e+00  3.7722590865e-01 -1.0497198770e-01  2.0387544995e-01  2.3138127289e+00  2.8259458416e+00 -3.5993422863e+00  2.0174725660e+00  4.1741416201e+00 -5.4162290676e+00 -1.3162902323e+00  1.8933773613e+00 -1.4527369214e+00  3.2114983563e+00 -1.0111811830e+00 -9.2577309624e-01  5.6593357491e-03  3.1331871339e+00 -1.1050376153e+00 -5.0650264481e-01  3.6519735076e+00 -8.9248170388e-01 -2.1855128733e+00  2.0298390801e+00 -1.5188083790e+00 -1.8226929684e+00  7.2643504173e+00 -5.2103510313e+00 -1.8346380411e+00  6.4849849495e+00 -5.6058137356e+00 -3.3728722604e+00  7.1371501073e+00 -3.9727957259e+00 -3.1038622628e+00 -1.5638402489e+00  1.6896001634e+00  2.4332262618e+00 -2.2153228361e+00  1.0317837230e-01  1.9849129385e+00 -1.3056572653e+00  1.0792586286e+00  8.0399217741e-01 -3.6247567990e-02  1.5403093358e+00  3.9177014380e+00  1.4859618777e+00  7.0262649410e-01  3.6011256541e+00  1.5133116300e-01 -1.6216681142e-01  4.3980129014e+00  9.8664228474e-01 -4.5090806370e+00 -1.1394601265e+00  1.8306165594e+00 -5.1632804584e+00  2.8154531600e-01
ENERGY -1.159431005552e+03

JOB 22
COORDS  1.3801274705e+00 -1.6501434546e+00  2.3208615457e+00 -1.4372727977e-01 -1.4765804890e+00  4.6627713407e-01  3.5644708240e-01 -9.4250504446e-01  1.7164118498e+00  3.7805097346e+00 -2.9254198798e+00 -1.3666868317e+00  3.1567002141e+00 -4.0880751406e+00 -9.8689314129e-01  1.9463005433e+00 -2.8249406512e+00  1.7138958668e+00  5.2541241031e+00 -4.3639481473e+00 -2.2484194714e+00  3.3525335248e+00 -1.5086608859e+00 -1.0823495112e+00  6.4667922549e+00 -4.8639673625e+00 -2.9751574945e+00 -1.4263090755e+00  7.5521073265e-01  1.7035154581e+00  2.5950229310e-01  6.4655941906e-01  3.5557210836e+00  1.8752008942e+00 -4.3505859173e+00 -2.3371961712e-01  3.4126933910e-01 -2.5406996956e+00 -1.1046202195e-01  4.9622890905e+00 -3.1072207452e+00 -2.0752064624e+00  1.3568148698e+00 -3.1845131677e+00  4.7691504685e-01 -1.7980709199e-01  2.1213161377e-01  2.2360753445e+00  2.8647729340e+00 -3.5097836535e+00  2.1756475638e+00  4.0839578999e+00 -5.4618923135e+00 -1.5379435502e+00  1.8169573406e+00 -1.3653623789e+00  3.2689778167e+00 -9.6596507313e-01 -1.0144621360e+00 -6.6404417964e-02  3.5237231162e+00 -1.2444055771e+00 -3.3406250073e-02  3.9491869915e+00 -8.3514759650e-01 -1.7010337148e+00  2.2966071062e+00 -1.3417918316e+00 -1.3042703795e+00  7.1267377533e+00 -5.4280668075e+00 -2.3073713357e+00  6.1939598326e+00 -5.5207651689e+00 -3.8077811961e+00  7.0157676359e+00 -4.0057056167e+00 -3.3674833871e+00 -1.6676901905e+00  1.6735853098e+00  2.2394652587e+00 -2.2709724484e+00  6.1384747147e-02  1.8167946294e+00 -1.3255490366e+00  1.0144317571e+00  6.4507614196e-01 -2.0756289552e-01  1.6024740369e+00  3.7948223089e+00  1.3447254305e+00  7.9063918827e-01  3.5698378184e+00 -2.7988014732e-03 -7.8193953594e-02  4.3401375254e+00  1.0822497469e+00 -4.6689655754e+00 -9.1473335264e-01  2.0440319030e+00 -5.1373574920e+00  5.0574545144e-01
ENERGY -1.159430428035e+03

JOB 23
COORDS  1.1019216288e+00 -1.9458290264e+00  2.3631473086e+00  1.7427114572e-01 -8.5441250094e-01  4.2898114261e-01  4.5405494290e-01 -8.3620706711e-01  1.8504183258e+00  3.9288194800e+00 -2.8006222177e+00 -1.1759494977e+00  2.9435447439e+00 -3.7338611551e+00 -1.3851296978e+00  1.5232031227e+00 -3.0307938883e+00  1.5186169534e+00  5.0243774814e+00 -4.0715538140e+00 -2.6620083844e+00  3.9099086444e+00 -1.6198113057e+00 -2.3936014411e-01  6.1238272568e+00 -4.5469125024e+00 -3.5641668145e+00 -8.0747319128e-01  1.2674744253e+00  2.0689292035e+00  2.6917135248e-01  1.7501165712e-01  4.0547288965e+00  1.5638299465e+00 -3.9132773965e+00 -7.9879103815e-01  5.2315428044e-01 -1.8294423752e+00 -3.6300188915e-01  5.0912267522e+00 -3.0123044703e+00 -1.9097579411e+00  1.1789864492e+00 -2.8761042505e+00  1.5314486550e-01  8.5321970036e-02  2.4718892148e-01  2.6111452540e+00  2.1375582013e+00 -4.0375561805e+00  1.8876778125e+00  3.4962805468e+00 -4.9272042790e+00 -2.5374922435e+00  1.3464636753e+00 -2.0564235373e+00  3.4113946491e+00 -3.5725627808e-01 -4.7605981436e-02 -6.0991113581e-02  3.9515061731e+00 -1.9429189636e+00  8.0548251543e-01  4.7903317410e+00 -1.0060794308e+00 -4.4041464758e-01  3.0200292505e+00 -9.9988454537e-01 -3.6860958536e-01  6.4536022520e+00 -5.5557495401e+00 -3.2944079477e+00  5.8017601290e+00 -4.5697511131e+00 -4.6107134287e+00  6.9701210305e+00 -3.8635465485e+00 -3.4710154632e+00 -9.5894761601e-01  2.0400716389e+00  2.8231983595e+00 -1.7909804109e+00  8.6265784937e-01  1.7927916055e+00 -3.6931278928e-01  1.7522616437e+00  1.1908670542e+00 -1.7268943620e-02  1.1266979291e+00  4.5032186981e+00  1.3206820567e+00 -8.6292772209e-03  4.2990514553e+00 -3.3519929248e-01 -6.2301085654e-01  4.5096186441e+00  8.0929562786e-01 -3.9061608532e+00 -1.5890353585e+00  1.5133828211e+00 -4.8672239368e+00 -2.6807645561e-01
ENERGY -1.159430378166e+03

