JOB 0
COORDS -2.0793854568e+00 -3.5440861822e+00 -1.2018158634e+00  6.5611462425e-01  1.9020548146e+00  2.4238282005e+00  3.1372089158e-01  1.1155144058e+00  1.3052622889e+00 -2.3549314438e+00 -4.2231772518e+00 -2.3826170726e+00 -1.8565183401e+00  5.3213587575e-01  2.2943297672e+00 -1.9943875607e+00 -2.1614112732e+00 -3.6231744971e+00 -1.7582156507e+00 -2.1743727285e+00 -1.1864320657e+00 -2.7839603100e-01  1.9918561921e+00  3.4371359204e+00 -1.4939871112e+00  1.3050979013e+00  3.3797416276e+00 -9.1091529384e-01  4.5803852554e-01  1.2563066368e+00 -1.7230008769e+00 -1.5097376897e+00 -2.4224738564e+00 -2.3097811550e+00 -3.5184466370e+00 -3.5902755357e+00 -1.4828712435e+00 -1.5695660653e+00  1.4927357731e-01 -1.2658276340e+00  2.1528089815e+00  5.4258641773e+00 -1.5096109664e+00 -2.2043253348e+00  1.1845696829e+00 -2.0931387322e-01  2.6980159986e+00  4.6229201192e+00 -2.2154798123e+00  1.5495823054e+00  4.5294267796e+00 -1.2053227676e+00 -2.4007654835e-01  7.4445722994e-02 -1.4206510737e+00 -2.0101105904e-01 -2.5076019281e+00 -2.6532923310e+00 -4.3490434005e+00 -5.0896567128e+00 -2.1059366404e+00 -4.0631380022e+00 -2.4931610860e-01  1.6052510785e+00  2.4248435386e+00  2.4785974157e+00  9.9913977978e-01  1.0136500051e+00  4.7043419675e-01 -2.6012725969e+00 -5.2793965552e+00 -2.3740672120e+00 -2.7977713898e+00 -2.3757061504e-03  2.2532055473e+00 -1.9553523021e+00 -1.6058771225e+00 -4.5537458544e+00 -8.5755039447e-01  1.3804055951e+00  6.0932932601e+00 -1.7521577998e+00  2.9566141621e+00  5.9797560838e+00
ENERGY -1.399366996202e+03

JOB 1
COORDS -2.0871743258e+00 -3.5477990599e+00 -1.1790071939e+00  6.4301066547e-01  1.8993586435e+00  2.4241614022e+00  3.0821029965e-01  1.1034132346e+00  1.3100182773e+00 -2.3527321860e+00 -4.2436086314e+00 -2.3522890324e+00 -1.8974166250e+00  5.8697173121e-01  2.2554849620e+00 -1.9759513573e+00 -2.1989802640e+00 -3.6178432115e+00 -1.7633979402e+00 -2.1785765815e+00 -1.1792244228e+00 -3.3803505866e-01  2.0900775253e+00  3.3790531666e+00 -1.5428372529e+00  1.3777842299e+00  3.3307427744e+00 -9.3528737560e-01  4.8480614424e-01  1.2355594305e+00 -1.7150323179e+00 -1.5309682817e+00 -2.4238619533e+00 -2.2941095443e+00 -3.5549039439e+00 -3.5686268234e+00 -1.4995567320e+00 -1.5558589712e+00  1.5037118941e-01 -1.2168000050e+00  2.0719427173e+00  5.4069800387e+00 -1.5374938239e+00 -2.1748552553e+00  1.1947677016e+00 -2.7309165141e-01  2.7651277641e+00  4.5882697680e+00 -2.2284169696e+00  1.5604782504e+00  4.5149909524e+00 -1.2178585782e+00 -2.2791456103e-01  5.9824712233e-02 -1.4095229871e+00 -2.2415294484e-01 -2.5240669465e+00 -2.6242146762e+00 -4.4054244597e+00 -5.0596297983e+00 -2.1240033122e+00 -4.0533693250e+00 -2.1964052893e-01  1.6127420088e+00  2.3801297901e+00  2.5026474678e+00  1.0186549701e+00  9.5497954775e-01  5.0357083626e-01 -2.6012636767e+00 -5.2991634661e+00 -2.3314917938e+00 -2.8297186475e+00  3.6310627643e-02  2.2235005897e+00 -1.9268660447e+00 -1.6566904400e+00 -4.5557341322e+00 -7.2455544728e-01  1.2289966003e+00  5.9140004065e+00 -1.6735236037e+00  2.7700450951e+00  6.1080259814e+00
ENERGY -1.399363946726e+03

JOB 2
COORDS -2.0934128240e+00 -3.5551770868e+00 -1.1603962876e+00  6.1972401017e-01  1.8867237943e+00  2.4395340929e+00  2.9984358995e-01  1.0841445430e+00  1.3262355687e+00 -2.3516028266e+00 -4.2633504870e+00 -2.3279229853e+00 -1.9362034656e+00  6.2904906680e-01  2.2223347715e+00 -1.9632921733e+00 -2.2341627136e+00 -3.6121835960e+00 -1.7677547601e+00 -2.1864435326e+00 -1.1724150695e+00 -4.0031382977e-01  2.1798124109e+00  3.3293025392e+00 -1.5919732199e+00  1.4349780367e+00  3.2903036351e+00 -9.5924328413e-01  5.0249839418e-01  1.2201961414e+00 -1.7099417684e+00 -1.5530315846e+00 -2.4239701879e+00 -2.2836616895e+00 -3.5890998095e+00 -3.5518526698e+00 -1.5129536480e+00 -1.5495176694e+00  1.5196616993e-01 -1.1699316503e+00  1.9903541987e+00  5.3809354973e+00 -1.5588753278e+00 -2.1567389914e+00  1.2028419771e+00 -3.4524678157e-01  2.8134994667e+00  4.5684970960e+00 -2.2339354665e+00  1.5362265911e+00  4.5084759917e+00 -1.2277161546e+00 -2.2270728078e-01  4.9499539321e-02 -1.4022023294e+00 -2.4787988167e-01 -2.5365708651e+00 -2.6041670302e+00 -4.4554065581e+00 -5.0358467836e+00 -2.1379068844e+00 -4.0504692092e+00 -1.9601556088e-01  1.6065631505e+00  2.3263589760e+00  2.5472310871e+00  1.0355858076e+00  8.9388504437e-01  5.5193416945e-01 -2.6017675826e+00 -5.3182483084e+00 -2.2970409752e+00 -2.8565405097e+00  5.8112628070e-02  2.2017704283e+00 -1.9067844308e+00 -1.7019774993e+00 -4.5554067716e+00 -6.0710555468e-01  1.1170435342e+00  5.7422639668e+00 -1.5966486391e+00  2.5821778674e+00  6.1899006683e+00
ENERGY -1.399357196490e+03

JOB 3
COORDS -2.0982432684e+00 -3.5595135579e+00 -1.1381964797e+00  5.9433349380e-01  1.8706096623e+00  2.4658944548e+00  2.9134116291e-01  1.0619915255e+00  1.3530529415e+00 -2.3467514185e+00 -4.2779495396e+00 -2.3014834354e+00 -1.9726455768e+00  6.6922142834e-01  2.1965028473e+00 -1.9480864391e+00 -2.2599206741e+00 -3.6011904452e+00 -1.7724579920e+00 -2.1909179492e+00 -1.1602381026e+00 -4.5218062101e-01  2.2663493859e+00  3.2892281806e+00 -1.6314721913e+00  1.4864562702e+00  3.2577768782e+00 -9.8169001628e-01  5.1890072118e-01  1.2131271949e+00 -1.7047163734e+00 -1.5685503631e+00 -2.4168599941e+00 -2.2685481023e+00 -3.6143593358e+00 -3.5306872483e+00 -1.5282116389e+00 -1.5419976524e+00  1.5995785682e-01 -1.1116196740e+00  1.9234693608e+00  5.3503495076e+00 -1.5848678102e+00 -2.1379895387e+00  1.2165645659e+00 -4.2135698517e-01  2.8623989449e+00  4.5568097474e+00 -2.2214861279e+00  1.4978370026e+00  4.5054386902e+00 -1.2365179460e+00 -2.1683748336e-01  4.7289110591e-02 -1.3967686962e+00 -2.6434362924e-01 -2.5380726831e+00 -2.5763269530e+00 -4.4941639992e+00 -5.0092351084e+00 -2.1507952928e+00 -4.0461465872e+00 -1.6982185172e-01  1.5950841236e+00  2.2713052483e+00  2.6011393076e+00  1.0499660830e+00  8.3293666486e-01  6.1214682300e-01 -2.5971785259e+00 -5.3325512051e+00 -2.2634101951e+00 -2.8813667895e+00  7.9534359155e-02  2.1901440323e+00 -1.8840183983e+00 -1.7361956498e+00 -4.5486724959e+00 -4.8330573514e-01  1.0498321138e+00  5.5769285696e+00 -1.5072786642e+00  2.4096755029e+00  6.2412678423e+00
ENERGY -1.399346557192e+03

JOB 4
COORDS -2.1245177264e+00 -3.5245782616e+00 -1.1294783424e+00  5.4989084690e-01  1.9005914697e+00  2.4962207363e+00  2.7193431146e-01  1.0816562332e+00  1.3848977835e+00 -2.3589331692e+00 -4.2465419561e+00 -2.2934672569e+00 -2.0120671489e+00  7.2036296924e-01  2.1797840291e+00 -1.9026559107e+00 -2.2436045753e+00 -3.5974579139e+00 -1.7779503849e+00 -2.1610972493e+00 -1.1538056192e+00 -5.2255848210e-01  2.3783622631e+00  3.2479528307e+00 -1.6806846081e+00  1.5485494329e+00  3.2379530710e+00 -1.0071882617e+00  5.5936477176e-01  1.2136130670e+00 -1.6742549213e+00 -1.5481068068e+00 -2.4126011116e+00 -2.2447044008e+00 -3.5926764488e+00 -3.5251061793e+00 -1.5521130112e+00 -1.5067915800e+00  1.6668045374e-01 -1.0383687105e+00  1.8898867269e+00  5.3118404987e+00 -1.6368089596e+00 -2.0939425894e+00  1.2262500690e+00 -5.1627384911e-01  2.9376752715e+00  4.5446454082e+00 -2.1935809192e+00  1.4560212668e+00  4.5141910248e+00 -1.2396426276e+00 -1.8626770172e-01  5.0779562015e-02 -1.3442436598e+00 -2.4947853113e-01 -2.5351751537e+00 -2.5339407129e+00 -4.4778760745e+00 -5.0040506902e+00 -2.2048306165e+00 -4.0040270696e+00 -1.5942844689e-01  1.5557021639e+00  2.2820090235e+00  2.6542724928e+00  1.0508366436e+00  8.2600890513e-01  6.7460335966e-01 -2.6259173951e+00 -5.2970194857e+00 -2.2541014563e+00 -2.9004445285e+00  1.0053963474e-01  2.1932138674e+00 -1.8105958800e+00 -1.7272370932e+00 -4.5466662376e+00 -3.3737853204e-01  1.0484428660e+00  5.4043442291e+00 -1.3925970483e+00  2.2673020904e+00  6.2705117290e+00
ENERGY -1.399331801005e+03

JOB 5
COORDS -2.1284309126e+00 -3.5388938774e+00 -1.1156163846e+00  5.1538274308e-01  1.8669763454e+00  2.5316612352e+00  2.5463253175e-01  1.0410894866e+00  1.4230677606e+00 -2.3504909548e+00 -4.2684707041e+00 -2.2772438890e+00 -2.0517951757e+00  7.5121980871e-01  2.1576074033e+00 -1.8960335595e+00 -2.2695645431e+00 -3.5882085730e+00 -1.7888515279e+00 -2.1737059699e+00 -1.1443239447e+00 -5.6348749919e-01  2.4500745449e+00  3.2128014735e+00 -1.7052507971e+00  1.5736220752e+00  3.2185259955e+00 -1.0362208875e+00  5.6059683864e-01  1.2114325391e+00 -1.6798716295e+00 -1.5665071510e+00 -2.4055402364e+00 -2.2308033673e+00 -3.6202273645e+00 -3.5113621324e+00 -1.5754060152e+00 -1.5116264776e+00  1.7408808073e-01 -9.7197850184e-01  1.8689511646e+00  5.2759449408e+00 -1.6711825158e+00 -2.0909630980e+00  1.2367369857e+00 -6.0651384909e-01  2.9799660867e+00  4.5321575227e+00 -2.1509642216e+00  1.3900814896e+00  4.5055171872e+00 -1.2573010459e+00 -1.9214283598e-01  5.2837221167e-02 -1.3571710204e+00 -2.6656108330e-01 -2.5324906128e+00 -2.5039720915e+00 -4.5145974958e+00 -4.9877306611e+00 -2.2133244755e+00 -4.0137437265e+00 -1.4369974644e-01  1.5321433914e+00  2.2127736894e+00  2.7097026257e+00  1.0513316501e+00  7.5163682644e-01  7.4657937916e-01 -2.6119383656e+00 -5.3202039980e+00 -2.2342919334e+00 -2.9309944427e+00  1.1894920244e-01  2.1895294511e+00 -1.8003834811e+00 -1.7575634510e+00 -4.5394247983e+00 -2.1633560608e-01  1.0724171064e+00  5.2805919948e+00 -1.3047208139e+00  2.1667281961e+00  6.2697654468e+00
ENERGY -1.399312695433e+03

JOB 6
COORDS -2.1437007829e+00 -3.5544689452e+00 -1.3648890274e+00  4.6379372596e-01  1.9780093445e+00  2.4644073517e+00  1.0756410884e-01  1.2387890819e+00  1.3244768170e+00 -2.4293323724e+00 -4.0998685722e+00 -2.6106190276e+00 -1.4814199666e+00 -6.0032927953e-02  2.6400280881e+00 -1.9466997978e+00 -1.9465776574e+00 -3.6337557976e+00 -1.7566088891e+00 -2.2106936207e+00 -1.2071428598e+00  1.6614273648e-01  1.4592850367e+00  3.7351062809e+00 -1.0668140684e+00  7.2003092430e-01  3.7080533000e+00 -7.9479632150e-01  1.7765747683e-01  1.4406589585e+00 -1.6670863405e+00 -1.4302380089e+00 -2.3710671131e+00 -2.3271793117e+00 -3.2829892637e+00 -3.7417706759e+00 -1.4772502883e+00 -1.7589564231e+00  1.8645017376e-01 -1.2799532406e+00  2.4882016632e+00  5.0067325022e+00 -1.5570411333e+00 -2.4905944593e+00  1.1516880395e+00  6.1695232493e-02  2.1423540644e+00  4.9790768235e+00 -1.9163310055e+00  1.1832191338e+00  4.6861868994e+00 -1.1246805412e+00 -4.4429232143e-01  2.3840542451e-01 -1.3028649290e+00 -1.3458685719e-01 -2.3235085242e+00 -2.6804511150e+00 -3.9426396037e+00 -5.3210438716e+00 -2.2132603252e+00 -4.1636688959e+00 -4.6972891391e-01  1.1445079743e+00  2.8208297766e+00  2.3589727025e+00  4.9311680235e-01  1.5027110810e+00  3.4600371159e-01 -2.7262791559e+00 -5.1382803984e+00 -2.7100043625e+00 -2.3934161101e+00 -6.4129507794e-01  2.6810872423e+00 -1.8634207970e+00 -1.3045121322e+00 -4.5037359940e+00 -1.5787202676e+00  2.7820542322e+00  6.0125773058e+00 -1.5645294969e+00  3.2114732723e+00  4.2308518856e+00
ENERGY -1.399312909270e+03

JOB 7
COORDS -2.0436899976e+00 -3.5941506209e+00 -1.3506291485e+00  5.7951335265e-01  1.8588998136e+00  2.4908550497e+00  2.3008080309e-01  1.1302231105e+00  1.3384710128e+00 -2.3720285107e+00 -4.1652119094e+00 -2.5742033786e+00 -1.6179137409e+00  6.8817587364e-02  2.5341724643e+00 -2.1260636771e+00 -1.9858718693e+00 -3.6271485620e+00 -1.7500965096e+00 -2.2242126685e+00 -1.2194866045e+00  5.1104918710e-02  1.4531328525e+00  3.7160567101e+00 -1.2114471794e+00  7.9855035457e-01  3.6369300097e+00 -8.1155512222e-01  2.0558671479e-01  1.3935180905e+00 -1.8001741873e+00 -1.4445959818e+00 -2.3860915025e+00 -2.4104893431e+00 -3.3477629501e+00 -3.7088896716e+00 -1.4121395831e+00 -1.7446689464e+00  1.5163856424e-01 -1.3630025336e+00  2.5237811315e+00  4.9897506974e+00 -1.3767687988e+00 -2.4724200976e+00  1.1221770543e+00 -1.2362287458e-02  2.1670049457e+00  4.9338256069e+00 -2.0422292272e+00  1.2694723751e+00  4.6314686477e+00 -1.1496060794e+00 -4.0776896600e-01  1.8423257506e-01 -1.5328400278e+00 -1.2527183667e-01 -2.3616553495e+00 -2.8213629455e+00 -4.0395970921e+00 -5.2603882639e+00 -2.0053989891e+00 -4.2024371235e+00 -4.5293735933e-01  1.3677347634e+00  2.6061529245e+00  2.4443427659e+00  7.3194296439e-01  1.3078797063e+00  3.9355438441e-01 -2.5954360851e+00 -5.2235615470e+00 -2.6538257618e+00 -2.5726542096e+00 -4.4232448851e-01  2.5056271699e+00 -2.1521877728e+00 -1.3432876171e+00 -4.5003522811e+00 -1.6393546273e+00  2.7950660958e+00  6.0081763878e+00 -1.6263089926e+00  3.2895385446e+00  4.2462753604e+00
ENERGY -1.399331823274e+03

JOB 8
COORDS -2.0677017296e+00 -3.5933800414e+00 -1.3542426499e+00  6.0604499340e-01  1.8650083085e+00  2.4360889266e+00  2.4758983963e-01  1.1201593493e+00  1.2963185184e+00 -2.3834682108e+00 -4.1796138775e+00 -2.5739995206e+00 -1.6383818289e+00  1.1736678272e-01  2.4899561104e+00 -2.0981453774e+00 -2.0185324882e+00 -3.6545548774e+00 -1.7613186408e+00 -2.2249096877e+00 -1.2383023030e+00  3.1560881743e-03  1.5403934357e+00  3.6451375813e+00 -1.2304964382e+00  8.5206957723e-01  3.5867854883e+00 -8.2287857781e-01  2.3086660950e-01  1.3516712152e+00 -1.7852584817e+00 -1.4622156865e+00 -2.4167577784e+00 -2.3957997807e+00 -3.3784353830e+00 -3.7207609624e+00 -1.4380676481e+00 -1.7285960460e+00  1.3066803516e-01 -1.3774036268e+00  2.4705469991e+00  5.0699430198e+00 -1.4264072764e+00 -2.4421971810e+00  1.1128011039e+00 -3.2479457382e-03  2.2359434755e+00  4.8615577619e+00 -2.0149873824e+00  1.2246988345e+00  4.6604153539e+00 -1.1597633404e+00 -3.9593396494e-01  1.4715201090e-01 -1.5040826374e+00 -1.4559222399e-01 -2.4074985320e+00 -2.7902536343e+00 -4.0887553275e+00 -5.2682941759e+00 -2.0494620543e+00 -4.1885406192e+00 -4.4719235494e-01  1.4181229636e+00  2.5852528985e+00  2.3914406832e+00  7.7092158631e-01  1.2583196732e+00  3.5626713248e-01 -2.6167926586e+00 -5.2366773723e+00 -2.6414824031e+00 -2.5774899045e+00 -4.2183376770e-01  2.4742864738e+00 -2.1041670015e+00 -1.3887006581e+00 -4.5373681850e+00 -1.5692695801e+00  2.6384311795e+00  6.1290918049e+00 -1.7468817028e+00  3.2850073706e+00  4.4295590551e+00
ENERGY -1.399346523996e+03

JOB 9
COORDS -2.0596812383e+00 -3.5717263163e+00 -1.3080430847e+00  6.4564801444e-01  1.8617379409e+00  2.4573354244e+00  2.7946378970e-01  1.1125600150e+00  1.3218085127e+00 -2.3732993131e+00 -4.1752807709e+00 -2.5199173581e+00 -1.6843120174e+00  2.0747522227e-01  2.4790370399e+00 -2.1042903551e+00 -2.0261464980e+00 -3.6280098336e+00 -1.7626946488e+00 -2.1998364638e+00 -1.2100478224e+00 -5.7457439583e-02  1.6304041988e+00  3.6279349558e+00 -1.2815915597e+00  9.4119564707e-01  3.5777253589e+00 -8.3918924398e-01  2.8472111935e-01  1.3584158756e+00 -1.7932616131e+00 -1.4520282187e+00 -2.3978246183e+00 -2.3929232791e+00 -3.3887245298e+00 -3.6766070556e+00 -1.4404792871e+00 -1.6839904398e+00  1.5205054742e-01 -1.3830780029e+00  2.4549442787e+00  5.1771069149e+00 -1.4199018877e+00 -2.3880599992e+00  1.1411003670e+00 -1.0841325373e-02  2.3105703722e+00  4.8429796039e+00 -2.0230148272e+00  1.2443538851e+00  4.7027222117e+00 -1.1767494311e+00 -3.4867659526e-01  1.5518204896e-01 -1.5203209545e+00 -1.3375698279e-01 -2.4055608434e+00 -2.7851321560e+00 -4.1212399661e+00 -5.2144766145e+00 -2.0357848372e+00 -4.1552246311e+00 -3.9355428834e-01  1.5000546674e+00  2.5311290568e+00  2.4344976250e+00  8.4115029359e-01  1.1971595469e+00  3.9755516012e-01 -2.5994509702e+00 -5.2346823121e+00 -2.5738120905e+00 -2.6205885379e+00 -3.3668116277e-01  2.4584196997e+00 -2.1158406694e+00 -1.4075933626e+00 -4.5187024364e+00 -1.4938303580e+00  2.5196630186e+00  6.2589553352e+00 -1.8195300514e+00  3.3177102204e+00  4.6520279903e+00
ENERGY -1.399357133586e+03

JOB 10
COORDS -2.0664596424e+00 -3.5621018852e+00 -1.2897822007e+00  6.6115575549e-01  1.8706048017e+00  2.4397931234e+00  2.9387936650e-01  1.1104951143e+00  1.3113040065e+00 -2.3716081416e+00 -4.1809386195e+00 -2.4961357508e+00 -1.7163930548e+00  2.7569229013e-01  2.4457106468e+00 -2.0847436528e+00 -2.0476622555e+00 -3.6312396647e+00 -1.7653018894e+00 -2.1901214473e+00 -1.2079373647e+00 -1.1853219828e-01  1.7339196985e+00  3.5731479749e+00 -1.3237361735e+00  1.0219503701e+00  3.5392245814e+00 -8.5452850110e-01  3.2486717083e-01  1.3354515574e+00 -1.7825413951e+00 -1.4584989753e+00 -2.4059469694e+00 -2.3779666144e+00 -3.4097226073e+00 -3.6632747928e+00 -1.4529253762e+00 -1.6562714409e+00  1.4974158807e-01 -1.3777375099e+00  2.4178742095e+00  5.2564413718e+00 -1.4424340022e+00 -2.3457871189e+00  1.1494884464e+00 -2.7187841836e-02  2.3887500503e+00  4.7916742447e+00 -2.0213533277e+00  1.2489159900e+00  4.7091229378e+00 -1.1871659765e+00 -3.2221810262e-01  1.3646769481e-01 -1.5042389457e+00 -1.4160246096e-01 -2.4287827575e+00 -2.7593173187e+00 -4.1618320001e+00 -5.1944792761e+00 -2.0527775441e+00 -4.1331042858e+00 -3.6724113840e-01  1.5462864553e+00  2.4983698020e+00  2.4324399698e+00  8.8540673186e-01  1.1477307242e+00  4.0259782929e-01 -2.6012352942e+00 -5.2401507856e+00 -2.5378479833e+00 -2.6411791602e+00 -2.8775180974e-01  2.4322296225e+00 -2.0860525540e+00 -1.4412336390e+00 -4.5303274794e+00 -1.3903414099e+00  2.3604563722e+00  6.3445844634e+00 -1.8843675705e+00  3.3181670103e+00  4.8780262433e+00
ENERGY -1.399363859833e+03

JOB 11
COORDS -2.0542655693e+00 -3.5184250336e+00 -1.2506767781e+00  6.7544609794e-01  1.8970223069e+00  2.4775232036e+00  3.1556058835e-01  1.1339643916e+00  1.3484533478e+00 -2.3555309341e+00 -4.1493687256e+00 -2.4517456828e+00 -1.7475699550e+00  3.6570911597e-01  2.4384919809e+00 -2.0585283476e+00 -2.0291533760e+00 -3.6076906033e+00 -1.7505907986e+00 -2.1463242665e+00 -1.1817445995e+00 -1.7810609708e-01  1.8498018599e+00  3.5625532157e+00 -1.3696536231e+00  1.1207182618e+00  3.5312824555e+00 -8.6077699487e-01  3.9109334209e-01  1.3470320628e+00 -1.7603871450e+00 -1.4273500563e+00 -2.3874884763e+00 -2.3550965619e+00 -3.3907034571e+00 -3.6270649871e+00 -1.4450244263e+00 -1.5985599606e+00  1.7209567770e-01 -1.3647231592e+00  2.3737127857e+00  5.3722584200e+00 -1.4375850965e+00 -2.2792079093e+00  1.1780855659e+00 -5.7957317663e-02  2.4761697358e+00  4.7886908416e+00 -2.0374240875e+00  1.2786913726e+00  4.7275585848e+00 -1.1817736022e+00 -2.6448710111e-01  1.4842910179e-01 -1.4782896946e+00 -1.1163805793e-01 -2.4232772499e+00 -2.7319342042e+00 -4.1580064578e+00 -5.1519633909e+00 -2.0461287783e+00 -4.0796197165e+00 -3.2206283382e-01  1.5886724195e+00  2.4824467706e+00  2.4977279644e+00  9.4182318611e-01  1.1277385860e+00  4.6253471514e-01 -2.5875429596e+00 -5.2084118769e+00 -2.4831888049e+00 -2.6637003693e+00 -2.1170539836e-01  2.4233401460e+00 -2.0542888952e+00 -1.4322944499e+00 -4.5131411852e+00 -1.2701564511e+00  2.1623492378e+00  6.4381261878e+00 -1.9232271691e+00  3.3021314153e+00  5.1848749099e+00
ENERGY -1.399366923196e+03

JOB 12
COORDS -2.0364542840e+00 -3.4827290154e+00 -1.2161333386e+00  6.8329935173e-01  1.9147866062e+00  2.4964833004e+00  3.2977659436e-01  1.1517320964e+00  1.3650650024e+00 -2.3241383778e+00 -4.1356807436e+00 -2.4087513052e+00 -1.8037987653e+00  5.0018716502e-01  2.3896991657e+00 -2.0334116605e+00 -2.0331678792e+00 -3.5979955151e+00 -1.7428517926e+00 -2.1075742723e+00 -1.1682295546e+00 -2.1721934397e-01  1.9400575471e+00  3.5437068878e+00 -1.4296768974e+00  1.2519706670e+00  3.4862799891e+00 -8.8058378938e-01  4.6834212496e-01  1.3294489571e+00 -1.7487827638e+00 -1.4088272459e+00 -2.3858334694e+00 -2.3200329893e+00 -3.3969398795e+00 -3.5966942622e+00 -1.4497964355e+00 -1.5350427199e+00  1.7827561380e-01 -1.3159461886e+00  2.2995937836e+00  5.4743080388e+00 -1.4450724600e+00 -2.1985396577e+00  1.1956984779e+00 -1.1332993244e-01  2.6039385293e+00  4.7473020272e+00 -2.1380459359e+00  1.4551116339e+00  4.6483418715e+00 -1.1931826651e+00 -2.0017356213e-01  1.3483599166e-01 -1.4760180320e+00 -9.1961486011e-02 -2.4415585939e+00 -2.6795184526e+00 -4.1926999050e+00 -5.1112648180e+00 -2.0313346241e+00 -4.0281738817e+00 -2.7814937401e-01  1.6217635338e+00  2.4571088600e+00  2.5429792504e+00  9.9223362983e-01  1.0948746860e+00  5.0776872727e-01 -2.5483914273e+00 -5.1967488554e+00 -2.4242163153e+00 -2.7413064479e+00 -4.1149635036e-02  2.3522492778e+00 -2.0266156899e+00 -1.4515211986e+00 -4.5132782373e+00 -1.0575868932e+00  1.7634057432e+00  6.3940816600e+00 -1.8546668343e+00  3.2284683224e+00  5.6894593976e+00
ENERGY -1.399367104378e+03

