JOB 0
COORDS -1.0905888185e+00 -6.8728515652e-01 -3.3363321225e-01  4.2939160315e-01 -5.4009138474e-01 -2.6559605785e-01  5.4759057844e-01  7.8259859293e-01  5.3732551989e-01  1.0689650765e+00 -1.7722285678e+00  3.8294721265e-01  9.1607521479e-01 -4.0770799365e-01 -1.7256349253e+00  1.7380159837e+00  1.6714357493e+00  1.9436850299e-01  4.2803258041e-01  5.9459463124e-01  2.0536915407e+00 -1.7521558878e+00 -1.6286790445e+00 -6.9648535439e-01 -1.6880656716e+00  4.9810848438e-01  2.5013410865e-02 -6.2555002020e-01  1.5071317121e+00  5.3530975709e-02  2.1543368969e+00 -1.6422388757e+00  4.5071494274e-01  8.6808392335e-01 -2.6545253218e+00 -2.3009401896e-01  6.8040558819e-01 -1.9680024559e+00  1.3842627781e+00  2.0073456109e+00 -3.3858776228e-01 -1.7582487788e+00  4.9364339745e-01  4.7231489954e-01 -2.2175056564e+00  6.1237333292e-01 -1.2929170200e+00 -2.2906354633e+00  1.7027049470e+00  2.5907936622e+00  7.8549715427e-01  1.7533743255e+00  1.9418943975e+00 -8.6205757382e-01  2.6676853343e+00  1.1478759535e+00  4.3762933457e-01  3.1312722064e-01  1.5735668246e+00  2.5262225349e+00  1.3237593268e+00  1.1716356061e-01  2.4603881580e+00 -4.3956391793e-01 -1.3679101286e-02  2.3222257910e+00
ENERGY -4.996794257165e+02

JOB 1
COORDS -1.1130163082e+00 -6.7305653309e-01 -3.6900042279e-01  4.1036259242e-01 -5.4870528786e-01 -2.5834430251e-01  5.3855918782e-01  7.7855164750e-01  5.4420507462e-01  1.0067500278e+00 -1.7930843930e+00  4.1419249623e-01  9.4250725138e-01 -4.4270204898e-01 -1.7030866512e+00  1.6968180843e+00  1.6896027564e+00  1.5245163919e-01  4.8662025959e-01  5.9494906656e-01  2.0643861619e+00 -1.7627659027e+00 -1.5064750080e+00 -9.4878517354e-01 -1.7056814547e+00  4.4786526953e-01  1.7686734669e-01 -6.6907648262e-01  1.4814638449e+00  1.0791861764e-01  2.0925279377e+00 -1.6858384276e+00  5.1013979635e-01  8.0490499330e-01 -2.6734527210e+00 -2.0157561840e-01  5.9013833960e-01 -1.9759413426e+00  1.4068075053e+00  2.0346799112e+00 -3.8095933861e-01 -1.7052808205e+00  5.3999379556e-01  4.3065516793e-01 -2.2227450545e+00  6.4616998079e-01 -1.3336454057e+00 -2.2622919743e+00  1.6700479339e+00  2.6059973898e+00  7.4856374821e-01  1.6621485645e+00  1.9640155176e+00 -9.0246844230e-01  2.6460138184e+00  1.1831546293e+00  3.5248911375e-01  3.9703014464e-01  1.5752729140e+00  2.5397126163e+00  1.3985326291e+00  1.1532652552e-01  2.4308861232e+00 -3.7018667504e-01 -8.9827917666e-03  2.3722217803e+00
ENERGY -4.996749314397e+02

JOB 2
COORDS -1.2060234390e+00 -6.9177814323e-01 -4.1346366066e-01  3.2357436965e-01 -6.1564320040e-01 -2.9036592915e-01  4.7798325196e-01  7.1178548158e-01  5.2638775366e-01  8.7152758749e-01 -1.8779713983e+00  3.9513509121e-01  8.8508513854e-01 -5.3207146559e-01 -1.7223359736e+00  1.5846771893e+00  1.6542655007e+00  6.6603936025e-02  5.3743047410e-01  5.1507932688e-01  2.0441317780e+00 -1.8530466703e+00 -1.3489412367e+00 -1.1874108987e+00 -1.7658196709e+00  3.3335086642e-01  3.3798709940e-01 -7.7505826240e-01  1.3996712538e+00  1.9005992578e-01  1.9573610005e+00 -1.8009786971e+00  5.1560694664e-01  6.6208585191e-01 -2.7524181915e+00 -2.2705268559e-01  4.2972716036e-01 -2.0510912032e+00  1.3785939664e+00  1.9777787481e+00 -4.8292209121e-01 -1.7051677334e+00  5.0205832002e-01  3.3808251299e-01 -2.2611633153e+00  5.8696249138e-01 -1.4239868877e+00 -2.2784464381e+00  1.5677836930e+00  2.5683618932e+00  6.6677980359e-01  1.4785392002e+00  1.9302400304e+00 -9.8306740899e-01  2.5590592969e+00  1.1762960855e+00  2.0623552230e-01  4.9480343277e-01  1.4918265572e+00  2.5332887342e+00  1.4687841714e+00  2.2921414175e-02  2.3384038561e+00 -3.0128443954e-01 -8.1930715829e-02  2.4080361737e+00
ENERGY -4.996675797893e+02

JOB 3
COORDS -1.1694322428e+00 -6.2265888769e-01 -4.9616804963e-01  3.5213551175e-01 -5.9999798639e-01 -2.8413611628e-01  4.8917405907e-01  7.2715222153e-01  5.5410107688e-01  7.9267700887e-01 -1.8807008800e+00  4.5014331547e-01  1.0293138468e+00 -5.5634423272e-01 -1.6637063681e+00  1.4878922103e+00  1.7503020536e+00  2.5167435436e-02  6.7960884318e-01  5.2001117213e-01  2.0583751344e+00 -1.7858179860e+00 -1.0152700894e+00 -1.4492464410e+00 -1.7373978078e+00  2.0572052626e-01  4.8446619222e-01 -8.3171887323e-01  1.3487455487e+00  3.3733036574e-01  1.8673178120e+00 -1.8493855274e+00  6.5696282340e-01  5.9975034595e-01 -2.7515233076e+00 -1.8297511820e-01  2.6704584403e-01 -2.0278564962e+00  1.3957523406e+00  2.1170821100e+00 -5.0329859895e-01 -1.5596041513e+00  6.9118238279e-01  2.9279824143e-01 -2.2613399302e+00  7.8057323374e-01 -1.4638720314e+00 -2.2189079497e+00  1.4258868582e+00  2.6649255541e+00  6.2181494769e-01  1.2998178525e+00  2.0087761532e+00 -1.0173443313e+00  2.5058856214e+00  1.3592250643e+00  1.1245099816e-01  6.8458733501e-01  1.4929347777e+00  2.5570156929e+00  1.6292848187e+00  2.0783952374e-02  2.2715719866e+00 -1.3076694871e-01 -7.4278927372e-02  2.4842793176e+00
ENERGY -4.996585248179e+02

JOB 4
COORDS -1.1706128319e+00 -5.5479065964e-01 -6.1205767511e-01  3.2970586128e-01 -6.3612857269e-01 -3.1174509529e-01  4.5462664333e-01  6.8808105014e-01  5.5324591472e-01  6.2116382212e-01 -1.9365218080e+00  4.6338889244e-01  1.1335812299e+00 -6.3888102196e-01 -1.6179989437e+00  1.2955429940e+00  1.7988957535e+00 -6.5369873663e-02  8.3289654510e-01  4.7178129671e-01  2.0173501584e+00 -1.7302664791e+00 -5.9238722766e-01 -1.6715019754e+00 -1.7483006576e+00  1.2879890070e-02  5.5406650947e-01 -9.3195986649e-01  1.2281760648e+00  5.1034060563e-01  1.6700442249e+00 -1.9740058922e+00  7.7238200826e-01  4.3693677587e-01 -2.7984780195e+00 -1.8514242788e-01 -3.2683540766e-03 -2.0433823481e+00  1.3521620926e+00  2.2079996113e+00 -6.1937087365e-01 -1.4106365757e+00  8.8508436598e-01  2.0549876235e-01 -2.2623311432e+00  9.1410854072e-01 -1.5499445518e+00 -2.1808174325e+00  1.2044692768e+00  2.7031758722e+00  5.4373033431e-01  9.7250150928e-01  2.0396923672e+00 -1.0789690979e+00  2.3506596274e+00  1.5118794378e+00 -8.7275469601e-02  8.5141618606e-01  1.4364468767e+00  2.5316855771e+00  1.8249347451e+00  1.8255424387e-02  2.1068805212e+00  1.0904668438e-01 -1.6827009428e-01  2.5241028430e+00
ENERGY -4.996488821605e+02

JOB 5
COORDS -1.1688213496e+00 -4.6893994271e-01 -6.7187425538e-01  3.0733392817e-01 -6.5831986336e-01 -3.1424687855e-01  4.2111141697e-01  6.7091166647e-01  5.6328877475e-01  5.0249477813e-01 -1.9624440067e+00  4.8106120941e-01  1.1969742305e+00 -6.8376735740e-01 -1.5606567104e+00  1.1378785061e+00  1.8295076609e+00 -1.1909563012e-01  9.3751046174e-01  4.5831478770e-01  1.9818599855e+00 -1.6396675774e+00 -1.6562192680e-01 -1.7310461955e+00 -1.7564272247e+00 -1.0182783765e-01  5.8553570391e-01 -1.0013514597e+00  1.1478708165e+00  6.4851061364e-01  1.5279980591e+00 -2.0403982012e+00  8.5333725820e-01  3.2617535034e-01 -2.8201477974e+00 -1.7597386607e-01 -1.8022964540e-01 -2.0392262137e+00  1.3284338514e+00  2.2545817892e+00 -6.8729844359e-01 -1.2778546566e+00  1.0145522600e+00  1.6166960996e-01 -2.2241873412e+00  1.0019538746e+00 -1.5950964649e+00 -2.1331914270e+00  1.0242484540e+00  2.7303648886e+00  4.9185544878e-01  7.2027585479e-01  2.0377516908e+00 -1.1055438137e+00  2.2066980621e+00  1.6205272447e+00 -2.1795085609e-01  9.4950459603e-01  1.4155363405e+00  2.5105603407e+00  1.9579989803e+00  6.1419969396e-02  1.9722113228e+00  3.0027588848e-01 -2.2957784523e-01  2.5393163983e+00
ENERGY -4.996379754030e+02

JOB 6
COORDS -1.1314509179e+00 -3.7467061810e-01 -6.9535550694e-01  3.2311618646e-01 -6.6345418418e-01 -3.0527497921e-01  4.3755285813e-01  6.7190098434e-01  5.9269680663e-01  4.6026270268e-01 -1.9721236176e+00  4.8850467924e-01  1.2656562552e+00 -6.9116456010e-01 -1.5106703409e+00  1.1174445881e+00  1.8422988020e+00 -1.0370331361e-01  1.0030396024e+00  4.3940075743e-01  1.9871090674e+00 -1.4714929644e+00  1.9971069347e-01 -1.6915244541e+00 -1.7173025232e+00 -1.1681143098e-01  6.0687754577e-01 -9.9438529368e-01  1.1405390559e+00  7.3691889607e-01  1.4745723089e+00 -2.0841708741e+00  8.8220430139e-01  2.7333159846e-01 -2.8219572481e+00 -1.7621718797e-01 -2.4307436096e-01 -2.0311268925e+00  1.3196531836e+00  2.3095712950e+00 -6.8722386847e-01 -1.1806670684e+00  1.1083139017e+00  1.4919091099e-01 -2.1863311577e+00  1.1043489052e+00 -1.6093135652e+00 -2.0836237360e+00  9.8254754544e-01  2.7428318216e+00  5.0398470833e-01  6.8074394797e-01  2.0338430232e+00 -1.0855228429e+00  2.1909633978e+00  1.6647722845e+00 -2.1235380313e-01  1.0274093947e+00  1.3883423166e+00  2.5306291639e+00  2.0253183944e+00  5.0106202585e-02  1.9348205343e+00  3.8933500627e-01 -2.6155068940e-01  2.5544968217e+00
ENERGY -4.996240474245e+02

JOB 7
COORDS -8.4552179750e-01 -9.2943596528e-01 -4.8378719095e-01  6.8184155126e-01 -8.4552312631e-01 -3.7676468824e-01  6.2944254322e-01  4.5497455726e-01  5.7643362037e-01  1.2985787916e+00 -2.0814677344e+00  2.8217527666e-01  1.3448653720e+00 -6.0207786802e-01 -1.7415525445e+00  1.5368542791e+00  1.5929764420e+00  1.2947191350e-01  7.9033715884e-01  1.5479779811e-01  2.0600325063e+00 -1.5447882510e+00 -1.6020608314e+00  2.2083900344e-01 -1.1691508286e+00  4.3723138027e-01 -8.4848680573e-01 -8.0475890946e-01  9.2750986130e-01  4.7336682627e-01  2.3487279630e+00 -1.8984557019e+00  5.3191551250e-01  1.2673454700e+00 -2.9247700800e+00 -4.1435857673e-01  7.7050476044e-01 -2.3830034274e+00  1.1864352770e+00  2.4132025916e+00 -3.9870426912e-01 -1.6246192932e+00  8.9083050512e-01  2.2815861545e-01 -2.2833390383e+00  1.2503756137e+00 -1.5024302411e+00 -2.3575503783e+00  1.4249702726e+00  2.4364150111e+00  8.1692484909e-01  1.2812650588e+00  1.9361624453e+00 -8.7391912855e-01  2.5870641077e+00  1.2826336259e+00  1.3868131319e-01  5.5709433689e-01  1.0588698013e+00  2.6316034844e+00  1.8182566118e+00 -1.3698044523e-01  2.2924340043e+00  1.0780918341e-01 -6.3183158216e-01  2.3867381076e+00
ENERGY -4.996240474965e+02

JOB 8
COORDS -8.4956350609e-01 -9.3755772725e-01 -5.8722967073e-01  6.6371771028e-01 -8.5012776626e-01 -3.7464692861e-01  6.0772327151e-01  4.2943140244e-01  5.7905531724e-01  1.2212558207e+00 -2.1168357487e+00  2.8124826096e-01  1.3799366239e+00 -6.1036711272e-01 -1.7166059227e+00  1.4694984527e+00  1.6026467732e+00  1.2616666024e-01  8.0926568830e-01  1.3355844848e-01  2.0601473264e+00 -1.6117931961e+00 -1.7510670096e+00 -1.4818984204e-01 -1.2146866380e+00  4.2739048664e-01 -8.4158634473e-01 -8.3310193320e-01  8.4949914743e-01  5.0454085468e-01  2.2757313519e+00 -1.9818666835e+00  5.4276733215e-01  1.1562355052e+00 -2.9534141481e+00 -4.2036281300e-01  6.7154584194e-01 -2.4021101692e+00  1.1783232718e+00  2.4445404262e+00 -4.1511631052e-01 -1.5590732358e+00  9.5316916310e-01  2.2562876610e-01 -2.2725124699e+00  1.2997625494e+00 -1.5078910697e+00 -2.3382716353e+00  1.3402638850e+00  2.4369517023e+00  8.2127547055e-01  1.1864423170e+00  1.9440461229e+00 -8.7050272031e-01  2.5297272248e+00  1.3291295151e+00  1.1529993397e-01  5.9655479353e-01  1.0382645750e+00  2.6380568587e+00  1.8434789879e+00 -1.6011189519e-01  2.2601079427e+00  1.3887907299e-01 -6.5348508061e-01  2.4094082460e+00
ENERGY -4.996379752151e+02

JOB 9
COORDS -8.5644497784e-01 -9.0736512724e-01 -7.2419268383e-01  6.3888299733e-01 -8.6420228667e-01 -3.9255936663e-01  6.1653650365e-01  3.9845155338e-01  5.6790418914e-01  1.0743944527e+00 -2.1777471507e+00  2.6884116320e-01  1.4406635264e+00 -6.6394803567e-01 -1.6940426506e+00  1.3805424603e+00  1.6170284614e+00  5.3251754840e-02  9.6061731959e-01  1.1935520106e-01  2.0264812883e+00 -1.6253438224e+00 -1.8211287635e+00 -6.1981485379e-01 -1.2634557519e+00  4.5227144723e-01 -7.6307434610e-01 -8.3094951695e-01  7.4400044473e-01  6.0552829879e-01  2.1229082961e+00 -2.1256509751e+00  5.7813151482e-01  9.7285147297e-01 -2.9985963377e+00 -4.4590631991e-01  4.6435288454e-01 -2.4295836189e+00  1.1373607850e+00  2.5048892117e+00 -5.3551416002e-01 -1.4750425273e+00  1.1005726406e+00  2.0066215847e-01 -2.2667930302e+00  1.3384469169e+00 -1.5506294482e+00 -2.3271687712e+00  1.2685909123e+00  2.4400139845e+00  7.6432659207e-01  9.9508359287e-01  1.9488019573e+00 -9.1203095653e-01  2.4480282241e+00  1.3995003804e+00 -5.1589277649e-02  7.8508009708e-01  1.0224987279e+00  2.6185449734e+00  2.0163388179e+00 -1.4868797932e-01  2.1251495761e+00  3.5065649570e-01 -6.8277916095e-01  2.4439188297e+00
ENERGY -4.996488826440e+02

JOB 10
COORDS -8.0956330618e-01 -8.2521801700e-01 -8.2003058502e-01  6.5692927708e-01 -8.2846616852e-01 -3.6117625648e-01  6.3890481519e-01  4.0868395178e-01  6.1398856528e-01  9.4394685869e-01 -2.1754650332e+00  3.2217269650e-01  1.5830819090e+00 -6.7914954833e-01 -1.5832601169e+00  1.2345398266e+00  1.6931783446e+00  3.3190661118e-02  1.1750281165e+00  1.5894388113e-01  2.0190870557e+00 -1.5112885260e+00 -1.7635349977e+00 -1.0839325680e+00 -1.3213365972e+00  4.5670637588e-01 -5.6562277874e-01 -8.1070360126e-01  6.1467766521e-01  7.9932247483e-01  1.9711832139e+00 -2.2081993397e+00  6.9715536026e-01  8.1568981857e-01 -2.9840058571e+00 -4.0136510766e-01  2.6032402821e-01 -2.3701697378e+00  1.1512087095e+00  2.6285614975e+00 -6.2373870419e-01 -1.2630739478e+00  1.3600581978e+00  2.0988533197e-01 -2.1765687262e+00  1.4784432034e+00 -1.5535458306e+00 -2.2319995288e+00  1.1041312796e+00  2.5065240938e+00  7.5200706473e-01  7.3645743917e-01  1.9788834277e+00 -8.9502853992e-01  2.3043029568e+00  1.5786950434e+00 -1.6447194935e-01  1.0200504221e+00  1.0502123331e+00  2.6338904706e+00  2.2499844897e+00 -4.0488632486e-02  1.9793862111e+00  6.8013651634e-01 -6.8221160512e-01  2.5054412886e+00
ENERGY -4.996585261525e+02

JOB 11
COORDS -8.0532305489e-01 -7.6955499634e-01 -9.1861010056e-01  6.3307625793e-01 -8.3614368445e-01 -3.8264428699e-01  6.2568308016e-01  3.7923940356e-01  6.0510711931e-01  7.8922444728e-01 -2.2010795265e+00  3.1405824041e-01  1.6426680918e+00 -7.3938581892e-01 -1.5380692588e+00  1.0997092099e+00  1.6976436173e+00 -1.3671874688e-02  1.3004797994e+00  1.4911390736e-01  1.9527513699e+00 -1.4238680257e+00 -1.6343101207e+00 -1.4835030662e+00 -1.4162371184e+00  3.7227583966e-01 -4.1666917707e-01 -8.0686643879e-01  4.9023786349e-01  9.0821251296e-01  1.8010577499e+00 -2.3158272926e+00  7.1370562542e-01  6.1074561313e-01 -2.9980707351e+00 -4.1161177061e-01  7.2397742221e-02 -2.3280756434e+00  1.1290703218e+00  2.6657075798e+00 -7.4786673705e-01 -1.1471796240e+00  1.5134312175e+00  1.6347244454e-01 -2.1384824048e+00  1.5265540634e+00 -1.6029231676e+00 -2.1987206500e+00  9.2112414273e-01  2.5101866807e+00  6.9555778991e-01  5.6134824896e-01  1.9289685365e+00 -9.3505542135e-01  2.1702032069e+00  1.6629511014e+00 -2.3520228041e-01  1.1893099428e+00  1.0375547052e+00  2.5807506732e+00  2.3700432749e+00 -2.8661487799e-02  1.8050974835e+00  8.7517066931e-01 -7.0289407302e-01  2.4841930857e+00
ENERGY -4.996675795949e+02

JOB 12
COORDS -7.7568656604e-01 -7.1365158157e-01 -9.1818002875e-01  6.4808676811e-01 -8.0679369478e-01 -3.5924972052e-01  6.4602941068e-01  3.8069344452e-01  6.4697500969e-01  7.5598215496e-01 -2.1863043945e+00  3.2393736642e-01  1.6804615644e+00 -7.1700614691e-01 -1.4917391538e+00  1.0256687642e+00  1.7272983861e+00  2.2455469982e-02  1.4094801937e+00  1.5789304140e-01  1.9480706644e+00 -1.3266984417e+00 -1.4399748988e+00 -1.7066260991e+00 -1.4670571302e+00  2.7713336282e-01 -2.4982967005e-01 -7.6600199544e-01  4.1456084154e-01  1.0298403475e+00  1.7632144321e+00 -2.3383097592e+00  7.2269781674e-01  5.5421516794e-01 -2.9691591839e+00 -4.1141859420e-01  3.5268942896e-02 -2.2953913074e+00  1.1384783560e+00  2.6949247180e+00 -7.6156749033e-01 -1.0812449050e+00  1.5858920034e+00  2.0038513431e-01 -2.0762787327e+00  1.5513410467e+00 -1.5629127103e+00 -2.1720102950e+00  8.2001978709e-01  2.5247229325e+00  7.4137328040e-01  4.4988973875e-01  1.9325765507e+00 -8.8306442878e-01  2.0895356085e+00  1.7549185555e+00 -2.2924113327e-01  1.3112336348e+00  1.0345834320e+00  2.5943090883e+00  2.4723481879e+00  1.5266633014e-02  1.7302438484e+00  1.0437978045e+00 -7.1357780157e-01  2.4922493592e+00
ENERGY -4.996749315145e+02

JOB 13
COORDS -7.4337153540e-01 -6.8759484624e-01 -9.3466043549e-01  6.6086844968e-01 -8.1353594019e-01 -3.4460320328e-01  6.5082458592e-01  3.7369166772e-01  6.5528047690e-01  7.1354611874e-01 -2.1912416256e+00  3.5238342082e-01  1.7254606817e+00 -7.4929891511e-01 -1.4444778335e+00  9.6582957308e-01  1.7261449115e+00  6.5728131887e-03  1.4632611810e+00  1.8294358902e-01  1.9312130961e+00 -1.2218722984e+00 -1.2505009042e+00 -1.8884331193e+00 -1.5020176635e+00  1.5076673397e-01 -1.5241764259e-01 -7.4641879084e-01  3.6573072594e-01  1.0840150298e+00  1.7095528058e+00 -2.3691566670e+00  7.6835038134e-01  5.0317033493e-01 -2.9755891733e+00 -3.7941161296e-01 -2.2121877326e-02 -2.2688406136e+00  1.1571106652e+00  2.7265693375e+00 -8.1277254464e-01 -1.0047956474e+00  1.6639446225e+00  1.6726672760e-01 -2.0344959519e+00  1.5980399433e+00 -1.5933199633e+00 -2.1271202664e+00  7.4214025130e-01  2.5242606163e+00  7.1920995278e-01  3.6638634488e-01  1.8973589798e+00 -8.9129640538e-01  2.0226865882e+00  1.7923481508e+00 -2.6601257301e-01  1.3520570419e+00  1.0553760414e+00  2.5811451739e+00  2.5232558105e+00  8.1803753777e-02  1.6785934095e+00  1.1486811364e+00 -7.0186019350e-01  2.4858838125e+00
ENERGY -4.996794255643e+02

JOB 14
COORDS -1.0820296249e+00 -6.8856372826e-01 -2.8915781863e-01  4.3699760570e-01 -5.4330798848e-01 -2.6396326273e-01  5.5880674628e-01  7.7633336173e-01  5.3918477254e-01  1.0956494478e+00 -1.7699633504e+00  3.7076664750e-01  8.9202485280e-01 -3.9817921772e-01 -1.7333947076e+00  1.7732209644e+00  1.6430671872e+00  2.2587074923e-01  3.9686471530e-01  5.8629123844e-01  2.0516979127e+00 -1.7605747944e+00 -1.6773059012e+00 -4.2736202561e-01 -1.6653515253e+00  5.3924296991e-01 -1.0146968357e-01 -5.8905742031e-01  1.5258134413e+00  3.1932153776e-02  2.1809237365e+00 -1.6323564392e+00  4.2218312286e-01  8.9114472816e-01 -2.6534025204e+00 -2.3923958548e-01  7.2171325308e-01 -1.9705518094e+00  1.3764575091e+00  1.9820035364e+00 -3.2273753962e-01 -1.7874957926e+00  4.5556129068e-01  4.8359432262e-01 -2.2093387979e+00  5.8524386591e-01 -1.2817456289e+00 -2.2999536606e+00  1.7378652065e+00  2.5656810945e+00  8.1199754074e-01  1.8209947853e+00  1.9086452392e+00 -8.3083110349e-01  2.6865606590e+00  1.1046326235e+00  4.9712296183e-01  2.8526705294e-01  1.5657212269e+00  2.5239234461e+00  1.2732576076e+00  9.3159340312e-02  2.4809626939e+00 -4.8744256487e-01 -8.8942320722e-03  2.2956870659e+00
ENERGY -4.996804893288e+02

