JOB 0
COORDS  6.5817290674e-01  1.2773276498e+00 -1.7581569868e+00 -1.1535636209e-01  2.2943396859e+00 -2.3835687884e+00  1.3609597080e-01  2.3714272008e-02 -1.6127908173e+00 -1.3533839803e+00  1.9689306097e+00 -2.8642409055e+00 -1.2056229526e+00 -3.1440240327e-01 -2.0467562044e+00 -3.0368579367e+00 -9.3463225636e-01 -4.2563460455e+00 -3.6225968407e+00  1.4564394453e+00 -4.4309088669e+00 -3.1832411368e+00  3.6793446229e-01 -3.4439562288e+00 -1.9037568709e+00  7.1887845329e-01 -2.7386639576e+00 -1.7486261209e+00 -1.3989181621e+00 -1.8052209739e+00  1.6589544735e+00  1.5000212130e+00 -1.3950187981e+00  2.5490678247e-01  3.3060380391e+00 -2.5032762650e+00  6.8228571483e-01 -7.8142564732e-01 -1.1328104337e+00 -1.9530879892e+00  2.7118292724e+00 -3.3686226301e+00 -2.2287379856e+00 -8.2932411659e-01 -4.9891951610e+00 -2.8329780392e+00 -1.7963215433e+00 -3.6278364233e+00 -3.9680616268e+00 -1.1072642702e+00 -4.8047787558e+00 -2.8598249509e+00  1.6302749686e+00 -5.1960884685e+00 -3.8739800101e+00  2.4098339420e+00 -3.9557962564e+00 -4.5279069476e+00  1.1090951776e+00 -4.9348562321e+00 -3.9449572274e+00  2.2503971517e-01 -2.6710889945e+00
ENERGY -4.415352709249e+02

JOB 1
COORDS  6.8473870748e-01  1.3386329427e+00 -1.7615252092e+00 -2.0461830077e-01  2.3597321139e+00 -2.2004377189e+00  2.7885643389e-01  3.6535537943e-02 -1.7934521755e+00 -1.4198083748e+00  1.9900065349e+00 -2.7021608784e+00 -1.0524599049e+00 -3.5990115684e-01 -2.2213837922e+00 -3.2138051239e+00 -9.9735171456e-01 -4.1186680414e+00 -3.4439931177e+00  1.4256589554e+00 -4.5747309390e+00 -3.1577449032e+00  3.9590427852e-01 -3.4665335753e+00 -1.8447043176e+00  6.8530958915e-01 -2.7844938263e+00 -1.4829964896e+00 -1.5085303371e+00 -2.0807202046e+00  1.6755465083e+00  1.5970321319e+00 -1.3947605986e+00  6.0514470600e-02  3.4100803102e+00 -2.1620607303e+00  9.0770240363e-01 -7.7720430469e-01 -1.4478999437e+00 -2.1084941928e+00  2.7404419645e+00 -3.0610646634e+00 -2.3673708359e+00 -1.1393217014e+00 -4.7987386227e+00 -3.2046161677e+00 -1.8043456260e+00 -3.3936394470e+00 -4.1333687787e+00 -1.0516995565e+00 -4.7096638661e+00 -2.6080352645e+00  1.4771174275e+00 -5.2795398064e+00 -3.6556154888e+00  2.4333729685e+00 -4.2087791635e+00 -4.3316597563e+00  1.1036924091e+00 -5.1242550049e+00 -3.9374029481e+00  4.5594139547e-01 -2.6981066808e+00
ENERGY -4.415308572206e+02

JOB 2
COORDS  6.7041007184e-01  1.3857909813e+00 -1.6307831487e+00 -3.0139210585e-01  2.3732038418e+00 -1.9649470032e+00  4.1752852603e-01  7.5965049064e-02 -1.9106079297e+00 -1.4420653891e+00  1.9673085491e+00 -2.5922374932e+00 -8.1672308759e-01 -3.7958118766e-01 -2.5361690602e+00 -3.4122955031e+00 -1.0269415171e+00 -3.9009814455e+00 -3.2827007740e+00  1.3212771885e+00 -4.7610414250e+00 -3.0700656556e+00  4.1932792844e-01 -3.5323373607e+00 -1.7016864710e+00  6.6205102762e-01 -2.9448366568e+00 -1.0602010513e+00 -1.5749349610e+00 -2.7199952695e+00  1.5989537276e+00  1.6751792432e+00 -1.1438923033e+00 -1.6418251917e-01  3.4213825033e+00 -1.7250906015e+00  1.1132298179e+00 -7.1640801571e-01 -1.6553703759e+00 -2.2171465672e+00  2.6829961787e+00 -2.8339506001e+00 -2.7368616516e+00 -1.4252908607e+00 -4.6600356058e+00 -3.3856765181e+00 -1.6967506377e+00 -3.0448739115e+00 -4.4289489849e+00 -1.0141018521e+00 -4.3107668935e+00 -2.5705106639e+00  1.0584629387e+00 -5.5503251147e+00 -3.1791006848e+00  2.3877895463e+00 -4.5526583935e+00 -4.2932289869e+00  1.1626066896e+00 -5.1483243342e+00 -3.7745466237e+00  7.3281585452e-01 -2.7510865570e+00
ENERGY -4.415307499048e+02

JOB 3
COORDS  6.1279865691e-01  1.3833582781e+00 -1.5519723913e+00 -3.8244972568e-01  2.3688264219e+00 -1.8187155331e+00  4.3011233862e-01  1.0350527524e-01 -1.9864756558e+00 -1.4965752823e+00  1.9850655678e+00 -2.5054029717e+00 -7.4210366303e-01 -3.1671439780e-01 -2.7410926287e+00 -3.4899927142e+00 -9.8855309519e-01 -3.7417219280e+00 -3.2016901168e+00  1.2553569700e+00 -4.8826997769e+00 -3.0576416804e+00  4.6790772899e-01 -3.5723676089e+00 -1.6953859401e+00  7.1135896486e-01 -2.9828260614e+00 -8.8529462314e-01 -1.4647585720e+00 -3.1719004582e+00  1.5091175292e+00  1.6515469237e+00 -9.9727492672e-01 -2.8540569041e-01  3.3928229751e+00 -1.4767482917e+00  1.1560957283e+00 -6.8084510212e-01 -1.7999194310e+00 -2.3005646853e+00  2.6864418550e+00 -2.7001233762e+00 -2.9314783548e+00 -1.5005436787e+00 -4.5241200607e+00 -3.3781871811e+00 -1.5606057915e+00 -2.8202892825e+00 -4.5523559259e+00 -9.7033925442e-01 -4.0128489227e+00 -2.5256436507e+00  8.5328388136e-01 -5.6444004786e+00 -2.9791112019e+00  2.3184813113e+00 -4.7588219953e+00 -4.2273498695e+00  1.1666958613e+00 -5.2542823401e+00 -3.7447811432e+00  9.1072295920e-01 -2.8409793394e+00
ENERGY -4.415338607282e+02

JOB 4
COORDS  5.9814331181e-01  1.3425934453e+00 -1.5687327920e+00 -4.2861956416e-01  2.3197073246e+00 -1.7220479035e+00  4.5593780243e-01  1.0943886544e-01 -2.1369864143e+00 -1.5463517140e+00  1.9698091192e+00 -2.4230679235e+00 -7.0390115816e-01 -2.5665392776e-01 -2.9346105897e+00 -3.5204125322e+00 -9.6485759526e-01 -3.6609231838e+00 -3.1140409278e+00  1.1668725183e+00 -5.0077400240e+00 -3.0505205133e+00  4.9018483580e-01 -3.6332345451e+00 -1.7116702988e+00  7.4041891758e-01 -3.0095631103e+00 -8.0745005455e-01 -1.3315799487e+00 -3.5346741325e+00  1.4919510493e+00  1.5810656164e+00 -9.9667551944e-01 -3.5183336638e-01  3.3086665692e+00 -1.2851645082e+00  1.2143274282e+00 -6.6116826113e-01 -2.0466139301e+00 -2.3761003257e+00  2.6588909000e+00 -2.5450840132e+00 -3.0093861089e+00 -1.5536936278e+00 -4.4199775528e+00 -3.3692838460e+00 -1.4537761585e+00 -2.6957723983e+00 -4.5957338402e+00 -9.5206244765e-01 -3.8736169753e+00 -2.4126483283e+00  6.9079193163e-01 -5.7001940947e+00 -2.8643102164e+00  2.2302901897e+00 -4.9429354473e+00 -4.1227863011e+00  1.0759135254e+00 -5.4234308373e+00 -3.7456046908e+00  1.0209455080e+00 -2.9728679840e+00
ENERGY -4.415371890536e+02

JOB 5
COORDS  5.4984090353e-01  1.3109895748e+00 -1.5837380421e+00 -5.0872470113e-01  2.2647615218e+00 -1.6023554747e+00  4.3347222547e-01  1.4390720107e-01 -2.2848302821e+00 -1.6353329213e+00  1.9591837544e+00 -2.3123238517e+00 -7.3514524276e-01 -1.6754277620e-01 -3.0891087748e+00 -3.6111247055e+00 -8.8767228450e-01 -3.5587707535e+00 -3.0612666341e+00  1.0730991800e+00 -5.1196418080e+00 -3.0908253479e+00  5.4660579387e-01 -3.6809561024e+00 -1.7748317618e+00  7.9531229285e-01 -3.0214937330e+00 -8.3408260986e-01 -1.1672828276e+00 -3.8099682938e+00  1.4509546596e+00  1.5148563723e+00 -1.0097380287e+00 -4.4804453499e-01  3.2019172477e+00 -1.0612922372e+00  1.2200518691e+00 -6.0321480218e-01 -2.3000201738e+00 -2.4871471228e+00  2.6312714520e+00 -2.3449061107e+00 -3.0937583471e+00 -1.5724012623e+00 -4.2272982821e+00 -3.5005918095e+00 -1.2581224802e+00 -2.5352646644e+00 -4.6794960530e+00 -8.7721023066e-01 -3.8018976292e+00 -2.3479042076e+00  5.0133483799e-01 -5.7201457919e+00 -2.7710268079e+00  2.1281997734e+00 -5.1440747053e+00 -4.0523120866e+00  9.7659812003e-01 -5.5751416404e+00 -3.7870277231e+00  1.1745297308e+00 -3.1151309658e+00
ENERGY -4.415404849372e+02

JOB 6
COORDS  5.5179340873e-01  1.3047504361e+00 -1.5998521185e+00 -5.5950348352e-01  2.1869122764e+00 -1.4762581638e+00  4.7949119221e-01  2.1859502440e-01 -2.4271160840e+00 -1.6885262981e+00  1.9018470348e+00 -2.1926646029e+00 -7.0159511796e-01 -7.8621255098e-02 -3.2155680167e+00 -3.6381967712e+00 -8.2948249606e-01 -3.4654404922e+00 -2.9620897345e+00  9.2876565021e-01 -5.2100665284e+00 -3.0756450187e+00  5.7138867307e-01 -3.7243903145e+00 -1.7830672478e+00  8.2051196263e-01 -3.0263598394e+00 -7.8974594171e-01 -1.0196111602e+00 -4.0142719904e+00  1.4600299341e+00  1.4982181859e+00 -1.0335275043e+00 -5.3370459691e-01  3.0575526190e+00 -8.3130817538e-01  1.3071632947e+00 -4.7224985568e-01 -2.5487777839e+00 -2.5744917554e+00  2.5257810387e+00 -2.1316223398e+00 -3.0582623410e+00 -1.5961563856e+00 -3.9767604686e+00 -3.6447351400e+00 -1.0507079315e+00 -2.3931868214e+00 -4.6726721092e+00 -8.6002243141e-01 -3.8240109098e+00 -2.2600002088e+00  2.6019956961e-01 -5.7127274696e+00 -2.6190209336e+00  1.9608239292e+00 -5.3344535194e+00 -3.9420274620e+00  8.3163216318e-01 -5.6889481750e+00 -3.7688142623e+00  1.2832137442e+00 -3.2651011796e+00
ENERGY -4.415432012106e+02

JOB 7
COORDS  5.6749207807e-01  1.3126239875e+00 -1.6072627900e+00 -5.9340586215e-01  2.0961982490e+00 -1.3503422806e+00  5.3009288506e-01  3.1364110092e-01 -2.5400452677e+00 -1.7262174358e+00  1.8197469091e+00 -2.0642882443e+00 -6.6753258689e-01  2.2954346931e-03 -3.2969896312e+00 -3.6961791254e+00 -7.3210368085e-01 -3.3757344944e+00 -2.8961462201e+00  8.0994478869e-01 -5.2496467776e+00 -3.0648170337e+00  6.1686906745e-01 -3.7385517424e+00 -1.7863893400e+00  8.2482859712e-01 -3.0023788951e+00 -7.4672700869e-01 -9.0495458730e-01 -4.1350784396e+00  1.4853683536e+00  1.5110265589e+00 -1.0584732738e+00 -5.9777297473e-01  2.8945705672e+00 -6.1739306124e-01  1.3941130875e+00 -3.0415523935e-01 -2.7611263474e+00 -2.6420180433e+00  2.3837631622e+00 -1.9193422646e+00 -3.0742611613e+00 -1.5562691220e+00 -3.7274779314e+00 -3.8240976323e+00 -8.2141154136e-01 -2.2920145551e+00 -4.6830281764e+00 -8.0865085794e-01 -3.8441320142e+00 -2.2887662602e+00  1.5392349243e-02 -5.6819701164e+00 -2.4243874162e+00  1.7739183110e+00 -5.4668711554e+00 -3.8847113462e+00  8.0144297047e-01 -5.7208235255e+00 -3.7253301966e+00  1.4085239709e+00 -3.3727696491e+00
ENERGY -4.415438389100e+02

JOB 8
COORDS  5.5217028952e-01  1.3241611192e+00 -1.6153260796e+00 -6.5645976355e-01  1.9844573759e+00 -1.2518061698e+00  5.6028116724e-01  4.2717632602e-01 -2.6465737754e+00 -1.7816609284e+00  1.7097082349e+00 -1.9773070259e+00 -6.3767849747e-01  9.0615593240e-02 -3.3939929159e+00 -3.7929940313e+00 -6.1335717412e-01 -3.3105163257e+00 -2.8916250015e+00  6.8340529048e-01 -5.2979286911e+00 -3.0705817080e+00  6.5770952652e-01 -3.7758123129e+00 -1.7971129252e+00  8.1599626628e-01 -3.0150512002e+00 -6.8442066552e-01 -7.7445710432e-01 -4.2769222674e+00  1.4689358264e+00  1.5353924614e+00 -1.0694737022e+00 -6.9945773950e-01  2.6979016560e+00 -4.3706616262e-01  1.4594623675e+00 -9.9440828511e-02 -2.9486995107e+00 -2.7283731645e+00  2.1961493698e+00 -1.7646406786e+00 -3.1902965975e+00 -1.4935718119e+00 -3.5469366286e+00 -3.9744237084e+00 -5.9031456491e-01 -2.2310084426e+00 -4.7577166512e+00 -7.0423480661e-01 -3.8204622161e+00 -2.4475543449e+00 -2.3802068462e-01 -5.6676167943e+00 -2.2583448616e+00  1.5213783793e+00 -5.6065723417e+00 -3.8786274506e+00  8.2117906156e-01 -5.7530811272e+00 -3.6708899250e+00  1.5276632837e+00 -3.4953054134e+00
ENERGY -4.415419446777e+02

JOB 9
COORDS  5.9032019088e-01  1.2692434298e+00 -1.5682103878e+00  7.0476118520e-01  4.3555852545e-01 -2.7184560626e+00 -6.2978881429e-01  1.7596230884e+00 -1.1992442849e+00 -4.3651729738e-01  1.2975956496e-01 -3.4029523082e+00 -1.8432065084e+00  1.4919743045e+00 -1.9534349006e+00 -3.0216406672e+00  9.8111034367e-01 -5.0837635191e+00 -4.1437737088e+00 -5.5578762746e-02 -3.0720930640e+00 -2.8304489669e+00  9.3376388769e-02 -3.8460699116e+00 -1.6725364044e+00  6.0973450906e-01 -3.0521356872e+00 -2.9374786252e+00  2.0067618027e+00 -1.6984837128e+00  1.4759613762e+00  1.5130647492e+00 -9.8579005849e-01  1.6561527444e+00  3.1379076481e-02 -3.0444169474e+00 -7.5768708370e-01  2.4018256363e+00 -3.3419943866e-01 -4.1975711861e-01 -5.2329365825e-01 -4.2699646744e+00 -3.2934536095e+00  1.9948492972e+00 -4.7757001459e+00 -2.1075893510e+00  1.0350408270e+00 -5.6841697216e+00 -3.8242230399e+00  5.8420055744e-01 -5.7139828659e+00 -4.6204023950e+00  9.0349964287e-01 -2.8849560627e+00 -3.9917690886e+00 -5.5295508913e-01 -2.1101191234e+00 -4.8091568491e+00 -6.8296411697e-01 -3.6763976779e+00 -2.5205572766e+00 -9.0543829898e-01 -4.1670829083e+00
ENERGY -4.415388496147e+02

JOB 10
COORDS  6.2178949251e-01  1.3088667678e+00 -1.5850667259e+00  7.0593741528e-01  5.6298044994e-01 -2.7970895747e+00 -5.9651932500e-01  1.7045283122e+00 -1.1148522904e+00 -4.5704303300e-01  2.5505380953e-01 -3.4405844094e+00 -1.8421169060e+00  1.4218787039e+00 -1.8125695190e+00 -2.9584696646e+00  8.6501267650e-01 -5.1098661389e+00 -4.2082573651e+00  8.7574061075e-02 -3.0748803341e+00 -2.8506290454e+00  9.9664351876e-02 -3.7815044648e+00 -1.6953910137e+00  6.5277469423e-01 -2.9988288598e+00 -2.9393566769e+00  1.8406160208e+00 -1.4309104265e+00  1.5273471010e+00  1.5567943562e+00 -1.0359741160e+00  1.6531786296e+00  2.2417219109e-01 -3.2005760581e+00 -7.0637338466e-01  2.2719957809e+00 -1.9669223339e-01 -4.5677611639e-01 -3.3972190164e-01 -4.3483283504e+00 -3.2087039930e+00  1.9125493752e+00 -4.9162355903e+00 -2.0248547597e+00  8.3667834811e-01 -5.6801575475e+00 -3.7491120371e+00  4.3097890160e-01 -5.7302491727e+00 -4.6237265222e+00  1.0869432477e+00 -2.9645197554e+00 -4.1541020822e+00 -3.6587265159e-01 -2.0832834874e+00 -4.8813122647e+00 -5.1837215938e-01 -3.6930810401e+00 -2.5746297695e+00 -9.3963630352e-01 -3.9878740297e+00
ENERGY -4.415356805066e+02

JOB 11
COORDS  6.7123384172e-01  1.3115907531e+00 -1.6074446310e+00  7.3601357384e-01  6.3656743817e-01 -2.8614515516e+00 -5.4368065109e-01  1.5962396675e+00 -1.0578708308e+00 -4.3717049996e-01  3.1088606693e-01 -3.4752971703e+00 -1.8061265609e+00  1.2493718161e+00 -1.6965165408e+00 -2.8654198468e+00  7.2061854484e-01 -5.1400411058e+00 -4.2183656726e+00  1.6564208109e-01 -3.1209249325e+00 -2.8290467287e+00  5.1598563733e-02 -3.7540518508e+00 -1.6779579384e+00  6.2227039911e-01 -2.9689441909e+00 -2.9006230788e+00  1.5081174074e+00 -1.1886109586e+00  1.5866324466e+00  1.5875301104e+00 -1.0888804669e+00  1.6789943326e+00  3.6572746897e-01 -3.3223213882e+00 -6.4341731402e-01  2.0948549402e+00 -9.9502135196e-02 -4.3963204213e-01 -2.3327089282e-01 -4.4128788553e+00 -3.0867155527e+00  1.7870057671e+00 -5.0313885964e+00 -1.9257247167e+00  6.2436831867e-01 -5.6902165001e+00 -3.6547100353e+00  2.6668503134e-01 -5.7469795281e+00 -4.5414494273e+00  1.2021011774e+00 -3.0295371427e+00 -4.2699061729e+00 -2.8965951131e-01 -2.1326101369e+00 -4.9094154880e+00 -3.6501829861e-01 -3.7866531705e+00 -2.5969602525e+00 -1.0128873720e+00 -3.8731262021e+00
ENERGY -4.415327028721e+02

JOB 12
COORDS  6.8236451245e-01  1.3928260076e+00 -1.6423674675e+00  7.3778921240e-01  7.7323236767e-01 -2.9243415329e+00 -5.2159736574e-01  1.5334487065e+00 -1.0186658919e+00 -4.3463378150e-01  3.8808578501e-01 -3.5049304051e+00 -1.7732297913e+00  1.0584440172e+00 -1.5927992858e+00 -2.7994518908e+00  5.7576245225e-01 -5.1560534193e+00 -4.2306646720e+00  3.3890737820e-01 -3.1428006623e+00 -2.8411639437e+00  3.0862220701e-02 -3.7148149967e+00 -1.6722710273e+00  5.7555725037e-01 -2.9318153777e+00 -2.8369664398e+00  1.0872851981e+00 -9.6892416887e-01  1.5952003969e+00  1.7358483429e+00 -1.1606250216e+00  1.6751663723e+00  5.9713151905e-01 -3.4394650764e+00 -6.1540472633e-01  1.9719057720e+00 -3.0750973557e-02 -4.3066036564e-01 -1.0427905243e-01 -4.4681677167e+00 -2.8726813359e+00  1.6680406595e+00 -5.1445550808e+00 -1.9038152702e+00  3.0081289278e-01 -5.7165140139e+00 -3.6566517478e+00  1.8253750123e-01 -5.7093800016e+00 -4.3924433008e+00  1.4141836121e+00 -3.0421596253e+00 -4.4008587447e+00 -1.1703714402e-01 -2.1712520291e+00 -4.9629869351e+00 -5.5782491043e-02 -3.8559472541e+00 -2.7087948406e+00 -1.0578560281e+00 -3.7365984968e+00
ENERGY -4.415303363013e+02

JOB 13
COORDS  6.0882522817e-01  1.4747698660e+00 -1.6576475021e+00  6.7678776136e-01  1.0232251415e+00 -3.0053537957e+00 -5.6276934861e-01  1.3549695625e+00 -9.6870781157e-01 -4.6016202633e-01  5.3603212044e-01 -3.5851637838e+00 -1.7496060685e+00  7.4201124492e-01 -1.5397097361e+00 -2.7452953976e+00  3.0589453837e-01 -5.2053497953e+00 -4.1938761297e+00  6.2293995674e-01 -3.1834740029e+00 -2.8853591969e+00  7.6321539877e-03 -3.7056412423e+00 -1.6620690428e+00  4.2402989827e-01 -2.9284972199e+00 -2.7520116649e+00  4.7591832230e-01 -8.6874540985e-01  1.4862078903e+00  1.9052619609e+00 -1.1803193181e+00  1.5921822965e+00  1.0725449185e+00 -3.5838122164e+00 -6.6314885268e-01  1.6654361975e+00  6.5951611474e-02 -4.4420022906e-01  2.1124981712e-01 -4.6145948577e+00 -2.5281434044e+00  1.3645884153e+00 -5.3821887439e+00 -1.9860159510e+00 -2.9832114207e-01 -5.7076313166e+00 -3.6972278308e+00  7.2456935198e-02 -5.6884581515e+00 -4.1250036989e+00  1.7157025767e+00 -3.1435063620e+00 -4.4584070654e+00  2.6253709515e-01 -2.1954177469e+00 -4.9879048775e+00  3.6339922960e-01 -3.8909220235e+00 -2.9657489501e+00 -1.0797595398e+00 -3.5800112486e+00
ENERGY -4.415313844379e+02

JOB 14
COORDS  5.7195737444e-01  1.4813280657e+00 -1.6059584583e+00  6.1017037026e-01  1.2549581306e+00 -3.0097985085e+00 -5.5285519247e-01  1.1639899635e+00 -8.9896664997e-01 -5.0553111533e-01  7.5060353339e-01 -3.6187867018e+00 -1.7212534601e+00  5.7299747808e-01 -1.5213641909e+00 -2.7403273221e+00  7.9029020379e-02 -5.1950169999e+00 -4.1095131636e+00  8.8737079461e-01 -3.2291816443e+00 -2.9011317071e+00  4.9569631426e-02 -3.6758725625e+00 -1.6440220386e+00  4.0727030125e-01 -2.9353454385e+00 -2.7096101394e+00  1.8214354166e-01 -8.8837693294e-01  1.4359172402e+00  1.9055499222e+00 -1.0993712688e+00  1.4858492631e+00  1.4863958900e+00 -3.6052970913e+00 -6.2779480841e-01  1.3150430302e+00  1.7272536745e-01 -5.1956925533e-01  5.9696388014e-01 -4.6876644275e+00 -2.5256940117e+00  1.0857908017e+00 -5.5692867182e+00 -1.9703886127e+00 -6.0861841199e-01 -5.5571728555e+00 -3.6878521237e+00 -2.4062389759e-01 -5.6365547634e+00 -3.9250652206e+00  1.9551850291e+00 -3.3988506783e+00 -4.3440543176e+00  7.3107091165e-01 -2.1807981271e+00 -4.9720525150e+00  5.9674956651e-01 -3.8374894046e+00 -3.1129424263e+00 -9.8580736924e-01 -3.3823168060e+00
ENERGY -4.415364588605e+02

JOB 15
COORDS  5.4352642864e-01  1.4131500573e+00 -1.5937155774e+00  5.2830382952e-01  1.3948374009e+00 -3.0161710930e+00 -5.3393443138e-01  9.4858915372e-01 -8.9175977269e-01 -5.8558885106e-01  9.1345646768e-01 -3.6482770668e+00 -1.7138475104e+00  4.2222175605e-01 -1.5465718436e+00 -2.7557665728e+00 -1.0792046693e-01 -5.1854734820e+00 -4.0712946428e+00  1.0064483194e+00 -3.3211790495e+00 -2.9278500228e+00  4.6211614207e-02 -3.6767082788e+00 -1.6673283674e+00  4.2185530582e-01 -2.9696299700e+00 -2.6989962282e+00 -3.4284347093e-02 -9.5255846028e-01  1.4130360076e+00  1.7987727965e+00 -1.0661523405e+00  1.3648365264e+00  1.7556584108e+00 -3.6034681926e+00 -5.6312862245e-01  9.4838201456e-01  1.9272537003e-01 -6.4636343257e-01  8.9756388229e-01 -4.7277443102e+00 -2.5801425725e+00  8.4913663299e-01 -5.6883401453e+00 -1.9480795346e+00 -7.9982824983e-01 -5.4442315075e+00 -3.6842876679e+00 -5.1926293404e-01 -5.5908894278e+00 -3.8486380385e+00  2.0200406263e+00 -3.6756429558e+00 -4.2436790790e+00  1.0294249646e+00 -2.2470040184e+00 -4.9882114833e+00  6.6916833265e-01 -3.8154284939e+00 -3.1900305932e+00 -9.3204180089e-01 -3.2607871752e+00
ENERGY -4.415417884640e+02

JOB 16
COORDS  5.6612409413e-01  1.3515374945e+00 -1.5966852990e+00  4.7273636247e-01  1.5116409548e+00 -3.0078307990e+00 -4.5547263453e-01  7.6616449379e-01 -9.0011702457e-01 -6.5481062164e-01  1.0601057560e+00 -3.6382191349e+00 -1.6621916225e+00  2.9931603266e-01 -1.5510327260e+00 -2.7346024282e+00 -2.6645549590e-01 -5.1307846460e+00 -4.0261374059e+00  1.0976332824e+00 -3.4127105675e+00 -2.9340651114e+00  4.7721577068e-02 -3.6489738587e+00 -1.6784477513e+00  4.5643598152e-01 -2.9645202628e+00 -2.6281864585e+00 -2.1179972498e-01 -9.7009871438e-01  1.4533474860e+00  1.6982500865e+00 -1.0715769550e+00  1.2639377743e+00  1.9751174283e+00 -3.5857256774e+00 -4.2063555986e-01  6.3339070043e-01  1.7605428702e-01 -7.7785012205e-01  1.1593966167e+00 -4.7090955234e+00 -2.5657283547e+00  6.3074160996e-01 -5.7357572145e+00 -1.9050364762e+00 -9.6223134525e-01 -5.2916546374e+00 -3.6463372198e+00 -7.3848993055e-01 -5.5078775509e+00 -3.7547533760e+00  2.0507875154e+00 -3.8812639597e+00 -4.1798521346e+00  1.2543433595e+00 -2.3439969279e+00 -4.9700915389e+00  7.5751909236e-01 -3.8510190521e+00 -3.2350197001e+00 -8.6762651488e-01 -3.1343516610e+00
ENERGY -4.415445992964e+02

JOB 17
COORDS  5.7134869866e-01  1.2955943090e+00 -1.5889677686e+00  3.8269027904e-01  1.6175530168e+00 -2.9632727318e+00 -3.7879149241e-01  5.8497568691e-01 -9.0818810204e-01 -7.6130876785e-01  1.1853204351e+00 -3.5760868000e+00 -1.6079006798e+00  1.4410110051e-01 -1.5369688740e+00 -2.7298915511e+00 -4.1644244086e-01 -5.0374255104e+00 -4.0049080645e+00  1.1726999032e+00 -3.5019755938e+00 -2.9680474897e+00  4.8816612427e-02 -3.5996095247e+00 -1.7140395748e+00  4.6009439859e-01 -2.9191316270e+00 -2.5203850937e+00 -4.6130884387e-01 -9.6076934343e-01  1.4755804190e+00  1.6197829035e+00 -1.0786725321e+00  1.1152878304e+00  2.1854226038e+00 -3.5249889865e+00 -2.6889389588e-01  3.2972167371e-01  1.4050753806e-01 -9.6002036517e-01  1.3989849000e+00 -4.6195444414e+00 -2.4993633692e+00  4.0832522213e-01 -5.7200096767e+00 -1.9195116795e+00 -1.1500278251e+00 -5.0890672277e+00 -3.6427225392e+00 -8.9213929176e-01 -5.4079044940e+00 -3.6678728522e+00  2.0654391948e+00 -4.0414005719e+00 -4.1793936589e+00  1.4389661398e+00 -2.4565393695e+00 -4.9555013989e+00  8.4866104987e-01 -3.9379200452e+00 -3.3244713351e+00 -7.9673579893e-01 -3.0100634096e+00
ENERGY -4.415452138351e+02

JOB 18
COORDS  5.6283297406e-01  1.2849468591e+00 -1.5861642219e+00  2.8650289253e-01  1.7334244569e+00 -2.9099560372e+00 -3.1678434376e-01  4.6441410636e-01 -9.3568840360e-01 -8.7129586955e-01  1.3128815145e+00 -3.5029101810e+00 -1.5561828659e+00  2.2311222071e-02 -1.5454375032e+00 -2.7428573719e+00 -5.3591053617e-01 -4.9284405826e+00 -3.9854717622e+00  1.2696851157e+00 -3.6136398182e+00 -3.0145803907e+00  8.6088318881e-02 -3.5560196988e+00 -1.7573197678e+00  4.8382143170e-01 -2.8751541387e+00 -2.3968235887e+00 -6.9684399491e-01 -9.9175429599e-01  1.4784629052e+00  1.6000434611e+00 -1.0907018526e+00  9.6290200111e-01  2.3886048375e+00 -3.4464930792e+00 -1.3762373723e-01  1.1032945438e-01  7.4008866131e-02 -1.1395131924e+00  1.6204637523e+00 -4.5075322455e+00 -2.3817648189e+00  1.9579939440e-01 -5.6592321876e+00 -2.0064338148e+00 -1.3413402623e+00 -4.8524040031e+00 -3.6720247406e+00 -9.5819192604e-01 -5.3230403113e+00 -3.5907983669e+00  2.0843012207e+00 -4.2315955677e+00 -4.1756210940e+00  1.6584259466e+00 -2.6093735379e+00 -4.9395927180e+00  9.5128863875e-01 -4.0454937498e+00 -3.4364920569e+00 -6.7703561167e-01 -2.9019200851e+00
ENERGY -4.415452885953e+02

JOB 19
COORDS  5.5495473246e-01  1.3131864219e+00 -1.5856001628e+00  2.0862712580e-01  1.8689921105e+00 -2.8510806369e+00 -2.6987790173e-01  4.0726253895e-01 -9.7831207755e-01 -9.6484179259e-01  1.4705568278e+00 -3.4279051474e+00 -1.5155186819e+00 -2.9355010601e-02 -1.5797311300e+00 -2.7530666964e+00 -5.9741702477e-01 -4.8107741255e+00 -3.9782229295e+00  1.3743959355e+00 -3.7405550247e+00 -3.0592729175e+00  1.6900624066e-01 -3.5203476260e+00 -1.8047096574e+00  5.6978639089e-01 -2.8363891998e+00 -2.2905288140e+00 -8.5157373477e-01 -1.0761533878e+00  1.4820261103e+00  1.6121663614e+00 -1.1015505841e+00  8.4418021791e-01  2.5874820934e+00 -3.3555509618e+00 -3.3050435229e-02 -3.4767620647e-02 -1.6305706803e-02 -1.2850229031e+00  1.8561829616e+00 -4.3897013097e+00 -2.2599168356e+00  3.6167883341e-02 -5.5564971076e+00 -2.1061833019e+00 -1.4550621025e+00 -4.6052878208e+00 -3.6840393829e+00 -9.6724994007e-01 -5.2516834160e+00 -3.5620523722e+00  2.0883464941e+00 -4.4598658821e+00 -4.1595120955e+00  1.9000024255e+00 -2.7985703609e+00 -4.9409792341e+00  1.0338684402e+00 -4.1340332833e+00 -3.5360930873e+00 -5.1115376334e-01 -2.8146028071e+00
ENERGY -4.415453029259e+02

JOB 20
COORDS  5.6123771262e-01  1.3122782939e+00 -1.6166520130e+00  1.4628660460e-01  1.9809504697e+00 -2.8040948157e+00 -2.0894736836e-01  3.1979565636e-01 -1.0760107984e+00 -1.0408481584e+00  1.6084899590e+00 -3.3712616610e+00 -1.4575462660e+00 -1.0314548757e-01 -1.6797747203e+00 -2.7763794522e+00 -6.7345253292e-01 -4.7135493317e+00 -3.9530273208e+00  1.4379033436e+00 -3.8891904060e+00 -3.0899745434e+00  2.2970258009e-01 -3.5164573861e+00 -1.8323454516e+00  6.3099094064e-01 -2.8382728420e+00 -2.1712380168e+00 -1.0209559702e+00 -1.2567964940e+00  1.4979307036e+00  1.5924657145e+00 -1.1399475736e+00  7.4013735875e-01  2.7660281184e+00 -3.2575936136e+00  8.2708631391e-02 -2.1307269184e-01 -1.7714169274e-01 -1.4112620779e+00  2.0798979349e+00 -4.2744465930e+00 -2.2019776403e+00 -1.3616298752e-01 -5.4769643221e+00 -2.1992929045e+00 -1.5451737413e+00 -4.3935237171e+00 -3.7052916667e+00 -1.0257047078e+00 -5.1734547820e+00 -3.5352164803e+00  2.0187386930e+00 -4.7184412769e+00 -4.0881146360e+00  2.1037543188e+00 -3.0315889678e+00 -4.9392702136e+00  1.0864231417e+00 -4.2068817052e+00 -3.6164375717e+00 -3.6133343365e-01 -2.7667849913e+00
ENERGY -4.415452554315e+02

JOB 21
COORDS  5.8430199591e-01  1.3012145627e+00 -1.6286242163e+00  9.2032104453e-02  2.0882211097e+00 -2.7081748982e+00 -1.2466748947e-01  2.1995083354e-01 -1.1817434057e+00 -1.1058208371e+00  1.7392083969e+00 -3.2696179340e+00 -1.3808848978e+00 -1.7781113604e-01 -1.7841675412e+00 -2.8088542348e+00 -7.5801095342e-01 -4.5866130556e+00 -3.9002779526e+00  1.4689506609e+00 -4.0169337924e+00 -3.1038596345e+00  2.7356287416e-01 -3.4919411499e+00 -1.8373156867e+00  6.7430565011e-01 -2.8268972111e+00 -2.0429759533e+00 -1.1697116273e+00 -1.4536042529e+00  1.5304285524e+00  1.5614842818e+00 -1.1593432395e+00  6.3556464641e-01  2.9462574844e+00 -3.0864203783e+00  2.2516502509e-01 -4.0466668710e-01 -3.6659215473e-01 -1.5296561794e+00  2.3021645477e+00 -4.0921055634e+00 -2.1944446568e+00 -3.1735690223e-01 -5.3801737872e+00 -2.2822901326e+00 -1.6180094301e+00 -4.1668636563e+00 -3.7438690192e+00 -1.1112003522e+00 -5.0336032800e+00 -3.4526441742e+00  1.9192718457e+00 -4.9091583612e+00 -4.0150005396e+00  2.2435074246e+00 -3.2522101603e+00 -4.8987593902e+00  1.1238956296e+00 -4.3007989280e+00 -3.6775990286e+00 -2.1767073098e-01 -2.7046343932e+00
ENERGY -4.415451242827e+02

JOB 22
COORDS  6.0156378620e-01  1.2758145573e+00 -1.6462642540e+00  2.9075096826e-02  2.1625292978e+00 -2.6005995716e+00 -5.6100564424e-02  1.3065839693e-01 -1.2895444987e+00 -1.1853817207e+00  1.8384720226e+00 -3.1419385490e+00 -1.3383628795e+00 -2.2914883037e-01 -1.8583641228e+00 -2.8665266886e+00 -8.2683807497e-01 -4.4515818328e+00 -3.8415556728e+00  1.4764993229e+00 -4.1493259160e+00 -3.1381548507e+00  3.1024582947e-01 -3.4555614963e+00 -1.8674484995e+00  7.0842172990e-01 -2.7886620230e+00 -1.9730941309e+00 -1.2543834486e+00 -1.5791438248e+00  1.5658805389e+00  1.5105312299e+00 -1.2011816543e+00  5.2651994265e-01  3.0762875521e+00 -2.9045641119e+00  3.5116711122e-01 -5.7058716382e-01 -5.6887576212e-01 -1.6584609664e+00  2.4772475621e+00 -3.8758249883e+00 -2.2041189305e+00 -4.8054142733e-01 -5.2531083767e+00 -2.4091783170e+00 -1.6805863780e+00 -3.9507566129e+00 -3.8079658581e+00 -1.1554212202e+00 -4.9039060970e+00 -3.3115753355e+00  1.8088885755e+00 -5.0477925432e+00 -3.9828486497e+00  2.3337132866e+00 -3.4829852601e+00 -4.8313550003e+00  1.1375728029e+00 -4.4679499295e+00 -3.7706506459e+00 -7.4753320340e-02 -2.6526877878e+00
ENERGY -4.415438987676e+02

JOB 23
COORDS  6.3046591149e-01  1.2631869623e+00 -1.7037215023e+00 -3.6203083012e-02  2.2301595192e+00 -2.5062598117e+00  3.0769332742e-02  6.3256950661e-02 -1.4402892269e+00 -1.2683321245e+00  1.9184382507e+00 -3.0130735466e+00 -1.2862286954e+00 -2.6883199914e-01 -1.9437302962e+00 -2.9290151158e+00 -8.7283762617e-01 -4.3567806373e+00 -3.7526025491e+00  1.4732131045e+00 -4.2924472370e+00 -3.1666153341e+00  3.4385743773e-01 -3.4433585939e+00 -1.8961852965e+00  7.2997576007e-01 -2.7556497053e+00 -1.8885712713e+00 -1.3181881452e+00 -1.6840501120e+00  1.6170412108e+00  1.4805480743e+00 -1.3006193224e+00  4.0702289810e-01  3.1936042177e+00 -2.7303833706e+00  5.0370197609e-01 -7.0072351909e-01 -8.3231628710e-01 -1.7988471162e+00  2.6195136088e+00 -3.6414994322e+00 -2.2039600196e+00 -6.1828857367e-01 -5.1381908368e+00 -2.5675836821e+00 -1.7327420705e+00 -3.7967873774e+00 -3.8709401678e+00 -1.1452048603e+00 -4.8437363585e+00 -3.1061162969e+00  1.7245774967e+00 -5.1389814740e+00 -3.9580256086e+00  2.3823941250e+00 -3.7176629496e+00 -4.7057822230e+00  1.1275295200e+00 -4.7014975387e+00 -3.8657012880e+00  6.3443069714e-02 -2.6510190519e+00
ENERGY -4.415404619624e+02

