JOB 0
COORDS -1.9782172870e-01 -6.5594521625e-02  1.5241075403e+00 -3.0564647739e-01 -1.1619887592e+00 -6.8851129262e-01 -6.9719602772e-02 -1.4219786219e+00  8.1630214330e-01 -1.0100521288e+00 -2.4888052827e+00  1.3831527626e+00  1.5248178435e+00  2.6646982347e+00  1.9013216388e+00  5.4009326366e-01  8.8096005730e-01  6.7321825949e-01  4.6598135150e-01  2.2550227676e+00  9.8094263431e-01  1.0633825165e+00  8.8682675636e-01 -1.8984305299e+00 -1.3268829132e+00  1.2827248105e+00 -1.1301930810e+00 -2.2017381884e-02  6.2414476193e-01 -9.5536205573e-01 -1.2548206156e+00  2.2842242325e-01  1.6388394413e+00  2.6850474945e-01 -9.1965239187e-02  2.5122905900e+00  3.7315000211e-01 -1.7120891002e+00 -1.3403820175e+00 -1.3398579049e+00 -1.3372977208e+00 -9.8923115892e-01  9.6690513285e-01 -1.7551568200e+00  9.2162111339e-01 -2.0427378654e+00 -2.3171667412e+00  1.0618636350e+00 -9.7988936630e-01 -2.5024057502e+00  2.4776927115e+00 -7.2462901289e-01 -3.4849874641e+00  1.0296529923e+00  2.4905932502e+00  2.4954114032e+00  1.4209462842e+00  1.4111722870e+00  3.7363928013e+00  2.0894408412e+00  1.5114423373e+00  2.1346762090e+00  2.8669385351e+00 -4.6504529954e-01  2.4965972741e+00  1.3244302466e+00
ENERGY -8.558684728775e+02

JOB 1
COORDS -1.3694130463e-01  8.4225069683e-02  1.5658274078e+00 -2.3781230346e-01 -9.2309347750e-01 -6.8552381911e-01 -1.3261886806e-02 -1.2455271768e+00  8.1040294394e-01 -9.5986705599e-01 -2.3358551707e+00  1.3344310758e+00  1.6143992117e+00  2.7745001488e+00  2.0724054698e+00  6.2422488331e-01  1.0533047357e+00  7.6172515458e-01  5.6535733469e-01  2.4148677754e+00  1.1209035048e+00  1.1933362359e+00  1.1377956905e+00 -1.7984758066e+00 -1.2013011570e+00  1.5565260534e+00 -1.0571916953e+00  8.6425353617e-02  8.6493130318e-01 -8.8350900073e-01 -1.1923929240e+00  3.8556772058e-01  1.6769683912e+00  3.1467822280e-01  1.6844728386e-02  2.5589475554e+00  4.3099601168e-01 -1.4638630558e+00 -1.3553650054e+00 -1.2744128256e+00 -1.0625319906e+00 -9.9562341157e-01  1.0220954161e+00 -1.5862730525e+00  8.9802918863e-01 -1.9273769874e+00 -2.3094401396e+00  8.2373009758e-01 -1.1257493570e+00 -2.2392021880e+00  2.4121532038e+00 -5.4041669372e-01 -3.3307979533e+00  1.1540407081e+00  2.5854177609e+00  2.6048006737e+00  1.6028468356e+00  1.5157199484e+00  3.8410120642e+00  2.2952105832e+00  1.5754791996e+00  2.2124187745e+00  3.0190901664e+00 -3.6798320875e-01  2.6592537124e+00  1.4557479245e+00
ENERGY -8.558666088949e+02

JOB 2
COORDS -1.8167210982e-01  1.2168487647e-04  1.5300595111e+00 -3.7993436451e-01 -1.0234672787e+00 -6.9327164607e-01 -6.4079926325e-02 -1.3357454650e+00  7.8430331032e-01 -9.4896317904e-01 -2.4507317221e+00  1.3757019984e+00  1.5526534318e+00  2.7058572121e+00  1.9823619915e+00  5.6109965187e-01  9.6262861400e-01  7.0275568945e-01  5.0073908978e-01  2.3293164146e+00  1.0403128455e+00  1.1393280645e+00  9.4455611667e-01 -1.8565707600e+00 -1.2388195529e+00  1.4846603844e+00 -1.1407476309e+00  1.7688586341e-02  7.4573390161e-01 -9.4000222862e-01 -1.2374694629e+00  2.9570815145e-01  1.6557288366e+00  2.8620961403e-01 -5.6277647757e-02  2.5164826777e+00  2.0549990459e-01 -1.6064152705e+00 -1.4047838056e+00 -1.4440207448e+00 -1.1100066430e+00 -9.1894491018e-01  9.8576593026e-01 -1.6390786922e+00  8.2056451179e-01 -1.8304067906e+00 -2.6434835318e+00  7.5709690557e-01 -1.2879605365e+00 -2.2007676490e+00  2.3860711213e+00 -3.9950350011e-01 -3.3942438505e+00  1.4393007805e+00  2.5222846468e+00  2.5320367247e+00  1.5114176470e+00  1.4515045665e+00  3.7752442598e+00  2.1898247438e+00  1.5191516908e+00  2.1577778359e+00  2.9373715020e+00 -4.3175536567e-01  2.5776049806e+00  1.3749380966e+00
ENERGY -8.558647294627e+02

JOB 3
COORDS -1.6877111025e-01  4.7030738285e-03  1.5345901534e+00 -3.9125636081e-01 -9.9492887293e-01 -6.9526207793e-01 -5.8726661302e-02 -1.3248849673e+00  7.7268501307e-01 -9.3404336172e-01 -2.4478576215e+00  1.3703137274e+00  1.5835708177e+00  2.6983790540e+00  1.9982238194e+00  5.7108123778e-01  9.7290473500e-01  7.1102869497e-01  5.1984955005e-01  2.3360331509e+00  1.0639481450e+00  1.1189170149e+00  9.8152323418e-01 -1.8555412757e+00 -1.2488480386e+00  1.5207061151e+00 -1.1050207951e+00  7.7673642978e-03  7.7603842077e-01 -9.2770916029e-01 -1.2227273222e+00  3.0227223281e-01  1.6692249216e+00  3.0501472416e-01 -6.2316693805e-02  2.5175937165e+00  1.8430480082e-01 -1.5717479102e+00 -1.4197682113e+00 -1.4584051643e+00 -1.0775808443e+00 -9.0816896033e-01  9.9445751283e-01 -1.6150585047e+00  8.1423725758e-01 -1.6518451501e+00 -2.8376237401e+00  6.4263785313e-01 -1.5106852366e+00 -2.0884425307e+00  2.2288600111e+00 -3.2542959032e-01 -3.2886537381e+00  1.7125753397e+00  2.5472429269e+00  2.5255351555e+00  1.5148515442e+00  1.4892391334e+00  3.7659282896e+00  2.2179948669e+00  1.5582158819e+00  2.1403814347e+00  2.9477335067e+00 -4.0791275416e-01  2.5843987507e+00  1.4114105134e+00
ENERGY -8.558639785828e+02

JOB 4
COORDS -9.6201269914e-03  1.4681129922e-01  1.6670939754e+00 -2.0568548585e-01 -7.3714508124e-01 -6.1474975916e-01  8.7717935326e-02 -1.1460577738e+00  8.3986312736e-01 -8.2682733222e-01 -2.2713525239e+00  1.3618253444e+00  1.8026678551e+00  2.7699592189e+00  2.2914044651e+00  7.6807401988e-01  1.1365634281e+00  9.0548618691e-01  7.4311229479e-01  2.4809351904e+00  1.3272666296e+00  1.3450848147e+00  1.2765383685e+00 -1.6511585326e+00 -1.0232676082e+00  1.8088806882e+00 -8.9699171798e-01  2.2092478672e-01  1.0375166317e+00 -7.4744948031e-01 -1.0587042730e+00  4.6318290119e-01  1.7952798302e+00  4.4240374216e-01  2.2334397989e-02  2.6547686928e+00  3.7986840697e-01 -1.2856672411e+00 -1.3530605677e+00 -1.2687316451e+00 -7.9605806060e-01 -8.5510291740e-01  1.1337578211e+00 -1.4569474627e+00  9.0847761122e-01 -1.3311197761e+00 -2.7953670914e+00  5.4429283482e-01 -1.6197012634e+00 -1.8664171912e+00  2.0002946911e+00 -2.6922789081e-01 -3.0050145143e+00  1.9490804299e+00  2.7683551524e+00  2.6009866050e+00  1.8107064364e+00  1.7289159429e+00  3.8264038990e+00  2.5658906460e+00  1.7530349342e+00  2.1637242323e+00  3.2098620872e+00 -1.8315108208e-01  2.7322482322e+00  1.6766230832e+00
ENERGY -8.558648776586e+02

JOB 5
COORDS  3.3881378577e-02  2.5875829680e-01  1.7042659982e+00 -1.7237800017e-01 -5.5193313707e-01 -6.0470980088e-01  1.2013551009e-01 -1.0075007448e+00  8.3477716726e-01 -8.0789081214e-01 -2.1323319019e+00  1.3143837255e+00  1.8645196171e+00  2.8494420977e+00  2.4061066092e+00  8.1752246313e-01  1.2664714078e+00  9.7188946244e-01  8.0201065783e-01  2.5972205208e+00  1.4349995314e+00  1.3902088586e+00  1.4813967963e+00 -1.5807109193e+00 -9.7281779172e-01  2.0074340102e+00 -8.0564371460e-01  2.6600086245e-01  1.2229094027e+00 -6.8246167992e-01 -1.0121789968e+00  5.7953104886e-01  1.8445974000e+00  4.8744544117e-01  1.0042612229e-01  2.6862887321e+00  4.0752291596e-01 -1.0811176707e+00 -1.3613030120e+00 -1.2367519963e+00 -5.9724703634e-01 -8.4330611390e-01  1.1624373294e+00 -1.3324935839e+00  9.0228439435e-01 -1.1009751614e+00 -2.7879773174e+00  4.8827571714e-01 -1.7385846434e+00 -1.7180732789e+00  1.7188355692e+00 -3.3933965784e-01 -2.7360472364e+00  2.0961166824e+00  2.8285781059e+00  2.6894514439e+00  1.9190828176e+00  1.7977601028e+00  3.8972675816e+00  2.7134522366e+00  1.8121733838e+00  2.2152518572e+00  3.3053549463e+00 -1.2216466983e-01  2.8440827037e+00  1.7929556110e+00
ENERGY -8.558667928485e+02

JOB 6
COORDS  4.2991056342e-02  2.1814313530e-01  1.7033906953e+00 -1.5545762056e-01 -6.0487676921e-01 -6.1415995548e-01  1.1337400963e-01 -1.0502795425e+00  8.3640738441e-01 -8.4274595990e-01 -2.1495356600e+00  1.3058795071e+00  1.8820954619e+00  2.8176826268e+00  2.3595787552e+00  8.0564243844e-01  1.2291060985e+00  9.5347266168e-01  7.9256547907e-01  2.5593934604e+00  1.4203102717e+00  1.2874115432e+00  1.5061146289e+00 -1.6117254888e+00 -1.0694685754e+00  1.9178045001e+00 -7.5333574606e-01  2.0580713798e-01  1.1862095270e+00 -6.8193732546e-01 -1.0000960675e+00  5.3633231011e-01  1.8682704855e+00  5.2024192676e-01  6.2428568318e-02  2.6743961217e+00  4.7408905667e-01 -1.1063311010e+00 -1.3494674870e+00 -1.2071024253e+00 -6.9924283783e-01 -8.9083436203e-01  1.1454586816e+00 -1.4059680085e+00  9.0854296107e-01 -9.3832041140e-01 -2.9379992678e+00  5.5230239536e-01 -1.8469729154e+00 -1.7432272966e+00  1.4714047641e+00 -5.0015665979e-01 -2.6019351840e+00  2.2415473281e+00  2.8321800551e+00  2.6685885150e+00  1.8426135238e+00  1.8152349266e+00  3.8636246702e+00  2.6732262352e+00  1.8629391405e+00  2.1793580711e+00  3.2571861317e+00 -1.2214529612e-01  2.7951133744e+00  1.8087888657e+00
ENERGY -8.558685606075e+02

JOB 7
COORDS  5.8000027573e-02  2.2047102684e-01  1.7096741650e+00 -1.5964701443e-01 -5.8645477439e-01 -6.1481203238e-01  1.1553127169e-01 -1.0408777277e+00  8.3337348045e-01 -8.4507734897e-01 -2.1357818441e+00  1.2979236409e+00  1.8960575765e+00  2.8197618026e+00  2.3653157688e+00  8.0939044021e-01  1.2386041604e+00  9.5863731526e-01  7.9787154278e-01  2.5656847798e+00  1.4349613112e+00  1.2655266846e+00  1.5388312599e+00 -1.6082036514e+00 -1.0846297134e+00  1.9336524011e+00 -7.2422089875e-01  1.9412232727e-01  1.2064973891e+00 -6.7106082349e-01 -9.8290920435e-01  5.3597423733e-01  1.8928802578e+00  5.4962142855e-01  5.5154098062e-02  2.6717836424e+00  4.6977286029e-01 -1.0786834265e+00 -1.3563768307e+00 -1.2113112635e+00 -6.8230638862e-01 -8.9059627313e-01  1.1435692487e+00 -1.4125416564e+00  8.7936281408e-01 -7.6618464334e-01 -3.0246568138e+00  6.6378622541e-01 -1.8830976027e+00 -1.7872941548e+00  1.2648541763e+00 -6.2143099223e-01 -2.4383945710e+00  2.3265595934e+00  2.8413240465e+00  2.6763198667e+00  1.8380218322e+00  1.8301008474e+00  3.8633638459e+00  2.6868478753e+00  1.8870562158e+00  2.1752016512e+00  3.2586088198e+00 -1.1343786759e-01  2.7961705288e+00  1.8344436400e+00
ENERGY -8.558692471231e+02

JOB 8
COORDS  6.2156540110e-02  2.0705647291e-01  1.7055654952e+00 -1.8274470383e-01 -5.8716867997e-01 -6.2020488258e-01  1.0783129506e-01 -1.0494332026e+00  8.2531944997e-01 -8.4762385655e-01 -2.1493098734e+00  1.2948630159e+00  1.9057464261e+00  2.8015919921e+00  2.3584708794e+00  8.0634683017e-01  1.2284990164e+00  9.5254948947e-01  8.0027334308e-01  2.5530630371e+00  1.4353600131e+00  1.2457294091e+00  1.5345652177e+00 -1.6162494332e+00 -1.0962540599e+00  1.9374767821e+00 -7.1453695577e-01  1.7931054961e-01  1.2040380958e+00 -6.7273527769e-01 -9.7698791288e-01  5.2145501793e-01  1.9017018878e+00  5.6323606615e-01  3.6386524771e-02  2.6618672387e+00  4.3563770816e-01 -1.0788464446e+00 -1.3713381328e+00 -1.2376348137e+00 -6.7567773167e-01 -8.8502892347e-01  1.1341758092e+00 -1.4277225991e+00  8.3864029636e-01 -6.1064737232e-01 -3.1077480858e+00  8.2294973703e-01 -1.8903587901e+00 -1.8954874113e+00  1.0797846134e+00 -7.5538541164e-01 -2.2979064166e+00  2.3770733674e+00  2.8468033301e+00  2.6590672250e+00  1.8234512975e+00  1.8437470398e+00  3.8439013464e+00  2.6849467145e+00  1.9026231346e+00  2.1532736426e+00  3.2490956302e+00 -1.0780212042e-01  2.7833932890e+00  1.8421868924e+00
ENERGY -8.558685123084e+02

JOB 9
COORDS  7.0665683974e-02  2.1662267284e-01  1.7074140347e+00 -1.9160018805e-01 -5.5746462056e-01 -6.2274434147e-01  1.0834016172e-01 -1.0332044783e+00  8.1787111025e-01 -8.4093874671e-01 -2.1433339998e+00  1.2918825185e+00  1.9232228021e+00  2.8026009013e+00  2.3693682147e+00  8.1049579687e-01  1.2435208907e+00  9.5835201544e-01  8.0989695919e-01  2.5638182870e+00  1.4531329673e+00  1.2291558942e+00  1.5740070915e+00 -1.6110563070e+00 -1.1051189077e+00  1.9680715942e+00 -6.8592194612e-01  1.7071330295e-01  1.2342729294e+00 -6.6186879871e-01 -9.6702070976e-01  5.2946757703e-01  1.9136080178e+00  5.7824862012e-01  3.6386829744e-02  2.6585500270e+00  4.2232413910e-01 -1.0418105589e+00 -1.3823039260e+00 -1.2475913959e+00 -6.4178263194e-01 -8.8370695225e-01  1.1350478850e+00 -1.4094653520e+00  8.0821511899e-01 -4.6374096399e-01 -3.1338561097e+00  1.0220149793e+00 -1.8510333099e+00 -2.0202958194e+00  8.9086069280e-01 -9.1788010266e-01 -2.1341549997e+00  2.3855530883e+00  2.8596922721e+00  2.6639899084e+00  1.8253467126e+00  1.8651241402e+00  3.8419432974e+00  2.7058564528e+00  1.9266670722e+00  2.1461353935e+00  3.2539968771e+00 -9.4521740920e-02  2.7912657014e+00  1.8695774300e+00
ENERGY -8.558666962307e+02

JOB 10
COORDS  8.5371444872e-02  2.7679042724e-01  1.7250889720e+00 -2.3599636008e-01 -4.3725020940e-01 -6.0263971695e-01  1.1872190764e-01 -9.5271238752e-01  8.0797190916e-01 -7.9179023406e-01 -2.1011705247e+00  1.2846622882e+00  1.9474711763e+00  2.8331911049e+00  2.4529686942e+00  8.3739871253e-01  1.3115529494e+00  9.9973247279e-01  8.4711728911e-01  2.6231340709e+00  1.5144520884e+00  1.3212883053e+00  1.6093912887e+00 -1.5618028901e+00 -1.0045859522e+00  2.1379256186e+00 -6.8388194828e-01  2.2616487652e-01  1.3330317096e+00 -6.3334647732e-01 -9.5170970082e-01  5.9218325229e-01  1.9322099128e+00  5.8611999946e-01  7.3628594325e-02  2.6754078014e+00  2.9886189741e-01 -9.4269954666e-01 -1.4071420059e+00 -1.3100816709e+00 -4.5422240385e-01 -7.9436539051e-01  1.1548064465e+00 -1.2988233563e+00  7.5981234761e-01 -2.8385764236e-01 -3.0671764389e+00  1.2216674010e+00 -1.7226929729e+00 -2.1579040233e+00  7.1364172013e-01 -1.0648506456e+00 -1.9642171287e+00  2.3368381221e+00  2.8911720600e+00  2.6869834287e+00  1.9235914494e+00  1.8991540522e+00  3.8690018542e+00  2.8017104821e+00  1.9255577377e+00  2.1658789222e+00  3.3291989806e+00 -6.1326528619e-02  2.8597663860e+00  1.9168276992e+00
ENERGY -8.558647824050e+02

JOB 11
COORDS -1.6052776970e-01  4.0560123967e-01  1.6338957229e+00  9.8007622940e-02 -6.5565141193e-01 -5.6279704965e-01  9.7277731853e-02 -9.4591652755e-01  9.5053936223e-01 -9.0146997054e-01 -2.0459979130e+00  1.3704742115e+00  1.4815316761e+00  3.0993698557e+00  2.4012724834e+00  7.5555557804e-01  1.3444435832e+00  9.6865765701e-01  6.4516183139e-01  2.7175084389e+00  1.2652949311e+00  1.8555889562e+00  1.2733474287e+00 -1.4133456053e+00 -6.1127162811e-01  1.8540814950e+00 -1.2185158695e+00  5.6435069499e-01  1.1044141302e+00 -7.4854542593e-01 -1.2142447877e+00  7.1438148330e-01  1.5244905680e+00  8.3729403725e-02  3.6397163510e-01  2.6987449868e+00  8.0920717477e-01 -1.2583042402e+00 -1.1284307510e+00 -8.9815658094e-01 -7.3511706594e-01 -1.0012337702e+00  1.1123058671e+00 -1.2413684227e+00  1.2289558616e+00 -3.9222321511e-01 -2.8835816071e+00  1.8540852518e+00 -1.4498560683e+00 -2.4484429140e+00  5.1369190044e-01 -1.6443515911e+00 -1.6606944975e+00  2.0762093251e+00  2.5257673841e+00  2.9069241179e+00  2.1468679261e+00  1.3542742270e+00  4.1732615635e+00  2.5668645630e+00  1.2408847373e+00  2.5685253737e+00  3.3360721753e+00 -3.3311329649e-01  2.9817232159e+00  1.3930669478e+00
ENERGY -8.558639778813e+02

JOB 12
COORDS -1.6971054923e-01  3.7823652290e-01  1.6240226969e+00  6.4602335127e-02 -6.8684606923e-01 -5.7575912653e-01  7.9435593830e-02 -9.7481189561e-01  9.3633999469e-01 -9.1816248439e-01 -2.0673214808e+00  1.3676669346e+00  1.4948058248e+00  3.0692037901e+00  2.3605656631e+00  7.3637311080e-01  1.3159892489e+00  9.4277342729e-01  6.3333308914e-01  2.6890268912e+00  1.2429428157e+00  1.7785940026e+00  1.2637268211e+00 -1.4655714133e+00 -6.8931208878e-01  1.8154866898e+00 -1.2083347211e+00  5.0633310232e-01  1.0784345730e+00 -7.6943934181e-01 -1.2242234725e+00  6.8839472389e-01  1.5295328914e+00  9.0612707517e-02  3.3902103397e-01  2.6851486958e+00  7.7956186482e-01 -1.2822914826e+00 -1.1442432870e+00 -9.3402847701e-01 -7.8254938514e-01 -1.0056237223e+00  1.0930949670e+00 -1.2651927495e+00  1.2252117310e+00 -4.6582068736e-01 -2.7561434053e+00  2.0862332668e+00 -1.2311143822e+00 -2.6770225149e+00  5.1367697148e-01 -1.8230635990e+00 -1.6404596030e+00  1.8105186253e+00  2.5331167954e+00  2.8772144212e+00  2.0826688837e+00  1.3712644020e+00  4.1428270428e+00  2.5306518057e+00  1.2749758874e+00  2.5368293935e+00  3.2996064942e+00 -3.4179515053e-01  2.9531934911e+00  1.3930139554e+00
ENERGY -8.558648877008e+02

JOB 13
COORDS -1.5365272487e-01  3.8726721864e-01  1.6387907808e+00  5.6242324283e-02 -6.5591217475e-01 -5.7494071059e-01  8.6806871558e-02 -9.5833998116e-01  9.3306834713e-01 -9.1093207381e-01 -2.0460464547e+00  1.3544156191e+00  1.5184671916e+00  3.0713275483e+00  2.3826128874e+00  7.4510756745e-01  1.3316902013e+00  9.5629062522e-01  6.4570070223e-01  2.7017997041e+00  1.2702528447e+00  1.7620154336e+00  1.3015588223e+00 -1.4629050201e+00 -7.0261269429e-01  1.8530268359e+00 -1.1756362053e+00  4.9667567723e-01  1.1108383364e+00 -7.5572881372e-01 -1.2086741627e+00  6.9954556415e-01  1.5596861208e+00  1.1936957356e-01  3.3696280565e-01  2.6961812787e+00  7.6393725501e-01 -1.2461459394e+00 -1.1576352789e+00 -9.4773190763e-01 -7.4782325008e-01 -9.9376915060e-01  1.0996397705e+00 -1.2574996954e+00  1.2174510481e+00 -5.6193936116e-01 -2.5763142979e+00  2.2454158378e+00 -1.0127456608e+00 -2.8037335201e+00  5.6953222482e-01 -1.9065083537e+00 -1.6333924126e+00  1.5444813007e+00  2.5538573864e+00  2.8814640257e+00  2.0925964964e+00  1.3971863716e+00  4.1433884804e+00  2.5638366800e+00  1.3077653190e+00  2.5304224529e+00  3.3188821439e+00 -3.2775402374e-01  2.9649995793e+00  1.4324950185e+00
ENERGY -8.558668239834e+02

JOB 14
COORDS -1.2579775671e-01  4.3294797437e-01  1.6595817479e+00  1.1020720569e-01 -5.8074298865e-01 -5.7855048799e-01  1.0103572349e-01 -9.0157678923e-01  9.2871267720e-01 -9.2921701179e-01 -1.9699834854e+00  1.3022281309e+00  1.5618144161e+00  3.1044343493e+00  2.4242752222e+00  7.6274003840e-01  1.3900640458e+00  9.8138108576e-01  6.6417959243e-01  2.7540642325e+00  1.3253046803e+00  1.7090851370e+00  1.4665964233e+00 -1.4654098323e+00 -7.6638796903e-01  1.9065862153e+00 -1.0918205099e+00  4.7503171049e-01  1.2047846853e+00 -7.2700851096e-01 -1.1810301018e+00  7.4881926573e-01  1.6038453253e+00  1.6477645941e-01  3.6315314243e-01  2.7110268245e+00  8.6819184812e-01 -1.1294315728e+00 -1.1379111998e+00 -8.6984405366e-01 -7.1578550028e-01 -1.0396766361e+00  1.0995298648e+00 -1.2385931945e+00  1.2221965553e+00 -7.5077057573e-01 -2.3487319191e+00  2.3137794808e+00 -8.5941736011e-01 -2.8286208284e+00  6.2569545058e-01 -1.9503929960e+00 -1.5794172976e+00  1.2428379279e+00  2.5908756077e+00  2.9274317669e+00  2.1051610233e+00  1.4389403051e+00  4.1714759189e+00  2.6320412505e+00  1.3768104169e+00  2.5415952511e+00  3.3529717406e+00 -3.0645991531e-01  3.0063711228e+00  1.5187394972e+00
ENERGY -8.558685791555e+02

JOB 15
COORDS -1.4606430618e-01  2.6870509932e-01  1.6284489329e+00  3.8919307991e-02 -8.0282321976e-01 -5.8947424997e-01  6.6345911279e-02 -1.0822942037e+00  9.2739612297e-01 -9.5322786751e-01 -2.1411437455e+00  1.3478656029e+00  1.5397401457e+00  2.9709183761e+00  2.2765516891e+00  7.1640189383e-01  1.2132435582e+00  9.0095291796e-01  6.1707932106e-01  2.5851467136e+00  1.2107513984e+00  1.6006668087e+00  1.2303014518e+00 -1.5698121515e+00 -8.6763146670e-01  1.6642993612e+00 -1.1459212478e+00  3.8735084947e-01  9.8024867222e-01 -7.9395999721e-01 -1.2047053733e+00  5.7671545771e-01  1.5960068381e+00  1.7570924490e-01  2.2663830520e-01  2.6721803243e+00  7.8792756427e-01 -1.3604018838e+00 -1.1520244675e+00 -9.5000910573e-01 -9.5602167736e-01 -1.0251234497e+00  1.0735149362e+00 -1.4208126307e+00  1.1884041883e+00 -9.0904624804e-01 -2.3164420129e+00  2.4281733456e+00 -7.6143608310e-01 -3.0948487803e+00  8.4569305752e-01 -1.9719052544e+00 -1.8259192401e+00  1.0972099794e+00  2.5616345520e+00  2.7919242127e+00  1.9361998876e+00  1.4146231476e+00  4.0423974784e+00  2.4585264124e+00  1.3823769852e+00  2.4323753030e+00  3.2245654844e+00 -3.5008835687e-01  2.8369146745e+00  1.4214357258e+00
ENERGY -8.558692466116e+02

JOB 16
COORDS -1.3436832134e-01  2.7475610582e-01  1.6338536984e+00  3.2337630951e-02 -7.8022841034e-01 -5.9446501517e-01  7.1027712004e-02 -1.0701104106e+00  9.2270272439e-01 -9.4518393514e-01 -2.1342103996e+00  1.3451568570e+00  1.5508026007e+00  2.9757502309e+00  2.2858129052e+00  7.1818536622e-01  1.2266233295e+00  9.0487557189e-01  6.1869171630e-01  2.5958337728e+00  1.2261773072e+00  1.5780444893e+00  1.2659351717e+00 -1.5742116114e+00 -8.8731872307e-01  1.6878997716e+00 -1.1223301274e+00  3.7343741598e-01  1.0053729770e+00 -7.8835513677e-01 -1.1942470779e+00  5.8024300021e-01  1.6154266320e+00  1.9857723113e-01  2.2480154700e-01  2.6737142748e+00  7.8018211468e-01 -1.3302688620e+00 -1.1658810147e+00 -9.5798665166e-01 -9.3266640110e-01 -1.0266488048e+00  1.0826077382e+00 -1.4167083199e+00  1.1538564417e+00 -1.0682195702e+00 -2.1440150291e+00  2.4337805632e+00 -6.4227600368e-01 -3.1332554621e+00  1.0187073592e+00 -1.9305322473e+00 -1.9215142293e+00  9.1593047967e-01  2.5697469886e+00  2.8018077632e+00  1.9341857282e+00  1.4249714098e+00  4.0455204334e+00  2.4770927904e+00  1.4040022299e+00  2.4297096737e+00  3.2312340145e+00 -3.4695945488e-01  2.8438742460e+00  1.4478643310e+00
ENERGY -8.558684890080e+02

JOB 17
COORDS -1.2845700557e-01  2.6207087153e-01  1.6324952430e+00  1.1110588970e-02 -7.8051062109e-01 -6.0214399162e-01  6.7492027198e-02 -1.0795812170e+00  9.1407624057e-01 -9.4059870526e-01 -2.1524940007e+00  1.3516840999e+00  1.5648948501e+00  2.9572848434e+00  2.2842125101e+00  7.1792256171e-01  1.2168171087e+00  9.0099497179e-01  6.2326404679e-01  2.5843769479e+00  1.2305445452e+00  1.5580128460e+00  1.2640077630e+00 -1.5847212218e+00 -9.0166929626e-01  1.6942941244e+00 -1.1105926407e+00  3.5875702124e-01  1.0047156946e+00 -7.9024771709e-01 -1.1884689961e+00  5.6800793529e-01  1.6259966108e+00  2.1411946553e-01  2.0559447055e-01  2.6689258420e+00  7.4940450020e-01 -1.3302859145e+00 -1.1861800311e+00 -9.8455893291e-01 -9.2432338211e-01 -1.0243343783e+00  1.0845928569e+00 -1.4254778799e+00  1.1189653575e+00 -1.2413847132e+00 -2.0039336470e+00  2.3945509895e+00 -5.3790271158e-01 -3.1624396395e+00  1.2398825225e+00 -1.8597634689e+00 -2.0893157926e+00  7.5939521751e-01  2.5805348931e+00  2.7833260352e+00  1.9231566563e+00  1.4426180206e+00  4.0263035454e+00  2.4818820269e+00  1.4250885020e+00  2.4067828358e+00  3.2281044031e+00 -3.4011069038e-01  2.8328220579e+00  1.4614393177e+00
ENERGY -8.558666512014e+02

JOB 18
COORDS -1.2514370991e-01  2.9860781558e-01  1.6346751103e+00 -4.9700541374e-02 -6.9409087164e-01 -6.1068670854e-01  6.8345713887e-02 -1.0292693844e+00  8.9080529578e-01 -9.0024275179e-01 -2.1375088661e+00  1.3482186184e+00  1.5727778607e+00  2.9720844126e+00  2.3437217344e+00  7.3000374642e-01  1.2601320613e+00  9.2297930828e-01  6.4509983566e-01  2.6231179182e+00  1.2697703812e+00  1.6306492840e+00  1.2667335494e+00 -1.5414565989e+00 -8.1253799553e-01  1.8317219318e+00 -1.1273682900e+00  3.9856039436e-01  1.0721933119e+00 -7.7870022796e-01 -1.1842693801e+00  6.0876532022e-01  1.6288644254e+00  2.1189973070e-01  2.2222021881e-01  2.6718046074e+00  6.1570957321e-01 -1.2762026195e+00 -1.2487872230e+00 -1.0764698743e+00 -7.6272145261e-01 -9.7365119462e-01  1.1005584564e+00 -1.3498799355e+00  1.0566562847e+00 -1.3764194055e+00 -1.8763845651e+00  2.2992054654e+00 -3.9315115462e-01 -3.0979564266e+00  1.4687824454e+00 -1.7128240121e+00 -2.2800837860e+00  6.2905121990e-01  2.5922971044e+00  2.7897675439e+00  1.9979911916e+00  1.4600336373e+00  4.0401695593e+00  2.5519094530e+00  1.4102128596e+00  2.4126099678e+00  3.2786629525e+00 -3.1915954279e-01  2.8812820330e+00  1.4859396965e+00
ENERGY -8.558647516026e+02

JOB 19
COORDS -2.2530402805e-01  7.0859592414e-02  1.5231121134e+00 -2.3933102154e-01 -1.0188332955e+00 -6.7448136409e-01 -3.8149942313e-02 -1.2870261659e+00  8.2940709033e-01 -9.5691966228e-01 -2.3939835202e+00  1.3902165590e+00  1.4616286004e+00  2.7967835494e+00  2.0360739381e+00  5.8271476708e-01  1.0116450811e+00  7.3232386212e-01  4.9147416003e-01  2.3873979000e+00  1.0227109601e+00  1.3677780742e+00  9.1748931972e-01 -1.7703385158e+00 -1.0611648014e+00  1.4720445755e+00 -1.2671313704e+00  1.7525373733e-01  7.4350447653e-01 -9.4242959244e-01 -1.2887519171e+00  3.6417238926e-01  1.5477012119e+00  1.5598818938e-01  4.8056638027e-02  2.5475109345e+00  3.9909082826e-01 -1.6217117198e+00 -1.3209310357e+00 -1.2833556101e+00 -1.1158296121e+00 -9.7703707599e-01  1.0088846869e+00 -1.5645403317e+00  9.7699873761e-01 -1.6079748969e+00 -2.0082648568e+00  2.1813417230e+00 -3.7602053869e-01 -3.2163866985e+00  1.8158978120e+00 -1.6043343939e+00 -2.8179675337e+00  6.1725380466e-01  2.4670623240e+00  2.6137957494e+00  1.6516092455e+00  1.3412118008e+00  3.8713394496e+00  2.2024591197e+00  1.3511903372e+00  2.2770482065e+00  3.0010852298e+00 -4.6593422419e-01  2.6410298602e+00  1.2720934289e+00
ENERGY -8.558639782092e+02

JOB 20
COORDS -2.0955987371e-01  7.7235494073e-02  1.5333154673e+00 -2.4730629607e-01 -9.8882982322e-01 -6.7466418153e-01 -2.9839367621e-02 -1.2739963521e+00  8.2171866256e-01 -9.4623812955e-01 -2.3803682533e+00  1.3793653393e+00  1.4943635166e+00  2.7910552872e+00  2.0594581229e+00  5.9531731528e-01  1.0235826530e+00  7.4536596830e-01  5.1250666508e-01  2.3962472798e+00  1.0516619006e+00  1.3525420203e+00  9.5448230981e-01 -1.7667838858e+00 -1.0691220589e+00  1.5109768298e+00 -1.2310818862e+00  1.6852678910e-01  7.7530689714e-01 -9.2783507513e-01 -1.2716920887e+00  3.7393975382e-01  1.5673788136e+00  1.7817977772e-01  4.4417342140e-02  2.5550707811e+00  3.8240213172e-01 -1.5866552198e+00 -1.3342075181e+00 -1.2955352631e+00 -1.0821913266e+00 -9.6436227733e-01  1.0175447186e+00 -1.5471020306e+00  9.7595204429e-01 -1.7716519270e+00 -1.9595124652e+00  1.9626018796e+00 -3.9120421010e-01 -3.0399960630e+00  2.0530860002e+00 -1.3681462126e+00 -3.0043323498e+00  5.8660429055e-01  2.4951498755e+00  2.6081223596e+00  1.6630257280e+00  1.3800194506e+00  3.8642553627e+00  2.2384108360e+00  1.3914226409e+00  2.2615598291e+00  3.0199979859e+00 -4.4134953888e-01  2.6511240476e+00  1.3131703246e+00
ENERGY -8.558648663277e+02

JOB 21
COORDS -2.2249691582e-01  4.7065159471e-02  1.5201277539e+00 -2.8156114455e-01 -1.0259672404e+00 -6.8912820171e-01 -5.4459617919e-02 -1.3054209467e+00  8.0686140010e-01 -9.7470629883e-01 -2.3983918852e+00  1.3684696122e+00  1.4934349331e+00  2.7624345734e+00  2.0072542901e+00  5.6683779462e-01  9.9287327710e-01  7.1526191398e-01  4.8891227711e-01  2.3658929644e+00  1.0227263287e+00  1.2590772255e+00  9.4594445840e-01 -1.8158020381e+00 -1.1560109695e+00  1.4621838394e+00 -1.2142813232e+00  1.0067404223e-01  7.4472384633e-01 -9.4685214055e-01 -1.2834150699e+00  3.4437375895e-01  1.5734449384e+00  1.8516698473e-01  1.6306162476e-02  2.5340657384e+00  3.5749314978e-01 -1.6129683487e+00 -1.3492615333e+00 -1.3285786141e+00 -1.1405272696e+00 -9.7611681005e-01  9.9096190000e-01 -1.5866241479e+00  9.6249817082e-01 -1.9243735752e+00 -1.9787742664e+00  1.7167935860e+00 -5.0922029779e-01 -2.8803888945e+00  2.2344481509e+00 -1.1820515070e+00 -3.1783038736e+00  6.3006536715e-01  2.4849801149e+00  2.5821765984e+00  1.5870997719e+00  1.3808422388e+00  3.8352385896e+00  2.1896765315e+00  1.4144605474e+00  2.2319734929e+00  2.9695215238e+00 -4.5894059598e-01  2.6186963178e+00  1.3070889601e+00
ENERGY -8.558667818425e+02

JOB 22
COORDS -2.2763271835e-01 -3.0042144661e-02  1.5115345499e+00 -2.9450767308e-01 -1.1372979212e+00 -6.8901119687e-01 -6.8733781731e-02 -1.3905471621e+00  8.1477194161e-01 -9.9614943349e-01 -2.4679122049e+00  1.3817793549e+00  1.4955988259e+00  2.6967207696e+00  1.9218886021e+00  5.4001556684e-01  9.0896709829e-01  6.7707873880e-01  4.6290739855e-01  2.2847047075e+00  9.7358306512e-01  1.1395719027e+00  8.7855994903e-01 -1.8787608800e+00 -1.2666248011e+00  1.3180518782e+00 -1.1866438344e+00  2.2353673622e-02  6.4236178715e-01 -9.6613735530e-01 -1.2882849679e+00  2.6451803790e-01  1.5827075550e+00  2.0060506374e-01 -4.3388465604e-02  2.5171963646e+00  3.7533284259e-01 -1.7068345554e+00 -1.3335231877e+00 -1.3324881156e+00 -1.2970854593e+00 -9.8630616226e-01  9.7347534087e-01 -1.6861916843e+00  9.6748273332e-01 -2.0197364859e+00 -2.0918031287e+00  1.4855475820e+00 -6.6178253763e-01 -2.7756348303e+00  2.3783153701e+00 -1.0125596752e+00 -3.3587423655e+00  7.4636306165e-01  2.4745067690e+00  2.5200824030e+00  1.4716541232e+00  1.3809745900e+00  3.7701749826e+00  2.0990689050e+00  1.4514581617e+00  2.1737098497e+00  2.8904607427e+00 -4.7702009095e-01  2.5340373198e+00  1.2857625201e+00
ENERGY -8.558685574967e+02

JOB 23
COORDS -2.0776307987e-01 -7.5091662501e-02  1.5189774487e+00 -2.9276570013e-01 -1.1848811738e+00 -6.8743085915e-01 -6.9654558203e-02 -1.4360869729e+00  8.1859520386e-01 -1.0151491925e+00 -2.4967500407e+00  1.3831185487e+00  1.5120778385e+00  2.6584498242e+00  1.8954289558e+00  5.3850067639e-01  8.6679300537e-01  6.6992657234e-01  4.6091540143e-01  2.2422377433e+00  9.6934034894e-01  1.0838819162e+00  8.5900341071e-01 -1.8972496021e+00 -1.3136036010e+00  1.2565396828e+00 -1.1521842628e+00 -9.5710665594e-03  6.0047600264e-01 -9.6233794716e-01 -1.2659448322e+00  2.1943542758e-01  1.6198484378e+00  2.4736596152e-01 -9.4174322558e-02  2.5125571470e+00  3.9225719363e-01 -1.7378721491e+00 -1.3302885453e+00 -1.3247890599e+00 -1.3645658784e+00 -9.9364845184e-01  9.6638421304e-01 -1.7600761278e+00  9.5529072580e-01 -2.0610543758e+00 -2.1960061810e+00  1.2585021608e+00 -8.3162694980e-01 -2.6526988091e+00  2.4516375825e+00 -8.7717116479e-01 -3.4573340506e+00  8.7647543510e-01  2.4818217652e+00  2.4909324904e+00  1.4224053364e+00  1.3936085642e+00  3.7303537622e+00  2.0794450090e+00  1.4937762954e+00  2.1314470552e+00  2.8626398868e+00 -4.7300561321e-01  2.4855254057e+00  1.3036617845e+00
ENERGY -8.558692470863e+02

