JOB 0
COORDS -2.3740425555e+00 -6.5471084055e-01  2.6334856321e-01  1.9457988597e+00  1.7613784057e+00 -1.1043634217e+00  8.8144691845e-01 -1.7077554660e+00  7.9089271184e-01 -3.4792650752e+00 -1.9298379542e-01  1.2843651560e+00 -1.3549259417e+00  2.5027402840e-01  1.0110187261e-01 -2.4239701237e+00 -1.7444748557e+00 -2.6175770835e-01 -3.0133398821e-01  1.6387975793e-01 -2.4238128522e+00  8.6146385874e-01  1.2055233662e+00 -3.1598113185e-01  6.3255597935e-01 -1.3480955709e+00 -5.8643140139e-01 -3.7956785925e-02  4.1566705853e-02 -9.8191603799e-01 -4.0191505148e+00  1.4914430520e+00  9.1158914871e-01 -4.8636989753e+00 -1.2921974286e+00  1.2315057821e+00 -2.7203598928e+00 -2.2638420681e-01  2.9297894999e+00  2.3236405958e+00  2.6108674286e+00 -5.3587895429e-01  1.5746564224e+00  2.0851690395e+00 -2.0785849108e+00  2.7359960951e+00  1.0168233820e+00 -1.2329881133e+00  1.5334490596e+00 -2.5804074698e+00  7.5886576932e-01 -5.8627019285e-02 -1.9677226027e+00  1.2822940305e+00  1.3760388635e+00 -8.8977668634e-01  1.3217185635e+00 -1.4293084610e+00  1.1598808264e+00  5.4661480629e-01
ENERGY -2.234286915930e+03

JOB 1
COORDS -2.3565604666e+00 -6.9052942774e-01  3.3965791199e-01  1.9544700844e+00  1.7288459984e+00 -1.0163267333e+00  8.2292694642e-01 -1.7190227865e+00  7.6799756877e-01 -3.4297583511e+00 -1.9750627616e-01  1.3819074917e+00 -1.4392208021e+00  2.6962453614e-01 -4.1618517594e-03 -2.3507646850e+00 -1.8387272331e+00 -4.4982438913e-02 -2.5637204433e-01  2.0058253145e-01 -2.4630449658e+00  8.2807324242e-01  1.1781369321e+00 -2.8458892151e-01  5.5874645314e-01 -1.3590754001e+00 -6.0811459635e-01 -6.5174449536e-02  4.6380075303e-02 -1.0125989551e+00 -4.0881599539e+00  1.4204662326e+00  9.1568008543e-01 -4.7515596144e+00 -1.3671470195e+00  1.5023658306e+00 -2.5738862074e+00 -5.7513651601e-02  2.9725370753e+00  2.3203365561e+00  2.5630095519e+00 -4.1803589915e-01  1.6318086354e+00  2.0736319180e+00 -2.0005422368e+00  2.7377639544e+00  9.7351368286e-01 -1.1226644917e+00  1.5838253912e+00 -2.4987733653e+00  7.3402896923e-01 -8.9677979109e-02 -2.1114825563e+00  1.2200138734e+00  1.1948755534e+00 -8.5950278621e-01  1.3314296004e+00 -1.5663500759e+00  1.2091638567e+00  3.6034460805e-01
ENERGY -2.234286193997e+03

JOB 2
COORDS -2.2958906222e+00 -7.5548613144e-01  6.0315840727e-01  1.9004711379e+00  1.6626175019e+00 -1.0001320374e+00  9.0830780020e-01 -1.8005350215e+00  6.6175829034e-01 -3.3767468122e+00 -1.7457319109e-01  1.5939033860e+00 -1.5094589907e+00  2.0960571199e-01  2.7031065143e-02 -2.1871563156e+00 -1.9517458537e+00  4.4908298540e-01 -3.7773501164e-01  2.2999461358e-01 -2.4343223910e+00  7.8305412624e-01  1.1070721476e+00 -2.5856466364e-01  4.7627400493e-01 -1.4108441822e+00 -6.6497617463e-01 -1.4330294023e-01  1.0334232954e-02 -9.9795009689e-01 -4.2336771515e+00  1.2392306210e+00  8.5950750118e-01 -4.5534673644e+00 -1.4260065857e+00  2.0202607503e+00 -2.4841141988e+00  3.7017660950e-01  3.0708550736e+00  2.2954459917e+00  2.4704253897e+00 -3.8434346661e-01  1.5599234515e+00  2.0450311333e+00 -1.9642621701e+00  2.6683321208e+00  8.9890898322e-01 -1.1513591418e+00  1.7468734255e+00 -2.4824293038e+00  5.1835145146e-01  8.5722972137e-02 -2.3137516496e+00  1.1602837578e+00  1.2312496815e+00 -9.3011403416e-01  1.2380805708e+00 -1.7483867559e+00  1.1785707516e+00  2.1954024153e-01
ENERGY -2.234284900182e+03

JOB 3
COORDS -2.2376527440e+00 -6.6864685468e-01  9.1882800720e-01  1.9417554325e+00  1.5865586815e+00 -8.6713691890e-01  1.0162897862e+00 -1.9271906394e+00  3.0987882430e-01 -3.5813200595e+00 -1.3023633779e-01  1.5484857835e+00 -1.5581066433e+00  2.8670843500e-01  2.0580194387e-01 -1.9018855281e+00 -1.8206209321e+00  1.0854292018e+00 -5.8468394182e-01  5.7846836389e-01 -2.2496235898e+00  8.3056547129e-01  1.0426605387e+00 -1.0880115231e-01  2.7021469044e-01 -1.3664102460e+00 -8.0319592324e-01 -2.4306475092e-01  1.2733445697e-01 -8.8866427647e-01 -4.6988872252e+00  3.0191681869e-01  2.0002289480e-01 -4.3169909280e+00 -1.3699240568e+00  2.5764130074e+00 -3.2316787167e+00  1.3486047558e+00  2.5367640821e+00  2.4373391879e+00  2.2950574645e+00 -2.0365637899e-01  1.5746935071e+00  2.0910568186e+00 -1.7630167066e+00  2.6362514403e+00  7.8877286498e-01 -1.1460944371e+00  1.7350101032e+00 -2.6189968765e+00 -1.3018421912e-01  3.1769032661e-01 -2.4513604102e+00  9.5978935020e-01  1.5386460878e+00 -1.1402879449e+00  8.5836708195e-01 -1.9999971684e+00  1.2009749823e+00  1.4541629938e-01
ENERGY -2.234284240044e+03

JOB 4
COORDS -1.2363128702e+00  5.7331740584e-01  9.1033520510e-01  2.2195801145e+00  1.1411177900e-01 -1.7952855730e+00  1.0507102925e+00 -2.2166423767e+00  1.6090002086e+00 -2.4615706410e+00  1.5574088067e+00  8.0219969422e-01 -6.5702293220e-01  2.7409512576e-01 -3.0088407116e-01 -8.7491904659e-01  1.5488335905e-01  1.9889238495e+00 -3.4766933216e-01 -1.6367396568e+00 -2.0115310038e+00  1.7461789598e+00 -7.4397142055e-01 -7.3182787779e-01  1.0643154968e-01 -2.1567058131e+00  5.0330332379e-01  2.0013329175e-01 -1.1746026845e+00 -7.2239399753e-01 -3.7862070083e+00  6.8667593813e-01 -6.0876747403e-02 -3.0028785090e+00  2.0499344576e+00  2.4144690961e+00 -1.9834261534e+00  3.0213854606e+00 -1.5202979211e-01  3.2975982424e+00  1.9663359415e-01 -1.6588818389e+00  1.7608360678e+00  1.1039896797e+00 -1.7092098566e+00  1.9915920933e+00 -3.2940137283e-01 -2.7669086592e+00  7.1266136498e-01 -3.0482405214e+00  2.2259777982e+00  1.0119075692e+00 -1.2867966830e+00  2.1747478350e+00  2.0527452882e+00 -2.4068417527e+00  1.2226442228e+00 -1.1486891094e+00  6.3485311646e-01 -1.1158956907e+00
ENERGY -2.234286050303e+03

JOB 5
COORDS -1.1675193830e+00  6.2212975423e-01  8.4702176069e-01  2.2327722854e+00  1.7400276451e-01 -1.6965400048e+00  1.0133063909e+00 -2.2885652962e+00  1.5658666196e+00 -2.4333508692e+00  1.5570148395e+00  8.2128398877e-01 -7.4309961697e-01  2.2159699459e-01 -3.9665789656e-01 -6.4626565911e-01  3.1269318450e-01  1.8971963671e+00 -2.5912459134e-01 -1.6700566222e+00 -2.0697935628e+00  1.7240704386e+00 -7.0059859054e-01 -6.6217356216e-01  5.9561472154e-02 -2.1626269357e+00  4.7449301141e-01  1.9835961675e-01 -1.1854065887e+00 -7.5396173594e-01 -3.8276860189e+00  5.7081928194e-01  2.3508239846e-01 -2.7698769888e+00  2.1869064381e+00  2.4418189640e+00 -2.1491918989e+00  2.9335569400e+00 -3.2014167654e-01  3.2919674900e+00  3.1109459306e-01 -1.4803226046e+00  1.7187156891e+00  1.1389701190e+00 -1.6554236129e+00  2.1002078166e+00 -2.8688136482e-01 -2.6776656743e+00  6.2247231181e-01 -3.0890339194e+00  2.1930186571e+00  1.0570430567e+00 -1.3539863346e+00  2.1232479596e+00  1.9923746088e+00 -2.5577734281e+00  1.1674602951e+00 -1.3320097003e+00  4.8252617547e-01 -1.1840619177e+00
ENERGY -2.234288779751e+03

JOB 6
COORDS -1.2211699139e+00  5.9701726340e-01  8.6270832479e-01  2.0368356971e+00  2.4687753094e-01 -1.5790416557e+00  9.0380592563e-01 -2.4025053678e+00  1.5397206562e+00 -2.4204828511e+00  1.6148826536e+00  9.0591142120e-01 -9.6980896613e-01  8.5426315393e-02 -3.8458352256e-01 -5.8564660513e-01  3.3833632365e-01  1.8630977593e+00 -3.4571505955e-01 -1.7381967713e+00 -2.0800252783e+00  1.5477475178e+00 -6.8999342944e-01 -5.9031264106e-01 -6.4781879422e-02 -2.2607243412e+00  4.6384855360e-01  5.5683561010e-02 -1.2543187227e+00 -7.4601394404e-01 -3.9151648275e+00  7.7580465246e-01  3.3133545733e-01 -2.6617120556e+00  2.2169744830e+00  2.5530957979e+00 -2.0414377819e+00  2.9923918889e+00 -2.0377206772e-01  3.0734327698e+00  4.5111595194e-01 -1.3123830044e+00  1.4543552280e+00  1.1720128860e+00 -1.5376180976e+00  1.9792378269e+00 -1.9438966581e-01 -2.5763584439e+00  5.0799401409e-01 -3.1936696639e+00  2.1757093552e+00  9.7820144681e-01 -1.4669213505e+00  2.0922270676e+00  1.8709420706e+00 -2.6931416365e+00  1.1269458210e+00 -1.6308812153e+00  2.9392220519e-01 -1.1282425116e+00
ENERGY -2.234290884367e+03

JOB 7
COORDS -1.0268153167e+00  5.4851763758e-01  7.8322754290e-01  2.0771618475e+00  3.8786756458e-01 -1.5401804424e+00  1.2064060444e+00 -2.3868792622e+00  1.5382168087e+00 -2.1630044401e+00  1.6365847560e+00  7.9051589533e-01 -9.0074247113e-01 -1.2414618015e-01 -4.0181725265e-01 -3.0816069702e-01  3.9751867209e-01  1.7499752136e+00 -7.4190427973e-02 -1.8664655013e+00 -2.0953138006e+00  1.6834154416e+00 -6.1923708110e-01 -5.7786111188e-01  2.4484558570e-01 -2.3604272492e+00  4.4707835629e-01  2.6593153009e-01 -1.3413613464e+00 -7.6029662216e-01 -3.6973392101e+00  9.5705555193e-01  1.1899298368e-01 -2.4423839031e+00  2.2264599210e+00  2.4367830015e+00 -1.5949929989e+00  2.9907810734e+00 -2.6749889478e-01  3.0854575441e+00  6.9200096902e-01 -1.2609448681e+00  1.4014945310e+00  1.2462038960e+00 -1.4807727016e+00  2.0709819096e+00 -3.1736900492e-02 -2.5485040849e+00  8.5106382789e-01 -3.1661732933e+00  2.2118041094e+00  1.2231819357e+00 -1.4212954374e+00  2.0417186004e+00  2.1932553634e+00 -2.6419426036e+00  1.1485517720e+00 -1.6073963307e+00  4.9140083713e-03 -1.1203644705e+00
ENERGY -2.234291898180e+03

JOB 8
COORDS -9.8401187609e-01  5.5816676067e-01  7.4760616947e-01  1.9879385269e+00  4.8633217143e-01 -1.4364598835e+00  1.1953649471e+00 -2.4370204010e+00  1.5167053370e+00 -2.0847776759e+00  1.6812415234e+00  7.1123870909e-01 -9.6903081104e-01 -2.5070118025e-01 -3.5544011958e-01 -2.0338556726e-01  4.8750416666e-01  1.6750971039e+00 -5.6913606978e-02 -1.8616806545e+00 -2.1352269970e+00  1.6403346116e+00 -6.0193177978e-01 -5.4724332064e-01  3.0013441755e-01 -2.4679422892e+00  3.7036393294e-01  2.6318611110e-01 -1.3821763137e+00 -7.7889992638e-01 -3.6821558565e+00  9.9099273422e-01  2.2626970874e-01 -2.2259481484e+00  2.4605229231e+00  2.2948890961e+00 -1.5528235814e+00  2.8883368476e+00 -5.3002816996e-01  2.9883863772e+00  8.0404603584e-01 -1.1447405478e+00  1.2849973111e+00  1.3144512988e+00 -1.3081529946e+00  1.9849195550e+00  1.4189146056e-01 -2.4729650382e+00  8.8180097505e-01 -3.2694196089e+00  2.1461872519e+00  1.0937830896e+00 -1.4906072854e+00  2.0469495224e+00  2.2229408608e+00 -2.5817834840e+00  1.1792166918e+00 -1.6930731744e+00 -1.3830585632e-01 -1.0593811468e+00
ENERGY -2.234291791107e+03

JOB 9
COORDS -7.6325205572e-01  5.7102441749e-01  6.8829134681e-01  2.0070112324e+00  6.0013465693e-01 -1.4825820219e+00  9.7521502464e-01 -2.4189159151e+00  1.4971857519e+00 -1.9438046342e+00  1.6131447774e+00  7.0144605726e-01 -8.5088317738e-01 -3.6004949121e-01 -3.1344120294e-01  1.4558728712e-01  6.6096678941e-01  1.4872803589e+00  1.6653714830e-02 -1.8004355997e+00 -2.2746717697e+00  1.7494842112e+00 -5.8227255007e-01 -6.8751129198e-01  5.5673619887e-01 -2.5940868436e+00  1.1813837836e-01  3.9782436189e-01 -1.3998354070e+00 -9.0978648008e-01 -3.5371524900e+00  7.8103974968e-01  5.1205586723e-01 -1.9320008073e+00  2.5402547360e+00  2.2103393575e+00 -1.6725667584e+00  2.7149229885e+00 -7.0847916635e-01  3.0204311371e+00  9.1258299643e-01 -1.2336593904e+00  1.3019743903e+00  1.3928798806e+00 -1.2184133928e+00  1.9326804349e+00  3.6146803539e-01 -2.5458035083e+00  1.2266926613e+00 -3.4171633831e+00  1.8543152856e+00  1.5198796594e-01 -2.0033927663e+00  2.0810530939e+00  1.8415393602e+00 -1.7592686714e+00  1.5519905771e+00 -1.6726424890e+00 -3.4315170927e-01 -9.1168314117e-01
ENERGY -2.234290836851e+03

JOB 10
COORDS -7.1829540361e-01  6.1075680462e-01  6.7227871430e-01  2.0275523889e+00  6.2763272626e-01 -1.4225472907e+00  9.2472491461e-01 -2.4755119152e+00  1.4520317167e+00 -1.9447536130e+00  1.5993840585e+00  6.7092986276e-01 -8.4341622234e-01 -4.3706561436e-01 -2.0591618265e-01  2.4295586213e-01  8.2878118099e-01  1.3789212494e+00  2.1124066320e-02 -1.7254357264e+00 -2.2933160110e+00  1.7597494765e+00 -5.7616163281e-01 -6.6134173263e-01  6.0879795993e-01 -2.6429504745e+00  4.6927847800e-02  4.1709276248e-01 -1.3940774774e+00 -9.1438674987e-01 -3.5095112888e+00  6.9399097696e-01  6.7600085155e-01 -1.8743073625e+00  2.6711139260e+00  2.0792844143e+00 -1.8162589561e+00  2.5633182051e+00 -8.5470206939e-01  3.0534786297e+00  9.0707402883e-01 -1.1862004445e+00  1.3493371053e+00  1.4264966196e+00 -1.1133680334e+00  1.9243804015e+00  4.2630665320e-01 -2.4909455167e+00  1.0980028598e+00 -3.4798180125e+00  1.8371753204e+00  8.0169812948e-02 -2.0151630169e+00  1.9706162390e+00  1.8169608991e+00 -1.8588304319e+00  1.5701635967e+00 -1.7054773317e+00 -4.8831124128e-01 -7.4348914431e-01
ENERGY -2.234289681160e+03

JOB 11
COORDS -6.8340220977e-01  8.1274896892e-01  6.4147000651e-01  2.1946140418e+00  6.6989862867e-01 -1.3426577988e+00  8.9240097138e-01 -2.5007516837e+00  1.3649781284e+00 -2.0289367535e+00  1.6249371264e+00  7.7464991899e-01 -8.0269759706e-01 -3.2515324402e-01 -1.1776184760e-01  3.3114090532e-01  1.2184614209e+00  1.1669833529e+00  2.9229219650e-02 -1.4788866664e+00 -2.3155441527e+00  1.7996670280e+00 -5.1453905246e-01 -6.0135835277e-01  5.5315254201e-01 -2.5741925586e+00 -4.1165107976e-02  4.2794017033e-01 -1.2514631608e+00 -9.1669913786e-01 -3.3925302633e+00  5.2190324128e-01  1.2188248598e+00 -1.8658466708e+00  2.8909741186e+00  2.0022325876e+00 -2.3576977478e+00  2.3638922328e+00 -8.4175245744e-01  3.2789150642e+00  7.2939946240e-01 -1.2539154156e+00  1.7338389811e+00  1.5475261101e+00 -8.8651169999e-01  1.9082453862e+00  5.7194974734e-01 -2.3918803255e+00  8.8213514516e-01 -3.5280517850e+00  1.7277124479e+00  1.4659219993e-01 -1.9078440211e+00  1.9019537443e+00  1.8831725095e+00 -2.0601225900e+00  1.4899664253e+00 -1.7187741473e+00 -4.9572844836e-01 -5.2680464465e-01
ENERGY -2.234287869024e+03

JOB 12
COORDS -7.7576369943e-01  1.0018210864e+00  3.3976747284e-01  2.4954442162e+00  5.5299424394e-01 -1.2360188011e+00  5.9260596280e-01 -2.5392021920e+00  1.2323438718e+00 -2.1698456167e+00  1.4384263166e+00  9.3891980224e-01 -8.1379834849e-01 -2.1657487531e-01 -2.8611731230e-01  2.0123743059e-01  1.7001365313e+00  5.0522217328e-01  2.7650721602e-01 -1.2883060128e+00 -2.4633124490e+00  1.8044862925e+00 -4.7768502951e-01 -4.7507671504e-01  3.7872077353e-01 -2.5066387008e+00 -1.9931125200e-01  4.6416413902e-01 -1.1364365455e+00 -1.0114820948e+00 -2.4923620606e+00  3.6231742832e-01  2.3583916473e+00 -2.1148288189e+00  3.1293471897e+00  1.4584742799e+00 -3.4881106004e+00  1.2228902320e+00 -2.8225096368e-01  3.5336903163e+00  5.1451518657e-01 -9.0760012094e-01  2.0533761838e+00  1.5199215967e+00 -9.9610978260e-01  2.4263108861e+00  3.3689291344e-01 -2.3036594199e+00  4.3690114609e-01 -3.5746192313e+00  1.5341110074e+00 -1.2771777706e-01 -1.8901871980e+00  1.7389192729e+00  1.6117217511e+00 -2.2244893127e+00  1.4657134717e+00 -1.7382732639e+00 -5.9574416358e-01 -4.7782553135e-01
ENERGY -2.234287203805e+03

JOB 13
COORDS -8.0025262371e-01  1.1810297905e+00  5.6782584288e-01  2.6006682682e+00  7.4187775208e-01 -8.7945481497e-01  6.1553305229e-01 -2.5940033024e+00  1.1184510504e+00 -2.1101079867e+00  1.5051881178e+00  1.3841542352e+00 -8.1047898389e-01 -5.9460050050e-02 -1.1381527572e-02  1.1427423111e-01  1.9765683819e+00  5.3869083794e-01  3.4178133609e-01 -7.6889704832e-01 -2.3338172133e+00  1.7973975563e+00 -2.6968462950e-01 -2.0590114872e-01  3.4705210515e-01 -2.3216312358e+00 -2.7840243245e-01  4.7269179272e-01 -8.4388790974e-01 -8.7019889700e-01 -2.0856278362e+00  4.5838415860e-01  2.8618614979e+00 -2.1407159141e+00  3.2118835149e+00  1.8496854665e+00 -3.5817975043e+00  1.1160156075e+00  4.0521044806e-01  3.6081607478e+00  6.3038624695e-01 -4.7931495353e-01  2.1932543738e+00  1.7236927649e+00 -6.4019921919e-01  2.5955162306e+00  5.6529036436e-01 -1.9562863582e+00  4.0519377368e-01 -3.6535616071e+00  1.2618044688e+00 -3.6802623969e-02 -1.9922775313e+00  1.7582793640e+00  1.6616682480e+00 -2.3798441633e+00  1.3454315923e+00 -1.6982593016e+00 -5.5477127393e-01 -2.8698857083e-02
ENERGY -2.234287598786e+03

JOB 14
COORDS -8.0847852999e-01  1.2483554724e+00  5.1152923007e-01  2.6358637280e+00  6.6570876227e-01 -8.6392699874e-01  6.2782539968e-01 -2.6913598862e+00  1.0067446517e+00 -2.0412652913e+00  1.6304152112e+00  1.4142953013e+00 -8.0335302537e-01 -5.9468839683e-02  1.0659550995e-01  6.1055439963e-02  2.0612253107e+00  2.7912260030e-01  2.7072298102e-01 -6.3409185800e-01 -2.3057012925e+00  1.7831088138e+00 -3.0245987093e-01 -1.8688968483e-01  2.7177919757e-01 -2.3134280048e+00 -3.4541137533e-01  4.2723248577e-01 -8.0645510980e-01 -8.5310065214e-01 -1.8153827075e+00  7.9146466774e-01  3.0019683771e+00 -2.1110180604e+00  3.3816525971e+00  1.6564174024e+00 -3.5818925922e+00  1.0600100528e+00  6.5379390873e-01  3.6288900903e+00  5.3005270791e-01 -4.3575311729e-01  2.2558240332e+00  1.6665498866e+00 -6.6116364862e-01  2.6497665786e+00  4.6557874083e-01 -1.9364178601e+00  3.6856482567e-01 -3.7456556877e+00  1.0999821572e+00  6.2182074120e-02 -2.1000397023e+00  1.7331877175e+00  1.6982258311e+00 -2.5468736370e+00  1.1639751128e+00 -1.6596743188e+00 -5.9388776230e-01  2.2518389002e-01
ENERGY -2.234288211100e+03

JOB 15
COORDS -8.1118285309e-01  1.3195920543e+00  5.6874234606e-01  2.6443090312e+00  5.8692173170e-01 -8.1822809092e-01  6.4993434946e-01 -2.7772565026e+00  9.9640759295e-01 -2.0503786119e+00  1.7836519348e+00  1.4197315123e+00 -7.5974724097e-01 -3.2250001299e-02  3.4939503725e-01  2.5602747059e-02  2.1147317255e+00  1.9591138896e-01  1.3716625203e-01 -5.1187487275e-01 -2.1580125051e+00  1.7916578092e+00 -3.7122648121e-01 -1.2632477097e-01  1.7490825022e-01 -2.2969008744e+00 -2.8474408156e-01  3.7107783533e-01 -7.7433278838e-01 -7.2984297641e-01 -1.9207916592e+00  1.0231079012e+00  3.0572377511e+00 -2.0727841020e+00  3.5458727113e+00  1.5718267425e+00 -3.5695227627e+00  1.2168992263e+00  6.1737018094e-01  3.6427142522e+00  4.3712976652e-01 -4.0769619979e-01  2.2830445861e+00  1.5943269712e+00 -6.1233632981e-01  2.6358211928e+00  3.8785104896e-01 -1.8909789899e+00  3.3070423358e-01 -3.8171058509e+00  1.0622936377e+00  2.1018581722e-01 -2.1974431554e+00  1.8136375445e+00  1.7383300658e+00 -2.7091708640e+00  1.0393254999e+00 -1.5848179689e+00 -5.8057805585e-01  5.7637986020e-01
ENERGY -2.234288182500e+03

JOB 16
COORDS -7.7962721696e-01  1.3475847297e+00  6.1708185344e-01  2.6884373675e+00  5.6023915092e-01 -8.1971880429e-01  7.4797140229e-01 -2.8772834893e+00  8.6501664870e-01 -2.0564591015e+00  1.8032385297e+00  1.4121466513e+00 -6.2156801146e-01 -1.3899035234e-02  5.3178960510e-01 -7.7990507733e-03  2.1571421250e+00  1.4799140269e-01  5.8285202557e-02 -3.6560038552e-01 -2.0636893238e+00  1.8744685393e+00 -4.5915569368e-01 -1.6927316381e-01  1.4539284624e-01 -2.2718178641e+00 -3.0484813764e-01  3.8608143803e-01 -7.3663795047e-01 -6.7923958012e-01 -2.0280189380e+00  1.0465430431e+00  3.0578906076e+00 -2.0973885510e+00  3.5655055403e+00  1.5636423661e+00 -3.5121098029e+00  1.2229639517e+00  5.1328726260e-01  3.6953932191e+00  4.2039954324e-01 -4.2723047489e-01  2.3038109339e+00  1.5480248596e+00 -5.6452325320e-01  2.6728019589e+00  4.1341863748e-01 -1.9008727781e+00  3.6649154640e-01 -3.8974230555e+00  9.0189355327e-01  4.6085161668e-01 -2.3366911800e+00  1.7720484915e+00  1.8345189778e+00 -2.8793487885e+00  7.6531679936e-01 -1.3947018377e+00 -5.9276132393e-01  8.4955704341e-01
ENERGY -2.234287059974e+03

JOB 17
COORDS -1.6714079133e+00  1.4291448658e+00  1.3526696094e-01  2.0577946019e+00  2.7931899913e-01  6.4570824500e-01  5.3062907185e-01 -3.0412285265e+00 -9.1235434425e-01 -2.8701667860e+00  1.6368570600e+00  1.1333974067e+00 -9.7586754777e-01  2.5557600305e-01  3.4304343432e-01 -1.4006424869e+00  2.2513224709e+00 -7.0733993778e-01 -4.4997862312e-01 -4.2772387443e-01 -2.2590293495e+00  1.4701410816e+00  1.5524856541e-01 -6.6685530407e-01  5.2720258591e-02 -1.9108449480e+00 -1.3907979916e-01  1.0371799244e-02 -4.6666644342e-01 -8.6458575557e-01 -2.2393755809e+00  1.5515554929e+00  2.8311007600e+00 -3.6400993177e+00  3.2039143971e+00  8.5746480835e-01 -4.0620003960e+00  3.0338299412e-01  8.7301375992e-01  3.0505014681e+00  7.0160171473e-01  4.9134000292e-01  2.1370828162e+00 -7.0086475080e-01  1.1246008939e+00  1.4592370147e+00  9.5166798287e-01  1.2659904775e+00  4.0605133181e-01 -3.9152143479e+00 -2.7359572005e-01  1.5869166487e+00 -2.9088578794e+00 -1.1626861323e+00 -5.9825071198e-02 -3.1465224193e+00 -1.8246078009e+00 -1.3397195371e+00 -3.9347744627e-01  1.0354739788e+00
ENERGY -2.234284806270e+03

JOB 18
COORDS -2.2087386599e+00  4.6965203478e-01 -4.0187670042e-01  1.8049078033e+00  1.2540656437e+00  6.6626638804e-03  1.8104018587e+00 -2.6070204691e+00 -3.8624124955e-01 -3.3230787443e+00  4.0696481868e-01  7.0924388034e-01 -9.7627004524e-01  1.5097907372e-02  3.1369831428e-02 -2.4449810254e+00  8.9503653319e-01 -1.5056901059e+00 -1.9491676335e-01 -1.1565886456e+00 -2.3194448608e+00  1.3400909189e+00  5.3105897012e-01 -1.1523445809e+00  8.2298907183e-01 -1.6475899857e+00  6.8622891039e-02  2.2639570583e-01 -6.1295573173e-01 -1.0225813381e+00 -3.6077349348e+00 -1.3305786040e+00  1.1153266400e+00 -2.7375408745e+00  1.2780298465e+00  2.1892122537e+00 -4.8172645218e+00  1.1517069012e+00  1.2890674829e-01  2.5737916222e+00  1.9375653650e+00 -3.5298588563e-01  2.2308150442e+00  5.6692031484e-01  7.4387514734e-01  9.8299228919e-01  1.8205482391e+00  4.5295727697e-01  2.0439775468e+00 -3.2300412043e+00  4.7671922818e-01  2.7115657401e+00 -2.0908765227e+00 -7.2974366572e-01  1.3960406032e+00 -3.2144898714e+00 -1.1934376890e+00 -9.3882840275e-01 -3.7328982253e-01  9.7036710521e-01
ENERGY -2.234282799205e+03

JOB 19
COORDS -2.2687029365e+00  3.9582585007e-01 -4.4316633967e-01  1.8640051659e+00  1.2022852780e+00  9.9218869589e-02  1.7458414453e+00 -2.6027851040e+00 -4.1190518537e-01 -3.2991845623e+00  3.7950673399e-01  7.5054474873e-01 -9.7060493862e-01  1.2241769158e-01 -4.1660936439e-02 -2.6207660059e+00  6.4273725893e-01 -1.5686752170e+00 -1.5636928866e-01 -1.0261630000e+00 -2.3873909448e+00  1.4209277598e+00  5.3219523001e-01 -1.0981648145e+00  7.4366232814e-01 -1.6482121605e+00  2.0638477436e-02  2.3900155896e-01 -5.5186642443e-01 -1.0567612381e+00 -3.3765049729e+00 -1.3079384820e+00  1.3944273429e+00 -2.7168204222e+00  1.4914273566e+00  2.0608327829e+00 -4.8958159150e+00  8.9543723146e-01  1.9609582310e-01  2.6943935798e+00  1.8411299199e+00 -2.0090692238e-01  2.2034961013e+00  4.7681753872e-01  8.4505032157e-01  1.0568007782e+00  1.8155313745e+00  5.1011270735e-01  1.9090108622e+00 -3.2710540944e+00  4.3320087444e-01  2.6763647080e+00 -2.0877057299e+00 -6.6779241870e-01  1.3785708071e+00 -3.1636429266e+00 -1.2738718895e+00 -8.5865245135e-01 -1.2907473560e-01  9.3751131772e-01
ENERGY -2.234280578262e+03

JOB 20
COORDS -2.6284094997e+00 -6.2458693569e-01  1.6063974875e-01  1.6051015431e+00  1.6998118228e+00 -1.1863337019e+00  1.4278582455e+00 -1.6079579306e+00  8.3909580793e-01 -3.5879986939e+00  1.8036941724e-02  1.2340932469e+00 -1.2925146015e+00 -3.2607428225e-01  3.7733308038e-01 -3.0601841675e+00 -1.3081503381e+00 -7.3284961315e-01 -5.5758853932e-01 -3.1890987370e-01 -2.2572753388e+00  5.6963705772e-01  1.1144959376e+00 -3.5585709005e-01  9.4769649203e-01 -1.4198408086e+00 -5.0845044531e-01 -1.0449689367e-01 -2.6417797440e-01 -8.6227098628e-01 -3.5285257372e+00  1.8112617452e+00  1.0204712334e+00 -5.2403071411e+00 -5.7009286451e-01  1.0167316968e+00 -3.0036107579e+00 -4.0383064494e-01  2.9001090561e+00  1.8760332739e+00  2.6412224834e+00 -7.0922037429e-01  1.2181406125e+00  1.8799460949e+00 -2.1913265072e+00  2.4752124220e+00  1.0384654229e+00 -1.2313513523e+00  2.1552094164e+00 -2.4180436405e+00  7.9065023755e-01  6.0184252876e-01 -1.8911830883e+00  1.4976161476e+00  1.9095166180e+00 -6.9731025689e-01  1.2084623688e+00 -1.1048901594e+00  3.1288227539e-01  1.1461976584e+00
ENERGY -2.234280915227e+03

JOB 21
COORDS -2.5325361784e+00 -6.8157468569e-01  2.7568169958e-01  1.6690050518e+00  1.7269501363e+00 -1.1887276626e+00  1.3875651316e+00 -1.6800517531e+00  7.9674516308e-01 -3.5692227721e+00 -4.2422020271e-02  1.2738836848e+00 -1.2478851450e+00 -1.9274456499e-01  4.2842509774e-01 -2.8651436296e+00 -1.5239077617e+00 -5.2155958301e-01 -5.6317383544e-01 -1.7760651953e-01 -2.2238052083e+00  6.8553592637e-01  1.1240338276e+00 -3.0908161883e-01  8.8382681887e-01 -1.4344154179e+00 -5.3348631657e-01 -8.3252958130e-02 -1.9601695453e-01 -8.3576269530e-01 -3.7299006692e+00  1.7087736135e+00  8.5675498062e-01 -5.1361370990e+00 -8.4936608452e-01  1.1386705412e+00 -2.9444499788e+00 -1.9786421692e-01  2.9694399175e+00  2.0078905556e+00  2.6311771124e+00 -6.8390177952e-01  1.2090603814e+00  1.9738112892e+00 -2.1475951014e+00  2.5107399882e+00  1.0453079488e+00 -1.3402013159e+00  2.0241257177e+00 -2.5612364537e+00  7.1981777765e-01  5.6003857159e-01 -1.8775784291e+00  1.4835940998e+00  1.9727631638e+00 -8.2585082514e-01  1.1500864600e+00 -1.1248507291e+00  5.6320975599e-01  1.0972269961e+00
ENERGY -2.234283181569e+03

JOB 22
COORDS -2.5055517549e+00 -6.6573626361e-01  3.0087139207e-01  1.7377806528e+00  1.7238541321e+00 -1.2038932782e+00  1.2003930302e+00 -1.7295870846e+00  7.9082271757e-01 -3.5929623074e+00 -8.4497805184e-02  1.2787856438e+00 -1.2903668511e+00 -1.8036423131e-02  3.7765052321e-01 -2.7396603932e+00 -1.6103916007e+00 -4.1508039151e-01 -5.5100566477e-01 -5.0269051542e-02 -2.2608328701e+00  7.5464297222e-01  1.1353444243e+00 -3.1395792862e-01  7.4181512396e-01 -1.4352331660e+00 -5.4650566878e-01 -1.0449205170e-01 -1.1783647217e-01 -8.6235926362e-01 -3.8860977319e+00  1.6466238616e+00  8.5054924010e-01 -5.0961656720e+00 -1.0053593346e+00  1.1491616170e+00 -2.9549984915e+00 -1.8108907708e-01  2.9736380761e+00  2.1159946810e+00  2.6070027469e+00 -6.8970889614e-01  1.2673530665e+00  2.0024050941e+00 -2.1488311006e+00  2.5535664216e+00  1.0184233705e+00 -1.3843995724e+00  1.7578128943e+00 -2.6630689718e+00  7.1784428004e-01  3.4815537084e-01 -1.8556276821e+00  1.4635876981e+00  1.8519065027e+00 -9.3089300418e-01  1.1568920811e+00 -1.2313230677e+00  8.1449777789e-01  9.5761309304e-01
ENERGY -2.234285193269e+03

JOB 23
COORDS -2.3974744218e+00 -6.1978960561e-01  2.6061604556e-01  1.8942583223e+00  1.7519124943e+00 -1.2251526498e+00  1.0566969007e+00 -1.7060955165e+00  7.7980977780e-01 -3.4958864044e+00 -1.1900496954e-01  1.2697880966e+00 -1.2713192921e+00  1.6911614635e-01  2.2801328944e-01 -2.5419981527e+00 -1.6410838260e+00 -3.7146083263e-01 -4.0044935602e-01  7.6247064619e-02 -2.3690663582e+00  8.7436509859e-01  1.1859733163e+00 -3.6177865712e-01  7.0435867508e-01 -1.3807532186e+00 -5.8279718165e-01 -3.2961321305e-02 -1.4186463128e-02 -9.4814269955e-01 -3.8858252850e+00  1.6152835741e+00  9.3907251749e-01 -4.9581561496e+00 -1.1024429106e+00  1.1274253297e+00 -2.8070579586e+00 -2.6815124857e-01  2.9395232225e+00  2.2868584615e+00  2.6192918981e+00 -6.9502299953e-01  1.4549513673e+00  2.0507693140e+00 -2.1787409797e+00  2.6922292820e+00  1.0233267636e+00 -1.3918124878e+00  1.6312086437e+00 -2.6305783801e+00  7.2747516240e-01  1.5376735077e-01 -1.8630471064e+00  1.3748417218e+00  1.6644015752e+00 -9.1088345915e-01  1.2207193143e+00 -1.2774041844e+00  1.0508479950e+00  7.3240644311e-01
ENERGY -2.234286516692e+03

