JOB 0
COORDS  2.0369350845e+00 -1.2023002273e+00  2.3185345649e-02  9.8664772132e-01 -5.5289893321e-01  6.6631589494e-01  3.0895771756e+00 -1.7361898632e+00  7.6938283330e-01  9.8250179822e-01 -3.9214386824e-01  2.0588710582e+00  3.1339048362e+00 -1.5889374485e+00  2.1611071812e+00  2.0885404829e+00 -8.7300355434e-01  2.7834861229e+00 -1.5016867191e+00 -5.8257159037e-01  2.4636790111e+00 -4.1534570535e-01  1.7062774816e+00  2.3546400449e+00  3.6578331121e+00 -3.3536136528e+00  3.8792839679e+00  5.1136083658e+00 -1.2752127019e+00  3.7600423193e+00  2.4558406829e+00  6.3104298989e-01  4.5877855734e+00 -2.2420107419e-01  2.3026229140e-01  2.7484911590e+00  4.2541931728e+00 -2.2683648961e+00  2.9622363568e+00  5.1014873391e+00 -2.9077020115e+00  1.9807151301e+00  2.1300304980e+00 -6.9894765154e-01  4.1666985585e+00  2.0275132318e+00 -1.3180233096e+00 -1.0576861128e+00  1.4872744759e-01 -1.7862097797e-01  8.3292009119e-02  3.8863865270e+00 -2.2805346658e+00  2.7908973456e-01 -1.7654850793e+00 -5.6060038758e-01  1.4011104264e+00 -2.3481300054e+00 -1.7162319298e-01  3.0255729175e+00 -1.3716832401e+00 -1.6293734053e+00  2.7552170952e+00 -6.3237770625e-01  1.8037477502e+00  1.2853415939e+00  4.8305684404e-01  2.2969783217e+00  2.5616321580e+00 -1.2520530139e+00  2.1494221572e+00  2.9064957205e+00  3.2925417742e+00 -4.1774581381e+00  3.2588021178e+00  4.4193293947e+00 -3.7434421569e+00  4.5664314559e+00  2.8191172622e+00 -2.9684289373e+00  4.4609698773e+00  5.9949037589e+00 -1.7944140836e+00  4.1571458632e+00  4.5668197085e+00 -8.6353165117e-01  4.6076353093e+00  5.4588424002e+00 -4.6104439146e-01  3.1166766877e+00  2.6465869408e+00  5.7710561747e-01  5.6624415937e+00  1.6316655589e+00  1.3282518442e+00  4.4044167239e+00  3.3503222046e+00  9.9949481597e-01  4.0736825152e+00 -5.7405926253e-02  1.7886950657e-01  3.8266268931e+00  5.7854492066e+00 -3.3922409002e+00  2.4694804345e+00
ENERGY -6.579992201954e+02

JOB 1
COORDS  2.0162458812e+00 -1.2043155244e+00  1.2270936468e-02  9.7063533745e-01 -5.5178607098e-01  6.5959033557e-01  3.0708024700e+00 -1.7410713182e+00  7.5394251642e-01  9.7294199094e-01 -3.9221053732e-01  2.0523930353e+00  3.1216055738e+00 -1.5943231988e+00  2.1453777508e+00  2.0805900747e+00 -8.7590053641e-01  2.7724561469e+00 -1.5117612469e+00 -5.7180653668e-01  2.4611852566e+00 -4.1341021213e-01  1.7116512491e+00  2.3599676828e+00  3.6529799013e+00 -3.3564420224e+00  3.8749103214e+00  5.1100108227e+00 -1.2733116558e+00  3.7288955622e+00  2.4545542116e+00  6.2039476094e-01  4.5829168857e+00 -2.2942082449e-01  2.3290607382e-01  2.7470019809e+00  4.2455120605e+00 -2.2720853763e+00  2.9444627979e+00  5.0835674106e+00 -2.9130888387e+00  1.9554975326e+00  2.1282623013e+00 -7.0760330534e-01  4.1560142201e+00  2.0016764258e+00 -1.3204574132e+00 -1.0684972516e+00  1.3136522622e-01 -1.7485102777e-01  8.0210834965e-02  3.8639876779e+00 -2.2870778429e+00  2.5977495316e-01 -1.7781548372e+00 -5.4313819330e-01  1.3994335245e+00 -2.3546623130e+00 -1.5925149184e-01  3.0272047654e+00 -1.3866047484e+00 -1.6207401578e+00  2.7471462947e+00 -6.3130248247e-01  1.8147587632e+00  1.2913655696e+00  4.8843427070e-01  2.2966087451e+00  2.5682728431e+00 -1.2470102003e+00  2.1568305403e+00  2.9149023771e+00  3.5100173471e+00 -4.2691136710e+00  3.2879234908e+00  4.3254466741e+00 -3.5788113798e+00  4.7114846753e+00  2.6764722700e+00 -3.0693084976e+00  4.2656882388e+00  5.9958282806e+00 -1.7892354810e+00  4.1205719094e+00  4.5694970346e+00 -8.6111525870e-01  4.5801822129e+00  5.4471471573e+00 -4.6036016855e-01  3.0796883349e+00  2.6594278433e+00  5.5915152682e-01  5.6545882957e+00  1.6256133580e+00  1.3160357839e+00  4.4157701801e+00  3.3408409685e+00  9.9632867301e-01  4.0601350763e+00 -6.0884581593e-02  1.7579796625e-01  3.8245616392e+00  5.7844298496e+00 -3.3805682336e+00  2.4371600168e+00
ENERGY -6.579972230074e+02

JOB 2
COORDS  1.9878496497e+00 -1.1937488740e+00 -1.6353585004e-02  9.4701032179e-01 -5.4293978034e-01  6.4039591486e-01  3.0422966497e+00 -1.7425202968e+00  7.1698857057e-01  9.5280237181e-01 -3.9722061471e-01  2.0349597331e+00  3.0957319818e+00 -1.6097046177e+00  2.1092560978e+00  2.0604957515e+00 -8.9244507178e-01  2.7465884987e+00 -1.5353716099e+00 -5.5852324731e-01  2.4358700558e+00 -4.1224067290e-01  1.7142218362e+00  2.3792584632e+00  3.6388217243e+00 -3.3419618480e+00  3.8860876472e+00  5.1152913173e+00 -1.2758962091e+00  3.6364954347e+00  2.4365832071e+00  5.8139849093e-01  4.5773007618e+00 -2.4485512444e-01  2.2651505868e-01  2.7387539903e+00  4.2211571329e+00 -2.2887001211e+00  2.9033754216e+00  5.0329007252e+00 -2.9628059944e+00  1.9139205634e+00  2.1177871758e+00 -7.4210662569e-01  4.1316179246e+00  1.9692934548e+00 -1.2993663508e+00 -1.0981398750e+00  1.0808616249e-01 -1.5655897751e-01  6.6799369795e-02  3.8316809646e+00 -2.2880501156e+00  2.1607500667e-01 -1.8012680745e+00 -5.0532165401e-01  1.3749765311e+00 -2.3740454372e+00 -1.4853447617e-01  3.0099502286e+00 -1.4217057502e+00 -1.6143568898e+00  2.7004241793e+00 -6.2540043092e-01  1.8389964559e+00  1.3119961649e+00  4.9501980883e-01  2.2856368945e+00  2.6010163512e+00 -1.2429700031e+00  2.1578228411e+00  2.9397669859e+00  3.7241696343e+00 -4.3292414945e+00  3.4216420583e+00  4.1808491897e+00 -3.3541479186e+00  4.8372704571e+00  2.5806790614e+00 -3.1779827441e+00  4.0890359177e+00  5.9953108478e+00 -1.7923660301e+00  4.0410522512e+00  4.5936559243e+00 -8.1719635856e-01  4.4755476283e+00  5.4594752465e+00 -4.9777097008e-01  2.9494153291e+00  2.6796070459e+00  4.9986281283e-01  5.6396567032e+00  1.5910622381e+00  1.2663851375e+00  4.4554535482e+00  3.2976190839e+00  9.8479186816e-01  4.0330951809e+00 -7.9023657396e-02  1.4691059045e-01  3.8153661061e+00  5.7551380487e+00 -3.4018564410e+00  2.3905296388e+00
ENERGY -6.579949946061e+02

JOB 3
COORDS  1.9491067777e+00 -1.1788846134e+00 -4.9943120898e-02  9.1110381326e-01 -5.3384158487e-01  6.1726661061e-01  3.0028646826e+00 -1.7411696515e+00  6.7442240198e-01  9.1730633607e-01 -4.0816010557e-01  2.0140920470e+00  3.0554541337e+00 -1.6273240766e+00  2.0678806703e+00  2.0238994697e+00 -9.1686010528e-01  2.7172530247e+00 -1.5763871021e+00 -5.4706480449e-01  2.3974000792e+00 -4.2143262740e-01  1.7102801626e+00  2.4082372615e+00  3.6186977351e+00 -3.3055943596e+00  3.9074172970e+00  5.1181631723e+00 -1.2777598949e+00  3.5148623411e+00  2.3943985431e+00  5.2610994641e-01  4.5772605835e+00 -2.7665758867e-01  2.1105571389e-01  2.7277734141e+00  4.1826955050e+00 -2.3058693375e+00  2.8549955485e+00  4.9592259206e+00 -3.0319588736e+00  1.8740573870e+00  2.0893808199e+00 -7.9086681742e-01  4.1040242334e+00  1.9285795012e+00 -1.2691869713e+00 -1.1330747579e+00  7.3346518937e-02 -1.3636256652e-01  4.9619041468e-02  3.7904368348e+00 -2.2833780621e+00  1.6664457192e-01 -1.8384962779e+00 -4.5861035407e-01  1.3379611876e+00 -2.4112650736e+00 -1.4278790863e-01  2.9809397767e+00 -1.4781162382e+00 -1.6117537936e+00  2.6307553667e+00 -6.2448206791e-01  1.8662110544e+00  1.3430764598e+00  4.9174267182e-01  2.2629078988e+00  2.6520118208e+00 -1.2504579856e+00  2.1499030416e+00  2.9744199769e+00  3.9338613958e+00 -4.3188026531e+00  3.6408118340e+00  3.9826573253e+00 -3.0798753605e+00  4.9137777097e+00  2.5291258908e+00 -3.2983768107e+00  3.9431409286e+00  5.9780565787e+00 -1.7958358426e+00  3.9594202031e+00  4.6177167531e+00 -7.3453822488e-01  4.3155284265e+00  5.4897626078e+00 -5.6809165072e-01  2.7703219074e+00  2.6994450616e+00  4.1740344067e-01  5.6211229884e+00  1.5235702462e+00  1.1881528976e+00  4.5272038962e+00  3.2108476584e+00  9.7455132199e-01  4.0004646723e+00 -1.1763477779e-01  9.9528163612e-02  3.8026789281e+00  5.6989282636e+00 -3.4441911297e+00  2.3472192627e+00
ENERGY -6.579939696131e+02

JOB 4
COORDS  1.9297528558e+00 -1.1525498710e+00 -5.5735706344e-02  8.8910656577e-01 -5.1371593736e-01  6.1355998094e-01  2.9784895765e+00 -1.7247192461e+00  6.6808675236e-01  8.8763608828e-01 -4.0372494879e-01  2.0117590313e+00  3.0231939206e+00 -1.6260217842e+00  2.0629338857e+00  1.9900349121e+00 -9.2131477135e-01  2.7151538500e+00 -1.6073984073e+00 -5.4979792653e-01  2.3810405783e+00 -4.5593110085e-01  1.7090879732e+00  2.4208845457e+00  3.5912952048e+00 -3.2684455301e+00  3.9375718970e+00  5.1143721048e+00 -1.2833106552e+00  3.4639554863e+00  2.3512332111e+00  5.0252117649e-01  4.5923479139e+00 -3.1053961880e-01  2.0691356077e-01  2.7257405389e+00  4.1470702845e+00 -2.3103300234e+00  2.8469123283e+00  4.8989555897e+00 -3.0754704830e+00  1.8766782214e+00  2.0514628247e+00 -8.0961933890e-01  4.1031447630e+00  1.9146872121e+00 -1.2305794007e+00 -1.1398990060e+00  5.4699501706e-02 -1.0915329029e-01  4.5972906271e-02  3.7674139243e+00 -2.2641449218e+00  1.5922026276e-01 -1.8631098892e+00 -4.5246868231e-01  1.3208169209e+00 -2.4462829776e+00 -1.5158078133e-01  2.9630026246e+00 -1.5091770397e+00 -1.6163422458e+00  2.6057469784e+00 -6.5412490726e-01  1.8757891392e+00  1.3564424564e+00  4.5526489863e-01  2.2604310462e+00  2.6747991332e+00 -1.2883063273e+00  2.1416758049e+00  2.9875555631e+00  4.1118237673e+00 -4.2296204850e+00  3.8844657846e+00  3.7303893452e+00 -2.8525539535e+00  4.9382344102e+00  2.5211873044e+00 -3.4464980734e+00  3.8186048155e+00  5.9501893245e+00 -1.8067507999e+00  3.9467364134e+00  4.6274475932e+00 -6.7621339921e-01  4.2264975569e+00  5.5185124425e+00 -6.3049427087e-01  2.6851911059e+00  2.6567992621e+00  3.8227318496e-01  5.6347995904e+00  1.4781477637e+00  1.1621756438e+00  4.5503399357e+00  3.1657260684e+00  9.6172122263e-01  4.0211594671e+00 -1.5689560060e-01  8.4622798958e-02  3.8002487014e+00  5.6302346719e+00 -3.4969590856e+00  2.3541931844e+00
ENERGY -6.579946808065e+02

JOB 5
COORDS  1.9055707510e+00 -1.1495507894e+00 -5.0010036074e-02  8.6573097613e-01 -5.0935267484e-01  6.1903847300e-01  2.9558396078e+00 -1.7187493985e+00  6.7360813450e-01  8.6857518076e-01 -3.9305034211e-01  2.0165237350e+00  3.0052441056e+00 -1.6148387360e+00  2.0682091895e+00  1.9733645279e+00 -9.0683459761e-01  2.7196160007e+00 -1.6207408446e+00 -5.5898676686e-01  2.4071904937e+00 -4.9415741290e-01  1.7128101638e+00  2.4034089167e+00  3.5619932481e+00 -3.2938362344e+00  3.9007022101e+00  5.0865244856e+00 -1.3022220289e+00  3.5032962957e+00  2.3471971513e+00  5.3602151325e-01  4.5762650393e+00 -3.2988604505e-01  2.1735830769e-01  2.7305927037e+00  4.1260600431e+00 -2.3108343856e+00  2.8461851012e+00  4.8907924720e+00 -3.0536036379e+00  1.8691884381e+00  2.0356560513e+00 -7.8069086342e-01  4.1065661885e+00  1.8885408194e+00 -1.2316400620e+00 -1.1338355166e+00  2.9050290324e-02 -1.0847732285e-01  5.2157225488e-02  3.7430669233e+00 -2.2603269101e+00  1.6453164408e-01 -1.8828885122e+00 -4.8348064129e-01  1.3467326205e+00 -2.4606462878e+00 -1.5934439870e-01  2.9867339129e+00 -1.5097656888e+00 -1.6202062167e+00  2.6504219110e+00 -7.0439692988e-01  1.8611857650e+00  1.3385933418e+00  4.1333924091e-01  2.2778959264e+00  2.6399301960e+00 -1.3257342714e+00  2.1452659175e+00  2.9713018185e+00  4.2458964060e+00 -4.1392384212e+00  4.0312207872e+00  3.4340375198e+00 -2.7988262711e+00  4.8651996716e+00  2.5783558406e+00 -3.6695395849e+00  3.6090356268e+00  5.9179339324e+00 -1.8401651640e+00  3.9773854705e+00  4.5933343122e+00 -7.1705449723e-01  4.2786073855e+00  5.4991385847e+00 -6.2792850624e-01  2.7476644532e+00  2.6122097712e+00  4.3334386284e-01  5.6315626514e+00  1.4918511612e+00  1.2138041386e+00  4.4870487260e+00  3.1921803179e+00  9.6323875706e-01  4.0248037884e+00 -1.6737655676e-01  1.1369246343e-01  3.8056689935e+00  5.5974028794e+00 -3.5101962869e+00  2.3511743033e+00
ENERGY -6.579965110060e+02

JOB 6
COORDS  1.9056184946e+00 -1.1699431228e+00 -3.1521638211e-02  8.7050472024e-01 -5.2183587172e-01  6.3721533330e-01  2.9655322551e+00 -1.7221038216e+00  6.9080000253e-01  8.8869382284e-01 -3.8060952280e-01  2.0319993685e+00  3.0314441310e+00 -1.5930004795e+00  2.0830748648e+00  2.0020579203e+00 -8.7932143227e-01  2.7329519741e+00 -1.5940229007e+00 -5.4880885955e-01  2.4603881910e+00 -4.7880860706e-01  1.7275464184e+00  2.3890143092e+00  3.5734002532e+00 -3.3428418285e+00  3.8237371765e+00  5.0673653444e+00 -1.3063720558e+00  3.6079071909e+00  2.3995019091e+00  5.9823230367e-01  4.5537034540e+00 -3.0281682439e-01  2.4081195273e-01  2.7482957409e+00  4.1543488290e+00 -2.2917128660e+00  2.8569439803e+00  4.9697807408e+00 -2.9629533901e+00  1.8697526780e+00  2.0700615537e+00 -7.2604635242e-01  4.1173560554e+00  1.8780578220e+00 -1.2706703839e+00 -1.1135695017e+00  2.6507133058e-02 -1.3341686226e-01  7.2512187643e-02  3.7504310548e+00 -2.2673399928e+00  1.8224234566e-01 -1.8708287873e+00 -4.9876363854e-01  1.4021216391e+00 -2.4280245353e+00 -1.4013727075e-01  3.0421617805e+00 -1.4742920159e+00 -1.6036556957e+00  2.7261776757e+00 -7.0499030237e-01  1.8507705030e+00  1.3242644948e+00  4.2920591528e-01  2.3020047629e+00  2.5995543864e+00 -1.3042314282e+00  2.1691794777e+00  2.9588072173e+00  4.3556772076e+00 -4.0430325403e+00  4.1401687197e+00  3.1601723718e+00 -2.8607322495e+00  4.7119220002e+00  2.7615445306e+00 -3.8975660435e+00  3.3458890148e+00  5.9097523536e+00 -1.8536115828e+00  4.0501754810e+00  4.5436325020e+00 -8.0234832783e-01  4.4186586355e+00  5.4701941773e+00 -5.6199534946e-01  2.9153678112e+00  2.6509472712e+00  5.2115217757e-01  5.6144765828e+00  1.5562202970e+00  1.2865885763e+00  4.4351460147e+00  3.2581216802e+00  9.9419501279e-01  4.0002027809e+00 -1.2496049095e-01  1.6301628254e-01  3.8231070519e+00  5.6496114118e+00 -3.4567751922e+00  2.3536875390e+00
ENERGY -6.579986172859e+02

JOB 7
COORDS  1.8308960474e+00 -1.1993770861e+00 -6.6813675675e-02  8.0792672926e-01 -5.4345804614e-01  6.1277553082e-01  2.8969031653e+00 -1.7550091355e+00  6.4364850252e-01  8.4599276920e-01 -3.9721062516e-01  2.0064842833e+00  2.9825715814e+00 -1.6221834297e+00  2.0348220881e+00  1.9656909479e+00 -8.9941218916e-01  2.6949098015e+00 -1.6255650938e+00 -5.7000788680e-01  2.4859508309e+00 -5.2462456880e-01  1.7110869896e+00  2.3574859285e+00  3.5235047426e+00 -3.4070023052e+00  3.7253362983e+00  5.0152958573e+00 -1.3623076132e+00  3.5768934875e+00  2.4046178016e+00  5.8575131318e-01  4.4974725586e+00 -3.3355856615e-01  2.3120359673e-01  2.7363820590e+00  4.1107040977e+00 -2.3302303507e+00  2.7957488369e+00  4.9243817282e+00 -2.9781767864e+00  1.7922868118e+00  2.0502216503e+00 -7.3740001017e-01  4.0776397412e+00  1.7890865987e+00 -1.3035908032e+00 -1.1480789292e+00 -4.1528657070e-02 -1.5258156580e-01  5.7990449962e-02  3.6720254322e+00 -2.3055774417e+00  1.2608437021e-01 -1.9184694925e+00 -5.4378708263e-01  1.4311379569e+00 -2.4524171283e+00 -1.5296544936e-01  3.0720110502e+00 -1.4963209474e+00 -1.6184147952e+00  2.7720106003e+00 -7.7388705973e-01  1.8173913604e+00  1.2961014602e+00  3.8459107919e-01  2.2932025057e+00  2.5402709419e+00 -1.3401542065e+00  2.1573230916e+00  2.9377802306e+00  4.3322319167e+00 -3.9695534114e+00  4.2096569936e+00  2.9044571254e+00 -2.9566903609e+00  4.5034317101e+00  2.9097182152e+00 -4.1023891491e+00  3.1461551433e+00  5.8846166074e+00 -1.9088719095e+00  3.9635466457e+00  4.4979003274e+00 -9.2417262844e-01  4.4293252899e+00  5.3785168902e+00 -5.6616978463e-01  2.9210024824e+00  2.6153283027e+00  5.2446157670e-01  5.5680038174e+00  1.5882159620e+00  1.2965611826e+00  4.3327379059e+00  3.2945450505e+00  9.4258398007e-01  3.9673270530e+00 -1.3462875754e-01  1.7186483379e-01  3.8086181672e+00  5.5969627560e+00 -3.4941784578e+00  2.2636822708e+00
ENERGY -6.579997964759e+02

JOB 8
COORDS  1.8597259051e+00 -1.2073359244e+00 -4.0190247464e-02  8.3600293435e-01 -5.4731792253e-01  6.3425778689e-01  2.9227080345e+00 -1.7626608712e+00  6.7509978197e-01  8.6932952520e-01 -3.9725622802e-01  2.0276477234e+00  3.0041692891e+00 -1.6266896349e+00  2.0662630490e+00  1.9858569774e+00 -9.0026072616e-01  2.7203452340e+00 -1.6061479261e+00 -5.5471566418e-01  2.4947174992e+00 -4.8962694733e-01  1.7190092051e+00  2.3736362499e+00  3.5415900603e+00 -3.4106867315e+00  3.7600708541e+00  5.0281241843e+00 -1.3563296849e+00  3.6166768896e+00  2.4211250079e+00  5.8424691310e-01  4.5254896301e+00 -3.1009137522e-01  2.3756770715e-01  2.7522483110e+00  4.1326391093e+00 -2.3298380642e+00  2.8346303903e+00  4.9435414875e+00 -2.9777075074e+00  1.8287669583e+00  2.0650934196e+00 -7.3764583033e-01  4.1033863679e+00  1.8211753465e+00 -1.3145093654e+00 -1.1213017373e+00 -1.0606126970e-02 -1.5606477669e-01  7.5433902144e-02  3.6985829364e+00 -2.3151422582e+00  1.6085537794e-01 -1.8963409708e+00 -5.2167506123e-01  1.4393398207e+00 -2.4320134509e+00 -1.3541266582e-01  3.0805579040e+00 -1.4841151622e+00 -1.6052522219e+00  2.7760836828e+00 -7.3263548503e-01  1.8274303293e+00  1.3110015476e+00  4.2238203026e-01  2.2950988659e+00  2.5614561331e+00 -1.3052707848e+00  2.1702069869e+00  2.9499598006e+00  4.3276717656e+00 -3.8146486929e+00  4.4125443990e+00  2.7488197103e+00 -3.0117874105e+00  4.3939269249e+00  3.1578154483e+00 -4.2350597598e+00  3.1526771266e+00  5.9104099420e+00 -1.8924759771e+00  3.9881987946e+00  4.5099538044e+00 -9.4092993850e-01  4.4802804413e+00  5.3703400144e+00 -5.4383619426e-01  2.9696056058e+00  2.6368227888e+00  5.1982637691e-01  5.5948454764e+00  1.6034593760e+00  1.2950422786e+00  4.3667768028e+00  3.3084546304e+00  9.4291330956e-01  3.9923980144e+00 -1.1658662579e-01  1.7598434975e-01  3.8253824590e+00  5.6333440998e+00 -3.4737808830e+00  2.2973757616e+00
ENERGY -6.579992798902e+02

JOB 9
COORDS  1.8412840446e+00 -1.2013080469e+00 -5.2403211445e-02  8.2210761598e-01 -5.3901193140e-01  6.2645795510e-01  2.9038525415e+00 -1.7635249010e+00  6.5837838393e-01  8.6033835475e-01 -3.9462668036e-01  2.0204258902e+00  2.9897965397e+00 -1.6330109965e+00  2.0496567229e+00  1.9766575338e+00 -9.0375977576e-01  2.7087353951e+00 -1.6145440654e+00 -5.4629050963e-01  2.4917105963e+00 -4.9102286196e-01  1.7244268699e+00  2.3786401082e+00  3.5323183024e+00 -3.4122996878e+00  3.7597191447e+00  5.0257730874e+00 -1.3578711951e+00  3.5778363504e+00  2.4184851714e+00  5.6967126436e-01  4.5223981278e+00 -3.1549701572e-01  2.4075144308e-01  2.7502278713e+00  4.1205374808e+00 -2.3374018668e+00  2.8157617532e+00  4.9162742331e+00 -2.9936277866e+00  1.8026539667e+00  2.0613468017e+00 -7.4929106928e-01  4.0923857848e+00  1.7993009333e+00 -1.3052818545e+00 -1.1336982759e+00 -2.4501247700e-02 -1.4246709033e-01  7.1334413840e-02  3.6755414814e+00 -2.3177372681e+00  1.3984687873e-01 -1.9063917041e+00 -5.0802170557e-01  1.4369729854e+00 -2.4380515616e+00 -1.2673669609e-01  3.0806878941e+00 -1.4954199269e+00 -1.5983698049e+00  2.7685255273e+00 -7.3568654354e-01  1.8383604932e+00  1.3169644180e+00  4.2323268085e-01  2.2966871440e+00  2.5672860182e+00 -1.3040967671e+00  2.1756737995e+00  2.9585490777e+00  4.2439561537e+00 -3.6354023530e+00  4.5658252034e+00  2.5981429256e+00 -3.0951619781e+00  4.2222595967e+00  3.3847723556e+00 -4.3379706569e+00  3.1966169671e+00  5.9134266251e+00 -1.8908813008e+00  3.9413849912e+00  4.5179900699e+00 -9.3957392526e-01  4.4462532943e+00  5.3575031222e+00 -5.4812610056e-01  2.9218991977e+00  2.6361740474e+00  4.9804483534e-01  5.5908774178e+00  1.6011223344e+00  1.2821223405e+00  4.3699654310e+00  3.3048528787e+00  9.3172439706e-01  3.9899543237e+00 -1.2025151821e-01  1.7368333133e-01  3.8226974499e+00  5.6236635012e+00 -3.4725654246e+00  2.2631439563e+00
ENERGY -6.579972683399e+02

JOB 10
COORDS  1.8779595889e+00 -1.1878501978e+00 -3.1769456504e-02  8.5491251574e-01 -5.2832804465e-01  6.4403485333e-01  2.9335446651e+00 -1.7583304592e+00  6.8318094255e-01  8.8075943592e-01 -3.9493862595e-01  2.0396258072e+00  3.0064861124e+00 -1.6388527559e+00  2.0757242382e+00  1.9905400781e+00 -9.1168188718e-01  2.7323028231e+00 -1.6025222155e+00 -5.3202246022e-01  2.4752647537e+00 -4.5632553176e-01  1.7292442765e+00  2.4168003434e+00  3.5515129305e+00 -3.3805996204e+00  3.8453203474e+00  5.0592632168e+00 -1.3404410485e+00  3.5617183922e+00  2.4098866190e+00  5.4448168903e-01  4.5678054324e+00 -2.9959072815e-01  2.3763318900e-01  2.7644904210e+00  4.1332129468e+00 -2.3390807563e+00  2.8495985917e+00  4.9126647997e+00 -3.0298906191e+00  1.8457697602e+00  2.0696934037e+00 -7.7201248327e-01  4.1175218979e+00  1.8441644493e+00 -1.2834081369e+00 -1.1141272467e+00  1.4127656449e-02 -1.2533149022e-01  8.4767387699e-02  3.7081239702e+00 -2.3113433559e+00  1.6752186586e-01 -1.8820636292e+00 -4.7039572245e-01  1.4183454013e+00 -2.4288871597e+00 -1.1619415039e-01  3.0628487471e+00 -1.4965017095e+00 -1.5903872692e+00  2.7327641048e+00 -6.8410805449e-01  1.8632447032e+00  1.3536939192e+00  4.6022718047e-01  2.2895639707e+00  2.6285120178e+00 -1.2737807209e+00  2.1780391233e+00  2.9924692655e+00  4.1208445836e+00 -3.3815124649e+00  4.7822428865e+00  2.5096666431e+00 -3.1873365577e+00  4.0973790336e+00  3.6407902962e+00 -4.3785493822e+00  3.4071250638e+00  5.9325316678e+00 -1.8724168058e+00  3.9608577185e+00  4.5587302444e+00 -8.6172661144e-01  4.4025059772e+00  5.4112056261e+00 -5.7691958669e-01  2.8622837171e+00  2.6623332470e+00  4.5317972108e-01  5.6271444550e+00  1.5723534015e+00  1.2412293571e+00  4.4583092005e+00  3.2706025970e+00  9.4007417920e-01  4.0172774329e+00 -1.1939853844e-01  1.4946846338e-01  3.8381319567e+00  5.6419486634e+00 -3.4729137362e+00  2.3077863614e+00
ENERGY -6.579949653385e+02

JOB 11
COORDS  1.9664397466e+00 -1.1770293673e+00 -1.3016888017e-02  9.4378893236e-01 -5.1956515880e-01  6.6568701516e-01  3.0166711533e+00 -1.7599799877e+00  7.0002566761e-01  9.6245368821e-01 -4.0185602467e-01  2.0630878537e+00  3.0816139888e+00 -1.6548050786e+00  2.0936151344e+00  2.0664145649e+00 -9.3171107461e-01  2.7547559664e+00 -1.5300217315e+00 -5.0524975667e-01  2.4647780439e+00 -3.4115352106e-01  1.7343809961e+00  2.4787966107e+00  3.6332526486e+00 -3.3485846987e+00  3.9230694398e+00  5.1630108947e+00 -1.3452645961e+00  3.5224639753e+00  2.4738803032e+00  4.9503326757e-01  4.6197068528e+00 -2.1654652103e-01  2.3143932118e-01  2.7892269431e+00  4.2039907458e+00 -2.3552499531e+00  2.8682513039e+00  4.9594576751e+00 -3.0911829498e+00  1.8781510213e+00  2.1448905499e+00 -8.1441406911e-01  4.1416181048e+00  1.9362124093e+00 -1.2608740531e+00 -1.0964368357e+00  1.0806267886e-01 -1.0590601338e-01  1.0666971819e-01  3.7916337277e+00 -2.3118094044e+00  1.8326317568e-01 -1.7986897869e+00 -4.0718948397e-01  1.4078293202e+00 -2.3543067740e+00 -9.1593649901e-02  3.0567462961e+00 -1.4460609317e+00 -1.5725294061e+00  2.6917960623e+00 -5.4997500232e-01  1.8991504321e+00  1.4160852496e+00  5.8207901778e-01  2.2718983645e+00  2.7184436176e+00 -1.1591077423e+00  2.1833218822e+00  3.0537016646e+00  3.9985256115e+00 -3.1219317714e+00  4.9286781174e+00  2.5437598049e+00 -3.3328020584e+00  3.9598326949e+00  3.9418988182e+00 -4.3647850356e+00  3.6602652443e+00  6.0171416891e+00 -1.8793693693e+00  3.9591161750e+00  4.6789103573e+00 -7.9465004412e-01  4.3281126976e+00  5.5410708787e+00 -6.4091418535e-01  2.7761350810e+00  2.7843026853e+00  3.7584776279e-01  5.6608341723e+00  1.6134022558e+00  1.1710850578e+00  4.5792248512e+00  3.2933457078e+00  9.3371692394e-01  4.0396874349e+00 -5.1144187915e-02  1.1165911961e-01  3.8622666309e+00  5.6964990957e+00 -3.5169783734e+00  2.3433643140e+00
ENERGY -6.579939655384e+02

JOB 12
COORDS  1.9713010430e+00 -1.1555107377e+00 -2.3510865506e-02  9.4923893360e-01 -5.0298880242e-01  6.6106144836e-01  3.0197797312e+00 -1.7476194365e+00  6.8458783400e-01  9.6743562397e-01 -3.9973534577e-01  2.0597012065e+00  3.0837087036e+00 -1.6561750942e+00  2.0791008031e+00  2.0697874219e+00 -9.3848869496e-01  2.7469981179e+00 -1.5251091058e+00 -5.0515765829e-01  2.4591895849e+00 -3.3445039659e-01  1.7333866535e+00  2.4967489916e+00  3.6461262135e+00 -3.3180126878e+00  3.9374406867e+00  5.1953016845e+00 -1.3553833762e+00  3.4594447916e+00  2.4766038286e+00  4.6998101679e-01  4.6260337237e+00 -2.1123041136e-01  2.2724691952e-01  2.7917027803e+00  4.2050727527e+00 -2.3627281078e+00  2.8462438305e+00  4.9331331193e+00 -3.1344475831e+00  1.8635640732e+00  2.1497623568e+00 -8.3478023072e-01  4.1345268386e+00  1.9416353993e+00 -1.2283752604e+00 -1.1077320756e+00  1.1454607480e-01 -8.2324758864e-02  1.0571315724e-01  3.7937098774e+00 -2.2969976031e+00  1.6345424658e-01 -1.7926739007e+00 -3.9700209595e-01  1.4029490870e+00 -2.3495523323e+00 -9.6258802309e-02  3.0542294405e+00 -1.4423066506e+00 -1.5745705743e+00  2.6763448513e+00 -5.4260775560e-01  1.9093651019e+00  1.4357067264e+00  5.8910742049e-01  2.2675957641e+00  2.7424869328e+00 -1.1523328150e+00  2.1770227547e+00  3.0758511987e+00  3.7803793214e+00 -2.9164030769e+00  4.9433579425e+00  2.5799552596e+00 -3.5068592049e+00  3.7955784283e+00  4.1474094593e+00 -4.2883572806e+00  3.8599669875e+00  6.0267323376e+00 -1.8955073753e+00  3.9313305487e+00  4.7260140196e+00 -7.4448407031e-01  4.2299811560e+00  5.6029831253e+00 -7.0506356464e-01  2.6804345989e+00  2.7951747451e+00  3.3957201026e-01  5.6633696724e+00  1.6131054453e+00  1.1429808912e+00  4.5999735583e+00  3.2898056462e+00  9.1969580488e-01  4.0455074945e+00 -4.6356550716e-02  9.6367537229e-02  3.8635545855e+00  5.6652590319e+00 -3.5668527748e+00  2.3299022852e+00
ENERGY -6.579947757106e+02

JOB 13
COORDS  1.9992819696e+00 -1.1363477671e+00  8.9972493446e-03  9.7408101355e-01 -4.8303265999e-01  6.8789481833e-01  3.0463068821e+00 -1.7234204456e+00  7.2301310251e-01  9.8922751412e-01 -3.7185099950e-01  2.0857417498e+00  3.1074292278e+00 -1.6249457270e+00  2.1175732206e+00  2.0910560374e+00 -9.0442408528e-01  2.7793556429e+00 -1.4993373683e+00 -5.0148404847e-01  2.4940438413e+00 -3.3833537427e-01  1.7529855627e+00  2.4900900091e+00  3.6500770491e+00 -3.3184724394e+00  3.9401185313e+00  5.2023256892e+00 -1.3492996591e+00  3.5403014299e+00  2.5001808796e+00  5.2596196342e-01  4.6381494793e+00 -1.9453579387e-01  2.5402245092e-01  2.8107196802e+00  4.2225268666e+00 -2.3406418681e+00  2.8856263495e+00  4.9687722547e+00 -3.0935359617e+00  1.9028371588e+00  2.1654011750e+00 -7.8426903979e-01  4.1662748185e+00  1.9730648169e+00 -1.2143901249e+00 -1.0749449690e+00  1.3933511227e-01 -6.7651233122e-02  1.2863705457e-01  3.8218459359e+00 -2.2746075864e+00  2.0634780726e-01 -1.7681758767e+00 -4.1785663233e-01  1.4358667001e+00 -2.3287793243e+00 -9.1491685491e-02  3.0813756473e+00 -1.4025713217e+00 -1.5651926553e+00  2.7323968637e+00 -5.5386552612e-01  1.9085249629e+00  1.4273540848e+00  5.7934603913e-01  2.3032678704e+00  2.7221858516e+00 -1.1591531761e+00  2.1959288181e+00  3.0655068315e+00  3.5102407875e+00 -2.8416540851e+00  4.9104377688e+00  2.6840870295e+00 -3.7135959385e+00  3.6136206993e+00  4.3177557861e+00 -4.1819308318e+00  4.0391213940e+00  6.0276807848e+00 -1.9017500163e+00  4.0083360087e+00  4.7224889200e+00 -7.5951221263e-01  4.3204666164e+00  5.6212594139e+00 -6.7845515625e-01  2.7850204758e+00  2.7768884018e+00  4.1500352164e-01  5.6896250920e+00  1.6526915800e+00  1.2152457790e+00  4.5627236723e+00  3.3437852531e+00  9.4471957775e-01  4.0781601968e+00 -2.5719177615e-02  1.4399489250e-01  3.8841909894e+00  5.6835180382e+00 -3.5460079112e+00  2.3767801706e+00
ENERGY -6.579966529865e+02

JOB 14
COORDS  1.9531409233e+00 -1.1696732850e+00  1.4893559392e-03  9.3699871224e-01 -5.0773912638e-01  6.8558200238e-01  3.0112425798e+00 -1.7442718786e+00  7.0888533298e-01  9.7340791195e-01 -3.7514221316e-01  2.0809004993e+00  3.0949263136e+00 -1.6248062344e+00  2.1010327931e+00  2.0856167963e+00 -8.9710514676e-01  2.7665046022e+00 -1.5067786673e+00 -5.0298754460e-01  2.5365710310e+00 -3.5329910666e-01  1.7542006084e+00  2.4650010389e+00  3.6259732539e+00 -3.3887304076e+00  3.8314279896e+00  5.1553821547e+00 -1.3798106956e+00  3.5985116083e+00  2.5297039441e+00  5.6287813398e-01  4.5906900473e+00 -1.9896924424e-01  2.6264676052e-01  2.8141168615e+00  4.2140286512e+00 -2.3468381984e+00  2.8587691986e+00  5.0008773872e+00 -3.0339610428e+00  1.8604218039e+00  2.1723318751e+00 -7.5296307177e-01  4.1508965397e+00  1.9117902287e+00 -1.2635235874e+00 -1.0807420118e+00  9.3563224721e-02 -1.0145156917e-01  1.3272911373e-01  3.7807720330e+00 -2.3000535658e+00  1.8835554283e-01 -1.7947513921e+00 -4.4182184051e-01  1.4818703813e+00 -2.3269157817e+00 -8.3582767074e-02  3.1302962439e+00 -1.4021676572e+00 -1.5613078260e+00  2.7948087786e+00 -5.8922328379e-01  1.8873225855e+00  1.4035621234e+00  5.6678212969e-01  2.3117822463e+00  2.6684167938e+00 -1.1645610134e+00  2.2067074333e+00  3.0464809554e+00  3.2173726723e+00 -2.9195754791e+00  4.7271707704e+00  2.8287313195e+00 -3.9516472825e+00  3.3372014973e+00  4.4007125617e+00 -4.1126619240e+00  4.1133579089e+00  5.9961676372e+00 -1.9424970477e+00  4.0241814336e+00  4.6530311645e+00 -8.7228176751e-01  4.4206388638e+00  5.5582081835e+00 -6.3762334540e-01  2.9035705883e+00  2.7905433556e+00  4.7563883838e-01  5.6484041603e+00  1.6976784076e+00  1.2667560857e+00  4.4843809589e+00  3.3895282860e+00  9.4656978340e-01  4.0304588456e+00 -1.0336077403e-02  1.7569658581e-01  3.8863893169e+00  5.6874583794e+00 -3.5291491927e+00  2.3333947808e+00
ENERGY -6.579987165352e+02

JOB 15
COORDS  1.9643808798e+00 -1.1710296085e+00  2.0377916623e-02  9.4964576526e-01 -5.0435109278e-01  7.0189749704e-01  3.0233804408e+00 -1.7417474200e+00  7.2929703840e-01  9.8916969638e-01 -3.6276379223e-01  2.0960224853e+00  3.1105321523e+00 -1.6141035780e+00  2.1208784343e+00  2.1023941939e+00 -8.8110619414e-01  2.7830329051e+00 -1.4862492420e+00 -4.9871678227e-01  2.5697261691e+00 -3.4807770103e-01  1.7647016075e+00  2.4572078397e+00  3.6293200377e+00 -3.4114509655e+00  3.8049038530e+00  5.1458439075e+00 -1.3841178702e+00  3.6643646126e+00  2.5598213066e+00  5.9109151981e-01  4.5922776248e+00 -1.8183965607e-01  2.7962375413e-01  2.8275312376e+00  4.2299574026e+00 -2.3382093399e+00  2.8796790801e+00  5.0355614809e+00 -2.9926581299e+00  1.8740498735e+00  2.1882242931e+00 -7.2550765326e-01  4.1665228703e+00  1.9213699688e+00 -1.2714659284e+00 -1.0611990610e+00  1.0527807421e-01 -1.0124478945e-01  1.4811161128e-01  3.7918308593e+00 -2.3001369306e+00  2.1015535277e-01 -1.7790811281e+00 -4.5752409805e-01  1.5153628322e+00 -2.3063331500e+00 -7.4392983990e-02  3.1600499811e+00 -1.3736287042e+00 -1.5517805538e+00  2.8455116103e+00 -5.9319160284e-01  1.8810904319e+00  1.3959033418e+00  5.7002569988e-01  2.3309307509e+00  2.6452930255e+00 -1.1575848486e+00  2.2207175432e+00  3.0383596328e+00  3.0065734233e+00 -2.9613804689e+00  4.5798487108e+00  3.0220150147e+00 -4.1060969762e+00  3.2178438707e+00  4.4324948881e+00 -3.9816552297e+00  4.2899628231e+00  6.0078416457e+00 -1.9427421049e+00  4.0501928440e+00  4.6332689489e+00 -9.4214046739e-01  4.5177006491e+00  5.5196703732e+00 -5.9054473380e-01  3.0113073178e+00  2.7812181972e+00  5.1992350691e-01  5.6600569718e+00  1.7483761016e+00  1.3106872886e+00  4.4416515202e+00  3.4474875132e+00  9.4337548835e-01  4.0554532986e+00  1.4161394352e-02  2.1040678974e-01  3.8997170701e+00  5.7025230142e+00 -3.5175884384e+00  2.3436132548e+00
ENERGY -6.579998123445e+02

JOB 16
COORDS  1.9908200849e+00 -1.1757029088e+00  4.2926776131e-02  9.7642130662e-01 -5.0522502745e-01  7.2109060124e-01  3.0468892225e+00 -1.7482176861e+00  7.5488491629e-01  1.0129251838e+00 -3.6166666557e-01  2.1150570131e+00  3.1314823249e+00 -1.6197159488e+00  2.1466135600e+00  2.1233535061e+00 -8.8242950963e-01  2.8044926740e+00 -1.4637455512e+00 -4.8925098068e-01  2.5845823635e+00 -3.1857217938e-01  1.7705140388e+00  2.4705740848e+00  3.6480246269e+00 -3.4228098628e+00  3.8267191543e+00  5.1572609754e+00 -1.3846854817e+00  3.7013892069e+00  2.5803420121e+00  5.8888037337e-01  4.6149140813e+00 -1.5740906379e-01  2.8551891602e-01  2.8434898917e+00  4.2516753296e+00 -2.3413815201e+00  2.9103229375e+00  5.0567809537e+00 -2.9887075828e+00  1.8987018477e+00  2.2056017023e+00 -7.2630636647e-01  4.1880761837e+00  1.9500899730e+00 -1.2775654391e+00 -1.0386174054e+00  1.3458224606e-01 -1.0040033195e-01  1.6473342817e-01  3.8149271462e+00 -2.3085985732e+00  2.3749410102e-01 -1.7546346220e+00 -4.4866544852e-01  1.5296569010e+00 -2.2835654592e+00 -6.1620307826e-02  3.1728903414e+00 -1.3547953379e+00 -1.5422781200e+00  2.8619874840e+00 -5.6154001684e-01  1.8859824881e+00  1.4086738363e+00  6.0090615683e-01  2.3342944966e+00  2.6593191812e+00 -1.1276895698e+00  2.2298831373e+00  3.0496323782e+00  2.8539907197e+00 -3.0074345253e+00  4.4500065204e+00  3.2391459180e+00 -4.2342538468e+00  3.2192036679e+00  4.4145976959e+00 -3.8200089278e+00  4.5049005060e+00  6.0340925169e+00 -1.9334285261e+00  4.0672645637e+00  4.6435487629e+00 -9.7183997697e-01  4.5689028975e+00  5.5078368855e+00 -5.6993148368e-01  3.0617248944e+00  2.7932518871e+00  5.1789879120e-01  5.6844069365e+00  1.7735136197e+00  1.3121349249e+00  4.4570881935e+00  3.4737796446e+00  9.3605982319e-01  4.0844381623e+00  3.6553629202e-02  2.1748951349e-01  3.9161467228e+00  5.7344701033e+00 -3.5044217994e+00  2.3637409094e+00
ENERGY -6.579992222466e+02

JOB 17
COORDS  1.9723656281e+00 -1.1725434917e+00  3.1806340157e-02  9.6286261065e-01 -4.9956330088e-01  7.1454285612e-01  3.0291161263e+00 -1.7498787970e+00  7.3908365709e-01  1.0049910857e+00 -3.5938834925e-01  2.1087993375e+00  3.1191626754e+00 -1.6242150034e+00  2.1306224550e+00  2.1161417365e+00 -8.8434512003e-01  2.7936176852e+00 -1.4707656629e+00 -4.8204832344e-01  2.5840680827e+00 -3.1985280219e-01  1.7750748474e+00  2.4747862847e+00  3.6431895220e+00 -3.4273907973e+00  3.8214356308e+00  5.1536743961e+00 -1.3845977660e+00  3.6695708745e+00  2.5786341953e+00  5.7752405472e-01  4.6112721586e+00 -1.6176761460e-01  2.8842782799e-01  2.8423072062e+00  4.2422732116e+00 -2.3460566337e+00  2.8920269254e+00  5.0372609559e+00 -2.9948265954e+00  1.8723893979e+00  2.2039995145e+00 -7.3543700623e-01  4.1776313268e+00  1.9271566963e+00 -1.2729613287e+00 -1.0496964856e+00  1.2031615570e-01 -9.0939249811e-02  1.6202171149e-01  3.7931289009e+00 -2.3118683692e+00  2.1764210586e-01 -1.7639265413e+00 -4.3758136764e-01  1.5299363507e+00 -2.2880956221e+00 -5.3977961070e-02  3.1755174839e+00 -1.3640158427e+00 -1.5361937694e+00  2.8580707428e+00 -5.6495905478e-01  1.8947297925e+00  1.4138400957e+00  6.0162046911e-01  2.3356905031e+00  2.6632720358e+00 -1.1263619580e+00  2.2346884926e+00  3.0572838231e+00  2.7063170854e+00 -3.0878651464e+00  4.2661107689e+00  3.4513808143e+00 -4.3389016315e+00  3.2500390889e+00  4.3177713688e+00 -3.6383114840e+00  4.6603982065e+00  6.0360031593e+00 -1.9302377160e+00  4.0269000976e+00  4.6476205805e+00 -9.7321703305e-01  4.5423045934e+00  5.4939184099e+00 -5.6935074983e-01  3.0249638332e+00  2.7927752176e+00  5.0064475713e-01  5.6800997790e+00  1.7716596975e+00  1.3016211969e+00  4.4584352307e+00  3.4712608123e+00  9.2817644057e-01  4.0817083844e+00  3.4458629268e-02  2.1623574093e-01  3.9142539345e+00  5.7239565109e+00 -3.5051189482e+00  2.3304628861e+00
ENERGY -6.579971973183e+02

JOB 18
COORDS  2.0025340513e+00 -1.1561405080e+00  4.6088918643e-02  9.9005075986e-01 -4.8597126465e-01  7.2728712430e-01  3.0517758210e+00 -1.7443261880e+00  7.5603919180e-01  1.0207566092e+00 -3.5915590312e-01  2.1233978888e+00  3.1292345091e+00 -1.6323927781e+00  2.1489825213e+00  2.1249638151e+00 -8.9408566360e-01  2.8111160999e+00 -1.4623250969e+00 -4.6799931696e-01  2.5666989359e+00 -2.8995301755e-01  1.7798682968e+00  2.5105497799e+00  3.6554452218e+00 -3.3957707853e+00  3.9039579982e+00  5.1853607142e+00 -1.3707270563e+00  3.6382123484e+00  2.5683639221e+00  5.4866848385e-01  4.6509370730e+00 -1.4956155158e-01  2.8561718754e-01  2.8538085363e+00  4.2476416675e+00 -2.3520177445e+00  2.9170031457e+00  5.0192664522e+00 -3.0429324898e+00  1.9066549468e+00  2.2089475486e+00 -7.6136185034e-01  4.1967519504e+00  1.9651135011e+00 -1.2461571173e+00 -1.0366241877e+00  1.5352219487e-01 -6.9146220348e-02  1.7178868369e-01  3.8175970770e+00 -2.3054647599e+00  2.3612938786e-01 -1.7440308806e+00 -4.0079945847e-01  1.5106907732e+00 -2.2820752085e+00 -4.3762839618e-02  3.1575334474e+00 -1.3680288817e+00 -1.5280961081e+00  2.8216290389e+00 -5.1987485366e-01  1.9194580443e+00  1.4486290317e+00  6.3382653124e-01  2.3288759438e+00  2.7205134022e+00 -1.1000731087e+00  2.2366575985e+00  3.0902744995e+00  2.6138610791e+00 -3.1795582250e+00  4.1435095314e+00  3.7022617928e+00 -4.3902033604e+00  3.4528098347e+00  4.1950111189e+00 -3.3926762032e+00  4.8573242494e+00  6.0548250334e+00 -1.9158382832e+00  4.0275741810e+00  4.6920513768e+00 -8.9744911574e-01  4.4864052891e+00  5.5423336654e+00 -6.0207819680e-01  2.9470255507e+00  2.8118840606e+00  4.5178674755e-01  5.7118539944e+00  1.7436890456e+00  1.2597650545e+00  4.5364646948e+00  3.4395155399e+00  9.3007917937e-01  4.1068380184e+00  3.2969604116e-02  1.9249886704e-01  3.9266372159e+00  5.7362828958e+00 -3.5078349943e+00  2.3663245995e+00
ENERGY -6.579949357450e+02

JOB 19
COORDS  2.2091311149e+00 -1.1558959612e+00  4.7258282310e-02  1.1425979473e+00 -5.2296692217e-01  6.8020233405e-01  3.2490529507e+00 -1.6993627998e+00  8.0522135418e-01  1.1056087637e+00 -3.9094369974e-01  2.0759840907e+00  3.2585632076e+00 -1.5781435735e+00  2.1990161827e+00  2.1980144841e+00 -8.8013799492e-01  2.8142430930e+00 -1.3962260196e+00 -5.6416594559e-01  2.3852075254e+00 -2.7429356766e-01  1.7095573117e+00  2.4207879720e+00  3.7923596979e+00 -3.2357290024e+00  4.0662393696e+00  5.2739879334e+00 -1.1898568046e+00  3.7011847699e+00  2.4911104250e+00  5.7614544613e-01  4.6779542417e+00 -1.1788457573e-01  2.1381917636e-01  2.7509440119e+00  4.3718590922e+00 -2.2356067271e+00  3.0226999679e+00  5.1864055298e+00 -2.9574900634e+00  2.0696805698e+00  2.2206513555e+00 -7.4730194687e-01  4.2017283381e+00  2.2219723798e+00 -1.2514844382e+00 -1.0355352476e+00  3.1639478948e-01 -1.4031127880e-01  8.6047276390e-02  4.0591487751e+00 -2.2323080334e+00  3.2373952328e-01 -1.6278684664e+00 -4.8350701221e-01  1.3180759291e+00 -2.2538119789e+00 -1.6972456541e-01  2.9419302354e+00 -1.2897729105e+00 -1.6264345116e+00  2.6258802490e+00 -4.4744837487e-01  1.8584479790e+00  1.3493563916e+00  6.2321802680e-01  2.2761150161e+00  2.6894820348e+00 -1.1261057675e+00  2.1394484646e+00  2.9599772165e+00  2.7022815001e+00 -3.2525982749e+00  4.0620258276e+00  4.1405883983e+00 -4.2447024845e+00  3.8259371290e+00  4.1121068446e+00 -2.9880252759e+00  5.0823391686e+00  6.1260082703e+00 -1.6929764717e+00  4.1769971454e+00  4.7426651822e+00 -6.4520843099e-01  4.4807204644e+00  5.6596112646e+00 -4.8270078378e-01  2.9614060918e+00  2.7711381530e+00  4.7600905551e-01  5.7296665560e+00  1.6106923472e+00  1.2230376768e+00  4.6033297030e+00  3.3143064192e+00  1.0366710982e+00  4.1206074690e+00  1.0473098547e-02  1.0877462588e-01  3.8305932444e+00  5.9179125034e+00 -3.3557663320e+00  2.5669046473e+00
ENERGY -6.579939655719e+02

JOB 20
COORDS  2.1895075633e+00 -1.1357232380e+00  4.4120119862e-02  1.1198436522e+00 -5.0790988921e-01  6.7720226997e-01  3.2244377432e+00 -1.6873938454e+00  8.0291998323e-01  1.0743214116e+00 -3.8936441990e-01  2.0739841779e+00  3.2250585253e+00 -1.5791041869e+00  2.1977729364e+00  2.1618789302e+00 -8.8679886086e-01  2.8139184850e+00 -1.4299320820e+00 -5.6098981661e-01  2.3648787409e+00 -3.0353296656e-01  1.7098299653e+00  2.4338429086e+00  3.7610828141e+00 -3.1949672151e+00  4.1039631672e+00  5.2681385168e+00 -1.1930171512e+00  3.6564338282e+00  2.4448454598e+00  5.5210942364e-01  4.6934278500e+00 -1.5240923753e-01  2.1006465734e-01  2.7477261947e+00  4.3349248816e+00 -2.2398717398e+00  3.0205184590e+00  5.1247536485e+00 -3.0031776868e+00  2.0798399130e+00  2.1792491319e+00 -7.6658602957e-01  4.2022322152e+00  2.2084073355e+00 -1.2207851044e+00 -1.0394548598e+00  2.9753619581e-01 -1.1879308653e-01  8.1838271530e-02  4.0366580932e+00 -2.2177033256e+00  3.2183612016e-01 -1.6541699031e+00 -4.6817278638e-01  1.2971552000e+00 -2.2904167424e+00 -1.7066363988e-01  2.9200212580e+00 -1.3274527789e+00 -1.6260427212e+00  2.5946933299e+00 -4.6889095412e-01  1.8714214864e+00  1.3630135141e+00  5.9322964974e-01  2.2713035676e+00  2.7153992381e+00 -1.1582351942e+00  2.1352325071e+00  2.9720208626e+00  2.7082479322e+00 -3.4269363535e+00  3.9370480820e+00  4.3162522262e+00 -4.1388894210e+00  4.0721273835e+00  3.8728083266e+00 -2.7813042032e+00  5.1083506832e+00  6.0974187269e+00 -1.6993044040e+00  4.1681522022e+00  4.7499226542e+00 -5.8715031500e-01  4.3991091198e+00  5.6849643679e+00 -5.4037286686e-01  2.8842548243e+00  2.7375247322e+00  4.4015586000e-01  5.7405486071e+00  1.5587124384e+00  1.1932234981e+00  4.6375303336e+00  3.2579354546e+00  1.0271977332e+00  4.1333768524e+00 -3.1194333666e-02  9.2412132073e-02  3.8269189229e+00  5.8582832257e+00 -3.3948037449e+00  2.5788734528e+00
ENERGY -6.579947637095e+02

JOB 21
COORDS  2.1536627641e+00 -1.1402263650e+00  5.3384050565e-02  1.0838842615e+00 -5.1043791955e-01  6.8396511285e-01  3.1905629546e+00 -1.6847924562e+00  8.1434996876e-01  1.0419576509e+00 -3.8182458412e-01  2.0797910167e+00  3.1957673178e+00 -1.5666265674e+00  2.2086896477e+00  2.1320752031e+00 -8.7155020211e-01  2.8217279609e+00 -1.4594468830e+00 -5.6540290544e-01  2.3833466340e+00 -3.4790550051e-01  1.7134722811e+00  2.4181394252e+00  3.7222072324e+00 -3.2211930134e+00  4.0706017692e+00  5.2221645564e+00 -1.2058622552e+00  3.7105503602e+00  2.4218016794e+00  5.8923997147e-01  4.6810645015e+00 -1.8557976111e-01  2.1899852148e-01  2.7510823057e+00  4.3032759559e+00 -2.2356856380e+00  3.0282223624e+00  5.1133424595e+00 -2.9709507048e+00  2.0833040179e+00  2.1484722506e+00 -7.3514681427e-01  4.2088519961e+00  2.1712067683e+00 -1.2327785273e+00 -1.0295936639e+00  2.5914065817e-01 -1.2765342240e-01  8.7851993951e-02  4.0023167826e+00 -2.2170250366e+00  3.3477269872e-01 -1.6874608315e+00 -4.8913422148e-01  1.3150973093e+00 -2.3206893519e+00 -1.7279192752e-01  2.9357178956e+00 -1.3493560094e+00 -1.6264129380e+00  2.6278873789e+00 -5.1967511937e-01  1.8601471825e+00  1.3461856947e+00  5.4652170540e-01  2.2844657365e+00  2.6877656376e+00 -1.2026888240e+00  2.1403511847e+00  2.9549967558e+00  2.7824338478e+00 -3.6630739962e+00  3.7331372997e+00  4.4394384532e+00 -4.0367606782e+00  4.2251132734e+00  3.5718095333e+00 -2.7399305037e+00  5.0379672208e+00  6.0400027667e+00 -1.7262042041e+00  4.2262515561e+00  4.6901193271e+00 -6.1639973704e-01  4.4561781648e+00  5.6570991641e+00 -5.3680449216e-01  2.9628541659e+00  2.6959720916e+00  4.9262539580e-01  5.7347141081e+00  1.5446010268e+00  1.2396214497e+00  4.5991518242e+00  3.2497979755e+00  1.0442893346e+00  4.1262308555e+00 -5.9559836770e-02  1.1619557164e-01  3.8311615447e+00  5.8156286255e+00 -3.4056911034e+00  2.5912206523e+00
ENERGY -6.579966397463e+02

JOB 22
COORDS  2.1596268501e+00 -1.1472337456e+00  7.1954470327e-02  1.0936714612e+00 -5.1085443654e-01  7.0237664802e-01  3.2036916658e+00 -1.6784406487e+00  8.3214569115e-01  1.0645431523e+00 -3.6051598560e-01  2.0960600194e+00  3.2224476078e+00 -1.5395201918e+00  2.2248946424e+00  2.1619429150e+00 -8.3747116296e-01  2.8362292855e+00 -1.4277377918e+00 -5.6493571031e-01  2.4453890851e+00 -3.4637942822e-01  1.7282111163e+00  2.3934126026e+00  3.7312567394e+00 -3.2699370933e+00  3.9946727633e+00  5.2027731251e+00 -1.2146083490e+00  3.8144086773e+00  2.4783877579e+00  6.5794319146e-01  4.6579633972e+00 -1.5898413252e-01  2.4692249751e-01  2.7690350628e+00  4.3289249117e+00 -2.2171623134e+00  3.0402358732e+00  5.1841806588e+00 -2.8841607434e+00  2.0851624010e+00  2.1829525017e+00 -6.7409459114e-01  4.2209770555e+00  2.1687842451e+00 -1.2552719670e+00 -1.0097041727e+00  2.6261708284e-01 -1.3906815299e-01  1.0804663847e-01  4.0128092186e+00 -2.2148987179e+00  3.5301502491e-01 -1.6709517132e+00 -5.2626360217e-01  1.3784221032e+00 -2.2863811087e+00 -1.6570332384e-01  2.9971007828e+00 -1.3001532009e+00 -1.6159694142e+00  2.7223863838e+00 -5.3981996460e-01  1.8406340059e+00  1.3210422873e+00  5.4527327940e-01  2.3183695237e+00  2.6289885010e+00 -1.1966235542e+00  2.1605954549e+00  2.9330057052e+00  2.9744726379e+00 -3.8737538420e+00  3.4881198634e+00  4.5298339727e+00 -3.9405277911e+00  4.3386813971e+00  3.2987735406e+00 -2.8009331713e+00  4.8798948975e+00  6.0386891228e+00 -1.7469241320e+00  4.2861169675e+00  4.6461048172e+00 -7.1398875989e-01  4.6050916145e+00  5.6163767564e+00 -4.6795146536e-01  3.1307655078e+00  2.6949551061e+00  5.9222965856e-01  5.7271744559e+00  1.6298570318e+00  1.3331330144e+00  4.5058392380e+00  3.3494293888e+00  1.0624987637e+00  4.1306740316e+00 -1.4797170627e-02  1.7924402761e-01  3.8495549400e+00  5.8521247039e+00 -3.3687767109e+00  2.5943606207e+00
ENERGY -6.579987085091e+02

JOB 23
COORDS  2.0608994026e+00 -1.1909774861e+00  3.1692782142e-02  1.0057963078e+00 -5.4600745113e-01  6.7153243195e-01  3.1109224748e+00 -1.7243531317e+00  7.8188661568e-01  9.9486013010e-01 -3.8862377233e-01  2.0644959182e+00  3.1477260488e+00 -1.5797080144e+00  2.1740821639e+00  2.0984036817e+00 -8.6800398180e-01  2.7940631543e+00 -1.4890766314e+00 -5.9342259772e-01  2.4606465433e+00 -4.1632081229e-01  1.7020306400e+00  2.3536578200e+00  3.6584208457e+00 -3.3430126746e+00  3.8962597521e+00  5.1230645217e+00 -1.2766912274e+00  3.7813400151e+00  2.4543514188e+00  6.3690559554e-01  4.5987376723e+00 -2.1767402327e-01  2.2755469970e-01  2.7493920128e+00  4.2602951435e+00 -2.2643798546e+00  2.9782637743e+00  5.1165113046e+00 -2.9078209038e+00  2.0079097019e+00  2.1339829937e+00 -6.9453911591e-01  4.1776749629e+00  2.0569592537e+00 -1.3038993365e+00 -1.0495013845e+00  1.6944786053e-01 -1.7281482127e-01  8.5533331194e-02  3.9113337165e+00 -2.2666287001e+00  2.9497828919e-01 -1.7482495218e+00 -5.7496349940e-01  1.3968628325e+00 -2.3404009566e+00 -1.8658463443e-01  3.0181493551e+00 -1.3539589481e+00 -1.6388700338e+00  2.7546988374e+00 -6.3069909906e-01  1.7975535003e+00  1.2836580857e+00  4.7790204245e-01  2.2982371609e+00  2.5630145388e+00 -1.2573348504e+00  2.1405711533e+00  2.9026184631e+00  3.0896586934e+00 -4.0626440594e+00  3.3011393897e+00  4.4612060939e+00 -3.8802746171e+00  4.4184393887e+00  3.0024984775e+00 -2.8991489444e+00  4.6471787516e+00  5.9867990893e+00 -1.8067818076e+00  4.2019491577e+00  4.5704476712e+00 -8.3969793941e-01  4.6120122699e+00  5.4964163718e+00 -4.8026507445e-01  3.1315146181e+00  2.6339925817e+00  5.8590693205e-01  5.6754638265e+00  1.6317538675e+00  1.3331371923e+00  4.4050184225e+00  3.3538030990e+00  1.0048718948e+00  4.0928936061e+00 -5.4530439267e-02  1.7806598058e-01  3.8281501684e+00  5.7796127156e+00 -3.4111725761e+00  2.5057185912e+00
ENERGY -6.579998136995e+02

