JOB 0
COORDS  3.4055094189e+00 -1.6760943232e+00 -1.5243687872e+00  3.0677068854e+00 -4.2430399765e+00 -8.8443004742e-01  2.3646685876e+00 -2.0706711245e+00 -6.5425278064e-01  4.2402244001e+00 -2.6650738870e+00 -2.0214412728e+00  1.4682834164e+00 -1.1248456367e+00 -4.7962625001e-02  6.6118955265e+00 -6.8399552364e-01 -1.8611519923e+00  3.8116581824e-02 -2.4691146784e+00  2.0174350344e+00 -9.7557190377e-01 -1.4037512492e-01  6.6110764453e-01  5.3652768678e+00 -2.3528426119e+00 -2.9904158433e+00  2.2130846561e+00 -3.3839042555e+00 -3.2860462196e-01  4.0837869870e+00 -3.9707240381e+00 -1.7096409672e+00 -9.0711552529e-01 -2.5671983737e+00 -4.5571421969e-01  5.7874441169e+00 -9.9777769574e-01 -2.9776956466e+00 -6.3695767797e-02 -1.6799908589e+00  3.9181265563e-01  3.5492333569e+00 -6.3843349610e-01 -1.8084890501e+00  2.9250620404e+00 -5.2926016494e+00 -6.2747523985e-01  1.4297700811e+00 -1.1235154891e-01 -4.3919604420e-01  6.8879561014e+00  3.6872500204e-01 -1.9566245586e+00  7.5248512950e+00 -1.2974614833e+00 -1.8610270198e+00  6.0866210131e+00 -8.3381890559e-01 -9.0803487389e-01 -9.6122584875e-01 -2.8073224836e+00  2.2984211662e+00  7.1002246313e-01 -3.3150228093e+00  1.8638860670e+00  4.5902440850e-01 -1.7637374177e+00  2.7348066211e+00 -1.9283390633e+00 -4.1027576776e-01  1.1186130957e+00 -4.0884203873e-01  5.4563564810e-01  1.2913313743e+00 -1.1474315620e+00  2.7967560549e-01 -3.3057723164e-01  6.2007907825e+00 -3.0366564156e+00 -2.7858468828e+00  5.0166767264e+00 -2.5553266379e+00 -4.0089856788e+00
ENERGY -1.009496955661e+03

JOB 1
COORDS  3.4385999998e+00 -1.6776241206e+00 -1.4452907675e+00  3.0930594082e+00 -4.2792492607e+00 -9.7387132601e-01  2.4382035472e+00 -2.1226674750e+00 -5.5291118107e-01  4.2330370269e+00 -2.6380807009e+00 -2.0531715277e+00  1.5846433131e+00 -1.2124889052e+00  1.6346950132e-01  6.6407175775e+00 -7.0787593134e-01 -1.8587328461e+00 -6.7857022981e-02 -2.3680275408e+00  2.2013711704e+00 -9.3219330148e-01 -1.8525215250e-01  5.2225709415e-01  5.3148286829e+00 -2.2684102798e+00 -3.0508805633e+00  2.2860779280e+00 -3.4524918160e+00 -3.0932413266e-01  4.0705347507e+00 -3.9602518213e+00 -1.8299508943e+00 -7.2722038382e-01 -2.7058247876e+00 -3.3391641073e-01  5.7612138910e+00 -9.2408828523e-01 -2.9562534863e+00  1.3112160840e-02 -1.7297265623e+00  5.0808784739e-01  3.5823180005e+00 -6.2409732737e-01 -1.6637660754e+00  2.9475447039e+00 -5.3429162075e+00 -7.8580428404e-01  1.5879771458e+00 -1.6779510453e-01 -1.3449111730e-01  6.9313272392e+00  3.4489694264e-01 -1.8876629485e+00  7.5414774891e+00 -1.3329518820e+00 -1.9468993816e+00  6.1563601094e+00 -9.2182997236e-01 -8.9627291002e-01 -1.0941607581e+00 -2.6737276285e+00  2.4152290662e+00  6.0169499971e-01 -3.2303111995e+00  2.1950512476e+00  2.9498440477e-01 -1.6061908813e+00  2.8925941533e+00 -1.9205027847e+00 -4.1403797457e-01  9.2409538236e-01 -4.3074503938e-01  5.8061478699e-01  1.1159496808e+00 -1.0107961104e+00  1.1021723776e-01 -5.2426581093e-01  6.1471247805e+00 -2.9773212728e+00 -2.9403002831e+00  4.9143499769e+00 -2.3869052200e+00 -4.0635745652e+00
ENERGY -1.009491711104e+03

JOB 2
COORDS  3.4303852639e+00 -1.7299167901e+00 -1.4177160210e+00  3.0831609083e+00 -4.3614124876e+00 -1.2032150298e+00  2.4447905284e+00 -2.2606442449e+00 -5.5283911064e-01  4.2110545523e+00 -2.6244296190e+00 -2.1332724902e+00  1.6245239248e+00 -1.3970975079e+00  2.5549117257e-01  6.6336984297e+00 -7.3635144464e-01 -1.7824410393e+00 -1.7089862882e-01 -2.1338178412e+00  2.3900067276e+00 -9.1843077641e-01 -2.9643146402e-01  3.4116983457e-01  5.2774817509e+00 -2.1579231450e+00 -3.1068900630e+00  2.2941423499e+00 -3.6056579980e+00 -4.3959285212e-01  4.0462647639e+00 -3.9617436042e+00 -2.0424266267e+00 -6.4979227443e-01 -2.9351263681e+00 -8.5221051995e-02  5.7346179258e+00 -8.3252629864e-01 -2.8811063956e+00  3.2523746763e-02 -1.8197124061e+00  6.1184083369e-01  3.5737807864e+00 -6.6001022402e-01 -1.5333070849e+00  2.9363733039e+00 -5.4383311271e+00 -1.1201310458e+00  1.7146084339e+00 -3.2476347867e-01  1.0938080068e-01  6.9310735880e+00  3.1223969055e-01 -1.7064140689e+00  7.5286779574e+00 -1.3532611924e+00 -1.9507982775e+00  6.1640539761e+00 -1.0473567619e+00 -8.3936904955e-01 -1.2232182895e+00 -2.3385168228e+00  2.6002575854e+00  4.4300877860e-01 -3.0143512941e+00  2.5885938475e+00  2.0412434002e-01 -1.2768410089e+00  2.9521874368e+00 -1.9233565581e+00 -4.5592848507e-01  7.3687372061e-01 -4.3686243130e-01  5.5614297204e-01  8.2369752032e-01 -9.4720978381e-01 -1.7093942271e-01 -7.4155654337e-01  6.1071779006e+00 -2.8780963920e+00 -3.0853526040e+00  4.8595512002e+00 -2.1680558941e+00 -4.1193928970e+00
ENERGY -1.009485944589e+03

JOB 3
COORDS  3.4002458901e+00 -1.5821124105e+00 -1.6568713833e+00  2.6117100922e+00 -4.0390253160e+00 -2.3111267973e+00  2.1699548562e+00 -2.0964950039e+00 -1.1827545396e+00  4.1741237149e+00 -2.3997936604e+00 -2.4655299026e+00  1.3022465535e+00 -1.2916555948e+00 -3.6453417132e-01  6.7240037979e+00 -1.2648075453e+00 -1.1420296395e+00  5.2406198999e-01 -9.2892398986e-01  2.2715937038e+00 -1.4439772520e+00 -1.6147759652e+00  4.4961366477e-01  5.4923419434e+00 -1.9300778593e+00 -3.0529989756e+00  1.7739368205e+00 -3.3446743262e+00 -1.5415638032e+00  3.7958411935e+00 -3.6519860521e+00 -2.8010670889e+00  3.9906716500e-01 -3.4134591414e+00  1.1694175148e+00  6.0939873020e+00 -8.5290054036e-01 -2.3492427245e+00  3.0526349074e-01 -1.9845634136e+00  8.0189063523e-01  3.7407758091e+00 -5.8418726799e-01 -1.3981648166e+00  2.2883787507e+00 -5.0450946150e+00 -2.5785473964e+00  1.6562960647e+00 -3.1789772287e-01 -4.0361832616e-02  7.1622035909e+00 -3.7105441897e-01 -6.9147147137e-01  7.5216914700e+00 -1.9950003707e+00 -1.3428867123e+00  6.0088061040e+00 -1.7109262123e+00 -4.3737291791e-01 -2.3495260359e-01 -1.2116004605e+00  3.0034494272e+00  1.5236765420e+00 -1.1419294171e+00  2.6525632422e+00  4.2894592752e-01  1.2231170440e-01  1.9943328216e+00 -2.0596507395e+00 -1.9646121933e+00  1.2816632087e+00 -1.5450154603e+00 -5.4067878816e-01  2.8693960927e-01 -1.6869440585e+00 -2.1578930657e+00 -4.6568181661e-01  6.1699269425e+00 -2.7921780056e+00 -3.1225147502e+00  5.3148274947e+00 -1.5667862566e+00 -4.0711355344e+00
ENERGY -1.009484857693e+03

JOB 4
COORDS  3.4096550542e+00 -1.4932525361e+00 -1.6198917348e+00  2.4134898184e+00 -3.8533270001e+00 -2.3589321696e+00  2.1624370430e+00 -1.9369613284e+00 -1.1270743875e+00  4.0925633891e+00 -2.3297165399e+00 -2.4904095914e+00  1.3575788886e+00 -1.1360016372e+00 -2.4264848227e-01  6.7586066965e+00 -1.4389135743e+00 -1.2039251492e+00  3.2974996763e-01 -7.4528291549e-01  2.2614482522e+00 -1.3464278560e+00 -1.8911396169e+00  3.7251939467e-01  5.4261373491e+00 -1.9361329062e+00 -3.0984343600e+00  1.6595500947e+00 -3.1354845025e+00 -1.5270555398e+00  3.6075867635e+00 -3.5313797661e+00 -2.8703353267e+00  6.7515286337e-01 -3.2993531746e+00  1.4109907354e+00  6.1241993560e+00 -9.3447917360e-01 -2.3736157944e+00  3.9435986884e-01 -1.9385520024e+00  8.9211863781e-01  3.8324518042e+00 -5.3666689137e-01 -1.3290607720e+00  2.0058897937e+00 -4.8178935971e+00 -2.6611704587e+00  1.8114073566e+00 -2.5430554387e-01  2.0071141562e-01  7.2711753833e+00 -5.9693715553e-01 -7.3276460743e-01  7.4968773272e+00 -2.2132070130e+00 -1.4591035266e+00  6.0347133526e+00 -1.8634341794e+00 -4.9494440745e-01 -4.3318226517e-01 -1.0936917143e+00  2.9592719203e+00  1.3111522572e+00 -7.6328505034e-01  2.7370944502e+00  9.3914343347e-02  2.5025856074e-01  1.8836066443e+00 -1.9615129145e+00 -2.3377483257e+00  1.1569346747e+00 -1.6159064476e+00 -8.5404793478e-01  1.7144973079e-01 -1.4031855930e+00 -2.4817862368e+00 -5.4377284145e-01  6.0350644252e+00 -2.8426788669e+00 -3.2193187433e+00  5.2488368679e+00 -1.5224739267e+00 -4.0972502751e+00
ENERGY -1.009490293034e+03

JOB 5
COORDS  3.4600272298e+00 -1.4567628798e+00 -1.5521568721e+00  2.3325109944e+00 -3.7469766482e+00 -2.3262640988e+00  2.2204579764e+00 -1.8677115317e+00 -1.0144324931e+00  4.0666147395e+00 -2.2883762066e+00 -2.4815714514e+00  1.4827995115e+00 -1.0772278531e+00 -6.6710554278e-02  6.8228915872e+00 -1.5333632817e+00 -1.2953897537e+00  1.3750804960e-01 -6.6338722040e-01  2.2623202183e+00 -1.1851584802e+00 -2.0453057170e+00  2.2333736794e-01  5.3867638956e+00 -1.9289686101e+00 -3.1378869597e+00  1.6517788758e+00 -3.0326607343e+00 -1.4303235913e+00  3.5136552809e+00 -3.4544011397e+00 -2.8814518443e+00  7.6593922316e-01 -3.2144910150e+00  1.6281924834e+00  6.1541663129e+00 -9.7438803693e-01 -2.4206424006e+00  4.5492054238e-01 -1.9112191320e+00  9.8478644697e-01  3.9336446433e+00 -5.2775281246e-01 -1.2508802248e+00  1.8710305348e+00 -4.6823186833e+00 -2.6425116447e+00  1.9894446314e+00 -2.6175157833e-01  4.4175220311e-01  7.3878524199e+00 -7.2356039991e-01 -8.2788499283e-01  7.5189947751e+00 -2.3265046258e+00 -1.6051889999e+00  6.1173984540e+00 -1.9503495216e+00 -5.6386751861e-01 -6.6521435863e-01 -1.0487897085e+00  2.8924161222e+00  1.0543817327e+00 -5.7035544057e-01  2.8460347153e+00 -1.3638088961e-01  2.8701508615e-01  1.8040153928e+00 -1.8587708645e+00 -2.5258403204e+00  9.3608310547e-01 -1.5191588946e+00 -1.0469369826e+00 -5.9216271138e-02 -1.0457493261e+00 -2.6696764877e+00 -6.6053686728e-01  5.9537541506e+00 -2.8544389281e+00 -3.3093251977e+00  5.1813523952e+00 -1.4826395719e+00 -4.1170981554e+00
ENERGY -1.009495832724e+03

JOB 6
COORDS  3.4543417085e+00 -1.4586407402e+00 -1.4593625750e+00  2.2385815790e+00 -3.6773760702e+00 -2.3004827277e+00  2.2345112832e+00 -1.8751111851e+00 -8.7799030119e-01  3.9936750166e+00 -2.2464900332e+00 -2.4635471561e+00  1.5820673825e+00 -1.1161527011e+00  1.5018963880e-01  6.8221934757e+00 -1.5963753821e+00 -1.3828594356e+00 -2.0403272868e-02 -5.7794699176e-01  2.2793117906e+00 -1.0777250057e+00 -2.1247492820e+00  1.7259159017e-01  5.2871633418e+00 -1.8776566057e+00 -3.1658413021e+00  1.6237931743e+00 -3.0070236765e+00 -1.3251112792e+00  3.3935422014e+00 -3.3763093227e+00 -2.9013657699e+00  6.9473264578e-01 -3.1456808309e+00  1.8867069558e+00  6.1062031699e+00 -9.7191355616e-01 -2.4429545025e+00  4.4728736695e-01 -1.8918629335e+00  1.1233733005e+00  3.9620365748e+00 -5.5631445035e-01 -1.1336108629e+00  1.7396092178e+00 -4.5833984033e+00 -2.6443092403e+00  2.1242459913e+00 -3.4133985377e-01  6.8281612175e-01  7.4226651550e+00 -8.1894552460e-01 -9.0485428462e-01  7.4892104630e+00 -2.3816242422e+00 -1.7676167941e+00  6.1481928565e+00 -2.0407163303e+00 -6.3795123595e-01 -8.2669312951e-01 -9.7501710239e-01  2.8975116777e+00  8.5343782679e-01 -3.7597926047e-01  2.9006054056e+00 -3.3073736470e-01  3.1446985323e-01  1.7361998699e+00 -1.8184229124e+00 -2.5768104763e+00  8.3530667882e-01 -1.4017383761e+00 -1.1595182046e+00 -2.1715383548e-01 -8.0837690157e-01 -2.8021806500e+00 -6.3790783331e-01  5.8273731207e+00 -2.8032790299e+00 -3.4085418326e+00  5.0431221006e+00 -1.3820028405e+00 -4.1119120200e+00
ENERGY -1.009499404625e+03

JOB 7
COORDS  3.4760767663e+00 -1.4931560632e+00 -1.3643056762e+00  2.2083340490e+00 -3.6319375840e+00 -2.3205148998e+00  2.2702070818e+00 -1.9385490839e+00 -7.6981562930e-01  3.9715882231e+00 -2.2088911808e+00 -2.4405875433e+00  1.6861298090e+00 -1.2359292546e+00  3.3280620265e-01  6.8439931670e+00 -1.6405902688e+00 -1.4179477985e+00 -1.2320349234e-01 -4.9268292205e-01  2.2243119257e+00 -9.8280743610e-01 -2.2050098874e+00  1.3068870632e-01  5.2446157294e+00 -1.8018457433e+00 -3.1587959533e+00  1.6369337228e+00 -3.0334433747e+00 -1.2732555114e+00  3.3426712812e+00 -3.2978641449e+00 -2.9403978493e+00  5.5880971667e-01 -3.0873612539e+00  2.1126460620e+00  6.0909325378e+00 -9.4652511761e-01 -2.4068096818e+00  4.2766901069e-01 -1.8976411725e+00  1.2245474190e+00  4.0039045901e+00 -6.2026177735e-01 -9.9358120011e-01  1.6871945316e+00 -4.5062525026e+00 -2.7108278574e+00  2.2487578878e+00 -4.8449322969e-01  8.7537174056e-01  7.4567911442e+00 -8.9554879176e-01 -9.0529118167e-01  7.5010985442e+00 -2.3919816528e+00 -1.8796316805e+00  6.1966553998e+00 -2.1410458049e+00 -6.8512801292e-01 -9.3931821205e-01 -8.5321794016e-01  2.8521391172e+00  7.2015095169e-01 -1.9911824107e-01  2.8513952106e+00 -4.3652682771e-01  3.3068768538e-01  1.5827798403e+00 -1.8073927268e+00 -2.5467939059e+00  7.5918751159e-01 -1.2250842666e+00 -1.2901013276e+00 -4.1106117262e-01 -6.5011254138e-01 -2.9841539760e+00 -5.5372746419e-01  5.7714249361e+00 -2.7127865140e+00 -3.4754554766e+00  4.9742090550e+00 -1.2479414237e+00 -4.0645284001e+00
ENERGY -1.009500379076e+03

JOB 8
COORDS  3.4522118702e+00 -1.5434442863e+00 -1.2733586110e+00  2.0871783070e+00 -3.5605277010e+00 -2.3485397202e+00  2.2552868640e+00 -2.0037183255e+00 -6.6776384650e-01  3.8852751634e+00 -2.1797522073e+00 -2.4226548994e+00  1.7487079843e+00 -1.3689837926e+00  5.0894368286e-01  6.8084470112e+00 -1.7548278647e+00 -1.4721627450e+00 -1.8849780751e-01 -4.3237989508e-01  2.1940494155e+00 -9.1483770132e-01 -2.3579862149e+00  2.2909659873e-01  5.1413231921e+00 -1.7486444335e+00 -3.1563522144e+00  1.5744273492e+00 -3.0387911006e+00 -1.2313309078e+00  3.2048374494e+00 -3.2062006135e+00 -2.9856396047e+00  4.9150015691e-01 -3.0078924041e+00  2.3916914485e+00  6.0361635428e+00 -9.7178580188e-01 -2.3761511302e+00  4.2244396382e-01 -1.9240267754e+00  1.3692826019e+00  4.0185522751e+00 -7.1726223618e-01 -8.5548269861e-01  1.5256863239e+00 -4.3856056420e+00 -2.7875327031e+00  2.3474498250e+00 -6.5279873326e-01  1.0601898826e+00  7.4617133476e+00 -1.0646552664e+00 -9.3336048470e-01  7.4254744744e+00 -2.4865176964e+00 -2.0138688960e+00  6.1772632198e+00 -2.2912523362e+00 -7.5084009956e-01 -1.0009535300e+00 -7.3933518137e-01  2.8547133453e+00  6.3873409250e-01 -3.6567255374e-02  2.7855118428e+00 -5.1555324499e-01  2.9747153683e-01  1.4534101728e+00 -1.8201269931e+00 -2.4308890329e+00  8.3573263589e-01 -9.9750562520e-01 -1.6020595220e+00 -5.5185027214e-01 -6.4079733344e-01 -3.3183464128e+00 -2.0019346382e-01  5.6328979342e+00 -2.6448240877e+00 -3.5600205841e+00  4.8521288011e+00 -1.1224484666e+00 -4.0075497009e+00
ENERGY -1.009499454853e+03

JOB 9
COORDS  3.4785883484e+00 -1.5435283850e+00 -1.2379846256e+00  2.0397825789e+00 -3.4205968174e+00 -2.4560350331e+00  2.2680038893e+00 -2.0078788467e+00 -6.5891391195e-01  3.8839479422e+00 -2.1020221595e+00 -2.4356703133e+00  1.8102280524e+00 -1.4422931655e+00  5.7125157436e-01  6.8246482810e+00 -1.8401241924e+00 -1.4753360085e+00 -2.5521608481e-01 -3.4762718840e-01  2.0437170248e+00 -8.1627312492e-01 -2.5300145197e+00  3.0704798749e-01  5.1506516898e+00 -1.6585828994e+00 -3.1431005596e+00  1.5499006994e+00 -2.9715026511e+00 -1.2970697195e+00  3.1651763257e+00 -3.0576562424e+00 -3.0726818934e+00  5.1901671778e-01 -2.8221369004e+00  2.6040348159e+00  6.0726722447e+00 -9.6938979557e-01 -2.3138883661e+00  4.4998987052e-01 -1.9021968807e+00  1.4317751353e+00  4.0752552712e+00 -7.7188462311e-01 -7.6214476833e-01  1.4466923119e+00 -4.1884268182e+00 -2.9537469329e+00  2.4433948410e+00 -7.6656931814e-01  1.1362807601e+00  7.5018618840e+00 -1.2118110913e+00 -8.9225337324e-01  7.4158106305e+00 -2.5486626461e+00 -2.0737172160e+00  6.1806992828e+00 -2.4083259611e+00 -7.9058423716e-01 -1.0919347753e+00 -5.9591491956e-01  2.6993798751e+00  5.3188449373e-01  1.4567147309e-01  2.6167647805e+00 -5.6061232842e-01  2.7459414885e-01  1.2021200465e+00 -1.7401179289e+00 -2.5423443406e+00  8.8997921744e-01 -8.8703561970e-01 -1.8985448061e+00 -5.7772628172e-01 -5.0791264168e-01 -3.5329514627e+00  2.4345284911e-02  5.6118812599e+00 -2.5381910800e+00 -3.6136299263e+00  4.8787261587e+00 -9.6354743331e-01 -3.9451396085e+00
ENERGY -1.009497790717e+03

JOB 10
COORDS  3.3968766494e+00 -1.4931406701e+00 -1.2079817511e+00  1.8192099179e+00 -3.1501469581e+00 -2.5632203709e+00  2.1454147617e+00 -1.8942011842e+00 -6.6704230951e-01  3.7660402235e+00 -1.9961878739e+00 -2.4407208695e+00  1.7409865488e+00 -1.3765488834e+00  6.0282241891e-01  6.7091597848e+00 -2.0459815607e+00 -1.4529082156e+00 -4.9553133743e-01 -2.4357959755e-01  1.8814126780e+00 -7.9410220572e-01 -2.6966965518e+00  5.1451031213e-01  5.0716506601e+00 -1.6099669425e+00 -3.1098317812e+00  1.3539692398e+00 -2.7415329830e+00 -1.3790603774e+00  2.9771042539e+00 -2.8418942677e+00 -3.1474600492e+00  5.7354635124e-01 -2.4576623720e+00  2.8311021808e+00  6.0390618646e+00 -1.0594439238e+00 -2.2303825233e+00  3.9783235808e-01 -1.7843235462e+00  1.5131686054e+00  4.0515941772e+00 -8.1109395577e-01 -6.7516511734e-01  1.1676764045e+00 -3.8262568718e+00 -3.1179239835e+00  2.4270742901e+00 -7.6666888812e-01  1.1822894762e+00  7.4301086896e+00 -1.5182171904e+00 -8.2439532603e-01  7.2457528147e+00 -2.7570692617e+00 -2.0979150353e+00  6.0144063654e+00 -2.6057064040e+00 -8.1225466844e-01 -1.3407109379e+00 -4.7953417492e-01  2.5317221323e+00  2.1321801942e-01  3.9895623282e-01  2.4071372590e+00 -8.1067677695e-01  2.2399658235e-01  9.4777564211e-01 -1.6853272868e+00 -2.7661321758e+00  1.1426743467e+00 -9.7553582759e-01 -2.1859545898e+00 -4.2914888269e-01 -3.6614751480e-01 -3.6778181553e+00  3.2243906506e-01  5.4637052598e+00 -2.4891632421e+00 -3.6401444143e+00  4.8651765779e+00 -8.4000147351e-01 -3.8613791120e+00
ENERGY -1.009496464438e+03

JOB 11
COORDS  3.4703392539e+00 -1.4323296145e+00 -1.1870131009e+00  1.7429004647e+00 -2.8141747591e+00 -2.6640349572e+00  2.1768207502e+00 -1.7336465194e+00 -6.8248474009e-01  3.7986734548e+00 -1.8832182050e+00 -2.4512199486e+00  1.8071379320e+00 -1.2632971928e+00  6.1553490577e-01  6.7147640415e+00 -2.2908513091e+00 -1.4566255795e+00 -7.0047681951e-01 -3.5484860192e-01  1.6635129919e+00 -5.0103377602e-01 -2.9746817937e+00  7.1594472706e-01  5.1442321625e+00 -1.5885573371e+00 -3.0868830429e+00  1.3055492089e+00 -2.4335216124e+00 -1.4599907417e+00  2.9346267079e+00 -2.5918120889e+00 -3.2184756401e+00  7.8602179636e-01 -2.1031042510e+00  2.9604523304e+00  6.1511615806e+00 -1.1947613104e+00 -2.1688488220e+00  4.9801032649e-01 -1.7238992434e+00  1.5507799429e+00  4.1877025005e+00 -8.6615353673e-01 -6.0191548229e-01  1.0313147075e+00 -3.3783714050e+00 -3.2679613249e+00  2.5245505502e+00 -7.2766135099e-01  1.2288280713e+00  7.4762442087e+00 -1.8782527167e+00 -7.9090787502e-01  7.1873423470e+00 -3.0061583010e+00 -2.1455799903e+00  5.9625700755e+00 -2.8220085296e+00 -8.5774875040e-01 -1.5478073553e+00 -6.6831347819e-01  2.2782669593e+00 -1.6814949224e-01  4.6834507450e-01  2.1434542863e+00 -1.0082938031e+00 -7.1144585098e-02  6.5566670213e-01 -1.3167861950e+00 -3.1818936604e+00  1.4126108205e+00 -8.3744813698e-01 -2.6058673270e+00 -2.4996517441e-01  1.2610579867e-01 -3.8538111872e+00  5.7430755158e-01  5.4530740120e+00 -2.4667351583e+00 -3.6711356073e+00  5.0234066221e+00 -7.5547161614e-01 -3.7881013129e+00
ENERGY -1.009496697524e+03

JOB 12
COORDS  3.4653692462e+00 -1.3103888083e+00 -1.1068943659e+00  1.5750743448e+00 -2.4203313186e+00 -2.6188116208e+00  2.1532621302e+00 -1.4924241044e+00 -5.9507604566e-01  3.7249115082e+00 -1.7324034414e+00 -2.3969770127e+00  1.8265148833e+00 -1.0490239872e+00  7.2075284656e-01  6.5946230840e+00 -2.5004625641e+00 -1.4786884575e+00 -8.7530222571e-01 -3.6628675890e-01  1.4137733159e+00 -2.8432111570e-01 -3.0342997014e+00  9.4719804672e-01  5.0857425383e+00 -1.5568587259e+00 -3.0441286574e+00  1.1968439781e+00 -2.0492266796e+00 -1.3918139185e+00  2.7780860128e+00 -2.3043218587e+00 -3.1810795838e+00  7.4806423785e-01 -1.6617416579e+00  3.0793668773e+00  6.1427807336e+00 -1.3179481860e+00 -2.1292217168e+00  4.9779119736e-01 -1.5435652671e+00  1.6201862322e+00  4.2476061673e+00 -8.5577596427e-01 -5.0778150025e-01  7.9793619726e-01 -2.8708433093e+00 -3.2372285985e+00  2.5788476302e+00 -6.3253063327e-01  1.3812658334e+00  7.4064442370e+00 -2.2041488002e+00 -8.1056932404e-01  6.9760411540e+00 -3.2296633447e+00 -2.2084086984e+00  5.7983148222e+00 -2.9748612714e+00 -8.8910522843e-01 -1.7527022070e+00 -7.2789813849e-01  1.9557791987e+00 -5.2220077826e-01  5.7618828283e-01  1.8354155128e+00 -1.0730458695e+00 -2.5630518168e-01  3.4560569850e-01 -1.1051080975e+00 -3.2601298685e+00  1.6314415027e+00 -6.0509093298e-01 -2.8423036081e+00 -7.3980028037e-02  4.6554108939e-01 -3.8261314682e+00  9.6444726668e-01  5.2882680314e+00 -2.4351253011e+00 -3.6731157008e+00  5.0466034436e+00 -6.8382335186e-01 -3.7048696421e+00
ENERGY -1.009498624361e+03

JOB 13
COORDS  3.5039896129e+00 -1.2724883155e+00 -1.0397966930e+00  1.5117629854e+00 -2.1725361532e+00 -2.5663180971e+00  2.1932873895e+00 -1.3948873867e+00 -5.0871632045e-01  3.7080393126e+00 -1.6407219810e+00 -2.3559792132e+00  1.8955663890e+00 -1.0009969913e+00  8.2716699579e-01  6.5388511348e+00 -2.6459065353e+00 -1.5505393320e+00 -8.9403158292e-01 -5.0195487633e-01  1.0762963264e+00 -8.9739419434e-02 -3.1501430519e+00  1.1046849406e+00  5.0638002690e+00 -1.5216612041e+00 -3.0260054373e+00  1.1843886050e+00 -1.8484279096e+00 -1.3113653432e+00  2.7088379343e+00 -2.1040707641e+00 -3.1478301225e+00  6.1110830254e-01 -1.4410482663e+00  3.1087181370e+00  6.1534198895e+00 -1.4027939560e+00 -2.1261116124e+00  5.0546226328e-01 -1.5123114572e+00  1.6308700688e+00  4.3255463311e+00 -9.0040192789e-01 -4.3637767472e-01  6.9456487934e-01 -2.5368521464e+00 -3.1898922008e+00  2.6669930728e+00 -7.4629276085e-01  1.5449665506e+00  7.3822289518e+00 -2.4403126660e+00 -8.8746160348e-01  6.8556123858e+00 -3.3577169281e+00 -2.3268774937e+00  5.7249639188e+00 -3.0986915312e+00 -9.6785210348e-01 -1.8171084182e+00 -8.8854682469e-01  1.5147826285e+00 -6.8721313209e-01  5.0951857040e-01  1.4287990848e+00 -9.1165573748e-01 -5.3818555156e-01 -1.4822664652e-02 -9.9669141511e-01 -3.3470326612e+00  1.6801311915e+00 -2.5882165704e-01 -3.1258736802e+00  2.9869514173e-02  6.9331342836e-01 -3.8653007610e+00  1.3624826763e+00  5.1931744289e+00 -2.3764924317e+00 -3.7046338136e+00  5.0696455153e+00 -6.1390774315e-01 -3.6393700926e+00
ENERGY -1.009502001457e+03

JOB 14
COORDS  3.5295708015e+00 -1.3115980014e+00 -9.7428468096e-01  1.4937523020e+00 -2.1089395422e+00 -2.5010448703e+00  2.2308839282e+00 -1.4573058366e+00 -4.1783167349e-01  3.6981795396e+00 -1.6038458513e+00 -2.3136218932e+00  1.9706846622e+00 -1.1624424948e+00  9.4743505785e-01  6.5438643041e+00 -2.6621113374e+00 -1.6355115723e+00 -8.1373030244e-01 -5.1667423281e-01  9.4031658652e-01 -9.6606080305e-02 -3.1909527407e+00  1.2742083479e+00  5.0375454599e+00 -1.4539306749e+00 -3.0097076252e+00  1.1999480856e+00 -1.8632172509e+00 -1.2198789061e+00  2.6758318452e+00 -2.0128241914e+00 -3.1072927474e+00  5.1385861570e-01 -1.3336239274e+00  3.1515695133e+00  6.1496334584e+00 -1.3880933837e+00 -2.1321725508e+00  5.0008463357e-01 -1.5221824110e+00  1.6805720645e+00  4.3677191386e+00 -9.7718840278e-01 -3.7163097063e-01  6.5858985761e-01 -2.4309737178e+00 -3.1241052597e+00  2.7306275481e+00 -9.2078105789e-01  1.6798275849e+00  7.4037526320e+00 -2.4955883038e+00 -9.8272972815e-01  6.8391704051e+00 -3.3307467699e+00 -2.4573600823e+00  5.7424448572e+00 -3.1442706524e+00 -1.0592147855e+00 -1.7726596171e+00 -8.2736857945e-01  1.3611823504e+00 -5.8329895452e-01  5.1428582800e-01  1.2124589838e+00 -7.6927389329e-01 -6.6051777533e-01 -1.4049865504e-01 -1.0911185041e+00 -3.3015965350e+00  1.7116581043e+00 -1.0033926198e-01 -3.2927167101e+00  1.8918340344e-01  6.0906175981e-01 -3.8819535524e+00  1.7382011951e+00  5.1455474427e+00 -2.2715517971e+00 -3.7362892923e+00  5.0330810183e+00 -5.1469017686e-01 -3.5736831295e+00
ENERGY -1.009504721995e+03

JOB 15
COORDS  3.5336695408e+00 -1.3673149895e+00 -9.3604991155e-01  1.4974130768e+00 -2.1286091243e+00 -2.4812157837e+00  2.2448348672e+00 -1.5708452650e+00 -3.7430916846e-01  3.6926019799e+00 -1.5854171415e+00 -2.2905114034e+00  1.9987650554e+00 -1.3875742895e+00  1.0117915481e+00  6.5657157940e+00 -2.6203830983e+00 -1.7046377464e+00 -7.5122484674e-01 -4.9750364693e-01  8.0010696411e-01 -2.0980910285e-01 -3.1886452695e+00  1.3906908589e+00  5.0196331572e+00 -1.3683434376e+00 -2.9925561779e+00  1.2141512873e+00 -1.9608219806e+00 -1.1851628192e+00  2.6698291164e+00 -1.9744402593e+00 -3.0939750001e+00  4.1969218324e-01 -1.2173462026e+00  3.1253565629e+00  6.1413224052e+00 -1.3288204489e+00 -2.1258291104e+00  4.6082735312e-01 -1.5284346019e+00  1.6753664158e+00  4.3713234260e+00 -1.0457344421e+00 -3.2574529873e-01  6.6193662846e-01 -2.4351095108e+00 -3.1116707762e+00  2.7238703424e+00 -1.0366228739e+00  1.7344507678e+00  7.4302585638e+00 -2.4730916553e+00 -1.0533904626e+00  6.8635690986e+00 -3.2367299671e+00 -2.5655160118e+00  5.7807331296e+00 -3.1490399381e+00 -1.1469538336e+00 -1.7387077704e+00 -7.0907588646e-01  1.2159764511e+00 -4.5691554265e-01  5.3331250447e-01  1.0029841169e+00 -6.8754249809e-01 -7.2990034451e-01 -2.6325408131e-01 -1.2400553332e+00 -3.2102809895e+00  1.7528834936e+00 -1.3944279781e-01 -3.4000063716e+00  3.2295700458e-01  4.2246476018e-01 -3.8601700430e+00  1.9732675434e+00  5.1345715949e+00 -2.1414078194e+00 -3.7653714495e+00  4.9892797860e+00 -3.9916293983e-01 -3.5025354159e+00
ENERGY -1.009505286546e+03

JOB 16
COORDS  3.5650555334e+00 -1.4124314135e+00 -9.2731788040e-01  1.4989608690e+00 -2.0980091165e+00 -2.4682081963e+00  2.2909549927e+00 -1.6557384673e+00 -3.5091020638e-01  3.6957355160e+00 -1.5544283324e+00 -2.2955975159e+00  2.0779813135e+00 -1.5830529050e+00  1.0539685016e+00  6.5826837740e+00 -2.6040399757e+00 -1.8246853401e+00 -6.2513209073e-01 -4.7657490832e-01  7.4628750496e-01 -2.4974802110e-01 -3.1357133408e+00  1.6112911764e+00  5.0066251024e+00 -1.2911388269e+00 -3.0119712859e+00  1.2454243353e+00 -2.0097442191e+00 -1.1585894979e+00  2.6576653961e+00 -1.9030901252e+00 -3.0965607578e+00  5.1879374384e-01 -1.0534242186e+00  3.1220523284e+00  6.1458784802e+00 -1.2934326940e+00 -2.1677028825e+00  5.2710363536e-01 -1.5039347766e+00  1.7074291887e+00  4.4138868625e+00 -1.1188038537e+00 -3.1836663401e-01  6.5135943762e-01 -2.3727720974e+00 -3.0970697509e+00  2.8070089563e+00 -1.1819206575e+00  1.7480010030e+00  7.4603194954e+00 -2.4880129562e+00 -1.1847530472e+00  6.8640149908e+00 -3.1725472552e+00 -2.7231833181e+00  5.8111936097e+00 -3.1645852960e+00 -1.2795580574e+00 -1.5976237741e+00 -5.4028068946e-01  1.2390439347e+00 -2.2841782650e-01  5.3830761699e-01  8.0176764335e-01 -6.4571525138e-01 -8.4089931039e-01 -2.7987593648e-01 -1.2827268465e+00 -3.0589621363e+00  1.9585925979e+00 -1.8758735875e-01 -3.4781263203e+00  5.7662707291e-01  3.4110644310e-01 -3.7696832424e+00  2.2734293599e+00  5.1084869125e+00 -2.0197685472e+00 -3.8285656197e+00  4.9615485171e+00 -2.9546327732e-01 -3.4668030346e+00
ENERGY -1.009503569948e+03

JOB 17
COORDS  3.5584923601e+00 -1.4257766925e+00 -9.3214301803e-01  1.5054683207e+00 -1.9404561013e+00 -2.5523239270e+00  2.2677110890e+00 -1.6743881594e+00 -3.9719742543e-01  3.7122279676e+00 -1.4730680246e+00 -2.3050543443e+00  2.0411516538e+00 -1.6977766779e+00  1.0091014895e+00  6.5526713380e+00 -2.6494707345e+00 -1.8692684008e+00 -6.5996667295e-01 -6.0566502547e-01  6.3778509884e-01 -2.9741949603e-01 -3.1101169788e+00  1.8792297658e+00  5.0437585171e+00 -1.1958866414e+00 -2.9769966527e+00  1.2312219180e+00 -1.9462374674e+00 -1.2443881209e+00  2.6807002614e+00 -1.7320152617e+00 -3.1462106181e+00  5.5773378372e-01 -8.7786422804e-01  3.0436865213e+00  6.1666563251e+00 -1.3021280418e+00 -2.1173884847e+00  5.1522586032e-01 -1.4995448438e+00  1.6944201389e+00  4.4025193251e+00 -1.1974994817e+00 -2.8943229698e-01  6.6306600943e-01 -2.1453063373e+00 -3.2139901758e+00  2.7976294355e+00 -1.3948258081e+00  1.7244028560e+00  7.4225626376e+00 -2.6133983670e+00 -1.2095384459e+00  6.8299894447e+00 -3.1577703866e+00 -2.8043814784e+00  5.7531891468e+00 -3.2222654833e+00 -1.3800373354e+00 -1.5684446341e+00 -5.0066970449e-01  1.2347581663e+00 -2.1032546811e-01  3.6834005401e-01  4.3990503859e-01 -8.1029445077e-01 -1.1569552356e+00 -2.8774126214e-01 -1.3057760660e+00 -2.9647343811e+00  2.2746103442e+00 -3.0787056098e-01 -3.6065504070e+00  9.0656094965e-01  3.2414354480e-01 -3.6597090959e+00  2.5872999450e+00  5.1381088301e+00 -1.8602966233e+00 -3.8474649639e+00  5.0385142774e+00 -1.6619841144e-01 -3.3510864682e+00
ENERGY -1.009500125431e+03

JOB 18
COORDS  3.5260269127e+00 -1.4011852016e+00 -9.8683166085e-01  1.5220739888e+00 -1.6248579750e+00 -2.7243533061e+00  2.1945917372e+00 -1.5807334525e+00 -5.2614475007e-01  3.7431445834e+00 -1.3602221525e+00 -2.3511113149e+00  1.9328718112e+00 -1.6713418590e+00  8.7448530507e-01  6.4522065161e+00 -2.8054378250e+00 -1.8946670049e+00 -8.2699999220e-01 -8.9169628326e-01  4.9673267944e-01 -2.2619740952e-01 -3.0805680280e+00  2.1577609515e+00  5.1240109713e+00 -1.1450883785e+00 -2.9413031948e+00  1.1855868527e+00 -1.7041784964e+00 -1.4335883740e+00  2.7365208099e+00 -1.4705580548e+00 -3.2522933924e+00  4.8429470371e-01 -6.4818130778e-01  2.8714385872e+00  6.1914512783e+00 -1.4147911392e+00 -2.0470106688e+00  4.5156637209e-01 -1.4735324095e+00  1.6339295954e+00  4.3538980943e+00 -1.2893513578e+00 -2.9419596361e-01  6.9832710145e-01 -1.7113828538e+00 -3.4338424792e+00  2.7294397813e+00 -1.5519058359e+00  1.6010179836e+00  7.2899888524e+00 -2.8964936664e+00 -1.1995542020e+00  6.7302585597e+00 -3.2614324964e+00 -2.8562018432e+00  5.5856184924e+00 -3.3434888523e+00 -1.4868250970e+00 -1.7096041219e+00 -7.4909339845e-01  1.1244372011e+00 -4.8034704876e-01  5.7104113908e-02  8.7601452335e-02 -9.7374761158e-01 -1.6106535478e+00 -3.0565087868e-01 -1.1998070519e+00 -2.9258827192e+00  2.6293912674e+00 -2.9283772290e-01 -3.7392558168e+00  1.2896748331e+00  4.9065616205e-01 -3.4731108214e+00  2.8808699579e+00  5.2064287295e+00 -1.7439920417e+00 -3.8592092010e+00  5.2213402686e+00 -9.2241802903e-02 -3.2279697272e+00
ENERGY -1.009497294401e+03

JOB 19
COORDS  3.5531523719e+00 -1.3471260711e+00 -9.8329161805e-01  1.6121782898e+00 -1.2292911264e+00 -2.7971666262e+00  2.1918390305e+00 -1.4108080017e+00 -5.8089813164e-01  3.8302650080e+00 -1.2335117785e+00 -2.3322609967e+00  1.8844210329e+00 -1.5625825606e+00  8.0765516995e-01  6.3378455046e+00 -3.0080157988e+00 -1.9085383500e+00 -9.3004590114e-01 -1.2502911401e+00  3.6929036157e-01 -6.5033525089e-03 -2.9871284011e+00  2.3781070851e+00  5.2503919787e+00 -1.1275142921e+00 -2.8551142334e+00  1.2156912556e+00 -1.3540182243e+00 -1.5272910596e+00  2.8563003596e+00 -1.1721830333e+00 -3.2727369966e+00  2.6964953893e-01 -3.8421212760e-01  2.6465892685e+00  6.2421444366e+00 -1.5890592994e+00 -1.9515558702e+00  4.0424247802e-01 -1.4066773113e+00  1.5720708869e+00  4.3599275969e+00 -1.3781930011e+00 -2.5809287929e-01  8.1335767870e-01 -1.1764229163e+00 -3.5377364215e+00  2.6848211606e+00 -1.5512283737e+00  1.5410446666e+00  7.1314436048e+00 -3.2509536786e+00 -1.1981646320e+00  6.6008354294e+00 -3.4151503780e+00 -2.8959201632e+00  5.4001822024e+00 -3.4727698408e+00 -1.5741751271e+00 -1.8414522756e+00 -1.2435978010e+00  9.7180745993e-01 -7.9146711265e-01 -3.0260050615e-01 -1.4737847094e-01 -8.9474248429e-01 -2.0660079360e+00 -3.4935609032e-01 -9.5555725438e-01 -2.8770874628e+00  2.9079091870e+00 -4.4936731540e-02 -3.7754121035e+00  1.6247910276e+00  8.0058910416e-01 -3.1795540071e+00  3.0873900298e+00  5.3065161108e+00 -1.6543774727e+00 -3.8179867104e+00  5.4752346064e+00 -7.2354022571e-02 -3.0453027885e+00
ENERGY -1.009496144850e+03

JOB 20
COORDS  3.5132456590e+00 -1.3643035244e+00 -9.3584498478e-01  1.6109080417e+00 -8.9572801787e-01 -2.7350238706e+00  2.1478860002e+00 -1.3367983214e+00 -5.4504145112e-01  3.8144886757e+00 -1.1506133313e+00 -2.2676001366e+00  1.8044295053e+00 -1.5885622796e+00  8.1991226144e-01  6.1488214403e+00 -3.1770403673e+00 -2.0063734431e+00 -9.8460204018e-01 -1.8000306025e+00  2.5703287172e-01  1.3897355112e-01 -2.9979002227e+00  2.5387526981e+00  5.2437618239e+00 -1.1266390845e+00 -2.7756045480e+00  1.1918562315e+00 -1.0914378922e+00 -1.4814918649e+00  2.8604441016e+00 -9.1383665511e-01 -3.2002833985e+00 -1.3471323276e-01 -3.6296523175e-01  2.3707103626e+00  6.1805036433e+00 -1.7575992981e+00 -1.9164077505e+00  2.8157088671e-01 -1.5071374675e+00  1.5111649917e+00  4.3054251435e+00 -1.5418101362e+00 -2.1555325714e-01  8.2892450118e-01 -6.9776883676e-01 -3.4688283686e+00  2.5823213679e+00 -1.6592422184e+00  1.5733997272e+00  6.9091593622e+00 -3.5555330573e+00 -1.3192216719e+00  6.3861504851e+00 -3.5126124505e+00 -3.0266342758e+00  5.1695235801e+00 -3.5848708345e+00 -1.7203883120e+00 -1.9013849975e+00 -1.9935771405e+00  8.1887620517e-01 -1.0635940413e+00 -8.9250422153e-01 -3.3577464718e-01 -6.9827201327e-01 -2.6340844831e+00 -3.8159953027e-01 -8.0819368136e-01 -2.9477776636e+00  3.0798554786e+00  2.0513604610e-01 -3.8813828522e+00  1.9034507176e+00  9.7214765805e-01 -2.9738056137e+00  3.2435651811e+00  5.2627851061e+00 -1.5656434942e+00 -3.7829311575e+00  5.5647673676e+00 -8.3230921816e-02 -2.8665884490e+00
ENERGY -1.009496974929e+03

JOB 21
COORDS  3.3011264523e+00 -1.8056014209e+00 -1.6724737874e+00  3.0946280804e+00 -4.2402444231e+00 -6.1621678760e-01  2.1862429040e+00 -2.1448276945e+00 -8.6353632080e-01  4.2689959028e+00 -2.7707639358e+00 -1.8832365173e+00  1.1783884357e+00 -1.1707341559e+00 -5.8183103437e-01  6.4222425782e+00 -5.3869023362e-01 -1.8617667269e+00  1.0769753423e-01 -2.5757611412e+00  1.6582898861e+00 -6.1482460162e-01  8.1742276436e-02  1.0651245374e+00  5.4792032207e+00 -2.5172653927e+00 -2.7622774725e+00  2.0974959291e+00 -3.3967983803e+00 -3.3719573021e-01  4.1845683408e+00 -4.0134585453e+00 -1.3517171198e+00 -1.4922620435e+00 -1.9785726348e+00 -3.9872976599e-01  5.7719455734e+00 -1.1446339594e+00 -2.9725642874e+00 -2.4088861258e-01 -1.4930562197e+00  2.4989945644e-01  3.3980634171e+00 -8.2239359693e-01 -2.1217881808e+00  3.0042294920e+00 -5.2388506084e+00 -1.8792312592e-01  1.1485342433e+00 -2.2787486375e-01 -1.1167672779e+00  6.6095311133e+00  5.0283917492e-01 -2.1332469171e+00  7.3811889099e+00 -1.0334745908e+00 -1.6485563821e+00  5.8013128353e+00 -5.6890051095e-01 -9.5585765977e-01 -7.5165044047e-01 -2.4837749792e+00  2.3263289341e+00  1.9809545377e-01 -3.5823527047e+00  1.2585930472e+00  1.0395497321e+00 -2.2742474520e+00  2.1357578463e+00 -1.5867888811e+00 -2.4761534237e-02  1.5502333179e+00  1.7480401983e-01  3.2344880906e-01  1.7763501657e+00 -6.7277553297e-01  8.4204614748e-01  2.8426632643e-01  6.3390406123e+00 -3.0508555818e+00 -2.3337239082e+00  5.2876126120e+00 -2.9454372478e+00 -3.7522137376e+00
ENERGY -1.009498772427e+03

JOB 22
COORDS  3.3480342195e+00 -1.7891655223e+00 -1.6149476325e+00  3.0682667738e+00 -4.2789228960e+00 -7.1212927865e-01  2.2529385174e+00 -2.1326077392e+00 -7.8424239030e-01  4.2604771443e+00 -2.7810994497e+00 -1.9296587849e+00  1.2937599004e+00 -1.1457363489e+00 -3.8928120359e-01  6.5227919660e+00 -6.6709202291e-01 -1.8343443344e+00  2.2999842524e-01 -2.4953706973e+00  1.8802795756e+00 -7.0643868417e-01  3.5485685724e-02  1.0305382822e+00  5.4462273454e+00 -2.5227958413e+00 -2.8401875792e+00  2.1272032608e+00 -3.4110876230e+00 -3.3386442760e-01  4.1370095760e+00 -4.0512371351e+00 -1.4789691183e+00 -1.2917734584e+00 -2.2294754193e+00 -2.8955918021e-01  5.8031839781e+00 -1.1545134894e+00 -2.9608105530e+00 -1.4178306154e-01 -1.5560797481e+00  3.7705676593e-01  3.4731114723e+00 -7.8320874765e-01 -2.0028618896e+00  2.9478461289e+00 -5.2989534376e+00 -3.4678846049e-01  1.2554604775e+00 -1.8025704569e-01 -8.8130805836e-01  6.7564843947e+00  3.8080909895e-01 -2.0363934226e+00  7.4603753894e+00 -1.2248974526e+00 -1.6942976964e+00  5.9323893587e+00 -7.3293847801e-01 -9.1015746408e-01 -7.1527805044e-01 -2.6301689688e+00  2.4096877694e+00  6.3858812378e-01 -3.4443115247e+00  1.5372789347e+00  9.6431394069e-01 -1.9505562156e+00  2.4743958788e+00 -1.6696625026e+00 -1.4273279357e-01  1.5110823885e+00  2.8143605104e-02  4.3861939106e-01  1.7272608787e+00 -8.3921774628e-01  7.0274282831e-01  1.7737214183e-01  6.2926458962e+00 -3.1300842787e+00 -2.4903500111e+00  5.1925945349e+00 -2.8636828525e+00 -3.8498824582e+00
ENERGY -1.009500082979e+03

JOB 23
COORDS  3.3832463278e+00 -1.7262651955e+00 -1.6188791977e+00  3.0565630053e+00 -4.2565869959e+00 -8.4801626222e-01  2.3042929368e+00 -2.0881132826e+00 -7.7845100981e-01  4.2573393270e+00 -2.7247911843e+00 -2.0159799066e+00  1.3727533014e+00 -1.1149330949e+00 -2.8650448931e-01  6.5819143268e+00 -6.8337056571e-01 -1.8710548522e+00  1.4185870631e-01 -2.4857448280e+00  1.8815881568e+00 -8.9499807821e-01 -6.3555771290e-02  7.8972888591e-01  5.4232853722e+00 -2.4482826763e+00 -2.9465827822e+00  2.1562414850e+00 -3.3849356005e+00 -3.9075283909e-01  4.1085255143e+00 -4.0138609788e+00 -1.6348570298e+00 -1.1044980877e+00 -2.4254984405e+00 -4.6509821089e-01  5.8168873216e+00 -1.0858475919e+00 -3.0012826855e+00 -1.1551337495e-01 -1.6247470563e+00  3.0929489439e-01  3.5250944941e+00 -7.0391741216e-01 -1.9546634063e+00  2.9179571831e+00 -5.2919967056e+00 -5.3676316445e-01  1.3293140598e+00 -1.2606328777e-01 -7.3094943070e-01  6.8397796382e+00  3.6767279418e-01 -2.0205285614e+00  7.5066778122e+00 -1.2734797984e+00 -1.7910018429e+00  6.0163711632e+00 -7.8603607544e-01 -9.3482560653e-01 -8.3933052914e-01 -2.7678077600e+00  2.2683147199e+00  7.3490254652e-01 -3.3633965533e+00  1.6243410725e+00  6.8632802312e-01 -1.8323815786e+00  2.5641631444e+00 -1.8511662685e+00 -3.1809496553e-01  1.2488734072e+00 -2.5373890145e-01  4.9302351151e-01  1.4731124547e+00 -1.0669426663e+00  4.9496496398e-01 -1.3153808467e-01  6.2611167423e+00 -3.0979519937e+00 -2.6575372820e+00  5.1303112937e+00 -2.7239293183e+00 -3.9655027572e+00
ENERGY -1.009499780053e+03

