JOB 0
COORDS  1.1085342691e-01 -5.3569423580e+00  2.6340973216e+00 -1.0295995468e+00 -4.5623157609e+00  2.4898302378e+00  1.8911312826e-01 -5.6161526600e+00  2.0983791367e-01 -9.4916426798e-01 -4.8141475504e+00  6.1684087828e-02  6.8967670726e-01 -5.8729231808e+00  1.4789652700e+00 -1.5509448217e+00 -4.3143540113e+00  1.2270724132e+00 -1.3137158351e+00 -5.4780299682e-01 -6.2033882931e-01 -8.4845278320e-02 -1.2033172985e+00  2.3486661410e-02 -7.6175449804e-01 -2.3664176281e+00 -1.8672955556e+00 -1.9046139444e+00 -3.3760143783e+00 -1.6516509515e+00 -1.2906377507e+00 -1.0561015211e+00 -1.9621854951e+00  1.4576525561e-01 -2.3757654677e+00 -7.7241461965e-01 -1.4339688872e+00 -4.6583274896e+00 -1.2079798294e+00  1.7980813777e+00 -6.6502649209e+00  1.5920054642e+00 -2.6820355516e+00 -3.5518307362e+00  1.1387069411e+00  5.3485496563e-01 -5.5770224062e+00  3.6078108157e+00 -1.5373415018e+00 -4.1442404008e+00  3.3537050502e+00  6.7887033888e-01 -6.0133072950e+00 -6.7255940392e-01 -2.2405835198e+00 -8.3564826115e-01 -1.0977798711e-01 -1.2545299905e+00  5.4056360657e-01 -6.7571650024e-01  8.0263203749e-01 -5.6400604951e-01 -3.0496296262e-02 -2.5878868809e-01 -1.5003829089e+00  1.0622903685e+00 -2.0389374025e-01 -2.5818624722e+00 -2.7832068584e+00 -2.3983998034e+00 -3.5708282769e+00 -2.6057355295e+00 -2.6380777792e+00 -2.9647793163e+00 -9.5837715635e-01
ENERGY -8.125588238934e+02

JOB 1
COORDS -5.2993524001e-03 -5.1226945649e+00  2.6572159761e+00 -1.2565614356e+00 -4.5363573014e+00  2.4535163552e+00  2.4834737425e-01 -5.3457174170e+00  2.4045457695e-01 -1.0021617600e+00 -4.7506120062e+00  3.2564274742e-02  7.1591234210e-01 -5.5223182543e+00  1.5349760407e+00 -1.7436272395e+00 -4.3714754482e+00  1.1620642263e+00 -1.1276067979e+00 -7.8293305228e-01 -3.5005584077e-01  2.0239208649e-01 -1.5039406693e+00 -9.6610956617e-02 -8.6703795158e-01 -2.3378428855e+00 -1.9778788827e+00 -1.9732739356e+00 -3.3917755786e+00 -1.7071334731e+00 -1.3720925341e+00 -1.0355090221e+00 -1.7409825154e+00  2.4731818681e-01 -2.5159608567e+00 -1.1147319188e+00 -1.4573084843e+00 -4.6527794696e+00 -1.2539927842e+00  1.9352627101e+00 -6.0943122951e+00  1.7116876547e+00 -2.9870317486e+00 -3.8310391410e+00  1.0063441302e+00  3.9859368598e-01 -5.2752912531e+00  3.6522861885e+00 -1.8756803247e+00 -4.2240511996e+00  3.2889392752e+00  8.4928645147e-01 -5.6326627368e+00 -6.1506097492e-01 -1.9346871618e+00 -1.1950044566e+00  2.6889932217e-01 -1.0805736826e+00  2.9822274775e-01 -2.1028454055e-01  1.0642450814e+00 -8.4042151760e-01 -2.2343507907e-01  2.4620893692e-01 -1.9805303581e+00  8.8754544735e-01 -5.1539515178e-01 -2.3812802270e+00 -3.0122552234e+00 -2.4983590106e+00 -3.6167365183e+00 -2.6374421515e+00 -2.6955226022e+00 -2.9867829522e+00 -9.9772821215e-01
ENERGY -8.125574415547e+02

JOB 2
COORDS -2.8130435641e+00 -2.1746256207e+00 -2.5371155149e-02 -2.9173463387e+00 -2.6855513040e+00 -1.3262884165e+00 -1.8338292731e+00 -1.2925092530e-01 -9.4283210271e-01 -1.9361793381e+00 -6.4435444214e-01 -2.2410836652e+00 -2.2724474825e+00 -9.0645543344e-01  1.2662815149e-01 -2.4853126241e+00 -1.9287088355e+00 -2.4026481151e+00  1.8656622875e+00  1.7048622385e+00 -1.1099155531e+00  1.6089578956e+00  1.9580494617e-01 -1.1147257863e+00  5.2681089672e-01  1.2388101612e+00 -2.8775495475e+00 -9.7240376408e-01  1.2875409993e+00 -3.2697312176e+00  7.5666322054e-01  2.2069063052e+00 -1.8662340589e+00  9.1974723491e-01 -2.3973213444e-02 -2.3551101827e+00 -1.5700751972e+00  2.1139549136e-03 -3.3818617921e+00 -2.1452192399e+00 -3.8655681245e-01  1.3787621813e+00 -2.5907095720e+00 -2.4320485589e+00 -3.6557437532e+00 -3.1372934737e+00 -2.7426551661e+00  8.3970103827e-01 -3.3321248019e+00 -3.6713970322e+00 -1.5122961492e+00 -1.4042145535e+00  8.4405923677e-01 -7.4074427640e-01  1.8343542542e+00  2.1606670349e+00 -1.1891308514e-01  2.8129538365e+00  1.9583702104e+00 -1.6050160015e+00  2.5262416962e+00 -3.9910178913e-01 -1.1101057743e+00  9.6598571410e-01 -1.1438172131e-01 -2.8298246360e-01  1.1609953188e+00  1.4539316810e+00 -3.7513884681e+00 -1.0747675312e+00  1.7303511860e+00 -4.2618842433e+00 -1.5104041416e+00  1.9182994962e+00 -2.5556151530e+00
ENERGY -8.125566261106e+02

JOB 3
COORDS -2.7494353409e+00 -2.0635436043e+00  3.1585101653e-02 -2.8510990963e+00 -2.6323858302e+00 -1.2456955094e+00 -1.8019987941e+00 -4.7300769707e-02 -9.7973586994e-01 -1.9020300593e+00 -6.2130157980e-01 -2.2530352901e+00 -2.2262875771e+00 -7.8261383389e-01  1.2516321096e-01 -2.4338134925e+00 -1.9193892193e+00 -2.3570393236e+00  1.7133750459e+00  1.5600688165e+00 -9.7805276200e-01  1.6150095996e+00  5.8147454302e-02 -1.2605317765e+00  5.1067694094e-01  1.2896866123e+00 -2.8808157543e+00 -9.6104685630e-01  1.2733448128e+00 -3.3732217121e+00  5.9938427529e-01  2.0879523157e+00 -1.7084935454e+00  9.9747178567e-01 -3.0979282697e-03 -2.5567735711e+00 -1.5454396469e+00 -2.1811101145e-02 -3.4207926750e+00 -2.1019866800e+00 -2.0667089163e-01  1.3528296977e+00 -2.5374704610e+00 -2.4788507112e+00 -3.5860253329e+00 -3.0630661519e+00 -2.5974207620e+00  9.2198968189e-01 -3.2527952130e+00 -3.6311240341e+00 -1.3858390794e+00 -1.3810745491e+00  9.3906894299e-01 -8.2714611891e-01  1.5864504145e+00  1.8248936301e+00  7.2985192107e-02  2.6528568674e+00  1.9852659517e+00 -1.3565742642e+00  2.5888352152e+00 -4.3658660010e-01 -1.3087139975e+00  9.7544218345e-01 -4.5447420644e-01 -5.3393467665e-01  1.1611036567e+00  1.7180919846e+00 -3.6595559869e+00 -1.0026487453e+00  1.6234161806e+00 -4.4055389192e+00 -1.5499440814e+00  1.9568292115e+00 -2.7521385391e+00
ENERGY -8.125574866053e+02

JOB 4
COORDS -2.7500570893e+00 -2.0008723488e+00  8.4719913594e-02 -2.7772242062e+00 -2.6185453236e+00 -1.1736185199e+00 -1.8284762933e+00  1.0821038992e-02 -9.6058788020e-01 -1.8544159407e+00 -6.1141166790e-01 -2.2146035390e+00 -2.2753751368e+00 -6.9955917288e-01  1.5211389646e-01 -2.3377231709e+00 -1.9312369735e+00 -2.2925121457e+00  1.5939495163e+00  1.3993473531e+00 -8.8023737077e-01  1.6347996639e+00 -1.1958798207e-02 -1.4635996997e+00  5.0593560672e-01  1.4178297701e+00 -2.8910443956e+00 -9.4669475264e-01  1.2754638121e+00 -3.4100158050e+00  5.0114774449e-01  1.9967491049e+00 -1.5901371339e+00  1.1949279442e+00  1.8159423218e-01 -2.8173010408e+00 -1.4639809048e+00 -5.0036270945e-02 -3.3892401234e+00 -2.2258392490e+00 -7.6212033613e-02  1.3613899767e+00 -2.3708600118e+00 -2.5370782865e+00 -3.5030158219e+00 -3.0836498296e+00 -2.5132460531e+00  9.8050780160e-01 -3.1388513514e+00 -3.6351060840e+00 -1.2931121487e+00 -1.4412843922e+00  1.0136878955e+00 -8.3072046860e-01  1.3640185269e+00  1.4331806884e+00  1.8641575799e-01  2.5231216112e+00  1.9500792144e+00 -1.0785485961e+00  2.6369241393e+00 -4.4700091233e-01 -1.4859879339e+00  9.4772033630e-01 -6.8680640770e-01 -9.4141282272e-01  1.0617682620e+00  2.0779029536e+00 -3.5748371262e+00 -9.7150947761e-01  1.5456699346e+00 -4.4669781091e+00 -1.5905262187e+00  1.9707020748e+00 -2.8592811837e+00
ENERGY -8.125583670027e+02

JOB 5
COORDS -2.9125417868e+00 -1.8909586463e+00  1.6326816777e-01 -2.7757422092e+00 -2.5884912982e+00 -1.0444460859e+00 -1.8472240705e+00  5.2376473195e-02 -8.7422085889e-01 -1.7191861985e+00 -6.4659884014e-01 -2.0811670189e+00 -2.4426376681e+00 -5.8641102863e-01  2.1173098048e-01 -2.1913564711e+00 -1.9711308814e+00 -2.1382214584e+00  1.5227303650e+00  1.1745311168e+00 -8.2353280690e-01  1.7399324294e+00  1.5895768103e-02 -1.7955657067e+00  5.3897830512e-01  1.6343306462e+00 -2.8724934852e+00 -8.6994651688e-01  1.2302307363e+00 -3.3471422200e+00  5.2727268976e-01  1.9746280299e+00 -1.4830156502e+00  1.5123024223e+00  6.3481372615e-01 -3.0702208486e+00 -1.1565787647e+00 -1.6377385172e-01 -3.2231051073e+00 -2.5493203834e+00  1.0967006998e-01  1.3755224556e+00 -2.0665151023e+00 -2.6528847429e+00 -3.3016435764e+00 -3.3651694016e+00 -2.3456406846e+00  1.0377102493e+00 -3.1247171703e+00 -3.6114215855e+00 -1.1457762285e+00 -1.4647926789e+00  1.0595901356e+00 -7.6049090182e-01  1.1282913227e+00  8.6094723761e-01  1.4629579418e-01  2.4358163276e+00  1.7645795408e+00 -6.7997867594e-01  2.7579914934e+00 -3.7800568775e-01 -1.7920323507e+00  1.0259344570e+00 -7.9777305795e-01 -1.6279290321e+00  8.4611530267e-01  2.5178541229e+00 -3.4491235502e+00 -9.2947918252e-01  1.4176336516e+00 -4.4222906931e+00 -1.6206717485e+00  1.8481262161e+00 -2.8437282917e+00
ENERGY -8.125604390403e+02

JOB 6
COORDS -3.0974100226e+00 -1.8321715845e+00  2.0053374060e-01 -2.8236351750e+00 -2.5868968686e+00 -9.4757404062e-01 -1.9644761327e+00  8.1434808379e-02 -8.2184815055e-01 -1.7042297609e+00 -6.7352637394e-01 -1.9720715363e+00 -2.6574508374e+00 -5.1624261496e-01  2.2878262780e-01 -2.1420129553e+00 -2.0102217436e+00 -2.0071873560e+00  1.5476087872e+00  9.9912702440e-01 -8.8827661131e-01  1.8829737285e+00  8.0072237496e-02 -2.0641192695e+00  4.7604401862e-01  1.7097870676e+00 -2.8229287215e+00 -8.7013272625e-01  1.1655650330e+00 -3.3110069020e+00  4.9240417416e-01  1.8300044086e+00 -1.4006089615e+00  1.5686790844e+00  8.9968770321e-01 -3.1999588914e+00 -1.0357694449e+00 -2.3547340942e-01 -3.0762707057e+00 -2.8957285187e+00  2.3319750428e-01  1.3381804292e+00 -1.8861275962e+00 -2.7465212142e+00 -3.1151535674e+00 -3.6303581777e+00 -2.2522066498e+00  1.0466389290e+00 -3.1423006670e+00 -3.6212948618e+00 -1.0306020680e+00 -1.6007243462e+00  1.0961427782e+00 -7.1833065825e-01  1.1743861954e+00  4.6196866281e-01 -1.2360483666e-02  2.3989025045e+00  1.6279548537e+00 -6.0279986983e-01  2.9403324272e+00 -1.8463829802e-01 -2.1246736159e+00  1.2697574694e+00 -8.2677921128e-01 -2.0653179697e+00  6.2493023449e-01  2.7018728796e+00 -3.2714361433e+00 -9.0478641458e-01  1.2744418078e+00 -4.3985991748e+00 -1.6882748362e+00  1.7477592380e+00 -2.8737455342e+00
ENERGY -8.125622823882e+02

JOB 7
COORDS -3.2141478454e+00 -1.7619155600e+00  1.7039070286e-01 -2.7555374220e+00 -2.5611803657e+00 -8.8464496216e-01 -2.1427019430e+00  1.7706738691e-01 -8.7055504053e-01 -1.6980125004e+00 -6.2273476925e-01 -1.9300665246e+00 -2.8920852654e+00 -4.1213878336e-01  1.4544773709e-01 -2.0155277503e+00 -1.9932807391e+00 -1.9090508257e+00  1.5619568611e+00  8.0274467524e-01 -9.4151189388e-01  2.0000667621e+00  1.9279292237e-01 -2.2763789748e+00  4.3978704593e-01  1.8054855339e+00 -2.7139299451e+00 -8.3987182973e-01  1.1930192659e+00 -3.2900641939e+00  4.7254648078e-01  1.6699848578e+00 -1.2977989256e+00  1.6073162403e+00  1.1944961959e+00 -3.2272790198e+00 -9.6274433038e-01 -2.0143982043e-01 -2.9974840892e+00 -3.3103052195e+00  3.8251135244e-01  1.1664016287e+00 -1.5785751440e+00 -2.7733205081e+00 -2.9278842978e+00 -3.7972991937e+00 -2.1729592372e+00  9.8727025667e-01 -2.9741882421e+00 -3.6237926061e+00 -9.2282991217e-01 -1.8753191352e+00  1.2226837209e+00 -7.9550762356e-01  1.1980221142e+00  5.8059953217e-02 -2.2844577767e-01  2.3568066079e+00  1.3992540305e+00 -4.7974754723e-01  3.0805965727e+00  5.9858684324e-02 -2.3589409988e+00  1.4883590582e+00 -7.5196526212e-01 -2.4843023661e+00  4.7447826824e-01  2.8689151645e+00 -2.9867621995e+00 -7.9262991452e-01  1.2617404964e+00 -4.3801012338e+00 -1.7163055120e+00  1.7495550201e+00 -2.9405715373e+00
ENERGY -8.125625659865e+02

JOB 8
COORDS -3.2232457330e+00 -1.6614438318e+00  2.2085828189e-01 -2.6152689553e+00 -2.5066876459e+00 -7.1630244459e-01 -2.2371370261e+00  2.6537816705e-01 -9.2107345027e-01 -1.6438967220e+00 -5.8171534247e-01 -1.8641602727e+00 -3.0139681014e+00 -2.9569113332e-01  9.0068624578e-02 -1.8448140205e+00 -1.9679016139e+00 -1.7336779026e+00  1.5419567861e+00  5.5969361080e-01 -1.0589619613e+00  2.1165358510e+00  3.6718866258e-01 -2.4740289774e+00  4.2048495257e-01  1.8880603331e+00 -2.5918774114e+00 -7.7092544436e-01  1.1880040336e+00 -3.2701788720e+00  5.1208058434e-01  1.5512069564e+00 -1.2185339291e+00  1.6522199971e+00  1.5244382022e+00 -3.1862776238e+00 -8.6947334449e-01 -1.9371628751e-01 -2.9160134507e+00 -3.5784828802e+00  5.4637861638e-01  9.9575935904e-01 -1.2590789294e+00 -2.7924823831e+00 -2.6370773170e+00 -3.8337382645e+00 -2.0491220807e+00  1.0290976713e+00 -2.7395353284e+00 -3.5839614190e+00 -6.6724153815e-01 -2.0708474869e+00  1.3341262681e+00 -9.2515460395e-01  1.1052786789e+00 -3.6025264554e-01 -6.5857311107e-01  2.2807634244e+00  9.5211554090e-01 -3.5360271964e-01  3.2079903383e+00  3.7572137282e-01 -2.5023459247e+00  1.7393465853e+00 -5.4714472281e-01 -2.9428748851e+00  3.1077618673e-01  2.9740315448e+00 -2.6942636374e+00 -6.1575785421e-01  1.2091344948e+00 -4.3514334246e+00 -1.7049082034e+00  1.7127682934e+00 -3.0409820100e+00
ENERGY -8.125612418845e+02

JOB 9
COORDS -3.3278068642e+00 -1.6217797703e+00  2.5013029286e-01 -2.6361483901e+00 -2.4957849448e+00 -5.9841118390e-01 -2.3627021070e+00  2.7171606495e-01 -9.6326992954e-01 -1.6845581289e+00 -6.0546924007e-01 -1.8166631013e+00 -3.1679184045e+00 -2.5906299697e-01  4.1689621845e-02 -1.8344937795e+00 -1.9878900293e+00 -1.6072499013e+00  1.6191265864e+00  3.6695826926e-01 -1.1683597656e+00  2.1799895284e+00  5.0677663706e-01 -2.5965612114e+00  3.6582772648e-01  1.8560206313e+00 -2.4108005389e+00 -7.4208121517e-01  1.1253055393e+00 -3.2143754082e+00  5.3145101750e-01  1.3077271045e+00 -1.1178175492e+00  1.6232106337e+00  1.7477881109e+00 -3.0558604679e+00 -8.7861136637e-01 -2.4962915889e-01 -2.8554854193e+00 -3.8150114771e+00  6.1240895582e-01  8.6017968979e-01 -1.1646439100e+00 -2.8397571534e+00 -2.4233467424e+00 -3.9637056800e+00 -1.9847547796e+00  1.0501938661e+00 -2.7175710368e+00 -3.5723331268e+00 -4.8546379877e-01 -2.2485823385e+00  1.3456118349e+00 -1.0303023373e+00  1.2465487127e+00 -6.4168615978e-01 -9.6677997274e-01  2.3428388754e+00  6.5369455838e-01 -3.9992136035e-01  3.2673151250e+00  5.9534209260e-01 -2.6328761624e+00  1.8552641736e+00 -3.2059563957e-01 -3.2376443983e+00  1.3081602315e-01  2.9217837537e+00 -2.3262739050e+00 -4.6462400830e-01  1.1294023167e+00 -4.2702228972e+00 -1.7019066277e+00  1.6431547732e+00 -3.1077182803e+00
ENERGY -8.125590168490e+02

JOB 10
COORDS -3.4657318879e+00 -1.5724006372e+00  2.4754520152e-01 -2.7451871606e+00 -2.4892463697e+00 -5.2904607749e-01 -2.4412328913e+00  2.5447538365e-01 -1.0155827513e+00 -1.7311239329e+00 -6.6454655901e-01 -1.7955056842e+00 -3.2899915200e+00 -2.2209171320e-01 -1.9216582714e-02 -1.8988573483e+00 -2.0339919155e+00 -1.5261786539e+00  1.7464226629e+00  2.0625236014e-01 -1.2802631532e+00  2.2689337397e+00  6.5635988606e-01 -2.6601372683e+00  3.3637583400e-01  1.7485263525e+00 -2.2428432247e+00 -6.7990089938e-01  1.0085704870e+00 -3.1699919158e+00  5.9117195357e-01  1.0331793742e+00 -1.0519155824e+00  1.5872356219e+00  1.8984740465e+00 -2.8912877590e+00 -8.8471671658e-01 -3.5738899158e-01 -2.8166607389e+00 -3.9660808698e+00  6.9135376054e-01  7.2698973154e-01 -1.2004688378e+00 -2.9269237935e+00 -2.2714931746e+00 -4.1357517893e+00 -1.8938982060e+00  1.0374055716e+00 -2.8370933468e+00 -3.5587325502e+00 -3.6733100165e-01 -2.3278495399e+00  1.3243125299e+00 -1.1363568667e+00  1.4572552483e+00 -8.4871674776e-01 -1.2730036640e+00  2.4583351466e+00  4.0183816960e-01 -4.7368227360e-01  3.3416877210e+00  8.5508382780e-01 -2.6830825259e+00  2.0153027903e+00 -7.1899214119e-02 -3.4403907000e+00 -2.4046435021e-02  2.7488758293e+00 -1.9875085276e+00 -2.7508897998e-01  9.8713054286e-01 -4.1830818181e+00 -1.6371208845e+00  1.5417032237e+00 -3.1975992237e+00
ENERGY -8.125569151870e+02

JOB 11
COORDS -3.5630008113e+00 -1.4784281213e+00  2.7639679357e-01 -2.8452992207e+00 -2.4476680821e+00 -4.3733516500e-01 -2.4684759484e+00  2.6106553757e-01 -1.0487691040e+00 -1.7583364603e+00 -7.0994213642e-01 -1.7630181323e+00 -3.3513809204e+00 -1.4718063469e-01 -5.1122709742e-02 -1.9643200117e+00 -2.0607463938e+00 -1.4329068716e+00  1.9144908334e+00  1.3851850024e-01 -1.4544907457e+00  2.3888812008e+00  9.0085746335e-01 -2.7150652188e+00  3.2769456038e-01  1.6378836780e+00 -2.1357251936e+00 -6.0580209914e-01  8.8281149102e-01 -3.1414197937e+00  7.1874426001e-01  8.2791758312e-01 -1.0514169136e+00  1.5209062019e+00  2.0433219779e+00 -2.7826407711e+00 -8.8085067024e-01 -4.6680069899e-01 -2.7742187644e+00 -4.0264046895e+00  8.1660728365e-01  6.2982429471e-01 -1.2698321810e+00 -3.0038075708e+00 -2.1168654925e+00 -4.2585806159e+00 -1.7467587293e+00  1.0639925473e+00 -2.9651289769e+00 -3.5056131004e+00 -2.2566913264e-01 -2.3403712957e+00  1.3211519293e+00 -1.2288302733e+00  1.6875760564e+00 -9.0971027077e-01 -1.6717610169e+00  2.6237750283e+00  1.9968359119e-01 -6.2564078214e-01  3.4140816914e+00  1.2692358936e+00 -2.6470637590e+00  2.2864867866e+00  2.8547245039e-01 -3.6175201545e+00 -1.5371261910e-01  2.5359790356e+00 -1.7408193895e+00 -1.0177921900e-01  8.1221285848e-01 -4.1061404960e+00 -1.5388700977e+00  1.4389365779e+00 -3.2895255526e+00
ENERGY -8.125556484001e+02

JOB 12
COORDS  6.9563387832e-02 -1.7347393905e+00 -6.3715141464e+00 -4.5228149306e-01 -4.4076086145e-01 -6.4354940929e+00 -2.6356415058e-01 -1.7161592823e+00 -3.9533862773e+00 -7.8014981712e-01 -4.1529099262e-01 -4.0139299613e+00  1.4233860698e-01 -2.3456350603e+00 -5.1217669319e+00 -8.8063776791e-01  1.9255638306e-01 -5.2742258990e+00  2.3359848632e+00  6.8999339966e-01 -3.4845425217e+00  1.9334715278e+00  2.1116737617e+00 -3.8907345303e+00  7.1773376821e-01  1.5463774017e+00 -2.0656401856e+00 -7.7789624555e-01  1.4711463665e+00 -2.5090261485e+00  1.4363524165e+00  3.7142905488e-01 -2.4085460493e+00  1.3729156636e+00  2.6404564594e+00 -2.6812200027e+00 -1.2270106006e+00  1.5162795013e-01 -2.8535933962e+00  6.4847414850e-01 -3.6033698908e+00 -5.0389903617e+00 -1.4187523943e+00  1.4407538325e+00 -5.3793158479e+00  4.0266064665e-01 -2.2606957087e+00 -7.2598157787e+00 -5.5370205285e-01  8.0109240983e-02 -7.3826409961e+00 -1.5878964955e-01 -2.2007182175e+00 -2.9893723657e+00  2.2018726809e+00 -3.8169817973e-02 -4.2896345276e+00  3.3645990938e+00  6.4382212874e-01 -3.1110537857e+00  2.7734456787e+00  2.7464874029e+00 -4.1774477440e+00  1.1873993135e+00  2.1075148306e+00 -4.6954355741e+00  7.8924492884e-01  1.6960385317e+00 -9.8419055472e-01 -9.3818633479e-01  2.1683289777e+00 -3.3333063881e+00 -1.4196528445e+00  1.7693532709e+00 -1.6782316026e+00
ENERGY -8.125561786688e+02

JOB 13
COORDS -2.6714001383e-02 -1.8586557158e+00 -6.3467447208e+00 -4.5675507909e-01 -5.3338231869e-01 -6.4444358777e+00 -4.0146965550e-01 -1.7703052890e+00 -3.9370590082e+00 -8.2543998575e-01 -4.3882354359e-01 -4.0307048705e+00 -1.8281129225e-02 -2.4487206788e+00 -5.0852913759e+00 -8.6062959578e-01  1.5068837404e-01 -5.3036667560e+00  2.3275041300e+00  8.9177767660e-01 -3.6352377682e+00  1.9566940310e+00  2.3796977657e+00 -3.7137316695e+00  7.2687575229e-01  1.4495859159e+00 -2.0592223634e+00 -7.3848645754e-01  1.4787150985e+00 -2.5718711214e+00  1.4639945027e+00  3.7078881246e-01 -2.6101720455e+00  1.3941080984e+00  2.6451936658e+00 -2.4200878374e+00 -1.2567602454e+00  1.7713388266e-01 -2.8879166204e+00  3.9734973658e-01 -3.7366735529e+00 -4.9694388519e+00 -1.3109432260e+00  1.4310478833e+00 -5.4449013680e+00  2.8498419224e-01 -2.4233771115e+00 -7.2188273601e+00 -5.0615431424e-01 -2.5634411480e-02 -7.4028288137e+00 -3.4863424640e-01 -2.2442039697e+00 -2.9634185616e+00  2.1394968254e+00  3.5901084790e-01 -4.5724630423e+00  3.3662054667e+00  7.3763470163e-01 -3.3256854423e+00  2.8121700751e+00  3.0433598759e+00 -3.8492340960e+00  1.2202679460e+00  2.5701785277e+00 -4.5047406728e+00  7.5951111416e-01  1.3646727632e+00 -9.6933365987e-01 -8.1343749222e-01  2.1475617770e+00 -3.4300761153e+00 -1.3907017491e+00  1.8604531926e+00 -1.7841965756e+00
ENERGY -8.125573641896e+02

JOB 14
COORDS -9.5791549959e-02 -2.1470180719e+00 -6.2884847599e+00 -2.2005778732e-01 -7.5978958122e-01 -6.4006995706e+00 -6.6335703912e-01 -1.9639348788e+00 -3.9228066836e+00 -7.8299264576e-01 -5.7240958061e-01 -4.0306438988e+00 -3.2992868395e-01 -2.7160999267e+00 -5.0408552043e+00 -5.7082453165e-01  1.4711875970e-03 -5.2940059921e+00  2.4319112882e+00  1.3231749671e+00 -3.8108972260e+00  1.9640962584e+00  2.7490662731e+00 -3.4946986700e+00  8.2650822480e-01  1.3272120157e+00 -2.1394338514e+00 -6.4874673622e-01  1.3849454190e+00 -2.5811831047e+00  1.5923066992e+00  4.9022904216e-01 -2.9951918046e+00  1.3980607865e+00  2.6210613703e+00 -2.1806010389e+00 -1.1817209818e+00  9.1678476360e-02 -2.9043487110e+00 -2.1724844641e-01 -4.0627817835e+00 -4.9029569804e+00 -6.9569989370e-01  1.3527482724e+00 -5.4632441890e+00  1.6677179469e-01 -2.7686691324e+00 -7.1375188678e+00 -6.4191204001e-02 -2.5549641963e-01 -7.3495526212e+00 -8.1771380942e-01 -2.4373508935e+00 -2.9592980353e+00  2.2925763908e+00  1.0536330098e+00 -4.8620192272e+00  3.4761140771e+00  1.1572679550e+00 -3.5248684775e+00  2.7749143933e+00  3.4773727816e+00 -3.4387702378e+00  1.2100936525e+00  3.0952938052e+00 -4.2114559505e+00  9.1440721334e-01  9.4832695363e-01 -1.1164087793e+00 -7.6326164625e-01  2.0789404674e+00 -3.4135761005e+00 -1.2579007432e+00  1.7380154621e+00 -1.7467942064e+00
ENERGY -8.125587718194e+02

JOB 15
COORDS -4.3218340415e+00 -9.7609459966e-01 -5.7511269624e+00 -3.3630856539e+00 -1.9149943467e+00 -5.3440267384e+00 -2.9901917390e+00  7.8906850563e-01 -4.7055477349e+00 -2.0346955466e+00 -1.5221125487e-01 -4.3020942598e+00 -4.1065764764e+00  3.5235553997e-01 -5.4187747357e+00 -2.2476167100e+00 -1.5032143983e+00 -4.6354909356e+00  2.8478460596e+00  1.8185619800e+00 -2.8571891458e+00  2.2587816288e+00  3.1989495635e+00 -2.5595990565e+00  6.4172628747e-01  1.5433516965e+00 -2.4808968060e+00 -6.7262345986e-01  1.4872819959e+00 -3.2408458219e+00  1.7011115718e+00  1.0803705749e+00 -3.2894979903e+00  9.1712800475e-01  2.9023799932e+00 -2.1349477115e+00 -9.0182979707e-01  1.3038195178e-01 -3.6084246223e+00 -5.0185536760e+00  1.2858598114e+00 -5.7995819294e+00 -1.3280307848e+00 -2.4159680116e+00 -4.2438456511e+00 -5.2061714360e+00 -1.2671721986e+00 -6.3073924400e+00 -3.4768687127e+00 -2.9698005807e+00 -5.5739065784e+00 -2.8892913503e+00  1.8443701760e+00 -4.4838876959e+00  3.5825193289e+00  1.8098867544e+00 -3.6640621659e+00  3.2821878562e+00  1.3621019806e+00 -1.9568486933e+00  2.7759219413e+00  3.7289518931e+00 -1.7550289327e+00  2.2292340691e+00  3.8302451561e+00 -3.4554740469e+00  5.8346509903e-01  9.4631112624e-01 -1.5571426017e+00 -5.9111367717e-01  2.1222186856e+00 -4.1312877987e+00 -1.4768829423e+00  1.8626412165e+00 -2.5967332924e+00
ENERGY -8.125602043733e+02

JOB 16
COORDS -4.3738697608e+00 -1.0031493116e+00 -5.6949623867e+00 -3.4505587019e+00 -1.9406237656e+00 -5.2101399933e+00 -2.9870389278e+00  7.8925303289e-01 -4.7746525586e+00 -2.0670645122e+00 -1.5079362880e-01 -4.2934856331e+00 -4.1140988811e+00  3.3848501642e-01 -5.4618923668e+00 -2.3253727978e+00 -1.5148474619e+00 -4.5256730779e+00  2.8559662941e+00  2.0251048382e+00 -2.8768156813e+00  2.1973328341e+00  3.3024136207e+00 -2.3399390893e+00  6.6828301015e-01  1.5823765408e+00 -2.6058189154e+00 -6.4553015824e-01  1.5194929147e+00 -3.3612717428e+00  1.7553233514e+00  1.3310818633e+00 -3.4695437447e+00  8.3636257737e-01  2.9071165248e+00 -2.0947987427e+00 -9.3114695517e-01  1.4464823044e-01 -3.6099866245e+00 -4.9907750319e+00  1.2712044875e+00 -5.9191759084e+00 -1.4399197505e+00 -2.4262622343e+00 -4.0585477319e+00 -5.2645302061e+00 -1.3049861661e+00 -6.2351770476e+00 -3.5995871662e+00 -3.0052541515e+00 -5.3609064778e+00 -2.8514235050e+00  1.8541086788e+00 -4.6310307795e+00  3.6053156137e+00  2.2006082236e+00 -3.6503108413e+00  3.2958491951e+00  1.4260398424e+00 -2.0674401652e+00  2.6462301781e+00  3.6555000693e+00 -1.4067433119e+00  2.2064565042e+00  4.1112409565e+00 -3.0788641502e+00  6.6988692122e-01  8.6431161326e-01 -1.7704017379e+00 -5.4662012113e-01  2.0783374676e+00 -4.2988030215e+00 -1.4296195245e+00  1.9718892825e+00 -2.7428266995e+00
ENERGY -8.125610367323e+02

JOB 17
COORDS -4.4241248399e+00 -1.0177300747e+00 -5.6459087905e+00 -3.5478630699e+00 -1.9597373554e+00 -5.0879500818e+00 -2.9595487853e+00  7.7080860986e-01 -4.8470626766e+00 -2.0866908278e+00 -1.7376456963e-01 -4.2925680976e+00 -4.1035026477e+00  3.2396537664e-01 -5.5084862094e+00 -2.4070625113e+00 -1.5377313435e+00 -4.4276248248e+00  2.8877401791e+00  2.1498021121e+00 -2.9021542384e+00  2.1636759631e+00  3.2739539054e+00 -2.1440290196e+00  7.2950436948e-01  1.5506684021e+00 -2.7251603343e+00 -5.8660625511e-01  1.4932487757e+00 -3.4812887120e+00  1.8248951554e+00  1.5154983737e+00 -3.6165879661e+00  8.1051900062e-01  2.8004408245e+00 -2.0349693464e+00 -9.4250387199e-01  1.1730210098e-01 -3.6211823827e+00 -4.9339595660e+00  1.2604900361e+00 -6.0383232989e+00 -1.5661642122e+00 -2.4526518444e+00 -3.8895521450e+00 -5.3255272055e+00 -1.3164481553e+00 -6.1697675529e+00 -3.7456814634e+00 -3.0244463540e+00 -5.1629953736e+00 -2.7753811295e+00  1.8358357968e+00 -4.7787949507e+00  3.6236177861e+00  2.5028777744e+00 -3.6263152631e+00  3.3632630484e+00  1.4386868115e+00 -2.2126112976e+00  2.5762314786e+00  3.4445764075e+00 -1.1447500727e+00  2.1616130094e+00  4.2156146380e+00 -2.7030943159e+00  7.9428606559e-01  7.2265079015e-01 -2.0019319671e+00 -4.6550293395e-01  1.9730755720e+00 -4.4585203697e+00 -1.3476139223e+00  2.0248615085e+00 -2.8991859047e+00
ENERGY -8.125604665842e+02

JOB 18
COORDS -4.4913426940e+00 -1.0413040392e+00 -5.5895000692e+00 -3.6571199659e+00 -1.9755974763e+00 -4.9587782773e+00 -2.9311669057e+00  7.3257185597e-01 -4.9561031128e+00 -2.1007564080e+00 -2.0416280699e-01 -4.3279661847e+00 -4.1029524858e+00  2.8930657787e-01 -5.5695063491e+00 -2.4899366151e+00 -1.5568371916e+00 -4.3442437977e+00  2.9181997563e+00  2.2654051946e+00 -2.9905120931e+00  2.1431596931e+00  3.1694079077e+00 -2.0115420859e+00  8.0310629376e-01  1.5121692923e+00 -2.9055977478e+00 -5.1724592028e-01  1.4509203147e+00 -3.6613586107e+00  1.8839923004e+00  1.7009488204e+00 -3.7984204370e+00  8.0405375265e-01  2.6489097606e+00 -2.0408604085e+00 -9.3608124293e-01  8.4287245143e-02 -3.6915504235e+00 -4.8912630835e+00  1.2180748227e+00 -6.1722158407e+00 -1.6892156867e+00 -2.4639906749e+00 -3.7357878467e+00 -5.4121390295e+00 -1.3376109478e+00 -6.0799188544e+00 -3.9084793710e+00 -3.0314725148e+00 -4.9412151776e+00 -2.6934294511e+00  1.7887939634e+00 -4.9808750944e+00  3.6056535217e+00  2.8052076489e+00 -3.6437799463e+00  3.4639361296e+00  1.4728720029e+00 -2.4604766211e+00  2.5423444872e+00  3.1201969642e+00 -9.9311058604e-01  2.1136736048e+00  4.2131584876e+00 -2.3396822481e+00  9.4803346028e-01  5.9389454207e-01 -2.3153091091e+00 -3.7533289278e-01  1.8400089622e+00 -4.6751039980e+00 -1.2557799599e+00  2.0607891579e+00 -3.1305325712e+00
ENERGY -8.125593191043e+02

JOB 19
COORDS -4.5312392692e+00 -1.0338051725e+00 -5.5428709645e+00 -3.7415805838e+00 -1.9539735915e+00 -4.8382761097e+00 -2.8984620475e+00  7.1320543950e-01 -5.0287767089e+00 -2.1130324069e+00 -2.0941884779e-01 -4.3262747740e+00 -4.0852255198e+00  2.7661041398e-01 -5.6177162841e+00 -2.5603995670e+00 -1.5417616733e+00 -4.2465393915e+00  2.9075423388e+00  2.4057188695e+00 -2.9924431907e+00  2.0864615079e+00  3.0687589683e+00 -1.8681507426e+00  8.5947682515e-01  1.4805475811e+00 -3.0117867058e+00 -4.6020865333e-01  1.4201460524e+00 -3.7738528235e+00  1.9042376721e+00  1.8946761412e+00 -3.8721672714e+00  7.9079892767e-01  2.4576174744e+00 -1.9735968031e+00 -9.3921599320e-01  7.4168629469e-02 -3.7046376546e+00 -4.8290795904e+00  1.1914606363e+00 -6.2937262573e+00 -1.8023640524e+00 -2.4355039842e+00 -3.5674867288e+00 -5.4616666199e+00 -1.3255994891e+00 -6.0175758653e+00 -4.0387298220e+00 -2.9938832203e+00 -4.7452933163e+00 -2.6149203626e+00  1.7534890669e+00 -5.1292324657e+00  3.5328277245e+00  3.1011858860e+00 -3.5546507010e+00  3.5279537506e+00  1.5852865294e+00 -2.6068562014e+00  2.5116024947e+00  2.8820684185e+00 -8.7642448407e-01  1.9705912090e+00  4.1471728235e+00 -2.0154224216e+00  1.0894034787e+00  4.9488113895e-01 -2.5779728800e+00 -2.9044638996e-01  1.7144757063e+00 -4.8148982223e+00 -1.1756424933e+00  2.1048551578e+00 -3.3072243643e+00
ENERGY -8.125586222598e+02

JOB 20
COORDS -5.6017605645e+00 -8.4546358238e-01 -3.3785414826e+00 -4.6533468438e+00 -1.8405541577e+00 -3.1010728273e+00 -3.9156800694e+00  8.5597763799e-01 -2.8841308930e+00 -2.9720717707e+00 -1.4129790395e-01 -2.6072530835e+00 -5.2040154856e+00  4.7738522768e-01 -3.2618388519e+00 -3.3694695065e+00 -1.4866135715e+00 -2.7246140511e+00  2.0790968905e+00  2.6470155155e+00 -1.5819912153e+00  1.5161275827e+00  2.5896311392e+00 -1.4927375911e-01  1.9653155148e-01  1.4194313349e+00 -1.6426349756e+00 -1.2600060810e+00  1.4381828987e+00 -2.0918768098e+00  9.3748355760e-01  2.3634018412e+00 -2.3940319978e+00  3.1931768577e-01  1.8050611913e+00 -2.7553169930e-01 -1.6853133090e+00  8.0379574885e-02 -2.2332519428e+00 -6.1010529527e+00  1.4640352029e+00 -3.5248810236e+00 -2.4578649186e+00 -2.4523594194e+00 -2.4589741961e+00 -6.6157434472e+00 -1.0901774855e+00 -3.6754142794e+00 -4.9057790070e+00 -2.8937055496e+00 -3.1753226094e+00 -3.6778518745e+00  1.9101890366e+00 -2.8149926185e+00  2.4678678671e+00  3.6258696148e+00 -1.8673888255e+00  2.8539871957e+00  1.8845378764e+00 -1.7400510889e+00  2.2070154559e+00  2.1112350021e+00  5.5259025587e-01  1.2422082383e+00  3.5794766543e+00  2.3010482292e-01  6.1630361540e-01  4.1029974556e-01 -1.7783698536e+00 -1.3295950973e+00  1.9584475940e+00 -3.0534143969e+00 -1.8652475546e+00  1.9592730862e+00 -1.3431674332e+00
ENERGY -8.125589058823e+02

JOB 21
COORDS -5.4886456029e+00 -7.5510472591e-01 -3.2189520259e+00 -4.5645285288e+00 -1.7759943030e+00 -2.9535279598e+00 -3.7222214536e+00  8.9556198568e-01 -2.8497056868e+00 -2.8030234751e+00 -1.2719789935e-01 -2.5839407798e+00 -5.0388495731e+00  5.5479279697e-01 -3.1594573813e+00 -3.2531160176e+00 -1.4596348634e+00 -2.6440197854e+00  2.0155909253e+00  2.9608548858e+00 -1.3673000448e+00  1.2834151592e+00  2.6237975742e+00 -7.2795322921e-02  4.5873042722e-01  1.3338081633e+00 -1.7972728421e+00 -1.0147647423e+00  1.4016691266e+00 -2.1902362129e+00  1.1118505105e+00  2.4655123792e+00 -2.3623637310e+00  6.6247813201e-01  1.3707292901e+00 -3.8690990589e-01 -1.4940056726e+00  5.8884442340e-02 -2.2737735232e+00 -5.9105307717e+00  1.5666281589e+00 -3.4128251624e+00 -2.3662968359e+00 -2.4508347183e+00 -2.3904259454e+00 -6.5229345854e+00 -9.7060908931e-01 -3.4638794677e+00 -4.8572564597e+00 -2.8208255709e+00 -2.9853361031e+00 -3.4435561237e+00  1.9417146347e+00 -2.8239278383e+00  2.1573422993e+00  4.0298132674e+00 -1.5387563611e+00  2.9806653415e+00  2.4410318110e+00 -1.4312243276e+00  1.9404383110e+00  2.4739160346e+00  7.8676002148e-01  5.2698194689e-01  3.3826794591e+00  1.6904517369e-01  8.9731557523e-01  3.9855514933e-01 -2.1689561200e+00 -1.1002458733e+00  1.8933881269e+00 -3.1662161268e+00 -1.5726606031e+00  1.9718780419e+00 -1.4386351854e+00
ENERGY -8.125601400110e+02

JOB 22
COORDS -5.4650866375e+00 -7.3375782440e-01 -3.1262222154e+00 -4.5523549533e+00 -1.7447005569e+00 -2.7922758769e+00 -3.6673812909e+00  9.1201885944e-01 -2.9212080884e+00 -2.7596124669e+00 -1.0061044269e-01 -2.5861544297e+00 -4.9940985585e+00  5.6885426923e-01 -3.1814085055e+00 -3.2312076616e+00 -1.4257995805e+00 -2.5300174349e+00  1.8680442985e+00  3.0787002191e+00 -1.2035942472e+00  1.1269502796e+00  2.4458029611e+00 -3.1234803421e-02  5.3263918387e-01  1.3611858945e+00 -1.9636507104e+00 -9.4220945199e-01  1.4236907523e+00 -2.3428672135e+00  1.1166011907e+00  2.6089464922e+00 -2.3313339460e+00  7.3832432312e-01  1.1765893863e+00 -5.6927804330e-01 -1.4435590030e+00  8.8978713087e-02 -2.3099076637e+00 -5.8543698041e+00  1.5709497454e+00 -3.5035331991e+00 -2.3558354032e+00 -2.4075842074e+00 -2.2101551373e+00 -6.5065109334e+00 -9.5131626464e-01 -3.3367109120e+00 -4.8614522708e+00 -2.7836652875e+00 -2.7338497505e+00 -3.3722422241e+00  1.9519769346e+00 -2.9864050551e+00  1.8470124672e+00  4.1706307440e+00 -1.2110870012e+00  2.9053011666e+00  2.7249764809e+00 -1.2623949434e+00  1.7476432171e+00  2.2655417392e+00  8.4870435462e-01  2.4651261213e-01  3.0376179309e+00  2.5456000541e-01  1.0209783286e+00  5.2505488950e-01 -2.4791481592e+00 -1.0337965035e+00  1.8443411099e+00 -3.3516602651e+00 -1.4794589711e+00  2.0624281358e+00 -1.6315161273e+00
ENERGY -8.125611690910e+02

JOB 23
COORDS -5.4510528874e+00 -7.2833707670e-01 -3.0467645494e+00 -4.5464069066e+00 -1.7119200024e+00 -2.6213644772e+00 -3.6396885382e+00  9.1419771029e-01 -2.9944497589e+00 -2.7399890662e+00 -7.1144891498e-02 -2.5682203922e+00 -4.9695749228e+00  5.5973151087e-01 -3.2216188966e+00 -3.2223075886e+00 -1.3817598245e+00 -2.3899083864e+00  1.7685878800e+00  3.1011461283e+00 -1.0904772273e+00  1.0697246551e+00  2.2506218715e+00 -3.5905124169e-02  5.7215730676e-01  1.4127905864e+00 -2.1127688868e+00 -9.0769273964e-01  1.4487099172e+00 -2.4807606954e+00  1.0759291534e+00  2.7352322852e+00 -2.2921117448e+00  7.8693255627e-01  1.0468130801e+00 -7.5775270222e-01 -1.4234626372e+00  1.3249466241e-01 -2.3057559832e+00 -5.8221595917e+00  1.5351111368e+00 -3.6339350282e+00 -2.3549892407e+00 -2.3371492421e+00 -1.9813743219e+00 -6.4943860104e+00 -9.5575048110e-01 -3.2363137564e+00 -4.8641773360e+00 -2.7384801168e+00 -2.4677438947e+00 -3.3362561350e+00  1.9415552274e+00 -3.1539016098e+00  1.6541097360e+00  4.1777718021e+00 -9.4632538857e-01  2.8330967814e+00  2.8475086318e+00 -1.1727112033e+00  1.6969396570e+00  1.9924288846e+00  8.1962385866e-01  1.4372775445e-01  2.7242036721e+00  3.1728113661e-01  1.1126860036e+00  6.8967306567e-01 -2.7354717937e+00 -1.0148452752e+00  1.7790243153e+00 -3.5215283018e+00 -1.4256365988e+00  2.1578847881e+00 -1.8234822613e+00
ENERGY -8.125606264938e+02

