JOB 0
COORDS  2.0673146257e+00 -2.1417598794e+00  1.2961960722e+00  2.3425795742e+00 -2.7503801366e+00  2.6632286997e+00  9.3705468739e-01 -1.1196148369e-02 -7.1897567427e-01  4.6380428411e+00  2.4018729972e+00  1.2905233276e+00  2.9304232818e+00  1.2730594279e+00  9.2658463790e-02  2.3390812983e+00 -1.1946976804e-01 -1.1168534474e-01  2.3270315523e+00 -7.9880921370e-01  1.1878253762e+00  1.6269127690e+00 -2.8175061033e+00  3.6661244468e-01  4.1829421835e+00  1.1642468335e+00  7.6238438369e-01  1.4510291366e+00 -3.2899438385e+00  2.9921603118e+00  3.1511155784e+00 -3.4810106177e+00  2.5657183733e+00  2.6163744152e+00 -2.0137803423e+00  3.4238512549e+00  2.6675437889e-01  5.3313614354e-01 -4.4900104875e-02  5.2677693704e-01 -1.0061091888e+00 -8.9246570125e-01  9.7926716988e-01  5.2205810893e-01 -1.6753707840e+00  5.5854961781e+00  2.2059212580e+00  1.7973335010e+00  3.9188426221e+00  2.8171094301e+00  2.0120960540e+00  4.8040920854e+00  3.1420409769e+00  4.9420088965e-01  3.0550818815e+00  1.7691198093e+00 -8.8057501937e-01  2.2367013890e+00  1.8788292127e+00  6.9781205851e-01  2.9831241882e+00 -6.8310708256e-01 -7.9930811819e-01  2.9652211959e+00 -4.0502105291e-01  1.8702387190e+00
ENERGY -4.417635846770e+02

JOB 1
COORDS  3.0935520197e+00 -1.7633137169e+00  1.8976763518e+00  2.9366871269e+00 -2.1866856863e+00  3.3497363145e+00  5.5639238774e-01 -5.8387035982e-01 -5.5518064193e-01  3.9321924429e+00  1.7827193420e+00 -1.8935150127e+00  2.7513436675e+00  6.4298871130e-01 -1.7602409538e-01  1.9962595112e+00 -6.8597669748e-01 -5.6173112255e-02  2.0124674269e+00 -1.1413759539e+00  1.3351650870e+00  4.1311410353e+00 -1.9767032375e+00  1.2702225593e+00  2.7825932120e+00  1.0261054554e+00 -1.5458622443e+00  3.0802372178e+00 -3.2686207310e+00  3.4148885016e+00  3.7265936661e+00 -1.7152881771e+00  3.9405561618e+00  1.9654702874e+00 -1.9301574681e+00  3.7829896374e+00 -2.2100640166e-02  1.2270868140e-01  5.4190715338e-02  6.0680666667e-02 -1.5592919142e+00 -5.2109685318e-01  5.4678741660e-01 -2.2013262783e-01 -1.5846541685e+00  3.8655412433e+00  1.9921022436e+00 -2.9639257888e+00  4.8552703061e+00  1.2206861900e+00 -1.6919583496e+00  3.9722722754e+00  2.7364095696e+00 -1.3457247321e+00  2.2558584329e+00  1.4211282672e+00  4.2774801065e-01  3.7673101056e+00  4.9867884519e-01  2.1139436466e-01  2.5441488299e+00 -1.4263792139e+00 -6.4527358896e-01  1.1944451965e+00 -9.6993952280e-01  1.9040699444e+00
ENERGY -4.417623032860e+02

JOB 2
COORDS  3.1108677332e+00 -1.7140500606e+00  1.8753063107e+00  2.9585718156e+00 -2.1833176281e+00  3.3134531240e+00  5.4506138388e-01 -5.9016378416e-01 -5.7524164377e-01  3.9638159924e+00  1.6957246718e+00 -1.8900464292e+00  2.6711618889e+00  7.3188880586e-01 -1.3173681211e-01  1.9816347190e+00 -6.3732298729e-01 -6.0075717316e-02  2.0048853248e+00 -1.1339139985e+00  1.3170029495e+00  4.1654156385e+00 -1.8565856162e+00  1.2554711452e+00  2.7085351805e+00  1.1649323237e+00 -1.4889613167e+00  3.1596316359e+00 -3.2572729394e+00  3.3530380812e+00  3.7141209443e+00 -1.6856956130e+00  3.9272871361e+00  1.9694106316e+00 -1.9906941900e+00  3.7391935617e+00 -7.5978800321e-02  6.5116208071e-02  4.9447321093e-02  9.8258502093e-02 -1.5894911544e+00 -5.8200270183e-01  5.3069574008e-01 -1.9143251168e-01 -1.5917203382e+00  3.8787471498e+00  1.9459649178e+00 -2.9504627933e+00  4.7703999977e+00  9.6123537865e-01 -1.7564854610e+00  4.2178393941e+00  2.6072657944e+00 -1.3290082828e+00  2.1217446484e+00  1.4661028349e+00  4.7800098171e-01  3.6825884216e+00  6.3087642145e-01  2.7656090354e-01  2.5721613827e+00 -1.3321972462e+00 -6.6370082241e-01  1.1736398598e+00 -1.0197231546e+00  1.8811462085e+00
ENERGY -4.417615002085e+02

JOB 3
COORDS  3.1473824385e+00 -1.6723310986e+00  1.8698367213e+00  3.0052273536e+00 -2.1888683395e+00  3.2925884149e+00  5.5902123616e-01 -6.0308144457e-01 -5.8202097088e-01  3.9904292028e+00  1.5810909519e+00 -1.8581822028e+00  2.6109597336e+00  8.0730765452e-01 -6.9121941088e-02  1.9887420811e+00 -5.9723560504e-01 -4.6797101972e-02  2.0189722634e+00 -1.1335865210e+00  1.3152528498e+00  4.2136646704e+00 -1.7438395630e+00  1.2573398473e+00  2.6729824751e+00  1.2887054208e+00 -1.4098310571e+00  3.2557813639e+00 -3.2530631093e+00  3.3042532689e+00  3.7314211837e+00 -1.6742620455e+00  3.9274447448e+00  2.0045247890e+00 -2.0545108723e+00  3.7137113930e+00 -1.0181182065e-01  1.0328228383e-04  5.4209715314e-02  1.6087734622e-01 -1.6216737615e+00 -6.2951078960e-01  5.4012132324e-01 -1.7072589390e-01 -1.5847561508e+00  3.9097397573e+00  1.8766910597e+00 -2.9072333393e+00  4.6478445193e+00  7.0397723392e-01 -1.7809309118e+00  4.4359695871e+00  2.4090737232e+00 -1.2879472427e+00  1.9941595672e+00  1.4968958060e+00  5.2507698674e-01  3.6071948748e+00  7.5900710087e-01  3.8219890843e-01  2.6198310424e+00 -1.2460478270e+00 -6.6101294903e-01  1.1769886800e+00 -1.0769900186e+00  1.8721306481e+00
ENERGY -4.417612988200e+02

JOB 4
COORDS  3.1655508217e+00 -1.6048650791e+00  1.8427019000e+00  3.0365711585e+00 -2.1650600062e+00  3.2499567622e+00  5.6142916801e-01 -5.8777158706e-01 -6.1354594629e-01  3.9707692445e+00  1.4779618327e+00 -1.8401266358e+00  2.5327327106e+00  9.0619774662e-01 -2.9008908154e-02  1.9804713460e+00 -5.2919113508e-01 -5.4403113536e-02  2.0184023147e+00 -1.1035047637e+00  1.2916429611e+00  4.2385171351e+00 -1.6113139466e+00  1.2374843927e+00  2.6351778877e+00  1.4295282369e+00 -1.3503972467e+00  3.3381762283e+00 -3.2158949526e+00  3.2364330669e+00  3.7315451736e+00 -1.6330776708e+00  3.9051279516e+00  2.0269591451e+00 -2.0900752305e+00  3.6645091049e+00 -1.3869475288e-01 -4.0629021546e-02  3.1280516403e-02  2.1490748193e-01 -1.6222051305e+00 -7.0334430751e-01  5.3669568655e-01 -1.2137399208e-01 -1.6009576820e+00  3.9170793854e+00  1.8313900470e+00 -2.8727704194e+00  4.4486043099e+00  4.8873109991e-01 -1.8223977622e+00  4.5850368310e+00  2.1759233637e+00 -1.2535769352e+00  1.8468375352e+00  1.5537632631e+00  5.3329766580e-01  3.5042374315e+00  9.0989263473e-01  4.7652071549e-01  2.6502340225e+00 -1.1316609670e+00 -6.7522692252e-01  1.1698026469e+00 -1.0980156915e+00  1.8412928229e+00
ENERGY -4.417619089165e+02

JOB 5
COORDS  3.1589244484e+00 -1.5534994700e+00  1.8307042328e+00  3.0189641992e+00 -2.1398072542e+00  3.2261355575e+00  5.8775392383e-01 -5.6694255881e-01 -6.6667943582e-01  3.9056298075e+00  1.3971913904e+00 -1.8437092201e+00  2.4733292763e+00  9.9764123500e-01  1.2291396911e-02  1.9859517618e+00 -4.6136958477e-01 -6.3288824263e-02  2.0112659893e+00 -1.0627052773e+00  1.2707889015e+00  4.2403795041e+00 -1.5312997366e+00  1.2413387051e+00  2.6109640573e+00  1.5786208319e+00 -1.2792388614e+00  3.3440924171e+00 -3.1833544904e+00  3.2005698596e+00  3.6909761604e+00 -1.6036960155e+00  3.9016121145e+00  2.0011999541e+00 -2.0937574499e+00  3.6246607843e+00 -1.5466077499e-01 -6.7567150718e-02 -3.0493025087e-02  2.8946243836e-01 -1.6124682010e+00 -7.9283286749e-01  5.7067795444e-01 -7.5577690016e-02 -1.6422751274e+00  3.8879216415e+00  1.8642707735e+00 -2.8312375560e+00  4.1651565501e+00  3.3561868855e-01 -1.9535362493e+00  4.6764295636e+00  1.8820814434e+00 -1.2282053723e+00  1.7335726032e+00  1.6012679814e+00  5.5230284122e-01  3.4208435444e+00  1.0347479188e+00  5.6347855821e-01  2.6965560109e+00 -1.0270425270e+00 -6.7224987384e-01  1.1548004776e+00 -1.0785782201e+00  1.8079870131e+00
ENERGY -4.417627032528e+02

JOB 6
COORDS  3.1486566420e+00 -1.5884414431e+00  1.8532334551e+00  2.9511886479e+00 -2.1650047871e+00  3.2457665212e+00  7.0926806180e-01 -5.7055506637e-01 -7.4716360624e-01  3.7844239810e+00  1.3496394186e+00 -1.9095236668e+00  2.5059520629e+00  1.0352931742e+00  7.5959177384e-02  2.0658274332e+00 -4.3562024329e-01 -6.0068316840e-02  2.0341799148e+00 -1.0536085810e+00  1.2655118416e+00  4.2437667526e+00 -1.6122783467e+00  1.2904740454e+00  2.6242922322e+00  1.7112862893e+00 -1.1683821865e+00  3.2521161642e+00 -3.2159208126e+00  3.2344296837e+00  3.6143500813e+00 -1.6417039154e+00  3.9399263684e+00  1.9229286375e+00 -2.0927257738e+00  3.6121956370e+00 -8.2827993344e-02 -9.6210007229e-02 -1.5333897363e-01  4.4741306822e-01 -1.6223698326e+00 -8.9763394473e-01  7.3344657070e-01 -6.9763421077e-02 -1.7180486106e+00  3.8380763711e+00  2.0310115455e+00 -2.7617961855e+00  3.7357883743e+00  3.1815400370e-01 -2.2838104143e+00  4.6934903390e+00  1.4570987341e+00 -1.3011786891e+00  1.7512111765e+00  1.5885704714e+00  6.4655194979e-01  3.4550005958e+00  1.0708211844e+00  6.2868969273e-01  2.8260443789e+00 -9.7984283726e-01 -6.2522703167e-01  1.1705862564e+00 -1.0175186441e+00  1.7906107816e+00
ENERGY -4.417629068100e+02

JOB 7
COORDS  3.1647760846e+00 -1.6299774393e+00  1.8242584226e+00  2.9326704977e+00 -2.2180947473e+00  3.2065828807e+00  8.1621692218e-01 -5.6477535127e-01 -8.2362689860e-01  3.6635441550e+00  1.3047978584e+00 -1.9738959509e+00  2.5297214583e+00  1.0739276853e+00  1.1495248575e-01  2.1391577073e+00 -4.0462678929e-01 -7.7041552915e-02  2.0733228088e+00 -1.0522120648e+00  1.2321196725e+00  4.2647384286e+00 -1.6822692480e+00  1.2738625117e+00  2.6701652791e+00  1.8130713991e+00 -1.0911918857e+00  3.2053427878e+00 -3.2764982672e+00  3.1861237701e+00  3.6004499072e+00 -1.7212845584e+00  3.9156681741e+00  1.9019593020e+00 -2.1220595376e+00  3.5604138418e+00 -1.4318147398e-02 -1.3169967594e-01 -2.5162722108e-01  5.9605241563e-01 -1.6203855737e+00 -1.0091904114e+00  8.5797946162e-01 -3.9094864005e-02 -1.7809900905e+00  3.8335291670e+00  2.0740009035e+00 -2.7309489697e+00  3.3404298172e+00  3.8288113739e-01 -2.4762951470e+00  4.6061352329e+00  1.1041443461e+00 -1.4448778085e+00  1.7498013980e+00  1.5895116284e+00  6.8598663696e-01  3.4649779864e+00  1.1089776702e+00  6.9299127184e-01  2.9385231034e+00 -9.1677198643e-01 -6.1621388028e-01  1.2089511717e+00 -9.8928395541e-01  1.7537154229e+00
ENERGY -4.417622243548e+02

JOB 8
COORDS  3.1746642990e+00 -1.6231942702e+00  1.8147513542e+00  2.9251765734e+00 -2.2297752765e+00  3.1858683214e+00  8.6708238933e-01 -5.5503764049e-01 -8.5725907646e-01  3.6104899494e+00  1.2539183796e+00 -2.0022979704e+00  2.5285517493e+00  1.1079905154e+00  1.4316177702e-01  2.1729515166e+00 -3.7438916845e-01 -8.3172326815e-02  2.0890286216e+00 -1.0415944200e+00  1.2148238962e+00  4.2820986413e+00 -1.6642675423e+00  1.2790258743e+00  2.7785835286e+00  1.8752700121e+00 -1.0308266642e+00  3.2076746842e+00 -3.2853791940e+00  3.1576400634e+00  3.5767274073e+00 -1.7353625927e+00  3.9115568121e+00  1.8880154854e+00 -2.1466800836e+00  3.5237375540e+00  1.6252183415e-02 -1.5912395656e-01 -2.8836918076e-01  6.7922066971e-01 -1.6117979281e+00 -1.0699091124e+00  9.0387337852e-01 -7.5388435558e-03 -1.8025983440e+00  3.8595818275e+00  2.0271113136e+00 -2.7329502522e+00  3.1033014597e+00  4.3137343188e-01 -2.5237500302e+00  4.5401868883e+00  8.7051126101e-01 -1.5578100124e+00  1.7048959724e+00  1.6152437050e+00  6.5712397879e-01  3.4138974501e+00  1.1364481838e+00  7.9576824375e-01  2.9950835011e+00 -8.6318770581e-01 -6.0814311914e-01  1.2168671423e+00 -9.8954312509e-01  1.7244862027e+00
ENERGY -4.417599745439e+02

JOB 9
COORDS  2.8349211610e+00 -1.7203833156e+00  1.0367458877e+00  2.7519514287e+00 -2.5811975122e+00  2.2864871555e+00  6.4472576284e-01  2.3402889085e-01 -7.5566783635e-01  4.5117399578e+00  1.2556176591e+00  1.1375270076e+00  2.2491848782e+00  1.8099215073e+00  3.7875545948e-01  2.0118303404e+00  3.5897366944e-01 -6.6411283167e-02  2.1006430259e+00 -5.6613765797e-01  1.0628595518e+00  3.5382959780e+00 -2.0400116648e+00  7.7932290389e-02  3.5834331226e+00  2.2208018303e+00  6.5300064968e-01  2.4130582421e+00 -3.5808029251e+00  2.0019035022e+00  3.7561588703e+00 -2.6832551604e+00  2.7069878733e+00  2.0832427732e+00 -2.1823035115e+00  3.0549091363e+00 -1.6543012553e-01  5.6444682014e-01 -9.3893756714e-02  4.5920938202e-01 -8.0789618822e-01 -1.0297501152e+00  6.0834590612e-01  8.4230377916e-01 -1.6649314589e+00  5.4652554888e+00  1.7827168614e+00  1.2202929934e+00  4.6347760259e+00  4.0746676112e-01  4.5588789470e-01  4.2304546887e+00  8.7455671243e-01  2.1296496498e+00  1.8971802801e+00  2.4820345033e+00 -4.0967799526e-01  1.6201835483e+00  1.9973930501e+00  1.2679729482e+00  2.7876485904e+00  4.9213006116e-02 -7.6921967358e-01  1.5173316384e+00 -3.8073465362e-01  1.8687388835e+00
ENERGY -4.417565663463e+02

JOB 10
COORDS  2.8283803519e+00 -1.7225635915e+00  1.0524165480e+00  2.7483445285e+00 -2.5811361149e+00  2.3038116745e+00  6.6365302231e-01  2.3018326510e-01 -7.6257906479e-01  4.5272388578e+00  1.2348633117e+00  1.1182064540e+00  2.2350809562e+00  1.8094550601e+00  4.0300247624e-01  2.0183337512e+00  3.5992696948e-01 -4.9555701229e-02  2.0975628379e+00 -5.6590527021e-01  1.0791478763e+00  3.5249192090e+00 -2.0466440036e+00  9.0195068873e-02  3.5375019939e+00  2.2146358447e+00  8.1937797682e-01  2.3964275190e+00 -3.5775462898e+00  2.0237181472e+00  3.7553678808e+00 -2.6930587065e+00  2.7148797850e+00  2.0910223859e+00 -2.1743826693e+00  3.0778682993e+00 -1.5997530258e-01  5.4941014890e-01 -1.1241771115e-01  4.9229675841e-01 -8.1152393023e-01 -1.0462424380e+00  6.3765109270e-01  8.4337195396e-01 -1.6689180688e+00  5.4608884878e+00  1.7906456490e+00  1.2345179286e+00  4.6553021972e+00  4.9720807703e-01  3.1927586364e-01  4.3133519699e+00  7.0329874083e-01  2.0552112087e+00  1.9615468054e+00  2.4723404500e+00 -4.2545947714e-01  1.5280870127e+00  2.0154727151e+00  1.2248263868e+00  2.8036459641e+00  5.2918706816e-02 -7.4221634052e-01  1.5213909722e+00 -3.7303364527e-01  1.8884110927e+00
ENERGY -4.417548497370e+02

JOB 11
COORDS  2.7088469967e+00 -1.7958370979e+00  1.0640046649e+00  2.6432893298e+00 -2.6373617417e+00  2.3279790518e+00  7.5540181537e-01  1.5511656663e-01 -7.7554504592e-01  4.5605999346e+00  1.3816670606e+00  1.0109486777e+00  2.1940447082e+00  1.8114628598e+00  4.5589157508e-01  2.0667422292e+00  3.5485716598e-01 -5.5906069896e-05  2.1411594473e+00 -5.5322060529e-01  1.1453652253e+00  3.2563650862e+00 -2.2056654051e+00  4.0262755178e-02  3.4528325973e+00  2.2739686231e+00  9.5013897291e-01  2.1211641837e+00 -3.5708956385e+00  2.1014223452e+00  3.6621027813e+00 -2.8967232111e+00  2.6281915377e+00  2.1411929944e+00 -2.1409436460e+00  3.1635140213e+00 -1.1132647364e-01  4.4347944417e-01 -1.6909008885e-01  6.4920636475e-01 -8.9679777638e-01 -1.0519857307e+00  7.4692567865e-01  7.5426934828e-01 -1.6917925149e+00  5.4025639035e+00  1.9869501497e+00  1.3551607927e+00  4.8168464628e+00  9.5787122679e-01  3.1803525819e-02  4.3989213381e+00  5.6021842188e-01  1.7178901571e+00  1.9299827119e+00  2.4492987806e+00 -3.9706183707e-01  1.4439615109e+00  2.0010256578e+00  1.2393010174e+00  2.8947729517e+00  8.1672154562e-02 -6.5582775192e-01  1.6487405823e+00 -2.9378425845e-01  1.9904162845e+00
ENERGY -4.417541863160e+02

JOB 12
COORDS  2.6210164232e+00 -1.8601920285e+00  1.0583897240e+00  2.5855516553e+00 -2.6879399672e+00  2.3325996925e+00  8.3628191084e-01  1.1549476720e-01 -8.0349927108e-01  4.5802381301e+00  1.4591808958e+00  9.3766455483e-01  2.1868207544e+00  1.7878631315e+00  5.0442410508e-01  2.1115737650e+00  3.3773298216e-01  2.2804558783e-02  2.1658397309e+00 -5.7522878755e-01  1.1676676670e+00  3.0468514903e+00 -2.3182559165e+00 -2.5358320729e-03  3.4029554462e+00  2.2424163824e+00  1.1015593131e+00  1.9704055376e+00 -3.5747516938e+00  2.1578431604e+00  3.5994757774e+00 -3.0314309590e+00  2.5548045397e+00  2.1943475041e+00 -2.1473744725e+00  3.1993895206e+00 -5.8181024326e-02  3.7875667648e-01 -2.2739374849e-01  7.6747567849e-01 -9.3549478884e-01 -1.0930579935e+00  8.5130304631e-01  7.2272987840e-01 -1.7145193730e+00  5.3616741571e+00  1.9851248252e+00  1.4911808711e+00  4.8899236036e+00  1.3881942664e+00 -1.1469782282e-01  4.4728754702e+00  4.4826886555e-01  1.3448845759e+00  1.9736265997e+00  2.4270380019e+00 -3.6409205775e-01  1.3912249292e+00  1.9712300534e+00  1.2394604883e+00  2.9705804831e+00  9.7656647934e-02 -6.0703240124e-01  1.8009974522e+00 -2.5451433725e-01  2.0548649740e+00
ENERGY -4.417559131206e+02

JOB 13
COORDS  2.5553897342e+00 -1.8982898692e+00  1.0739828282e+00  2.5929144321e+00 -2.6946505779e+00  2.3681557203e+00  8.5352863813e-01  8.9437864132e-02 -8.1248709962e-01  4.5599863089e+00  1.4790547920e+00  9.6145208497e-01  2.1809669812e+00  1.7564406581e+00  5.2499439161e-01  2.1144783490e+00  3.0980339861e-01  3.3656922138e-02  2.1511472657e+00 -5.9707543650e-01  1.1843100213e+00  2.8701647306e+00 -2.3979817028e+00 -7.0370586192e-03  3.3388575856e+00  2.1448346760e+00  1.2645171147e+00  1.9239877464e+00 -3.5539812504e+00  2.2706203666e+00  3.6050836728e+00 -3.0822363493e+00  2.5118267897e+00  2.3025476787e+00 -2.1165376210e+00  3.2501921814e+00 -4.9916922479e-02  3.2740560769e-01 -2.4019571257e-01  8.0346219978e-01 -9.5482344880e-01 -1.1276135047e+00  8.7315444355e-01  7.1873233278e-01 -1.7086721102e+00  5.3172189368e+00  1.9416402693e+00  1.5986316455e+00  4.8552155020e+00  1.6181619758e+00 -8.8889696600e-02  4.5171437357e+00  4.0614114443e-01  1.1793458442e+00  2.0872495203e+00  2.4027085106e+00 -3.6106050192e-01  1.3257520666e+00  1.9712546050e+00  1.1767057045e+00  2.9839963693e+00  7.8178742502e-02 -5.8710022226e-01  1.9738804924e+00 -2.1230344409e-01  2.1026989119e+00
ENERGY -4.417588808710e+02

JOB 14
COORDS  2.4793446476e+00 -1.9277673552e+00  1.0481503956e+00  2.5825680966e+00 -2.7070925530e+00  2.3493944935e+00  8.7197971360e-01  1.0296430418e-01 -8.3699232502e-01  4.5739466927e+00  1.5116021683e+00  9.8466137094e-01  2.2194720256e+00  1.7385765173e+00  5.1953730962e-01  2.1324305356e+00  2.9637698552e-01  1.4141231788e-02  2.1504215595e+00 -6.0551487908e-01  1.1687263713e+00  2.6708629684e+00 -2.4605273135e+00 -4.5741743299e-02  3.3107398779e+00  2.0285742034e+00  1.3904522678e+00  1.8686786784e+00 -3.5346154606e+00  2.3196023785e+00  3.5837385620e+00 -3.1409269234e+00  2.4202249627e+00  2.3890565188e+00 -2.1034044032e+00  3.2407170534e+00 -2.9085713228e-02  3.2195719226e-01 -2.5401580425e-01  8.2079570951e-01 -9.2898699164e-01 -1.1889155559e+00  8.9212020764e-01  7.6482674678e-01 -1.7098550607e+00  5.3072956087e+00  1.9120775102e+00  1.6881453898e+00  4.8394552787e+00  1.8427368625e+00 -3.0162687760e-02  4.6056272881e+00  4.1613482596e-01  1.0202027060e+00  2.2596668809e+00  2.3990995765e+00 -3.6054542243e-01  1.3196817517e+00  1.9944827608e+00  1.0888573306e+00  3.0014233554e+00  5.9948505678e-02 -6.0829612480e-01  2.1666770067e+00 -1.8306553309e-01  2.0883808351e+00
ENERGY -4.417620739619e+02

JOB 15
COORDS  2.4051691399e+00 -1.9391394062e+00  1.0794680455e+00  2.5487467801e+00 -2.6956254160e+00  2.3906275146e+00  8.4579668675e-01  9.6966702128e-02 -8.1872114293e-01  4.5650208112e+00  1.6428957633e+00  1.0022747370e+00  2.2247546654e+00  1.7268738520e+00  5.1543455875e-01  2.1136836672e+00  2.7899412746e-01  2.2350180372e-02  2.1283289567e+00 -6.0333122831e-01  1.1904834701e+00  2.5168873199e+00 -2.5019399706e+00 -1.0372029169e-02  3.2562623091e+00  1.9508697186e+00  1.4719353593e+00  1.8099392575e+00 -3.5012256017e+00  2.4123546949e+00  3.5388123245e+00 -3.1587366607e+00  2.4227560669e+00  2.4159413041e+00 -2.0685253880e+00  3.2767965211e+00 -4.7546000242e-02  3.1866875243e-01 -2.2503466640e-01  7.8371265892e-01 -9.3167851595e-01 -1.1777264829e+00  8.6297580049e-01  7.6616035397e-01 -1.6864206981e+00  5.2604562294e+00  1.9791070114e+00  1.7743867510e+00  4.7859144910e+00  2.1738895078e+00  6.4809190293e-02  4.7031244234e+00  5.6618008461e-01  8.4120163054e-01  2.3623891295e+00  2.3841268227e+00 -3.5647473630e-01  1.2992344137e+00  2.0214497696e+00  1.0204982458e+00  2.9761811068e+00  2.6533272304e-02 -6.0511754160e-01  2.2649681297e+00 -1.5795850911e-01  2.0900193622e+00
ENERGY -4.417640850462e+02

JOB 16
COORDS  2.3261977215e+00 -2.0240058289e+00  1.1180476796e+00  2.4817696766e+00 -2.7590972897e+00  2.4403310172e+00  8.5789493184e-01  2.6313474469e-02 -8.1197956147e-01  4.6071010865e+00  1.7830506855e+00  9.7321485058e-01  2.2725633340e+00  1.6416697565e+00  5.0131543194e-01  2.1289462599e+00  1.8809740577e-01  2.7575106578e-02  2.1223602805e+00 -6.7321713851e-01  1.2106259930e+00  2.3659761835e+00 -2.6165258556e+00  3.9033591038e-02  3.2810665792e+00  1.8267212965e+00  1.4898471119e+00  1.7167064439e+00 -3.5377417549e+00  2.4996589688e+00  3.4559588310e+00 -3.2558848022e+00  2.4539529252e+00  2.3967249632e+00 -2.1100057704e+00  3.3164220189e+00 -2.9029285849e-02  2.7825501150e-01 -2.2056053901e-01  7.6899410529e-01 -1.0041751198e+00 -1.1589701194e+00  8.9235628287e-01  6.8568993402e-01 -1.6868381827e+00  5.2768246959e+00  2.0251872976e+00  1.8012460649e+00  4.7418082676e+00  2.5241440756e+00  1.7242844181e-01  4.8654997091e+00  7.8889935412e-01  5.8451241084e-01  2.4538621112e+00  2.2909439885e+00 -3.6700645659e-01  1.3407016684e+00  1.9632419184e+00  9.7846205521e-01  2.9875525172e+00 -9.1687970547e-02 -5.9569713910e-01  2.3486928528e+00 -2.1834226158e-01  2.0875166373e+00
ENERGY -4.417642817083e+02

JOB 17
COORDS  2.2235228504e+00 -2.1005273402e+00  1.1667245769e+00  2.3708086334e+00 -2.8269332002e+00  2.4950462917e+00  8.8583986665e-01 -1.8215792141e-02 -7.9682316295e-01  4.6566668741e+00  1.9588427197e+00  9.2764694102e-01  2.3380441953e+00  1.5608867851e+00  5.1580819609e-01  2.1529927846e+00  1.0939360129e-01  5.4020440261e-02  2.1050213045e+00 -7.3800177886e-01  1.2472052957e+00  2.1966937700e+00 -2.7096145379e+00  9.6761222646e-02  3.3723931693e+00  1.7072714473e+00  1.4865661339e+00  1.5735284129e+00 -3.5702458005e+00  2.5773289924e+00  3.3224316931e+00 -3.3661043477e+00  2.4969980619e+00  2.3310778813e+00 -2.1647984126e+00  3.3645314750e+00  2.4802025748e-03  2.6684387548e-01 -2.1507549799e-01  7.6549281610e-01 -1.0471969585e+00 -1.1376492156e+00  9.5024660923e-01  6.3469959079e-01 -1.6748533355e+00  5.3530100272e+00  2.0586345166e+00  1.7632006830e+00  4.6563220288e+00  2.8916361573e+00  3.4641564921e-01  4.9927148872e+00  1.1361115054e+00  2.8122946990e-01  2.5182997189e+00  2.2056243422e+00 -3.5430098490e-01  1.4192297686e+00  1.9020967255e+00  1.0062387920e+00  3.0127853985e+00 -1.9924013529e-01 -5.5557840174e-01  2.4115893911e+00 -2.9419725545e-01  2.1053928464e+00
ENERGY -4.417631907425e+02

JOB 18
COORDS  2.1698630950e+00 -2.1417300438e+00  1.2110379330e+00  2.3108154381e+00 -2.8612401286e+00  2.5439159540e+00  9.1347616754e-01 -3.4896893074e-02 -7.6930410114e-01  4.6965129967e+00  2.1358511658e+00  9.3080228292e-01  2.4221802750e+00  1.5065169497e+00  5.2288614112e-01  2.1857937223e+00  5.9444019879e-02  7.7992890624e-02  2.1099194648e+00 -7.7404516729e-01  1.2807878812e+00  2.0978476672e+00 -2.7597577538e+00  1.4854768789e-01  3.4898886170e+00  1.6072204369e+00  1.4663240004e+00  1.4954336701e+00 -3.5828831505e+00  2.6396095772e+00  3.2483000108e+00 -3.4248119565e+00  2.5413363382e+00  2.2970321584e+00 -2.1912670900e+00  3.4081503580e+00  4.1461674956e-02  2.8692991941e-01 -1.8958611006e-01  7.5691206562e-01 -1.0628319887e+00 -1.0978161384e+00  9.9853659704e-01  6.0543302956e-01 -1.6548230654e+00  5.4321275316e+00  2.1310935216e+00  1.7383460399e+00  4.5562606978e+00  3.1679830755e+00  5.8020356729e-01  5.0772688756e+00  1.5248251958e+00  9.9997192296e-02  2.6073067629e+00  2.1351288342e+00 -3.5623702966e-01  1.5220068681e+00  1.8832809165e+00  1.0242573410e+00  3.0379933888e+00 -2.7938995444e-01 -5.2681602173e-01  2.4665453177e+00 -3.4270458281e-01  2.1258396438e+00
ENERGY -4.417616996553e+02

JOB 19
COORDS  2.1574864255e+00 -2.1950447926e+00  1.2307198202e+00  2.3011407127e+00 -2.9008039288e+00  2.5706493869e+00  9.3380959351e-01 -8.0764815636e-02 -7.5967690901e-01  4.7135193890e+00  2.2672423655e+00  9.3724259294e-01  2.5097904441e+00  1.4328398549e+00  4.8336168231e-01  2.2210566241e+00 -1.0948769394e-02  6.7473413763e-02  2.1360274367e+00 -8.2528195568e-01  1.2839601287e+00  2.0522304219e+00 -2.8242281287e+00  1.7765435755e-01  3.6119648610e+00  1.4928258795e+00  1.3914593141e+00  1.4837862260e+00 -3.6184652705e+00  2.6773872522e+00  3.2369642683e+00 -3.4673628974e+00  2.5704454456e+00  2.2940628820e+00 -2.2212334462e+00  3.4274542817e+00  8.0153184654e-02  2.7595911371e-01 -1.7319287634e-01  7.4239742305e-01 -1.1088483427e+00 -1.0685507100e+00  1.0245865311e+00  5.4196041386e-01 -1.6571114273e+00  5.4889973020e+00  2.1973609542e+00  1.7035338949e+00  4.4361789317e+00  3.3227862481e+00  8.0567558989e-01  5.1145453514e+00  1.8822667256e+00 -1.1251409421e-02  2.7029419014e+00  2.0311476661e+00 -4.1452139894e-01  1.6320100570e+00  1.8568298689e+00  9.8949874576e-01  3.0564237900e+00 -3.8147224877e-01 -5.4147189509e-01  2.5189217604e+00 -3.9645072219e-01  2.1184788545e+00
ENERGY -4.417607962389e+02

JOB 20
COORDS  2.1270347886e+00 -2.2299084514e+00  1.2369749945e+00  2.2764823706e+00 -2.9194880368e+00  2.5845918174e+00  9.2974983222e-01 -1.0175096714e-01 -7.5498309290e-01  4.7068214041e+00  2.3603418568e+00  9.5495467611e-01  2.5900975347e+00  1.3711558571e+00  4.2465264817e-01  2.2377747757e+00 -6.5135252042e-02  4.1261594006e-02  2.1506777174e+00 -8.5945139162e-01  1.2718767877e+00  1.9794162947e+00 -2.8702167281e+00  1.9578026275e-01  3.7299460513e+00  1.3836642679e+00  1.2852503554e+00  1.4428419206e+00 -3.6137889603e+00  2.7165413543e+00  3.1972716005e+00 -3.5101221422e+00  2.5762811077e+00  2.3028200882e+00 -2.2274786044e+00  3.4310432342e+00  1.0270721305e-01  2.9316116569e-01 -1.5510739357e-01  6.9615365702e-01 -1.1272070865e+00 -1.0427214188e+00  1.0210757465e+00  5.0337966489e-01 -1.6642885250e+00  5.5320307841e+00  2.2369507562e+00  1.6600897859e+00  4.3083360872e+00  3.3811388759e+00  1.0474175674e+00  5.0851550646e+00  2.2171411614e+00 -6.7306543593e-02  2.7864101468e+00  1.9376608884e+00 -4.9413267379e-01  1.7454194113e+00  1.8481170561e+00  9.4247813283e-01  3.0471645583e+00 -4.7162129522e-01 -5.7869557747e-01  2.5639946040e+00 -4.3334813568e-01  2.0930353912e+00
ENERGY -4.417610609549e+02

JOB 21
COORDS  2.0795174395e+00 -2.2617153460e+00  1.2606297419e+00  2.2491631786e+00 -2.9328289785e+00  2.6152647308e+00  9.0795827982e-01 -1.2307858611e-01 -7.3749588283e-01  4.6836138047e+00  2.3957270055e+00  9.9752397526e-01  2.6651927995e+00  1.2987903946e+00  3.5881790892e-01  2.2411963723e+00 -1.2690175308e-01  1.6831475570e-02  2.1594796731e+00 -8.9301755757e-01  1.2659297831e+00  1.8718594996e+00 -2.9144943723e+00  2.3764574442e-01  3.8402260328e+00  1.2658777067e+00  1.1661514819e+00  1.4138555182e+00 -3.6193712191e+00  2.7731859471e+00  3.1662350833e+00 -3.5293976776e+00  2.5988563663e+00  2.2971329326e+00 -2.2281537052e+00  3.4502562688e+00  1.1703002287e-01  3.1687086553e-01 -1.2054837845e-01  6.2374489751e-01 -1.1432961865e+00 -9.9700512124e-01  9.9539090932e-01  4.6020426182e-01 -1.6612648171e+00  5.5501409266e+00  2.2480066793e+00  1.6459542145e+00  4.1765360517e+00  3.3287247406e+00  1.2849676081e+00  5.0242541858e+00  2.4839275715e+00 -4.4115074061e-02  2.8554882484e+00  1.8372257499e+00 -5.7941954829e-01  1.8609114538e+00  1.8261061538e+00  8.9511834788e-01  3.0127030580e+00 -5.7893144587e-01 -6.1908775867e-01  2.6102817316e+00 -4.6644666050e-01  2.0668174445e+00
ENERGY -4.417622148557e+02

JOB 22
COORDS  2.0742006349e+00 -2.2084437693e+00  1.2801791327e+00  2.2720969843e+00 -2.8705977011e+00  2.6354881995e+00  9.4442725117e-01 -4.2695699205e-02 -7.0691281431e-01  4.7192032445e+00  2.4531567378e+00  1.1043574280e+00  2.8012046694e+00  1.3077502437e+00  3.0738219824e-01  2.3029897452e+00 -1.0038169258e-01 -1.6686982515e-03  2.2344282849e+00 -8.4678219093e-01  1.2601172888e+00  1.7772432696e+00 -2.8616803154e+00  2.7989233255e-01  4.0071571300e+00  1.2254409736e+00  1.0603043741e+00  1.4058447526e+00 -3.5023037141e+00  2.8466527524e+00  3.1490936811e+00 -3.5226959216e+00  2.5823416893e+00  2.4058011475e+00 -2.1592897873e+00  3.4553905487e+00  1.9626204032e-01  4.3352312307e-01 -6.4107299418e-02  6.0735508112e-01 -1.0507434465e+00 -9.4962517127e-01  1.0235744917e+00  5.3255951004e-01 -1.6363627630e+00  5.6154908375e+00  2.2841581387e+00  1.7051632007e+00  4.1204500603e+00  3.2514633273e+00  1.5679522437e+00  5.0159713974e+00  2.7749913566e+00  9.5649264064e-02  2.9751255067e+00  1.8358566849e+00 -6.4123887693e-01  2.0426103078e+00  1.8706588164e+00  8.7516948048e-01  3.0291953752e+00 -5.9287627168e-01 -6.6057029639e-01  2.7513802440e+00 -4.3757430684e-01  2.0297064246e+00
ENERGY -4.417634999782e+02

JOB 23
COORDS  2.0575091409e+00 -2.1819724880e+00  1.2918850760e+00  2.2850985447e+00 -2.8184115541e+00  2.6548180358e+00  9.2982044720e-01 -2.6117969188e-02 -7.0428563732e-01  4.6800003839e+00  2.4442332297e+00  1.1868049663e+00  2.8680174074e+00  1.2815144525e+00  2.0400506112e-01  2.3123508969e+00 -1.1608015949e-01 -5.0464818750e-02  2.2681563679e+00 -8.2848167718e-01  1.2311840449e+00  1.6951762298e+00 -2.8468440416e+00  3.2127506552e-01  4.0985590996e+00  1.1781401346e+00  9.1168317999e-01  1.4020235301e+00 -3.4052630569e+00  2.9192231632e+00  3.1295590443e+00 -3.5102861145e+00  2.5821478996e+00  2.4849127517e+00 -2.0936735774e+00  3.4491382406e+00  2.2461991955e-01  4.9169037466e-01 -4.5217637314e-02  5.4839883410e-01 -1.0268540484e+00 -9.0854756354e-01  9.9262223166e-01  5.2369005167e-01 -1.6501667215e+00  5.6061344954e+00  2.2614957690e+00  1.7360144111e+00  4.0121705234e+00  3.0676793043e+00  1.8000624630e+00  4.9126655357e+00  2.9857339261e+00  2.5830102211e-01  3.0188493868e+00  1.7930905312e+00 -7.5804523109e-01  2.1464459412e+00  1.8715588949e+00  7.9291157709e-01  2.9927639469e+00 -6.5052279257e-01 -7.2549025867e-01  2.8349707528e+00 -4.2056685052e-01  1.9656627881e+00
ENERGY -4.417640903044e+02

