JOB 0
COORDS -2.2262112125e-01 -1.1393179101e+00 -1.6263469798e+00 -4.2101967430e-01 -6.8998928179e-01 -1.7141552216e-01 -2.1305733232e-01  1.8423335613e+00 -6.7257857895e-01  2.4295850189e-01  6.4674228513e-01  1.5242887429e-01 -2.0077142612e+00  2.0696081144e+00 -6.9415678077e-01  3.3395588109e-02  1.0083899632e+00  1.9319933709e+00 -5.0399078718e-01 -3.6876942368e-01 -2.3496584853e+00  8.1110465620e-01 -1.4485401131e+00 -1.8159062120e+00 -8.5365061839e-01 -2.0109988715e+00 -1.8264119954e+00 -1.4856499098e+00 -6.4123512566e-01  7.1112714269e-02  7.8058558421e-03 -1.4416507843e+00  4.9860638449e-01  9.5541294170e-02  1.7109702053e+00 -1.7112416873e+00  2.1849490064e-01  2.7651580048e+00 -2.8607828111e-01  1.3264752833e+00  5.7098287795e-01  1.3409987521e-02
ENERGY -1.077620708256e+03

JOB 1
COORDS -1.8498896496e-01 -1.1714246438e+00 -1.6324137524e+00 -4.0068217224e-01 -7.0226176438e-01 -1.8129587981e-01 -2.5392316077e-01  1.8415630520e+00 -6.4590803067e-01  2.5666743384e-01  6.3870634457e-01  1.3722540130e-01 -2.0486889758e+00  2.0531300633e+00 -5.6918707606e-01  1.1827178536e-01  9.7078101791e-01  1.9287353484e+00 -2.1071764512e-01 -3.5459539204e-01 -2.3589519598e+00  7.5950924041e-01 -1.7135461830e+00 -1.7422943325e+00 -9.7897082451e-01 -1.8695028217e+00 -1.9151281825e+00 -1.4659509177e+00 -6.5777317519e-01  5.7856383248e-02  2.3063503371e-02 -1.4457270851e+00  5.0049761475e-01 -5.2162229677e-04  1.7299239071e+00 -1.7014921173e+00  1.8976642719e-01  2.7625116512e+00 -2.6879986026e-01  1.3340381216e+00  5.8243856763e-01 -5.0902099934e-02
ENERGY -1.077618913832e+03

JOB 2
COORDS -1.6230189841e-01 -1.1788838435e+00 -1.6244864584e+00 -3.7097410151e-01 -7.0568576029e-01 -1.6776976546e-01 -2.9587122989e-01  1.8387648891e+00 -6.4382061777e-01  2.6320779440e-01  6.5176950580e-01  1.3129516908e-01 -2.0924966180e+00  2.0104739110e+00 -5.1972810743e-01  1.5602681899e-01  9.8851264193e-01  1.9241391247e+00  8.7616588923e-02 -3.6387597053e-01 -2.3100434355e+00  6.3193083234e-01 -1.9279705054e+00 -1.6908084610e+00 -1.0734892104e+00 -1.6445854330e+00 -2.0099985672e+00 -1.4337841945e+00 -6.6597708759e-01  8.1165564602e-02  7.0725876559e-02 -1.4320676540e+00  5.1947657888e-01 -6.9973226055e-02  1.7282373076e+00 -1.7056526290e+00  1.3628060017e-01  2.7715582443e+00 -2.8276501996e-01  1.3372629531e+00  6.2056409838e-01 -7.9896940014e-02
ENERGY -1.077617238302e+03

JOB 3
COORDS -1.4705804144e-01 -1.1758751457e+00 -1.6273464107e+00 -3.5045247138e-01 -7.1548141997e-01 -1.6321513754e-01 -3.4841046630e-01  1.8181697778e+00 -6.7498822848e-01  2.5136660945e-01  6.6199412773e-01  1.1608587103e-01 -2.1453650752e+00  1.9576305230e+00 -5.1445606835e-01  1.5061931957e-01  1.0231327476e+00  1.9036722186e+00  3.9207322103e-01 -4.3496724013e-01 -2.2273507872e+00  4.4050335559e-01 -2.0967241261e+00 -1.6751684495e+00 -1.1017910611e+00 -1.3561425776e+00 -2.1275290406e+00 -1.4128161669e+00 -6.7425099650e-01  8.7340760135e-02  1.1085825088e-01 -1.4250047759e+00  5.2744208522e-01 -1.4548421624e-01  1.6821684018e+00 -1.7386033466e+00  7.2363238611e-02  2.7687161366e+00 -3.4827842247e-01  1.3238773114e+00  6.5675264814e-01 -1.0454016683e-01
ENERGY -1.077616841119e+03

JOB 4
COORDS -1.5216379263e-01 -1.1560008037e+00 -1.6207222747e+00 -3.1018065196e-01 -7.3064792828e-01 -1.4355335956e-01 -3.7394839642e-01  1.7915486573e+00 -6.8881532023e-01  2.5708965785e-01  6.6504353557e-01  1.1980892932e-01 -2.1747815318e+00  1.8818363451e+00 -5.3173886836e-01  1.5112578696e-01  1.0461904657e+00  1.9024343117e+00  5.9873755491e-01 -5.4804939339e-01 -2.1395748606e+00  2.0373228579e-01 -2.1870802918e+00 -1.6967797570e+00 -1.0880821065e+00 -1.0614386245e+00 -2.1766121287e+00 -1.3653180678e+00 -7.0727024369e-01  1.3891926874e-01  1.9794257237e-01 -1.4312145043e+00  5.2271450028e-01 -1.6572303221e-01  1.6421402557e+00 -1.7497514234e+00  1.8617960876e-02  2.7591607848e+00 -3.7750450603e-01  1.3288587932e+00  6.8454505126e-01 -1.0343846349e-01
ENERGY -1.077618033251e+03

JOB 5
COORDS -1.5630389531e-01 -1.1297123015e+00 -1.6169933822e+00 -2.7829920209e-01 -7.3229282371e-01 -1.3381040695e-01 -4.0445715617e-01  1.7841551328e+00 -6.9008312945e-01  2.5109282501e-01  6.7831758692e-01  1.2629863812e-01 -2.2082655201e+00  1.8241494668e+00 -5.4383260024e-01  1.3175484710e-01  1.0629595984e+00  1.9073560004e+00  7.2968031264e-01 -6.7817028379e-01 -2.0804749694e+00 -2.6763225357e-02 -2.2109875800e+00 -1.7181875357e+00 -1.0303267138e+00 -8.2116322538e-01 -2.1966295661e+00 -1.3247988551e+00 -7.5085903532e-01  1.8076896042e-01  2.7779286698e-01 -1.4245456980e+00  5.0313946141e-01 -1.8427395632e-01  1.6353664347e+00 -1.7488385282e+00 -4.1130057119e-02  2.7636089923e+00 -3.8029744937e-01  1.3226994683e+00  7.2351436789e-01 -9.4068146555e-02
ENERGY -1.077619912550e+03

JOB 6
COORDS -1.4455535222e-01 -1.1371900158e+00 -1.6207186946e+00 -2.5570041572e-01 -7.4305565268e-01 -1.4015235154e-01 -4.4184485757e-01  1.7745166217e+00 -6.8572748667e-01  2.4165969684e-01  6.7889213911e-01  1.2059203009e-01 -2.2453486705e+00  1.7715607165e+00 -5.3439765460e-01  1.2723728598e-01  1.0520419193e+00  1.9045683858e+00  8.3162577133e-01 -8.6026000006e-01 -2.0379537671e+00 -2.3759924602e-01 -2.2214968566e+00 -1.7326857441e+00 -9.2127558546e-01 -6.6321986804e-01 -2.2273590358e+00 -1.2956303150e+00 -8.0710863728e-01  1.9068384562e-01  3.3232600127e-01 -1.4238057155e+00  4.8129069114e-01 -2.2010422473e-01  1.6384254516e+00 -1.7459399179e+00 -9.9889132907e-02  2.7597929962e+00 -3.7007554531e-01  1.3103418689e+00  7.4947299672e-01 -1.0741777248e-01
ENERGY -1.077621328046e+03

JOB 7
COORDS -1.2452171460e-01 -1.1427601308e+00 -1.6192468539e+00 -2.3025672787e-01 -7.3167357669e-01 -1.4472072189e-01 -4.6254819553e-01  1.7881510620e+00 -6.8156729855e-01  2.4388515449e-01  6.9795887592e-01  1.1210254504e-01 -2.2650786588e+00  1.7465958223e+00 -5.2889394401e-01  1.3813279520e-01  1.0623736311e+00  1.8991104675e+00  9.0187647796e-01 -1.0541183655e+00 -1.9936316733e+00 -4.3558398892e-01 -2.1849203274e+00 -1.7389750996e+00 -7.7624558518e-01 -5.3802540874e-01 -2.2571322704e+00 -1.2615248171e+00 -8.3512348909e-01  2.0295976119e-01  3.7997368706e-01 -1.3997239357e+00  4.7057929968e-01 -2.3820143296e-01  1.6707422468e+00 -1.7433817991e+00 -1.4014079536e-01  2.7761156098e+00 -3.5405663651e-01  1.3095069958e+00  7.8667785513e-01 -1.2384585198e-01
ENERGY -1.077621612660e+03

JOB 8
COORDS -1.0432156566e-01 -1.1646289681e+00 -1.6318452942e+00 -2.2710159565e-01 -7.3475708525e-01 -1.6256042376e-01 -5.1168656886e-01  1.7900256136e+00 -6.6858402630e-01  2.2773933705e-01  7.0027538677e-01  9.5791310584e-02 -2.3108235423e+00  1.7052373406e+00 -4.9926952994e-01  1.4902655201e-01  1.0431454227e+00  1.8894363580e+00  9.3998568045e-01 -1.2812879267e+00 -1.9400059233e+00 -6.2397417278e-01 -2.1148642669e+00 -1.7862245405e+00 -5.8059088775e-01 -4.4738234933e-01 -2.3077269855e+00 -1.2542821845e+00 -8.6540167598e-01  1.8722432379e-01  3.8953813965e-01 -1.3919665293e+00  4.5848749842e-01 -2.9577140470e-01  1.7024114774e+00 -1.7348569337e+00 -2.0745215757e-01  2.7775663163e+00 -3.2301051873e-01  1.2871863430e+00  8.0977355799e-01 -1.5858754250e-01
ENERGY -1.077620646950e+03

JOB 9
COORDS -6.7903979438e-02 -1.1885520274e+00 -1.6372148047e+00 -2.1548903027e-01 -7.3479275629e-01 -1.7291903280e-01 -5.5316225580e-01  1.7895880599e+00 -6.4988816188e-01  2.3234022778e-01  7.0408751394e-01  7.5140941326e-02 -2.3404332096e+00  1.6938555593e+00 -3.8866839115e-01  2.2248337292e-01  1.0390316006e+00  1.8714743295e+00  9.4405913227e-01 -1.5412904704e+00 -1.8566877446e+00 -7.8012011839e-01 -1.9876650552e+00 -1.8607808940e+00 -2.9907411795e-01 -3.8458838102e-01 -2.3436514915e+00 -1.2442926823e+00 -8.6571688428e-01  1.7108526437e-01  3.9226489565e-01 -1.3819899751e+00  4.6671358765e-01 -3.9306375659e-01  1.7060313139e+00 -1.7260915367e+00 -2.3735190239e-01  2.7784621340e+00 -3.1884271930e-01  1.2786856362e+00  8.2844141843e-01 -2.2316778070e-01
ENERGY -1.077618868752e+03

JOB 10
COORDS -4.4784470355e-02 -1.1890600389e+00 -1.6342876192e+00 -1.8606914073e-01 -7.3271493498e-01 -1.6440817332e-01 -5.9301342304e-01  1.7798303575e+00 -6.4235408380e-01  2.3575668949e-01  7.1694922441e-01  6.8819442785e-02 -2.3704557678e+00  1.6480933409e+00 -3.3250411332e-01  2.5710082546e-01  1.0599334230e+00  1.8635634694e+00  8.6411298755e-01 -1.7764355476e+00 -1.7898511983e+00 -9.0472750071e-01 -1.7903387860e+00 -1.9406503471e+00 -5.3174451796e-03 -3.4584991790e-01 -2.3315773046e+00 -1.2104624553e+00 -8.6761989399e-01  1.8996115038e-01  4.3699720566e-01 -1.3622265861e+00  4.7662633399e-01 -4.6182517088e-01  1.6917069457e+00 -1.7220534033e+00 -2.9036705177e-01  2.7778812812e+00 -3.2689431137e-01  1.2721266036e+00  8.6405724652e-01 -2.5281885105e-01
ENERGY -1.077617237441e+03

JOB 11
COORDS -3.5352095686e-02 -1.1742527258e+00 -1.6432447724e+00 -1.5527496231e-01 -7.4112449297e-01 -1.6159547562e-01 -6.3535491895e-01  1.7522906237e+00 -6.4712167520e-01  2.3246737133e-01  7.2062106095e-01  6.3396187494e-02 -2.4025310723e+00  1.5857700042e+00 -2.9527313800e-01  2.6629073499e-01  1.0763788672e+00  1.8548221040e+00  6.8913704291e-01 -1.9851163641e+00 -1.7591633780e+00 -9.9216337249e-01 -1.5303697537e+00 -2.0335155551e+00  2.9746202416e-01 -3.6051472650e-01 -2.2957415565e+00 -1.1760323371e+00 -8.7751795429e-01  2.0220587972e-01  4.9116153473e-01 -1.3558030603e+00  4.6891786564e-01 -5.2637024893e-01  1.6453575287e+00 -1.7277273841e+00 -3.4990208463e-01  2.7628258990e+00 -3.5622494813e-01  1.2603347917e+00  8.9355821819e-01 -2.7205188918e-01
ENERGY -1.077616830284e+03

JOB 12
COORDS -4.3346646428e-02 -1.1466633395e+00 -1.6453203820e+00 -1.1014009274e-01 -7.5215700657e-01 -1.5254840152e-01 -6.6006841172e-01  1.7205304485e+00 -6.4681680145e-01  2.3653749821e-01  7.2023339770e-01  7.1902830379e-02 -2.4224039976e+00  1.5026439637e+00 -2.9706161913e-01  2.5968176607e-01  1.0817424418e+00  1.8616749890e+00  4.4812267101e-01 -2.1170493953e+00 -1.7626831394e+00 -1.0418220205e+00 -1.2473632661e+00 -2.0790470384e+00  5.2630354882e-01 -4.3109636811e-01 -2.2477892283e+00 -1.1171883872e+00 -9.0839344495e-01  2.4106995676e-01  5.7918290741e-01 -1.3539256877e+00  4.4386203011e-01 -5.4514017870e-01  1.6059178294e+00 -1.7261613750e+00 -4.0634823228e-01  2.7417622630e+00 -3.6393493345e-01  1.2591284257e+00  9.2198036431e-01 -2.6357869501e-01
ENERGY -1.077618003461e+03

JOB 13
COORDS -4.5645430361e-02 -1.1327251565e+00 -1.6403623604e+00 -7.2816395396e-02 -7.5769656202e-01 -1.4651978290e-01 -6.8962441222e-01  1.6968725689e+00 -6.4705724269e-01  2.3141339712e-01  7.2399575016e-01  7.6977809591e-02 -2.4465044680e+00  1.4267261812e+00 -3.0456298451e-01  2.4263341050e-01  1.0886374958e+00  1.8662096831e+00  2.2147767943e-01 -2.1874554108e+00 -1.7580828662e+00 -1.0285979096e+00 -1.0065902453e+00 -2.1031297136e+00  6.9147347218e-01 -5.5100205852e-01 -2.2052059012e+00 -1.0613457990e+00 -9.5444078435e-01  2.7573429428e-01  6.5907558905e-01 -1.3412819064e+00  4.1727743173e-01 -5.6492383790e-01  1.5829933265e+00 -1.7255243316e+00 -4.6792313571e-01  2.7256667753e+00 -3.6466887462e-01  1.2487664675e+00  9.5281427323e-01 -2.5709704395e-01
ENERGY -1.077619922158e+03

JOB 14
COORDS -3.9300793050e-02 -1.1257409716e+00 -1.6363060361e+00 -5.2861767537e-02 -7.4488262442e-01 -1.4828326668e-01 -7.1799476912e-01  1.7009281732e+00 -6.4279291351e-01  2.2337453902e-01  7.4226755686e-01  7.3158676889e-02 -2.4680383346e+00  1.3957904573e+00 -2.9668278485e-01  2.4166029513e-01  1.1041511794e+00  1.8629678200e+00  1.2199204820e-02 -2.2138414603e+00 -1.7430169097e+00 -9.5200737647e-01 -7.9883251245e-01 -2.1434791737e+00  8.2594673794e-01 -7.0457475485e-01 -2.1609936079e+00 -1.0253561586e+00 -9.8124564899e-01  2.9136006935e-01  7.0484724588e-01 -1.3123736877e+00  3.9892685095e-01 -5.9310728560e-01  1.5953091838e+00 -1.7221317199e+00 -5.1435736536e-01  2.7321988076e+00 -3.5583758531e-01  1.2338909968e+00  9.9016432020e-01 -2.6811415235e-01
ENERGY -1.077621361400e+03

JOB 15
COORDS -2.3764854784e-02 -1.1641821186e+00 -1.6499745469e+00 -2.9801219238e-02 -7.7131293931e-01 -1.6680839113e-01 -7.5098204011e-01  1.6696418412e+00 -6.2921507794e-01  2.1967288664e-01  7.1896104331e-01  5.7732505451e-02 -2.4893269056e+00  1.3175005950e+00 -2.7158039748e-01  2.6402677848e-01  1.0654120705e+00  1.8507610644e+00 -1.6931821227e-01 -2.2434767183e+00 -1.7527617314e+00 -8.2417898070e-01 -6.6837517955e-01 -2.2074217828e+00  9.2941294681e-01 -9.1092077342e-01 -2.1289238795e+00 -9.8068263438e-01 -1.0498012544e+00  2.9530260337e-01  7.5189661155e-01 -1.3228459265e+00  3.6455950086e-01 -6.3461458106e-01  1.5917489178e+00 -1.7117849649e+00 -5.6714207262e-01  2.6988081589e+00 -3.2217021073e-01  1.2191585699e+00  9.8853007598e-01 -2.9934666371e-01
ENERGY -1.077621587950e+03

JOB 16
COORDS -2.8643220807e-03 -1.1721073383e+00 -1.6509675510e+00 -2.3500105964e-02 -7.5334300732e-01 -1.7310968910e-01 -7.9351303715e-01  1.6809864868e+00 -6.1440420526e-01  2.0762597414e-01  7.4079246673e-01  4.3278125448e-02 -2.5180032068e+00  1.2921727313e+00 -2.3042871635e-01  2.8793247597e-01  1.0836448115e+00  1.8367692326e+00 -3.5523743407e-01 -2.2015045260e+00 -1.7601060862e+00 -6.3391369775e-01 -5.3163636753e-01 -2.2742817650e+00  1.0122733271e+00 -1.1212030795e+00 -2.0608365045e+00 -9.6395824239e-01 -1.0533198514e+00  2.9618065398e-01  7.6556024363e-01 -1.2893263983e+00  3.6338532172e-01 -6.9613712982e-01  1.6219412063e+00 -1.6998714786e+00 -6.2256606699e-01  2.7090998164e+00 -2.9665528158e-01  1.1945044658e+00  1.0265465658e+00 -3.3564649529e-01
ENERGY -1.077620542426e+03

JOB 17
COORDS  8.5806838276e-03 -1.1808171139e+00 -1.6614032796e+00 -4.5705231909e-02 -7.4597445993e-01 -1.8448142169e-01 -8.5871278678e-01  1.6792095467e+00 -5.9671465851e-01  1.7617377518e-01  7.5003943982e-01  2.5545943324e-02 -2.5630226505e+00  1.2843685003e+00 -1.3767983052e-01  3.1045034359e-01  1.0948811835e+00  1.8148132603e+00 -5.5728258131e-01 -2.1027209046e+00 -1.8169429230e+00 -3.8921171090e-01 -4.2160692966e-01 -2.3414289992e+00  1.0416266997e+00 -1.3652800483e+00 -1.9753823398e+00 -9.9037989905e-01 -1.0462426740e+00  2.7558839542e-01  7.3323382140e-01 -1.2747610538e+00  3.7296175593e-01 -8.0895209706e-01  1.6131687609e+00 -1.6848020273e+00 -6.8000430752e-01  2.7106489259e+00 -2.9434115858e-01  1.1463506856e+00  1.0476704584e+00 -3.8623045543e-01
ENERGY -1.077618776964e+03

JOB 18
COORDS  3.9813740198e-02 -1.1737480169e+00 -1.6595158388e+00 -1.0009893905e-02 -7.3694439257e-01 -1.7763600351e-01 -8.9209987937e-01  1.6640526009e+00 -5.8164428948e-01  1.8079459133e-01  7.6577837417e-01  2.2068467483e-02 -2.5746907042e+00  1.2329292673e+00 -7.6016668586e-02  3.4345053561e-01  1.1236593526e+00  1.8064736351e+00 -7.2424500168e-01 -1.9240251467e+00 -1.8772480102e+00 -1.1300094020e-01 -3.4058382785e-01 -2.3524268857e+00  1.0134874845e+00 -1.6062368981e+00 -1.9087126074e+00 -9.5011075342e-01 -1.0404568739e+00  2.8859259668e-01  7.8003175994e-01 -1.2449261311e+00  3.8167025591e-01 -8.6948814598e-01  1.5890059142e+00 -1.6700216901e+00 -7.3154313773e-01  2.7022142344e+00 -2.9238934804e-01  1.1341513563e+00  1.0854573282e+00 -4.1167230068e-01
ENERGY -1.077617207240e+03

JOB 19
COORDS  6.8409476212e-02 -1.1600970027e+00 -1.6628870878e+00  3.4212884661e-02 -7.3918646614e-01 -1.7341650813e-01 -9.2114362352e-01  1.6280490444e+00 -5.7820843613e-01  1.8587159099e-01  7.6960377018e-01  2.1658425065e-02 -2.5821866922e+00  1.1664907000e+00 -2.8469057596e-02  3.5695639401e-01  1.1427835436e+00  1.8013273216e+00 -8.5200947701e-01 -1.6747038676e+00 -1.9510030909e+00  1.7430197837e-01 -3.0524063159e-01 -2.3390427032e+00  9.0520007472e-01 -1.8331702035e+00 -1.8673544226e+00 -9.0267771239e-01 -1.0464365726e+00  2.9652431864e-01  8.4038409983e-01 -1.2270604523e+00  3.7921196512e-01 -9.1896933352e-01  1.5263737410e+00 -1.6647973020e+00 -7.8175207650e-01  2.6764406486e+00 -3.1593222523e-01  1.1241493364e+00  1.1151954314e+00 -4.2461219475e-01
ENERGY -1.077616836780e+03

JOB 20
COORDS -2.5442250508e-01 -1.1597733140e+00 -1.6278087594e+00 -5.0209506281e-01 -7.0386301184e-01 -1.7185195214e-01 -8.0952129552e-02  1.7912189478e+00 -6.8367811196e-01  2.5967445621e-01  5.7700367871e-01  1.7139648928e-01 -1.8471883434e+00  2.1844665415e+00 -7.2130021873e-01  2.5265182650e-02  9.7769921693e-01  1.9373595140e+00 -1.1095421839e+00 -9.1628661646e-01 -2.2650997654e+00  6.1242065429e-01 -6.6259131892e-01 -2.0774120371e+00 -8.9042890648e-02 -2.2383047829e+00 -1.6879140898e+00 -1.5630410245e+00 -5.0162302346e-01 -7.8491884261e-03 -1.9663661455e-01 -1.4756607781e+00  5.3821211571e-01  2.1401716472e-01  1.6060224384e+00 -1.7180768530e+00  4.3218557684e-01  2.6797181644e+00 -3.1685335315e-01  1.3372792538e+00  4.1436701283e-01  6.5559238128e-02
ENERGY -1.077617951704e+03

JOB 21
COORDS -2.5738342382e-01 -1.1297061080e+00 -1.6210387696e+00 -4.7586546221e-01 -7.0761307948e-01 -1.5544013075e-01 -1.1415324391e-01  1.7918059921e+00 -6.8601015280e-01  2.5304290413e-01  5.9391339715e-01  1.7980931415e-01 -1.8901311946e+00  2.1386159419e+00 -7.3243283728e-01  8.0745784041e-03  1.0008720472e+00  1.9429789277e+00 -1.0121096316e+00 -6.7958825613e-01 -2.2732791477e+00  7.1833100244e-01 -8.0424025452e-01 -2.0007748807e+00 -3.2224190027e-01 -2.2149565284e+00 -1.7345523021e+00 -1.5389133762e+00 -5.4511507360e-01  3.8923028062e-02 -1.2089858748e-01 -1.4793081333e+00  5.3214191015e-01  1.9014666454e-01  1.6039453676e+00 -1.7173721341e+00  3.7446247750e-01  2.6964263971e+00 -3.2515364907e-01  1.3343470882e+00  4.5594954662e-01  7.6476137130e-02
ENERGY -1.077619823080e+03

JOB 22
COORDS -2.5364587845e-01 -1.1327114406e+00 -1.6241813449e+00 -4.5651550281e-01 -7.1900902681e-01 -1.5857894683e-01 -1.5183850699e-01  1.7912063939e+00 -6.8535503839e-01  2.4413182893e-01  5.9845422242e-01  1.7401419921e-01 -1.9350679354e+00  2.0975559014e+00 -7.2684598553e-01  2.0582023160e-03  9.9368087893e-01  1.9403083721e+00 -8.7950191724e-01 -5.3551572228e-01 -2.2949221127e+00  7.8735993423e-01 -1.0035025787e+00 -1.9436112657e+00 -5.2377472260e-01 -2.1824804350e+00 -1.7683639773e+00 -1.5220240329e+00 -6.0212181579e-01  5.5763919803e-02 -6.4932104322e-02 -1.4863816989e+00  5.1474665260e-01  1.5573245789e-01  1.6146062042e+00 -1.7177909971e+00  3.1735806044e-01  2.7048166500e+00 -3.2132561245e-01  1.3275880602e+00  4.8468247164e-01  6.3385543607e-02
ENERGY -1.077621283987e+03

JOB 23
COORDS -2.4288278809e-01 -1.1287406384e+00 -1.6248571046e+00 -4.3649316214e-01 -7.0343116582e-01 -1.6334824431e-01 -1.7477896587e-01  1.8170456195e+00 -6.8024556742e-01  2.4493788956e-01  6.2350854583e-01  1.6653627588e-01 -1.9637045616e+00  2.0858512436e+00 -7.2180220343e-01  1.1909581055e-02  1.0049574263e+00  1.9376134494e+00 -7.1528985379e-01 -4.2912992456e-01 -2.3207807981e+00  8.1879587139e-01 -1.2136443619e+00 -1.8842997305e+00 -6.9899845643e-01 -2.1096860696e+00 -1.7896916007e+00 -1.5017449084e+00 -6.2604119227e-01  7.0053652259e-02 -2.0801550257e-02 -1.4657445640e+00  5.0257612681e-01  1.3972431215e-01  1.6602698637e+00 -1.7137294041e+00  2.7424004908e-01  2.7358005870e+00 -3.0405107671e-01  1.3290580386e+00  5.2688994062e-01  4.6197498566e-02
ENERGY -1.077621628113e+03

