JOB 0
COORDS -1.1382314104e+00  6.9456943894e-01  4.0123131876e-01 -1.1889420231e+00 -6.2799542102e-01 -5.2955318487e-02  9.1578842409e-02  1.2867417160e+00  7.1134069765e-01 -8.0103282434e-03 -1.3609129527e+00 -2.0256048883e-01  1.2798929524e+00  5.6528359454e-01  5.6208648129e-01  1.2106631217e+00 -7.5136848303e-01  1.0217690496e-01  2.9010167003e+00 -1.6548151146e+00 -1.9374893924e+00  2.4668019715e+00 -3.2960070504e+00  2.7713381255e-02  3.7604992182e+00 -9.0779827775e-01  6.6568475118e-01  2.7086689061e+00 -1.7536134839e+00 -1.3082750835e-01 -2.0578423240e+00  1.2616950861e+00  5.1993258380e-01 -2.1448898247e+00 -1.0908475939e+00 -2.8270266232e-01  1.2679386507e-01  2.3109027054e+00  1.0732866577e+00 -2.4668617079e-02 -2.3983192095e+00 -5.2687637547e-01  2.2463454992e+00  9.9074794628e-01  8.0834059097e-01  2.0392752818e+00 -2.1110150655e+00 -2.4249021832e+00  3.8120728747e+00 -2.2038591643e+00 -2.1826113321e+00  2.9961453179e+00 -5.9985194120e-01 -2.1971045547e+00  2.3937649863e+00 -3.5080933970e+00  1.0276187887e+00  4.6510629393e+00 -1.4125773536e+00  6.6512077907e-01
ENERGY -7.803717173525e+02

JOB 1
COORDS -1.1419672217e+00  6.8999068777e-01  4.1156665921e-01 -1.2103103223e+00 -6.7267457722e-01  1.0474130512e-01  1.0083919439e-01  1.3182596329e+00  5.6097506104e-01 -3.4481721649e-02 -1.4119352584e+00 -6.2503263368e-02  1.2822111617e+00  5.8967232236e-01  4.0020666979e-01  1.1941217610e+00 -7.6741207123e-01  7.9185563649e-02  2.9999191932e+00 -1.5310655666e+00 -1.9186836198e+00  2.4016287301e+00 -3.3250301268e+00 -1.3538748069e-01  3.6871967241e+00 -1.0410765124e+00  8.0746052409e-01  2.6850996220e+00 -1.7816743694e+00 -1.4390691799e-01 -2.0567924665e+00  1.2621321706e+00  5.4244749490e-01 -2.1750859728e+00 -1.1617557579e+00  5.4853974670e-04  1.5036617612e-01  2.3741520154e+00  8.1347560560e-01 -5.7000773614e-02 -2.4740216938e+00 -2.9327384590e-01  2.2562577420e+00  1.0442054985e+00  5.4518386635e-01  2.1579678706e+00 -1.9184774990e+00 -2.4930046528e+00  3.9109081669e+00 -2.0833892609e+00 -2.1564661662e+00  3.1350062586e+00 -4.6085315822e-01 -2.0797556738e+00  2.2983521467e+00 -3.6235841456e+00  8.3935992551e-01  4.5762635394e+00 -1.5496535056e+00  8.0116696595e-01
ENERGY -7.803713474266e+02

JOB 2
COORDS -1.1485767244e+00  6.8568153611e-01  4.3472210154e-01 -1.2258451786e+00 -7.0010930689e-01  2.6889188921e-01  9.4497462387e-02  1.3318021782e+00  4.1690836664e-01 -5.7772454163e-02 -1.4454142071e+00  7.1902845038e-02  1.2666612733e+00  5.9563211227e-01  2.3114831066e-01  1.1691078806e+00 -7.8610394121e-01  4.4226496056e-02  3.0976712536e+00 -1.4202715233e+00 -1.8868666316e+00  2.3496149187e+00 -3.3426224821e+00 -3.0064723452e-01  3.5914468020e+00 -1.1798845072e+00  9.2475139407e-01  2.6557948498e+00 -1.8098345204e+00 -1.6494376856e-01 -2.0561089271e+00  1.2641761177e+00  5.8633246173e-01 -2.1895005491e+00 -1.2016968860e+00  2.9386901934e-01  1.5160652585e-01  2.4072385246e+00  5.6264517389e-01 -8.7470401763e-02 -2.5225013616e+00 -7.1293075215e-02  2.2411663859e+00  1.0719338970e+00  2.6306494507e-01  2.2898490309e+00 -1.7424497869e+00 -2.5447151332e+00  4.0137356056e+00 -1.9710341087e+00 -2.1078041216e+00  3.2601622384e+00 -3.4385149743e-01 -1.9521951960e+00  2.2171906741e+00 -3.7219344303e+00  6.4165758764e-01  4.4747309514e+00 -1.6996578474e+00  9.3162975506e-01
ENERGY -7.803699160088e+02

JOB 3
COORDS -1.1581739430e+00  6.8681651448e-01  4.6825443594e-01  5.5743418114e-02  1.3787238334e+00  4.3508576145e-01 -1.2075279033e+00 -6.6538347494e-01  1.0533954618e-01  1.2277708937e+00  7.1789322150e-01  5.0325189787e-02 -4.5641461988e-02 -1.3298807602e+00 -2.9266163866e-01  1.1638339549e+00 -6.2956464678e-01 -2.9432060844e-01  2.8983927988e+00 -2.7408873595e+00  3.4900395080e-01  3.9915333611e+00 -5.7259213332e-01 -5.8389297077e-01  2.2514855467e+00 -1.8638024630e+00 -2.3117134057e+00  2.6983430924e+00 -1.4111756891e+00 -8.7786303070e-01 -2.0674629083e+00  1.1999931978e+00  7.6998242911e-01  9.3651337054e-02  2.4298000685e+00  7.0808942856e-01 -2.1547840858e+00 -1.1978314720e+00  1.1605686328e-01  2.1872783727e+00  1.2282235457e+00  4.2111845396e-02 -8.5141102366e-02 -2.3619253339e+00 -6.2696016115e-01  3.0276157210e+00 -2.2945913866e+00  1.3355482148e+00  3.7918836621e+00 -3.2969113822e+00  6.0267512623e-02  2.0132989573e+00 -3.3763929960e+00  3.1128938354e-01  4.0915014520e+00  1.2298967885e-01 -1.3289288434e+00  3.0572935387e+00 -2.2952232818e+00 -2.7765130367e+00
ENERGY -7.803675919819e+02

JOB 4
COORDS -1.1615021765e+00  6.9621459191e-01  4.5315651436e-01  2.1186568841e-02  1.4209320676e+00  2.7694425058e-01 -1.1705894717e+00 -6.8956396520e-01  2.5662458698e-01  1.1997374111e+00  7.6115006277e-01 -8.4578818526e-02  4.2674289457e-04 -1.3536806882e+00 -1.1752570291e-01  1.1802432201e+00 -6.2019789436e-01 -2.6384162850e-01  2.8329994836e+00 -2.8470654512e+00  2.5320203855e-01  4.0273605011e+00 -6.3884210408e-01 -4.0020314799e-01  2.3454107695e+00 -1.6785600198e+00 -2.3342778783e+00  2.7243412426e+00 -1.3944786481e+00 -8.3913432074e-01 -2.0759568024e+00  1.2094311813e+00  7.3845309790e-01  2.9090025068e-02  2.4977943927e+00  4.2160766563e-01 -2.0920374145e+00 -1.2523004872e+00  3.7959457540e-01  2.1321296764e+00  1.3077382601e+00 -1.9679796111e-01 -2.0210679360e-02 -2.4204346458e+00 -3.1594346788e-01  2.8716639009e+00 -2.5120246322e+00  1.2901955805e+00  3.7584352985e+00 -3.3571891921e+00 -1.8240041968e-02  1.9712146408e+00 -3.4881376417e+00  6.9808862095e-02  4.1880782586e+00  1.2626087845e-01 -1.0612439035e+00  3.1712065572e+00 -2.0639371335e+00 -2.8050335450e+00
ENERGY -7.803649011622e+02

JOB 5
COORDS -1.1738144704e+00  7.0893641507e-01  4.5815652941e-01 -3.6202079698e-02  1.4415385874e+00  1.0131384648e-01 -1.1366030128e+00 -6.8837613822e-01  4.4594146564e-01  1.1382400676e+00  7.7836059948e-01 -2.6010862845e-01  3.3982403956e-02 -1.3589239783e+00  7.5871550527e-02  1.1658172333e+00 -6.1656677327e-01 -2.6446834510e-01  2.7274176157e+00 -2.9518144561e+00  1.3118451801e-01  4.0194349227e+00 -7.3174493528e-01 -1.8489119053e-01  2.4613887802e+00 -1.5034031842e+00 -2.3370752418e+00  2.7306824129e+00 -1.3848442685e+00 -7.9692660967e-01 -2.0861592573e+00  1.2256938935e+00  7.4350192673e-01 -6.1703744688e-02  2.5277808262e+00  1.0566806837e-01 -2.0201904168e+00 -1.2607295965e+00  7.1521047353e-01  2.0296699452e+00  1.3424042755e+00 -5.2015263759e-01  4.2766764487e-02 -2.4430163186e+00  4.3902413956e-02  2.6151835756e+00 -2.7490717489e+00  1.1967711515e+00  3.6995077908e+00 -3.4045291696e+00 -6.8084795455e-02  1.9259905523e+00 -3.5836953863e+00 -2.5024287331e-01  4.2336422649e+00  1.1756832815e-01 -7.1489448468e-01  3.3220780803e+00 -1.8350017347e+00 -2.7858686925e+00
ENERGY -7.803628499481e+02

JOB 6
COORDS -1.1484997507e+00  7.1691819179e-01  4.6321887063e-01 -7.6246361233e-02  1.4195722109e+00 -1.0043031417e-01 -1.0561825717e+00 -6.6450786740e-01  6.4586351171e-01  1.0841937549e+00  7.4276263386e-01 -4.7608856221e-01  1.0460074272e-01 -1.3510410550e+00  2.6946094954e-01  1.1647971373e+00 -6.4087907590e-01 -2.9449431567e-01  2.6435862383e+00 -3.0621934557e+00 -2.1930522170e-02  3.9953599424e+00 -8.6089267777e-01  4.6521796137e-02  2.6314972750e+00 -1.3645371171e+00 -2.3148159219e+00  2.7576018388e+00 -1.4006974888e+00 -7.5229896633e-01 -2.0510722973e+00  1.2454895488e+00  7.5771063116e-01 -1.4400335453e-01  2.4940024507e+00 -2.4777473121e-01 -1.8865962034e+00 -1.2150824754e+00  1.0795971541e+00  1.9136083523e+00  1.2837575030e+00 -9.2256477111e-01  1.5641441533e-01 -2.4242869159e+00  4.1319562015e-01  2.4913088747e+00 -2.9949927949e+00  1.0556216703e+00  3.6079237874e+00 -3.5253614784e+00 -2.3485258465e-01  1.8421656533e+00 -3.6066261514e+00 -5.2113110813e-01  4.2461793510e+00  6.0425825458e-02 -3.2328185546e-01  3.5334318486e+00 -1.6471195468e+00 -2.7129182085e+00
ENERGY -7.803624729327e+02

JOB 7
COORDS -1.1399805079e+00  7.2866189750e-01  4.5630564283e-01 -1.4497817936e-01  1.3832655798e+00 -2.8016614027e-01 -9.7439717779e-01 -6.1214471001e-01  8.1087582667e-01  1.0099807195e+00  6.9995215900e-01 -6.6162250616e-01  1.8411871993e-01 -1.3036410636e+00  4.3784597415e-01  1.1609975369e+00 -6.4605203133e-01 -3.1162456242e-01  2.5751186176e+00 -3.1220118813e+00 -1.9463304090e-01  3.9448274804e+00 -9.7540531996e-01  2.6155738403e-01  2.7951647966e+00 -1.1895845185e+00 -2.2580891580e+00  2.7783035399e+00 -1.3896958509e+00 -7.0249994552e-01 -2.0395236450e+00  1.2621438156e+00  7.5132543899e-01 -2.6988342939e-01  2.4256503223e+00 -5.6070245461e-01 -1.7436840523e+00 -1.1254670763e+00  1.3814392039e+00  1.7735605714e+00  1.1906986963e+00 -1.2572779536e+00  2.9940052787e-01 -2.3406951029e+00  7.3189703334e-01  2.4465250972e+00 -3.1960358255e+00  8.8515897207e-01  3.5070207952e+00 -3.6066394776e+00 -4.8948940377e-01  1.7358758199e+00 -3.5460794686e+00 -7.4646869355e-01  4.2217798509e+00 -1.3855870979e-02  4.2730898925e-02  3.7316270576e+00 -1.4311908303e+00 -2.5980793692e+00
ENERGY -7.803636412884e+02

JOB 8
COORDS -1.1365974804e+00  7.2448773391e-01  4.4987843985e-01 -2.2468849328e-01  1.3178305652e+00 -4.3048316345e-01 -8.8409798124e-01 -5.5289120939e-01  9.5869429744e-01  9.3429909696e-01  6.3674553859e-01 -8.0838699501e-01  2.7925850564e-01 -1.2383531583e+00  5.9484832056e-01  1.1685959266e+00 -6.4687222898e-01 -3.0570606221e-01  2.5056340366e+00 -3.1612943771e+00 -3.6626709987e-01  3.8927666245e+00 -1.1239194677e+00  4.3362033320e-01  2.9348874406e+00 -1.0368583706e+00 -2.1770871361e+00  2.7951433073e+00 -1.3908945031e+00 -6.5535513726e-01 -2.0392739179e+00  1.2558424459e+00  7.3935008176e-01 -4.1716036820e-01  2.3107363154e+00 -8.2807151932e-01 -1.5871347448e+00 -1.0164429388e+00  1.6454583135e+00  1.6371868649e+00  1.0680655467e+00 -1.5134581504e+00  4.7436919430e-01 -2.2176180153e+00  1.0182686255e+00  2.3746857302e+00 -3.3667788584e+00  6.9557701761e-01  3.4095234729e+00 -3.6543869376e+00 -7.2748827001e-01  1.6432107104e+00 -3.4653372600e+00 -9.6025037003e-01  4.2005010044e+00 -1.5005304967e-01  3.5337546550e-01  3.8915131472e+00 -1.2603951273e+00 -2.4676297330e+00
ENERGY -7.803653865694e+02

JOB 9
COORDS -1.1538078189e+00  7.2608454623e-01  4.2523906033e-01 -3.2038992453e-01  1.2484705222e+00 -5.6934665044e-01 -8.0661429039e-01 -4.6333078341e-01  1.0753152542e+00  8.5498607886e-01  5.8195795819e-01 -9.2689829447e-01  3.7265570278e-01 -1.1303668175e+00  7.3396775993e-01  1.1791182077e+00 -6.1595724700e-01 -2.8544779630e-01  2.4437613500e+00 -3.1431014927e+00 -5.2057694728e-01  3.8256714443e+00 -1.2493019385e+00  5.9227385094e-01  3.0712195505e+00 -8.7176106858e-01 -2.0645404231e+00  2.8106791479e+00 -1.3643934775e+00 -5.9855079251e-01 -2.0682919953e+00  1.2462087502e+00  6.9782051539e-01 -5.8498671237e-01  2.1753815053e+00 -1.0712326850e+00 -1.4454337629e+00 -8.6589568459e-01  1.8567171132e+00  1.5074811734e+00  9.5324465584e-01 -1.7096678708e+00  6.5729101945e-01 -2.0288498814e+00  1.2720799499e+00  2.2167718219e+00 -3.4513658320e+00  4.9911714453e-01  3.3538292740e+00 -3.6389600104e+00 -8.6238979178e-01  1.6180525736e+00 -3.3411502500e+00 -1.2046459644e+00  4.1572009443e+00 -2.8131348104e-01  6.4551436749e-01  4.0392845308e+00 -1.0977175580e+00 -2.3093857056e+00
ENERGY -7.803674347157e+02

JOB 10
COORDS -1.1423440531e+00  7.0087877932e-01  4.2023551344e-01 -3.8485754086e-01  1.1422888668e+00 -6.6949727814e-01 -7.0375677120e-01 -3.8541390581e-01  1.1866674048e+00  8.0649980713e-01  4.9380277744e-01 -1.0101000476e+00  4.9090971645e-01 -1.0322297161e+00  8.6248551978e-01  1.2191244824e+00 -6.0256883183e-01 -2.5100730886e-01  2.3970275133e+00 -3.1298838329e+00 -6.6580690054e-01  3.7819484451e+00 -1.4088244115e+00  6.9911620626e-01  3.2015472136e+00 -7.5495660175e-01 -1.9519058816e+00  2.8411715033e+00 -1.3703971596e+00 -5.5583640781e-01 -2.0683937255e+00  1.2074989665e+00  6.7911550655e-01 -7.1954002871e-01  1.9929825991e+00 -1.2572180053e+00 -1.2816901708e+00 -7.1827529424e-01  2.0445450754e+00  1.4126252537e+00  8.0627961167e-01 -1.8532371663e+00  8.6117865485e-01 -1.8404336653e+00  1.4864430248e+00  2.0259186160e+00 -3.4959576484e+00  2.9077189331e-01  3.3166084518e+00 -3.6524576652e+00 -9.3512051455e-01  1.6499791954e+00 -3.2267139207e+00 -1.4542016940e+00  4.1345846568e+00 -4.6223345659e-01  8.7074639955e-01  4.1691683328e+00 -1.0040453096e+00 -2.1732082353e+00
ENERGY -7.803695157574e+02

JOB 11
COORDS -1.1772136647e+00  6.8136164404e-01  4.0355883482e-01 -4.8088309507e-01  1.0406941622e+00 -7.5543559024e-01 -6.5761704933e-01 -2.9390178932e-01  1.2629424794e+00  7.3188758518e-01  4.2026917207e-01 -1.0725032294e+00  5.5759450385e-01 -9.1381858069e-01  9.6187041291e-01  1.2266637380e+00 -5.6224727649e-01 -2.1355826390e-01  2.3273816573e+00 -3.0766972456e+00 -7.9610934494e-01  3.7062372823e+00 -1.5384124211e+00  7.7565381130e-01  3.2877168200e+00 -6.2290429542e-01 -1.8279890401e+00  2.8360243767e+00 -1.3530271469e+00 -5.1682641900e-01 -2.1195139847e+00  1.1672619297e+00  6.4300567860e-01 -8.7968597155e-01  1.8073078564e+00 -1.4145015157e+00 -1.1895538017e+00 -5.6100999342e-01  2.1720654455e+00  1.2989729285e+00  6.7892233956e-01 -1.9596803125e+00  9.9642464272e-01 -1.6378613117e+00  1.6432031213e+00  1.8621623550e+00 -3.4821114302e+00  1.0217655935e-01  3.2383127384e+00 -3.6294582672e+00 -1.0329254607e+00  1.6378576306e+00 -3.0776540513e+00 -1.6409373921e+00  4.0920614639e+00 -6.2639833042e-01  1.0391210017e+00  4.2454708708e+00 -9.1084780685e-01 -2.0451528011e+00
ENERGY -7.803710473934e+02

JOB 12
COORDS -1.1771344224e+00  6.5932997858e-01  3.9537066490e-01 -5.3910510772e-01  9.1922538013e-01 -8.2312114080e-01 -5.8699815259e-01 -1.9611863742e-01  1.3323466650e+00  6.8891668480e-01  3.1952166126e-01 -1.1183049412e+00  6.4243334396e-01 -7.9845965804e-01  1.0497014732e+00  1.2590427469e+00 -5.3867587288e-01 -1.7576204032e-01  2.2911851930e+00 -3.0291563295e+00 -9.2914356060e-01  3.6537082755e+00 -1.6863578894e+00  8.2763703793e-01  3.3895421568e+00 -5.2220899955e-01 -1.6937753123e+00  2.8526817678e+00 -1.3573663200e+00 -4.8113527594e-01 -2.1313429662e+00  1.1297443754e+00  6.1804250871e-01 -9.9499597947e-01  1.5930993348e+00 -1.5436919024e+00 -1.0768294858e+00 -3.8731186316e-01  2.2833403674e+00  1.2161473415e+00  5.1419049697e-01 -2.0455646585e+00  1.1343354329e+00 -1.4436388695e+00  1.7731718374e+00  1.7674770950e+00 -3.4796078723e+00 -8.5837921186e-02  3.1876232333e+00 -3.6029656168e+00 -1.1713632550e+00  1.6403480878e+00 -2.9311822741e+00 -1.7987543641e+00  4.0815814860e+00 -8.1971638968e-01  1.1682625807e+00  4.3330165507e+00 -8.4844226141e-01 -1.9203002495e+00
ENERGY -7.803717225338e+02

JOB 13
COORDS -1.1907388061e+00  6.4494380485e-01  4.0048543078e-01 -6.0774008340e-01  7.8757254228e-01 -8.6494770539e-01 -5.3684490803e-01 -8.3302215235e-02  1.3994481650e+00  6.3072744279e-01  2.0178161070e-01 -1.1398312960e+00  7.0155644703e-01 -6.7765196933e-01  1.1347140325e+00  1.2696118181e+00 -5.2168663750e-01 -1.2946919659e-01  2.2626104451e+00 -2.9680959232e+00 -1.0513948756e+00  3.5741624169e+00 -1.8303437402e+00  8.8259241654e-01  3.4764789381e+00 -4.2934868789e-01 -1.5235064736e+00  2.8517707055e+00 -1.3622197290e+00 -4.2939697827e-01 -2.1532392286e+00  1.1052888297e+00  6.0796937855e-01 -1.1149643913e+00  1.3604545386e+00 -1.6367402745e+00 -9.8747980696e-01 -1.8879959311e-01  2.3826358512e+00  1.1169152300e+00  3.2088747328e-01 -2.1020740968e+00  1.2336273840e+00 -1.2474633726e+00  1.8923753479e+00  1.6832547977e+00 -3.4667272162e+00 -2.7395529657e-01  3.1508901204e+00 -3.5519293342e+00 -1.2996508273e+00  1.6582039568e+00 -2.7744581544e+00 -1.9383295697e+00  4.0426484723e+00 -1.0175877791e+00  1.2947386162e+00  4.4084149285e+00 -7.8313881104e-01 -1.7587758495e+00
ENERGY -7.803713968520e+02

JOB 14
COORDS -1.1913434346e+00  6.4115741357e-01  4.0320184209e-01 -6.7015336437e-01  6.4966208355e-01 -8.9729144916e-01 -4.7447364110e-01  4.6116759362e-02  1.4453984078e+00  5.7203446820e-01  6.8073206324e-02 -1.1603947280e+00  7.6608766678e-01 -5.4944953069e-01  1.1902672752e+00  1.2800004601e+00 -5.1250980282e-01 -1.0416173863e-01  2.2567304601e+00 -2.8983531617e+00 -1.1885214560e+00  3.4943418348e+00 -1.9731331538e+00  9.0421692641e-01  3.5636262383e+00 -3.5410296492e-01 -1.3542239457e+00  2.8535046009e+00 -1.3719391876e+00 -3.9577677017e-01 -2.1573518347e+00  1.0979868682e+00  6.0171757356e-01 -1.2289797628e+00  1.1145246799e+00 -1.7051773329e+00 -8.8098769891e-01  3.6996683676e-02  2.4531212487e+00  1.0082276703e+00  9.6834568015e-02 -2.1537646198e+00  1.3333350341e+00 -1.0431744435e+00  1.9751455481e+00  1.6252492263e+00 -3.4424531847e+00 -4.8558496529e-01  3.1418344055e+00 -3.4849290479e+00 -1.4411290972e+00  1.7036699671e+00 -2.6144174147e+00 -2.0844655110e+00  3.9975964063e+00 -1.2212723325e+00  1.3848542231e+00  4.4924623399e+00 -7.2037106663e-01 -1.5851834602e+00
ENERGY -7.803700391122e+02

JOB 15
COORDS -1.1941016596e+00  6.4984765225e-01  4.1840330651e-01 -7.4369178811e-01  5.1330740735e-01 -9.0099334790e-01 -4.1033274635e-01  1.8885578517e-01  1.4799740700e+00  4.9544060930e-01 -7.5724844819e-02 -1.1615471382e+00  8.2544540490e-01 -4.1670456287e-01  1.2257669207e+00  1.2760104560e+00 -5.1463766710e-01 -8.8267692456e-02  2.2698737503e+00 -2.8264536203e+00 -1.3253319852e+00  3.3990713177e+00 -2.1224887479e+00  9.0694738195e-01  3.6397587372e+00 -3.0104638317e-01 -1.1675324502e+00  2.8455812830e+00 -1.3899378720e+00 -3.6556334395e-01 -2.1584091558e+00  1.1104809267e+00  6.1604536365e-01 -1.3551444343e+00  8.6903050737e-01 -1.7259555756e+00 -7.6419372732e-01  2.8487275958e-01  2.5028953306e+00  8.6967077568e-01 -1.4959494222e-01 -2.1780413124e+00  1.4294575498e+00 -8.2662476604e-01  2.0307847176e+00  1.5810731106e+00 -3.4083533530e+00 -7.1227350602e-01  3.1592522065e+00 -3.4122898444e+00 -1.5633549748e+00  1.7868377092e+00 -2.4621269443e+00 -2.2320691154e+00  3.9149310485e+00 -1.4362073854e+00  1.4655168906e+00  4.5755288856e+00 -6.6808444950e-01 -1.3698647163e+00
ENERGY -7.803676764661e+02

JOB 16
COORDS -1.1925937379e+00  6.7146603317e-01  4.4420530084e-01 -8.2895963734e-01  3.7251339671e-01 -8.7374789279e-01 -3.3296280343e-01  3.4692407103e-01  1.4981749318e+00  3.9700278478e-01 -2.4198106331e-01 -1.1426377682e+00  8.8845602650e-01 -2.8162040779e-01  1.2375132074e+00  1.2535798258e+00 -5.4450655247e-01 -8.1234952043e-02  2.3214988814e+00 -2.7553918925e+00 -1.4705066459e+00  3.2863366492e+00 -2.2901402672e+00  8.8990395052e-01  3.6938576213e+00 -2.7319841991e-01 -9.5780536518e-01  2.8288158662e+00 -1.4239227956e+00 -3.3571903092e-01 -2.1468102590e+00  1.1497101750e+00  6.4848091331e-01 -1.4973218543e+00  6.1968891533e-01 -1.6941425398e+00 -6.1745432279e-01  5.6738907347e-01  2.5234154811e+00  6.9043353298e-01 -4.4099245164e-01 -2.1683755797e+00  1.5424509130e+00 -5.8424020810e-01  2.0505581168e+00  1.5371244619e+00 -3.3485544616e+00 -9.9947528467e-01  3.2135658009e+00 -3.3619289759e+00 -1.6335753945e+00  1.9818159404e+00 -2.3089758558e+00 -2.4044968880e+00  3.7626995172e+00 -1.6731693667e+00  1.5538660030e+00  4.6464336908e+00 -6.2702518777e-01 -1.0971386234e+00
ENERGY -7.803648730551e+02

JOB 17
COORDS -1.1921105723e+00  7.0664341953e-01  4.6281039727e-01 -9.1976318325e-01  2.3713121848e-01 -8.2530598696e-01 -2.5432293804e-01  5.2658660514e-01  1.4857331055e+00  2.9107774852e-01 -4.0809358450e-01 -1.0983699449e+00  9.5177842752e-01 -1.2556538370e-01  1.2216473683e+00  1.2219692044e+00 -5.7424499604e-01 -7.1624521534e-02  2.4034396820e+00 -2.6435016218e+00 -1.6133159186e+00  3.1708998213e+00 -2.4475871306e+00  8.4954482919e-01  3.7188149519e+00 -2.4485989693e-01 -7.3244822599e-01  2.8072142988e+00 -1.4458080955e+00 -3.0196470607e-01 -2.1338871170e+00  1.2073337257e+00  6.7056820872e-01 -1.6460705803e+00  3.7397003806e-01 -1.6219174749e+00 -4.6429913363e-01  8.8497416792e-01  2.4897690370e+00  5.0044015427e-01 -7.4858220250e-01 -2.1066010775e+00  1.6705841552e+00 -2.9381738087e-01  2.0186883339e+00  1.5518999143e+00 -3.2522631379e+00 -1.3078121861e+00  3.2947011912e+00 -3.2634855395e+00 -1.7178831602e+00  2.2057271401e+00 -2.0996154990e+00 -2.5364046969e+00  3.5606846422e+00 -1.9131685743e+00  1.6309669557e+00  4.6839775599e+00 -5.8527538031e-01 -8.0118066465e-01
ENERGY -7.803628724026e+02

JOB 18
COORDS -1.1857604200e+00  7.2270164301e-01  4.7427369801e-01 -9.9852490046e-01  9.1485065976e-02 -7.5743266627e-01 -1.7252242183e-01  6.8290481188e-01  1.4399947007e+00  1.9742411681e-01 -5.8291966364e-01 -1.0313054246e+00  1.0208168701e+00  1.0421535523e-02  1.1755080496e+00  1.1980727642e+00 -6.1840367943e-01 -5.9816478932e-02  2.4742860579e+00 -2.5328126203e+00 -1.7389765378e+00  3.0525505643e+00 -2.6287649534e+00  7.7787020862e-01  3.7327226928e+00 -2.7606841989e-01 -5.2080682627e-01  2.7808056948e+00 -1.4975514364e+00 -2.7497977764e-01 -2.1156328125e+00  1.2451298180e+00  6.8206205366e-01 -1.7793952763e+00  1.2433695974e-01 -1.5124189361e+00 -3.1094777908e-01  1.1766681402e+00  2.3979687882e+00  3.2988832742e-01 -1.0590221658e+00 -1.9962435643e+00  1.8114400878e+00 -1.5201269577e-02  1.9200119448e+00  1.6138006943e+00 -3.1813564881e+00 -1.5718192656e+00  3.3786250627e+00 -3.1324077154e+00 -1.8500623982e+00  2.3402561462e+00 -1.8819541058e+00 -2.6027977611e+00  3.3365774036e+00 -2.1924766333e+00  1.6595885552e+00  4.6979256692e+00 -6.2276034370e-01 -5.2972055095e-01
ENERGY -7.803624119248e+02

JOB 19
COORDS -1.1894620521e+00  7.2399313232e-01  4.7280712405e-01 -1.0572665373e+00 -5.7860123688e-02 -6.7675927304e-01 -1.2316748921e-01  8.2357894298e-01  1.3752889300e+00  1.3399253134e-01 -7.4929139487e-01 -9.2822165701e-01  1.0688650740e+00  1.4160405573e-01  1.1306402287e+00  1.1864592083e+00 -6.4779217151e-01 -1.7797888733e-02  2.5566073502e+00 -2.4306923996e+00 -1.7747115280e+00  2.9292879931e+00 -2.7824419999e+00  7.5947272561e-01  3.7532764278e+00 -3.3946272495e-01 -2.6958037643e-01  2.7597578545e+00 -1.5507805801e+00 -1.9809188872e-01 -2.1161323753e+00  1.2585607786e+00  6.6339011743e-01 -1.8778755979e+00 -1.3060686727e-01 -1.3853852732e+00 -2.1675975993e-01  1.4401092206e+00  2.2652028335e+00  2.1711379122e-01 -1.3521903646e+00 -1.8252292590e+00  1.9116159408e+00  2.4171339761e-01  1.8078308510e+00  1.7369964700e+00 -3.1468510368e+00 -1.7134629355e+00  3.4999200555e+00 -2.9594737662e+00 -1.9183390080e+00  2.4098429954e+00 -1.6940954656e+00 -2.5648034126e+00  3.1251411891e+00 -2.4364675077e+00  1.7033399771e+00  4.7077730125e+00 -7.1114034969e-01 -2.2423783221e-01
ENERGY -7.803632193969e+02

JOB 20
COORDS -1.1849331962e+00  7.2496804945e-01  4.6589371447e-01 -1.1050147132e+00 -1.9565883391e-01 -5.8225709076e-01 -7.1581549918e-02  9.4937997952e-01  1.2843889107e+00  8.1078920859e-02 -9.0177347699e-01 -8.1137331295e-01  1.1190485687e+00  2.5690088800e-01  1.0577594582e+00  1.1825168722e+00 -6.7307895017e-01  1.5530130859e-02  2.6166666632e+00 -2.3106261263e+00 -1.8273482845e+00  2.8124952208e+00 -2.9377481828e+00  6.7692644964e-01  3.7704284819e+00 -4.3287559687e-01 -5.4697762226e-02  2.7380698737e+00 -1.6094151489e+00 -1.5565991125e-01 -2.1083651380e+00  1.2705549239e+00  6.4056671299e-01 -1.9632198598e+00 -3.6643863557e-01 -1.2265623891e+00 -1.2534155575e-01  1.6743966504e+00  2.0921073444e+00  1.2215165977e-01 -1.6213788687e+00 -1.6213665429e+00  2.0031517023e+00  4.5211579842e-01  1.6556818245e+00  1.8372685054e+00 -3.0707164277e+00 -1.8747374528e+00  3.5898642791e+00 -2.7710216482e+00 -2.0044962289e+00  2.4482062913e+00 -1.4938383702e+00 -2.5296528976e+00  2.9469122325e+00 -2.6956149186e+00  1.6631788151e+00  4.7076902884e+00 -8.4108197405e-01  1.6687142445e-02
ENERGY -7.803646689796e+02

JOB 21
COORDS -1.1675949657e+00  7.1511852618e-01  4.5103770395e-01 -1.1317053866e+00 -3.3661128671e-01 -4.7023590020e-01 -1.3487494234e-02  1.0607539997e+00  1.1624547823e+00  5.2804398487e-02 -1.0498688785e+00 -6.7605116989e-01  1.1788051525e+00  3.6231742325e-01  9.5505296061e-01  1.1968134576e+00 -6.9677477871e-01  4.4141696251e-02  2.6911020818e+00 -2.1409823048e+00 -1.8953067861e+00  2.7315573657e+00 -3.0703710409e+00  5.2500312587e-01  3.7976046490e+00 -5.2731841032e-01  1.3174401538e-01  2.7394075308e+00 -1.6514198728e+00 -1.4527857257e-01 -2.0906815017e+00  1.2663236175e+00  6.0962475085e-01 -2.0242158064e+00 -6.0484732857e-01 -1.0290129197e+00 -3.5709445524e-02  1.8850643785e+00  1.8703148283e+00  6.2891374086e-02 -1.8803574069e+00 -1.3740198717e+00  2.0961570626e+00  6.3893776314e-01  1.4631264005e+00  1.9198725275e+00 -2.8895783647e+00 -2.0718363869e+00  3.6740284726e+00 -2.5715525349e+00 -2.0935919336e+00  2.5398370693e+00 -1.2406150504e+00 -2.4913725160e+00  2.8000839676e+00 -2.9515645722e+00  1.5402820044e+00  4.7168499351e+00 -9.7126499093e-01  2.1296449380e-01
ENERGY -7.803665771351e+02

JOB 22
COORDS -1.1609483442e+00  7.2061420618e-01  4.2046009026e-01 -1.1636634215e+00 -4.5280276189e-01 -3.4256752288e-01  2.4786211985e-02  1.1703412872e+00  1.0106014275e+00  1.7011743979e-02 -1.1798607683e+00 -5.1296906368e-01  1.2150048841e+00  4.5733364603e-01  8.3611847638e-01  1.1935766815e+00 -7.1794535849e-01  8.3458876486e-02  2.7388436149e+00 -1.9601017960e+00 -1.9280328772e+00  2.6182613358e+00 -3.1787552643e+00  3.6159237400e-01  3.7969034901e+00 -6.4821520240e-01  3.2416614448e-01  2.7181972300e+00 -1.6919410913e+00 -1.2948293240e-01 -2.0815914215e+00  1.2827649027e+00  5.5324009687e-01 -2.0840381836e+00 -8.0515686356e-01 -8.0027067626e-01  2.8274001072e-02  2.0842650725e+00  1.5986919557e+00  6.8078058807e-03 -2.1106572320e+00 -1.0720365894e+00  2.1558989879e+00  7.9539371696e-01  1.2559104296e+00  1.9252703654e+00 -2.6161268382e+00 -2.2346032253e+00  3.6993078575e+00 -2.4330721397e+00 -2.1402808443e+00  2.6758487123e+00 -9.8155723888e-01 -2.4048560088e+00  2.6228186072e+00 -3.1851742782e+00  1.3861469646e+00  4.6986335701e+00 -1.1278589638e+00  3.8992309081e-01
ENERGY -7.803688654606e+02

JOB 23
COORDS -1.1399063640e+00  7.0733172481e-01  4.0217899130e-01 -1.1666442973e+00 -5.5406217124e-01 -2.0428479939e-01  6.9007332743e-02  1.2426635841e+00  8.5959595314e-01  1.6408364649e-02 -1.2818160878e+00 -3.5412346083e-01  1.2612493946e+00  5.2764106704e-01  7.0618153755e-01  1.2159991090e+00 -7.3035974059e-01  1.0371319147e-01  2.8194783753e+00 -1.7888238154e+00 -1.9412904249e+00  2.5459550434e+00 -3.2432219162e+00  1.9216745744e-01  3.8035493621e+00 -7.6858651065e-01  5.0260458922e-01  2.7258761865e+00 -1.7173385207e+00 -1.2606964167e-01 -2.0619661052e+00  1.2703673884e+00  5.2106062784e-01 -2.1066554248e+00 -9.7378264576e-01 -5.5216520328e-01  8.6885012915e-02  2.2209029552e+00  1.3327290870e+00  3.7786024786e-03 -2.2788892810e+00 -7.8611043261e-01  2.2160663385e+00  9.1610738641e-01  1.0424187042e+00  1.9599946786e+00 -2.3232379235e+00 -2.3449999827e+00  3.7415709637e+00 -2.3238583897e+00 -2.1757700303e+00  2.8609946179e+00 -7.6117093689e-01 -2.3036586704e+00  2.5044032021e+00 -3.3595109272e+00  1.2093904238e+00  4.6963818192e+00 -1.2678447012e+00  5.3215114437e-01
ENERGY -7.803708448076e+02

