JOB 0
COORDS  2.2093614313e+00 -1.0522915055e+00 -7.5216541488e-01  4.3429541523e+00  2.8836235269e-01 -1.3560798132e+00  4.7484977286e+00 -8.3119670050e-01 -4.2453121333e-01  3.3711201688e+00 -2.1115206745e-01 -3.2413963646e-01  1.3744414864e-01 -1.9819477967e+00 -1.3470238769e-01  2.1677885015e+00 -1.6232598416e+00 -1.8281988381e+00  1.2702483315e+00 -1.1514660312e+00  2.0280106929e-01  3.1390202364e+00  5.9481128351e-01  7.6903498917e-01  4.7570693316e+00  1.2730719108e+00 -1.1651422899e+00  4.1220710041e+00  4.7896734610e-02 -2.3902592883e+00  4.8147132077e+00 -1.8393751171e+00 -8.1958110576e-01  5.4210481938e+00 -5.8976748124e-01  3.9249796159e-01  4.6236258986e-01 -3.0081429907e+00 -3.2082153024e-01 -5.2079991638e-01 -1.9356353502e+00  7.3215125810e-01 -3.6524671087e-01 -1.5954835575e+00 -1.0240029398e+00
ENERGY -4.450944775012e+02

JOB 1
COORDS  2.2645179081e+00 -1.1614232601e+00 -6.7925738068e-01  4.2827120072e+00  3.1305068757e-01 -1.3383019075e+00  4.8124376354e+00 -8.1183337847e-01 -4.7830214817e-01  3.4101929658e+00 -2.9202123110e-01 -2.6849457914e-01  1.0889212018e-01 -1.9430702643e+00 -1.5448462271e-01  2.2870349272e+00 -1.8419163459e+00 -1.6906120962e+00  1.2414340913e+00 -1.1144204243e+00  1.8892845227e-01  3.1953877293e+00  4.6626977411e-01  8.6172303034e-01  4.6398199145e+00  1.3163011040e+00 -1.1293585774e+00  4.0173243587e+00  9.6970008396e-02 -2.3674648327e+00  4.9118792926e+00 -1.7981414022e+00 -9.1847910344e-01  5.5192222822e+00 -5.5743497162e-01  3.0500987275e-01  4.0683257033e-01 -2.9930594271e+00 -1.9774283089e-01 -6.1776120813e-01 -1.7794933550e+00  6.4051687390e-01 -3.0059382995e-01 -1.6438325312e+00 -1.1218329972e+00
ENERGY -4.450952226588e+02

JOB 2
COORDS  2.3020753717e+00 -1.2510018734e+00 -6.0646276968e-01  4.2045312392e+00  3.4251144648e-01 -1.3085981851e+00  4.8477720211e+00 -7.8252147386e-01 -5.2591967336e-01  3.4380095460e+00 -3.6023208766e-01 -2.1342409249e-01  7.4100262349e-02 -1.8833266419e+00 -1.9454399735e-01  2.3729677895e+00 -2.0330984956e+00 -1.5389525953e+00  1.2109061534e+00 -1.0620778491e+00  1.5252818814e-01  3.2453779026e+00  3.4991605323e-01  9.5244230475e-01  4.5109065513e+00  1.3574836165e+00 -1.0768052315e+00  3.8955315286e+00  1.5184412588e-01 -2.3307364661e+00  4.9746637293e+00 -1.7435734684e+00 -1.0121998898e+00  5.5868566377e+00 -5.1493893351e-01  2.2220989517e-01  3.2707113406e-01 -2.9414618498e+00 -9.7713818966e-02 -7.0660752686e-01 -1.6062139724e+00  5.1293030051e-01 -2.4146352946e-01 -1.6799057741e+00 -1.2202754631e+00
ENERGY -4.450950635997e+02

JOB 3
COORDS  2.3494448670e+00 -1.3422486319e+00 -5.3768374401e-01  4.1319333686e+00  3.5957426910e-01 -1.2861774070e+00  4.8822874020e+00 -7.6142493223e-01 -5.9071780327e-01  3.4811836444e+00 -4.3060183794e-01 -1.7484626122e-01  6.6210108474e-02 -1.8308714475e+00 -2.4258649737e-01  2.4523658259e+00 -2.2260912051e+00 -1.3703020543e+00  1.2109583437e+00 -1.0175661866e+00  9.6381706836e-02  3.3224989490e+00  2.3117503348e-01  1.0257477358e+00  4.3972667548e+00  1.3802119156e+00 -1.0297264027e+00  3.7735772747e+00  1.9543854916e-01 -2.2969926942e+00  5.0267950704e+00 -1.6949976889e+00 -1.1233433487e+00  5.6563267673e+00 -4.8142144928e-01  1.1623168220e-01  2.6036091480e-01 -2.8785684201e+00 -2.6285234594e-03 -7.5185312491e-01 -1.4412817774e+00  3.6226148591e-01 -1.6074210084e-01 -1.7402680868e+00 -1.3072735371e+00
ENERGY -4.450940127006e+02

JOB 4
COORDS  2.3834744052e+00 -1.4199496720e+00 -4.6587231812e-01  4.0576751467e+00  3.7970051100e-01 -1.2452934396e+00  4.8944062821e+00 -7.4339284761e-01 -6.4789757173e-01  3.5143835629e+00 -4.8833403622e-01 -1.3784816790e-01  6.4535059469e-02 -1.7910892384e+00 -2.8748419289e-01  2.5083522191e+00 -2.4085531838e+00 -1.1657220193e+00  1.2130979982e+00 -9.7027276468e-01  1.8088511725e-02  3.3975005640e+00  1.1553997014e-01  1.0998040484e+00  4.2998975781e+00  1.3976902754e+00 -9.5702303664e-01  3.6490559143e+00  2.5190665348e-01 -2.2425696369e+00  5.0429551486e+00 -1.6462725956e+00 -1.2301961726e+00  5.7027575826e+00 -4.6198634421e-01  1.8871646329e-02  2.0053778726e-01 -2.7984811458e+00  1.1212958250e-01 -7.7870978573e-01 -1.2960665394e+00  1.9288438102e-01 -8.3042104784e-02 -1.8482703235e+00 -1.3683880137e+00
ENERGY -4.450922038483e+02

JOB 5
COORDS  2.3949569590e+00 -1.4807844211e+00 -4.3244120793e-01  3.9860438524e+00  4.1024558213e-01 -1.2135636677e+00  4.8817350994e+00 -7.2751333803e-01 -7.2622483327e-01  3.5281409789e+00 -5.3295238665e-01 -1.3670455662e-01  5.4657285571e-02 -1.7597258531e+00 -3.7314933309e-01  2.5325508997e+00 -2.5683359868e+00 -9.5981963832e-01  1.2083897955e+00 -9.2685632102e-01 -1.2552174457e-01  3.4584552696e+00 -5.3464186382e-03  1.1418510262e+00  4.2256229634e+00  1.4155838183e+00 -8.8159414476e-01  3.5299638661e+00  3.3457452989e-01 -2.1958078165e+00  5.0219972111e+00 -1.5928923154e+00 -1.3651749176e+00  5.7210144339e+00 -4.6226916497e-01 -9.1811774998e-02  1.2780436704e-01 -2.6886498726e+00  1.9683949280e-01 -8.0143178371e-01 -1.1717704374e+00 -4.3996583017e-02 -2.1361700366e-02 -1.9940599649e+00 -1.4374662806e+00
ENERGY -4.450899432021e+02

JOB 6
COORDS  2.4048037371e+00 -1.5242692642e+00 -3.5595855794e-01  3.9364444169e+00  4.4287800214e-01 -1.1372411115e+00  4.8636182099e+00 -7.2248001947e-01 -7.7902292343e-01  3.5478108502e+00 -5.6745902453e-01 -1.0328655848e-01  5.5760548245e-02 -1.7312467810e+00 -4.1776716103e-01  2.5359523129e+00 -2.6914156799e+00 -6.6841679955e-01  1.2204456225e+00 -8.9505007912e-01 -2.4092017346e-01  3.5517128351e+00 -1.3172219031e-01  1.2143519745e+00  4.2027335560e+00  1.4260121732e+00 -7.6170074307e-01  3.4212102679e+00  4.3167220222e-01 -2.0929131181e+00  4.9709379128e+00 -1.5448891331e+00 -1.4787810769e+00  5.7409431452e+00 -4.9335030013e-01 -1.8301671292e-01  5.4316895860e-02 -2.5387954839e+00  3.1780784629e-01 -7.9875564103e-01 -1.0720362777e+00 -2.6890227619e-01  4.6223857743e-02 -2.1585157355e+00 -1.4231408275e+00
ENERGY -4.450878149315e+02

JOB 7
COORDS  2.4227015615e+00 -1.5489626618e+00 -2.8120996066e-01  3.9006259188e+00  4.7943292657e-01 -1.0778396247e+00  4.8395392330e+00 -7.1254585057e-01 -8.6131039790e-01  3.5765417593e+00 -5.8681216969e-01 -8.4491449038e-02  7.8757871943e-02 -1.7247917097e+00 -4.8506013550e-01  2.5376693924e+00 -2.7555135620e+00 -3.5737254148e-01  1.2515285687e+00 -8.8867045217e-01 -3.6721703584e-01  3.6851272360e+00 -2.4416662945e-01  1.2572958101e+00  4.2101610822e+00  1.4370783422e+00 -6.7098690730e-01  3.3134446567e+00  5.2912526480e-01 -1.9897236365e+00  4.8931719650e+00 -1.4887843657e+00 -1.6181075142e+00  5.7598925335e+00 -5.2672857353e-01 -3.1703445274e-01 -1.4109687963e-03 -2.3862090013e+00  3.8050227469e-01 -7.6480729289e-01 -1.0365312302e+00 -5.2535060395e-01  1.3315485132e-01 -2.3264608418e+00 -1.3952554394e+00
ENERGY -4.450863537865e+02

JOB 8
COORDS  2.4214561881e+00 -1.5644838532e+00 -1.7072563542e-01  3.8562776814e+00  4.9627252523e-01 -1.0048000357e+00  4.7760797098e+00 -7.2490541504e-01 -9.3835563903e-01  3.5911487885e+00 -6.0945294151e-01 -3.8688594322e-02  1.0139460047e-01 -1.7473796708e+00 -5.5904457708e-01  2.5045732050e+00 -2.7649545428e+00 -1.1902812745e-02  1.2777486893e+00 -9.1292735510e-01 -4.6327085986e-01  3.8404462594e+00 -3.5317021768e-01  1.3017145436e+00  4.2321705266e+00  1.4240885556e+00 -5.8502863066e-01  3.1851724940e+00  6.0640389152e-01 -1.8507126626e+00  4.7428974760e+00 -1.4585710908e+00 -1.7379018801e+00  5.7464651657e+00 -5.9153692505e-01 -4.7060373280e-01 -8.0375680541e-02 -2.2514117453e+00  3.9269916521e-01 -7.1621350237e-01 -1.0689947730e+00 -8.0048319263e-01  2.3056107216e-01 -2.4955556718e+00 -1.3444961517e+00
ENERGY -4.450859114485e+02

JOB 9
COORDS  2.4195808990e+00 -1.5279223957e+00 -5.3084097499e-02  3.8273735120e+00  5.3779396238e-01 -9.3967075665e-01  4.6888609811e+00 -7.1692386592e-01 -1.0236938143e+00  3.6089250313e+00 -5.9495754987e-01  1.0039094970e-02  1.4783842579e-01 -1.7558076073e+00 -6.4839502267e-01  2.4501763600e+00 -2.6808036515e+00  3.2370266534e-01  1.3227571361e+00 -9.1937047928e-01 -5.5220871958e-01  4.0195996328e+00 -4.1961017608e-01  1.3189283796e+00  4.2882822821e+00  1.4285341030e+00 -5.2435189732e-01  3.0735187540e+00  7.1365950135e-01 -1.6997113307e+00  4.5389839334e+00 -1.4097773950e+00 -1.8461824349e+00  5.7070965976e+00 -6.5024169781e-01 -6.5322467103e-01 -1.4826148018e-01 -2.1023824278e+00  3.4403503289e-01 -6.2419629214e-01 -1.1221560833e+00 -1.0837568948e+00  3.4760928286e-01 -2.6193591759e+00 -1.2869382139e+00
ENERGY -4.450866863357e+02

JOB 10
COORDS  2.4394209902e+00 -1.4946585018e+00  5.1354968992e-02  3.8247665824e+00  5.7274608869e-01 -8.7437675108e-01  4.6053288354e+00 -7.0701695906e-01 -1.1119644512e+00  3.6473019919e+00 -5.9373812047e-01  4.8008328816e-02  2.3050518090e-01 -1.7940867304e+00 -7.2339402181e-01  2.4043159531e+00 -2.5706693333e+00  6.0983762168e-01  1.4038445242e+00 -9.5541542997e-01 -6.3021765168e-01  4.2138975785e+00 -5.0727775230e-01  1.3016103523e+00  4.3702977769e+00  1.4170099967e+00 -4.6460209953e-01  3.0038372767e+00  8.2147032193e-01 -1.5375371083e+00  4.3303952182e+00 -1.3465321946e+00 -1.9452054021e+00  5.6582592534e+00 -7.1220223596e-01 -8.4785593014e-01 -1.6885042973e-01 -1.9926860255e+00  2.7342592166e-01 -4.8364444102e-01 -1.2279503175e+00 -1.3206523326e+00  4.7704536134e-01 -2.7414843680e+00 -1.2081596246e+00
ENERGY -4.450885349703e+02

JOB 11
COORDS  2.4147402012e+00 -1.4608217108e+00  1.3534493723e-01  3.8054330561e+00  5.9057681316e-01 -8.1012942411e-01  4.5061489030e+00 -7.0165956516e-01 -1.1721455180e+00  3.6519251565e+00 -6.1232392053e-01  7.4444260870e-02  2.6737370282e-01 -1.8206381714e+00 -7.7765603283e-01  2.2927226648e+00 -2.4350653938e+00  8.4684967533e-01  1.4574755679e+00 -1.0046078694e+00 -7.0662672442e-01  4.3278784333e+00 -6.0483159576e-01  1.2721494822e+00  4.4176903446e+00  1.3888637641e+00 -4.0254399853e-01  2.9450520299e+00  9.0328230953e-01 -1.3903653428e+00  4.1317653987e+00 -1.2863768470e+00 -2.0064187900e+00  5.5752102688e+00 -7.6486880847e-01 -9.9503376800e-01 -2.1974464026e-01 -1.8611567465e+00  1.9885905506e-01 -3.7513431585e-01 -1.3326027815e+00 -1.5100455691e+00  5.1890749086e-01 -2.8344424380e+00 -1.0974875619e+00
ENERGY -4.450907463125e+02

JOB 12
COORDS  2.4079642532e+00 -1.4375131867e+00  1.7973503805e-01  3.8094017576e+00  6.0475389633e-01 -7.4685052729e-01  4.4557920550e+00 -6.7781820347e-01 -1.2206166864e+00  3.6763647240e+00 -6.4678665500e-01  7.7356100816e-02  3.0961486081e-01 -1.8527050144e+00 -8.2110029374e-01  2.1950169459e+00 -2.2898664033e+00  1.0150473691e+00  1.5313770885e+00 -1.0830184212e+00 -7.9191277858e-01  4.4195892756e+00 -7.1385922322e-01  1.2308730661e+00  4.4609462369e+00  1.3635536868e+00 -3.2512027200e-01  2.9249744657e+00  9.6671861779e-01 -1.2581640011e+00  4.0176509354e+00 -1.2053953040e+00 -2.0612693350e+00  5.5311258393e+00 -7.7333133537e-01 -1.1080784857e+00 -2.4072546408e-01 -1.7224556441e+00  1.1315449084e-01 -2.6010676288e-01 -1.4597693150e+00 -1.6627798897e+00  5.3071076753e-01 -2.9128156612e+00 -9.6453235190e-01
ENERGY -4.450925324675e+02

JOB 13
COORDS  1.8841531685e+00 -3.9399523620e-01 -5.7218090236e-01  4.3946800389e+00 -6.1124463564e-01 -1.3284450208e+00  4.3847778648e+00 -5.3157465919e-01  1.8293143429e-01  3.2872722246e+00  1.2630002079e-01 -6.1988555591e-01  5.5791668031e-01 -2.3491126870e+00 -5.4416040279e-01  8.9210405803e-01  2.9914157267e-01 -5.0475465999e-01  1.8700385804e+00 -1.7499093633e+00 -6.0990784197e-01  3.3227562417e+00  1.4978680045e+00 -6.8821349901e-01  5.1003607670e+00  2.1587395790e-02 -1.8571535353e+00  4.1473724445e+00 -1.5534711883e+00 -1.8041048893e+00  4.1303105684e+00 -1.4193609170e+00  7.5123278296e-01  5.0811997770e+00  1.5487463946e-01  6.5386084367e-01 -5.1351985796e-02 -2.0206776646e+00 -1.3890026696e+00  7.2849004393e-01 -3.4245570972e+00 -5.8632335950e-01  6.0582754743e-02 -2.0727176032e+00  3.8826820904e-01
ENERGY -4.450934471162e+02

JOB 14
COORDS  1.8842322160e+00 -3.9819531485e-01 -5.8919272308e-01  4.3786495285e+00 -5.6314380823e-01 -1.3558005364e+00  4.4049740647e+00 -5.8972694753e-01  1.5876095281e-01  3.2891418478e+00  1.1881029140e-01 -5.6281281071e-01  5.5014358253e-01 -2.3461088526e+00 -5.0222854143e-01  8.9655988429e-01  2.9198955851e-01 -7.1997041478e-01  1.8633931338e+00 -1.7476072193e+00 -4.5299702311e-01  3.3260402484e+00  1.4926857045e+00 -5.4478482211e-01  5.0665492974e+00  1.0830311351e-01 -1.8596267509e+00  4.1208914279e+00 -1.4718603848e+00 -1.8886643257e+00  4.1658393162e+00 -1.5158320566e+00  6.6895649585e-01  5.1140288782e+00  6.2954516056e-02  6.5790329802e-01  7.1285742950e-02 -2.1331013793e+00 -1.4606212516e+00  7.1525499962e-01 -3.4165863139e+00 -3.8285942672e-01 -7.3147092443e-02 -1.9583271922e+00  3.0643688358e-01
ENERGY -4.450933517926e+02

JOB 15
COORDS  1.8916284008e+00 -4.0573363793e-01 -6.1845918656e-01  4.3767088362e+00 -4.8214445343e-01 -1.3847045816e+00  4.4268405313e+00 -6.1821732107e-01  1.2710106130e-01  3.2926680739e+00  1.1927555494e-01 -5.2183998275e-01  5.4184895614e-01 -2.3365159940e+00 -4.5120460134e-01  9.3107239993e-01  2.5794692312e-01 -9.4378153004e-01  1.8410767435e+00 -1.7230400607e+00 -3.0323849820e-01  3.3104519583e+00  1.4912684306e+00 -4.1364087977e-01  5.0446648144e+00  2.3572993484e-01 -1.8497356973e+00  4.1285183090e+00 -1.3556034091e+00 -1.9786123257e+00  4.2128817186e+00 -1.5830384612e+00  5.7206645535e-01  5.1369867622e+00  7.1947002585e-03  6.5848890372e-01  1.9130755005e-01 -2.2421450338e+00 -1.4815178415e+00  6.8410958017e-01 -3.3838445368e+00 -1.8613970650e-01 -1.7777283240e-01 -1.8619609848e+00  2.1931074415e-01
ENERGY -4.450922407470e+02

JOB 16
COORDS  1.9038638523e+00 -4.4231733745e-01 -6.6686643784e-01  4.3930467784e+00 -4.0222709834e-01 -1.4071069779e+00  4.4446810095e+00 -6.6933831662e-01  9.0531426551e-02  3.2979857254e+00  9.2596181259e-02 -4.9649918195e-01  5.0223846708e-01 -2.3213355785e+00 -3.8552180087e-01  9.9599944237e-01  1.8025065892e-01 -1.1746149684e+00  1.7922743898e+00 -1.7021434692e+00 -1.8499302903e-01  3.2821833107e+00  1.4535551394e+00 -2.7359574846e-01  5.0437822142e+00  3.6869175097e-01 -1.8071944015e+00  4.1708193707e+00 -1.2270243413e+00 -2.0768583992e+00  4.2531845597e+00 -1.6744232269e+00  4.4849740530e-01  5.1428579301e+00 -8.0696781704e-02  6.7690024071e-01  2.6060960107e-01 -2.3623065579e+00 -1.4500737078e+00  5.9489982199e-01 -3.3248665939e+00  2.8823574056e-02 -2.7146256294e-01 -1.7560016570e+00  1.3824102371e-01
ENERGY -4.450903560910e+02

JOB 17
COORDS  1.9348420694e+00 -5.0458165936e-01 -7.3579802020e-01  4.4363190182e+00 -2.9903662602e-01 -1.4240717234e+00  4.4723053351e+00 -7.1261248449e-01  4.4894268878e-02  3.3126614048e+00  5.8990358778e-02 -4.9356416057e-01  4.6728492233e-01 -2.3066290289e+00 -3.2661091667e-01  1.0927299383e+00  4.7722330227e-02 -1.4112709313e+00  1.7512667438e+00 -1.6828764108e+00 -1.0001342048e-01  3.2330879077e+00  1.3925120376e+00 -1.3747625152e-01  5.0685098184e+00  5.2816241710e-01 -1.7308235011e+00  4.2607088708e+00 -1.0593863069e+00 -2.1789404436e+00  4.3124698768e+00 -1.7545646470e+00  2.9914003401e-01  5.1421538827e+00 -1.6422374675e-01  6.9943025474e-01  3.1655067616e-01 -2.4906739896e+00 -1.3927928813e+00  4.9865181238e-01 -3.2441793507e+00  2.2763937681e-01 -3.3314252194e-01 -1.6631256691e+00  4.4638060083e-02
ENERGY -4.450882443696e+02

JOB 18
COORDS  1.9391833237e+00 -5.8859952475e-01 -7.8533325601e-01  4.4381677376e+00 -1.8868346230e-01 -1.4277486098e+00  4.4756111050e+00 -7.5471751791e-01 -7.1762419427e-03  3.2930943248e+00  1.7614426589e-02 -4.8693809906e-01  4.0259422754e-01 -2.2931061204e+00 -2.3772331947e-01  1.1699834680e+00 -1.4073036117e-01 -1.6097370608e+00  1.6833954832e+00 -1.6630435890e+00 -9.6190935192e-03  3.1351376504e+00  1.3002677290e+00  1.2739582297e-02  5.0441009237e+00  6.8809695477e-01 -1.6334506430e+00  4.3041645198e+00 -8.6837488086e-01 -2.2637998802e+00  4.3591715297e+00 -1.8238721943e+00  1.3577448805e-01  5.1168058669e+00 -2.5335025327e-01  7.1083017100e-01  3.2546659078e-01 -2.6322000008e+00 -1.2733169065e+00  3.6833625502e-01 -3.1373322631e+00  4.5014016238e-01 -4.0490363616e-01 -1.5883081977e+00 -2.8204744251e-02
ENERGY -4.450865912079e+02

JOB 19
COORDS  1.9745277001e+00 -6.6578258110e-01 -8.4888970887e-01  4.4567823705e+00 -7.6774589254e-02 -1.4300860189e+00  4.5015338754e+00 -7.8227916575e-01 -7.2414545526e-02  3.2957752041e+00 -1.2190668250e-02 -4.9543332057e-01  3.5388550738e-01 -2.2458596150e+00 -1.8279855027e-01  1.3039953345e+00 -3.6258018494e-01 -1.8141631962e+00  1.6289582874e+00 -1.6070502029e+00  5.2550639311e-02  3.0646954336e+00  1.2000165249e+00  1.3901485143e-01  5.0367359454e+00  8.3455650462e-01 -1.5364074369e+00  4.3545731401e+00 -6.7040869108e-01 -2.3333090169e+00  4.4293781307e+00 -1.8647295901e+00 -3.7655126669e-02  5.1150734258e+00 -3.3152356182e-01  7.0135517035e-01  3.5492056576e-01 -2.7473192669e+00 -1.1533333102e+00  2.3726334214e-01 -2.9666307065e+00  6.2582083837e-01 -4.4782663823e-01 -1.5044551776e+00 -1.6083529211e-01
ENERGY -4.450859068765e+02

JOB 20
COORDS  2.0309376880e+00 -7.5147700355e-01 -8.7917730881e-01  4.4727162580e+00  1.7931532993e-02 -1.4165284506e+00  4.5467636561e+00 -8.1820723132e-01 -1.3882165480e-01  3.3128932136e+00 -4.6983321679e-02 -4.8350396254e-01  3.2419447041e-01 -2.2003575186e+00 -1.3411953737e-01  1.4867377631e+00 -6.3749400545e-01 -1.9589854635e+00  1.5804604147e+00 -1.5334280861e+00  1.2117904428e-01  3.0356441530e+00  1.0760935444e+00  2.8194151643e-01  5.0278446242e+00  9.5046190796e-01 -1.4314441539e+00  4.3771626783e+00 -4.8283300808e-01 -2.3747799212e+00  4.5138588098e+00 -1.9009808801e+00 -2.1186117113e-01  5.1455850653e+00 -4.2615251710e-01  6.7751014294e-01  4.1902682578e-01 -2.8693494926e+00 -9.9257141470e-01  1.0528974223e-01 -2.7627543888e+00  7.7292869263e-01 -4.5939161761e-01 -1.4660428676e+00 -3.3374051037e-01
ENERGY -4.450864258408e+02

JOB 21
COORDS  2.0778564460e+00 -8.1869502584e-01 -8.7774873008e-01  4.4607959052e+00  1.1210845766e-01 -1.3977255344e+00  4.5841556927e+00 -8.4069077159e-01 -2.1585503393e-01  3.3187070270e+00 -6.6674463917e-02 -4.5541243254e-01  2.8559266210e-01 -2.1475070593e+00 -1.1108821608e-01  1.6886285311e+00 -9.2147424281e-01 -2.0247595973e+00  1.5011415882e+00 -1.4226494502e+00  1.7813127484e-01  3.0347408804e+00  9.5762726835e-01  4.3122977435e-01  4.9944585066e+00  1.0548484258e+00 -1.3322323908e+00  4.3472759940e+00 -2.9482481558e-01 -2.3971534927e+00  4.5761069044e+00 -1.9115271235e+00 -3.9544390983e-01  5.1850297101e+00 -5.1483562283e-01  6.2773562032e-01  4.8789020972e-01 -2.9599081144e+00 -8.1292475482e-01 -5.2407448430e-02 -2.5392832423e+00  8.4766913365e-01 -4.6240698448e-01 -1.4772820905e+00 -5.4059782487e-01
ENERGY -4.450881254816e+02

JOB 22
COORDS  2.1191545006e+00 -8.8116167067e-01 -8.4265414388e-01  4.4310715079e+00  1.9075234847e-01 -1.3763009880e+00  4.6269443925e+00 -8.4929129085e-01 -2.8877657976e-01  3.3256252876e+00 -9.2150416948e-02 -4.1123382579e-01  2.3808110947e-01 -2.0898149932e+00 -9.5493427733e-02  1.8779555263e+00 -1.1806431178e+00 -1.9971876442e+00  1.4083852878e+00 -1.3037781442e+00  2.1827218451e-01  3.0599604971e+00  8.4271287727e-01  5.6937910156e-01  4.9384285247e+00  1.1418394312e+00 -1.2509031012e+00  4.2855500659e+00 -1.3913935245e-01 -2.3993404980e+00  4.6367399861e+00 -1.9003431429e+00 -5.6016599118e-01  5.2443086797e+00 -5.7764016332e-01  5.6198047020e-01  5.2623793400e-01 -3.0068695698e+00 -6.1457707263e-01 -2.2253296778e-01 -2.3172114840e+00  8.6527605161e-01 -4.4594307328e-01 -1.5176633870e+00 -7.2628202892e-01
ENERGY -4.450905380801e+02

JOB 23
COORDS  2.1638644417e+00 -9.6088541090e-01 -8.0219686510e-01  4.3944853676e+00  2.4432792845e-01 -1.3664087559e+00  4.6864177724e+00 -8.4697458329e-01 -3.5846862850e-01  3.3451547726e+00 -1.4404897732e-01 -3.7003093073e-01  1.8879232112e-01 -2.0382680508e+00 -1.0611077552e-01  2.0377520548e+00 -1.4127228391e+00 -1.9262476134e+00  1.3289404997e+00 -1.2137914279e+00  2.2028214377e-01  3.0964202776e+00  7.2173716624e-01  6.7365630367e-01  4.8607648725e+00  1.2105302556e+00 -1.2031140703e+00  4.2143829962e+00 -3.4119834940e-02 -2.3989932525e+00  4.7216097478e+00 -1.8773213409e+00 -6.9717773853e-01  5.3283983522e+00 -5.9981585725e-01  4.8128544237e-01  5.1859742845e-01 -3.0211890238e+00 -4.5035355102e-01 -3.7930371311e-01 -2.1228813961e+00  8.1963349584e-01 -4.1138354921e-01 -1.5651747359e+00 -8.8647739829e-01
ENERGY -4.450928537116e+02

