JOB 0
COORDS -2.2936861126e+00 -5.1579312536e-01  1.0991713900e+00 -3.0928704241e+00 -7.9929982417e-01  2.1730755905e+00 -8.1264068008e-01 -6.3516006426e-01  1.2760144139e+00 -2.5035959098e+00 -1.6802245049e+00  3.2133023546e+00 -2.0073147306e-01  1.0527995543e+00 -6.4619362392e-01  4.1875999181e-01 -2.8046646185e-01 -9.7646629093e-01  2.0259701387e-01  1.2389971110e-01  4.8602623159e-01 -3.5961442556e-01 -1.2108443048e+00 -3.1908242728e+00 -2.7526039676e+00 -3.4138005840e+00  4.7932224014e+00 -3.7234775457e-01 -1.3749598784e+00 -1.6652730955e+00 -5.0859526224e-01 -1.0124040047e+00  2.4935791741e+00 -1.3032427173e+00 -2.0860990172e+00  2.9193716244e+00  1.4118960292e+00  4.9920025746e-01  1.1868141437e+00 -3.3441330817e+00 -2.3462322770e+00  4.0253163734e+00 -2.7187261088e+00 -4.6347875657e-02  2.1828238065e-01 -4.1471872008e+00 -5.4126564289e-01  2.1958145675e+00  4.0528430447e-01  1.9459498244e+00 -7.5793554244e-01 -1.2577914565e+00  1.1876439254e+00 -8.5526563693e-01  1.4705991446e+00 -2.3962823383e-01 -1.2506418922e+00 -7.9986538068e-01 -2.5166920136e-01 -3.4849534135e+00 -9.2681306113e-01 -2.0095082891e+00 -3.6807688230e+00  6.6377514435e-01 -1.2388424167e+00 -3.5814195929e+00 -3.5229100220e+00 -3.7214481780e+00  5.5006415292e+00 -1.8576535497e+00 -3.0610840422e+00  5.3116468413e+00 -2.4797133456e+00 -4.2457872455e+00  4.1383382374e+00  4.8891072248e-02 -2.3509395306e+00 -1.3934388962e+00 -1.4084594924e+00 -1.3836348209e+00 -1.3110911620e+00  1.7693067267e+00 -3.2551963217e-01  1.6709582929e+00  1.1657321840e+00  1.1529663931e+00  1.9312398947e+00
ENERGY -6.295454055050e+02

JOB 1
COORDS -2.2770669089e+00 -4.6910643387e-01  1.1039934691e+00 -3.0944178721e+00 -8.4155274072e-01  2.1390449287e+00 -8.3403622286e-01 -6.0008305355e-01  1.2891643292e+00 -2.5079519613e+00 -1.7210806859e+00  3.1346312176e+00 -1.8655656850e-01  1.0609450853e+00 -6.4822978013e-01  4.1581352455e-01 -2.8574384289e-01 -9.6536426989e-01  1.9945203941e-01  1.3561970000e-01  4.9012421554e-01 -3.7297629845e-01 -1.2194216327e+00 -3.1754472314e+00 -2.7424396310e+00 -3.3983226628e+00  4.7862795297e+00 -3.8969567461e-01 -1.3726581084e+00 -1.6487704989e+00 -4.5820972921e-01 -1.0910014322e+00  2.4551779547e+00 -1.2665453135e+00 -2.0949775355e+00  2.9469953151e+00  1.4138591769e+00  5.0026416225e-01  1.1891165045e+00 -3.3448094206e+00 -2.3862596007e+00  3.9564377110e+00 -2.6904089843e+00  4.0420160093e-02  2.4028500304e-01 -4.1543665560e+00 -6.0819953669e-01  2.1615001773e+00  4.3171875125e-01  1.9446511407e+00 -7.6779676438e-01 -1.2400884839e+00  1.2082102677e+00 -8.6756211278e-01  1.4684335714e+00 -2.6210063137e-01 -1.2383993614e+00 -7.9809912925e-01 -2.5559012102e-01 -3.4766032551e+00 -9.5178618281e-01 -2.0126436228e+00 -3.6607131003e+00  6.5028049100e-01 -1.2656304589e+00 -3.5646201214e+00 -3.5339965666e+00 -3.7225211872e+00  5.4623925563e+00 -1.8954459103e+00 -2.9864288450e+00  5.3405613477e+00 -2.3936479955e+00 -4.2358118864e+00  4.1760913050e+00  1.6934085102e-02 -2.3528348708e+00 -1.3695808961e+00 -1.4265445488e+00 -1.3644334346e+00 -1.2961705546e+00  1.7524378309e+00 -3.2361142964e-01  1.6877146742e+00  1.1794359279e+00  1.1733244166e+00  1.9200447875e+00
ENERGY -6.295753299510e+02

JOB 2
COORDS -2.2731139614e+00 -3.9032556003e-01  1.1234353333e+00 -3.1072741462e+00 -8.5220068687e-01  2.1121143472e+00 -8.5321843020e-01 -5.4620163058e-01  1.3005727051e+00 -2.5257442611e+00 -1.7318963267e+00  3.0820671294e+00 -1.8676322861e-01  1.0781972427e+00 -6.6188251365e-01  4.0534977434e-01 -2.7902583405e-01 -9.5995081097e-01  1.9064443335e-01  1.6481811880e-01  4.8705852488e-01 -4.0179915893e-01 -1.2328553577e+00 -3.1557645560e+00 -2.7582565884e+00 -3.3784327194e+00  4.7710630472e+00 -4.1304340949e-01 -1.3659650162e+00 -1.6271553360e+00 -4.3310520791e-01 -1.1467566750e+00  2.4046534328e+00 -1.2573300213e+00 -2.0662842998e+00  2.9761380798e+00  1.4095872485e+00  5.2958316270e-01  1.1806489482e+00 -3.3625444572e+00 -2.3994122624e+00  3.9044237138e+00 -2.6762662291e+00  1.7026084469e-01  2.8699583389e-01 -4.1721036307e+00 -6.4117899049e-01  2.1290968569e+00  4.3838558536e-01  1.9553993034e+00 -7.9297969117e-01 -1.2377920467e+00  1.2302876567e+00 -8.9008988671e-01  1.4575732687e+00 -2.6882773159e-01 -1.2351909913e+00 -8.1818759614e-01 -2.6857464108e-01 -3.4675888261e+00 -9.9111650773e-01 -2.0261713523e+00 -3.6281262291e+00  6.1907800704e-01 -1.2948054013e+00 -3.5489724819e+00 -3.5687397809e+00 -3.7331999041e+00  5.4083622679e+00 -1.9613359710e+00 -2.9262370416e+00  5.3668298114e+00 -2.3404440567e+00 -4.2031867507e+00  4.1877416628e+00 -1.5274492724e-02 -2.3465953172e+00 -1.3367825666e+00 -1.4482683573e+00 -1.3423130792e+00 -1.2698474537e+00  1.7399800149e+00 -2.9034510966e-01  1.6908226524e+00  1.1836089389e+00  1.2190124022e+00  1.8988397091e+00
ENERGY -6.295968263213e+02

JOB 3
COORDS -2.1897954149e+00 -2.3373064269e-01  1.1930200586e+00 -3.0096963064e+00 -7.7217062808e-01  2.1557062681e+00 -7.8616503912e-01 -4.4213661817e-01  1.3075782819e+00 -2.4063862498e+00 -1.6810516133e+00  3.0620023433e+00 -1.4438258966e-01  1.1179856733e+00 -7.1518373518e-01  4.4769795223e-01 -2.4856885023e-01 -9.7545697773e-01  2.4959558231e-01  2.4214440249e-01  4.5594865348e-01 -4.0075293608e-01 -1.2792201057e+00 -3.1218453783e+00 -2.5979379620e+00 -3.3189484884e+00  4.7719745262e+00 -3.8548748844e-01 -1.3551491501e+00 -1.5894526379e+00 -3.0169189481e-01 -1.1559028259e+00  2.3229263384e+00 -1.1221244561e+00 -1.9945985631e+00  2.9895274432e+00  1.4774575730e+00  6.3183284935e-01  1.1222340533e+00 -3.2209109844e+00 -2.3497136537e+00  3.9087573632e+00 -2.5992841998e+00  3.9817647567e-01  4.1230982571e-01 -4.0755451433e+00 -5.7229105042e-01  2.2055806070e+00  4.7674394261e-01  1.9918461190e+00 -8.8249591251e-01 -1.1973304118e+00  1.2585155376e+00 -9.4245858574e-01  1.4948721622e+00 -2.4823152449e-01 -1.2694635867e+00 -8.1723319275e-01 -3.2460953774e-01 -3.4621258336e+00 -1.0027965511e+00 -2.0858586501e+00 -3.5539473950e+00  6.1257944229e-01 -1.3621038729e+00 -3.5304501184e+00 -3.4025861866e+00 -3.6916108997e+00  5.4065857819e+00 -1.8121677162e+00 -2.8535132493e+00  5.3724167431e+00 -2.1617977210e+00 -4.1334234205e+00  4.1876948361e+00  1.2062851622e-02 -2.3265401738e+00 -1.2691001663e+00 -1.4141912117e+00 -1.3109686600e+00 -1.2144611002e+00  1.8231899600e+00 -1.7567323544e-01  1.6416759512e+00  1.2603121748e+00  1.3379835568e+00  1.8266763600e+00
ENERGY -6.296110107786e+02

JOB 4
COORDS -2.2139900227e+00 -8.5528810821e-02  1.3422568223e+00 -3.0450261606e+00 -7.0514841470e-01  2.2481749396e+00 -8.3933938872e-01 -4.2285319757e-01  1.3464390281e+00 -2.4679793177e+00 -1.7199208831e+00  3.0426490607e+00 -1.9661036751e-01  1.0766996761e+00 -7.1418272175e-01  4.2741638773e-01 -2.8741960638e-01 -9.1839937187e-01  2.0089302608e-01  2.4651333392e-01  4.8756761546e-01 -3.8856242025e-01 -1.4234188574e+00 -3.0257351867e+00 -2.6900760535e+00 -3.4529931579e+00  4.6551367555e+00 -3.8546416969e-01 -1.4301108329e+00 -1.4916633623e+00 -3.5749347818e-01 -1.3191235009e+00  2.2099931408e+00 -1.1903642078e+00 -2.0684132735e+00  2.9474353343e+00  1.4108298621e+00  6.7901730632e-01  1.1639464213e+00 -3.2872565668e+00 -2.4001329747e+00  3.8754882337e+00 -2.5956061138e+00  6.7589858564e-01  6.7001904393e-01 -4.0982237489e+00 -4.6215606398e-01  2.3505086234e+00  4.0781797395e-01  1.9570900575e+00 -9.0633505952e-01 -1.2491656096e+00  1.1822155442e+00 -9.6236060178e-01  1.4759474439e+00 -2.7764277349e-01 -1.2075735654e+00 -8.1131326916e-01 -4.8932006798e-01 -3.4122372536e+00 -9.7917994162e-01 -2.2546311385e+00 -3.4259205502e+00  6.2890271558e-01 -1.5146901633e+00 -3.4222505044e+00 -3.5011115688e+00 -3.8434333575e+00  5.2706195928e+00 -1.8827006463e+00 -3.0623524269e+00  5.2796891832e+00 -2.2889266908e+00 -4.2355557057e+00  4.0058851621e+00  1.9289480710e-02 -2.3811061120e+00 -1.1230286632e+00 -1.4175780578e+00 -1.3780625558e+00 -1.1256535585e+00  1.7806428712e+00 -1.1648378316e-01  1.6853933785e+00  1.1701414108e+00  1.3858432966e+00  1.8597534269e+00
ENERGY -6.296190268525e+02

JOB 5
COORDS -2.2460551221e+00  1.1528209624e-02  1.3821350332e+00 -3.1216859039e+00 -6.6307481989e-01  2.2031215508e+00 -8.9851876399e-01 -4.1007189538e-01  1.3450294080e+00 -2.5878524676e+00 -1.7344950969e+00  2.9481732095e+00 -2.0411618956e-01  1.0656510012e+00 -7.1169463149e-01  4.2371558359e-01 -3.0158744465e-01 -8.8845376707e-01  1.6583482574e-01  2.4352933872e-01  5.0464951015e-01 -3.4455336728e-01 -1.4639612290e+00 -2.9997877248e+00 -2.8796315050e+00 -3.5040512270e+00  4.5108283425e+00 -3.7915793093e-01 -1.4489665687e+00 -1.4662841050e+00 -4.6644151856e-01 -1.4272142146e+00  2.0953755027e+00 -1.3081841010e+00 -2.0917131314e+00  2.8980918590e+00  1.3595954163e+00  6.8014795170e-01  1.2088903479e+00 -3.4364345108e+00 -2.4150925685e+00  3.7512648567e+00 -2.5775855520e+00  8.5424850456e-01  7.8394512532e-01 -4.1715760005e+00 -4.0256075311e-01  2.2960054357e+00  4.0449152024e-01  1.9440078205e+00 -8.9983509448e-01 -1.2515738323e+00  1.1664027620e+00 -9.8299630389e-01  1.4778858758e+00 -2.9495360147e-01 -1.1565817851e+00 -7.5360692627e-01 -5.3377488918e-01 -3.4098334308e+00 -9.2890125579e-01 -2.2983688005e+00 -3.4025565877e+00  6.8185052746e-01 -1.5651859447e+00 -3.3700744634e+00 -3.7164347294e+00 -3.9056771526e+00  5.0831295576e+00 -2.0907861628e+00 -3.1477695214e+00  5.1781667017e+00 -2.4645732532e+00 -4.2668820251e+00  3.8470799547e+00  1.1518694356e-02 -2.3959052743e+00 -1.0731887269e+00 -1.4194823027e+00 -1.3859976824e+00 -1.1259650854e+00  1.7287820794e+00 -1.1754042932e-01  1.7274828035e+00  1.1029141085e+00  1.3803541261e+00  1.9055595163e+00
ENERGY -6.296216346925e+02

JOB 6
COORDS -2.2293384222e+00  3.4534153503e-02  1.3775888973e+00 -3.1232461676e+00 -6.8991016616e-01  2.1343493012e+00 -8.7901499199e-01 -3.8509884706e-01  1.3466576876e+00 -2.5865439748e+00 -1.7392589922e+00  2.9123987018e+00 -1.8486023319e-01  1.0779260079e+00 -7.2022682610e-01  4.2635438251e-01 -2.9633891061e-01 -8.9848208025e-01  1.8443614294e-01  2.5386301336e-01  4.9556685337e-01 -3.5985783132e-01 -1.4584192342e+00 -3.0028561134e+00 -2.8712316070e+00 -3.4643487263e+00  4.5237083298e+00 -3.9189175783e-01 -1.4362801520e+00 -1.4693526584e+00 -4.7016138279e-01 -1.4400573711e+00  2.0545861288e+00 -1.2883905344e+00 -2.0187305400e+00  2.9463780545e+00  1.3886130238e+00  6.8085069997e-01  1.1888848992e+00 -3.4381064442e+00 -2.4180859443e+00  3.7128730717e+00 -2.5542326516e+00  8.9441658506e-01  8.0049970624e-01 -4.1848212544e+00 -4.6609964137e-01  2.1770039273e+00  4.3253036251e-01  1.9488826746e+00 -9.1404358419e-01 -1.2330360661e+00  1.1900474057e+00 -9.8382583008e-01  1.4789703584e+00 -3.0166724224e-01 -1.1726535080e+00 -7.5784419941e-01 -5.2497889437e-01 -3.4164070695e+00 -9.5535872488e-01 -2.2871522070e+00 -3.4009716225e+00  6.6455590481e-01 -1.5742614810e+00 -3.3743656456e+00 -3.7185281773e+00 -3.9024460592e+00  5.0520959592e+00 -2.1458785271e+00 -3.0553422507e+00  5.2317436839e+00 -2.3747670832e+00 -4.2118076694e+00  3.8997689139e+00 -1.2181850557e-02 -2.3861287092e+00 -1.0725854027e+00 -1.4306411558e+00 -1.3585493015e+00 -1.1277043914e+00  1.7527888542e+00 -1.1833175897e-01  1.7086524481e+00  1.1454007039e+00  1.3876683782e+00  1.8837089454e+00
ENERGY -6.296190420858e+02

JOB 7
COORDS -2.2177511756e+00  6.2680290980e-04  1.3623554666e+00 -3.1163498227e+00 -7.8195307316e-01  2.0525913987e+00 -8.4969665022e-01 -3.8304992680e-01  1.3664565519e+00 -2.5691050173e+00 -1.7862565753e+00  2.8922073802e+00 -1.5610877146e-01  1.0806574072e+00 -7.0268383463e-01  4.2955698304e-01 -3.0191414460e-01 -8.9595332720e-01  2.1151019404e-01  2.4333301956e-01  5.0523152828e-01 -3.8938423839e-01 -1.4375733615e+00 -3.0015591203e+00 -2.8353075558e+00 -3.4255960251e+00  4.5900736503e+00 -4.1104761927e-01 -1.4249942113e+00 -1.4676986146e+00 -4.6165325104e-01 -1.4532565710e+00  2.0578826615e+00 -1.2599544978e+00 -1.9411888718e+00  3.0274227376e+00  1.4307412303e+00  6.4753729467e-01  1.1860858582e+00 -3.4209388178e+00 -2.4659426181e+00  3.6897188701e+00 -2.5523465117e+00  8.5855804534e-01  7.8807844125e-01 -4.1892892933e+00 -6.1798887934e-01  2.0240943645e+00  4.7480657845e-01  1.9418959751e+00 -8.9628337393e-01 -1.2044888145e+00  1.2136504577e+00 -9.5465824060e-01  1.4797664780e+00 -3.2272077158e-01 -1.1784304412e+00 -7.7506395619e-01 -4.9516117061e-01 -3.4063231003e+00 -1.0008511403e+00 -2.2539726947e+00 -3.4009313809e+00  6.3049719210e-01 -1.5674104740e+00 -3.3807953545e+00 -3.6818937559e+00 -3.9025237444e+00  5.0848422423e+00 -2.1938012405e+00 -2.9275746867e+00  5.3216196098e+00 -2.2417696190e+00 -4.1597619337e+00  4.0395338419e+00 -4.3499604714e-02 -2.3833455276e+00 -1.0799137615e+00 -1.4459989578e+00 -1.3331363367e+00 -1.1188485829e+00  1.7842179309e+00 -1.5831636542e-01  1.7028599810e+00  1.2075867650e+00  1.3585244399e+00  1.8834074562e+00
ENERGY -6.296109115941e+02

JOB 8
COORDS -2.2620682690e+00 -1.0987576614e-01  1.2830536322e+00 -3.1569914340e+00 -9.3817984769e-01  1.9206745307e+00 -8.6298317149e-01 -3.9777000303e-01  1.4137853136e+00 -2.6201131549e+00 -1.8214343091e+00  2.9112776016e+00 -1.1714106371e-01  1.0602650112e+00 -6.4432700487e-01  4.0166249986e-01 -3.4238212724e-01 -8.6731685763e-01  2.1734081861e-01  1.8674043592e-01  5.4882900240e-01 -4.6486063224e-01 -1.3933003708e+00 -2.9962128579e+00 -2.9198177887e+00 -3.2413783091e+00  4.7859742576e+00 -4.8495241598e-01 -1.4167546325e+00 -1.4622525302e+00 -5.0851069755e-01 -1.4249527978e+00  2.1748145922e+00 -1.3331317401e+00 -1.7729030195e+00  3.1966366372e+00  1.4613506285e+00  5.2421696460e-01  1.2205953759e+00 -3.4910407118e+00 -2.4696860331e+00  3.7115319971e+00 -2.6121591855e+00  6.9069305600e-01  6.3987604917e-01 -4.2299189825e+00 -8.7741414757e-01  1.7655936590e+00  5.5393078838e-01  1.8940778374e+00 -8.2222969064e-01 -1.1583032623e+00  1.2513824078e+00 -8.8701898942e-01  1.4501803892e+00 -4.0496042824e-01 -1.1497448907e+00 -8.1439995768e-01 -4.2726950283e-01 -3.3773717720e+00 -1.1077410434e+00 -2.1757010791e+00 -3.4138428817e+00  5.4888123120e-01 -1.5529714642e+00 -3.3803959516e+00 -3.7632882452e+00 -3.7591842183e+00  5.2434249344e+00 -2.4321089793e+00 -2.5865707765e+00  5.5127403608e+00 -2.1855463102e+00 -3.9532660938e+00  4.4008806469e+00 -1.5443308052e-01 -2.3982813543e+00 -1.0994672107e+00 -1.5150861922e+00 -1.2938460191e+00 -1.1103935062e+00  1.7708925075e+00 -2.9903875679e-01  1.7379821883e+00  1.2782914019e+00  1.2439537751e+00  1.9207238163e+00
ENERGY -6.295963908840e+02

JOB 9
COORDS -2.2227004582e+00 -2.8450921793e-01  1.2456155650e+00 -3.0608753918e+00 -1.2008108323e+00  1.8313785660e+00 -7.9157285713e-01 -4.4177242085e-01  1.4573820738e+00 -2.5086788330e+00 -1.9667839465e+00  2.9332296034e+00 -5.9824388022e-02  1.0803323334e+00 -5.5595420779e-01  4.2098835904e-01 -3.1800997053e-01 -8.6304456085e-01  2.8274467363e-01  1.4092387532e-01  5.8579597321e-01 -4.7555266460e-01 -1.2492100043e+00 -3.0325134096e+00 -2.8064977394e+00 -3.1961977422e+00  4.9328173939e+00 -4.8892663161e-01 -1.3468158709e+00 -1.5012016231e+00 -4.4158412548e-01 -1.4495971591e+00  2.2370889629e+00 -1.2802726814e+00 -1.6861597124e+00  3.3026890885e+00  1.5519388874e+00  4.1624709455e-01  1.2369988526e+00 -3.3689736409e+00 -2.6235636066e+00  3.7356904158e+00 -2.6154660399e+00  4.6060655399e-01  5.6192433636e-01 -4.1189797007e+00 -1.2621080487e+00  1.5961423394e+00  6.2551501561e-01  1.9079679010e+00 -7.0637566209e-01 -1.1024425088e+00  1.3088682049e+00 -7.5588595355e-01  1.4637691333e+00 -3.8448236104e-01 -1.1651037217e+00 -8.1041617626e-01 -2.6007582505e-01 -3.3643552297e+00 -1.1338168551e+00 -1.9994650429e+00 -3.4837616567e+00  5.3339377682e-01 -1.4071288563e+00 -3.4297775232e+00 -3.6103994703e+00 -3.7878962157e+00  5.3713961298e+00 -2.4909945454e+00 -2.4085873325e+00  5.6221274400e+00 -1.9442829867e+00 -3.8221765526e+00  4.6901511132e+00 -1.7252741932e-01 -2.3502392390e+00 -1.1889917133e+00 -1.5149406248e+00 -1.2256929379e+00 -1.1390576365e+00  1.8454258222e+00 -4.3243758522e-01  1.7214514074e+00  1.4057323224e+00  1.1150442935e+00  1.9664735697e+00
ENERGY -6.295742573609e+02

JOB 10
COORDS -2.2268490658e+00 -4.7356401811e-01  1.2061956987e+00 -3.0075809072e+00 -1.4508288144e+00  1.7672478649e+00 -7.6607231079e-01 -5.0004397457e-01  1.5003525763e+00 -2.4715508910e+00 -2.1091297155e+00  2.9853661348e+00 -3.3417082632e-02  1.0632873011e+00 -4.6801013567e-01  4.1423811773e-01 -3.2499390980e-01 -8.5149238073e-01  3.0944240368e-01  6.2582581758e-02  6.2364927712e-01 -4.9501748197e-01 -1.1271064699e+00 -3.0641107600e+00 -2.8392821719e+00 -3.0720136618e+00  5.1073025705e+00 -5.0618680784e-01 -1.3106440971e+00 -1.5404484835e+00 -4.6000007438e-01 -1.4887869903e+00  2.3059208581e+00 -1.3420673331e+00 -1.5959255185e+00  3.3854959393e+00  1.5967415243e+00  2.7406990176e-01  1.2618495389e+00 -3.3391663595e+00 -2.7389914160e+00  3.7959080999e+00 -2.6487379546e+00  2.0298205177e-01  4.7024805352e-01 -4.0368043347e+00 -1.6154928610e+00  1.4630281653e+00  6.6434612307e-01  1.8853796829e+00 -5.8940781167e-01 -1.0764593301e+00  1.3212195871e+00 -6.2625724719e-01  1.4543029288e+00 -3.9024032698e-01 -1.1631315562e+00 -8.2694808465e-01 -1.1977404475e-01 -3.3392212384e+00 -1.1569944196e+00 -1.8485357602e+00 -3.5551230858e+00  5.1252292831e-01 -1.2661156201e+00 -3.4719222307e+00 -3.5991557485e+00 -3.7160800900e+00  5.5501676709e+00 -2.7097991198e+00 -2.1656273149e+00  5.7048430313e+00 -1.8790650020e+00 -3.5877033325e+00  5.0301371865e+00 -1.9349605229e-01 -2.3314736303e+00 -1.2865273325e+00 -1.5301674485e+00 -1.2069483913e+00 -1.1703125154e+00  1.8778970565e+00 -6.0337154422e-01  1.7001346296e+00  1.4797737388e+00  9.3679344410e-01  2.0292994806e+00
ENERGY -6.295433893449e+02

