JOB 0
COORDS -3.0281102844e+00  2.7496314479e+00  7.1936741424e+00 -2.6832045452e+00  2.0093134550e+00  8.3258470230e+00 -2.7997503827e+00  2.2058724632e+00  5.9294649129e+00 -2.9558911794e+00  8.1635205342e-01  7.6751093177e-01 -2.1180742466e+00  7.4247153051e-01  8.1367240929e+00 -3.4242961050e+00  1.1180224427e+00 -4.6435798289e-01 -2.2240470921e+00  9.2380118602e-01  5.8366107532e+00 -2.9601913103e+00  1.8418717853e+00  1.7914554016e+00 -3.9436425349e+00  3.4257280343e+00  1.4263855703e-01 -1.9162355482e+00  2.0428916126e-01  4.5822435137e+00 -1.8913115204e+00  2.0637074339e-01  6.9362349959e+00 -2.5711422816e+00  1.7558962820e+00  3.0331373174e+00 -2.0553262455e+00  5.0475387027e-01  3.3335006811e+00 -3.9110198575e+00  2.3747508913e+00 -7.7101482553e-01 -3.4528294598e+00  3.0861562127e+00  1.3886200882e+00 -4.3669098937e+00  4.5375175280e+00 -1.4081247265e-01 -3.4704805422e+00  3.7379301356e+00  7.2921604596e+00 -2.8448635247e+00  2.3943221972e+00  9.3287856313e+00 -3.0477705073e+00  2.7401614646e+00  5.0235361040e+00 -2.5741288511e+00 -1.6302826026e-01  1.0158370007e+00 -1.8355735287e+00  1.3244822625e-01  8.9940787618e+00 -3.4457774481e+00  3.9730865350e-01 -1.2753606059e+00 -1.4831599614e+00 -7.7877199023e-01  4.7623391281e+00 -4.2640453409e+00  2.5965628859e+00 -1.6931421247e+00 -3.4579713568e+00  3.8294683373e+00  2.0797435623e+00
ENERGY -7.355737203642e+02

JOB 1
COORDS -3.1285090391e+00  2.7181719093e+00  7.0815571176e+00 -2.8809907700e+00  1.9581972605e+00  8.2259872584e+00 -2.7575787574e+00  2.2122982629e+00  5.8354545092e+00 -3.0067039702e+00  8.0054389996e-01  8.7093159420e-01 -2.2638611104e+00  7.1138663537e-01  8.0683992082e+00 -3.6451055319e+00  1.0524294015e+00 -2.9380171396e-01 -2.1373649872e+00  9.4949516057e-01  5.7747431103e+00 -2.7843178797e+00  1.8902931456e+00  1.8010178426e+00 -3.9161578028e+00  3.4284018979e+00  2.0324719929e-01 -1.6794604352e+00  2.7485213343e-01  4.5411926023e+00 -1.8986265146e+00  2.1306428770e-01  6.8858607749e+00 -2.2205531872e+00  1.8548201121e+00  2.9729340006e+00 -1.7112587308e+00  6.0796966542e-01  3.2942236595e+00 -4.1005838095e+00  2.3169438441e+00 -6.1690928218e-01 -3.2495221428e+00  3.1410079845e+00  1.3775876097e+00 -4.3099386925e+00  4.5462644049e+00 -9.9178826236e-02 -3.6060573853e+00  3.6920281601e+00  7.1561508071e+00 -3.1561328352e+00  2.3132341890e+00  9.2151537021e+00 -2.9268385484e+00  2.7648179828e+00  4.9219994908e+00 -2.6492407640e+00 -1.8559204098e-01  1.1299142069e+00 -2.0543602123e+00  8.7175150840e-02  8.9363832678e+00 -3.8366143985e+00  2.8294518702e-01 -1.0346029627e+00 -1.2262817178e+00 -6.9590494374e-01  4.7377682746e+00 -4.5843482618e+00  2.5008879911e+00 -1.4864651697e+00 -3.0895357840e+00  3.9300953530e+00  1.9954541920e+00
ENERGY -7.355726569524e+02

JOB 2
COORDS -3.2252668932e+00  2.6774764753e+00  6.9218272222e+00 -3.0772260067e+00  1.8970633711e+00  8.0695131152e+00 -2.7155205738e+00  2.2087566361e+00  5.7105366001e+00 -3.0390926011e+00  8.0786736347e-01  1.0353199537e+00 -2.4143389724e+00  6.6948347673e-01  7.9508248323e+00 -3.8299119303e+00  1.0224970834e+00 -3.9568887087e-02 -2.0581482959e+00  9.6398782600e-01  5.6886273148e+00 -2.6118271041e+00  1.9406269116e+00  1.8347777762e+00 -3.8737424549e+00  3.4424581669e+00  3.0065051741e-01 -1.4557348217e+00  3.3306436757e-01  4.4944057747e+00 -1.9152785790e+00  2.0820972980e-01  6.8026249803e+00 -1.8884998651e+00  1.9380087199e+00  2.9111655447e+00 -1.3828217355e+00  7.0002798841e-01  3.2599348299e+00 -4.2511883840e+00  2.2917464734e+00 -3.9028685626e-01 -3.0552344058e+00  3.1930167803e+00  1.3827790272e+00 -4.2396767523e+00  4.5613326591e+00 -3.2719443912e-02 -3.7329641706e+00  3.6377447735e+00  6.9664271477e+00 -3.4621831060e+00  2.2220930187e+00  9.0319644873e+00 -2.8052352973e+00  2.7815164191e+00  4.7979936990e+00 -2.7077267819e+00 -1.8247464077e-01  1.3137784382e+00 -2.2789253363e+00  3.0450461491e-02  8.8226842347e+00 -4.1771946661e+00  2.1921174585e-01 -6.8118335818e-01 -9.8583268416e-01 -6.2505538159e-01  4.7124440383e+00 -4.8501931825e+00  2.4496874514e+00 -1.1902875578e+00 -2.7489220153e+00  4.0108576908e+00  1.8996014559e+00
ENERGY -7.355712831346e+02

JOB 3
COORDS -3.2605617277e+00  2.6729513111e+00  6.7454071165e+00 -3.2669798919e+00  1.8408709862e+00  7.8659894382e+00 -2.6150788880e+00  2.2442692954e+00  5.5850295685e+00 -3.0369607234e+00  8.0416625854e-01  1.2397367619e+00 -2.6113594645e+00  6.0706507009e-01  7.7750651125e+00 -3.9627876146e+00  9.7623426525e-01  2.7055451837e-01 -1.9792639377e+00  9.8856674770e-01  5.5882469374e+00 -2.4595227162e+00  1.9714161144e+00  1.8816040368e+00 -3.8676833586e+00  3.4145797907e+00  4.1800025535e-01 -1.2388923945e+00  4.0248379707e-01  4.4489910782e+00 -1.9800186343e+00  1.8572743544e-01  6.6775309598e+00 -1.5951568921e+00  2.0105746382e+00  2.8426590367e+00 -1.0721827128e+00  7.9532978439e-01  3.2330179278e+00 -4.3826655776e+00  2.2348444244e+00 -1.1886460498e-01 -2.9164593471e+00  3.2087885623e+00  1.3944487024e+00 -4.2350192922e+00  4.5212127345e+00  4.6691281684e-02 -3.7529363476e+00  3.6417981684e+00  6.7712086198e+00 -3.7620342135e+00  2.1326252900e+00  8.7878856600e+00 -2.5843723551e+00  2.8595910761e+00  4.6963406267e+00 -2.7087352960e+00 -1.7934055428e-01  1.5455807352e+00 -2.5916091195e+00 -7.0003998368e-02  8.6282423322e+00 -4.4260912688e+00  1.4502648496e-01 -2.5090224039e-01 -7.4952866959e-01 -5.3864637895e-01  4.6961363616e+00 -5.0792370438e+00  2.3618318102e+00 -8.4150601012e-01 -2.5069505759e+00  4.0476717737e+00  1.7920315754e+00
ENERGY -7.355698924407e+02

JOB 4
COORDS -3.2780203642e+00  2.7013521372e+00  6.5369978387e+00 -3.4558783310e+00  1.8067392739e+00  7.5937187936e+00 -2.5101137997e+00  2.3118976392e+00  5.4391916477e+00 -3.0443205257e+00  8.1224159850e-01  1.4470767455e+00 -2.8362407802e+00  5.5432990671e-01  7.5085557154e+00 -4.0855580911e+00  9.4062228344e-01  5.9579210300e-01 -1.9266039836e+00  1.0315957108e+00  5.4426000947e+00 -2.3551396063e+00  2.0048904681e+00  1.9089189820e+00 -3.9049099492e+00  3.3783217673e+00  5.2139861054e-01 -1.0642884132e+00  4.8737424383e-01  4.3683778374e+00 -2.0855442039e+00  1.7098036681e-01  6.4735210446e+00 -1.3675194821e+00  2.0861803094e+00  2.7358732473e+00 -8.1663398319e-01  9.0298521940e-01  3.1750086600e+00 -4.5177907154e+00  2.1791724304e+00  1.5786567915e-01 -2.8420685270e+00  3.2173930019e+00  1.3836727293e+00 -4.2879907470e+00  4.4639659886e+00  1.0589773483e-01 -3.7319310937e+00  3.6887122311e+00  6.5638554726e+00 -4.0515460586e+00  2.0664210986e+00  8.4642324957e+00 -2.3462522047e+00  2.9783252859e+00  4.6030510117e+00 -2.7089130555e+00 -1.5714609110e-01  1.7882409739e+00 -2.9447595247e+00 -1.6974517881e-01  8.3151239532e+00 -4.6367982269e+00  8.8209141869e-02  2.1245430133e-01 -5.5702270303e-01 -4.3509472381e-01  4.6477165278e+00 -5.2976161980e+00  2.2736188124e+00 -4.7955148619e-01 -2.3599440867e+00  4.0694132625e+00  1.6499409687e+00
ENERGY -7.355685001087e+02

JOB 5
COORDS -2.6910448610e+00  2.6879558820e+00  6.8866784557e+00 -3.1766019152e+00  1.8681054891e+00  7.9075143685e+00 -2.1599304668e+00  2.0986658022e+00  5.7395725800e+00 -3.9106124989e+00  9.2645289869e-01  2.3226557464e+00 -3.0860564566e+00  4.8178545140e-01  7.7394821781e+00 -5.0709014174e+00  1.3963590479e+00  1.8150009070e+00 -2.1163403343e+00  6.9530919978e-01  5.6587516641e+00 -2.7664661003e+00  1.8172352898e+00  2.4221539544e+00 -4.1584146698e+00  3.6307236713e+00  1.4253281544e+00 -1.5479866306e+00 -6.5928633276e-02  4.5199446279e+00 -2.5623077405e+00 -9.8612469610e-02  6.6563072637e+00 -1.5906519586e+00  1.5649593625e+00  2.8892162344e+00 -1.3208582149e+00  2.7965307759e-01  3.3009769072e+00 -5.2017815823e+00  2.7058601135e+00  1.3900156483e+00 -2.9852861271e+00  3.1224084535e+00  1.9391842955e+00 -4.2893910483e+00  4.7831325720e+00  1.0341811922e+00 -2.7263352490e+00  3.7703750684e+00  6.9798561369e+00 -3.6059454131e+00  2.2842592006e+00  8.8144157600e+00 -1.7708380340e+00  2.7006302968e+00  4.9284836816e+00 -3.8170031344e+00 -9.8493590418e-02  2.6526443067e+00 -3.4429962103e+00 -1.9186699513e-01  8.5174458967e+00 -5.9573040311e+00  7.7880306550e-01  1.7136810086e+00 -1.2921380001e+00 -1.0963742662e+00  4.7634016150e+00 -6.0729422106e+00  3.0573479996e+00  1.0147969595e+00 -2.2003921298e+00  3.7648620823e+00  1.9599436611e+00
ENERGY -7.355671759513e+02

JOB 6
COORDS -2.7335958325e+00  2.6982290625e+00  6.7163544430e+00 -3.3939586943e+00  1.8875881912e+00  7.6431834486e+00 -2.0873016314e+00  2.1002182985e+00  5.6356611219e+00 -3.8540827110e+00  8.9526137542e-01  2.5663737858e+00 -3.3546399326e+00  5.0207994551e-01  7.4550699629e+00 -5.0651262696e+00  1.3586190475e+00  2.1878864588e+00 -2.1093753739e+00  6.9898555296e-01  5.5269832116e+00 -2.6974009706e+00  1.7705175985e+00  2.4699642853e+00 -4.1899595893e+00  3.5520918585e+00  1.5618278002e+00 -1.4248530137e+00 -6.1644880397e-02  4.4508739816e+00 -2.7216714837e+00 -8.7752420170e-02  6.4356348268e+00 -1.4656321443e+00  1.5248546426e+00  2.7707004176e+00 -1.1306795522e+00  2.7822931052e-01  3.2444118140e+00 -5.2385301751e+00  2.6453630225e+00  1.7124932381e+00 -2.9672879646e+00  3.0537234643e+00  1.9562277508e+00 -4.3568795451e+00  4.6826150100e+00  1.1235779597e+00 -2.7229455350e+00  3.7790015801e+00  6.8319112415e+00 -3.9168952169e+00  2.3108392023e+00  8.4960182257e+00 -1.5636209189e+00  2.6939189158e+00  4.8960551171e+00 -3.7357388122e+00 -1.1327521514e-01  2.9355446845e+00 -3.8456498002e+00 -1.6448734972e-01  8.1628385801e+00 -5.9628410780e+00  7.5120054891e-01  2.2368246001e+00 -1.1314838296e+00 -1.0722316630e+00  4.7326302107e+00 -6.1465872458e+00  2.9884932956e+00  1.4279795191e+00 -2.1787372469e+00  3.6815749015e+00  1.8402836920e+00
ENERGY -7.355655776875e+02

JOB 7
COORDS -2.7278725372e+00  2.7185115094e+00  6.5794441710e+00 -3.5361714366e+00  1.9250963961e+00  7.3992389972e+00 -1.9932225524e+00  2.1079992022e+00  5.5653182082e+00 -3.7781468200e+00  8.9094547953e-01  2.7519883782e+00 -3.5513668058e+00  5.4526984289e-01  7.1755282511e+00 -5.0165213536e+00  1.3628136340e+00  2.4908278493e+00 -2.0826967096e+00  7.1422560953e-01  5.4120316578e+00 -2.6267174698e+00  1.7455916661e+00  2.5119100882e+00 -4.1869971903e+00  3.5256837426e+00  1.7198169803e+00 -1.3104726549e+00 -4.3481385155e-02  4.3915718835e+00 -2.8380020295e+00 -5.7545413219e-02  6.2167559792e+00 -1.3659390964e+00  1.4897244239e+00  2.6559164544e+00 -9.5941130380e-01  2.9689285267e-01  3.1992845980e+00 -5.2248606847e+00  2.6404463205e+00  2.0061025922e+00 -2.9354097015e+00  3.0154254734e+00  1.9911159412e+00 -4.3839852375e+00  4.6493130725e+00  1.2767039814e+00 -2.6721127361e+00  3.7939205670e+00  6.7274482449e+00 -4.1313377307e+00  2.3579825202e+00  8.1981746643e+00 -1.3568154710e+00  2.6864175029e+00  4.9048286613e+00 -3.6401346010e+00 -1.1217404349e-01  3.1278682898e+00 -4.1574524786e+00 -1.0808304668e-01  7.8016713614e+00 -5.9102990453e+00  7.6817209566e-01  2.6478671636e+00 -9.7156062263e-01 -1.0280805644e+00  4.7121562700e+00 -6.1541863428e+00  2.9909505834e+00  1.8141925815e+00 -2.1546220734e+00  3.6290208249e+00  1.7819497459e+00
ENERGY -7.355629514461e+02

JOB 8
COORDS -2.7758170964e+00  2.7069804146e+00  6.5196233743e+00 -3.6388497211e+00  1.9127168307e+00  7.2817950948e+00 -1.9870075871e+00  2.0995137447e+00  5.5459944024e+00 -3.7282599019e+00  9.0656890816e-01  2.8729715099e+00 -3.6532905605e+00  5.3607765704e-01  7.0420776040e+00 -4.9675286616e+00  1.4016212039e+00  2.6625349473e+00 -2.0823677096e+00  7.0867688686e-01  5.3701987182e+00 -2.5711748509e+00  1.7202252786e+00  2.5388408546e+00 -4.1304740339e+00  3.5092181833e+00  1.7618578231e+00 -1.2432647947e+00 -3.3241407396e-02  4.3902307137e+00 -2.8917515136e+00 -6.3868639117e-02  6.1181293386e+00 -1.3063734405e+00  1.4279706107e+00  2.5766899750e+00 -8.3629737529e-01  3.1520057873e-01  3.2156181961e+00 -5.1718008939e+00  2.6674225306e+00  2.1472766487e+00 -2.8789454628e+00  2.9730381861e+00  1.9833848141e+00 -4.3215499873e+00  4.6191581497e+00  1.2838299249e+00 -2.7189670845e+00  3.7801807451e+00  6.6826087481e+00 -4.2757202159e+00  2.3429090458e+00  8.0493747430e+00 -1.3057929303e+00  2.6782084912e+00  4.9310329288e+00 -3.5986633608e+00 -9.0266071688e-02  3.2671523669e+00 -4.3004295334e+00 -1.1814338570e-01  7.6247608962e+00 -5.8647688354e+00  8.3408686566e-01  2.8858607165e+00 -8.4733539922e-01 -9.8177900450e-01  4.7523366539e+00 -6.1018533127e+00  3.0355090413e+00  1.9954235983e+00 -2.0941948145e+00  3.5541879880e+00  1.7060484545e+00
ENERGY -7.355583619020e+02

JOB 9
COORDS -2.8370747036e+00  2.6854892738e+00  6.4834597962e+00 -3.6910010516e+00  1.8717595095e+00  7.2359594118e+00 -2.0205599040e+00  2.0945516194e+00  5.5232557704e+00 -3.7334886014e+00  9.4814624900e-01  2.9588816301e+00 -3.6686047397e+00  4.9504971202e-01  6.9985882847e+00 -4.9674372404e+00  1.4708231528e+00  2.7831104249e+00 -2.0810098138e+00  7.0133631912e-01  5.3466696032e+00 -2.5712063857e+00  1.7076088933e+00  2.5318904232e+00 -4.1136443427e+00  3.5040904833e+00  1.7406227742e+00 -1.1962571715e+00 -8.9449264521e-03  4.3831020263e+00 -2.8818760820e+00 -8.8766861042e-02  6.0848109857e+00 -1.3153302505e+00  1.3629642502e+00  2.4828091926e+00 -7.7055254964e-01  3.5466045199e-01  3.2163432270e+00 -5.1584820839e+00  2.7185806177e+00  2.2229013120e+00 -2.8690908587e+00  2.9362126688e+00  1.9257365386e+00 -4.2935268985e+00  4.5948593612e+00  1.2174551994e+00 -2.8073014010e+00  3.7599911248e+00  6.6453796671e+00 -4.3476016471e+00  2.2875365372e+00  7.9947788121e+00 -1.3422813202e+00  2.6881289931e+00  4.9186261983e+00 -3.6164988562e+00 -3.8434120166e-02  3.3810430154e+00 -4.3066251346e+00 -1.7374793163e-01  7.5748238314e+00 -5.8689505858e+00  9.3972111819e-01  3.0698411694e+00 -7.2331519957e-01 -9.0728779982e-01  4.7801529108e+00 -6.0836596200e+00  3.1094577005e+00  2.0998240235e+00 -2.0798055253e+00  3.4748140037e+00  1.5819096544e+00
ENERGY -7.355515747284e+02

JOB 10
COORDS -2.9069065398e+00  2.6252782613e+00  6.5023687389e+00 -3.7271103288e+00  1.7750963393e+00  7.2521534865e+00 -2.0609360794e+00  2.0704883226e+00  5.5464026849e+00 -3.7400735563e+00  1.0305534416e+00  3.0514014658e+00 -3.6419742530e+00  4.0061666732e-01  7.0158244129e+00 -4.9581145651e+00  1.5928405500e+00  2.8797580015e+00 -2.0585004235e+00  6.7555114715e-01  5.3694109888e+00 -2.5645648837e+00  1.6997443352e+00  2.5244632135e+00 -4.0609828916e+00  3.4986846680e+00  1.6517343042e+00 -1.1280579791e+00  1.7040969372e-02  4.4120589851e+00 -2.8261517714e+00 -1.4864194014e-01  6.1056523766e+00 -1.3286446214e+00  1.2854249947e+00  2.4239573299e+00 -7.0980500248e-01  3.9893109379e-01  3.2453062144e+00 -5.1175227739e+00  2.8033231944e+00  2.2371122383e+00 -2.8359857845e+00  2.8869635632e+00  1.8340123571e+00 -4.2146717634e+00  4.5525671567e+00  1.0513811715e+00 -2.9250150955e+00  3.7001506150e+00  6.6638355039e+00 -4.4044097467e+00  2.1615023877e+00  8.0083080604e+00 -1.4049534494e+00  2.6932703183e+00  4.9459538600e+00 -3.6511574384e+00  6.7807648186e-02  3.5306511573e+00 -4.2517767312e+00 -2.9562850583e-01  7.5901968383e+00 -5.8695810708e+00  1.1228700461e+00  3.2339918087e+00 -5.6898808156e-01 -8.1762349277e-01  4.8367196449e+00 -6.0298472963e+00  3.2243860752e+00  2.1160643598e+00 -2.0367187479e+00  3.3556206973e+00  1.4172204455e+00
ENERGY -7.355429779660e+02

JOB 11
COORDS -2.9922805440e+00  2.5227700793e+00  6.5859507253e+00 -3.7293982575e+00  1.6131831363e+00  7.3512530338e+00 -2.1309955940e+00  2.0338190423e+00  5.6073582812e+00 -3.7708918325e+00  1.2083960608e+00  3.1490610989e+00 -3.5489226222e+00  2.4848044209e-01  7.1083898146e+00 -4.9619779219e+00  1.8146217488e+00  2.9316709738e+00 -2.0266458646e+00  6.4312411001e-01  5.4285001933e+00 -2.5798090716e+00  1.7139000148e+00  2.4912834486e+00 -4.0057928608e+00  3.4599477690e+00  1.4093828397e+00 -1.0564139253e+00  6.6583243151e-02  4.4590031920e+00 -2.7131436485e+00 -2.3721948617e-01  6.1805820972e+00 -1.3750354382e+00  1.2115986100e+00  2.3814537094e+00 -6.8267226469e-01  4.6065844559e-01  3.2804524063e+00 -5.0769283379e+00  2.9264456795e+00  2.1267539809e+00 -2.8133155105e+00  2.8051731939e+00  1.6441716645e+00 -4.1248566675e+00  4.4201087566e+00  6.6251361474e-01 -3.0860849393e+00  3.5930431521e+00  6.7516860252e+00 -4.4150260845e+00  1.9468530608e+00  8.1248350183e+00 -1.5363984324e+00  2.7043014949e+00  4.9940709843e+00 -3.7276045254e+00  3.1132332946e-01  3.7457981392e+00 -4.0934957378e+00 -4.9171251565e-01  7.6933108638e+00 -5.8849015144e+00  1.4539547985e+00  3.3739487841e+00 -3.9943764028e-01 -6.8654943163e-01  4.8979664089e+00 -5.9687243630e+00  3.3787097422e+00  1.9691791188e+00 -2.0034497335e+00  3.1489872791e+00  1.1352427631e+00
ENERGY -7.355334035348e+02

JOB 12
COORDS -3.0162365211e+00  2.6005342746e+00  6.4677256152e+00 -2.5806646468e+00  2.0416617940e+00  7.6741923077e+00 -2.7922496840e+00  1.8994444106e+00  5.2863959178e+00  2.8819785764e-01  1.9722289269e+00  4.5110231533e+00 -1.9561303873e+00  7.9226296165e-01  7.6367360906e+00  1.0061772580e+00  2.9893841986e+00  5.0390430658e+00 -2.1395512650e+00  6.5552556735e-01  5.3471633768e+00 -4.6403065941e-01  2.1913323291e+00  3.2888237095e+00  3.8054275071e-01  4.5412689663e+00  3.2649626446e+00 -1.9341735407e+00 -1.7228537645e-01  4.1271438939e+00 -1.7424629847e+00  1.0251342295e-01  6.5079485936e+00 -1.0878440103e+00  1.3409361845e+00  2.5162518329e+00 -1.6622527102e+00  1.7465693313e-01  2.9073285201e+00  1.0261088080e+00  4.2432270481e+00  4.4637311969e+00 -3.2746281978e-01  3.4747902866e+00  2.7462212733e+00  4.3247212846e-01  5.6451393200e+00  2.7419827231e+00 -3.5235820525e+00  3.5618324000e+00  6.4503864033e+00 -2.7313287536e+00  2.5511308376e+00  8.6215484247e+00 -3.1175371255e+00  2.2932207449e+00  4.3283923625e+00  3.1783099844e-01  9.9463330210e-01  4.9668830482e+00 -1.6181522223e+00  3.1722332262e-01  8.5568935217e+00  1.6033598034e+00  2.8727941162e+00  5.9372944067e+00 -2.2472484843e+00 -1.2112363119e+00  4.2370308335e+00  1.5596388862e+00  5.0035151605e+00  4.8656839347e+00 -8.1038724271e-01  3.6442960079e+00  1.8685571043e+00
ENERGY -7.355429738764e+02

JOB 13
COORDS -3.0729591739e+00  2.6314714567e+00  6.3974764399e+00 -2.6281573345e+00  2.1208150136e+00  7.6218056453e+00 -2.8137301854e+00  1.9100974052e+00  5.2354458066e+00  3.8172763242e-01  1.9055640643e+00  4.4527677395e+00 -1.9579563747e+00  8.9484583693e-01  7.6204596205e+00  1.1311295145e+00  2.8902868204e+00  4.9963078515e+00 -2.1173940493e+00  6.9305258032e-01  5.3344292258e+00 -4.5280723024e-01  2.1994596398e+00  3.3007338270e+00  3.8509276982e-01  4.5500457578e+00  3.3719658317e+00 -1.8560482687e+00 -1.6317192184e-01  4.1451719560e+00 -1.7094942355e+00  1.8505427326e-01  6.5117448532e+00 -1.1494937388e+00  1.3997569099e+00  2.5434308274e+00 -1.5766886188e+00  1.6549005863e-01  2.9250485395e+00  1.1153915579e+00  4.1785196473e+00  4.4988843457e+00 -3.5959246100e-01  3.5187973363e+00  2.8356556912e+00  4.0067695205e-01  5.6860001946e+00  2.9189749962e+00 -3.6141850030e+00  3.5730738168e+00  6.3514719391e+00 -2.8051593137e+00  2.6488425823e+00  8.5543604112e+00 -3.1421102450e+00  2.2687764746e+00  4.2651428753e+00  4.3029399723e-01  9.0331721769e-01  4.8507506855e+00 -1.6103146195e+00  4.5604400516e-01  8.5548091937e+00  1.7828862550e+00  2.7213144879e+00  5.8469968308e+00 -2.0712123550e+00 -1.2215379988e+00  4.2931990621e+00  1.6723349042e+00  4.9146819860e+00  4.9133310835e+00 -9.0227145659e-01  3.7467682591e+00  2.0081235296e+00
ENERGY -7.355515746754e+02

JOB 14
COORDS -3.1457316035e+00  2.6217507562e+00  6.3850215860e+00 -2.7081287493e+00  2.1310408443e+00  7.6196442570e+00 -2.8527409391e+00  1.8981035413e+00  5.2319040366e+00  4.4706485649e-01  1.8779362561e+00  4.3887196837e+00 -2.0111202987e+00  9.2000284823e-01  7.6389974052e+00  1.2322392629e+00  2.8445478332e+00  4.9124663005e+00 -2.1337445849e+00  6.9688847798e-01  5.3525279154e+00 -4.6204971831e-01  2.2099354503e+00  3.3043703143e+00  3.8170450146e-01  4.5583200978e+00  3.3980635087e+00 -1.8186275485e+00 -1.6777065015e-01  4.1829389413e+00 -1.7327738132e+00  2.0685136597e-01  6.5401367890e+00 -1.2387007275e+00  1.4420402972e+00  2.6017192840e+00 -1.5157085465e+00  1.5563314369e-01  2.9703388836e+00  1.1910066290e+00  4.1479891939e+00  4.4555074613e+00 -4.0253690910e-01  3.5479532844e+00  2.8813325431e+00  3.6980819630e-01  5.7096830367e+00  2.9842896341e+00 -3.7057742138e+00  3.5513293244e+00  6.3234518564e+00 -2.9096981222e+00  2.6631744836e+00  8.5448746524e+00 -3.1710389415e+00  2.2435019708e+00  4.2538933268e+00  5.0809968035e-01  8.6539242618e-01  4.7586968855e+00 -1.6668074687e+00  4.9717825931e-01  8.5818556273e+00  1.9342053506e+00  2.6497842179e+00  5.7164066877e+00 -1.9397617291e+00 -1.2365348590e+00  4.3580776554e+00  1.7779042591e+00  4.8694244990e+00  4.8537871263e+00 -9.9956249316e-01  3.8069542886e+00  2.1022542498e+00
ENERGY -7.355583619055e+02

JOB 15
COORDS -3.2198145508e+00  2.6045302103e+00  6.4006758075e+00 -2.8555673972e+00  2.0840607193e+00  7.6462091312e+00 -2.8638003642e+00  1.9057491193e+00  5.2492221510e+00  5.6138326279e-01  1.9003854978e+00  4.3272237200e+00 -2.1669023597e+00  8.6795460768e-01  7.6782186854e+00  1.3863312796e+00  2.8522585967e+00  4.8149063850e+00 -2.1617862590e+00  6.9609583462e-01  5.3834651713e+00 -4.1736337275e-01  2.2593839671e+00  3.3138025249e+00  4.4044418539e-01  4.6019262831e+00  3.3990901730e+00 -1.7699485288e+00 -1.5028864268e-01  4.2250682792e+00 -1.8331835716e+00  1.7664512991e-01  6.5817507217e+00 -1.2706985227e+00  1.5116739796e+00  2.6904914157e+00 -1.4145299945e+00  1.9089135860e-01  3.0343033528e+00  1.3249369398e+00  4.1639936179e+00  4.3832917950e+00 -3.8472236180e-01  3.6085400519e+00  2.9166779373e+00  4.0619261453e-01  5.7633391829e+00  3.0148470374e+00 -3.7705627357e+00  3.5388555814e+00  6.3283479941e+00 -3.1059159746e+00  2.5973104656e+00  8.5702284337e+00 -3.1232342018e+00  2.2756277667e+00  4.2634677660e+00  6.3001191063e-01  8.8118965279e-01  4.6780963501e+00 -1.8778618833e+00  4.2296930457e-01  8.6293803560e+00  2.1370414811e+00  2.6402501667e+00  5.5689521790e+00 -1.8126511537e+00 -1.2236179656e+00  4.4073090588e+00  1.9429298159e+00  4.8744618580e+00  4.7529516809e+00 -1.0333850245e+00  3.8895233668e+00  2.1885542952e+00
ENERGY -7.355629514432e+02

JOB 16
COORDS -3.2917560541e+00  2.5688648347e+00  6.5135533204e+00 -3.0878335732e+00  1.9594705283e+00  7.7542319018e+00 -2.8392354504e+00  1.9255846551e+00  5.3626291791e+00  7.2545960435e-01  1.9605090674e+00  4.2287209438e+00 -2.4561514586e+00  7.1175004477e-01  7.7813662200e+00  1.6068132686e+00  2.9106140420e+00  4.6096339109e+00 -2.2078698253e+00  6.7636343358e-01  5.4913715707e+00 -3.5293746263e-01  2.3157398987e+00  3.3208934529e+00  5.2884006295e-01  4.6495653856e+00  3.2742655556e+00 -1.7206064328e+00 -1.3034783564e-01  4.3437955674e+00 -2.0351939500e+00  7.2415301539e-02  6.6850797603e+00 -1.2863146888e+00  1.5663906410e+00  2.8357862292e+00 -1.3172606990e+00  2.3471750050e-01  3.1769013240e+00  1.5121460396e+00  4.2155947874e+00  4.1625987188e+00 -3.5650484652e-01  3.6608184270e+00  2.9036020053e+00  4.6826321305e-01  5.8047545031e+00  2.8744208098e+00 -3.7937800054e+00  3.5303777507e+00  6.4428384421e+00 -3.4169869567e+00  2.4279546140e+00  8.6773308773e+00 -2.9788446361e+00  2.3648360927e+00  4.3821669233e+00  8.1382467875e-01  9.4506112069e-01  4.5871828928e+00 -2.2908959141e+00  1.9799241612e-01  8.7274541304e+00  2.4314221919e+00  2.7039160506e+00  5.2838295624e+00 -1.6980766037e+00 -1.2038988637e+00  4.5274196092e+00  2.1751245827e+00  4.9241899393e+00  4.4482665968e+00 -1.0731636793e+00  3.9384509591e+00  2.2412028256e+00
ENERGY -7.355655776882e+02

JOB 17
COORDS -3.4211957690e+00  2.5186134001e+00  6.6214492793e+00 -3.3912305743e+00  1.8188645897e+00  7.8295384076e+00 -2.8523588639e+00  1.9378945893e+00  5.4881408215e+00  9.0124319192e-01  2.0457243189e+00  4.0692904646e+00 -2.8067065900e+00  5.4744103927e-01  7.8410495704e+00  1.8242592161e+00  3.0002377035e+00  4.3177655796e+00 -2.2823061968e+00  6.5700752300e-01  5.5986435866e+00 -2.9458713660e-01  2.3921011538e+00  3.3193054936e+00  5.5986886716e-01  4.7280731578e+00  3.1375786304e+00 -1.6766624388e+00 -9.5754335937e-02  4.4735043594e+00 -2.2754445945e+00 -3.1391596597e-02  6.7607001742e+00 -1.2887763664e+00  1.6350215694e+00  2.9987631828e+00 -1.2218738590e+00  3.0258039714e-01  3.3371097571e+00  1.6605682503e+00  4.3020412862e+00  3.8806754493e+00 -3.6069377391e-01  3.7327313596e+00  2.8915664277e+00  4.3717688182e-01  5.8823541939e+00  2.7492756256e+00 -3.8786140700e+00  3.5028393458e+00  6.5612210466e+00 -3.8149510887e+00  2.2364795894e+00  8.7384104623e+00 -2.8590425905e+00  2.4476402875e+00  4.5332935323e+00  1.0370287933e+00  1.0306370388e+00  4.4147321579e+00 -2.7737102565e+00 -3.5358853368e-02  8.7606674638e+00  2.7370730381e+00  2.8012714955e+00  4.8696120741e+00 -1.5971354913e+00 -1.1671805997e+00  4.6531407535e+00  2.3504423043e+00  5.0166759771e+00  4.0720504807e+00 -1.1642553851e+00  4.0056102336e+00  2.3356326479e+00
ENERGY -7.355671759369e+02

JOB 18
COORDS -3.5377320839e+00  2.4641082301e+00  6.7735602818e+00 -3.7102540207e+00  1.6589052542e+00  7.9007014943e+00 -2.8392762071e+00  1.9566025609e+00  5.6775840223e+00  1.0918505461e+00  2.1266018103e+00  3.9418585295e+00 -3.1830740270e+00  3.6238126075e-01  7.8720294261e+00  2.0491586486e+00  3.0756115734e+00  4.0332925174e+00 -2.3446077631e+00  6.4088621840e-01  5.7403888867e+00 -1.9591739015e-01  2.4719616869e+00  3.3648627147e+00  6.4294535470e-01  4.7914623425e+00  3.0055800873e+00 -1.6121436945e+00 -4.7292282733e-02  4.6523898208e+00 -2.5260780602e+00 -1.4428572713e-01  6.8263159923e+00 -1.2339506373e+00  1.7187114508e+00  3.2204583483e+00 -1.0958736890e+00  3.9022087558e-01  3.5568896931e+00  1.8333756497e+00  4.3705844163e+00  3.5984158136e+00 -3.1187022169e-01  3.8017492300e+00  2.9163483155e+00  4.7726852734e-01  5.9367399842e+00  2.6069905297e+00 -3.9385011267e+00  3.4742150386e+00  6.7466381139e+00 -4.2412758075e+00  2.0161268470e+00  8.7784496216e+00 -2.6884599096e+00  2.5481637481e+00  4.7846482034e+00  1.2635023284e+00  1.1152675647e+00  4.2829792814e+00 -3.3023404867e+00 -2.9970041704e-01  8.7287990033e+00  3.0313760326e+00  2.8778104010e+00  4.4498766885e+00 -1.4885411811e+00 -1.1158369868e+00  4.8236203672e+00  2.5505646966e+00  5.0804958324e+00  3.6693417000e+00 -1.1823029878e+00  4.0703666610e+00  2.4697320092e+00
ENERGY -7.355685000723e+02

JOB 19
COORDS -3.6651414546e+00  2.4038994582e+00  6.8964452201e+00 -4.0012302006e+00  1.5226760899e+00  7.9253142656e+00 -2.8487298406e+00  1.9550133969e+00  5.8577356032e+00  1.2525043081e+00  2.1708031600e+00  3.7988311242e+00 -3.5057199506e+00  2.1470000257e-01  7.8613604008e+00  2.2243068342e+00  3.1065259995e+00  3.7213135133e+00 -2.4007105318e+00  6.2085696305e-01  5.8762460128e+00 -1.0341340729e-01  2.5263176481e+00  3.4203333796e+00  6.9701309280e-01  4.8256585552e+00  2.8908568042e+00 -1.5487622369e+00 -9.2909445515e-03  4.8433853250e+00 -2.7327246237e+00 -2.3459161084e-01  6.8707759988e+00 -1.1642620301e+00  1.7880679858e+00  3.4592975650e+00 -9.6610250394e-01  4.6483148095e-01  3.7963807977e+00  1.9591963547e+00  4.3969233013e+00  3.3010157655e+00 -2.7100982495e-01  3.8470625040e+00  2.9673812890e+00  4.8423524907e-01  5.9660715116e+00  2.5014442720e+00 -4.0302812881e+00  3.4278183038e+00  6.9017205086e+00 -4.6295725654e+00  1.8315876456e+00  8.7558907836e+00 -2.5679785651e+00  2.6046303819e+00  5.0401507068e+00  1.4584033841e+00  1.1619535427e+00  4.1280659166e+00 -3.7470379663e+00 -5.0409267893e-01  8.6435465236e+00  3.2570983063e+00  2.9013364604e+00  3.9834432036e+00 -1.3903947423e+00 -1.0736634398e+00  5.0117522809e+00  2.6870330730e+00  5.0976384369e+00  3.2482534386e+00 -1.1976432309e+00  4.1211233123e+00  2.6579538459e+00
ENERGY -7.355698913511e+02

JOB 20
COORDS -3.0716714243e+00  2.7125891983e+00  6.9754009237e+00 -3.5726506175e+00  1.7828780285e+00  7.8879789998e+00 -2.4952348995e+00  2.2574846925e+00  5.7890425095e+00  1.1425286547e+00  1.7745146739e+00  2.5507779995e+00 -3.4746271347e+00  4.2417801185e-01  7.5641519266e+00  2.2589985437e+00  2.4337013008e+00  2.1688827694e+00 -2.4461557945e+00  8.7154875802e-01  5.5464951120e+00 -8.4724823521e-02  2.5219951891e+00  2.7506047683e+00  1.1318789447e+00  4.6013530205e+00  2.1182697039e+00 -1.8800254026e+00  2.3086951828e-01  4.3397696509e+00 -2.9324112270e+00 -2.9033666347e-02  6.4324507150e+00 -1.2399134119e+00  2.0834075282e+00  3.1444188370e+00 -1.3167036824e+00  7.1036926988e-01  3.2830893303e+00  2.2654606183e+00  3.8024971517e+00  1.9742688961e+00  5.6863616729e-03  3.8986744933e+00  2.4940011785e+00  1.1479858869e+00  5.8094496521e+00  1.9254748630e+00 -3.1257014469e+00  3.7782127241e+00  7.1837249132e+00 -4.0261208797e+00  2.0928137815e+00  8.8252522636e+00 -2.0975199267e+00  2.9424180543e+00  5.0531605782e+00  1.1333923149e+00  7.0474648024e-01  2.7044388206e+00 -3.8528133307e+00 -3.3321021731e-01  8.2498179732e+00  3.2053616473e+00  1.9315364916e+00  1.9963860366e+00 -1.9611689253e+00 -8.5512414512e-01  4.3586037924e+00  3.1045452750e+00  4.2952245710e+00  1.6969297186e+00 -8.4168849000e-01  4.4481382751e+00  2.5931510104e+00
ENERGY -7.355712824581e+02

JOB 21
COORDS -3.2529068642e+00  2.6725642061e+00  7.0417918950e+00 -3.8307782758e+00  1.7204621379e+00  7.8832470211e+00 -2.5427639648e+00  2.2465264871e+00  5.9190596643e+00  1.2150474249e+00  1.7817221428e+00  2.4051743408e+00 -3.6695970966e+00  3.6858244507e-01  7.5566211331e+00  2.2642472545e+00  2.4303377359e+00  1.8519080139e+00 -2.4372004916e+00  8.6497325355e-01  5.6675802426e+00  6.3441669145e-02  2.5481240887e+00  2.8392711581e+00  1.2065035852e+00  4.6215262023e+00  2.0696701739e+00 -1.7275582079e+00  2.4870988175e-01  4.5261322270e+00 -2.9969978898e+00 -5.7348319787e-02  6.4859426774e+00 -1.0247783230e+00  2.1228679052e+00  3.4114224714e+00 -1.0757814700e+00  7.4409380714e-01  3.5277278352e+00  2.2725229254e+00  3.8041149643e+00  1.6988331061e+00  1.4653693600e-01  3.9282427542e+00  2.6190469628e+00  1.2193606712e+00  5.8350724313e+00  1.9170383667e+00 -3.3512745325e+00  3.7338320080e+00  7.2563870379e+00 -4.3898719893e+00  2.0083644265e+00  8.7691015694e+00 -2.0804355812e+00  2.9465788951e+00  5.2375488312e+00  1.2020640971e+00  7.0840580114e-01  2.5282243114e+00 -4.1037723316e+00 -4.0566827635e-01  8.1882445384e+00  3.1523709713e+00  1.9149288179e+00  1.5009502627e+00 -1.7720871322e+00 -8.3949941727e-01  4.5418625769e+00  3.0626878854e+00  4.2879867628e+00  1.2920222850e+00 -6.5288977468e-01  4.4915245009e+00  2.8904595793e+00
ENERGY -7.355726575941e+02

JOB 22
COORDS -2.8123368212e+00  2.8338176947e+00  7.1738056634e+00 -2.3156219587e+00  2.1508128520e+00  8.2853792654e+00 -2.8568724327e+00  2.1833318291e+00  5.9405421498e+00 -2.8333523509e+00  8.8022498335e-01  7.5235120701e-01 -1.8819034949e+00  8.3156514647e-01  8.1078231984e+00 -2.9611546168e+00  1.3221350936e+00 -5.1899473369e-01 -2.4004281153e+00  8.5346355972e-01  5.8572060942e+00 -3.3248390674e+00  1.7062324177e+00  1.8369871792e+00 -4.0525522515e+00  3.3978658475e+00  1.6274104340e-01 -2.3787325131e+00  2.1406238713e-02  4.6352653298e+00 -1.9181101188e+00  1.9309422762e-01  6.9368898413e+00 -3.2896779389e+00  1.4743501572e+00  3.1198554854e+00 -2.7371208321e+00  2.3714645881e-01  3.4129202744e+00 -3.5433930152e+00  2.5412331848e+00 -8.1055683476e-01 -3.9098926610e+00  2.9147662382e+00  1.4491655820e+00 -4.5736655000e+00  4.4711158487e+00 -1.0588957069e-01 -3.1599124651e+00  3.8600681786e+00  7.2641053761e+00 -2.2618202333e+00  2.6194209021e+00  9.2640293549e+00 -3.2337447600e+00  2.6684151946e+00  5.0515582005e+00 -2.3806873106e+00 -7.1336847637e-02  9.8933323204e-01 -1.4870546151e+00  2.6416878822e-01  8.9499344412e+00 -2.6171499144e+00  7.5093332121e-01 -1.3751574679e+00 -1.9767157454e+00 -9.7449216894e-01  4.8170093535e+00 -3.6325762010e+00  2.8723341302e+00 -1.7626944760e+00 -4.2760849369e+00  3.5105484082e+00  2.1847837741e+00
ENERGY -7.355737193422e+02

JOB 23
COORDS -2.9201400412e+00  2.7941883611e+00  7.2245802908e+00 -2.4942794806e+00  2.0786139428e+00  8.3451142341e+00 -2.8321540823e+00  2.2022962172e+00  5.9645137281e+00 -2.8948687543e+00  8.4611945487e-01  7.2489960421e-01 -1.9937035084e+00  7.8593482799e-01  8.1495184669e+00 -3.1901878636e+00  1.2119245925e+00 -5.4278292161e-01 -2.3143808698e+00  8.9616536715e-01  5.8643596218e+00 -3.1430535231e+00  1.7828271989e+00  1.8021828566e+00 -3.9937294032e+00  3.4174216711e+00  1.2909871662e-01 -2.1531293992e+00  1.2389533341e-01  4.6139328192e+00 -1.9021886563e+00  2.0319056508e-01  6.9528652101e+00 -2.9334299725e+00  1.6320437463e+00  3.0815729058e+00 -2.4021073532e+00  3.8468887300e-01  3.3730593035e+00 -3.7221544825e+00  2.4528669520e+00 -8.3814737748e-01 -3.6799020749e+00  3.0118978240e+00  1.4123801466e+00 -4.4637838016e+00  4.5135772698e+00 -1.4087693315e-01 -3.3162723927e+00  3.8013264704e+00  7.3290049135e+00 -2.5454002972e+00  2.5021643253e+00  9.3442332450e+00 -3.1481178732e+00  2.7146284794e+00  5.0672620203e+00 -2.4799234176e+00 -1.2160333515e-01  9.6491924627e-01 -1.6511615881e+00  1.9398334742e-01  8.9976362277e+00 -3.0283842740e+00  5.5804286011e-01 -1.3935905038e+00 -1.7369736708e+00 -8.6726561726e-01  4.7895706401e+00 -3.9405324654e+00  2.7241753707e+00 -1.7883627658e+00 -3.8660751144e+00  3.6898642490e+00  2.1444550370e+00
ENERGY -7.355741226810e+02

