JOB 0
COORDS  5.7617097316e+00  1.4709388557e+00  4.0366950055e-02  4.5323213537e+00  1.8847263135e+00  5.6447704517e-01  5.8002991405e+00  2.9531264013e-01 -7.1615302797e-01  3.3690142076e+00  1.1464321394e+00  3.4810790075e-01  4.6451230346e+00 -4.5225349627e-01 -9.4619377736e-01  3.3953221608e+00 -3.8552285079e-02 -4.2603937491e-01  8.7530679202e-01 -2.6838075008e+00 -1.0609069603e+00  2.2459276482e-02 -1.4198117708e+00 -8.4881862773e-01  2.3173541449e+00 -2.1501425364e+00 -1.1831834693e+00  9.5408130940e-01 -4.9642061887e-01 -4.8198152664e-02  9.0911666711e-01 -7.9548146320e-01  1.4617353355e+00  2.2517608041e+00 -7.7891265223e-01 -6.7050554877e-01  6.6647122585e+00  2.0477018887e+00  2.1872063349e-01  4.4739557113e+00  2.7937446106e+00  1.1588625970e+00  6.7426268828e+00 -5.0383424462e-02 -1.1351146402e+00  2.4361575715e+00  1.5057379211e+00  7.6745559833e-01  4.7123961953e+00 -1.3565327007e+00 -1.5411440189e+00  7.8928209965e-01 -3.3509103056e+00 -1.9839226293e-01  5.7204766163e-01 -3.2527465316e+00 -1.9433615823e+00 -2.1284553891e-01 -9.5491453829e-01 -1.8117440643e+00 -9.1718961386e-01 -1.6210296374e+00 -3.2688060099e-01  2.6567346739e+00 -2.1493283553e+00 -2.2275375260e+00  3.0291721845e+00 -2.7610041408e+00 -6.1055546664e-01  6.9571078101e-01  5.5478375353e-01 -2.1685732559e-01 -6.0337593922e-02 -4.9997926349e-01  1.8783690235e+00  1.6912948954e+00 -2.5758385831e-01  2.0025805108e+00  1.0501901122e+00 -1.8641686022e+00  1.6539518445e+00
ENERGY -4.830460912753e+02

JOB 1
COORDS  5.7099564602e+00  1.4425763844e+00  3.7847596247e-02  4.4878139877e+00  1.8212260415e+00  6.0102446196e-01  5.7403781966e+00  3.1844742687e-01 -7.9448086333e-01  3.3219022080e+00  1.0954309060e+00  3.5061932436e-01  4.5811213388e+00 -4.0946850406e-01 -1.0605688662e+00  3.3362523553e+00 -2.7834743076e-02 -5.0785596201e-01  8.2798950965e-01 -2.7141538608e+00 -1.0859428115e+00 -2.5779798366e-02 -1.4441805533e+00 -8.9008154094e-01  2.2884607425e+00 -2.2035219734e+00 -1.0949920769e+00  9.1078256776e-01 -5.1031774252e-01 -1.1108030740e-01  9.0632775514e-01 -8.4100458938e-01  1.3948509793e+00  2.1900387412e+00 -7.6701500759e-01 -7.9068498234e-01  6.6156184999e+00  2.0055214285e+00  2.4492790948e-01  4.4366170248e+00  2.6876504064e+00  1.2564769514e+00  6.6782564138e+00 -9.5917811421e-04 -1.2430711244e+00  2.3945392123e+00  1.4308061742e+00  7.9965367475e-01  4.6404759085e+00 -1.2749543125e+00 -1.7118542303e+00  6.7445988303e-01 -3.4157716849e+00 -2.6167303105e-01  5.7470071776e-01 -3.2412228996e+00 -2.0090526732e+00 -2.6505639695e-01 -9.9322978885e-01 -1.8579518402e+00 -9.6269336315e-01 -1.6379549260e+00 -3.6040349659e-01  2.7536734154e+00 -2.3512363576e+00 -2.0752916258e+00  2.9123353226e+00 -2.7267600877e+00 -3.5593844227e-01  6.3424745901e-01  5.3884488025e-01 -2.5798460165e-01 -5.9189693970e-02 -5.6849244962e-01  1.8350121355e+00  1.6899633624e+00 -3.0828606720e-01  1.9371779611e+00  1.0609340486e+00 -1.9117865560e+00  1.5629760284e+00
ENERGY -4.830434548976e+02

JOB 2
COORDS  5.7481229189e+00  1.4506152093e+00 -2.0333331049e-02  4.5619047446e+00  1.7459280741e+00  6.5445473477e-01  5.7431964993e+00  4.0865534340e-01 -9.5600510292e-01  3.3958068706e+00  1.0110030933e+00  4.2020318905e-01  4.5816737055e+00 -3.1717308260e-01 -1.2105254487e+00  3.3733289413e+00 -2.5767758236e-02 -5.3690179758e-01  8.7358508008e-01 -2.7270256120e+00 -1.1265273849e+00  2.0110168675e-02 -1.4447852232e+00 -9.7195629479e-01  2.3373403806e+00 -2.2540951077e+00 -9.4024265894e-01  9.3841903155e-01 -5.0588615282e-01 -1.7466150816e-01  8.5583287322e-01 -8.3133408190e-01  1.3329584811e+00  2.2331063701e+00 -7.9037094153e-01 -8.1511689098e-01  6.6544263325e+00  2.0167345029e+00  1.7544075094e-01  4.5387596516e+00  2.5497356924e+00  1.3867207006e+00  6.6521931161e+00  1.6083692866e-01 -1.4991728425e+00  2.4960695156e+00  1.2832740286e+00  9.5761053597e-01  4.6037012246e+00 -1.1095904762e+00 -1.9520167888e+00  6.1223134469e-01 -3.4716361021e+00 -3.6995417332e-01  7.2226853998e-01 -3.1936154224e+00 -2.1029489048e+00 -1.8945184391e-01 -1.0053478092e+00 -1.9511948768e+00 -9.3267617197e-01 -1.6279648529e+00 -4.6715093249e-01  2.9586372389e+00 -2.5250008012e+00 -1.7972236913e+00  2.8002866952e+00 -2.6984029072e+00 -4.6791632295e-02  6.8761977835e-01  5.4673584781e-01 -3.4064868412e-01 -1.2139714946e-01 -5.2545839125e-01  1.7221075284e+00  1.6264827503e+00 -3.2875031569e-01  1.9194861332e+00  9.5984179836e-01 -1.9064706974e+00  1.5112632573e+00
ENERGY -4.830394952324e+02

JOB 3
COORDS  5.7336421396e+00  1.5025257799e+00  5.9958292615e-02  5.2317870512e+00  9.2475188844e-01  1.2302893087e+00  5.1408696843e+00  1.1976554070e+00 -1.1711489036e+00  4.1440613477e+00  4.7073107394e-02  1.1690869108e+00  4.0548737047e+00  3.2037230688e-01 -1.2300404088e+00  3.5466345637e+00 -2.6358169279e-01 -5.8143433882e-02  1.1916753940e+00 -3.0123217285e+00 -8.7548925257e-01  2.3567452345e-01 -1.8227127041e+00 -5.9072845549e-01  2.6018764562e+00 -2.3893247853e+00 -8.5440626638e-01  1.1450735777e+00 -5.8264494367e-01 -5.3086424309e-01  6.4480412207e-01  5.2701528279e-01  3.8533253363e-01  2.4240579620e+00 -1.1595255830e+00 -6.8884695477e-02  6.5783088984e+00  2.1852818641e+00  1.0491798602e-01  5.6854972750e+00  1.1575462031e+00  2.1905524703e+00  5.5251786060e+00  1.6449237123e+00 -2.0848086166e+00  3.7384971227e+00 -4.0855731772e-01  2.0681386254e+00  3.5987322451e+00  9.2030129425e-02 -2.1901081800e+00  1.0943510636e+00 -3.7775055784e+00 -1.0116702660e-01  9.8788141604e-01 -3.4918123767e+00 -1.8369492489e+00 -5.4294877498e-01 -1.7093392358e+00 -1.3505627372e+00 -2.6216090757e-01 -1.9548708192e+00  3.7481661965e-01  2.9384193882e+00 -2.1761582649e+00 -1.8841727928e+00  3.3557092926e+00 -3.0300873213e+00 -3.8727410505e-01  1.2553081086e+00 -1.7371277098e-01 -1.5537220032e+00 -3.3077487990e-01  8.9101875906e-01  4.5207756012e-02  1.3367995507e+00  1.3747947607e+00  3.9858805026e-01  5.4053350552e-01  1.5293397263e-01  1.4093819392e+00
ENERGY -4.830384642354e+02

JOB 4
COORDS  5.7643050004e+00  1.4716338683e+00  7.3898081913e-02  5.3748668835e+00  7.4470077160e-01  1.2036896688e+00  5.0324474510e+00  1.3474235296e+00 -1.1125217553e+00  4.2586856362e+00 -9.5880474089e-02  1.1474905469e+00  3.9232582727e+00  4.9900059639e-01 -1.1702252457e+00  3.5253770487e+00 -2.3070465720e-01 -3.8138916979e-02  1.2153608541e+00 -3.0312753981e+00 -7.8027260203e-01  2.3831783056e-01 -1.8371379195e+00 -6.0845879739e-01  2.6168854987e+00 -2.3909116149e+00 -7.4100238682e-01  1.1342248604e+00 -5.8507171757e-01 -5.9808863750e-01  5.8928400193e-01  5.7882247166e-01  2.2045258196e-01  2.3946859089e+00 -1.1140630032e+00 -4.4254214443e-02  6.6266722529e+00  2.1319290704e+00  1.1746885841e-01  5.9336991266e+00  8.3975955094e-01  2.1315052614e+00  5.3276046590e+00  1.9110527718e+00 -1.9944225308e+00  3.9334220480e+00 -6.5552913297e-01  2.0202440085e+00  3.3643762731e+00  4.0744322309e-01 -2.0978722193e+00  1.0943559492e+00 -3.7483929076e+00  3.5633716354e-02  1.0553125400e+00 -3.5712854389e+00 -1.7175915290e+00 -5.1162091172e-01 -1.7824763796e+00 -1.4028428592e+00 -2.9463828086e-01 -1.9117873260e+00  3.4436635454e-01  2.9967508942e+00 -2.2286545956e+00 -1.7656317218e+00  3.3579069720e+00 -2.9922122541e+00 -2.0595416173e-01  1.2724370837e+00 -2.5028943368e-01 -1.6435924671e+00 -3.7591036546e-01  9.0823751160e-01 -1.7925547666e-01  1.2730269194e+00  1.4332789449e+00  2.0175683276e-01  4.5042709033e-01  2.7367300117e-01  1.2629766022e+00
ENERGY -4.830386380807e+02

JOB 5
COORDS  5.7901951320e+00  1.4542609081e+00  9.2328910679e-02  5.5044171941e+00  5.6874445285e-01  1.1383624174e+00  4.9328559047e+00  1.5101529356e+00 -1.0105802612e+00  4.3704822966e+00 -2.4426235870e-01  1.0812095584e+00  3.8069556305e+00  6.8258050437e-01 -1.0755832423e+00  3.5144126391e+00 -2.0847159939e-01 -3.0357885545e-02  1.2257587438e+00 -3.0484936098e+00 -6.6823815212e-01  2.4299161371e-01 -1.8492108041e+00 -6.0941594955e-01  2.6233476513e+00 -2.4012927576e+00 -6.2518708223e-01  1.1366309573e+00 -5.9604742945e-01 -6.6499103959e-01  5.5494027822e-01  6.2116020967e-01  4.4199967004e-02  2.3774217596e+00 -1.0752816609e+00 -3.1563041932e-02  6.6643763680e+00  2.0983012971e+00  1.4083499590e-01  6.1556991208e+00  5.2545430922e-01  2.0079747313e+00  5.1408923304e+00  2.1989397877e+00 -1.8259839410e+00  4.1246884633e+00 -9.1551499125e-01  1.8998843298e+00  3.1547066730e+00  7.3733904442e-01 -1.9421321861e+00  1.0784653308e+00 -3.7111545592e+00  1.8838312507e-01  1.0984459007e+00 -3.6490716790e+00 -1.5730969523e+00 -4.8428553767e-01 -1.8539604701e+00 -1.4263724854e+00 -3.1638123766e-01 -1.8567314149e+00  3.3103305611e-01  3.0401070573e+00 -2.3047897143e+00 -1.6434108275e+00  3.3455947891e+00 -2.9613322494e+00 -2.4354915197e-02  1.3048899051e+00 -3.4634475074e-01 -1.7294799859e+00 -3.9882067822e-01  9.0724174793e-01 -4.1218721528e-01  1.2290560996e+00  1.4810485054e+00 -1.3175167232e-02  3.8181576620e-01  3.9261063585e-01  1.1009837264e+00
ENERGY -4.830395004284e+02

JOB 6
COORDS  5.8064945421e+00  1.4368490612e+00  8.8699342012e-02  5.6058555811e+00  4.1974163795e-01  1.0312740493e+00  4.8488869761e+00  1.6391032698e+00 -9.0766304598e-01  4.4610274914e+00 -3.7428157490e-01  9.7802335323e-01  3.7078858016e+00  8.3126402575e-01 -9.7523877620e-01  3.5001201248e+00 -1.9013736950e-01 -3.3093376426e-02  1.2243957049e+00 -3.0585781566e+00 -5.6539748576e-01  2.4748731812e-01 -1.8580111633e+00 -6.5530919100e-01  2.6207221255e+00 -2.4142509207e+00 -5.0720038224e-01  1.1425177590e+00 -6.0541845493e-01 -7.3591014395e-01  5.1091306089e-01  6.3182400705e-01 -1.0450823309e-01  2.3609187489e+00 -1.0412710171e+00 -3.5042004292e-02  6.6912635215e+00  2.0659559683e+00  1.3754683688e-01  6.3347302133e+00  2.5882217288e-01  1.8219850039e+00  4.9885072398e+00  2.4276344719e+00 -1.6434203291e+00  4.2884951479e+00 -1.1426021745e+00  1.7272647961e+00  2.9846490383e+00  1.0021355639e+00 -1.7659147330e+00  1.0311453456e+00 -3.6457427364e+00  3.3605935628e-01  1.1389471100e+00 -3.7336409050e+00 -1.4211907025e+00 -4.2373413803e-01 -1.9180296287e+00 -1.5166520693e+00 -3.7502791558e-01 -1.8035283479e+00  2.4291291471e-01  3.0856010947e+00 -2.3974222798e+00 -1.5082268428e+00  3.3081544517e+00 -2.9313222715e+00  1.6719136927e-01  1.3542802574e+00 -4.0387686889e-01 -1.8027519478e+00 -4.3449942309e-01  8.6880801826e-01 -6.0439789862e-01  1.1604143914e+00  1.5084028836e+00 -1.7574441625e-01  3.0713628379e-01  4.4549780410e-01  9.5497362071e-01
ENERGY -4.830406880045e+02

JOB 7
COORDS  5.8706866110e+00  1.4338754258e+00  6.0509312216e-02  5.7510948132e+00  3.0576048842e-01  8.8340703399e-01  4.8220447764e+00  1.7481466531e+00 -8.0519438743e-01  4.6062304860e+00 -4.8623577592e-01  8.3847866657e-01  3.6756385280e+00  9.4741987959e-01 -8.6668144527e-01  3.5517757110e+00 -1.9376213015e-01 -5.2528843896e-02  1.1948634020e+00 -3.0101975204e+00 -2.8350280759e-01  3.3903463422e-01 -1.8799868190e+00 -8.9310335054e-01  2.6130085102e+00 -2.4469159491e+00 -3.4425340600e-01  1.1895856840e+00 -5.8688413899e-01 -7.5352367244e-01  4.7133165507e-01  5.3358151342e-01 -6.5152833299e-04  2.4065762922e+00 -1.0216100731e+00 -4.0560571676e-02  6.7587305882e+00  2.0584332186e+00  1.0398324001e-01  6.5474593221e+00  5.2993863746e-02  1.5794242307e+00  4.8905434562e+00  2.6239394263e+00 -1.4462820723e+00  4.5130204288e+00 -1.3372985637e+00  1.5071146578e+00  2.8837253955e+00  1.2228539489e+00 -1.5538374808e+00  9.1725247505e-01 -3.1799267786e+00  7.6117794071e-01  1.0965464115e+00 -3.9580612883e+00 -8.1972582409e-01  1.2661533289e-01 -2.0762129335e+00 -1.9480603062e+00 -6.2327593908e-01 -1.7796936037e+00 -3.8335980423e-01  3.0520875684e+00 -2.5801916787e+00 -1.3484388669e+00  3.2871217461e+00 -2.9110068441e+00  3.7916941021e-01  1.4407118764e+00 -2.3547465633e-01 -1.7671502721e+00 -4.1512229206e-01  8.5900954108e-01 -5.5628336506e-01  1.1181640356e+00  1.4027901493e+00  1.4752319609e-01  1.5411499554e-01  1.7682059454e-01  9.8471942277e-01
ENERGY -4.830416455952e+02

JOB 8
COORDS  5.9202848301e+00  1.4136954218e+00 -1.0368897282e-02  5.8478526146e+00  2.1683376908e-01  7.1335812460e-01  4.8075675990e+00  1.8097480453e+00 -7.5464576367e-01  4.6945157357e+00 -5.6399899766e-01  6.8936552684e-01  3.6486517691e+00  1.0282644409e+00 -7.9355506544e-01  3.5726200165e+00 -1.9035862009e-01 -8.6135787125e-02  1.0917366294e+00 -2.9109578668e+00 -1.8322018642e-01  4.2889435301e-01 -1.8522061443e+00 -1.0768992111e+00  2.5427111729e+00 -2.4392445710e+00 -1.3213990364e-01  1.1997820133e+00 -5.4271283767e-01 -7.7800245429e-01  3.9599127120e-01  4.6112684637e-01  5.3700353559e-02  2.4113242835e+00 -9.7664929360e-01 -4.6413398083e-02  6.8179217101e+00  2.0250880434e+00  1.5546798462e-02  6.6930948473e+00 -1.0633104905e-01  1.3165484225e+00  4.8329974881e+00  2.7407343981e+00 -1.3162995280e+00  4.6600137536e+00 -1.4741684749e+00  1.2794442017e+00  2.8068354065e+00  1.3826214543e+00 -1.3763424857e+00  6.6392241821e-01 -2.8889982683e+00  8.2450329235e-01  9.9319736712e-01 -3.9273113584e+00 -5.7418371529e-01  5.5171301793e-01 -2.1254135243e+00 -2.1299677497e+00 -6.4288972503e-01 -1.7452865776e+00 -8.8812335876e-01  3.0947477054e+00 -2.7401639357e+00 -1.0380479472e+00  3.0753500177e+00 -2.8416728435e+00  7.3308747580e-01  1.4734633016e+00 -7.6882800222e-02 -1.7338327392e+00 -4.5768761916e-01  8.4160863788e-01 -5.1871592644e-01  1.0144689884e+00  1.3119524383e+00  3.5392324532e-01  2.0204975524e-02 -1.7959040431e-02  9.6399078497e-01
ENERGY -4.830435021051e+02

JOB 9
COORDS  5.9427243713e+00  1.4081712555e+00 -6.3338096977e-02  5.9088556643e+00  1.5259165241e-01  5.5358019741e-01  4.7794432384e+00  1.8769511316e+00 -6.7943410948e-01  4.7469734074e+00 -6.1769701199e-01  5.5182656856e-01  3.6095091061e+00  1.1144070671e+00 -6.9196373398e-01  3.5699578021e+00 -1.6419116087e-01 -8.9729004990e-02  1.0517538851e+00 -2.8537011566e+00 -1.3632332314e-01  5.1848929915e-01 -1.8572676309e+00 -1.1736509015e+00  2.4951380363e+00 -2.3901461460e+00  5.8600506628e-02  1.2035762321e+00 -5.2429813797e-01 -8.0332382611e-01  3.0845060463e-01  4.0433665342e-01  2.5529591849e-02  2.4040078150e+00 -9.2737568307e-01 -3.8046369349e-02  6.8491746199e+00  2.0067713277e+00 -5.7182211422e-02  6.7960807115e+00 -2.3326892012e-01  1.0503577704e+00  4.7739460321e+00  2.8537162490e+00 -1.1577869350e+00  4.7555752309e+00 -1.5824134736e+00  1.0474356929e+00  2.7276133173e+00  1.5288351758e+00 -1.1658984516e+00  5.0142821291e-01 -2.7608671613e+00  8.0591839154e-01  9.8903329598e-01 -3.8947370345e+00 -4.6419161531e-01  8.2759466020e-01 -2.1681104977e+00 -2.1774887993e+00 -5.7180922934e-01 -1.7731265223e+00 -1.1719469990e+00  3.1590742174e+00 -2.8003845173e+00 -7.1949574450e-01  2.8912185545e+00 -2.6986901629e+00  1.0310832930e+00  1.5005102597e+00 -7.3727025784e-03 -1.7236490893e+00 -5.3203336909e-01  7.7002907381e-01 -5.7556250295e-01  8.7049706350e-01  1.2677155786e+00  3.9310202644e-01 -9.1651812046e-02 -1.2720567912e-01  8.9556365949e-01
ENERGY -4.830459355252e+02

JOB 10
COORDS  5.6387642064e+00  1.7131966042e+00  2.0492008323e-03  5.2337624354e+00  1.3147718133e+00 -1.2759143330e+00  4.9247063921e+00  1.2344134562e+00  1.1053266945e+00  4.1434531388e+00  4.6295086859e-01 -1.4539247230e+00  3.8331566351e+00  3.8066482495e-01  9.4472965553e-01  3.4103544251e+00 -2.2378965667e-02 -3.4465862825e-01  5.0538845870e-01 -1.9388869777e+00 -1.5652960251e+00  7.3021195479e-02 -1.4744310239e+00 -1.6741918353e-01  1.7331782280e+00 -1.0682160267e+00 -1.8456749164e+00  1.4069964815e+00 -1.2224951008e+00  5.6327041849e-01  1.8832431956e+00 -2.4400615913e+00  1.3680192127e+00  2.3412266481e+00 -8.8651556131e-01 -5.2631101858e-01  6.4887951746e+00  2.3763078735e+00  1.3481437660e-01  5.7717382924e+00  1.6702569751e+00 -2.1518046672e+00  5.2201678146e+00  1.5249108493e+00  2.1109633864e+00  3.8593153277e+00  1.7679465684e-01 -2.4604771109e+00  3.3172083156e+00  2.3035940021e-02  1.8283636010e+00  7.9050006014e-01 -2.9959176124e+00 -1.5475540210e+00 -2.7331050041e-01 -1.8133278045e+00 -2.3221421981e+00 -4.8993051129e-01 -5.3785238525e-01 -2.4575532154e-01 -5.5431260830e-01 -2.2013212891e+00  3.5594802956e-01  1.4430867655e+00 -1.0001876452e-01 -2.2852302541e+00  2.4292792753e+00 -1.5516694095e+00 -2.5402118001e+00  1.3040393399e+00 -3.6480276592e-01  1.2387878116e+00  1.2227869238e+00 -2.6185373966e+00  2.2244197785e+00  2.9000762448e+00 -2.2929503054e+00  1.7424196863e+00  1.8876800634e+00 -3.3380995497e+00  7.4116666365e-01
ENERGY -4.830474246822e+02

JOB 11
COORDS  5.6598597540e+00  1.6696707232e+00  3.4289864107e-02  5.2090274832e+00  1.3166922518e+00 -1.2416249080e+00  4.9524208551e+00  1.1949611409e+00  1.1443004083e+00  4.0832648002e+00  5.1055733649e-01 -1.4123803142e+00  3.8278426403e+00  3.8453880306e-01  9.9280430753e-01  3.3660698151e+00  1.7831173053e-02 -2.9513973008e-01  5.1208119422e-01 -2.0097541033e+00 -1.4857776157e+00  4.3784507857e-02 -1.5008729918e+00 -1.1343854192e-01  1.7352967320e+00 -1.1323576055e+00 -1.7874139117e+00  1.3607456247e+00 -1.1943908484e+00  6.2307125355e-01  1.9047761874e+00 -2.4119794805e+00  1.3884938196e+00  2.2440228457e+00 -7.6723424196e-01 -4.6749451540e-01  6.5370717373e+00  2.2976327408e+00  1.6069927081e-01  5.7363792259e+00  1.6759081043e+00 -2.1225001255e+00  5.2793049470e+00  1.4561384019e+00  2.1482966591e+00  3.7599933327e+00  2.6347189743e-01 -2.4175742763e+00  3.3100061275e+00  3.6758217640e-02  1.8794786762e+00  8.0822108729e-01 -3.0615466533e+00 -1.4216574786e+00 -2.5597691639e-01 -1.9274624058e+00 -2.2590965506e+00 -5.3467647622e-01 -5.7844065946e-01 -2.3392670396e-01 -5.7612308008e-01 -2.2225521283e+00  4.2574174045e-01  1.4497879783e+00 -2.3529058365e-01 -2.3590395962e+00  2.4918486911e+00 -1.6676788657e+00 -2.3746338545e+00  1.2202649767e+00 -3.6354178866e-01  1.3249016516e+00  1.2590781048e+00 -2.6483017616e+00  2.2420363088e+00  2.9146897767e+00 -2.2268149992e+00  1.7636248915e+00  1.9500562288e+00 -3.2912829024e+00  7.3739157265e-01
ENERGY -4.830473329944e+02

JOB 12
COORDS  5.6965049599e+00  1.5911246740e+00  3.7163893013e-02  5.2318566667e+00  1.2674762122e+00 -1.2416301431e+00  4.9458339021e+00  1.1763525862e+00  1.1425562183e+00  4.0522039165e+00  5.4410159460e-01 -1.4183887510e+00  3.7666489279e+00  4.4888940560e-01  9.8357685490e-01  3.2939540156e+00  1.0581371095e-01 -3.0614467177e-01  4.8585616258e-01 -2.0023237746e+00 -1.4912335579e+00  5.3548055287e-03 -1.5139672810e+00 -1.1309478515e-01  1.7214869146e+00 -1.1298689577e+00 -1.7883389113e+00  1.3122111441e+00 -1.1417364231e+00  6.0515558718e-01  1.9785479736e+00 -2.3592143716e+00  1.2714189259e+00  2.0973523442e+00 -5.6389097668e-01 -4.9028206147e-01  6.6162214709e+00  2.1537945263e+00  1.6902950242e-01  5.7906598360e+00  1.5849885245e+00 -2.1191038231e+00  5.2803054890e+00  1.4203651965e+00  2.1483458306e+00  3.7167242559e+00  3.2069020721e-01 -2.4252440130e+00  3.2100042276e+00  1.5551489283e-01  1.8664212293e+00  7.6939879552e-01 -3.0577436685e+00 -1.4433728859e+00 -2.8077078302e-01 -1.9057284109e+00 -2.2641547614e+00 -6.1815982448e-01 -6.2072803607e-01 -2.2365691787e-01 -5.7025067106e-01 -2.2679591510e+00  4.3091442628e-01  1.4836023479e+00 -3.2611283396e-01 -2.4983763923e+00  2.5404494457e+00 -1.7177616482e+00 -2.2252210164e+00  1.1296826044e+00 -3.7120964766e-01  1.3624959156e+00  1.3799752689e+00 -2.7015076893e+00  2.1231000739e+00  2.9813659622e+00 -2.1197306996e+00  1.6333991884e+00  2.0719788730e+00 -3.1903640122e+00  5.6468956324e-01
ENERGY -4.830463095399e+02

JOB 13
COORDS  5.6401975867e+00  1.5668369660e+00  8.5791423430e-02  5.1432372226e+00  1.2971580624e+00 -1.1938707274e+00  4.9092142549e+00  1.1211274595e+00  1.1910609280e+00  3.9514062746e+00  5.9454438519e-01 -1.3679526941e+00  3.7189584490e+00  4.1001868624e-01  1.0309183828e+00  3.2194029975e+00  1.1152932577e-01 -2.5784452792e-01  4.2034355454e-01 -2.0430779869e+00 -1.4115629207e+00 -5.8917829742e-02 -1.5260764526e+00 -4.0605134347e-02  1.7162343065e+00 -1.2481697739e+00 -1.6920837428e+00  1.2475851727e+00 -1.1292339904e+00  6.6062567634e-01  1.9484530326e+00 -2.3487056698e+00  1.2898823193e+00  1.9865227567e+00 -5.0704217972e-01 -4.4882536828e-01  6.5685665677e+00  2.1152627943e+00  2.1758313261e-01  5.6830107448e+00  1.6454809592e+00 -2.0714829692e+00  5.2658173692e+00  1.3280800964e+00  2.1974978621e+00  3.5873145958e+00  4.1497154453e-01 -2.3740310026e+00  3.1748397171e+00  1.0018970134e-01  1.9154964971e+00  6.3280782789e-01 -3.1146754918e+00 -1.3667687752e+00 -3.2776278076e-01 -1.8949262962e+00 -2.1942442809e+00 -6.8705972678e-01 -6.3883157484e-01 -1.6679826811e-01 -6.2745882544e-01 -2.2718984691e+00  5.2180971575e-01  1.5805696543e+00 -5.4798755469e-01 -2.5240156389e+00  2.5540184111e+00 -1.9090672414e+00 -1.9560959533e+00  1.0639328109e+00 -3.7460541001e-01  1.4325747584e+00  1.3618550499e+00 -2.7251793993e+00  2.1351718384e+00  2.9489927091e+00 -2.1036257952e+00  1.6526065832e+00  2.0519868760e+00 -3.1613720065e+00  5.6345323550e-01
ENERGY -4.830441078853e+02

JOB 14
COORDS  5.6399567742e+00  1.6220982180e+00  5.1170151124e-02  5.0887760028e+00  1.4483384692e+00 -1.2243380820e+00  4.9713085299e+00  1.0702099042e+00  1.1458330519e+00  3.9059132387e+00  7.3373038478e-01 -1.3999325920e+00  3.7919796455e+00  3.3882075776e-01  9.7854723023e-01  3.2455155072e+00  1.2776335626e-01 -3.0584180227e-01  4.1702231484e-01 -2.0085169479e+00 -1.4549561145e+00 -5.8691077799e-02 -1.4557985673e+00 -9.1288774366e-02  1.8133736625e+00 -1.3750637877e+00 -1.6725214957e+00  1.2523273980e+00 -1.0780492652e+00  6.1368430216e-01  1.9015772604e+00 -2.3186907586e+00  1.2619563169e+00  2.0049003314e+00 -4.9068815007e-01 -5.0801425005e-01  6.5596649373e+00  2.1840678239e+00  1.8720064684e-01  5.5736532062e+00  1.8903164647e+00 -2.0916927729e+00  5.3665662171e+00  1.2075794977e+00  2.1496870888e+00  3.4880122344e+00  6.3895710902e-01 -2.3972455713e+00  3.2955802058e+00 -5.0546796345e-02  1.8588802721e+00  4.9086729657e-01 -3.0990638908e+00 -1.4348468215e+00 -2.7549591934e-01 -1.7479374157e+00 -2.2590359507e+00 -6.6670768246e-01 -5.5799628911e-01 -2.3445968503e-01 -6.4696462413e-01 -2.1803902346e+00  4.7878011434e-01  1.8515336521e+00 -7.9763694456e-01 -2.6001089909e+00  2.6029856652e+00 -2.1381556859e+00 -1.7296384243e+00  1.0922747927e+00 -3.0518210654e-01  1.3721884003e+00  1.3036819727e+00 -2.6453059450e+00  2.1197821953e+00  2.9181399871e+00 -2.1266148907e+00  1.6102555887e+00  1.9503092400e+00 -3.1532898554e+00  5.5499237772e-01
ENERGY -4.830405096130e+02

JOB 15
COORDS  5.6819241052e+00  1.4416185833e+00  2.1158343459e-01  4.5404122142e+00  1.9083543837e+00 -4.5098458579e-01  5.7382732021e+00  1.1053326896e-01  6.3635636454e-01  3.4640559911e+00  1.0491459907e+00 -6.8710701790e-01  4.6594954239e+00 -7.4798951907e-01  3.9910181499e-01  3.5148481737e+00 -2.8893674383e-01 -2.6326948679e-01  7.3191135924e-01 -2.2308175752e+00 -1.7688246201e+00  2.0244282763e-01 -1.9279348988e+00 -3.4158612285e-01  2.0476392661e+00 -1.4320643149e+00 -1.8725111713e+00  1.1682876400e+00 -8.7466928645e-01  2.2770866307e-01  1.3194109532e+00 -9.0663531256e-01  1.7433717974e+00  2.4273291049e+00 -1.2036390398e+00 -4.7076265321e-01  6.5186247977e+00  2.1108837168e+00  3.9504390579e-01  4.4894309695e+00  2.9428502243e+00 -7.8224085298e-01  6.6205789293e+00 -2.5951468283e-01  1.1528381225e+00  2.5802101143e+00  1.4213855916e+00 -1.1991426465e+00  4.6842476166e+00 -1.7843186935e+00  7.2435021437e-01  9.1468800418e-01 -3.3011300881e+00 -1.8934248143e+00  2.6968467868e-02 -1.9267973327e+00 -2.5475864136e+00 -8.3029889833e-01 -1.5675282595e+00 -3.3640417164e-01  2.4183921553e-01 -2.8279064552e+00  2.7981669456e-01  1.8746413188e+00 -4.8525656508e-01 -2.4132415958e+00  2.8443973561e+00 -1.9690575902e+00 -2.3958936640e+00  8.1397212929e-01  1.3088231038e-01 -7.1154091334e-02  3.5478945528e-01 -7.1609912366e-01  2.2261959242e+00  2.0272114369e+00 -1.4700560097e-01  2.0893316698e+00  1.6838793566e+00 -1.8877405294e+00  2.0660016033e+00
ENERGY -4.830384501182e+02

JOB 16
COORDS  5.7188105148e+00  1.4187731233e+00  1.6415421642e-01  4.4896650542e+00  1.9394869752e+00 -2.5614919997e-01  5.8417905905e+00  4.5288154763e-02  3.9860764479e-01  3.3936982117e+00  1.0928643611e+00 -4.4456933147e-01  4.7416121465e+00 -7.9932395345e-01  2.2042942568e-01  3.5083336905e+00 -2.8536842461e-01 -1.9981952657e-01  8.1101152358e-01 -2.3081040707e+00 -1.7384730217e+00  1.9334262794e-01 -1.9239058123e+00 -3.6740976193e-01  2.1307508299e+00 -1.5132031166e+00 -1.8043061036e+00  1.1204620958e+00 -8.3233995012e-01  1.9591155448e-01  1.1779060692e+00 -7.7131728917e-01  1.7174080974e+00  2.4203525268e+00 -1.1997338940e+00 -3.9566354105e-01  6.5707171822e+00  2.0780907144e+00  3.0945778435e-01  4.3862893301e+00  3.0060169122e+00 -4.4156292296e-01  6.7920637212e+00 -3.6763770179e-01  7.2820078331e-01  2.4456087319e+00  1.5071466200e+00 -7.7730896553e-01  4.8169115454e+00 -1.8664851030e+00  4.1083387649e-01  1.0010503854e+00 -3.3832130470e+00 -1.7893868191e+00  1.5685394381e-01 -2.0515611229e+00 -2.5763670595e+00 -8.3761927985e-01 -1.5677602569e+00 -4.4931689446e-01  1.9327911978e-01 -2.7848289296e+00  3.0814748954e-01  1.9991119331e+00 -5.9319700052e-01 -2.4012017759e+00  2.9585792596e+00 -2.0763776778e+00 -2.2453889563e+00  7.7406502508e-01  1.4665837105e-01 -1.8618373706e-01  1.8543822383e-01 -5.5849893981e-01  2.1292189488e+00  1.8613812592e+00  1.2431034637e-02  2.0588686181e+00  1.5258801125e+00 -1.7285505208e+00  2.1197083096e+00
ENERGY -4.830386644581e+02

JOB 17
COORDS  5.7299327155e+00  1.4020503801e+00  1.5145763652e-01  4.4543760621e+00  1.9456851960e+00 -2.7523057778e-02  5.8851180150e+00  1.1026038183e-02  1.8273453368e-01  3.3433148010e+00  1.1102436421e+00 -1.8273698789e-01  4.7737838175e+00 -8.2330621913e-01  4.6749997847e-02  3.4899332796e+00 -2.8585893577e-01 -1.3464351903e-01  8.6902390101e-01 -2.3969111875e+00 -1.6789548139e+00  1.8890887508e-01 -1.9453184397e+00 -3.5985133274e-01  2.1884746534e+00 -1.6005384564e+00 -1.7232379551e+00  1.0727249711e+00 -8.0301306617e-01  1.7148575410e-01  1.0391770524e+00 -6.3524316639e-01  1.6858540411e+00  2.4040060752e+00 -1.1950797743e+00 -3.2254843679e-01  6.5918915850e+00  2.0534958973e+00  2.6951413708e-01  4.3225985979e+00  3.0248072233e+00 -5.4519534584e-02  6.8713202666e+00 -4.2367345240e-01  3.2662650629e-01  2.3614811781e+00  1.5500549930e+00 -3.3097100310e-01  4.8801509595e+00 -1.9041414972e+00  8.9928595308e-02  1.0617582849e+00 -3.4726934639e+00 -1.6670676533e+00  2.5484975901e-01 -2.1840443236e+00 -2.5582373313e+00 -8.4509519408e-01 -1.6180183534e+00 -5.0144306539e-01  1.8116816013e-01 -2.7639822088e+00  3.6633166688e-01  2.0872833140e+00 -7.1492978830e-01 -2.3750367619e+00  3.0387051510e+00 -2.1835443927e+00 -2.0882426172e+00  7.3453362252e-01  1.3734017797e-01 -3.0366176231e-01  2.0848734067e-02 -4.1060559656e-01  2.0209827774e+00  1.6912688963e+00  1.7901591910e-01  2.0158079794e+00  1.3716095925e+00 -1.5577017885e+00  2.1732421636e+00
ENERGY -4.830395910427e+02

JOB 18
COORDS  5.7566658005e+00  1.3958055553e+00  1.3321509675e-01  4.4687230063e+00  1.9361464988e+00  1.4367086142e-01  5.9144935324e+00  1.1956078197e-02 -1.8562687750e-02  3.3477803601e+00  1.1114002286e+00 -4.7715719425e-03  4.7990807353e+00 -8.1468600741e-01 -1.4722555429e-01  3.4981133695e+00 -2.7902824459e-01 -1.4295956347e-01  9.1713043296e-01 -2.4598633898e+00 -1.6550735130e+00  1.8092586114e-01 -1.9076286293e+00 -4.0790790049e-01  2.2496913923e+00 -1.6884495071e+00 -1.6917055551e+00  1.0621989346e+00 -7.5416244393e-01  1.0752711219e-01  9.6160823715e-01 -5.4148979753e-01  1.6151284751e+00  2.4067039391e+00 -1.1725749006e+00 -3.1854972050e-01  6.6247001510e+00  2.0397214445e+00  2.4658587578e-01  4.3303645594e+00  3.0085876555e+00  2.5927698557e-01  6.9100335324e+00 -4.2538981107e-01 -2.0697379740e-02  2.3588652605e+00  1.5580466584e+00 -8.6609071195e-03  4.9196417566e+00 -1.8911150745e+00 -2.3783056850e-01  1.0905509677e+00 -3.5345975795e+00 -1.5574421628e+00  3.5049447411e-01 -2.3026291277e+00 -2.5768282951e+00 -8.3335916266e-01 -1.5629321268e+00 -6.2813903967e-01  1.0649969717e-01 -2.6791565892e+00  3.6449566422e-01  2.1987081135e+00 -8.5466411385e-01 -2.4129333149e+00  3.1026010123e+00 -2.3128060114e+00 -1.9696309872e+00  7.5477753016e-01  1.7189908553e-01 -4.1402247815e-01 -7.1939374752e-02 -3.1058331052e-01  1.8949433757e+00  1.5965806183e+00  2.7941379815e-01  1.9590401294e+00  1.2693604079e+00 -1.4514789203e+00  2.1404326606e+00
ENERGY -4.830407218939e+02

JOB 19
COORDS  5.7244783403e+00  1.4623127375e+00  1.2461225668e-03  4.4301209838e+00  1.9796339009e+00  9.6399115570e-02  5.8908773318e+00  8.0025170047e-02 -1.5231360690e-01  3.3147719273e+00  1.1382170742e+00  3.3864306534e-02  4.7841237523e+00 -7.6638145590e-01 -1.9566714696e-01  3.4736360157e+00 -2.5537086310e-01 -9.4525633742e-02  8.1267201377e-01 -2.1407890733e+00 -1.7118493771e+00  1.5830467456e-01 -1.8378124346e+00 -3.5834037791e-01  2.3177886163e+00 -1.9784766099e+00 -1.4279399000e+00  1.0422892264e+00 -7.1952591526e-01  2.0285606643e-01  9.2377920063e-01 -5.3133673570e-01  1.7138492531e+00  2.3920278290e+00 -1.1507212420e+00 -1.9794475477e-01  6.5873051880e+00  2.1212189386e+00  4.5692248427e-02  4.2804636647e+00  3.0512864621e+00  2.0605453224e-01  6.8899081743e+00 -3.4291055681e-01 -2.2770210653e-01  2.3232404303e+00  1.5738786339e+00  9.4014831728e-02  4.9237820681e+00 -1.8393196815e+00 -2.9725100396e-01  5.6658785884e-01 -3.1330459123e+00 -2.0997214707e+00  4.8852973178e-01 -1.4034739186e+00 -2.4539650190e+00 -8.8925678621e-01 -1.5342004785e+00 -4.4003786926e-01  2.1125832417e-01 -2.7119690535e+00  3.0115682261e-01  2.8437093801e+00 -1.4920880687e+00 -2.2580436479e+00  2.7958417935e+00 -2.9518080559e+00 -1.2610699507e+00  7.5510770476e-01  2.2034860360e-01 -3.0173831114e-01 -9.8155294167e-02 -2.4122384717e-01  1.9822031671e+00  1.6027681055e+00  2.4398538836e-01  2.0796780393e+00  1.1701676709e+00 -1.4658135378e+00  2.2281939655e+00
ENERGY -4.830424789079e+02

JOB 20
COORDS  5.7384925867e+00  1.4928409176e+00 -2.5209764894e-02  4.4525046428e+00  1.9896316113e+00  2.0301532584e-01  5.8918795891e+00  1.2907192666e-01 -3.0382678217e-01  3.3357155521e+00  1.1509432201e+00  1.5247537076e-01  4.7866794801e+00 -7.1904186833e-01 -3.4348052753e-01  3.4824442663e+00 -2.2773806017e-01 -1.1010788458e-01  8.7028626688e-01 -2.1571962140e+00 -1.6940185628e+00  1.4914143054e-01 -1.7746743721e+00 -3.9712199295e-01  2.3530204156e+00 -2.0826033661e+00 -1.2988762686e+00  1.0421754070e+00 -6.7197245235e-01  1.8786579041e-01  8.8443986459e-01 -5.0218783196e-01  1.6993452706e+00  2.3977233944e+00 -1.1059180758e+00 -1.8991408382e-01  6.6017391452e+00  2.1513676081e+00  1.2417226239e-02  4.3084590774e+00  3.0473688567e+00  4.1131697089e-01  6.8828900886e+00 -2.8136719739e-01 -4.8335531219e-01  2.3529928099e+00  1.5778129207e+00  3.1790503106e-01  4.9278590206e+00 -1.7777884174e+00 -5.4125814355e-01  5.8794764493e-01 -3.1425975237e+00 -2.0750241526e+00  6.5300314787e-01 -1.4192766214e+00 -2.4740335872e+00 -8.7665292853e-01 -1.4293900566e+00 -5.5327590136e-01  1.1947428170e-01 -2.6284481842e+00  2.9021907516e-01  2.9900938725e+00 -1.7559500026e+00 -2.1280639366e+00  2.7188462020e+00 -3.0642119438e+00 -9.6777224799e-01  7.8544549098e-01  2.7762843857e-01 -3.1229761102e-01 -1.4132581894e-01 -2.0311691432e-01  1.9427404321e+00  1.5625512407e+00  2.5683949216e-01  2.0980925088e+00  1.1028883007e+00 -1.4475242982e+00  2.2064502656e+00
ENERGY -4.830447736921e+02

JOB 21
COORDS  5.7196554987e+00  1.4927935148e+00 -7.9579399506e-03  4.4423314284e+00  1.9667690832e+00  3.0643492333e-01  5.8566959712e+00  1.5868878266e-01 -4.0781714863e-01  3.3228389923e+00  1.1369817043e+00  2.2327993341e-01  4.7486591128e+00 -6.8379771293e-01 -4.8887659018e-01  3.4512416587e+00 -2.1306951593e-01 -1.7716217577e-01  8.8127095316e-01 -2.2438544048e+00 -1.7005454548e+00  1.1423053273e-01 -1.7766560032e+00 -4.5918306474e-01  2.3448661868e+00 -2.1660279695e+00 -1.2459436379e+00  1.0015053882e+00 -6.6575396176e-01  1.3021889377e-01  8.4622472586e-01 -5.3807791021e-01  1.6487214339e+00  2.3586022181e+00 -1.0643926581e+00 -2.7443911432e-01  6.5860352756e+00  2.1446617932e+00  5.9001927550e-02  4.3079908800e+00  3.0014533862e+00  6.1377806471e-01  6.8398076365e+00 -2.3747095671e-01 -6.5180306537e-01  2.3480957734e+00  1.5495844276e+00  4.5655508893e-01  4.8896062181e+00 -1.7214882195e+00 -7.7466838161e-01  5.9643141599e-01 -3.2456386514e+00 -2.0342620872e+00  7.1530583261e-01 -1.5492553942e+00 -2.5313183806e+00 -8.9511964579e-01 -1.4177997032e+00 -6.7813019350e-01  2.8932813986e-02 -2.5978552459e+00  2.6229910182e-01  3.0254073445e+00 -1.9566492161e+00 -2.0778978289e+00  2.6661181688e+00 -3.1112002459e+00 -7.8380396110e-01  7.3353229116e-01  2.9315271952e-01 -3.4301286132e-01 -1.8723343878e-01 -2.7467691002e-01  1.9012633299e+00  1.5038204557e+00  2.2666496793e-01  2.0688304751e+00  1.0897568549e+00 -1.4908251948e+00  2.1300950928e+00
ENERGY -4.830458562775e+02

JOB 22
COORDS  5.7592510978e+00  1.5391491318e+00 -1.1556875889e-01  4.5441810379e+00  1.9173806993e+00  4.6468435220e-01  5.8293044426e+00  3.0072234580e-01 -7.6161293223e-01  3.4245819698e+00  1.0870071907e+00  4.0635298302e-01  4.7189140182e+00 -5.4090764577e-01 -8.3024080862e-01  3.4858391501e+00 -1.6936323485e-01 -2.4283071543e-01  9.2985939640e-01 -2.6760984825e+00 -1.1287406147e+00  1.1082498044e-01 -1.4080095486e+00 -8.4975482770e-01  2.3587688355e+00 -2.1389499133e+00 -1.2462356571e+00  1.0309718613e+00 -5.6624131740e-01  5.7213356453e-02  7.4950581631e-01 -7.7709601686e-01  1.5512796896e+00  2.3864824983e+00 -1.0119573288e+00 -3.1247059817e-01  6.6268696198e+00  2.1907877602e+00 -6.5277667856e-02  4.4607152603e+00  2.8750728318e+00  9.7344525359e-01  6.7604286166e+00 -1.8689473895e-02 -1.2241592114e+00  2.5068960385e+00  1.4164355577e+00  8.7982873120e-01  4.8121024583e+00 -1.4922283228e+00 -1.3421193081e+00  8.5818975476e-01 -3.3726457429e+00 -2.8694581370e-01  6.1120322346e-01 -3.2051859241e+00 -2.0306893133e+00 -7.7957102374e-02 -8.7329046489e-01 -1.7870058660e+00 -8.5500823657e-01 -1.6132067255e+00 -3.7971703096e-01  2.5778407066e+00 -1.8075065132e+00 -2.2743312441e+00  3.1040066269e+00 -2.8957632714e+00 -9.7690991618e-01  9.1450963281e-01  4.9740314433e-01 -1.8300946140e-01 -2.2893376430e-01 -3.6363461693e-01  1.8217334010e+00  1.5106632854e+00 -2.9242982944e-01  2.1690432524e+00  7.5413015915e-01 -1.8445669673e+00  1.7962985330e+00
ENERGY -4.830473829241e+02

JOB 23
COORDS  5.7701859873e+00  1.5111914779e+00 -5.0942362080e-02  4.5586087251e+00  1.8920413713e+00  5.3639923142e-01  5.8119864531e+00  3.1366722661e-01 -7.7207952160e-01  3.4162267270e+00  1.1017143286e+00  4.1485048791e-01  4.6777401177e+00 -4.8714842955e-01 -9.0809581203e-01  3.4467113846e+00 -1.0970354490e-01 -3.1861718244e-01  9.0637982858e-01 -2.6919675425e+00 -1.0602158614e+00  7.4192747046e-02 -1.4160948672e+00 -8.5628765792e-01  2.3392245505e+00 -2.1589367953e+00 -1.2029219167e+00  9.8714353205e-01 -5.2872776840e-01  9.8600906960e-03  7.8358950575e-01 -7.6858795688e-01  1.5150964803e+00  2.3275732638e+00 -9.0668271079e-01 -4.5083704932e-01  6.6569480219e+00  2.1299293351e+00  5.2137992832e-02  4.4981503880e+00  2.8176809754e+00  1.1043957949e+00  6.7402451629e+00 -6.2869009200e-03 -1.2401057979e+00  2.4986823839e+00  1.4316239027e+00  8.8870379723e-01  4.7477456552e+00 -1.4069928932e+00 -1.4781357927e+00  8.3056010152e-01 -3.3405627619e+00 -1.8176467384e-01  5.9348314761e-01 -3.2743342019e+00 -1.9306445699e+00 -1.0688670493e-01 -9.2884450317e-01 -1.8205445580e+00 -8.9378406990e-01 -1.6039068209e+00 -3.8340211180e-01  2.5928197511e+00 -1.9793539723e+00 -2.2594946920e+00  3.0821216804e+00 -2.8600550921e+00 -8.0246210869e-01  8.1112507854e-01  5.3076764297e-01 -2.1156855617e-01 -1.9659701740e-01 -3.9549817350e-01  1.8334637950e+00  1.5514480781e+00 -2.6282935759e-01  2.1061686027e+00  8.3716736502e-01 -1.8370934472e+00  1.7487385916e+00
ENERGY -4.830473087468e+02

