JOB 0
COORDS -1.4506936571e+00  1.7402892118e+00  1.1113108931e-01  5.4608772132e+00  4.8542471160e-01  2.1121651071e+00 -1.5519720898e+00  9.5401630068e-01  1.2607757965e+00  4.2681037639e+00  1.2103258993e+00  2.0836467204e+00 -4.1699236862e-01  1.5187926666e+00 -8.0421215734e-01  5.4622386512e+00 -8.7375273824e-01  1.7866554416e+00 -6.0879652644e-01 -5.0229846136e-02  1.4879332291e+00  3.0840993626e+00  5.6653291528e-01  1.7180866315e+00  5.4236627138e-01  5.1451909609e-01 -6.1078035402e-01  4.2910716255e+00 -1.5497588135e+00  1.4148604855e+00  4.1701870520e-01 -2.5665736085e-01  5.6317475039e-01  3.1056068992e+00 -7.8818852154e-01  1.3771827486e+00  1.6382356499e+00  3.1452654761e-01 -1.6304975350e+00  4.3417629228e+00 -3.0243005419e+00  1.0906163975e+00  1.0551997647e+00 -2.2998935103e+00  2.1363916717e+00  1.7715521763e+00 -2.3855940400e+00 -2.9992043632e-01  1.5540490531e+00 -1.6103239005e+00  9.3402037052e-01 -2.1761546733e+00  2.5274315637e+00 -7.7616742484e-02  6.3901593373e+00  9.7374126503e-01  2.3934990142e+00 -2.3541391737e+00  1.1178931184e+00  1.9746384279e+00  4.2528303975e+00  2.2648806726e+00  2.3440685533e+00 -3.5086522325e-01  2.1374989838e+00 -1.6957439819e+00  6.3941572464e+00 -1.4324772726e+00  1.8247169751e+00 -6.5631958985e-01 -6.8067869809e-01  2.3700627260e+00  2.1528262676e+00  1.1225405038e+00  1.6977480950e+00  1.5568314736e+00  1.0625032584e+00 -2.4226484138e+00  1.5835224583e+00 -6.8309333668e-01 -2.0714073300e+00  2.6308149076e+00  4.0492287930e-01 -1.1780541770e+00  5.3358911402e+00 -3.4227418744e+00  1.3067973749e+00  4.1064571396e+00 -3.2038344728e+00  3.8711903680e-02  3.6092721104e+00 -3.5863089742e+00  1.6770650361e+00
ENERGY -1.090610530588e+03

JOB 1
COORDS -1.3767539639e+00  1.7474411354e+00  9.0052018930e-03  5.4176373820e+00  5.1936399723e-01  2.0884547019e+00 -1.5566966794e+00  1.0350118448e+00  1.1965963943e+00  4.1930552841e+00  1.1610393316e+00  2.2898003224e+00 -3.1240075834e-01  1.4391526505e+00 -8.4415543401e-01  5.4491765911e+00 -7.9144841488e-01  1.6083811031e+00 -6.5959870782e-01  1.6371747920e-02  1.5247653049e+00  3.0110402167e+00  4.8219796547e-01  1.9947749304e+00  6.0111512957e-01  4.1752050399e-01 -5.4828200299e-01  4.2780562884e+00 -1.5032896500e+00  1.3013935320e+00  3.9742640583e-01 -2.7713003084e-01  6.6103170289e-01  3.0596088031e+00 -8.2300168845e-01  1.4941515725e+00  1.7355781200e+00  1.1948440289e-01 -1.4992441715e+00  4.3852018410e+00 -2.9276004131e+00  8.0793316210e-01  9.6379897619e-01 -2.1737440982e+00  2.4309674470e+00  1.6383900885e+00 -2.5436756834e+00  7.7701161904e-03  1.4766317461e+00 -1.6390638433e+00  1.1586131359e+00 -2.0651490206e+00  2.5451622031e+00 -2.5788852436e-01  6.3481329707e+00  1.0352074888e+00  2.3104580610e+00 -2.3832256294e+00  1.2673515311e+00  1.8621093199e+00  4.1543316110e+00  2.1767596020e+00  2.6730096212e+00 -1.8586947228e-01  2.0009461608e+00 -1.7663513341e+00  6.4071750929e+00 -1.2861516891e+00  1.4687203336e+00 -7.6581941434e-01 -5.5722795751e-01  2.4401444001e+00  2.0553287812e+00  9.7376279416e-01  2.1451721716e+00  1.6904040461e+00  7.8655899418e-01 -2.3632065633e+00  1.6956009131e+00 -9.1609466489e-01 -1.8439821243e+00  2.7081468713e+00  2.5737418679e-01 -1.0152235364e+00  5.4228361857e+00 -3.2646603997e+00  8.7048169818e-01  4.0429891433e+00 -3.0164684703e+00 -2.2559695592e-01  3.7648225724e+00 -3.6069091235e+00  1.3982209680e+00
ENERGY -1.090610396894e+03

JOB 2
COORDS -1.2991597808e+00  1.7431756304e+00 -1.1001213416e-01  5.3874276702e+00  5.4463286072e-01  2.1138383864e+00 -1.5310965179e+00  1.1259489621e+00  1.1210975063e+00  4.1695636275e+00  1.0961668317e+00  2.5224759185e+00 -2.2313688811e-01  1.3421786064e+00 -9.0795527104e-01  5.4129268362e+00 -6.9354227722e-01  1.4709373847e+00 -6.7492910530e-01  1.0874620729e-01  1.5480081400e+00  2.9903813487e+00  3.9781937421e-01  2.2721765710e+00  6.5039972678e-01  3.1984937619e-01 -5.1139518456e-01  4.2418667241e+00 -1.4230299771e+00  1.2000557194e+00  3.9504368648e-01 -2.7799953277e-01  7.3864467880e-01  3.0296197897e+00 -8.3484660467e-01  1.6098376916e+00  1.7997450211e+00 -8.1238406773e-02 -1.4046326720e+00  4.3592404378e+00 -2.7614047389e+00  5.0733402663e-01  8.9604978957e-01 -2.0022020859e+00  2.6875604166e+00  1.5331118587e+00 -2.6545978432e+00  3.1227122260e-01  1.4203789754e+00 -1.6308452440e+00  1.3633210556e+00 -1.9560564483e+00  2.5379592393e+00 -4.5391257081e-01  6.3176486161e+00  1.0752157094e+00  2.2993240527e+00 -2.3675012867e+00  1.4300513315e+00  1.7440589039e+00  4.1364519286e+00  2.0551011128e+00  3.0316540753e+00 -5.5743550475e-02  1.8295969385e+00 -1.8653327455e+00  6.3671192652e+00 -1.1168958677e+00  1.1674038498e+00 -8.2355585102e-01 -3.9302449561e-01  2.4990331488e+00  2.0379916101e+00  8.1493496239e-01  2.5846056851e+00  1.7750809189e+00  4.9078684164e-01 -2.3350229259e+00  1.7596686023e+00 -1.1469093974e+00 -1.6413881615e+00  2.7631676261e+00  1.0633824598e-01 -9.1880284704e-01  5.4138391044e+00 -3.0150797248e+00  3.7387436766e-01  3.8714923021e+00 -2.7502394360e+00 -4.6999531142e-01  3.8784394442e+00 -3.5580574074e+00  1.0793043184e+00
ENERGY -1.090610241395e+03

JOB 3
COORDS -1.5548210024e+00 -1.6896392058e+00  4.8634772592e-01  5.1954260082e+00 -8.4690913121e-01  2.5676670770e+00 -8.5795518164e-01 -2.3116040033e+00 -5.5168248406e-01  4.4973264776e+00 -1.8741843674e+00  1.9256438425e+00 -1.0351783345e+00 -5.4271973552e-01  1.0934508262e+00  5.0853148209e+00  4.6618604459e-01  2.1094235242e+00  3.6264567194e-01 -1.7794437118e+00 -9.7126106029e-01  3.6887631293e+00 -1.5638819103e+00  8.3524679393e-01  1.8504047838e-01  1.8818916965e-02  6.9111538377e-01  4.2755608520e+00  8.1536181427e-01  1.0135730309e+00  8.6972544088e-01 -6.3404902398e-01 -3.5277196780e-01  3.5749468963e+00 -2.3916778534e-01  3.9518332531e-01  7.0330991068e-01  1.2584742445e+00  1.3777889701e+00  4.2416353568e+00  2.2606933734e+00  5.6993386868e-01  2.8647921666e+00 -9.5293995153e-01 -2.0593195791e+00  2.3039257563e+00  1.4146375518e+00 -1.3068749287e+00  2.4446395845e+00 -1.7635319036e-02 -1.0033808895e+00 -2.5053759853e+00 -2.0936816385e+00  8.2491342192e-01  5.8312828565e+00 -1.0681507574e+00  3.4209078610e+00 -1.2574999639e+00 -3.2000177341e+00 -1.0326142005e+00  4.5826816321e+00 -2.9021545991e+00  2.2660206752e+00 -1.5888229048e+00 -6.5284735005e-02  1.8982734935e+00  5.6446563600e+00  1.2530118905e+00  2.6092179804e+00  9.2885960828e-01 -2.2364579667e+00 -1.7764976493e+00  3.1435030492e+00 -2.3493836666e+00  3.2088315649e-01 -2.4495811089e-02  1.6213408050e+00  2.1072376798e+00  9.0424447732e-01  2.0521207114e+00  6.5470504441e-01  1.6380289172e+00  1.0534433769e+00  1.9097393937e+00  4.9251453997e+00  2.8488608575e+00  1.1873742388e+00  3.2407727794e+00  2.6891080600e+00  6.5084148338e-01  4.5344895766e+00  2.3667548812e+00 -4.7642136402e-01
ENERGY -1.090609997639e+03

JOB 4
COORDS -1.5510121233e+00 -1.6146184635e+00  5.7107841107e-01  5.1903843126e+00 -9.1080947669e-01  2.5269446357e+00 -8.4585454750e-01 -2.3131293148e+00 -4.1061038391e-01  4.6661647373e+00 -1.9446255875e+00  1.7458950975e+00 -1.0360842353e+00 -4.2265264154e-01  1.0864641612e+00  4.9538865398e+00  4.1902491390e-01  2.1763284450e+00  3.7428641279e-01 -1.8101089913e+00 -8.6376408201e-01  3.8862826711e+00 -1.6260433483e+00  6.3675111360e-01  1.8597985619e-01  1.1044936418e-01  6.5018589111e-01  4.1767246518e+00  7.7756076544e-01  1.0603354959e+00  8.7968882640e-01 -6.1699974549e-01 -3.3688932488e-01  3.6431065421e+00 -2.8705098109e-01  3.0402202863e-01  6.8749682985e-01  1.3980555840e+00  1.2522480566e+00  4.0844031121e+00  2.2425598151e+00  6.9086419574e-01  2.8111015390e+00 -1.0662086101e+00 -2.0868936820e+00  2.3596327304e+00  1.3478059835e+00 -1.4016459561e+00  2.4616848326e+00 -7.7897672544e-02 -1.0537662751e+00 -2.5027288059e+00 -1.9926442891e+00  9.3540639946e-01  5.7948713776e+00 -1.1379256433e+00  3.4012226355e+00 -1.2392050854e+00 -3.2374217059e+00 -8.2433885797e-01  4.8573548127e+00 -2.9838291918e+00  1.9977427353e+00 -1.5951543581e+00  1.1637963442e-01  1.8473568585e+00  5.3933410830e+00  1.2127236578e+00  2.7752453071e+00  9.3964194422e-01 -2.3259876829e+00 -1.6327612075e+00  3.4642678065e+00 -2.4127978045e+00  1.9386826518e-02 -6.4238323306e-02  1.8222051594e+00  1.9219102118e+00  9.2023399181e-01  2.1292728795e+00  4.7575552553e-01  1.5973236177e+00  1.2282469889e+00  1.8363749893e+00  4.6298588956e+00  2.8394553721e+00  1.4261147053e+00  3.0598895127e+00  2.6067134602e+00  6.3535550374e-01  4.5222652224e+00  2.4189315759e+00 -2.9453419929e-01
ENERGY -1.090608058014e+03

JOB 5
COORDS -1.3759070960e+00 -1.3194650165e+00  9.1858510704e-01  5.7664698920e+00 -1.4271768983e+00  2.0665083854e+00 -3.7653716642e-01 -2.2354097167e+00  5.7665168661e-01  5.3417615995e+00 -2.2332051304e+00  1.0080430974e+00 -1.1830849318e+00  4.1964067256e-02  6.8471365695e-01  5.2051391667e+00 -1.6168797391e-01  2.2525538476e+00  8.0845843013e-01 -1.7685956664e+00  1.4344991771e-02  4.3567216920e+00 -1.7581791416e+00  1.4229262400e-01  1.5751589206e-03  5.4853700401e-01  1.1982203614e-01  4.2061569899e+00  3.4115794092e-01  1.4046806975e+00  9.9670300694e-01 -3.9725979587e-01 -1.9942614938e-01  3.7804836273e+00 -5.0139437971e-01  3.5797693293e-01  1.0022153468e-01  2.0375454272e+00 -1.3297233146e-01  3.6084403178e+00  1.6988827723e+00  1.6925712051e+00  2.8045337511e+00 -8.4659596453e-01 -2.0687458461e+00  2.7072561469e+00  1.4989228248e+00 -1.0850915350e+00  2.6048869318e+00  4.3857865582e-02 -9.1308104239e-01 -2.3077210883e+00 -1.6647560397e+00  1.3588076263e+00  6.5398082467e+00 -1.7781262099e+00  2.7448821148e+00 -5.1838886913e-01 -3.2997623518e+00  7.4082679992e-01  5.7836817026e+00 -3.2119380787e+00  8.4379757440e-01 -1.9744630039e+00  7.4248352592e-01  9.3909687786e-01  5.5488553173e+00  4.5941337258e-01  3.0759883858e+00  1.5865064342e+00 -2.4697443569e+00 -2.6794129183e-01  4.0498779780e+00 -2.3395413144e+00 -7.2078493783e-01 -8.2568878118e-01  2.5236791615e+00  1.8430952864e-01  2.6441486146e-01  2.2534895045e+00 -1.1906343618e+00  9.3451660505e-01  2.4932913464e+00  4.0321303516e-01  4.0575588397e+00  2.1224752694e+00  2.5940550071e+00  2.5290493771e+00  1.6228666624e+00  1.8595172514e+00  3.7558156757e+00  2.3880624805e+00  8.5973142140e-01
ENERGY -1.090606770253e+03

JOB 6
COORDS -1.3327893241e+00 -1.1216581090e+00  1.1057287412e+00  5.7896605531e+00 -1.5186320116e+00  1.9559434765e+00 -2.9033263555e-01 -2.0395339042e+00  9.4597013752e-01  5.5124847108e+00 -2.1850991684e+00  7.6028078401e-01 -1.1908111622e+00  1.8509115209e-01  6.3831542231e-01  5.0780132515e+00 -3.6567738050e-01  2.3007863046e+00  8.8595186450e-01 -1.6287592102e+00  3.2350901069e-01  4.5191841277e+00 -1.6875327903e+00 -8.5138534488e-02 -1.6554640023e-02  6.3327736825e-01  7.3399518333e-03  4.0752123857e+00  1.5963070963e-01  1.4733473888e+00  1.0204000536e+00 -3.1043793077e-01 -1.2855860347e-01  3.8089512532e+00 -5.4155677754e-01  2.8081438424e-01  4.7041304644e-02  2.0631234675e+00 -4.8068234145e-01  3.3175895378e+00  1.3950997617e+00  1.8979819618e+00  2.7133843410e+00 -7.8910826063e-01 -2.1139080279e+00  2.7640010394e+00  1.5252893309e+00 -1.0584560344e+00  2.6049106109e+00  6.9853193129e-02 -9.2323477175e-01 -2.2577865915e+00 -1.4236374211e+00  1.5899234181e+00  6.5621988714e+00 -1.8929436536e+00  2.6226828920e+00 -3.9102948006e-01 -3.0620458153e+00  1.2984360832e+00  6.0666275078e+00 -3.0771526980e+00  4.8217976560e-01 -2.0123623455e+00  8.8665731135e-01  7.5945942883e-01  5.3051535636e+00  1.4447765939e-01  3.2336663874e+00  1.7020344710e+00 -2.3322155050e+00  1.9206513310e-01  4.2927255044e+00 -2.1670309106e+00 -1.0322383379e+00 -9.1486297767e-01  2.5525263915e+00 -3.0868637473e-01  2.8145523065e-01  2.1179839547e+00 -1.5458518214e+00  8.2727402482e-01  2.6293815217e+00  3.2875343336e-02  3.6525544734e+00  1.7243308404e+00  2.8844103907e+00  2.2415960718e+00  1.1981300136e+00  1.9550436504e+00  3.4571063243e+00  2.2083803667e+00  1.1826993178e+00
ENERGY -1.090609651553e+03

JOB 7
COORDS -1.2760391882e+00 -9.6674737341e-01  1.2393114608e+00  5.7898962283e+00 -1.5435390264e+00  1.9108206380e+00 -2.4733533353e-01 -1.9067420730e+00  1.1253067769e+00  5.6546647033e+00 -2.0972636572e+00  6.3583848079e-01 -1.1379142704e+00  2.9423039508e-01  6.5813825568e-01  4.9516527132e+00 -5.0133893522e-01  2.3183867222e+00  9.1157464160e-01 -1.5624185124e+00  4.3353048910e-01  4.6693783205e+00 -1.6052214371e+00 -2.2255848090e-01  1.9823527281e-02  6.7589284833e-01 -4.2958204424e-02  3.9591965849e+00  2.1403291164e-02  1.4771797365e+00  1.0445427310e+00 -2.8616096393e-01 -1.2648537418e-01  3.8442783417e+00 -5.6080608680e-01  1.9944140038e-01  8.3140702844e-02  2.0603184175e+00 -6.4610236158e-01  3.0831358834e+00  1.1532631562e+00  1.9584115576e+00  2.6616941965e+00 -9.0986009523e-01 -2.1462009315e+00  2.7888582341e+00  1.4509084557e+00 -1.2045597483e+00  2.6073523890e+00  5.3652326487e-03 -9.9495255923e-01 -2.1877764058e+00 -1.2162619851e+00  1.7757170126e+00  6.5492203934e+00 -1.9199967615e+00  2.5913700635e+00 -3.4608504166e-01 -2.8953059126e+00  1.5645045709e+00  6.3041974490e+00 -2.9053855474e+00  3.1150012631e-01 -1.9495347867e+00  1.0123012181e+00  7.4456117421e-01  5.0700774141e+00 -7.6490436705e-02  3.3122353352e+00  1.7179096894e+00 -2.2828910602e+00  3.3447164262e-01  4.5272493588e+00 -2.0199604629e+00 -1.2155405442e+00 -8.7220408060e-01  2.5697580405e+00 -4.9724302281e-01  2.9920661232e-01  2.0277681388e+00 -1.7160524062e+00  8.7672312171e-01  2.6587952031e+00 -1.9292124925e-01  3.4533446811e+00  1.5406047130e+00  2.9105091008e+00  2.0517155153e+00  8.1836809590e-01  2.1100082077e+00  3.0587892982e+00  1.9696172870e+00  1.2328917899e+00
ENERGY -1.090610038445e+03

JOB 8
COORDS -1.2372219354e+00 -8.2084663081e-01  1.3368517630e+00  5.8482600972e+00 -1.4520918663e+00  1.9161780116e+00 -2.5628686378e-01 -1.8082293120e+00  1.2019735856e+00  5.8368691730e+00 -1.8884536965e+00  5.8924024094e-01 -1.0668044368e+00  4.2225901311e-01  7.2655417303e-01  4.8779765781e+00 -5.5319032449e-01  2.3657377738e+00  8.8908958286e-01 -1.5260242211e+00  4.6187014483e-01  4.8388485344e+00 -1.4320657644e+00 -2.7264649575e-01  8.0173796425e-02  7.4283438158e-01 -2.1488882646e-02  3.8716770597e+00 -6.2847235592e-02  1.5197943018e+00  1.0592370805e+00 -2.6384798559e-01 -1.2010379441e-01  3.8854439028e+00 -5.1960940389e-01  1.8804903269e-01  1.7498028786e-01  2.1130794103e+00 -6.5208358285e-01  2.8827480214e+00  9.4655408958e-01  2.0558284343e+00  2.6533473514e+00 -1.0780573595e+00 -2.0905555977e+00  2.7905645785e+00  1.3579305148e+00 -1.3635196560e+00  2.6129044908e+00 -6.4167512982e-02 -1.0249917803e+00 -2.1385702638e+00 -1.0201671083e+00  1.9105382840e+00  6.6122561613e+00 -1.8079924196e+00  2.6024927080e+00 -3.8270994307e-01 -2.7846495639e+00  1.6607945639e+00  6.5864452102e+00 -2.5878566332e+00  2.2988345016e-01 -1.8440929358e+00  1.1755300559e+00  8.2746981175e-01  4.9011667042e+00 -2.1268061656e-01  3.3982156683e+00  1.6590918106e+00 -2.2825030814e+00  3.4123772208e-01  4.7797714257e+00 -1.7853099638e+00 -1.2972185739e+00 -7.5030153031e-01  2.6651489817e+00 -4.6915288089e-01  3.4049670961e-01  2.0524257679e+00 -1.7295347541e+00  1.0129749790e+00  2.6862631288e+00 -2.4865656615e-01  3.2794544470e+00  1.4119302015e+00  2.9616157943e+00  1.9277140703e+00  4.7762287226e-01  2.3112613485e+00  2.6826569868e+00  1.7369041855e+00  1.3291019833e+00
ENERGY -1.090607615670e+03

JOB 9
COORDS -1.3369238186e+00 -6.4770935001e-01  1.3813246480e+00  5.9847744943e+00 -1.1930665901e+00  1.8744196103e+00 -4.5805845438e-01 -1.7230340433e+00  1.2199019538e+00  6.0178508253e+00 -1.5583763604e+00  5.2651575898e-01 -1.0540880598e+00  5.8338143405e-01  7.8793015719e-01  4.8939262722e+00 -4.8175047081e-01  2.3755768640e+00  6.9996223236e-01 -1.5406894367e+00  4.6793341223e-01  4.9434897039e+00 -1.2259759588e+00 -2.9692581078e-01  1.1022662658e-01  8.0513915534e-01  3.1584717995e-02  3.8054640679e+00 -1.1224037267e-01  1.5675750288e+00  9.8570514001e-01 -2.9052170469e-01 -9.5082616971e-02  3.8626535399e+00 -4.9691916021e-01  2.1415758929e-01  3.2945168677e-01  2.1730699250e+00 -5.7258251082e-01  2.7098510201e+00  7.3100987977e-01  2.1812100299e+00  2.5661558586e+00 -1.4224377987e+00 -1.8942560743e+00  2.7116171764e+00  1.0996032937e+00 -1.5961598066e+00  2.5390273472e+00 -2.4200732651e-01 -1.0152273683e+00 -2.2474578377e+00 -7.6830528451e-01  1.9624661074e+00  6.8065776652e+00 -1.4570203907e+00  2.5348682500e+00 -6.7406683208e-01 -2.6902216421e+00  1.6646253328e+00  6.8603234875e+00 -2.1120479448e+00  1.2176072401e-01 -1.7543306008e+00  1.4057498091e+00  9.1057313630e-01  4.8821960748e+00 -1.9117387378e-01  3.4233084795e+00  1.3900362706e+00 -2.3651141189e+00  3.1513058947e-01  4.9250177929e+00 -1.5464891110e+00 -1.3335650021e+00 -4.9639874299e-01  2.8325611508e+00 -2.9454807012e-01  3.9119135240e-01  2.1239545194e+00 -1.6615515761e+00  1.2670105968e+00  2.6234247590e+00 -2.3870923289e-01  3.0591870065e+00  1.1557448822e+00  3.1255485771e+00  1.8079396438e+00  1.4980820288e-01  2.3898075643e+00  2.4273284810e+00  1.5605165123e+00  1.5297047970e+00
ENERGY -1.090603541241e+03

JOB 10
COORDS -1.4962920675e+00 -4.6804755319e-01  1.2131803934e+00  6.2152515218e+00 -8.1366315633e-01  1.6764717565e+00 -8.3672055769e-01 -1.6898916921e+00  1.0566833642e+00  6.2159498623e+00 -1.2480153355e+00  3.4877210923e-01 -9.4842989616e-01  6.9956180348e-01  6.7713249005e-01  5.0374255687e+00 -3.3215826925e-01  2.2457170720e+00  3.7440734926e-01 -1.7235908716e+00  3.6672673026e-01  5.0332919001e+00 -1.1979552180e+00 -3.8401044740e-01  2.7203118873e-01  7.0316601092e-01 -1.7050383996e-02  3.8268180535e+00 -2.5577211931e-01  1.5318137556e+00  9.2172555126e-01 -5.4083909065e-01 -1.4290412855e-01  3.8560526913e+00 -7.0176848668e-01  1.9611898501e-01  7.9468147999e-01  2.0119748257e+00 -5.6405613292e-01  2.6230522455e+00  3.0684911657e-01  2.2560554822e+00  2.4912589487e+00 -2.1197461758e+00 -1.5561709243e+00  2.6762378822e+00  3.8392820783e-01 -1.9348008735e+00  2.4873813941e+00 -7.4940288558e-01 -1.0149456941e+00 -2.4421263230e+00 -4.2225256827e-01  1.7467887422e+00  7.1258460301e+00 -8.5103531504e-01  2.2685016322e+00 -1.2608559413e+00 -2.6057028338e+00  1.4582984450e+00  7.1227970235e+00 -1.6297282235e+00 -1.1163113931e-01 -1.4782525034e+00  1.6409928735e+00  7.9875019230e-01  5.0460699510e+00  1.5794721483e-03  3.2802660850e+00  9.0013217762e-01 -2.6597976716e+00  2.1000084549e-01  5.0141930149e+00 -1.5563938182e+00 -1.4083155721e+00  1.8203087207e-01  2.8373996808e+00 -1.9299405530e-01  7.7200636240e-01  2.0158478374e+00 -1.6561086155e+00  1.8348004364e+00  2.1962279281e+00 -2.8572998904e-01  2.9104091654e+00  5.9584303021e-01  3.2696618511e+00  1.8069061885e+00 -4.1429833494e-01  2.3331044350e+00  2.2279465235e+00  1.1970696698e+00  1.7629155181e+00
ENERGY -1.090600921090e+03

JOB 11
COORDS -1.5936088182e+00 -2.2101277769e-01  1.0862248739e+00  6.2370405294e+00 -3.5536246626e-01  1.4920988920e+00 -1.1340873395e+00 -1.5313088636e+00  9.3209885330e-01  6.2330857095e+00 -8.2089059929e-01  1.7442188759e-01 -8.2862903766e-01  8.5315522128e-01  6.2237687513e-01  5.0288070448e+00 -1.2243694951e-01  2.1458713062e+00  9.8941910781e-02 -1.7546398146e+00  3.1794299681e-01  5.0172332618e+00 -1.0286281281e+00 -4.6957453033e-01  4.1392459179e-01  6.6365401477e-01  5.5990722766e-04  3.7797670326e+00 -3.2857982732e-01  1.5291063496e+00  8.5731141557e-01 -6.6763884883e-01 -1.2365143032e-01  3.8060251832e+00 -7.8966894507e-01  1.9890543074e-01  1.2009463946e+00  1.8622085953e+00 -4.7656441183e-01  2.5426803870e+00 -8.9130173589e-02  2.3687013108e+00  2.3858287757e+00 -2.5239842570e+00 -1.2027742116e+00  2.5963092814e+00 -1.5060833968e-01 -2.0756223992e+00  2.4092815203e+00 -1.0733973270e+00 -9.4363091098e-01 -2.5514619422e+00 -3.1814309946e-02  1.5639116017e+00  7.1755100866e+00 -1.8081983600e-01  2.0115641357e+00 -1.7277934990e+00 -2.3713454356e+00  1.2811039812e+00  7.1642236217e+00 -1.0147903698e+00 -3.5034064293e-01 -1.2013232092e+00  1.8671491174e+00  7.4447209292e-01  5.0413848059e+00  2.2526229738e-01  3.1758310574e+00  4.8249442327e-01 -2.7588740870e+00  1.7104295757e-01  5.0017382531e+00 -1.3725145885e+00 -1.4991760789e+00  7.2795424600e-01  2.7834430133e+00 -1.2774840122e-01  1.2592818197e+00  1.8796776327e+00 -1.5670928930e+00  2.2339839883e+00  1.8486959622e+00 -1.1651811148e-01  2.8338623436e+00  3.5265361451e-02  3.4143224059e+00  1.8356057531e+00 -9.1803275344e-01  2.3153536680e+00  2.0063508048e+00  8.1432582313e-01  2.0697228738e+00
ENERGY -1.090601632690e+03

JOB 12
COORDS -1.5980500672e+00 -6.9878999055e-02  1.0482056673e+00  6.1363915252e+00 -2.1838755528e-02  1.4346328546e+00 -1.2454713040e+00 -1.4160768630e+00  9.2489246609e-01  6.1593630043e+00 -4.1683462321e-01  9.4542893958e-02 -7.3449922066e-01  9.3017508405e-01  5.9098722787e-01  4.9348541514e+00 -4.0048972458e-02  2.1415386649e+00 -1.9484347690e-02 -1.7523395463e+00  3.4895603905e-01  4.9711012254e+00 -8.0019683853e-01 -5.2183709638e-01  5.0212819196e-01  6.2602487431e-01  4.2416638696e-03  3.7199921509e+00 -4.4097616492e-01  1.5561242945e+00  8.3544825557e-01 -7.3952378697e-01 -8.8835112216e-02  3.7706667790e+00 -8.2604392799e-01  2.0254126524e-01  1.4085364211e+00  1.7384830639e+00 -4.6732300577e-01  2.4961831039e+00 -5.0016232005e-01  2.4450198264e+00  2.3231228494e+00 -2.7474847658e+00 -9.2662421570e-01  2.5396220266e+00 -5.1759869789e-01 -2.1244515750e+00  2.3668445529e+00 -1.2751760477e+00 -8.7330895438e-01 -2.5487572956e+00  2.0544280986e-01  1.4974462704e+00  7.0503006961e+00  2.9462585350e-01  1.9303135027e+00 -1.9159647897e+00 -2.1976795634e+00  1.2706173701e+00  7.0867724660e+00 -4.1211882818e-01 -4.7106194007e-01 -1.0234578685e+00  1.9736480201e+00  6.8936732762e-01  4.9288969934e+00  2.5520129216e-01  3.1878922002e+00  2.8763883652e-01 -2.7867689588e+00  2.3433635130e-01  4.9642511764e+00 -1.0633221425e+00 -1.5748423096e+00  9.6888340982e-01  2.7100717839e+00 -2.3023816800e-01  1.5777609558e+00  1.6739569061e+00 -1.5444196520e+00  2.3941525302e+00  1.6871180865e+00  7.1518605188e-03  2.8044796629e+00 -4.3651172671e-01  3.4913398212e+00  1.9409996559e+00 -1.4306528192e+00  2.3164961891e+00  1.8006984000e+00  3.2112041789e-01  2.2549986466e+00
ENERGY -1.090604441442e+03

JOB 13
COORDS -1.5764000100e+00  1.5027463353e-01  1.0889933382e+00  5.9574158438e+00  2.0688695253e-01  1.3533793501e+00 -1.3376877240e+00 -1.2243977787e+00  1.0138168273e+00  5.9665604927e+00 -9.3006092680e-02 -1.1129961942e-02 -6.3874573674e-01  1.0564087761e+00  5.8490258069e-01  4.8136432791e+00 -4.2730745823e-02  2.1130607999e+00 -1.5005297564e-01 -1.6832853429e+00  4.4322777399e-01  4.8175823904e+00 -6.1578020899e-01 -6.0221511121e-01  5.6004713449e-01  6.2763501179e-01 -3.4024802387e-03  3.6472861497e+00 -5.9087150218e-01  1.5536425381e+00  7.8012959966e-01 -7.6320218711e-01 -4.2418066228e-02  3.6837252519e+00 -8.7838058528e-01  1.7555816972e-01  1.5463265965e+00  1.6407698885e+00 -5.3458714831e-01  2.4855177190e+00 -9.0285057737e-01  2.4708835925e+00  2.1722665205e+00 -2.9177380908e+00 -6.4249898143e-01  2.4135999152e+00 -8.8369687631e-01 -2.1523111915e+00  2.2625351512e+00 -1.4552051957e+00 -8.0332350988e-01 -2.4954043291e+00  5.2040452459e-01  1.5360724376e+00  6.8384708738e+00  6.3119975792e-01  1.8276336133e+00 -2.0663861819e+00 -1.9339400221e+00  1.3953772176e+00  6.8497935786e+00  9.5449552330e-02 -6.1482966666e-01 -8.3997768403e-01  2.1233052048e+00  6.4257101879e-01  4.8201388944e+00  1.8200118661e-01  3.1769024033e+00  7.3367028214e-02 -2.7431146739e+00  3.7621226955e-01  4.7816178353e+00 -8.0105630869e-01 -1.6709419700e+00  1.1290855761e+00  2.6479414889e+00 -4.6473062096e-01  1.8016739683e+00  1.4328108494e+00 -1.5759645930e+00  2.4822621829e+00  1.6235270998e+00  3.4002752086e-02  2.8310490852e+00 -9.1745790684e-01  3.5075750728e+00  2.0472401918e+00 -1.8777022750e+00  2.2493813454e+00  1.6875410204e+00 -1.5886601595e-01  2.3960595906e+00
ENERGY -1.090608620231e+03

JOB 14
COORDS -1.4469191155e+00  2.1794712766e-01  1.0703952212e+00  5.9349896011e+00  3.7285537555e-01  1.4510696014e+00 -1.2397852834e+00 -1.1635081419e+00  1.1013411890e+00  5.9183551962e+00  1.8811062063e-01  6.6270666210e-02 -4.8271123446e-01  1.0612042497e+00  5.1102728791e-01  4.8708660971e+00 -8.4736919633e-02  2.2317569305e+00 -5.6900797266e-02 -1.6906822473e+00  5.8238685187e-01  4.8207643372e+00 -4.3658759272e-01 -5.2592506399e-01  7.1095080744e-01  5.6148510290e-01 -3.0642992746e-02  3.7612262213e+00 -7.3429989561e-01  1.6688903755e+00  8.9982465144e-01 -8.3262634362e-01  3.7018421665e-02  3.7697022752e+00 -8.9963464373e-01  2.7049344767e-01  1.7186865242e+00  1.5111089630e+00 -6.3407764361e-01  2.6675210925e+00 -1.2476110384e+00  2.5767294349e+00  2.2905463723e+00 -3.0504564582e+00 -2.9782114750e-01  2.5294627768e+00 -1.2173571764e+00 -2.0502361885e+00  2.3783308627e+00 -1.6199707919e+00 -6.4181622235e-01 -2.3613967187e+00  6.4188324373e-01  1.4771404630e+00  6.7764432841e+00  8.7035785866e-01  1.9262362739e+00 -1.9884518377e+00 -1.8257074138e+00  1.5268779236e+00  6.7417361015e+00  5.3872931947e-01 -5.4953547621e-01 -6.5954901873e-01  2.1336804660e+00  4.8406616344e-01  4.8989621788e+00  5.5862727352e-02  3.3096630514e+00  1.4295985221e-01 -2.7570618553e+00  6.0351243707e-01  4.7577619051e+00 -5.5479344295e-01 -1.6028805602e+00  1.2947909146e+00  2.5153658234e+00 -7.0707129237e-01  2.0227847603e+00  1.1837963344e+00 -1.6307938459e+00  2.6245207574e+00  1.5718972238e+00 -2.2108210853e-02  3.0322200110e+00 -1.2996959813e+00  3.6055821064e+00  2.3367936263e+00 -2.2449565252e+00  2.2795126115e+00  1.7919358053e+00 -5.9155128978e-01  2.5651702923e+00
ENERGY -1.090612442208e+03

JOB 15
COORDS -1.4600262406e+00  2.8299017287e-01  1.0285798828e+00  5.9184363067e+00  3.9486152117e-01  1.5950441945e+00 -1.2290654289e+00 -1.0831968930e+00  1.2056046974e+00  5.8178774544e+00  3.7496884000e-01  2.0194805298e-01 -5.0938476486e-01  1.0780675570e+00  3.8251221145e-01  4.9403275916e+00 -2.2329477151e-01  2.3787707744e+00 -3.6692754696e-02 -1.6403460293e+00  7.4217681610e-01  4.7262244840e+00 -2.5628131570e-01 -3.9507979186e-01  6.9386005429e-01  5.4674745914e-01 -1.0550738186e-01  3.8373821966e+00 -8.7716098108e-01  1.8092196578e+00  9.0576172905e-01 -8.3052385580e-01  1.0396218265e-01  3.7560459486e+00 -8.6814391554e-01  4.0254247838e-01  1.6804091525e+00  1.4496256476e+00 -8.0674951588e-01  2.8192551911e+00 -1.5411996152e+00  2.7052548042e+00  2.3094844252e+00 -3.0696597716e+00 -4.2703511565e-02  2.5742671389e+00 -1.3640576625e+00 -1.9156733528e+00  2.3973013527e+00 -1.6677033269e+00 -4.8561031449e-01 -2.3819000710e+00  7.3234830561e-01  1.3887049246e+00  6.7599907472e+00  8.8769433849e-01  2.0749369432e+00 -1.9656697525e+00 -1.7101813457e+00  1.6999982890e+00  6.5766690846e+00  8.4750089351e-01 -4.1536391028e-01 -7.0454594223e-01  2.1385713860e+00  2.4336074585e-01  5.0342257485e+00 -2.0813286255e-01  3.4618844313e+00  1.7795312248e-01 -2.6962202720e+00  8.7055537552e-01  4.6105440671e+00 -2.7871760910e-01 -1.4738011984e+00  1.2396965891e+00  2.4359266644e+00 -9.6960060662e-01  1.9812140661e+00  1.0333389760e+00 -1.7705433536e+00  2.5894882773e+00  1.5814149852e+00 -2.1130842633e-01  3.1885540556e+00 -1.5776535263e+00  3.7328439800e+00  2.6026024061e+00 -2.5586261003e+00  2.3731477239e+00  1.8739350268e+00 -9.8924081626e-01  2.7073062029e+00
ENERGY -1.090614225552e+03

JOB 16
COORDS -1.5138237760e+00  4.4507334714e-01  9.4834896034e-01  5.9064358852e+00  3.6677207422e-01  1.6489708090e+00 -1.2674920986e+00 -8.9225841046e-01  1.2655098076e+00  5.6837428234e+00  5.2814642572e-01  2.7986704922e-01 -5.8038151368e-01  1.1736205612e+00  2.0613242636e-01  5.0250302388e+00 -3.9764912435e-01  2.4183763312e+00 -7.8026951472e-02 -1.4857525889e+00  8.4126377347e-01  4.5705721756e+00 -7.5235205208e-02 -3.0640304432e-01  6.2154584811e-01  6.0519346978e-01 -2.4176096168e-01  3.8998175524e+00 -1.0213426394e+00  1.8589522320e+00  8.4882085582e-01 -7.4264767548e-01  1.0415178836e-01  3.6861918981e+00 -8.1954453666e-01  4.7966039099e-01  1.5857080336e+00  1.4449826211e+00 -1.0442712532e+00  2.9800955367e+00 -1.8299603625e+00  2.7425564413e+00  2.2141412388e+00 -3.0186709032e+00  8.7539263498e-02  2.5523757692e+00 -1.3942884702e+00 -1.8429251662e+00  2.3370944711e+00 -1.6381576180e+00 -4.0670685709e-01 -2.4345085504e+00  9.2322491218e-01  1.2725861151e+00  6.7698199528e+00  8.2913156010e-01  2.1204162895e+00 -1.9906253145e+00 -1.4700551822e+00  1.8341764481e+00  6.3707845779e+00  1.1086150779e+00 -3.2939242176e-01 -7.8791747385e-01  2.2117115943e+00 -4.1587098089e-02  5.2145706516e+00 -5.2325408014e-01  3.4815075421e+00  1.4108000324e-01 -2.5245234193e+00  1.0657051371e+00  4.3846744780e+00  9.3662603891e-03 -1.3716754144e+00  1.1280028143e+00  2.4034363454e+00 -1.3000439340e+00  1.8834089382e+00  9.3698231788e-01 -1.9635616826e+00  2.4969748454e+00  1.6502819163e+00 -4.7343784387e-01  3.3460357338e+00 -1.8245706979e+00  3.7719251551e+00  2.9045015088e+00 -2.8619007891e+00  2.3944251523e+00  1.9666516460e+00 -1.4159174658e+00  2.7422706256e+00
ENERGY -1.090613489144e+03

JOB 17
COORDS -1.5526562899e+00  5.9490332332e-01  8.6782345042e-01  5.9024258296e+00  3.7253648687e-01  1.7327738484e+00 -1.2868146542e+00 -6.9853084779e-01  1.3208571067e+00  5.5504293279e+00  6.9410962757e-01  4.2050617658e-01 -6.3869715016e-01  1.2468576648e+00  3.6492320077e-02  5.1337860173e+00 -5.3895762609e-01  2.4604298040e+00 -9.8754783162e-02 -1.3221581886e+00  9.3911881572e-01  4.4239421866e+00  9.9458091978e-02 -1.4733229734e-01  5.6446293275e-01  6.4735413575e-01 -3.6717311573e-01  3.9928935965e+00 -1.1523306562e+00  1.9202983357e+00  8.1262399985e-01 -6.5557337128e-01  1.1218042191e-01  3.6366447907e+00 -7.7833669634e-01  6.0680932454e-01  1.5030964980e+00  1.4232479165e+00 -1.2591875441e+00  3.1987246659e+00 -2.1103794750e+00  2.7783152152e+00  2.1280037282e+00 -2.9624645044e+00  2.3371751041e-01  2.5793325642e+00 -1.4156516174e+00 -1.7349866112e+00  2.3020214078e+00 -1.6043159687e+00 -3.0101844825e-01 -2.4735435246e+00  1.0967120582e+00  1.1534018664e+00  6.7819757465e+00  8.1970761409e-01  2.1886876106e+00 -1.9950908727e+00 -1.2207480011e+00  1.9579043047e+00  6.1551534103e+00  1.3810084257e+00 -1.6487991247e-01 -8.6184385567e-01  2.2500252355e+00 -3.1843162401e-01  5.4267340708e+00 -7.9251658870e-01  3.4761452328e+00  1.2616528782e-01 -2.3341875367e+00  1.2591187591e+00  4.1697078414e+00  2.7980224264e-01 -1.1851142256e+00  9.9629157392e-01  2.3036453289e+00 -1.6613422348e+00  1.8660192184e+00  8.1271148916e-01 -2.0871601851e+00  2.3738569927e+00  1.7712217281e+00 -6.9366151274e-01  3.6079084123e+00 -2.1294578577e+00  3.7913237510e+00  3.2149206882e+00 -3.1207917807e+00  2.3663574891e+00  2.1481611631e+00 -1.8111913229e+00  2.8418120173e+00
ENERGY -1.090610153572e+03

JOB 18
COORDS -1.5000473379e+00  8.7178040304e-01  8.5331092959e-01  5.7540145269e+00  4.0236814380e-01  1.9132120424e+00 -1.1965942103e+00 -3.3530270283e-01  1.4871164108e+00  5.2659190288e+00  9.0430817900e-01  7.0464690316e-01 -6.6972875671e-01  1.3543927471e+00 -1.5865198991e-01  5.1567941345e+00 -7.1707258230e-01  2.4941112742e+00 -5.6333267121e-02 -1.0370090184e+00  1.1006516701e+00  4.1792820754e+00  2.7709435909e-01  9.8794751340e-02  4.9014699004e-01  6.7554829821e-01 -5.7001305089e-01  4.0539918969e+00 -1.3678709407e+00  1.9144159004e+00  7.8031550325e-01 -5.3388273113e-01  9.4764948892e-02  3.5586536656e+00 -8.1765360403e-01  7.1319911914e-01  1.3235734131e+00  1.3012208958e+00 -1.6661035052e+00  3.4688874496e+00 -2.5652519942e+00  2.6301124268e+00  1.9385697000e+00 -2.9154213207e+00  2.9535248943e-01  2.5815892861e+00 -1.4399099401e+00 -1.6735997090e+00  2.2253192047e+00 -1.5826130438e+00 -2.5291822941e-01 -2.3874648312e+00  1.4320441307e+00  1.1361415005e+00  6.6068110650e+00  8.7105499072e-01  2.3973831271e+00 -1.8428518211e+00 -7.3302790466e-01  2.2644790550e+00  5.7377767082e+00  1.7575668707e+00  2.2561742918e-01 -9.2487048569e-01  2.2861805644e+00 -6.5781315456e-01  5.5571361032e+00 -1.1102487754e+00  3.4251257874e+00  1.8387043873e-01 -1.9917468236e+00  1.5559459069e+00  3.8337785819e+00  6.0984869160e-01 -8.7186434659e-01  6.9286972514e-01  1.9371664216e+00 -2.2925837540e+00  1.8087155442e+00  5.5624274184e-01 -2.2944040244e+00  2.0981131546e+00  1.9441974730e+00 -1.2324622487e+00  3.9874704895e+00 -2.7133486003e+00  3.5805645669e+00  3.5567806977e+00 -3.4739306975e+00  2.0323477878e+00  2.4041190167e+00 -2.4314599819e+00  2.8369705967e+00
ENERGY -1.090605829677e+03

JOB 19
COORDS -1.3449192306e+00  1.3514608131e+00  8.5367788831e-01  5.3929077888e+00  4.1984085566e-01  2.3535629789e+00 -9.3171521684e-01  3.4303359597e-01  1.7289175120e+00  4.7889953385e+00  1.1140194297e+00  1.3008360674e+00 -7.1974578693e-01  1.5021077402e+00 -3.8472709762e-01  5.0024393839e+00 -8.8768950416e-01  2.6421575511e+00  1.1095762104e-01 -4.9831625776e-01  1.3481567054e+00  3.7966011878e+00  4.8235100097e-01  5.5633446407e-01  3.3791123294e-01  6.7295713374e-01 -7.9920808306e-01  4.0004958063e+00 -1.5535356019e+00  1.9123720468e+00  7.3901944599e-01 -3.2717244818e-01  1.0875217663e-01  3.4039507845e+00 -8.2594693163e-01  8.6411048698e-01  9.3513612648e-01  8.9662988026e-01 -2.1714004651e+00  3.6554178163e+00 -2.9764548168e+00  2.2923763141e+00  1.6725591150e+00 -2.8012749879e+00  3.1278594568e-01  2.5400257321e+00 -1.3584204083e+00 -1.5973642377e+00  2.0951040844e+00 -1.4908174378e+00 -2.0279645855e-01 -2.1579248309e+00  2.0173607148e+00  1.1310644331e+00  6.1704587697e+00  8.9386664731e-01  2.9468492317e+00 -1.4173345035e+00  2.0876489782e-01  2.6912793520e+00  5.0880606639e+00  2.1301727411e+00  1.0601067309e+00 -1.0602003205e+00  2.2825725862e+00 -1.0605850602e+00  5.4871139986e+00 -1.4197449204e+00  3.4568732317e+00  4.3627983923e-01 -1.2993463086e+00  2.0047145409e+00  3.3261134579e+00  1.0074321400e+00 -2.6884228155e-01  4.6643939104e-01  1.7670580776e+00 -2.6371705908e+00  7.8439122800e-01  2.8254413581e-02 -2.8161606118e+00  2.0142528612e+00  1.0608726140e+00 -2.1362127793e+00  4.2874582337e+00 -3.2959121169e+00  3.1247437364e+00  3.8016545985e+00 -3.6643134631e+00  1.4570588890e+00  2.6087976480e+00 -3.0756437499e+00  2.5884003806e+00
ENERGY -1.090604927247e+03

JOB 20
COORDS -1.3708534075e+00  1.5320246220e+00  7.0837681388e-01  5.3791860406e+00  4.3310591479e-01  2.3622445585e+00 -1.0423208336e+00  5.5809764721e-01  1.6553626318e+00  4.6125830014e+00  1.1813947763e+00  1.4646084671e+00 -6.8238179062e-01  1.5898167263e+00 -5.0441174448e-01  5.1197486717e+00 -9.2670097774e-01  2.5352596769e+00 -1.9850631895e-02 -3.4519768580e-01  1.3725795954e+00  3.5899849218e+00  5.5252039985e-01  7.5798693196e-01  3.5627890611e-01  6.9694236002e-01 -8.2118352533e-01  4.0960637005e+00 -1.5920968422e+00  1.8375764150e+00  6.7064098666e-01 -2.6708344380e-01  1.5779159732e-01  3.3352415359e+00 -8.1092707993e-01  9.4525335563e-01  1.0324488343e+00  8.2007125585e-01 -2.1692722077e+00  3.9027486328e+00 -3.0738594152e+00  2.0691316433e+00  1.5020483187e+00 -2.7334877012e+00  6.1892771274e-01  2.4068763276e+00 -1.5550505896e+00 -1.4460121841e+00  1.9787630207e+00 -1.5074235390e+00 -4.0454191995e-02 -2.1668222706e+00  2.2442170416e+00  9.0991117191e-01  6.1793233371e+00  9.0606345258e-01  2.9255583468e+00 -1.5779002040e+00  4.9720699499e-01  2.5984575059e+00  4.8041238952e+00  2.2404695709e+00  1.3174726457e+00 -9.5602261378e-01  2.3458710895e+00 -1.2360830260e+00  5.7277498967e+00 -1.5005763649e+00  3.2301312226e+00  2.4189916186e-01 -1.1222760593e+00  2.0836042993e+00  2.9824089842e+00  1.1313705288e+00  7.0335061137e-02  6.5390066939e-01  1.7030156019e+00 -2.6902116972e+00  8.4429093192e-01 -6.1170325535e-02 -2.7864590594e+00  2.1185499507e+00  9.0255852811e-01 -2.0879721431e+00  4.6895733938e+00 -3.4477931631e+00  2.7290287171e+00  3.9360349648e+00 -3.6378986978e+00  1.1341838739e+00  2.9309864627e+00 -3.2856917578e+00  2.5200546324e+00
ENERGY -1.090605218505e+03

JOB 21
COORDS -1.4379094033e+00  1.6238487326e+00  5.3739132489e-01  5.4054531260e+00  4.3087842913e-01  2.3238415372e+00 -1.2267241790e+00  6.8391793031e-01  1.5493303019e+00  4.4861194011e+00  1.2107313638e+00  1.6192875519e+00 -6.4292721077e-01  1.6098207624e+00 -6.1078200212e-01  5.2496188554e+00 -9.5591132300e-01  2.3732354140e+00 -2.1363064766e-01 -2.6233500899e-01  1.3994093757e+00  3.4145506508e+00  5.9077934276e-01  9.7596204740e-01  3.8707945202e-01  6.7244997561e-01 -7.9402250199e-01  4.1845725679e+00 -1.6113588142e+00  1.7351225016e+00  5.8025775548e-01 -2.5764639901e-01  2.4802735216e-01  3.2725120150e+00 -7.9917641958e-01  1.0303064256e+00  1.1962961936e+00  7.1418848330e-01 -2.0713938461e+00  4.0957621469e+00 -3.1184205252e+00  1.8084810755e+00  1.3567016758e+00 -2.6487123428e+00  1.0387240596e+00  2.2186628577e+00 -1.8263402785e+00 -1.2059119415e+00  1.8487808760e+00 -1.5496467822e+00  1.9057295459e-01 -2.2245659807e+00  2.3671859347e+00  6.3773708540e-01  6.2427349650e+00  8.9901345324e-01  2.8347287531e+00 -1.8452443036e+00  6.8171508088e-01  2.4422903104e+00  4.5927950548e+00  2.2908760257e+00  1.5747749690e+00 -8.2319468683e-01  2.3424987544e+00 -1.3934464380e+00  5.9731927990e+00 -1.5557177129e+00  2.9198102590e+00 -3.8408746459e-02 -1.0162759631e+00  2.1596459073e+00  2.6838543742e+00  1.1982431614e+00  4.5381082856e-01  9.2469345548e-01  1.5996570051e+00 -2.6514202444e+00  1.0169383898e+00 -1.7613061894e-01 -2.6779901176e+00  2.2724456949e+00  7.3955680491e-01 -1.8833477225e+00  5.0105604991e+00 -3.5224973090e+00  2.2491451005e+00  3.9626613416e+00 -3.5644836291e+00  8.1959210225e-01  3.2403250276e+00 -3.4346245434e+00  2.4096672106e+00
ENERGY -1.090606602436e+03

JOB 22
COORDS -1.4885848098e+00  1.6520079374e+00  4.1236053453e-01  5.4497808214e+00  4.2203422608e-01  2.2722981735e+00 -1.3941548110e+00  7.5756213532e-01  1.4810480105e+00  4.4052702517e+00  1.2093674656e+00  1.7862045609e+00 -5.9193875827e-01  1.5689317159e+00 -6.5630809396e-01  5.3638022140e+00 -9.7152512779e-01  2.2056468083e+00 -3.9409230070e-01 -2.1547903000e-01  1.4702742581e+00  3.2784629435e+00  5.9290124979e-01  1.2368662321e+00  4.2427591978e-01  6.0181199761e-01 -7.0016167864e-01  4.2482849318e+00 -1.6212021269e+00  1.6590401976e+00  4.9819987890e-01 -2.8156427619e-01  3.9664370164e-01  3.2123605244e+00 -8.0057887832e-01  1.1657138119e+00  1.3609095542e+00  5.6294239131e-01 -1.8861362582e+00  4.2088510991e+00 -3.1302335067e+00  1.5995946648e+00  1.2514084977e+00 -2.5558852425e+00  1.5046374762e+00  2.0391042514e+00 -2.0892242353e+00 -8.6451249769e-01  1.7320433190e+00 -1.6008180248e+00  4.9004805265e-01 -2.2622740915e+00  2.4154590735e+00  4.0649271883e-01  6.3304360511e+00  8.8863788468e-01  2.7057746847e+00 -2.0909183819e+00  8.1196117967e-01  2.3126073920e+00  4.4565412669e+00  2.2932643192e+00  1.8384125588e+00 -6.7951234739e-01  2.2694140488e+00 -1.4830862157e+00  6.1816338739e+00 -1.5775600301e+00  2.5877731031e+00 -3.0079301796e-01 -9.3382589695e-01  2.2778579990e+00  2.4544016647e+00  1.2032556039e+00  8.8514981991e-01  1.1716430396e+00  1.4191971390e+00 -2.5381205161e+00  1.2296390766e+00 -3.5799657795e-01 -2.4581569395e+00  2.4111861020e+00  5.8785097559e-01 -1.5825791711e+00  5.1734525066e+00 -3.5444015558e+00  1.9025730240e+00  3.9826755930e+00 -3.4828927941e+00  5.8930287578e-01  3.4293412026e+00 -3.5264226522e+00  2.2551239847e+00
ENERGY -1.090608705564e+03

JOB 23
COORDS -1.4981174997e+00  1.7102639843e+00  2.5350228371e-01  5.4735192080e+00  4.4902431441e-01  2.1703354970e+00 -1.5054747494e+00  8.6634482195e-01  1.3662479209e+00  4.3414961333e+00  1.2236077578e+00  1.9144397423e+00 -5.2276728096e-01  1.5627296516e+00 -7.3726322316e-01  5.4322171132e+00 -9.3563394216e-01  1.9799083214e+00 -5.2694297865e-01 -1.2272514397e-01  1.4792045818e+00  3.1730077375e+00  6.0426812539e-01  1.4630311111e+00  4.7181674382e-01  5.7676873849e-01 -6.5756416336e-01  4.2768541682e+00 -1.5870968473e+00  1.5277772874e+00  4.4154181921e-01 -2.5472098263e-01  4.8110970764e-01  3.1526939542e+00 -7.7741066384e-01  1.2624696602e+00  1.5025476217e+00  4.6180375296e-01 -1.7561060505e+00  4.2713535326e+00 -3.0863777103e+00  1.3442804761e+00  1.1478172076e+00 -2.4181860751e+00  1.8362250988e+00  1.8920721840e+00 -2.2367968160e+00 -5.8549127267e-01  1.6315331897e+00 -1.5938827688e+00  7.1425012186e-01 -2.2530927301e+00  2.4856756771e+00  1.5238646678e-01  6.3883163272e+00  9.1818848660e-01  2.5227365106e+00 -2.2627950838e+00  9.7282849893e-01  2.1376467989e+00  4.3587503385e+00  2.2990383294e+00  2.0672028683e+00 -5.3077504165e-01  2.2260727842e+00 -1.5985656770e+00  6.3167785247e+00 -1.5321190759e+00  2.1894071429e+00 -5.0571342675e-01 -8.0075896578e-01  2.3260790114e+00  2.2862950425e+00  1.2007019328e+00  1.2785353367e+00  1.3696908183e+00  1.2685896284e+00 -2.4808551917e+00  1.4214759612e+00 -4.9887092250e-01 -2.2689307353e+00  2.5224042465e+00  5.1979537867e-01 -1.3639173910e+00  5.2464099469e+00 -3.5040139399e+00  1.6056391388e+00  4.0386162433e+00 -3.3550563434e+00  3.1028498027e-01  3.5095849508e+00 -3.5540668375e+00  1.9745138833e+00
ENERGY -1.090610168179e+03

