JOB 0
COORDS -2.3418124407e+00  1.0533929639e+00 -4.0768702104e-01 -3.6994210566e+00  8.2480366200e-01 -3.8620960654e-01 -1.4745501306e+00 -5.4614582267e-02 -5.3160564175e-01 -4.1135358953e+00 -5.1885803988e-01 -4.9186049225e-01  7.3665472205e-01  1.2695866899e+00 -3.1765488862e-02  8.0064791510e-01 -4.2222962391e-02  7.2350487638e-01  2.6508907458e-02  5.0035369694e-02 -5.7955393480e-01  9.7950311629e-01  2.9323409498e-01  3.2303346046e+00 -5.8546041843e+00 -2.1378363601e+00 -5.7128285606e-01  1.1032931692e-01 -1.9420297271e-01  2.0622057774e+00 -1.9474745488e+00 -1.2988346586e+00 -6.4265032657e-01 -3.2660492370e+00 -1.5346624821e+00 -6.2375478919e-01  6.7804407037e-01 -5.9051824022e-01 -1.7095008570e+00 -5.4432292131e+00 -7.6247945620e-01 -4.6171550679e-01 -1.9442258990e+00  2.0610573863e+00 -3.4150495353e-01 -4.4354852553e+00  1.6181294453e+00 -2.9898935644e-01  1.4963311831e-01  2.0677616016e+00  4.1436968553e-01  1.6158093185e+00  1.5972078298e+00 -5.7676789832e-01  1.7353915810e+00 -5.8895695234e-01  6.2154432306e-01  5.4676372243e-01 -6.2700787545e-03  4.1913865210e+00  1.0562351592e+00  1.3860653529e+00  3.2357030117e+00  1.9923159225e+00 -1.2058763940e-01  3.1769064427e+00 -6.9436606237e+00 -2.1112323717e+00 -5.2310839658e-01 -5.4462048767e+00 -2.7310819182e+00  2.5087368406e-01 -5.5203393204e+00 -2.5680458236e+00 -1.5188143789e+00 -8.3234469749e-01  3.6633168357e-01  2.0608367518e+00 -1.7713573262e-01 -1.2416349843e+00  2.2169384763e+00  3.5551620832e-01 -1.5620512913e-01 -2.5748739802e+00  3.6622019869e-01 -1.5616663526e+00 -1.7435044540e+00
ENERGY -6.296210876052e+02

JOB 1
COORDS -2.3445841046e+00  1.0455146037e+00 -4.1084913908e-01 -3.7034751527e+00  8.2488370047e-01 -3.8731674705e-01 -1.4840552568e+00 -6.8333259514e-02 -5.2909874946e-01 -4.1250380957e+00 -5.1705848920e-01 -4.8522816736e-01  7.3390506420e-01  1.2473549880e+00 -3.6786105893e-02  7.9302232642e-01 -6.2016452391e-02  7.2350322324e-01  1.7407742606e-02  2.8826465615e-02 -5.7873071812e-01  9.6839543105e-01  2.9897755521e-01  3.2350732271e+00 -5.8752113640e+00 -2.1265505344e+00 -5.5429814610e-01  1.0503611801e-01 -2.0558300445e-01  2.0637529569e+00 -1.9638826561e+00 -1.3105407955e+00 -6.3307448752e-01 -3.2837531559e+00 -1.5386452434e+00 -6.1204334841e-01  6.6485573107e-01 -6.1910668328e-01 -1.7068611429e+00 -5.4560513428e+00 -7.5292648307e-01 -4.5280482227e-01 -1.9409599048e+00  2.0511584623e+00 -3.5043983057e-01 -4.4349832859e+00  1.6228448709e+00 -3.0407259516e-01  1.5127075686e-01  2.0499132804e+00  4.0705586095e-01  1.6137789312e+00  1.5686113452e+00 -5.8441299444e-01  1.7251547136e+00 -6.1322475565e-01  6.2207880534e-01  6.7700502141e-01 -1.8807359802e-01  4.1722787972e+00  8.4078296377e-01  1.3753845889e+00  3.3907912352e+00  2.0318170454e+00  9.5200098069e-02  3.0729458642e+00 -6.9640630841e+00 -2.0935727417e+00 -5.0546124152e-01 -5.4695006278e+00 -2.7174228460e+00  2.7089520823e-01 -5.5440927928e+00 -2.5639678717e+00 -1.4996320347e+00 -8.4035929976e-01  3.5009404558e-01  2.0546877063e+00 -1.8872392756e-01 -1.2493208534e+00  2.2285398822e+00  3.4346013297e-01 -1.8670568245e-01 -2.5736016649e+00  3.4861399864e-01 -1.5889621204e+00 -1.7366945742e+00
ENERGY -6.296194989453e+02

JOB 2
COORDS -2.3466952598e+00  1.0392656660e+00 -4.1702489159e-01 -3.7066963112e+00  8.2550004435e-01 -3.9363249079e-01 -1.4915269365e+00 -7.9646639974e-02 -5.2616440429e-01 -4.1351803873e+00 -5.1487575436e-01 -4.8237519168e-01  7.3360670913e-01  1.2272625761e+00 -4.0896737547e-02  7.8547099004e-01 -7.7609176156e-02  7.2772552758e-01  1.0493170873e-02  8.8520687475e-03 -5.7504794964e-01  9.6418018613e-01  3.0301359689e-01  3.2426060557e+00 -5.8934781418e+00 -2.1159398118e+00 -5.4197069490e-01  9.6881573456e-02 -2.0875736362e-01  2.0693836062e+00 -1.9776870770e+00 -1.3200531480e+00 -6.2191209876e-01 -3.2987221911e+00 -1.5414195932e+00 -6.0079737352e-01  6.5466982523e-01 -6.4963837750e-01 -1.6990214750e+00 -5.4674263777e+00 -7.4377172172e-01 -4.4990670380e-01 -1.9381259333e+00  2.0432792160e+00 -3.6331291984e-01 -4.4342484914e+00  1.6277299368e+00 -3.1707028509e-01  1.5534028450e-01  2.0357913968e+00  3.9768874503e-01  1.6149779925e+00  1.5400226795e+00 -5.9105466876e-01  1.7147329127e+00 -6.3425265181e-01  6.2979881697e-01  8.7692042143e-01 -3.5299546396e-01  4.1151437891e+00  6.5262394623e-01  1.2995831863e+00  3.5712512776e+00  2.0237337222e+00  3.4945703426e-01  2.9723193579e+00 -6.9822076979e+00 -2.0770527015e+00 -4.9475707841e-01 -5.4918148579e+00 -2.7028680538e+00  2.8800342970e-01 -5.5634372080e+00 -2.5618985096e+00 -1.4836827190e+00 -8.4864766007e-01  3.4516245175e-01  2.0509054750e+00 -1.9597315729e-01 -1.2520014039e+00  2.2357206470e+00  3.3578723773e-01 -2.2090092461e-01 -2.5685082271e+00  3.3315735461e-01 -1.6179284083e+00 -1.7229139901e+00
ENERGY -6.296176857396e+02

JOB 3
COORDS -2.3518873065e+00  1.0304708637e+00 -4.2511547595e-01 -3.7130750610e+00  8.2436659714e-01 -4.0117787372e-01 -1.5024567222e+00 -9.3684377780e-02 -5.2468522368e-01 -4.1484520902e+00 -5.1440941698e-01 -4.7968371662e-01  7.2904389993e-01  1.2063135455e+00 -4.9092086894e-02  7.7279650010e-01 -9.1053129318e-02  7.3177676314e-01  1.0646027317e-04 -1.3840823320e-02 -5.7260086223e-01  9.6114145196e-01  3.0219092770e-01  3.2444081541e+00 -5.9151322224e+00 -2.1066131454e+00 -5.2788153250e-01  8.1048698008e-02 -2.0631457933e-01  2.0749452937e+00 -1.9951637797e+00 -1.3322146235e+00 -6.1102087602e-01 -3.3173623273e+00 -1.5463082106e+00 -5.8930404675e-01  6.4211867955e-01 -6.8593523883e-01 -1.6898110910e+00 -5.4819112718e+00 -7.3601816755e-01 -4.4647900598e-01 -1.9380468321e+00  2.0326893351e+00 -3.7902114671e-01 -4.4363824540e+00  1.6310630476e+00 -3.3157686380e-01  1.5426846721e-01  2.0221796467e+00  3.8050498555e-01  1.6123329063e+00  1.5090569594e+00 -6.0182972468e-01  1.6993005289e+00 -6.5359288003e-01  6.4096987842e-01  1.1292968777e+00 -4.7694232656e-01  3.9942264725e+00  5.0271281738e-01  1.1527314207e+00  3.7585387841e+00  1.9428958052e+00  6.3034246768e-01  2.8884044109e+00 -7.0036742223e+00 -2.0616014792e+00 -4.8180542014e-01 -5.5171706643e+00 -2.6889833794e+00  3.0707132923e-01 -5.5867801944e+00 -2.5618337722e+00 -1.4657445388e+00 -8.6175631455e-01  3.5023515342e-01  2.0493864781e+00 -2.0184158879e-01 -1.2527597550e+00  2.2364489496e+00  3.2602166524e-01 -2.6376035214e-01 -2.5635240099e+00  3.1567862401e-01 -1.6527509785e+00 -1.7050386874e+00
ENERGY -6.296167634297e+02

JOB 4
COORDS -2.3615786650e+00  1.0225310166e+00 -4.3381957307e-01 -3.7237380182e+00  8.2313168237e-01 -4.0852288127e-01 -1.5175458383e+00 -1.0655675008e-01 -5.2300568258e-01 -4.1656556844e+00 -5.1413713122e-01 -4.7516515131e-01  7.2052021837e-01  1.1875643689e+00 -6.0781996982e-02  7.5611635082e-01 -1.0036480522e-01  7.3551737946e-01 -1.4549096976e-02 -3.4932903116e-02 -5.7064111694e-01  9.5800267336e-01  2.9890898241e-01  3.2392267533e+00 -5.9400521683e+00 -2.0981057570e+00 -5.0990435435e-01  6.0678427183e-02 -1.9583780516e-01  2.0798711438e+00 -2.0162954686e+00 -1.3434082908e+00 -5.9823105767e-01 -3.3395025550e+00 -1.5509649529e+00 -5.7507396725e-01  6.2440140659e-01 -7.2348116576e-01 -1.6795569097e+00 -5.5001914015e+00 -7.2895607710e-01 -4.4062027714e-01 -1.9430417128e+00  2.0231559649e+00 -3.9664294403e-01 -4.4431506252e+00  1.6339133220e+00 -3.4646809215e-01  1.4971855443e-01  2.0117073326e+00  3.5840231453e-01  1.6057219503e+00  1.4789754929e+00 -6.1656546703e-01  1.6797483600e+00 -6.6892536840e-01  6.5274377320e-01  1.3749903419e+00 -5.2994806987e-01  3.8186298817e+00  4.1194307116e-01  9.5452243823e-01  3.9250607467e+00  1.7989504530e+00  8.8580225872e-01  2.8540982707e+00 -7.0283832504e+00 -2.0473925080e+00 -4.6476162665e-01 -5.5452933435e+00 -2.6748729571e+00  3.3043866135e-01 -5.6135140114e+00 -2.5633296063e+00 -1.4434833479e+00 -8.7325959220e-01  3.7445036220e-01  2.0528752117e+00 -2.2034780265e-01 -1.2434954940e+00  2.2381219574e+00  3.1095604935e-01 -3.0987778233e-01 -2.5583360355e+00  2.9261115998e-01 -1.6885875933e+00 -1.6837631106e+00
ENERGY -6.296173938381e+02

JOB 5
COORDS -2.3670602872e+00  1.0150807143e+00 -4.4247326184e-01 -3.7301827941e+00  8.2277116383e-01 -4.1434171193e-01 -1.5279236449e+00 -1.1828711108e-01 -5.2326131259e-01 -4.1779061380e+00 -5.1306743046e-01 -4.6981927586e-01  7.1600973938e-01  1.1694890799e+00 -7.4153618876e-02  7.4456936346e-01 -1.0999409430e-01  7.3523422539e-01 -2.4551294776e-02 -5.4468239736e-02 -5.7221794018e-01  9.5423329425e-01  2.9577112456e-01  3.2274098682e+00 -5.9594072974e+00 -2.0892490502e+00 -4.9054322603e-01  4.6431995771e-02 -1.8910454989e-01  2.0798555666e+00 -2.0324628661e+00 -1.3533721299e+00 -5.8774270443e-01 -3.3566150772e+00 -1.5544915238e+00 -5.6192293887e-01  6.1170850919e-01 -7.5726447673e-01 -1.6736463452e+00 -5.5133612429e+00 -7.2158289904e-01 -4.3251461294e-01 -1.9439455325e+00  2.0140480663e+00 -4.1391160433e-01 -4.4457689785e+00  1.6373785139e+00 -3.5827523735e-01  1.4880415925e-01  2.0007974669e+00  3.3587941250e-01  1.6032113848e+00  1.4510345613e+00 -6.3182457305e-01  1.6654809089e+00 -6.8409835249e-01  6.5967545472e-01  1.5762419171e+00 -5.1124139591e-01  3.6261659220e+00  3.7280175485e-01  7.2968089185e-01  4.0476381578e+00  1.6260932745e+00  1.0863554451e+00  2.8736947279e+00 -7.0474619025e+00 -2.0332817406e+00 -4.4497988048e-01 -5.5665699585e+00 -2.6610768961e+00  3.5406418220e-01 -5.6357054874e+00 -2.5633448928e+00 -1.4206419117e+00 -8.7790402720e-01  3.9707460890e-01  2.0541405257e+00 -2.4165238078e-01 -1.2346085625e+00  2.2424905150e+00  3.0069660661e-01 -3.5107536030e-01 -2.5567354123e+00  2.7520708470e-01 -1.7207204041e+00 -1.6682687527e+00
ENERGY -6.296191180588e+02

JOB 6
COORDS -2.3968817314e+00  9.9198970826e-01 -4.3668869519e-01 -3.7613156832e+00  8.1127924352e-01 -3.9760177272e-01 -1.5688222992e+00 -1.4977054160e-01 -5.1322993413e-01 -4.2215700430e+00 -5.2083284583e-01 -4.3827803794e-01  6.8877799954e-01  1.1230257386e+00 -9.2133579681e-02  7.1198434704e-01 -1.4826155550e-01  7.3009097982e-01 -6.5342466278e-02 -9.9147100877e-02 -5.7305506326e-01  9.3828910452e-01  2.8295087082e-01  3.2112615582e+00 -6.0172012909e+00 -2.0810423599e+00 -4.3344277379e-01  2.2635681745e-02 -2.0787633839e-01  2.0794329850e+00 -2.0845662147e+00 -1.3809304820e+00 -5.6333661548e-01 -3.4101760070e+00 -1.5702701991e+00 -5.2673717171e-01  5.5720546213e-01 -8.1887903755e-01 -1.6712107026e+00 -5.5585519858e+00 -7.1700164286e-01 -3.9020905535e-01 -1.9649628808e+00  1.9874686443e+00 -4.1987324024e-01 -4.4693415378e+00  1.6326061639e+00 -3.4384947539e-01  1.3121256729e-01  1.9632295887e+00  3.1301009939e-01  1.5750298536e+00  1.3916634484e+00 -6.5760253132e-01  1.6271859539e+00 -7.3136496116e-01  6.5409643869e-01  1.7169195290e+00 -4.5014956439e-01  3.4460319875e+00  3.7015718241e-01  4.9241985717e-01  4.1239993423e+00  1.4373470891e+00  1.2154744771e+00  2.9229580272e+00 -7.1043838980e+00 -2.0148933052e+00 -3.8117858113e-01 -5.6238592537e+00 -2.6491086523e+00  4.1346432895e-01 -5.7039839916e+00 -2.5660147557e+00 -1.3615226522e+00 -8.9560698317e-01  3.8917856577e-01  2.0573276669e+00 -2.7819151747e-01 -1.2466095528e+00  2.2637223359e+00  2.4428119325e-01 -4.1875190530e-01 -2.5563846437e+00  2.1194448567e-01 -1.7790927276e+00 -1.6539091151e+00
ENERGY -6.296208385793e+02

JOB 7
COORDS -2.4021832194e+00  9.8442028403e-01 -4.3967247225e-01 -3.7672931177e+00  8.1023152329e-01 -3.9820625910e-01 -1.5792698876e+00 -1.6155794165e-01 -5.1074373744e-01 -4.2336159617e+00 -5.2007946191e-01 -4.3107146830e-01  6.8482939563e-01  1.1026412458e+00 -9.8437468076e-02  7.0273457213e-01 -1.6457411023e-01  7.3102443832e-01 -7.5724646566e-02 -1.1794186622e-01 -5.7174480913e-01  9.2446714409e-01  2.8890200098e-01  3.2092372715e+00 -6.0363741160e+00 -2.0719843279e+00 -4.1539415766e-01  1.5069482614e-02 -2.1244619442e-01  2.0801764625e+00 -2.1005807884e+00 -1.3904717922e+00 -5.5379158993e-01 -3.4271285819e+00 -1.5735741317e+00 -5.1490169041e-01  5.4291869602e-01 -8.4667166584e-01 -1.6663560281e+00 -5.5714071721e+00 -7.0982701494e-01 -3.8035596424e-01 -1.9656013959e+00  1.9779498911e+00 -4.2903338523e-01 -4.4715840164e+00  1.6350132232e+00 -3.4845790928e-01  1.3230852483e-01  1.9480368385e+00  3.0265307018e-01  1.5721802922e+00  1.3632850390e+00 -6.6589271363e-01  1.6149026669e+00 -7.5251893593e-01  6.5711469743e-01  1.8215483390e+00 -3.3372727151e-01  3.2998738277e+00  4.0604210662e-01  2.7362891889e-01  4.1740862115e+00  1.2531434077e+00  1.3167623153e+00  3.0186376285e+00 -7.1231953384e+00 -2.0005916750e+00 -3.6260948130e-01 -5.6448820405e+00 -2.6368855336e+00  4.3449185339e-01 -5.7260871682e+00 -2.5636986747e+00 -1.3408796803e+00 -9.0099382473e-01  3.8926440663e-01  2.0548950193e+00 -3.0232427778e-01 -1.2427400083e+00  2.2843059337e+00  2.3369254329e-01 -4.4706881349e-01 -2.5532108732e+00  1.9048071678e-01 -1.8042111766e+00 -1.6459745492e+00
ENERGY -6.296216286176e+02

JOB 8
COORDS -2.3858993104e+00  9.8987311045e-01 -4.5260775827e-01 -3.7514832681e+00  8.1788509717e-01 -4.1538649557e-01 -1.5646005334e+00 -1.5760244733e-01 -5.1554779884e-01 -4.2198826574e+00 -5.1172541193e-01 -4.4400645184e-01  7.0036326163e-01  1.1035678613e+00 -9.9589407932e-02  7.1435859387e-01 -1.6225097125e-01  7.3289126850e-01 -6.0741070542e-02 -1.1669694200e-01 -5.7212624070e-01  9.1988916261e-01  3.0947509293e-01  3.2146405052e+00 -6.0250905091e+00 -2.0607959966e+00 -4.2803060025e-01  2.3900469544e-02 -2.0583459463e-01  2.0793649806e+00 -2.0877408099e+00 -1.3859529292e+00 -5.5502779152e-01 -3.4146332215e+00 -1.5668302986e+00 -5.2000700681e-01  5.5998246021e-01 -8.4959518687e-01 -1.6625748199e+00 -5.5581666008e+00 -6.9922571137e-01 -3.9736921900e-01 -1.9478729523e+00  1.9827946630e+00 -4.4434575659e-01 -4.4545932996e+00  1.6440079539e+00 -3.7161686331e-01  1.4797543878e-01  1.9501956977e+00  2.9888621384e-01  1.5897859647e+00  1.3619703137e+00 -6.6476727321e-01  1.6258153358e+00 -7.5159846721e-01  6.6233292652e-01  1.9085423177e+00 -1.6265171228e-01  3.1743955263e+00  4.9322854691e-01  7.5060065715e-02  4.1957371926e+00  1.0701394423e+00  1.3920625287e+00  3.1459269485e+00 -7.1119701859e+00 -1.9874667518e+00 -3.7916833527e-01 -5.6373323280e+00 -2.6226914416e+00  4.2554429279e-01 -5.7125734112e+00 -2.5570204318e+00 -1.3503780930e+00 -8.9408562438e-01  3.9354900628e-01  2.0463902329e+00 -3.0726528958e-01 -1.2290511733e+00  2.2961949689e+00  2.5213195602e-01 -4.5481745320e-01 -2.5519020062e+00  2.0860369829e-01 -1.8074311911e+00 -1.6381419296e+00
ENERGY -6.296211155289e+02

JOB 9
COORDS -2.3430273316e+00  1.0081801830e+00 -4.7168632416e-01 -3.7088752573e+00  8.3568548856e-01 -4.4859888018e-01 -1.5210075307e+00 -1.3931584617e-01 -5.2287632306e-01 -4.1760173496e+00 -4.9433505961e-01 -4.7886806719e-01  7.3747330097e-01  1.1240721496e+00 -8.0857960508e-02  7.4688921659e-01 -1.4503100852e-01  7.4675784151e-01 -1.6781432443e-02 -9.6215961308e-02 -5.6469738806e-01  9.1796697068e-01  3.5008053461e-01  3.2344249948e+00 -5.9803819595e+00 -2.0443184374e+00 -4.7813091743e-01  4.6903138345e-02 -1.9473018071e-01  2.0874084842e+00 -2.0428088952e+00 -1.3681821757e+00 -5.6504820701e-01 -3.3698781394e+00 -1.5495255823e+00 -5.4372149628e-01  6.1529303119e-01 -8.2376210316e-01 -1.6522444180e+00 -5.5145926313e+00 -6.8239555639e-01 -4.4589624343e-01 -1.9051915628e+00  2.0011969282e+00 -4.6113058941e-01 -4.4128534506e+00  1.6615257809e+00 -4.1435029473e-01  1.7940369050e-01  1.9679277529e+00  3.1541129579e-01  1.6314555856e+00  1.3864146855e+00 -6.3696364966e-01  1.6602121435e+00 -7.3209212751e-01  6.8175916366e-01  1.9715745827e+00  9.2202779625e-02  3.0746399239e+00  6.3587264311e-01 -9.0201105459e-02  4.1963682538e+00  8.5871497606e-01  1.4402449089e+00  3.3100470529e+00 -7.0677544823e+00 -1.9715274540e+00 -4.4082579824e-01 -5.6012483774e+00 -2.6039027520e+00  3.8081936549e-01 -5.6579356521e+00 -2.5425785671e+00 -1.3959533076e+00 -8.8372530838e-01  3.8377218974e-01  2.0394401511e+00 -2.7576927346e-01 -1.2192100393e+00  2.3089651501e+00  3.1440631135e-01 -4.2662467972e-01 -2.5428839612e+00  2.6627735157e-01 -1.7826093876e+00 -1.6341536208e+00
ENERGY -6.296195478180e+02

JOB 10
COORDS -2.3199326683e+00  1.0137294626e+00 -4.8322454675e-01 -3.6862013987e+00  8.4355499664e-01 -4.6848401332e-01 -1.4991508133e+00 -1.3505596304e-01 -5.2481156879e-01 -4.1554520115e+00 -4.8575123000e-01 -4.9690764722e-01  7.5937507425e-01  1.1254275146e+00 -7.2868277373e-02  7.6103854702e-01 -1.4084796854e-01  7.5900745404e-01  5.4198775736e-03 -9.5329715537e-02 -5.5704452334e-01  9.1970425236e-01  3.6082769990e-01  3.2535046981e+00 -5.9624024192e+00 -2.0328267660e+00 -5.0213514073e-01  5.2700955996e-02 -1.8520796229e-01  2.0959727357e+00 -2.0228613448e+00 -1.3631358549e+00 -5.6600763016e-01 -3.3503615363e+00 -1.5422777748e+00 -5.5265575679e-01  6.4265983316e-01 -8.2771570120e-01 -1.6383915129e+00 -5.4945416891e+00 -6.7156521014e-01 -4.7197510607e-01 -1.8806355114e+00  2.0060909309e+00 -4.7347007445e-01 -4.3890122390e+00  1.6706713739e+00 -4.4194207943e-01  2.0084006050e-01  1.9719120898e+00  3.1697269675e-01  1.6569696030e+00  1.3836508826e+00 -6.2509996997e-01  1.6736682893e+00 -7.2978153828e-01  7.0160582314e-01  1.9811908963e+00  3.5001896759e-01  2.9818790133e+00  8.2575385810e-01 -2.5361297737e-01  4.1543598520e+00  6.6355888764e-01  1.3934984848e+00  3.5083746475e+00 -7.0498718402e+00 -1.9580896282e+00 -4.7217556272e-01 -5.5898073750e+00 -2.5898056487e+00  3.6135759172e-01 -5.6348438026e+00 -2.5350792111e+00 -1.4159616413e+00 -8.7726635882e-01  3.9204136232e-01  2.0367827117e+00 -2.7162301866e-01 -1.2100125819e+00  2.3113540501e+00  3.4775333151e-01 -4.3310165391e-01 -2.5321492327e+00  2.9179024746e-01 -1.7858635822e+00 -1.6191310172e+00
ENERGY -6.296177272865e+02

JOB 11
COORDS -2.3283088472e+00  1.0060558337e+00 -4.9540941750e-01 -3.6955168337e+00  8.4377538462e-01 -4.7810759032e-01 -1.5140328467e+00 -1.4772022032e-01 -5.2517828169e-01 -4.1723331760e+00 -4.8305877305e-01 -4.9207308061e-01  7.5205053439e-01  1.1044452927e+00 -8.6629555148e-02  7.4633971207e-01 -1.5323942436e-01  7.5774186984e-01 -9.2838275758e-03 -1.1711125667e-01 -5.5826760040e-01  9.1936271947e-01  3.5775836260e-01  3.2504413458e+00 -5.9880301686e+00 -2.0198350550e+00 -4.7949312271e-01  3.6724557619e-02 -1.8033675486e-01  2.0962380860e+00 -2.0447533203e+00 -1.3731808571e+00 -5.5301702878e-01 -3.3732311990e+00 -1.5446475091e+00 -5.3701897040e-01  6.2294736621e-01 -8.6358490730e-01 -1.6330375742e+00 -5.5124408774e+00 -6.6100396776e-01 -4.6432112789e-01 -1.8833526927e+00  1.9959363347e+00 -4.9644971875e-01 -4.3936203765e+00  1.6750963637e+00 -4.5998963931e-01  1.9853470708e-01  1.9580128203e+00  2.9496102024e-01  1.6504439737e+00  1.3518874688e+00 -6.4253467235e-01  1.6555741679e+00 -7.4803451187e-01  7.0648805569e-01  1.9172027560e+00  6.2922345330e-01  2.8910378008e+00  1.0512077918e+00 -3.8607705770e-01  4.0421311928e+00  4.8864057357e-01  1.2527278392e+00  3.7100773875e+00 -7.0750368418e+00 -1.9386054361e+00 -4.4962410758e-01 -5.6179764772e+00 -2.5695715603e+00  3.8971525217e-01 -5.6639821376e+00 -2.5337648272e+00 -1.3880620662e+00 -8.8752325951e-01  4.0358498677e-01  2.0316457980e+00 -2.8190337188e-01 -1.2078485279e+00  2.3056543598e+00  3.2937281610e-01 -4.7608784232e-01 -2.5303572796e+00  2.6670047085e-01 -1.8195092166e+00 -1.6041589179e+00
ENERGY -6.296167672336e+02

JOB 12
COORDS -2.2886407913e+00  1.0216813478e+00 -5.1572501461e-01 -3.6556279197e+00  8.5675852788e-01 -5.1232854906e-01 -1.4722092247e+00 -1.3083608838e-01 -5.3273879525e-01 -4.1297290610e+00 -4.7104687918e-01 -5.2651126814e-01  7.8578502056e-01  1.1298996751e+00 -7.7366626372e-02  7.7155031684e-01 -1.2064653157e-01  7.7659698921e-01  3.2782403250e-02 -9.7173994223e-02 -5.4904905255e-01  9.2952488623e-01  3.7477869681e-01  3.2660466176e+00 -5.9425663439e+00 -2.0111389795e+00 -5.2778735247e-01  4.3181917763e-02 -1.4038193226e-01  2.1071222092e+00 -2.0002511272e+00 -1.3574847745e+00 -5.6150145189e-01 -3.3284712597e+00 -1.5314349935e+00 -5.5898544334e-01  6.7916655392e-01 -8.5038616471e-01 -1.6105036181e+00 -5.4697252840e+00 -6.5136260944e-01 -5.1240750217e-01 -1.8456163241e+00  2.0124277492e+00 -5.1579218076e-01 -4.3554406872e+00  1.6868051972e+00 -5.0472092731e-01  2.2583252423e-01  1.9856956937e+00  2.8983810433e-01  1.6903989880e+00  1.3746026259e+00 -6.2437557205e-01  1.6826832807e+00 -7.1391605233e-01  7.4218380153e-01  1.8013527993e+00  9.2017170901e-01  2.8919715404e+00  1.2818912373e+00 -4.4416326226e-01  3.9007502490e+00  3.7513792459e-01  1.0562378749e+00  3.9202710828e+00 -7.0299821892e+00 -1.9318965770e+00 -5.0987627085e-01 -5.5808301429e+00 -2.5570525998e+00  3.4731318241e-01 -5.6078168064e+00 -2.5276897575e+00 -1.4309771804e+00 -8.7167634227e-01  4.5618219345e-01  2.0344474810e+00 -2.7211525571e-01 -1.1721053275e+00  2.3005338112e+00  3.9526770503e-01 -4.7038833903e-01 -2.5141309125e+00  3.2448546409e-01 -1.8067875693e+00 -1.5785850082e+00
ENERGY -6.296173729345e+02

JOB 13
COORDS -2.2920478229e+00  1.0155490036e+00 -5.2368349647e-01 -3.6599045433e+00  8.5794407587e-01 -5.1947970070e-01 -1.4814377950e+00 -1.4116223448e-01 -5.3004675055e-01 -4.1410969370e+00 -4.6737567051e-01 -5.2215789296e-01  7.8332201448e-01  1.1100987708e+00 -8.3521461189e-02  7.6159516013e-01 -1.3359409707e-01  7.8009380595e-01  2.3733831409e-02 -1.1609677372e-01 -5.4618328665e-01  9.2467872530e-01  3.7717026579e-01  3.2569247139e+00 -5.9621497459e+00 -1.9978348957e+00 -5.1113779675e-01  3.1929725802e-02 -1.3741793298e-01  2.1103599362e+00 -2.0160329234e+00 -1.3651514171e+00 -5.4792644130e-01 -3.3451743612e+00 -1.5320681172e+00 -5.4464104464e-01  6.6628616691e-01 -8.8102982515e-01 -1.6016088645e+00 -5.4820482538e+00 -6.4051870303e-01 -5.0732625581e-01 -1.8438469783e+00  2.0039228781e+00 -5.3231420144e-01 -4.3553166326e+00  1.6917144502e+00 -5.1953973757e-01  2.2775837197e-01  1.9716423439e+00  2.7710295400e-01  1.6896487685e+00  1.3459771330e+00 -6.3155163613e-01  1.6693103546e+00 -7.3241047078e-01  7.5090361242e-01  1.6310284497e+00  1.1362627549e+00  2.9063281859e+00  1.4860670585e+00 -4.3863911598e-01  3.7238205366e+00  3.2132495694e-01  8.2758671168e-01  4.0532302951e+00 -7.0491368941e+00 -1.9126183765e+00 -4.9464691597e-01 -5.6038854821e+00 -2.5380204967e+00  3.6892767699e-01 -5.6296202561e+00 -2.5240327820e+00 -1.4095666651e+00 -8.7808548652e-01  4.6680817180e-01  2.0362616051e+00 -2.8220034608e-01 -1.1681374164e+00  2.3130172223e+00  3.8488885029e-01 -5.0638081445e-01 -2.5082567854e+00  3.0624921522e-01 -1.8351599314e+00 -1.5625206768e+00
ENERGY -6.296190974328e+02

JOB 14
COORDS -2.2742553835e+00  1.0192312707e+00 -5.3435931001e-01 -3.6423515472e+00  8.6382506407e-01 -5.3534313668e-01 -1.4655717113e+00 -1.3884501877e-01 -5.3271981682e-01 -4.1251587760e+00 -4.6092707862e-01 -5.3482193976e-01  7.9830823054e-01  1.1121589142e+00 -8.2693654027e-02  7.7164996608e-01 -1.2726398945e-01  7.8710651471e-01  3.9670571504e-02 -1.1514422818e-01 -5.4273399240e-01  9.2162421156e-01  3.9132994302e-01  3.2579254042e+00 -5.9483589945e+00 -1.9887072878e+00 -5.2573129876e-01  3.5916862105e-02 -1.2370784278e-01  2.1131716271e+00 -2.0016933923e+00 -1.3622022489e+00 -5.4786769307e-01 -3.3310677890e+00 -1.5270992091e+00 -5.4958852796e-01  6.8618409766e-01 -8.8616665954e-01 -1.5911963383e+00 -5.4663846776e+00 -6.3205030076e-01 -5.2512386360e-01 -1.8244598104e+00  2.0068740046e+00 -5.4505032495e-01 -4.3365492785e+00  1.6985901540e+00 -5.4169917356e-01  2.4202538344e-01  1.9759748386e+00  2.7139284203e-01  1.7076123922e+00  1.3446391595e+00 -6.2719332515e-01  1.6787641296e+00 -7.2724884216e-01  7.6474118165e-01  1.4559534185e+00  1.3024823556e+00  2.9687922376e+00  1.6571911810e+00 -3.6238051464e-01  3.5592127502e+00  3.2180913237e-01  6.1970724419e-01  4.1462916999e+00 -7.0352876242e+00 -1.9019333241e+00 -5.1439263313e-01 -5.5947431698e+00 -2.5259179260e+00  3.5802783952e-01 -5.6125869333e+00 -2.5188847307e+00 -1.4206088677e+00 -8.6961341193e-01  4.8810398882e-01  2.0362740931e+00 -2.9009190939e-01 -1.1491723811e+00  2.3260463302e+00  4.0954370909e-01 -5.1576629499e-01 -2.5010477166e+00  3.2478332043e-01 -1.8396432879e+00 -1.5489577811e+00
ENERGY -6.296208267222e+02

JOB 15
COORDS -2.2352912333e+00  1.0337488763e+00 -5.5023326755e-01 -3.6030639889e+00  8.7586781920e-01 -5.6133515778e-01 -1.4244102737e+00 -1.2277074818e-01 -5.4279680853e-01 -4.0840378679e+00 -4.4953824427e-01 -5.6466548051e-01  8.3518445910e-01  1.1292974225e+00 -7.5210292786e-02  8.0362901197e-01 -1.1120797214e-01  7.9329299180e-01  8.0870617348e-02 -9.7746487477e-02 -5.4185217319e-01  9.2513707926e-01  4.2467080007e-01  3.2620839315e+00 -5.9048480804e+00 -1.9803355345e+00 -5.6946506985e-01  5.9921187154e-02 -1.0896642150e-01  2.1132130024e+00 -1.9585947719e+00 -1.3468647521e+00 -5.6231262014e-01 -3.2876689775e+00 -1.5140784469e+00 -5.7389784084e-01  7.3556840553e-01 -8.6769237824e-01 -1.5859206978e+00 -5.4250342110e+00 -6.2291346621e-01 -5.6490509771e-01 -1.7872880994e+00  2.0222276735e+00 -5.5739438350e-01 -4.2985547652e+00  1.7094919698e+00 -5.7261637890e-01  2.7575539613e-01  1.9921759305e+00  2.7603239463e-01  1.7484910225e+00  1.3632625983e+00 -6.1228454909e-01  1.7111530585e+00 -7.1065532952e-01  7.7619938924e-01  1.2710207576e+00  1.4429931246e+00  3.0523233959e+00  1.8106916217e+00 -2.0284275217e-01  3.4131597338e+00  3.6640228341e-01  4.4320078790e-01  4.2041553060e+00 -6.9919665485e+00 -1.8952758202e+00 -5.6610022283e-01 -5.5568982218e+00 -2.5172671827e+00  3.1670722906e-01 -5.5616638960e+00 -2.5097070181e+00 -1.4620031249e+00 -8.4986149519e-01  4.9692160820e-01  2.0290736226e+00 -2.7328780112e-01 -1.1298366987e+00  2.3382752665e+00  4.6571713940e-01 -4.9663091539e-01 -2.4975246145e+00  3.7434653315e-01 -1.8213908631e+00 -1.5471588050e+00
ENERGY -6.296216272839e+02

JOB 16
COORDS -2.2166993873e+00  1.0381685983e+00 -5.5671528390e-01 -3.5847892426e+00  8.8355687052e-01 -5.7333853067e-01 -1.4087184328e+00 -1.2032660844e-01 -5.4460835896e-01 -4.0688823057e+00 -4.4071804370e-01 -5.7719342372e-01  8.5170720641e-01  1.1265274997e+00 -6.7758121720e-02  8.1496112225e-01 -1.1487238429e-01  7.9986738839e-01  9.6573763501e-02 -9.8507179226e-02 -5.3771184012e-01  9.1679335030e-01  4.4572210760e-01  3.2687169406e+00 -5.8932563147e+00 -1.9672103849e+00 -5.8748853159e-01  6.8485097142e-02 -1.1159120820e-01  2.1167255180e+00 -1.9456647661e+00 -1.3431777826e+00 -5.6520056777e-01 -3.2750741702e+00 -1.5071997934e+00 -5.8210552921e-01  7.5372600629e-01 -8.6936306202e-01 -1.5795616412e+00 -5.4102629299e+00 -6.1091114926e-01 -5.8265064250e-01 -1.7662230802e+00  2.0255382539e+00 -5.6300658679e-01 -4.2782328267e+00  1.7188245274e+00 -5.8837626212e-01  2.9283759386e-01  1.9901399661e+00  2.8232219046e-01  1.7674994497e+00  1.3590393702e+00 -6.0118759825e-01  1.7212246303e+00 -7.1616927466e-01  7.8491492270e-01  1.0630926310e+00  1.5260015927e+00  3.1548786112e+00  1.9146035538e+00 -7.2475281111e-03  3.2801739061e+00  4.4418646219e-01  2.6917200018e-01  4.2403338474e+00 -6.9801748298e+00 -1.8795889937e+00 -5.8850461169e-01 -5.5500597922e+00 -2.5038892715e+00  3.0068910214e-01 -5.5478031026e+00 -2.4984600963e+00 -1.4780312428e+00 -8.4682391257e-01  4.8563787440e-01  2.0248356812e+00 -2.7232527025e-01 -1.1270732097e+00  2.3542967840e+00  4.8828493927e-01 -4.9732733688e-01 -2.4920503778e+00  3.9044426151e-01 -1.8223512871e+00 -1.5425775364e+00
ENERGY -6.296211197394e+02

JOB 17
COORDS -2.1952920430e+00  1.0424139506e+00 -5.6350314122e-01 -3.5636769615e+00  8.9125164564e-01 -5.8616947630e-01 -1.3906464815e+00 -1.1831271734e-01 -5.4518062039e-01 -4.0508799666e+00 -4.3189527306e-01 -5.8943726480e-01  8.7005328202e-01  1.1250869948e+00 -6.0219183870e-02  8.2811287697e-01 -1.1578634034e-01  8.0836483652e-01  1.1459852976e-01 -9.9245344238e-02 -5.3176874686e-01  9.1446774742e-01  4.6383022340e-01  3.2810473093e+00 -5.8788935539e+00 -1.9538393739e+00 -6.0479394045e-01  7.8010753682e-02 -1.1003995044e-01  2.1224245564e+00 -1.9303819680e+00 -1.3399582425e+00 -5.6579455810e-01 -3.2600875282e+00 -1.5006088814e+00 -5.8845633704e-01  7.7466348342e-01 -8.7215506543e-01 -1.5702751382e+00 -5.3926193287e+00 -5.9871124075e-01 -6.0067846228e-01 -1.7421027686e+00  2.0285569935e+00 -5.6972311825e-01 -4.2549558792e+00  1.7282122550e+00 -6.0619128430e-01  3.1138181326e-01  1.9899238174e+00  2.8689818259e-01  1.7881695529e+00  1.3553592922e+00 -5.9061857307e-01  1.7335026583e+00 -7.1839614365e-01  7.9706801087e-01  8.5406041164e-01  1.5579946616e+00  3.2983219985e+00  1.9763498153e+00  2.2203173730e-01  3.1617579373e+00  5.7519403960e-01  9.5306740960e-02  4.2538325031e+00 -6.9655783367e+00 -1.8635856810e+00 -6.1096815530e-01 -5.5410619268e+00 -2.4894115549e+00  2.8610621175e-01 -5.5306649176e+00 -2.4878578401e+00 -1.4925958944e+00 -8.4112229452e-01  4.7958037880e-01  2.0208779928e+00 -2.6829350028e-01 -1.1221542793e+00  2.3649739660e+00  5.1345550569e-01 -5.0061252525e-01 -2.4841769304e+00  4.0978998837e-01 -1.8245548426e+00 -1.5337571687e+00
ENERGY -6.296195544352e+02

JOB 18
COORDS -2.2011854618e+00  1.0350031754e+00 -5.7332667392e-01 -3.5703516612e+00  8.9083944168e-01 -5.9467306812e-01 -1.4023318131e+00 -1.2954744062e-01 -5.4529078778e-01 -4.0645868603e+00 -4.2967647035e-01 -5.8678863446e-01  8.6605893796e-01  1.1049547005e+00 -7.0933580851e-02  8.1762865040e-01 -1.2924152783e-01  8.0715530022e-01  1.0299354157e-01 -1.1881885721e-01 -5.3228892280e-01  9.1158068307e-01  4.6551949915e-01  3.2836526419e+00 -5.9006344583e+00 -1.9421001670e+00 -5.8913059000e-01  6.8384093413e-02 -1.0871738939e-01  2.1221223155e+00 -1.9485800308e+00 -1.3484028919e+00 -5.5571879259e-01 -3.2791524636e+00 -1.5022964130e+00 -5.7686889722e-01  7.5785788191e-01 -9.0324378530e-01 -1.5655875161e+00 -5.4072050760e+00 -5.8957499942e-01 -5.9654254920e-01 -1.7428728094e+00  2.0186752173e+00 -5.8780095706e-01 -4.2572339649e+00  1.7312154687e+00 -6.2171028636e-01  3.1294721633e-01  1.9756215082e+00  2.7035380090e-01  1.7846370465e+00  1.3255270876e+00 -6.0466464951e-01  1.7198204437e+00 -7.3663514474e-01  7.9977393038e-01  6.5501129372e-01  1.5124136332e+00  3.4784345452e+00  1.9795684226e+00  4.5540185698e-01  3.0418868142e+00  7.6199537556e-01 -8.8371018311e-02  4.2150509556e+00 -6.9868287022e+00 -1.8461546081e+00 -5.9604976678e-01 -5.5655879561e+00 -2.4718545396e+00  3.0628862723e-01 -5.5552951576e+00 -2.4854903197e+00 -1.4723615340e+00 -8.4725967804e-01  4.8365694414e-01  2.0127423355e+00 -2.8295512682e-01 -1.1184680387e+00  2.3651622960e+00  4.9767705797e-01 -5.3737486907e-01 -2.4820784489e+00  3.8791425000e-01 -1.8533612364e+00 -1.5213986265e+00
ENERGY -6.296177293041e+02

JOB 19
COORDS -2.3395211193e+00  1.0739868005e+00 -3.7024938065e-01 -3.6915945037e+00  8.1422372291e-01 -3.5389000617e-01 -1.4482038917e+00 -9.4236901638e-03 -5.3457391184e-01 -4.0758473750e+00 -5.3390442968e-01 -5.0533199434e-01  7.3394872212e-01  1.3490508405e+00  3.2561395347e-03  8.2981693423e-01  1.6050900749e-02  7.1591067652e-01  5.0009484595e-02  1.3047794398e-01 -5.8154862440e-01  1.0162387861e+00  2.7188544098e-01  3.2465154757e+00 -5.7803836914e+00 -2.1879054147e+00 -6.3675636806e-01  1.4769168583e-01 -1.9676997329e-01  2.0520853675e+00 -1.8935285575e+00 -1.2593592389e+00 -6.8818572821e-01 -3.2063901808e+00 -1.5252932269e+00 -6.7455032056e-01  7.1256979904e-01 -4.5819229442e-01 -1.7331663075e+00 -5.3996552213e+00 -8.0823758925e-01 -4.8061629113e-01 -1.9644368107e+00  2.0874226022e+00 -2.6990129312e-01 -4.4449584146e+00  1.5873220490e+00 -2.3758149928e-01  1.3019031813e-01  2.1195697889e+00  4.7474750794e-01  1.6031884065e+00  1.7130740424e+00 -5.3460379997e-01  1.7766734633e+00 -5.0542744842e-01  5.9476109176e-01  5.3758559379e-01  1.0845723505e+00  3.8019823646e+00  1.9874338430e+00  6.4606177485e-01  2.9071774107e+00  1.2056325325e+00 -5.3949786179e-01  3.9557754876e+00 -6.8696030720e+00 -2.1875670274e+00 -5.8503592938e-01 -5.3561219520e+00 -2.7998480461e+00  1.6337240154e-01 -5.4395851642e+00 -2.5774584297e+00 -1.5994280271e+00 -8.1190076624e-01  3.3092555610e-01  2.0608793267e+00 -1.0278648080e-01 -1.2587877060e+00  2.1549309282e+00  3.7744845162e-01 -3.6347381194e-03 -2.5832213627e+00  4.2260669354e-01 -1.4345392828e+00 -1.7979304037e+00
ENERGY -6.296167672269e+02

JOB 20
COORDS -2.3486209246e+00  1.0684953369e+00 -3.8402563249e-01 -3.7018370270e+00  8.1471795235e-01 -3.6635821273e-01 -1.4609592925e+00 -1.9980340919e-02 -5.3411265832e-01 -4.0923006085e+00 -5.3327045748e-01 -5.0207762453e-01  7.2863214117e-01  1.3324063214e+00 -1.0423552657e-02  8.1423059007e-01  8.7845264098e-03  7.2001430491e-01  3.8238443930e-02  1.1030497940e-01 -5.8061069723e-01  1.0141177290e+00  2.7311394177e-01  3.2410765666e+00 -5.8041875742e+00 -2.1813088023e+00 -6.1604696931e-01  1.2635929841e-01 -1.8260110157e-01  2.0583324336e+00 -1.9120263131e+00 -1.2695167934e+00 -6.7310713470e-01 -3.2260994512e+00 -1.5297216855e+00 -6.5809402867e-01  6.9913934228e-01 -4.9735801694e-01 -1.7233291537e+00 -5.4173862308e+00 -8.0160549490e-01 -4.7594190063e-01 -1.9696967142e+00  2.0815581858e+00 -2.9545025794e-01 -4.4519317161e+00  1.5924561179e+00 -2.6039175383e-01  1.2885579065e-01  2.1129651573e+00  4.4965084607e-01  1.6010093695e+00  1.6838799190e+00 -5.5157522633e-01  1.7581224922e+00 -5.2037770332e-01  6.0845790588e-01  4.5302408909e-01  8.5371829022e-01  3.9794679148e+00  1.8533512363e+00  8.8358910063e-01  2.8922869465e+00  1.4491265854e+00 -5.8485195584e-01  3.7642911940e+00 -6.8934664402e+00 -2.1753865921e+00 -5.6587093279e-01 -5.3838215106e+00 -2.7855341050e+00  1.9195986591e-01 -5.4638833532e+00 -2.5839513997e+00 -1.5734915379e+00 -8.2383353106e-01  3.6089182378e-01  2.0647491017e+00 -1.2211459527e-01 -1.2453683491e+00  2.1583181115e+00  3.6811113960e-01 -5.1947514911e-02 -2.5798174365e+00  4.0327771309e-01 -1.4726630715e+00 -1.7758977581e+00
ENERGY -6.296173765425e+02

JOB 21
COORDS -2.3497246941e+00  1.0622274129e+00 -3.9269782923e-01 -3.7043703927e+00  8.1635591861e-01 -3.7425857632e-01 -1.4688203034e+00 -3.3110183532e-02 -5.3195529025e-01 -4.1015450804e+00 -5.3082089210e-01 -4.9831879007e-01  7.2501112667e-01  1.3146679258e+00 -1.6508451153e-02  8.0422097615e-01 -3.1658727703e-03  7.2488106814e-01  3.0875978991e-02  9.0820152687e-02 -5.7784301068e-01  1.0067648997e+00  2.7500284163e-01  3.2339615820e+00 -5.8221627254e+00 -2.1702388897e+00 -5.9971049867e-01  1.1271792200e-01 -1.8002247599e-01  2.0635504737e+00 -1.9261318231e+00 -1.2815974493e+00 -6.5995194059e-01 -3.2415872655e+00 -1.5341711062e+00 -6.4417241258e-01  6.9081122950e-01 -5.2873390622e-01 -1.7146622715e+00 -5.4280680251e+00 -7.9145351048e-01 -4.7141204835e-01 -1.9648076698e+00  2.0737887054e+00 -3.1274900356e-01 -4.4502920701e+00  1.5991326048e+00 -2.7611532613e-01  1.2723606941e-01  2.1011101387e+00  4.3631415379e-01  1.5997140276e+00  1.6586708215e+00 -5.5869032123e-01  1.7462133442e+00 -5.3701405575e-01  6.1929978753e-01  4.2155881155e-01  6.0897209872e-01  4.0962887497e+00  1.6762924847e+00  1.0847331562e+00  2.9245125254e+00  1.6515737834e+00 -5.4400680158e-01  3.5716609246e+00 -6.9114523933e+00 -2.1579857495e+00 -5.5102004608e-01 -5.4060808288e+00 -2.7694828947e+00  2.1420214448e-01 -5.4828266596e+00 -2.5832159947e+00 -1.5530913456e+00 -8.3299421469e-01  3.7191050855e-01  2.0689214773e+00 -1.3541180132e-01 -1.2426542225e+00  2.1706021249e+00  3.6268341027e-01 -8.9027840356e-02 -2.5752129698e+00  3.9117266411e-01 -1.5032670201e+00 -1.7596369021e+00
ENERGY -6.296191265525e+02

JOB 22
COORDS -2.3315966700e+00  1.0678131166e+00 -4.0242222298e-01 -3.6868492672e+00  8.2509937318e-01 -3.8864713830e-01 -1.4531516483e+00 -3.0372189061e-02 -5.3449920511e-01 -4.0865093885e+00 -5.2162834297e-01 -5.0982985451e-01  7.4059541387e-01  1.3154347552e+00 -1.5074586336e-02  8.1513450464e-01 -3.1678213985e-04  7.3104429057e-01  4.6843278934e-02  9.1296336547e-02 -5.7504903189e-01  1.0041828025e+00  2.8817216190e-01  3.2348038240e+00 -5.8105054164e+00 -2.1572672334e+00 -6.1299024367e-01  1.1803777452e-01 -1.7064610088e-01  2.0668167903e+00 -1.9125931524e+00 -1.2783399885e+00 -6.5998378526e-01 -3.2286695664e+00 -1.5277543265e+00 -6.4870011857e-01  7.1045184074e-01 -5.3317960897e-01 -1.7069972132e+00 -5.4137248881e+00 -7.7898529303e-01 -4.8757387418e-01 -1.9444638414e+00  2.0786980915e+00 -3.2429232708e-01 -4.4313631623e+00  1.6099034314e+00 -2.9614933158e-01  1.4224056770e-01  2.1040516570e+00  4.3326636018e-01  1.6181336664e+00  1.6566269559e+00 -5.5439814444e-01  1.7565871775e+00 -5.3601282551e-01  6.3067926392e-01  4.3374692713e-01  3.9084106719e-01  4.1636073323e+00  1.4854096291e+00  1.2460067130e+00  3.0077933443e+00  1.8091852977e+00 -4.3294303672e-01  3.4173011421e+00 -6.8999587191e+00 -2.1423182471e+00 -5.6896560783e-01 -5.3992752236e+00 -2.7547790786e+00  2.0465271580e-01 -5.4680990321e+00 -2.5741770021e+00 -1.5635587222e+00 -8.2519407397e-01  3.8677459149e-01  2.0698475033e+00 -1.3901493888e-01 -1.2303713633e+00  2.1859735595e+00  3.8647018288e-01 -9.6019737676e-02 -2.5704128166e+00  4.0958936561e-01 -1.5074349648e+00 -1.7497361679e+00
ENERGY -6.296208610335e+02

JOB 23
COORDS -2.3370038418e+00  1.0602670468e+00 -4.0474648974e-01 -3.6934503782e+00  8.2463731806e-01 -3.8641405083e-01 -1.4642412140e+00 -4.2918523450e-02 -5.3287335135e-01 -4.1004777501e+00 -5.2060343559e-01 -4.9930732496e-01  7.3861884175e-01  1.2921114068e+00 -2.4952239430e-02  8.0789772002e-01 -2.1205230962e-02  7.2659412980e-01  3.6304610045e-02  7.0113658377e-02 -5.7786487307e-01  9.9340587967e-01  2.8897308942e-01  3.2297686013e+00 -5.8331746267e+00 -2.1478885520e+00 -5.8957079447e-01  1.1422180815e-01 -1.8116165888e-01  2.0639493587e+00 -1.9305443511e+00 -1.2890613523e+00 -6.5053409002e-01 -3.2478937151e+00 -1.5316506767e+00 -6.3478539964e-01  6.9342013053e-01 -5.6330068604e-01 -1.7085976195e+00 -5.4289561097e+00 -7.7103286437e-01 -4.7248557843e-01 -1.9445918236e+00  2.0695870641e+00 -3.3304708723e-01 -4.4336757038e+00  1.6137717152e+00 -2.9641066720e-01  1.4613565239e-01  2.0858879189e+00  4.2199877204e-01  1.6169367110e+00  1.6261265893e+00 -5.6744411695e-01  1.7458516368e+00 -5.6271388558e-01  6.2554156196e-01  4.7332083189e-01  1.8523819259e-01  4.1881778775e+00  1.2764904403e+00  1.3404578202e+00  3.1073522811e+00  1.9181618253e+00 -2.9633151098e-01  3.2862439234e+00 -6.9224285589e+00 -2.1270392589e+00 -5.4306519743e-01 -5.4231071412e+00 -2.7431492792e+00  2.3029483428e-01 -5.4951958450e+00 -2.5716616335e+00 -1.5386863924e+00 -8.2705236746e-01  3.8090023723e-01  2.0666418536e+00 -1.5969553143e-01 -1.2345887971e+00  2.2023068879e+00  3.6998256002e-01 -1.2807619051e-01 -2.5731846562e+00  3.8687573558e-01 -1.5359941183e+00 -1.7462292261e+00
ENERGY -6.296216313604e+02

