JOB 0
COORDS  2.9636575573e-01  2.5723416416e+00 -1.4828248730e+00 -1.0978339019e+00  2.6793620516e+00 -1.4827289530e+00  9.2575461005e-01  1.4830524890e+00 -8.5372989586e-01 -1.8999919524e+00  1.7099049996e+00 -8.5782614283e-01  1.4327933574e-01  5.1712632403e-01 -2.3661111508e-01 -1.2562297139e+00  6.4250955195e-01 -2.3768903757e-01  2.7817719625e+00 -1.5101854354e+00  2.1282066518e-01  2.7788769758e+00 -8.1604228926e-01  1.3561567606e+00 -8.5300444624e-01 -1.3303253492e+00  8.7488914893e-01  1.3845880442e+00 -1.7271466103e+00 -3.2074892740e-01  1.3797521683e+00 -4.4524814914e-01  1.7902996629e+00  5.1947648490e-01 -7.3637145778e-01  5.1858593398e-01 -3.2357826829e+00 -8.1096029848e-01  3.7044392002e-01 -1.8330109126e+00 -4.4731216625e-01  4.4075849140e-01 -1.0633060885e+00 -2.3984024194e+00  1.4332990653e+00  8.9615528350e-01  3.3340499392e+00 -1.9731901207e+00 -1.5729990779e+00  3.5244085462e+00 -1.9740125810e+00  2.0092179445e+00  1.3942702978e+00 -8.5381646207e-01 -2.9826275044e+00  1.7970473123e+00 -8.6214912348e-01  3.6644105244e+00 -1.9255623950e+00 -2.6681206893e-01  3.6587718066e+00 -5.8095217742e-01  1.9495305992e+00  1.2905307024e+00 -1.5272332460e+00 -1.3930999246e+00  1.0596489843e+00 -2.7604823568e+00 -1.4535541837e-01  1.0553138892e+00 -1.0782982642e+00  2.6261694840e+00  1.2808889586e+00  5.9800743327e-01  2.1069164605e+00 -3.5531541924e+00 -9.1888667013e-01 -6.7346188337e-01 -3.3592698390e+00 -1.7621654473e+00  8.8955772308e-01 -3.8609559688e+00 -5.3529398822e-02  8.5488182061e-01
ENERGY -6.333106491535e+02

JOB 1
COORDS  2.7275491494e-01  2.5437634708e+00 -1.4574814219e+00 -1.1159046231e+00  2.6970198287e+00 -1.3878055578e+00  8.9798155683e-01  1.4452118029e+00 -8.4254429447e-01 -1.9138218668e+00  1.7637275858e+00 -7.0646311817e-01  1.1666940857e-01  5.1286097834e-01 -1.7245087496e-01 -1.2744896905e+00  6.8619961329e-01 -9.8697582970e-02  2.7457830244e+00 -1.5280698163e+00  2.9103173688e-01  2.7648968078e+00 -8.0359210367e-01  1.4152118627e+00 -8.7892232292e-01 -1.2953141410e+00  9.9164756833e-01  1.3399612919e+00 -1.7457151750e+00 -2.1890785625e-01  1.3753322678e+00 -4.0707635933e-01  1.8567607663e+00  4.9478617037e-01 -7.2589926534e-01  6.0397566734e-01 -3.2190205570e+00 -8.5609557300e-01  3.4862288954e-01 -1.8656248366e+00 -3.8260382922e-01  6.1113884815e-01 -1.0920107289e+00 -2.3768540930e+00  1.5193970438e+00  8.7046168273e-01  3.2771162583e+00 -1.9917282903e+00 -1.5887576798e+00  3.5489002062e+00 -1.8694074207e+00  1.9765625326e+00  1.3204772907e+00 -8.9600899650e-01 -2.9923196033e+00  1.8842434396e+00 -6.5915154305e-01  3.6182198434e+00 -1.9641247723e+00 -1.8890467004e-01  3.6546156570e+00 -5.6139123902e-01  1.9908170028e+00  1.2343368161e+00 -1.5723600841e+00 -1.2949134317e+00  1.0071107003e+00 -2.7707036836e+00 -1.3138401865e-02  1.0569985109e+00 -1.0123203612e+00  2.7153731634e+00  1.2899704173e+00  6.4563861560e-01  2.1444978489e+00 -3.3769412519e+00 -9.8031677058e-01 -7.2944423890e-01 -3.3392685565e+00 -1.8157255940e+00  8.5201350627e-01 -3.9628512314e+00 -1.5431931073e-01  7.3809748025e-01
ENERGY -6.333076500959e+02

JOB 2
COORDS  2.5439935391e-01  2.5611534245e+00 -1.4686437766e+00 -1.1235325219e+00  2.7685360895e+00 -1.3357774883e+00  8.6482463948e-01  1.4453726088e+00 -8.7358037296e-01 -1.9219395372e+00  1.8691193207e+00 -6.1294963144e-01  7.7945313549e-02  5.4468230950e-01 -1.6459575031e-01 -1.2988020497e+00  7.7049131262e-01 -2.5077952073e-02  2.6849821177e+00 -1.5287789693e+00  3.1547589401e-01  2.7343620368e+00 -7.6957772192e-01  1.4155070937e+00 -9.2453726280e-01 -1.2109960813e+00  1.0616952506e+00  1.2678214842e+00 -1.7364199172e+00 -1.6619669911e-01  1.3597567827e+00 -3.3260599073e-01  1.8648392380e+00  4.5246627127e-01 -6.7767281141e-01  6.3692288988e-01 -3.1850568494e+00 -8.6502256231e-01  2.3226060175e-01 -1.9200986608e+00 -2.8354339435e-01  6.9599057663e-01 -1.1435709788e+00 -2.2907122055e+00  1.5863858068e+00  8.5399301343e-01  3.2682335137e+00 -2.0353103623e+00 -1.5854529459e+00  3.6353916515e+00 -1.8009686809e+00  1.9350304353e+00  1.2810279129e+00 -9.7063550895e-01 -2.9923652251e+00  2.0289503999e+00 -5.1926342341e-01  3.5419548997e+00 -1.9953763428e+00 -1.6364121749e-01  3.6370987728e+00 -5.2574140676e-01  1.9697402539e+00  1.1489866594e+00 -1.5928991710e+00 -1.2453668160e+00  9.2038659219e-01 -2.7487222747e+00  7.4370060086e-02  1.0448825489e+00 -9.0155473779e-01  2.7492143654e+00  1.2976329824e+00  7.3073687399e-01  2.1170928808e+00 -3.1390502258e+00 -1.0700928122e+00 -8.4427291744e-01 -3.3473609383e+00 -1.7928807998e+00  7.8019800894e-01 -4.0198250303e+00 -1.8725981948e-01  4.3018597500e-01
ENERGY -6.333022576746e+02

JOB 3
COORDS  2.4495582858e-01  2.5603076328e+00 -1.4824737209e+00 -1.1216302326e+00  2.8023112040e+00 -1.2940152896e+00  8.4935559019e-01  1.4285827279e+00 -9.1459852596e-01 -1.9131545713e+00  1.9174471227e+00 -5.4766466704e-01  6.5254549732e-02  5.4038107678e-01 -1.8421276956e-01 -1.2981586062e+00  7.9778608397e-01  8.8101082444e-03  2.6430383124e+00 -1.5842416046e+00  2.3253801104e-01  2.7635002855e+00 -7.9638918403e-01  1.3065552755e+00 -9.2092856213e-01 -1.1591489674e+00  1.1277531036e+00  1.1997992380e+00 -1.7698669375e+00 -1.7528577508e-01  1.4229021292e+00 -3.1145409481e-01  1.8063839220e+00  4.4944471624e-01 -6.6694047257e-01  6.3500461696e-01 -3.0582465306e+00 -9.6441402927e-01  5.6622741679e-02 -1.9434462574e+00 -2.5840975360e-01  7.2056752044e-01 -1.1284902040e+00 -2.2088391292e+00  1.7097721215e+00  8.4069535740e-01  3.2566809360e+00 -2.0663466147e+00 -1.5781235826e+00  3.6851520905e+00 -1.7337717625e+00  1.9123447083e+00  1.2426563576e+00 -1.0461331831e+00 -2.9748479070e+00  2.1024576923e+00 -4.0962997430e-01  3.4643419079e+00 -2.0859398333e+00 -2.7284803390e-01  3.6974438816e+00 -5.6032853497e-01  1.8101414335e+00  1.0326113641e+00 -1.6526277605e+00 -1.2512778725e+00  8.4192405977e-01 -2.7666758311e+00  1.1012821966e-01  1.1362299536e+00 -8.4640515127e-01  2.7210797835e+00  1.3994562452e+00  7.5988940149e-01  2.0297460692e+00 -2.7710537594e+00 -1.2730269736e+00 -9.5649806610e-01 -3.3090085958e+00 -1.8392947600e+00  6.5555600963e-01 -3.9352232780e+00 -3.1579186298e-01 -4.8137600902e-03
ENERGY -6.332946328157e+02

JOB 4
COORDS  1.6605399819e-01  2.6220129696e+00 -1.4735131252e+00 -1.1944238940e+00  2.8786335655e+00 -1.2566883714e+00  7.7291922542e-01  1.4874418638e+00 -9.1615382403e-01 -1.9782733132e+00  2.0007119044e+00 -4.9537000509e-01 -7.7275331489e-03  6.0671633930e-01 -1.7123143792e-01 -1.3640672741e+00  8.7444270967e-01  4.8458067522e-02  2.5243884174e+00 -1.5885627349e+00  1.7407049989e-01  2.7305741925e+00 -7.7192468797e-01  1.2128766073e+00 -9.6977248282e-01 -1.0250436986e+00  1.2477915656e+00  1.0553542346e+00 -1.7378356375e+00 -1.4762722991e-01  1.4366303682e+00 -2.2565016425e-01  1.7688044048e+00  3.8736680521e-01 -5.8360582377e-01  6.6825568530e-01 -2.9163136702e+00 -1.0462844032e+00 -7.5844129405e-02 -2.0269616222e+00 -1.8546675977e-01  7.4975922127e-01 -1.1531670345e+00 -2.0046658126e+00  1.9418153203e+00  7.5662377112e-01  3.3138586581e+00 -2.0680568635e+00 -1.6498020468e+00  3.7675109494e+00 -1.6853044669e+00  1.8328620411e+00  1.2953989962e+00 -1.0630098325e+00 -3.0353447668e+00  2.1929303761e+00 -3.3249961461e-01  3.2988230674e+00 -2.1343710994e+00 -3.5879129892e-01  3.6987424697e+00 -5.5226934439e-01  1.6555721371e+00  8.3217139788e-01 -1.6462727750e+00 -1.2159927075e+00  6.8458469634e-01 -2.7146429305e+00  1.8668672172e-01  1.1839053840e+00 -7.2054987205e-01  2.7154093875e+00  1.4612427398e+00  8.5247905570e-01  1.9565392132e+00 -2.3895603941e+00 -1.4213045489e+00 -9.6350312088e-01 -3.2517709180e+00 -1.8802096059e+00  5.4007615024e-01 -3.7872359832e+00 -4.7230884276e-01 -4.0042395969e-01
ENERGY -6.332854125891e+02

JOB 5
COORDS  1.3431003353e-01  2.6310353293e+00 -1.4215961771e+00 -1.2158723270e+00  2.9178700488e+00 -1.1795562502e+00  7.2510494351e-01  1.4796138035e+00 -8.8132837685e-01 -2.0074938309e+00  2.0488110647e+00 -4.1544368378e-01 -6.3480888126e-02  6.0966948864e-01 -1.3214057911e-01 -1.4106138116e+00  9.0538023608e-01  1.0941493493e-01  2.3935723680e+00 -1.6901986727e+00  1.8092152430e-01  2.6759551490e+00 -8.5160766554e-01  1.1835644868e+00 -1.0285954665e+00 -9.4104458861e-01  1.3770502996e+00  9.0812118174e-01 -1.7803398046e+00 -8.2003747455e-02  1.4310282576e+00 -2.2894264411e-01  1.7691163452e+00  3.2293590525e-01 -5.7340016171e-01  7.2554012727e-01 -2.7262242049e+00 -1.1396542532e+00 -1.7814389575e-01 -2.1066298122e+00 -1.6571767504e-01  7.7512007941e-01 -1.2032518376e+00 -1.8214648974e+00  2.1892691232e+00  7.3126871117e-01  3.3150154606e+00 -2.0190481600e+00 -1.6566722946e+00  3.8213822923e+00 -1.5925446174e+00  1.7798347859e+00  1.2697937315e+00 -1.0411431849e+00 -3.0587722762e+00  2.2569544334e+00 -2.3555784633e-01  3.1210025997e+00 -2.2877591035e+00 -3.6253799403e-01  3.6697910465e+00 -6.6208386986e-01  1.5809569331e+00  6.5071737780e-01 -1.7057198847e+00 -1.1439577891e+00  5.0832281439e-01 -2.7322775623e+00  2.8927415791e-01  1.1940148814e+00 -6.7966460578e-01  2.7413552593e+00  1.5118669718e+00  8.5246076123e-01  1.9182740400e+00 -2.0036238535e+00 -1.4939775897e+00 -9.2573983214e-01 -3.1151629827e+00 -1.9804799601e+00  3.9680376089e-01 -3.5533046262e+00 -6.5253048948e-01 -7.0034981660e-01
ENERGY -6.332751420396e+02

JOB 6
COORDS  1.0878133248e-01  2.6315451782e+00 -1.4365248075e+00 -1.2100022399e+00  2.9725673518e+00 -1.1099011925e+00  6.7889805255e-01  1.4428750687e+00 -9.5430728614e-01 -1.9992148711e+00  2.1144563325e+00 -3.2841512437e-01 -1.0431554760e-01  5.8782078759e-01 -1.8447408334e-01 -1.4238234634e+00  9.3703732237e-01  1.3731312744e-01  2.3467484065e+00 -1.7347775080e+00  1.8075187054e-01  2.6499411792e+00 -8.5015709352e-01  1.1364461407e+00 -1.0542218691e+00 -8.8226653097e-01  1.4166359407e+00  8.5695710544e-01 -1.8244669367e+00 -5.6566125224e-02  1.4177956156e+00 -1.9402885907e-01  1.7106862275e+00  2.8949162855e-01 -5.7926375975e-01  7.0066849147e-01 -2.5421493443e+00 -1.1908588601e+00 -2.7029749912e-01 -2.1536935308e+00 -1.5486508223e-01  7.5002976945e-01 -1.2103168060e+00 -1.6673366642e+00  2.3203660841e+00  7.0200720041e-01  3.3043034469e+00 -2.0503750262e+00 -1.6311875726e+00  3.9050780142e+00 -1.4763058334e+00  1.7168719352e+00  1.2000372317e+00 -1.1681639629e+00 -3.0335449535e+00  2.3521707697e+00 -9.5829243871e-02  3.0612871325e+00 -2.3628676149e+00 -3.4507700489e-01  3.6510486666e+00 -6.4696687026e-01  1.5079392498e+00  5.9000968458e-01 -1.7972504723e+00 -1.1184002107e+00  4.5563234973e-01 -2.7574845805e+00  3.5930585741e-01  1.1926576672e+00 -6.0057886606e-01  2.7048682809e+00  1.5063971577e+00  8.9215197232e-01  1.8112904257e+00 -1.7045389269e+00 -1.4869788478e+00 -9.1268045141e-01 -2.9382427285e+00 -2.0579098876e+00  2.6027620504e-01 -3.3280389600e+00 -7.7545834444e-01 -9.0701387103e-01
ENERGY -6.332624720316e+02

JOB 7
COORDS  7.9993059450e-02  2.6350289420e+00 -1.4250030612e+00 -1.1939613347e+00  3.0345216426e+00 -1.0041212412e+00  6.0992544338e-01  1.3957623084e+00 -1.0270661660e+00 -1.9930093651e+00  2.1797895913e+00 -2.2579497403e-01 -1.8181017828e-01  5.5004649900e-01 -2.5873081152e-01 -1.4616813352e+00  9.5356429162e-01  1.5518855938e-01  2.2761387240e+00 -1.7853756538e+00  2.3456082221e-01  2.5685955186e+00 -8.5002041131e-01  1.1438284822e+00 -1.1415898793e+00 -8.5029433554e-01  1.4145725992e+00  7.9058254461e-01 -1.8796824013e+00 -2.4311964256e-02  1.3304396053e+00 -1.6278243499e-01  1.6634297608e+00  2.0977843235e-01 -6.0252034477e-01  6.6315783495e-01 -2.4489558956e+00 -1.2424031094e+00 -3.4501045426e-01 -2.2490089311e+00 -1.5247519504e-01  6.8338881055e-01 -1.2907686991e+00 -1.5507227254e+00  2.3829646155e+00  6.7625489606e-01  3.3030366091e+00 -2.0411711016e+00 -1.5792462290e+00  4.0057542023e+00 -1.3033000131e+00  1.6254233030e+00  1.1149023138e+00 -1.2957828887e+00 -3.0044103233e+00  2.4542563306e+00  6.0400463269e-02  2.9955694932e+00 -2.4436040933e+00 -2.4577972921e-01  3.5648895452e+00 -6.2798851256e-01  1.5174989261e+00  5.5077732704e-01 -1.8990787873e+00 -1.0928627706e+00  3.7691803041e-01 -2.7947961005e+00  4.1877349201e-01  1.0926679021e+00 -5.1445108589e-01  2.6753461817e+00  1.4195450208e+00  9.2692926977e-01  1.7069913021e+00 -1.5507153773e+00 -1.4755307677e+00 -9.2105165696e-01 -2.8127722041e+00 -2.1295244789e+00  1.7567546167e-01 -3.2194183677e+00 -9.1208979720e-01 -1.0490708919e+00
ENERGY -6.332448236643e+02

JOB 8
COORDS  8.2536274735e-02  2.5460200766e+00 -1.5783507284e+00 -1.1655308677e+00  2.3615683324e+00 -2.1849846090e+00  6.0092311859e-01  1.5806191826e+00 -6.9844150457e-01 -1.9520570955e+00  1.2375849296e+00 -1.8802326064e+00 -1.7849286352e-01  4.6999463849e-01 -3.9603768158e-01 -1.4326533195e+00  2.9344929251e-01 -1.0027849211e+00  2.5934203779e+00 -1.3909591908e+00  1.9180739741e-01  2.2464267727e+00 -1.0968554227e+00  1.4489020063e+00 -1.1028032999e+00 -1.7054185120e+00 -8.7301609289e-02  1.3910162259e+00 -1.5117251110e+00 -7.1094026102e-01  7.5035587362e-01 -9.5587890054e-01  1.6060101268e+00  2.2365968084e-01 -9.0363176008e-01  1.3599102277e-01 -2.4848615411e+00 -4.2541554929e-01  1.1003786044e+00 -2.2224254294e+00 -7.4451400768e-01 -3.5386884920e-01 -1.2295057247e+00 -2.8990026866e+00  1.2407025978e-02  6.6873458982e-01  3.4305939957e+00 -1.8135673022e+00 -1.5413097242e+00  3.1079414411e+00 -2.8799401900e+00  1.5991491658e+00  1.6896143953e+00 -2.8131633760e-01 -2.9456546035e+00  1.1104023462e+00 -2.3006619722e+00  3.6078272494e+00 -1.5757457298e+00 -1.5223242202e-01  2.9327232006e+00 -1.0063539347e+00  2.2869821289e+00  1.5048651804e+00 -9.8822131278e-01 -1.6650328127e+00  1.1848775719e+00 -2.5657378894e+00 -9.3620718853e-01  3.3466573778e-01 -1.8146119982e+00  2.1488317909e+00  4.6932356182e-01 -5.4124080796e-02  2.1605763929e+00 -3.2746067930e+00  3.3118622397e-01  1.1481003533e+00 -2.8471845413e+00 -1.3352889710e+00  1.5813278469e+00 -1.6145759410e+00 -3.0807981160e-02  1.6294297651e+00
ENERGY -6.332448237011e+02

JOB 9
COORDS  1.1081593824e-01  2.5547355081e+00 -1.5683104024e+00 -1.1868737169e+00  2.4202199488e+00 -2.0782892612e+00  6.7366262928e-01  1.5438669344e+00 -7.7341882505e-01 -1.9635406164e+00  1.2920101357e+00 -1.7719233123e+00 -9.7405662830e-02  4.2735956463e-01 -4.6349642599e-01 -1.3958415602e+00  3.0117234405e-01 -9.7804050989e-01  2.6743802456e+00 -1.3829578763e+00  1.9883615003e-01  2.3159360999e+00 -1.0232581334e+00  1.4357539355e+00 -1.0161341070e+00 -1.7216406560e+00 -5.7649639094e-02  1.4794315460e+00 -1.5663772782e+00 -7.0498756864e-01  8.1656039424e-01 -8.9847152236e-01  1.5776781690e+00  3.0521596559e-01 -9.2213900879e-01  9.9872623950e-02 -2.5740399196e+00 -4.6507160187e-01  1.0142958531e+00 -2.1247008349e+00 -8.0079321195e-01 -3.8236569015e-01 -1.1540502842e+00 -2.9032981384e+00  1.4751170445e-01  6.9417818295e-01  3.4396925400e+00 -1.8088753376e+00 -1.6018863945e+00  3.2036362598e+00 -2.7069777572e+00  1.6972447766e+00  1.6257872883e+00 -4.1611504267e-01 -2.9828700809e+00  1.1914704973e+00 -2.1342802208e+00  3.6931142646e+00 -1.5754485508e+00 -1.2772073035e-01  2.9962247870e+00 -8.7841505184e-01  2.2710900244e+00  1.5949245350e+00 -1.0936100185e+00 -1.6852495277e+00  1.2840526661e+00 -2.6330309487e+00 -8.7364755812e-01  4.1173924809e-01 -1.7427659726e+00  2.1502340047e+00  5.0967265556e-01  2.0821080068e-02  2.0877915550e+00 -3.3748237305e+00  2.7700972627e-01  9.5388840382e-01 -2.9677816030e+00 -1.3738394547e+00  1.4717720409e+00 -1.7682358906e+00 -4.7124231184e-02  1.6290578278e+00
ENERGY -6.332624720264e+02

JOB 10
COORDS  1.3688001361e-01  2.5422622375e+00 -1.5745818335e+00 -1.1965998609e+00  2.4518538631e+00 -1.9958947545e+00  7.2338775217e-01  1.5011029716e+00 -8.4062267727e-01 -1.9765559527e+00  1.3328772251e+00 -1.6713062173e+00 -5.4134851404e-02  3.9455631979e-01 -5.0752029531e-01 -1.3843997346e+00  3.0916913809e-01 -9.3608620586e-01  2.7021372635e+00 -1.4234986394e+00  1.7694562481e-01  2.3636947160e+00 -9.9943867684e-01  1.3991958524e+00 -9.9328374564e-01 -1.7172542002e+00  1.4009218795e-02  1.4941745185e+00 -1.6341279561e+00 -7.0446245272e-01  8.6765207766e-01 -8.5287032888e-01  1.5547455368e+00  3.3972861983e-01 -9.3973796561e-01  8.3333533810e-02 -2.7532715537e+00 -5.2203489520e-01  9.1620207374e-01 -2.0769353349e+00 -8.2686055953e-01 -3.8410881372e-01 -1.1552829491e+00 -2.8696977229e+00  3.4713469966e-01  7.2484689052e-01  3.4189781785e+00 -1.8330400426e+00 -1.6336392646e+00  3.2599446213e+00 -2.5765711182e+00  1.7664978048e+00  1.5539388370e+00 -5.3871454036e-01 -3.0154821498e+00  1.2620354489e+00 -1.9819218361e+00  3.7143134103e+00 -1.6453618003e+00 -1.5141915057e-01  3.0568339692e+00 -8.2349823411e-01  2.2178450948e+00  1.6036740865e+00 -1.2056770906e+00 -1.7057895844e+00  1.2851709613e+00 -2.7048785025e+00 -8.2440282645e-01  4.6226394842e-01 -1.6685815059e+00  2.1664201161e+00  5.7126851714e-01  9.1036879503e-02  2.0246017989e+00 -3.5892683157e+00  1.5767140142e-01  7.3410674540e-01 -3.1376125771e+00 -1.4552890881e+00  1.3286877955e+00 -2.0676288212e+00 -4.6238452273e-02  1.6304208330e+00
ENERGY -6.332751420713e+02

JOB 11
COORDS  1.6648792156e-01  2.5827254600e+00 -1.5391103212e+00 -1.1788892357e+00  2.4983733022e+00 -1.9219936051e+00  7.7005903865e-01  1.5359233191e+00 -8.2770153337e-01 -1.9514088705e+00  1.3774731586e+00 -1.5879602407e+00  5.7458598146e-06  4.2774959148e-01 -4.8281467359e-01 -1.3409149536e+00  3.4667536254e-01 -8.7647788877e-01  2.7595897301e+00 -1.4067842225e+00  9.5705008129e-02  2.4960449377e+00 -9.3878385806e-01  1.3204725138e+00 -9.4138168733e-01 -1.6481874902e+00  1.5446223077e-01  1.4997988319e+00 -1.6321412522e+00 -7.0674037443e-01  1.0129334781e+00 -7.7159738889e-01  1.5576091815e+00  4.0159536784e-01 -8.9446656388e-01  1.2399718514e-01 -2.9372971015e+00 -5.6607169392e-01  7.7653324848e-01 -1.9988261199e+00 -8.1344790233e-01 -3.5117161943e-01 -1.1187855950e+00 -2.7503301631e+00  6.3273551326e-01  7.4840688536e-01  3.4607902420e+00 -1.8060856334e+00 -1.6313423014e+00  3.3120461606e+00 -2.4827165543e+00  1.8192508170e+00  1.5868533734e+00 -5.4746731278e-01 -2.9971093761e+00  1.3129402965e+00 -1.8764335723e+00  3.7485286644e+00 -1.6526493680e+00 -2.8263685675e-01  3.2376024160e+00 -7.4439695891e-01  2.0911143772e+00  1.5545640757e+00 -1.2396919262e+00 -1.7271279286e+00  1.2731238558e+00 -2.7038889356e+00 -7.7627801627e-01  6.3454018904e-01 -1.5676851764e+00  2.2106383998e+00  7.5090709804e-01  1.8727694078e-01  2.0175159726e+00 -3.8076003439e+00 -1.2242404794e-02  4.1714581511e-01 -3.2665982031e+00 -1.5297529789e+00  1.1641094307e+00 -2.4530334269e+00  1.4878579036e-02  1.5727999086e+00
ENERGY -6.332854124180e+02

JOB 12
COORDS  2.4582494445e-01  2.5591372155e+00 -1.4790382505e+00 -1.1073564203e+00  2.4922678605e+00 -1.8342339772e+00  8.4674906151e-01  1.5045654737e+00 -7.7533126781e-01 -1.8891264095e+00  1.3813120205e+00 -1.4862651328e+00  7.1446796849e-02  4.0591476878e-01 -4.1590382958e-01 -1.2779821292e+00  3.4275276034e-01 -7.8669565029e-01  2.7951814342e+00 -1.5000379029e+00  7.2169255407e-02  2.6164017168e+00 -9.8505132021e-01  1.2934620176e+00 -9.0016946656e-01 -1.6134731611e+00  3.3283191099e-01  1.4859065050e+00 -1.7095918786e+00 -6.5171690138e-01  1.1547278636e+00 -7.6189646392e-01  1.6056971724e+00  4.6046044677e-01 -9.0788565039e-01  2.1558362760e-01 -3.0717957187e+00 -6.4125113855e-01  6.3470361798e-01 -1.9180983250e+00 -8.2377480767e-01 -2.6924920573e-01 -1.1074788649e+00 -2.6566999157e+00  9.2650451526e-01  8.3385912577e-01  3.4299544303e+00 -1.7558791597e+00 -1.5610275537e+00  3.3124895780e+00 -2.3843190127e+00  1.8998712071e+00  1.5445583347e+00 -5.0856840015e-01 -2.9407085474e+00  1.3351782356e+00 -1.7555819281e+00  3.7527956545e+00 -1.7907203835e+00 -3.5214659992e-01  3.4063984486e+00 -7.9072347646e-01  2.0144362863e+00  1.4945338074e+00 -1.3521870756e+00 -1.6863118798e+00  1.2229056072e+00 -2.7751491302e+00 -6.7187700460e-01  7.8644266538e-01 -1.5260002236e+00  2.3011876542e+00  9.4878497442e-01  2.1787543284e-01  2.0496683899e+00 -3.9373048665e+00 -2.7622072048e-01  7.6791633612e-02 -3.3170290982e+00 -1.6094788283e+00  1.0699798462e+00 -2.8305023143e+00  7.6678019435e-02  1.4287689480e+00
ENERGY -6.332946327669e+02

JOB 13
COORDS  2.5499801084e-01  2.5482753233e+00 -1.4852051014e+00 -1.1120338622e+00  2.5102388910e+00 -1.7837341787e+00  8.6352870830e-01  1.4787680621e+00 -8.0878271662e-01 -1.9015338334e+00  1.4113153292e+00 -1.4122516543e+00  8.5053614280e-02  3.9128133892e-01 -4.2875574036e-01 -1.2801474315e+00  3.5709437018e-01 -7.4647711605e-01  2.7712465349e+00 -1.5808032934e+00 -8.5575170812e-03  2.6631372778e+00 -1.0269842710e+00  1.2040816049e+00 -9.0739875873e-01 -1.5833022541e+00  4.1271397577e-01  1.4243475211e+00 -1.7723344085e+00 -6.6549799105e-01  1.2246036443e+00 -7.5082604846e-01  1.5752388815e+00  4.6353483572e-01 -9.1521490736e-01  2.2453913006e-01 -3.1900486644e+00 -7.4285768556e-01  4.5379645203e-01 -1.8959887268e+00 -8.1561256262e-01 -2.3422451489e-01 -1.1293149286e+00 -2.5919168576e+00  1.0627345142e+00  8.4748962258e-01  3.4103315107e+00 -1.7791551733e+00 -1.5726404461e+00  3.3438847095e+00 -2.3072596461e+00  1.9254001472e+00  1.5012078427e+00 -5.7704168837e-01 -2.9638883411e+00  1.3894595225e+00 -1.6382296036e+00  3.6995496026e+00 -1.9117428273e+00 -4.6716278046e-01  3.4909436292e+00 -8.3624062087e-01  1.8823142969e+00  1.3946903324e+00 -1.4450450207e+00 -1.7096182788e+00  1.1314070815e+00 -2.8299734218e+00 -6.4173603751e-01  8.6491826472e-01 -1.4838648726e+00  2.3077732807e+00  1.0677260889e+00  2.4645051932e-01  1.9996975743e+00 -4.0017028937e+00 -5.8347867891e-01 -2.6119139166e-01 -3.3513269297e+00 -1.6922295019e+00  9.6386491807e-01 -3.1895902121e+00  7.7236888393e-02  1.1822008168e+00
ENERGY -6.333022579354e+02

JOB 14
COORDS  2.7419271337e-01  2.5322538778e+00 -1.4764732477e+00 -1.1072183048e+00  2.5212098826e+00 -1.6962893766e+00  8.9785233903e-01  1.4545103575e+00 -8.2431354292e-01 -1.8991056525e+00  1.4410580272e+00 -1.2741932748e+00  1.2165355074e-01  3.8510633859e-01 -3.9676184635e-01 -1.2616515561e+00  3.8030149203e-01 -6.3584398051e-01  2.7990798855e+00 -1.5954604647e+00  2.1675957796e-02  2.7212332465e+00 -1.0022763488e+00  1.2179494348e+00 -8.6803685801e-01 -1.5629610611e+00  5.2182678581e-01  1.4361618103e+00 -1.8011954032e+00 -5.9736418628e-01  1.2927043316e+00 -7.0637097335e-01  1.6122333781e+00  5.0181172243e-01 -9.0825046619e-01  2.8370360455e-01 -3.2209518135e+00 -8.3595828521e-01  3.8482461619e-01 -1.8485616084e+00 -7.8968069742e-01 -1.0440033692e-01 -1.0839922434e+00 -2.5750080072e+00  1.1721220187e+00  8.6715805044e-01  3.3794184865e+00 -1.8099186042e+00 -1.5792947773e+00  3.3612079628e+00 -2.1990602865e+00  1.9706825857e+00  1.4590750367e+00 -6.4881559590e-01 -2.9721447263e+00  1.4396169139e+00 -1.4429155544e+00  3.7151332722e+00 -1.9461728847e+00 -4.4677201977e-01  3.5650630411e+00 -7.9502464810e-01  1.8710986199e+00  1.3845459606e+00 -1.5104256199e+00 -1.6514355066e+00  1.1376379532e+00 -2.8552719176e+00 -5.2914402161e-01  9.4581351142e-01 -1.4155253596e+00  2.3741397881e+00  1.1500607730e+00  3.0382652815e-01  2.0099316572e+00 -3.9340912188e+00 -8.2517795043e-01 -4.4510776625e-01 -3.3432805532e+00 -1.7631553319e+00  9.4521543309e-01 -3.4220187342e+00  2.1591548263e-02  1.0381252596e+00
ENERGY -6.333076495451e+02

JOB 15
COORDS  2.9648436004e-01  2.5717133043e+00 -1.4854291144e+00 -1.0940241477e+00  2.5965636107e+00 -1.6306628685e+00  9.2586303324e-01  1.4870354348e+00 -8.4837933875e-01 -1.8922117801e+00  1.5455556410e+00 -1.1488947380e+00  1.4697455685e-01  4.4506826865e-01 -3.6493583008e-01 -1.2485187365e+00  4.7999278100e-01 -5.2557629667e-01  2.8122462232e+00 -1.5480544812e+00  6.6459248407e-02  2.7558167610e+00 -9.2176571435e-01  1.2469849888e+00 -8.4602558715e-01 -1.4768407017e+00  6.1495829033e-01  1.4391410228e+00 -1.7612930983e+00 -5.2741241030e-01  1.3348769227e+00 -6.0509958397e-01  1.6525419134e+00  5.2448230407e-01 -8.3724795616e-01  3.3944953609e-01 -3.2346050146e+00 -8.3000295333e-01  3.3499242124e-01 -1.8225659837e+00 -6.7357514866e-01  4.0587814919e-02 -1.0581455540e+00 -2.5073772783e+00  1.2393362448e+00  8.9348992688e-01  3.3960915440e+00 -1.8654062767e+00 -1.5692467348e+00  3.4412179053e+00 -2.1225773650e+00  2.0063689812e+00  1.4651701142e+00 -7.3089702975e-01 -2.9721078012e+00  1.5704893278e+00 -1.2625266969e+00  3.7191900355e+00 -1.9180167866e+00 -4.0489146693e-01  3.6101140468e+00 -7.0338688848e-01  1.8826803345e+00  1.3753095386e+00 -1.5009957084e+00 -1.5888210671e+00  1.1332915500e+00 -2.8102893851e+00 -4.2368415355e-01  9.9438781723e-01 -1.2920410270e+00  2.4375868292e+00  1.2041263393e+00  4.1597491533e-01  2.0254402676e+00 -3.8240832412e+00 -8.7257724098e-01 -5.8693072854e-01 -3.3586699780e+00 -1.7650434139e+00  8.8254361031e-01 -3.5943784943e+00  4.5235709575e-03  9.4840933314e-01
ENERGY -6.333106496012e+02

JOB 16
COORDS  3.6323588533e-01  2.5838613096e+00 -1.4904698607e+00 -1.0309271899e+00  2.6563039007e+00 -1.5666704405e+00  9.8517578322e-01  1.4935749883e+00 -8.5501881452e-01 -1.8414677154e+00  1.6497868133e+00 -1.0149171506e+00  1.9554234173e-01  4.9354960163e-01 -3.0583738905e-01 -1.2047172858e+00  5.8057928389e-01 -3.9088560662e-01  2.8333130756e+00 -1.5317609303e+00  1.4156877885e-01  2.8035663017e+00 -8.7199650317e-01  1.3046878115e+00 -8.1506129680e-01 -1.3888060271e+00  7.3628451502e-01  1.4485206748e+00 -1.7400459651e+00 -4.2667660664e-01  1.3934797163e+00 -5.2214884260e-01  1.7208561871e+00  5.6124400157e-01 -7.7786188393e-01  4.2473071126e-01 -3.2084164192e+00 -7.8667929135e-01  3.3447771682e-01 -1.7852516360e+00 -5.3881457152e-01  2.2995068221e-01 -1.0327089495e+00 -2.4388244112e+00  1.3263066129e+00  9.6921857483e-01  3.3741797788e+00 -1.9247104539e+00 -1.4998879097e+00  3.5035188856e+00 -2.0601775859e+00  2.0688572081e+00  1.4333529785e+00 -7.9364412756e-01 -2.9240710956e+00  1.7109160680e+00 -1.0772083719e+00  3.7277197849e+00 -1.9284743860e+00 -3.3199389023e-01  3.6700238276e+00 -6.4972026227e-01  1.9223071343e+00  1.3742457529e+00 -1.5095342092e+00 -1.4943336799e+00  1.1268534356e+00 -2.7800951967e+00 -2.8779340048e-01  1.0547329045e+00 -1.1826607581e+00  2.5292079511e+00  1.2827879464e+00  5.1033322589e-01  2.0676731999e+00 -3.6632965579e+00 -8.6237231239e-01 -6.5964752858e-01 -3.3438919215e+00 -1.7293501146e+00  8.6631069622e-01 -3.7026303269e+00  1.7939429606e-02  8.9056964304e-01
ENERGY -6.333115855802e+02

