JOB 0
COORDS -3.4010552787e+00 -2.8158580277e+00 -2.2956642906e-01 -2.3632684845e+00 -7.2732289285e-01 -8.5769129767e-01 -2.2142025934e+00 -3.1153349595e+00  4.3989784282e-01 -3.4548450331e+00 -1.5862468518e+00 -8.8693716043e-01 -1.2137812975e+00 -1.1204761282e+00 -1.4397793947e-01  1.8591470038e-01  8.8267528974e-01 -1.0467171989e+00 -2.1621585634e-01  1.2040767277e+00  3.6862591331e-01  2.9641171410e-03 -2.4971543483e-01 -4.7586912611e-02  1.2645754303e+00 -9.4047431934e-01  4.3974147805e-01 -1.1492101613e+00 -2.3059736294e+00  4.8820673062e-01 -4.9028525222e+00 -1.1250590172e+00 -1.7607876221e+00 -4.2372600879e+00 -3.5064756626e+00 -2.3983166157e-01 -2.4162774081e+00  2.2520920951e-01 -1.3715761261e+00 -2.1176701203e+00 -4.0642391337e+00  9.6579025104e-01 -5.4158817359e-01  1.0163920679e+00 -1.8406097045e+00  1.2073649344e+00  1.0948903477e+00 -1.3483136332e+00  5.2196943594e-01  1.6450203217e+00  1.0326375123e+00 -1.2383378309e+00  1.5225957234e+00  5.5136118313e-01  2.0960711215e+00 -2.2892499930e-01  4.6678089040e-01  1.5375878734e+00 -1.7650502254e+00 -2.2600940949e-01  1.1278570384e+00 -1.3558330406e+00  1.4409470629e+00
ENERGY -8.639395279713e+02

JOB 1
COORDS -3.3972407323e+00 -2.7818334688e+00 -1.8674250926e-01 -2.2675814706e+00 -8.2207720245e-01 -1.0347494856e+00 -2.2772533982e+00 -2.9807416776e+00  6.2379124331e-01 -3.3696522129e+00 -1.6714595283e+00 -1.0287399356e+00 -1.1968639525e+00 -1.1022925640e+00 -1.6713899482e-01  1.4873043111e-01  1.0024151215e+00 -9.5218344765e-01 -1.9308195306e-01  1.1717740909e+00  5.0784746922e-01  1.8237416891e-02 -2.2551746642e-01 -7.2026218162e-02  1.3042288271e+00 -9.4674682094e-01  2.9871792164e-01 -1.2085765921e+00 -2.1777935100e+00  6.4304910206e-01 -4.7227883278e+00 -1.3475591214e+00 -2.0946771261e+00 -4.2416785704e+00 -3.4621451791e+00 -1.6475550861e-01 -2.2494080755e+00  2.9715791318e-02 -1.7030654121e+00 -2.2441963101e+00 -3.8386553462e+00  1.2941163058e+00 -6.1339436278e-01  1.2328846165e+00 -1.6887376070e+00  1.1546191737e+00  1.2563123517e+00 -1.2733470055e+00  5.6745126009e-01  1.5503353417e+00  1.1852554821e+00 -1.2098971563e+00  1.4592848534e+00  7.5858058000e-01  2.1325091322e+00 -2.3425300891e-01  3.6614688941e-01  1.5597853420e+00 -1.6960085334e+00 -4.5830207814e-01  1.2033035349e+00 -1.4591512886e+00  1.2576043324e+00
ENERGY -8.639386605300e+02

JOB 2
COORDS -3.3850691494e+00 -2.7662404664e+00 -1.5438206740e-01 -2.1664485087e+00 -9.3693682434e-01 -1.1552951404e+00 -2.3456428672e+00 -2.8467020221e+00  7.7759400240e-01 -3.2718551250e+00 -1.7847679177e+00 -1.1359766443e+00 -1.1862504700e+00 -1.0905702504e+00 -1.6235928859e-01  8.2960883844e-02  1.0906568928e+00 -8.5837820781e-01 -1.6031010121e-01  1.1302337629e+00  6.3420271132e-01  2.3594415405e-02 -2.0398042899e-01 -7.7152744194e-02  1.3303768059e+00 -9.4457763097e-01  1.6373786951e-01 -1.2786825036e+00 -2.0430636840e+00  7.8608391679e-01 -4.5163449962e+00 -1.6195756030e+00 -2.3586361817e+00 -4.2335114383e+00 -3.4409061153e+00 -1.1579013108e-01 -2.0681074830e+00 -1.8940349104e-01 -1.9327519239e+00 -2.3830894958e+00 -3.6039523351e+00  1.5596879426e+00 -7.3797410817e-01  1.3743205840e+00 -1.5086516739e+00  1.0588202682e+00  1.3933835253e+00 -1.2269194567e+00  6.4108186335e-01  1.4610984457e+00  1.2890977465e+00 -1.1594531539e+00  1.3869602313e+00  9.7344405256e-01  2.1582225778e+00 -2.3649578647e-01  2.7156494102e-01  1.5608819673e+00 -1.6097156853e+00 -6.7618017384e-01  1.2663273589e+00 -1.5494532778e+00  1.0710799287e+00
ENERGY -8.639385771697e+02

JOB 3
COORDS -3.3771450264e+00 -2.7593566202e+00 -1.4140218498e-01 -2.0751019306e+00 -1.0396653139e+00 -1.2241043644e+00 -2.4312002121e+00 -2.7217191434e+00  8.8878842693e-01 -3.1759345317e+00 -1.8946247234e+00 -1.2142791858e+00 -1.1954715123e+00 -1.0698182695e+00 -1.3233921799e-01  1.3148587832e-02  1.1530289528e+00 -7.6862913476e-01 -1.1334030836e-01  1.0969841233e+00  7.4079040063e-01  1.6021775632e-02 -1.8401365596e-01 -6.1919437311e-02  1.3290723536e+00 -9.4651162492e-01  3.5069801449e-02 -1.3710399773e+00 -1.9091068829e+00  9.0642899417e-01 -4.3011300958e+00 -1.8840605049e+00 -2.5574736761e+00 -4.2247011210e+00 -3.4353506395e+00 -1.0502664998e-01 -1.8993320614e+00 -3.7702141731e-01 -2.0633883465e+00 -2.5430728116e+00 -3.3857809808e+00  1.7449144683e+00 -8.6427642491e-01  1.4599417681e+00 -1.3296306522e+00  9.5288946332e-01  1.4931545567e+00 -1.1945191509e+00  7.3715719957e-01  1.3942967284e+00  1.3480602031e+00 -1.0819071120e+00  1.3287798543e+00  1.1735469132e+00  2.1714452318e+00 -2.5427312532e-01  1.3419627478e-01  1.4947580075e+00 -1.5553722787e+00 -8.6114795957e-01  1.3192401481e+00 -1.6093116346e+00  9.0463401484e-01
ENERGY -8.639387714955e+02

JOB 4
COORDS -3.3711397644e+00 -2.7526583084e+00 -1.3200056415e-01 -1.9793888661e+00 -1.1414065761e+00 -1.2673280278e+00 -2.5303786703e+00 -2.5902810524e+00  9.7396665766e-01 -3.0723776925e+00 -2.0055927612e+00 -1.2695211372e+00 -1.2082507451e+00 -1.0448166409e+00 -9.9978647817e-02 -5.1629435754e-02  1.2107316246e+00 -6.7553113218e-01 -6.0159453202e-02  1.0641913756e+00  8.3524452207e-01  7.1821152087e-03 -1.6289893760e-01 -4.4136860258e-02  1.3165679399e+00 -9.3622884831e-01 -9.9080357511e-02 -1.4777313056e+00 -1.7662907802e+00  1.0034470013e+00 -4.0684392992e+00 -2.1528283092e+00 -2.7033094763e+00 -4.2167072233e+00 -3.4315682480e+00 -1.0246977116e-01 -1.7266190211e+00 -5.5859450600e-01 -2.1462443719e+00 -2.7239365667e+00 -3.1571393248e+00  1.8836443576e+00 -9.7500468347e-01  1.5306010671e+00 -1.1500868946e+00  8.4984992322e-01  1.5855318529e+00 -1.1525128980e+00  8.3494159131e-01  1.3358897738e+00  1.3879579906e+00 -9.9109292591e-01  1.2625365296e+00  1.3576123831e+00  2.1718359169e+00 -2.5618651658e-01 -2.8212478702e-02  1.4039462146e+00 -1.4944597998e+00 -1.0383307603e+00  1.3720904550e+00 -1.6477399684e+00  7.3067114809e-01
ENERGY -8.639387712579e+02

JOB 5
COORDS -3.3841503272e+00 -2.7257823290e+00 -1.2885920452e-01 -1.8735848962e+00 -1.2506772442e+00 -1.2942298026e+00 -2.6567553575e+00 -2.4373229185e+00  1.0291959295e+00 -2.9682645320e+00 -2.1103704920e+00 -1.3090924909e+00 -1.2162145543e+00 -1.0267758148e+00 -7.4581820133e-02 -1.0344545339e-01  1.2615926468e+00 -5.6499021846e-01 -2.0450822149e-04  1.0131648806e+00  9.2957638827e-01  4.5536760498e-03 -1.5076446094e-01 -2.7620342668e-02  1.3040622981e+00 -9.1394053138e-01 -2.4012945848e-01 -1.6004021981e+00 -1.6157519765e+00  1.0706776525e+00 -3.8238454345e+00 -2.4164811913e+00 -2.8070451686e+00 -4.2356320691e+00 -3.3976136287e+00 -1.0713993215e-01 -1.5340608287e+00 -7.5802264756e-01 -2.1993920831e+00 -2.9465560392e+00 -2.8957625932e+00  1.9736241864e+00 -1.0622862191e+00  1.5951410315e+00 -9.5234582990e-01  7.5918434867e-01  1.6741783179e+00 -1.0814636218e+00  9.3248337411e-01  1.2584489838e+00  1.4299820360e+00 -8.8958270992e-01  1.1646991713e+00  1.5331254604e+00  2.1635816196e+00 -2.3754493412e-01 -1.8761205881e-01  1.3179321524e+00 -1.4048549391e+00 -1.2200196659e+00  1.4263609395e+00 -1.6830386344e+00  5.2980796356e-01
ENERGY -8.639385353874e+02

JOB 6
COORDS -3.4169386920e+00 -2.7518888538e+00 -1.6422233620e-01 -1.7771542966e+00 -1.4196041948e+00 -1.3255872496e+00 -2.8191441147e+00 -2.3224776585e+00  1.0223652503e+00 -2.8698962087e+00 -2.2788054568e+00 -1.3579245662e+00 -1.2479922713e+00 -1.0542630944e+00 -7.6174874307e-02 -2.2321873619e-01  1.2928343623e+00 -4.2891683432e-01 -1.0663572973e-02  9.2074091700e-01  1.0268535455e+00 -4.1092060029e-02 -1.5839027194e-01 -2.2387505229e-02  1.2621754270e+00 -8.5662598142e-01 -3.8435075574e-01 -1.7632327285e+00 -1.4990799757e+00  1.0809244020e+00 -3.5638626027e+00 -2.7613266098e+00 -2.8927387669e+00 -4.2713994894e+00 -3.4202166833e+00 -1.5577053001e-01 -1.3430810054e+00 -1.0299231436e+00 -2.2407960840e+00 -3.2155426139e+00 -2.6627652639e+00  1.9778890403e+00 -1.2164602015e+00  1.6195921057e+00 -7.2454421214e-01  5.8943151049e-01  1.7734335895e+00 -9.6756373198e-01  9.4903985805e-01  1.1532992842e+00  1.4800021878e+00 -8.5831952700e-01  9.8691873748e-01  1.7007152321e+00  2.1021208202e+00 -1.5601937286e-01 -3.3507005352e-01  1.2269499868e+00 -1.2694938719e+00 -1.3990206094e+00  1.4639534430e+00 -1.6793314103e+00  3.1021044783e-01
ENERGY -8.639384363906e+02

JOB 7
COORDS -3.4607476916e+00 -2.6760887922e+00 -1.4175351745e-01 -1.6653968944e+00 -1.5619573950e+00 -1.3047567774e+00 -2.9562084336e+00 -2.1080442942e+00  1.0286733756e+00 -2.7865192129e+00 -2.3825392504e+00 -1.3285878077e+00 -1.2310855267e+00 -1.0515491649e+00 -6.7891635868e-02 -2.4958834531e-01  1.3213586772e+00 -2.8854672644e-01  8.5400711776e-02  8.2984327310e-01  1.1044973677e+00 -1.9728758334e-02 -1.6036790815e-01 -2.6427336304e-02  1.2630516141e+00 -7.9554527041e-01 -5.4333059047e-01 -1.8740699733e+00 -1.3184703411e+00  1.0796035418e+00 -3.3608819502e+00 -3.0404294325e+00 -2.8478570227e+00 -4.3394151552e+00 -3.3120805337e+00 -1.2822232182e-01 -1.1410128989e+00 -1.3117327720e+00 -2.2209602454e+00 -3.4525417445e+00 -2.3022465498e+00  1.9783640752e+00 -1.2674156248e+00  1.6514849190e+00 -4.7631892380e-01  5.1166410469e-01  1.8544888108e+00 -8.5247306529e-01  1.0780982601e+00  1.0377803076e+00  1.4939495783e+00 -7.0507721469e-01  8.2063362269e-01  1.8464465573e+00  2.0929641752e+00 -8.4103385498e-02 -4.8606688275e-01  1.1719331463e+00 -1.1141192362e+00 -1.5876887663e+00  1.5277933436e+00 -1.6735837930e+00  5.5931000456e-02
ENERGY -8.639387044295e+02

JOB 8
COORDS -3.4851091223e+00 -2.6639438889e+00 -1.5612389971e-01 -1.5486946643e+00 -1.7515780108e+00 -1.2704855061e+00 -3.0861205603e+00 -1.9377020774e+00  9.6687010287e-01 -2.6847051746e+00 -2.5521556253e+00 -1.2937775627e+00 -1.2239076124e+00 -1.0754566906e+00 -7.9607768242e-02 -3.0545815518e-01  1.3242795546e+00 -1.5765654134e-01  1.3100554683e-01  7.3309363314e-01  1.1622011333e+00 -2.4680256589e-02 -1.7042532321e-01 -3.9516512226e-02  1.2452149810e+00 -7.1429380605e-01 -6.7655292632e-01 -1.9936209407e+00 -1.1651748489e+00  1.0178596686e+00 -3.1179610323e+00 -3.4143381939e+00 -2.7568953483e+00 -4.3768454954e+00 -3.2813509032e+00 -1.4390912187e-01 -9.3130324063e-01 -1.6504832797e+00 -2.1557695291e+00 -3.6818276811e+00 -1.9849148535e+00  1.8773964677e+00 -1.3423930139e+00  1.6331566937e+00 -2.5254343651e-01  4.0244798765e-01  1.9200866836e+00 -7.2829498829e-01  1.1447381227e+00  9.3066580185e-01  1.4988993978e+00 -6.1086219628e-01  6.4402666542e-01  1.9468826845e+00  2.0698506126e+00 -7.8564349347e-03 -5.4164069403e-01  1.1356346805e+00 -8.8058328823e-01 -1.7538859245e+00  1.5359029550e+00 -1.6639075130e+00 -2.1428152733e-01
ENERGY -8.639394750533e+02

JOB 9
COORDS -3.5197443575e+00 -2.6112010641e+00 -1.7599809861e-01 -1.4660561848e+00 -1.8838792486e+00 -1.2186421096e+00 -3.1988514542e+00 -1.7514278112e+00  8.7689408551e-01 -2.6194972624e+00 -2.6613485766e+00 -1.2394094890e+00 -1.2260097341e+00 -1.0650508975e+00 -9.9908730189e-02 -3.1970069790e-01  1.3339678199e+00 -2.7240020527e-03  2.0570834205e-01  6.2325629900e-01  1.2172087979e+00 -2.7858556653e-02 -1.6396768690e-01 -5.9075678855e-02  1.2042268694e+00 -6.2506779891e-01 -8.1996361811e-01 -2.0948943065e+00 -9.9906009554e-01  9.2559304133e-01 -2.9444249606e+00 -3.7015061767e+00 -2.6122112670e+00 -4.4262392212e+00 -3.2065867615e+00 -1.6533728295e-01 -7.7144240490e-01 -1.9188220797e+00 -2.0492071501e+00 -3.8731010952e+00 -1.6692316104e+00  1.7283611059e+00 -1.3634302172e+00  1.6329584495e+00  2.5436039769e-03  3.4555361322e-01  1.9880419099e+00 -5.6039548144e-01  1.2407399798e+00  7.9001644437e-01  1.5014973144e+00 -4.8608810190e-01  4.5366364699e-01  2.0336072536e+00  2.0370467248e+00  6.1556483264e-02 -6.4257547101e-01  1.0407738143e+00 -6.5590441512e-01 -1.9031922133e+00  1.5168564350e+00 -1.6228538787e+00 -4.9289996174e-01
ENERGY -8.639409205084e+02

JOB 10
COORDS -3.4974033697e+00 -2.6231542125e+00 -1.6865654614e-01 -1.3630907465e+00 -2.0095822036e+00 -1.1205201549e+00 -3.2669954522e+00 -1.6318106295e+00  7.8956729420e-01 -2.5105803146e+00 -2.7979243551e+00 -1.1364483629e+00 -1.2226337826e+00 -1.0478235270e+00 -1.0431803877e-01 -3.2942083419e-01  1.3444111452e+00  1.3942154590e-01  2.5441496425e-01  5.4532451315e-01  1.2712768902e+00 -3.2902020578e-02 -1.4102875714e-01 -5.6790125127e-02  1.1631049692e+00 -5.1701505360e-01 -9.1266493723e-01 -2.1748121833e+00 -8.6487400058e-01  8.3138494357e-01 -2.7132545095e+00 -4.0122943842e+00 -2.3840599930e+00 -4.4007266322e+00 -3.2232215316e+00 -1.5737077596e-01 -6.0016964531e-01 -2.1476648136e+00 -1.8764961377e+00 -4.0099906784e+00 -1.4515669263e+00  1.5654183830e+00 -1.3743270280e+00  1.6267754596e+00  2.1738714779e-01  3.0720927092e-01  2.0458693181e+00 -3.9307007436e-01  1.3004724308e+00  6.9370371722e-01  1.5238904336e+00 -4.0268375360e-01  3.0414128869e-01  2.0989360225e+00  1.9864238284e+00  1.8167850534e-01 -7.3903740064e-01  9.3186244249e-01 -4.8260146632e-01 -1.9836430198e+00  1.5250707242e+00 -1.5228770723e+00 -6.7142528063e-01
ENERGY -8.639423570525e+02

JOB 11
COORDS -3.5253409445e+00 -2.5895102708e+00 -1.9817722911e-01 -1.3220293240e+00 -2.0855674954e+00 -1.0543570005e+00 -3.3560397581e+00 -1.4990351745e+00  6.6059183381e-01 -2.4725718217e+00 -2.8703095554e+00 -1.0657897389e+00 -1.2525336912e+00 -1.0109302870e+00 -1.5070268913e-01 -3.0006025354e-01  1.3375969761e+00  2.5833163460e-01  3.0824510583e-01  4.3098017781e-01  1.2904054049e+00 -4.7741177503e-02 -1.2738962695e-01 -8.4274339894e-02  1.0977602518e+00 -4.3540166771e-01 -1.0302862013e+00 -2.2655605252e+00 -7.3024290272e-01  6.9340419669e-01 -2.5922560262e+00 -4.2180631944e+00 -2.1799693976e+00 -4.4319801685e+00 -3.1845161464e+00 -1.8651875519e-01 -5.0725090165e-01 -2.3090105321e+00 -1.7314728473e+00 -4.1497860560e+00 -1.2368984245e+00  1.3589986862e+00 -1.3334630849e+00  1.6324077133e+00  4.0517554727e-01  3.3450459245e-01  2.0693567060e+00 -2.3392184353e-01  1.3662846497e+00  5.3123059594e-01  1.5160209089e+00 -3.2454634413e-01  1.2747340901e-01  2.1173254421e+00  1.9124908980e+00  2.7894193338e-01 -8.8177566069e-01  7.8774761701e-01 -3.6427162442e-01 -2.0792841897e+00  1.5066608900e+00 -1.4379434245e+00 -8.5928077034e-01
ENERGY -8.639429540325e+02

JOB 12
COORDS -3.5394772411e+00 -2.5604595457e+00 -2.3998051856e-01 -1.2756467457e+00 -2.1399793565e+00 -9.7213866425e-01 -3.4328920730e+00 -1.3844534964e+00  5.0814899709e-01 -2.4234100352e+00 -2.9279162801e+00 -9.8854716263e-01 -1.2762466210e+00 -9.6790594631e-01 -1.9521423038e-01 -2.6962739704e-01  1.3267330208e+00  3.8220488755e-01  3.5799317934e-01  3.1956657884e-01  1.3053532283e+00 -5.9746755140e-02 -1.0102211518e-01 -1.0235305504e-01  1.0362753883e+00 -3.2802316393e-01 -1.1277905678e+00 -2.3471803611e+00 -6.0787764256e-01  5.3903897521e-01 -2.4593988180e+00 -4.3907830874e+00 -1.9534480286e+00 -4.4462393312e+00 -3.1554001648e+00 -2.3451688913e-01 -4.0993922673e-01 -2.4313019448e+00 -1.5537727015e+00 -4.2756543700e+00 -1.0554606863e+00  1.1147691541e+00 -1.2894306432e+00  1.6264760613e+00  5.9462758110e-01  3.6553290049e-01  2.0877657901e+00 -6.2176499901e-02  1.4249323725e+00  3.7939283683e-01  1.5026899930e+00 -2.4967772844e-01 -5.0023586142e-02  2.1249715471e+00  1.8347135238e+00  4.0778771620e-01 -9.9644527026e-01  6.5368369420e-01 -2.2370151791e-01 -2.1494143770e+00  1.4931883865e+00 -1.3197915424e+00 -1.0314690442e+00
ENERGY -8.639423570507e+02

JOB 13
COORDS -3.5007679201e+00 -2.6409847337e+00 -1.0439901389e-01 -1.2898784843e+00 -2.2239098769e+00  7.7360686011e-01 -3.3325402081e+00 -1.4822816695e+00 -8.6591807304e-01 -2.4431095963e+00 -3.0007238325e+00  7.2972415850e-01 -1.2129468695e+00 -1.0852472943e+00 -4.9322196625e-02  2.8473589208e-02  9.7571118817e-01 -9.6951918908e-01 -2.7759321813e-01  1.2449095083e+00  4.8072070497e-01 -1.5821635015e-02 -1.8379485825e-01  8.5460184297e-03  1.3110182252e+00 -8.2708063482e-01  3.7634383340e-01 -2.2331942450e+00 -7.2182778383e-01 -8.4809160542e-01 -2.5682213541e+00 -4.4322633175e+00  1.7333102880e+00 -4.4111595020e+00 -3.2279334824e+00 -1.5921869236e-01 -4.7185766113e-01 -2.5011374786e+00  1.4274738930e+00 -4.1324583077e+00 -1.1532978921e+00 -1.5279375204e+00 -7.8905002626e-01  1.0551920581e+00 -1.6760607542e+00  1.0081201927e+00  1.2546447697e+00 -1.3468826108e+00  4.8377300732e-01  1.7060323157e+00  1.1044683703e+00 -1.3013531988e+00  1.4991986451e+00  7.3765601615e-01  2.1209583311e+00 -9.6444802689e-02  2.9471612245e-01  1.5426373898e+00 -1.6607550283e+00 -2.9568196220e-01  1.3231309480e+00 -1.2039106923e+00  1.4053952068e+00
ENERGY -8.639409208055e+02

JOB 14
COORDS -3.4709946080e+00 -2.6836273236e+00 -1.4541082153e-01 -1.3596470524e+00 -2.1180326595e+00  8.7769370454e-01 -3.2401457219e+00 -1.6264487758e+00 -1.0267749643e+00 -2.4960057562e+00 -2.9167393181e+00  8.2538498215e-01 -1.2141754458e+00 -1.0889164444e+00 -7.1310437916e-02 -3.3981036499e-02  1.0592486784e+00 -8.7152507120e-01 -2.3892970310e-01  1.1868979755e+00  6.1968223220e-01 -1.5939539593e-02 -1.8375189370e-01 -1.1704977303e-02  1.3265866553e+00 -8.6475754266e-01  2.0756755393e-01 -2.1518922778e+00 -8.4671145164e-01 -1.0024227657e+00 -2.7094304186e+00 -4.2119830898e+00  1.9866540549e+00 -4.3675932629e+00 -3.2905072995e+00 -2.1132237212e-01 -6.0601644326e-01 -2.2863210448e+00  1.6385240377e+00 -3.9751404615e+00 -1.3984529398e+00 -1.7974572804e+00 -8.9409366313e-01  1.2028663437e+00 -1.5146751700e+00  9.1687684834e-01  1.3832224829e+00 -1.2849853332e+00  5.6525308408e-01  1.5905456490e+00  1.2296954682e+00 -1.2396860055e+00  1.4192998265e+00  9.7195256855e-01  2.1352388855e+00 -1.2835017409e-01  1.7498973514e-01  1.5168643740e+00 -1.6090234176e+00 -5.7333929769e-01  1.3875724611e+00 -1.3683071741e+00  1.1786664744e+00
ENERGY -8.639394751026e+02

JOB 15
COORDS -3.4503296051e+00 -2.6877150325e+00 -1.6739835399e-01 -1.4662732360e+00 -1.9499504219e+00  9.8868718700e-01 -3.1259123322e+00 -1.7629230053e+00 -1.1606986724e+00 -2.5883475066e+00 -2.7673328437e+00  9.2803712893e-01 -1.2231614585e+00 -1.0607033541e+00 -7.3910667048e-02 -6.6676820820e-02  1.1326535888e+00 -7.8028916444e-01 -1.6312455759e-01  1.1462539682e+00  7.3129360603e-01 -1.3216325950e-02 -1.6816846648e-01 -2.1621416263e-02  1.3202637337e+00 -8.9757771553e-01  5.5492989881e-02 -2.0473807712e+00 -9.6742802607e-01 -1.1290804368e+00 -2.9280414626e+00 -3.8901117624e+00  2.2299042922e+00 -4.3347079197e+00 -3.3113521567e+00 -2.4275442943e-01 -7.9646163634e-01 -1.9889588977e+00  1.8412411201e+00 -3.7720580857e+00 -1.6593852264e+00 -2.0311862895e+00 -9.6551568650e-01  1.3369736251e+00 -1.3510509826e+00  8.5570369742e-01  1.4819689841e+00 -1.2358694506e+00  6.9085299083e-01  1.4941760620e+00  1.3069832290e+00 -1.1297763514e+00  1.3702606024e+00  1.1735813849e+00  2.1469604370e+00 -1.8130023234e-01  9.6756823761e-02  1.4651296116e+00 -1.5314462499e+00 -8.2619897931e-01  1.3895396329e+00 -1.5342315334e+00  9.4450705405e-01
ENERGY -8.639387044162e+02

JOB 16
COORDS -3.4033042339e+00 -2.7514913476e+00 -1.8839429470e-01 -1.5632247934e+00 -1.8224906927e+00  1.0625544709e+00 -2.9892999295e+00 -1.9493501658e+00 -1.2536440956e+00 -2.6607576902e+00 -2.6730893073e+00  9.9083611835e-01 -1.2285522646e+00 -1.0626878753e+00 -7.1155237242e-02 -1.2894259197e-01  1.1920002082e+00 -6.6496456676e-01 -9.7264630627e-02  1.0724272225e+00  8.4758412777e-01 -2.1205843263e-02 -1.6672877344e-01 -2.6197474463e-02  1.3032459233e+00 -9.1114987704e-01 -1.1879054152e-01 -1.9332294840e+00 -1.1250028684e+00 -1.2120484815e+00 -3.1160864002e+00 -3.6395656146e+00  2.3795753217e+00 -4.2666652500e+00 -3.4026509886e+00 -2.7464187762e-01 -9.7898252422e-01 -1.7365387856e+00  1.9731178992e+00 -3.5414900226e+00 -1.9744814984e+00 -2.1919477019e+00 -1.0711829704e+00  1.4478597168e+00 -1.1379975115e+00  7.5178795868e-01  1.5834601351e+00 -1.1665028617e+00  8.0429054416e-01  1.3752525968e+00  1.3739248854e+00 -1.0209672646e+00  1.2621992275e+00  1.3873747659e+00  2.1438408489e+00 -2.1140069011e-01 -6.8234234660e-02  1.3720469990e+00 -1.4580176218e+00 -1.0654674802e+00  1.4154640680e+00 -1.6321286785e+00  6.9899147144e-01
ENERGY -8.639384369493e+02

JOB 17
COORDS -3.3786538318e+00 -2.7280128121e+00 -2.0700250408e-01 -1.6668170464e+00 -1.6568880687e+00  1.1113619398e+00 -2.8389267890e+00 -2.0658910221e+00 -1.3131847095e+00 -2.7651243516e+00 -2.5077613695e+00  1.0258027401e+00 -1.2075886474e+00 -1.0383606267e+00 -6.1835962812e-02 -1.1927373650e-01  1.2484478322e+00 -5.4527153732e-01  2.2816948847e-02  1.0067818474e+00  9.4730006360e-01  1.0599044043e-02 -1.5836418687e-01 -2.0773170388e-02  1.3086532239e+00 -9.1235548822e-01 -2.7144858012e-01 -1.7835796029e+00 -1.2437299958e+00 -1.2585535344e+00 -3.3774767848e+00 -3.2983039798e+00  2.4644236819e+00 -4.2383581495e+00 -3.3822486072e+00 -3.0569335968e-01 -1.1754579798e+00 -1.4677445413e+00  2.0600975578e+00 -3.2865983095e+00 -2.2086585176e+00 -2.2956825839e+00 -1.0895947994e+00  1.5580576212e+00 -9.2052446668e-01  7.2750955951e-01  1.6663529228e+00 -1.0826529562e+00  9.6612097616e-01  1.2590163041e+00  1.4244460563e+00 -8.5397359076e-01  1.1724490715e+00  1.5673638718e+00  2.1651701826e+00 -2.3093590891e-01 -2.3821302047e-01  1.2893669022e+00 -1.3899694844e+00 -1.2567298069e+00  1.4651532527e+00 -1.6911350781e+00  4.8378451585e-01
ENERGY -8.639385352185e+02

JOB 18
COORDS -3.3660542444e+00 -2.7541927957e+00 -2.1508948745e-01 -1.7731936238e+00 -1.5478813211e+00  1.1375764778e+00 -2.7089199837e+00 -2.2249979211e+00 -1.3306783606e+00 -2.8719942127e+00 -2.3988974478e+00  1.0382981645e+00 -1.1961477971e+00 -1.0634968765e+00 -4.5248809967e-02 -1.6227218178e-01  1.2653009438e+00 -4.3081032717e-01  9.0752368497e-02  9.2442652405e-01  1.0264960169e+00  1.5369635874e-02 -1.7516388991e-01 -9.9424454106e-03  1.2980484165e+00 -8.8811369382e-01 -4.1243953675e-01 -1.6552421636e+00 -1.4045670245e+00 -1.2632829518e+00 -3.6297221267e+00 -3.0223364706e+00  2.4897583267e+00 -4.2213609509e+00 -3.4124367619e+00 -3.2435704933e-01 -1.3696889859e+00 -1.2674373484e+00  2.1043192501e+00 -3.0585449403e+00 -2.4788410981e+00 -2.3304946382e+00 -1.1596765117e+00  1.5926653021e+00 -7.0805816111e-01  6.3930817837e-01  1.7239721996e+00 -1.0031794618e+00  1.0654514372e+00  1.1538075052e+00  1.4483938273e+00 -7.3718649089e-01  1.0504719318e+00  1.7184282957e+00  2.1468949123e+00 -1.9657660377e-01 -3.9832026699e-01  1.2035250698e+00 -1.2974399310e+00 -1.4230484468e+00  1.5210080927e+00 -1.7129486163e+00  2.7413600335e-01
ENERGY -8.639387712462e+02

JOB 19
COORDS -3.3706811357e+00 -2.7636833559e+00 -2.0748154988e-01 -1.8720831167e+00 -1.4404956368e+00  1.1447880414e+00 -2.6006171033e+00 -2.3736883460e+00 -1.3085793538e+00 -2.9803329195e+00 -2.2791525821e+00  1.0383805830e+00 -1.1789224532e+00 -1.0971306755e+00 -2.4927513881e-02 -1.9892769167e-01  1.2647977442e+00 -3.2371217534e-01  1.6810709582e-01  8.4207987637e-01  1.0848626803e+00  2.6466893823e-02 -2.0057892551e-01 -1.3857138577e-03  1.2887510341e+00 -8.5491411188e-01 -5.4304275326e-01 -1.5378837474e+00 -1.5676078994e+00 -1.2349145069e+00 -3.8761936827e+00 -2.7279977959e+00  2.4758422958e+00 -4.2289765713e+00 -3.4170434165e+00 -3.2191209866e-01 -1.5489812474e+00 -1.0740517926e+00  2.1121123407e+00 -2.8633859820e+00 -2.7342890343e+00 -2.3022414113e+00 -1.2183692166e+00  1.5942531478e+00 -5.0070394283e-01  5.5057285689e-01  1.7637998546e+00 -9.3179437227e-01  1.1715663819e+00  1.0560417982e+00  1.4418920719e+00 -6.0101702441e-01  9.2967214113e-01  1.8461567843e+00  2.1206832236e+00 -1.4325290456e-01 -5.4930392947e-01  1.1245582120e+00 -1.2071889897e+00 -1.5650444051e+00  1.5808542874e+00 -1.7119092351e+00  7.4697819997e-02
ENERGY -8.639387715622e+02

JOB 20
COORDS -3.3765246278e+00 -2.7745502660e+00 -1.9626552814e-01 -1.9707753856e+00 -1.3238784912e+00  1.1276024328e+00 -2.5013446902e+00 -2.5250532475e+00 -1.2579956138e+00 -3.0848851211e+00 -2.1529033158e+00  1.0154006358e+00 -1.1655162467e+00 -1.1260499793e+00 -4.9776714329e-03 -2.2747042488e-01  1.2611481976e+00 -2.0602784740e-01  2.4987376760e-01  7.5643624105e-01  1.1378260089e+00  3.5905092972e-02 -2.2410921528e-01  5.2784657956e-03  1.2695635322e+00 -8.1214518371e-01 -6.6292151526e-01 -1.4306632326e+00 -1.7301795719e+00 -1.1797355375e+00 -4.1140446552e+00 -2.4203066059e+00  2.4083353738e+00 -4.2360104243e+00 -3.4259785991e+00 -3.1220613616e-01 -1.7319367746e+00 -8.5953407301e-01  2.0764207845e+00 -2.6810587080e+00 -2.9953976806e+00 -2.2239045726e+00 -1.2615746937e+00  1.5836596759e+00 -2.8279689645e-01  4.6675792941e-01  1.8056791703e+00 -8.4015654037e-01  1.2789423524e+00  9.5417659626e-01  1.4236316356e+00 -4.4979865683e-01  7.9523828907e-01  1.9662023185e+00  2.0861476844e+00 -8.3121555759e-02 -6.6993957966e-01  1.0472178854e+00 -1.0990454737e+00 -1.6932106149e+00  1.6153134157e+00 -1.7027586231e+00 -1.2601446593e-01
ENERGY -8.639385771747e+02

JOB 21
COORDS -3.3838178055e+00 -2.7999325764e+00 -1.6906092728e-01 -2.0871203882e+00 -1.1795794940e+00  1.0674679662e+00 -2.4125255394e+00 -2.6990438097e+00 -1.1677131388e+00 -3.1958777618e+00 -2.0141699084e+00  9.6668293371e-01 -1.1755041384e+00 -1.1390308767e+00 -2.5895765536e-03 -2.3853197534e-01  1.2593441847e+00 -6.9678998068e-02  3.2772139151e-01  6.4484176220e-01  1.1868812586e+00  2.9337944703e-02 -2.4316114679e-01 -5.5626607950e-03  1.2221802336e+00 -7.7230842623e-01 -7.8563924695e-01 -1.3418514328e+00 -1.9013925177e+00 -1.1000251106e+00 -4.3535432747e+00 -2.0843667518e+00  2.2808346256e+00 -4.2368672435e+00 -3.4618336938e+00 -2.7190526309e-01 -1.9423586122e+00 -5.8399039557e-01  1.9601306918e+00 -2.5072182885e+00 -3.2982983906e+00 -2.0723520925e+00 -1.2751998074e+00  1.5824836083e+00 -5.1184613290e-02  4.1298084492e-01  1.8549657643e+00 -7.0321197538e-01  1.3777070747e+00  8.1217194318e-01  1.4081383062e+00 -3.0144348670e-01  6.0758424751e-01  2.0696190928e+00  2.0457796267e+00 -5.1961191237e-02 -7.5362972700e-01  9.5738086284e-01 -9.5630985515e-01 -1.8288228928e+00  1.5773925929e+00 -1.7155914272e+00 -3.5688932248e-01
ENERGY -8.639386605147e+02

JOB 22
COORDS -3.3673988083e+00 -2.8388950880e+00 -1.2910506251e-01 -2.1895852329e+00 -1.0303351525e+00  9.5499703175e-01 -2.3150305208e+00 -2.8730187474e+00 -1.0444451173e+00 -3.2819304339e+00 -1.8860547403e+00  8.8663639816e-01 -1.1836570406e+00 -1.1401040048e+00 -2.5461239031e-02 -2.2757000232e-01  1.2547587665e+00  7.5652847782e-02  3.9455805290e-01  5.1085825255e-01  1.2279192533e+00  2.1580187550e-02 -2.4821816412e-01 -3.6834158331e-02  1.1674124020e+00 -7.0989509799e-01 -9.2010652587e-01 -1.2532626248e+00 -2.0589539025e+00 -1.0053345817e+00 -4.5541433789e+00 -1.7720375036e+00  2.0872436675e+00 -4.2069935793e+00 -3.5214531878e+00 -2.0319447591e-01 -2.1334845752e+00 -2.9435070597e-01  1.7483160898e+00 -2.3298657332e+00 -3.6007494656e+00 -1.8546826595e+00 -1.2578740593e+00  1.5839723079e+00  1.7439059159e-01  4.0106498788e-01  1.9073463242e+00 -5.2373764998e-01  1.4568514700e+00  6.4598163413e-01  1.4085156035e+00 -1.8787441309e-01  3.6213856779e-01  2.1312314120e+00  2.0040283359e+00 -7.5351398647e-03 -8.4802704208e-01  8.5881042783e-01 -7.7890059044e-01 -1.9659295908e+00  1.5200592034e+00 -1.6993880462e+00 -6.1337130604e-01
ENERGY -8.639395269409e+02

JOB 23
COORDS -3.3720743492e+00 -2.8301047885e+00 -2.9331617548e-01 -2.4069155503e+00 -6.5586461620e-01 -7.0833049116e-01 -2.1379003225e+00 -3.1912011646e+00  2.4637549236e-01 -3.4870420427e+00 -1.5254181789e+00 -7.7655543678e-01 -1.2011229495e+00 -1.1200060742e+00 -1.4347226913e-01  2.4608605580e-01  7.8486592343e-01 -1.1344050474e+00 -2.1165367319e-01  1.2437369663e+00  2.2394911518e-01  8.8453672538e-03 -2.4347466729e-01 -3.3079972153e-02  1.2314035851e+00 -8.8456583744e-01  5.9760681298e-01 -1.0796304218e+00 -2.3741616479e+00  3.2514034968e-01 -5.0014250305e+00 -9.8187193539e-01 -1.4725536064e+00 -4.2001335888e+00 -3.5292882062e+00 -3.3470697373e-01 -2.5058144522e+00  3.5548083601e-01 -1.0862017891e+00 -1.9948901498e+00 -4.1975518799e+00  6.3757496929e-01 -4.5649360657e-01  8.2180211081e-01 -1.9613948936e+00  1.2790269108e+00  9.6500076770e-01 -1.4177737867e+00  5.0825598035e-01  1.7375211612e+00  8.7025048673e-01 -1.2314562225e+00  1.5984651585e+00  3.3823944998e-01  2.0601233274e+00 -1.6950361942e-01  6.1982608695e-01  1.5481363717e+00 -1.7664372458e+00  3.4153904098e-02  1.0226768331e+00 -1.2063093685e+00  1.6216969792e+00
ENERGY -8.639401613235e+02

