JOB 0
COORDS -4.5626161495e-01  8.4357391170e-01  6.0168200292e-01 -7.7203121526e-01 -7.3912046260e-01  2.5518982385e+00 -1.9412355775e-01  5.9042276176e-01  2.0810266693e+00 -5.3138725449e-01 -8.1758939631e-01  3.9664390674e+00 -7.8780384221e-01  1.6658929073e+00  2.8154345855e+00 -1.5064775826e+00  1.1127940105e+00  4.5213966517e-01  1.4924652676e-01  1.6837931215e+00  2.5009400796e-01 -2.1179248083e-01 -3.3822211287e-02 -5.8664741075e-03 -1.8497497486e+00 -7.6267477344e-01  2.3379931628e+00 -2.8283988250e-01 -1.5720992415e+00  2.0277450346e+00  8.9009095513e-01  5.8534965039e-01  2.2729793238e+00 -1.0680187659e+00 -1.5336003289e+00  4.3372907611e+00 -7.3423495178e-01  1.4122574443e+00  3.7532013706e+00
ENERGY -2.696267466024e+02

JOB 1
COORDS -4.5550565225e-01  8.4067482064e-01  5.9984502272e-01 -7.4146188499e-01 -7.5301070047e-01  2.5496980228e+00 -2.0656214086e-01  5.9690537733e-01  2.0877609725e+00 -5.2548991734e-01 -8.2249562414e-01  3.9680471584e+00 -8.5528789383e-01  1.6491639645e+00  2.8127803775e+00 -1.4331696748e+00  1.3139267077e+00  4.7173544199e-01  2.9027988488e-01  1.5275611115e+00  1.8996014518e-01 -4.1719201557e-01 -8.7239462041e-02  1.9975986847e-02 -1.8131383492e+00 -8.1752671569e-01  2.3140156883e+00 -2.1069059883e-01 -1.5662232155e+00  2.0348277951e+00  8.7121074652e-01  6.4158910352e-01  2.3050848886e+00 -1.0389809869e+00 -1.5603311217e+00  4.3287190986e+00 -7.9638279038e-01  1.4033648707e+00  3.7524028483e+00
ENERGY -2.696252347530e+02

JOB 2
COORDS -4.6087114290e-01  8.5329277346e-01  5.9988440385e-01 -7.0986945661e-01 -7.5125724810e-01  2.5483540023e+00 -2.2845112342e-01  6.2249850753e-01  2.0979063282e+00 -5.0427833650e-01 -8.2088118104e-01  3.9678868310e+00 -9.3634569783e-01  1.6414712921e+00  2.8157421897e+00 -1.3175592376e+00  1.5200990353e+00  4.7343894280e-01  4.0141176334e-01  1.3355400657e+00  1.3148143988e-01 -6.5556373043e-01 -8.0931529454e-02  6.2676889207e-02 -1.7757776804e+00 -8.5867158151e-01  2.3020171196e+00 -1.4105818760e-01 -1.5378750578e+00  2.0324343514e+00  8.4160079567e-01  7.0874372677e-01  2.3375817027e+00 -9.8983381986e-01 -1.5817310826e+00  4.3193385959e+00 -8.7866273172e-01  1.3967217186e+00  3.7558219278e+00
ENERGY -2.696236698080e+02

JOB 3
COORDS -4.6763447919e-01  8.6965931009e-01  6.0363976695e-01 -6.7990148429e-01 -7.4122030345e-01  2.5489919967e+00 -2.5787091086e-01  6.5589990677e-01  2.1097849809e+00 -4.7070373708e-01 -8.1424275681e-01  3.9679293986e+00 -1.0263219515e+00  1.6362634122e+00  2.8160916390e+00 -1.1551546128e+00  1.7062605504e+00  4.5843059337e-01  4.6893288274e-01  1.1017627820e+00  9.0086809147e-02 -9.0596058785e-01 -1.0850466101e-02  1.2089275383e-01 -1.7407324281e+00 -8.9095050872e-01  2.3030198207e+00 -7.9498558545e-02 -1.4985079920e+00  2.0246115976e+00  8.0460363551e-01  7.7525224035e-01  2.3688796981e+00 -9.1628187946e-01 -1.6027462360e+00  4.3114233556e+00 -9.8162767164e-01  1.3875710998e+00  3.7558801723e+00
ENERGY -2.696230755086e+02

JOB 4
COORDS -4.7151267766e-01  8.8659018150e-01  6.1465838052e-01 -6.4944371002e-01 -7.3129645733e-01  2.5513924139e+00 -2.8400343801e-01  6.8539290576e-01  2.1226953197e+00 -4.4234492635e-01 -8.0455697923e-01  3.9710329092e+00 -1.1078840586e+00  1.6275902752e+00  2.8143454103e+00 -9.5483918987e-01  1.8513874497e+00  4.4277579398e-01  4.7978154613e-01  8.6080258395e-01  7.7034733727e-02 -1.1270125416e+00  1.2099476497e-01  1.8349692961e-01 -1.7025932641e+00 -9.2258191703e-01  2.3019029484e+00 -1.7402872117e-02 -1.4602316112e+00  2.0238030228e+00  7.7108258116e-01  8.3693146368e-01  2.3970283660e+00 -8.4717829668e-01 -1.6183484251e+00  4.3060438944e+00 -1.0842152122e+00  1.3694432446e+00  3.7522936335e+00
ENERGY -2.696238763065e+02

JOB 5
COORDS -4.8200562047e-01  9.0055286424e-01  6.2349504778e-01 -6.1863734262e-01 -7.2707911359e-01  2.5510979227e+00 -3.0749420711e-01  7.0463353424e-01  2.1282526747e+00 -4.2536900719e-01 -7.9165910774e-01  3.9735227204e+00 -1.1794170805e+00  1.6110491559e+00  2.8067360151e+00 -7.4844022581e-01  1.9421538532e+00  4.2627719680e-01  4.2873089457e-01  6.4646288161e-01  7.4415787109e-02 -1.3032967635e+00  2.8600930804e-01  2.3642983096e-01 -1.6597603318e+00 -9.6256554104e-01  2.2899751792e+00  4.9538478848e-02 -1.4293115785e+00  2.0319972509e+00  7.3890572631e-01  8.9717009442e-01  2.4123758391e+00 -7.9759805905e-01 -1.6229502767e+00  4.3033642899e+00 -1.1645089937e+00  1.3495968332e+00  3.7438593734e+00
ENERGY -2.696254772834e+02

JOB 6
COORDS -4.9452741792e-01  9.1112165293e-01  6.2997820978e-01 -5.8753505887e-01 -7.2590210239e-01  2.5515379506e+00 -3.2676212792e-01  7.1650066904e-01  2.1314110369e+00 -4.1805938061e-01 -7.7856638301e-01  3.9778527733e+00 -1.2389205594e+00  1.5899840823e+00  2.7992214165e+00 -5.4192421441e-01  1.9800102861e+00  4.0484100806e-01  3.3689378799e-01  4.6441954917e-01  7.6466936063e-02 -1.4315508491e+00  4.6308557564e-01  2.8046960028e-01 -1.6133543534e+00 -1.0042563735e+00  2.2727474620e+00  1.1798950822e-01 -1.4021544174e+00  2.0481505602e+00  7.0809660251e-01  9.5669418543e-01  2.4229319266e+00 -7.6367572775e-01 -1.6227583495e+00  4.3038806180e+00 -1.2266057800e+00  1.3278356761e+00  3.7360896065e+00
ENERGY -2.696268917125e+02

JOB 7
COORDS -5.2024725449e-01  9.2863951337e-01  6.3430386889e-01 -5.5375206826e-01 -7.1794346473e-01  2.5524119121e+00 -3.4571109568e-01  7.3322760492e-01  2.1333665835e+00 -4.2187985860e-01 -7.5825153825e-01  3.9831299627e+00 -1.2927521344e+00  1.5722210626e+00  2.7992152735e+00 -3.5801165131e-01  1.9781708040e+00  3.7428658168e-01  1.9845664357e-01  3.2063930991e-01  7.4543005795e-02 -1.5338515073e+00  6.5275224492e-01  3.2582262544e-01 -1.5571094959e+00 -1.0444009175e+00  2.2454529185e+00  1.9661085389e-01 -1.3630112265e+00  2.0740472955e+00  6.7480643837e-01  1.0257012725e+00  2.4273103469e+00 -7.5398365172e-01 -1.6092666289e+00  4.3052148775e+00 -1.2696626768e+00  1.3124205091e+00  3.7365551347e+00
ENERGY -2.696273737704e+02

JOB 8
COORDS -5.3899718048e-01  9.3968814094e-01  6.3576073696e-01 -5.2410832769e-01 -7.1404058623e-01  2.5518799308e+00 -3.6741408420e-01  7.4438311294e-01  2.1369605297e+00 -4.2221582629e-01 -7.5002858206e-01  3.9847463210e+00 -1.3545430172e+00  1.5451716540e+00  2.7953214701e+00 -1.7814138198e-01  1.9259623300e+00  3.3239730915e-01  3.8435789929e-02  1.9329954149e-01  7.8346813257e-02 -1.5936651506e+00  8.4609265538e-01  3.6105016081e-01 -1.5055817343e+00 -1.0820902027e+00  2.2215841061e+00  2.6357623665e-01 -1.3263029121e+00  2.0908917558e+00  6.3186648093e-01  1.0883726335e+00  2.4458957275e+00 -7.3111492925e-01 -1.6121179286e+00  4.3002605830e+00 -1.3185836321e+00  1.2967431032e+00  3.7353303049e+00
ENERGY -2.696266888877e+02

JOB 9
COORDS -5.3779893868e-01  9.4040530670e-01  6.3496120710e-01 -4.8994146590e-01 -7.1564055058e-01  2.5523102931e+00 -3.8070463777e-01  7.4819798904e-01  2.1428073243e+00 -4.1648028829e-01 -7.5273613479e-01  3.9862603430e+00 -1.4095954210e+00  1.5092241184e+00  2.7879990525e+00  1.1917274298e-02  1.8185176074e+00  2.8677990016e-01 -1.4164969177e-01  7.7965987573e-02  8.6182697385e-02 -1.5961516966e+00  1.0531256853e+00  3.8606159478e-01 -1.4494499925e+00 -1.1196277499e+00  2.1996150692e+00  3.3002119563e-01 -1.2953509985e+00  2.1055369491e+00  5.9457612238e-01  1.1348469369e+00  2.4747366460e+00 -6.9690711352e-01 -1.6275566449e+00  4.2931628098e+00 -1.3735210100e+00  1.2651736047e+00  3.7292574924e+00
ENERGY -2.696251687348e+02

JOB 10
COORDS -5.4410220156e-01  9.4825938789e-01  6.3321577657e-01 -4.6040854839e-01 -7.0403301437e-01  2.5554668149e+00 -4.0923185871e-01  7.6389371918e-01  2.1495484059e+00 -3.9753171616e-01 -7.4310896223e-01  3.9895678931e+00 -1.4827674572e+00  1.4759607006e+00  2.7781970290e+00  1.7554120869e-01  1.6743716359e+00  2.4683062046e-01 -3.7073044075e-01  7.7854384844e-03  9.7493288734e-02 -1.5553310272e+00  1.2901323152e+00  4.0070219196e-01 -1.3993643131e+00 -1.1461166421e+00  2.1931077754e+00  3.8655286893e-01 -1.2472003733e+00  2.1126711876e+00  5.4258718482e-01  1.1865940975e+00  2.5035640616e+00 -6.4337370413e-01 -1.6300260593e+00  4.2914007403e+00 -1.4498965091e+00  1.2338084195e+00  3.7201468422e+00
ENERGY -2.696236335157e+02

JOB 11
COORDS -5.6272324377e-01  9.5167651541e-01  6.3561911132e-01 -4.3935510488e-01 -6.8657882768e-01  2.5657619180e+00 -4.5532507197e-01  7.8191258220e-01  2.1580422355e+00 -3.6694551233e-01 -7.2175547760e-01  3.9996929474e+00 -1.5732250638e+00  1.4389294903e+00  2.7654705723e+00  2.9795295869e-01  1.4846782658e+00  2.2337863564e-01 -6.4380678632e-01 -1.0567628426e-02  1.1803724736e-01 -1.4612522960e+00  1.5303533129e+00  4.0861229268e-01 -1.3607954362e+00 -1.1689220231e+00  2.2099958452e+00  4.2725221145e-01 -1.1929056301e+00  2.1167817118e+00  4.7557720444e-01  1.2357775964e+00  2.5290037145e+00 -5.6062024004e-01 -1.6212073246e+00  4.3026375010e+00 -1.5484258882e+00  1.1965191254e+00  3.7076035052e+00
ENERGY -2.696230799710e+02

JOB 12
COORDS -4.1741865626e-01  8.1535629943e-01  5.9321921783e-01 -1.0739036720e+00 -5.0352811906e-01  2.6496380319e+00 -4.4150152220e-02  4.3477519100e-01  2.0301854629e+00 -6.3088705403e-01 -7.8494765457e-01  3.9868935932e+00  5.1621993875e-02  1.6299792449e+00  2.8090472544e+00  1.8417882736e-01  2.6822158086e-01 -1.3782984395e-01 -1.4783489487e+00  6.4837095117e-01  3.7903958954e-01 -2.1223365449e-01  1.8798618092e+00  4.5195440804e-01 -2.0538548431e+00 -5.9858126845e-03  2.6616179153e+00 -1.1473402421e+00 -1.4270764777e+00  2.0573456716e+00  9.1807414825e-01 -9.9454285374e-02  2.0413159969e+00 -1.3502508903e+00 -1.2156731457e+00  4.4720291205e+00  1.3112512041e-01  1.3430059384e+00  3.7355192966e+00
ENERGY -2.696239264670e+02

JOB 13
COORDS -4.1592191500e-01  8.3731143377e-01  6.0576809471e-01 -1.0469085238e+00 -5.1475300961e-01  2.6447460397e+00 -4.9476285636e-02  4.6855377122e-01  2.0418282245e+00 -6.0490849953e-01 -7.8702008346e-01  3.9847886115e+00 -1.4633013321e-02  1.6642783922e+00  2.8230633257e+00  2.3155616116e-02  1.3419923592e-01 -1.0823315890e-01 -1.4992838651e+00  8.8506023837e-01  4.5463827626e-01 -2.3251387026e-03  1.8250954085e+00  3.8275527182e-01 -2.0458507870e+00 -5.6783735816e-02  2.6517013743e+00 -1.0786316293e+00 -1.4368427948e+00  2.0466985621e+00  9.3348892795e-01 -2.7499798895e-02  2.0594422744e+00 -1.3109505398e+00 -1.2492517176e+00  4.4604748313e+00  5.7099182364e-02  1.3788542239e+00  3.7505163079e+00
ENERGY -2.696255378976e+02

JOB 14
COORDS -4.2610196670e-01  8.2286241372e-01  5.9903238640e-01 -1.0358362826e+00 -5.5784166108e-01  2.6250486704e+00 -6.7520010303e-02  4.6161758013e-01  2.0347037735e+00 -6.1555090529e-01 -7.9286687649e-01  3.9794273117e+00 -8.6230185134e-02  1.6581612434e+00  2.8150652692e+00 -1.7209477086e-01  6.9294064510e-03 -8.5099849580e-02 -1.4897720053e+00  1.0630780627e+00  4.9957752973e-01  1.4885955250e-01  1.7027788023e+00  2.9672557065e-01 -2.0544299245e+00 -1.4634270391e-01  2.6011773796e+00 -1.0102124633e+00 -1.4886498383e+00  2.0408281174e+00  9.3657416189e-01  9.2548380284e-03  2.0606116514e+00 -1.3166323213e+00 -1.2704261117e+00  4.4471525269e+00 -2.3719093488e-02  1.3750836454e+00  3.7438766659e+00
ENERGY -2.696269201045e+02

JOB 15
COORDS -4.2514450892e-01  8.2903395711e-01  6.0218997096e-01 -1.0144342814e+00 -5.8395775201e-01  2.6139377117e+00 -7.4491120739e-02  4.6985322046e-01  2.0388240614e+00 -6.1879578853e-01 -7.8947930861e-01  3.9803965388e+00 -1.4681098546e-01  1.6647402717e+00  2.8205148327e+00 -3.7005793940e-01 -5.1657259786e-02 -4.6375441885e-02 -1.4367385142e+00  1.2446931100e+00  5.4719087911e-01  2.7232073684e-01  1.5816921663e+00  2.2498414364e-01 -2.0486392388e+00 -2.1647239246e-01  2.5600822475e+00 -9.3419741557e-01 -1.5183104421e+00  2.0407660223e+00  9.4954296106e-01  6.5928831058e-02  2.0792856094e+00 -1.3145961748e+00 -1.2844891394e+00  4.4376503877e+00 -7.7146769390e-02  1.3829865675e+00  3.7491700552e+00
ENERGY -2.696273727665e+02

JOB 16
COORDS -4.2227936157e-01  8.3037549575e-01  6.0286623926e-01 -9.9160259758e-01 -6.0849806587e-01  2.6049712384e+00 -7.9927366134e-02  4.7715822288e-01  2.0447807252e+00 -6.2295903926e-01 -7.8848306963e-01  3.9820896899e+00 -2.0770730277e-01  1.6698939936e+00  2.8255323548e+00 -5.7334198553e-01 -7.0992315039e-02 -9.2049500897e-04 -1.3502183940e+00  1.4111580014e+00  5.8096215850e-01  3.6820943597e-01  1.4344533168e+00  1.5090709616e-01 -2.0379784805e+00 -2.8303640858e-01  2.5210741300e+00 -8.5905007985e-01 -1.5429840601e+00  2.0419501813e+00  9.6067108300e-01  1.2244012342e-01  2.1068826669e+00 -1.3121597912e+00 -1.3032961794e+00  4.4272181108e+00 -1.2569438980e-01  1.3926742567e+00  3.7545381471e+00
ENERGY -2.696267131519e+02

JOB 17
COORDS -4.2325908672e-01  8.4020345125e-01  6.0298177754e-01 -9.6456842852e-01 -6.2228449313e-01  2.5993250599e+00 -8.6975175030e-02  4.9748376754e-01  2.0534171005e+00 -6.1436753914e-01 -7.8788080536e-01  3.9824080670e+00 -2.7410695616e-01  1.6844540139e+00  2.8343733515e+00 -7.8036483400e-01 -3.8126104841e-02  5.4206125806e-02 -1.2296675069e+00  1.5799958251e+00  5.9585007248e-01  4.3506622764e-01  1.2658940468e+00  7.8210005041e-02 -2.0211954786e+00 -3.3769000850e-01  2.4952835757e+00 -7.8539529816e-01 -1.5505191970e+00  2.0386985734e+00  9.6655005234e-01  1.9090748438e-01  2.1379394118e+00 -1.2904446325e+00 -1.3296737565e+00  4.4154452157e+00 -1.8210790730e-01  1.4112396897e+00  3.7637236399e+00
ENERGY -2.696252511692e+02

JOB 18
COORDS -4.2331846938e-01  8.3820676908e-01  6.0056258829e-01 -9.3875743209e-01 -6.4048010449e-01  2.5950700960e+00 -9.8710024198e-02  5.1447582385e-01  2.0633681420e+00 -6.0060087348e-01 -7.9963509668e-01  3.9816359630e+00 -3.4903649596e-01  1.6920668775e+00  2.8412794683e+00 -9.8150384447e-01  2.8584712732e-02  1.1761249497e-01 -1.0562878889e+00  1.7294766799e+00  5.7481856934e-01  4.7592079637e-01  1.0408611097e+00  1.4249318862e-02 -2.0040378169e+00 -3.9564907891e-01  2.4782304841e+00 -7.1734979328e-01 -1.5580825768e+00  2.0316985797e+00  9.6290876186e-01  2.4702158417e-01  2.1706768432e+00 -1.2602465954e+00 -1.3699360095e+00  4.4033083659e+00 -2.6121234383e-01  1.4217587975e+00  3.7719490718e+00
ENERGY -2.696237206531e+02

JOB 19
COORDS -4.3073890666e-01  8.4261683877e-01  6.0365877008e-01 -9.1287407112e-01 -6.5095250076e-01  2.5941135337e+00 -1.1841207442e-01  5.4253957207e-01  2.0769997831e+00 -5.6973643709e-01 -8.1311932380e-01  3.9792049417e+00 -4.3537886611e-01  1.7048728418e+00  2.8510262879e+00 -1.1731832358e+00  1.5040405047e-01  1.9127615677e-01 -8.3675973974e-01  1.8541039700e+00  5.2785945920e-01  4.6362274993e-01  7.8541557430e-01 -2.2107849992e-02 -1.9866983784e+00 -4.4577846516e-01  2.4797558234e+00 -6.5634613297e-01 -1.5520497363e+00  2.0186831800e+00  9.4900514845e-01  3.0736630224e-01  2.2015667103e+00 -1.2031527482e+00 -1.4190351326e+00  4.3913910223e+00 -3.6025121346e-01  1.4361356545e+00  3.7833486962e+00
ENERGY -2.696230709467e+02

JOB 20
COORDS -4.2718938383e-01  8.2308221969e-01  5.9636262584e-01 -8.9086600704e-01 -6.7771654437e-01  2.5798860329e+00 -1.3740505011e-01  5.4847130286e-01  2.0766779500e+00 -5.5086813438e-01 -8.3664536379e-01  3.9664878707e+00 -5.2031022735e-01  1.6972826909e+00  2.8374952913e+00 -1.3191627743e+00  2.9161727783e-01  2.4649682870e-01 -5.7859597072e-01  1.8947598381e+00  4.4987131191e-01  4.0734318065e-01  5.0508497968e-01 -3.5556610821e-02 -1.9706334777e+00 -5.1074486257e-01  2.4609500045e+00 -5.9859715896e-01 -1.5648262487e+00  1.9994794980e+00  9.3421779518e-01  3.4393580916e-01  2.2214655880e+00 -1.1551834877e+00 -1.4793369384e+00  4.3666469473e+00 -4.6681399756e-01  1.4321900051e+00  3.7722616538e+00
ENERGY -2.696238034035e+02

JOB 21
COORDS -4.3198810336e-01  8.3767564379e-01  6.0617638143e-01 -8.6114462117e-01 -6.8429458901e-01  2.5756033900e+00 -1.5322023605e-01  5.7408487378e-01  2.0850156999e+00 -5.2908431858e-01 -8.3289526985e-01  3.9656965242e+00 -5.9339484287e-01  1.7042909321e+00  2.8403884619e+00 -1.4301267595e+00  4.9394789442e-01  3.1311529623e-01 -3.4911011152e-01  1.9074381491e+00  4.0105586918e-01  2.9158559686e-01  3.0902661194e-01 -2.2831363037e-02 -1.9455666147e+00 -5.6158166829e-01  2.4469411721e+00 -5.2704791083e-01 -1.5573231950e+00  1.9966003741e+00  9.2476847752e-01  4.0992108287e-01  2.2385252377e+00 -1.1093258781e+00 -1.5025862483e+00  4.3571642345e+00 -5.5411209912e-01  1.4366011633e+00  3.7750232470e+00
ENERGY -2.696253926161e+02

JOB 22
COORDS -4.3329010392e-01  8.3552593090e-01  6.0532899358e-01 -8.3241106626e-01 -7.0528033697e-01  2.5661035574e+00 -1.6614464350e-01  5.7835384850e-01  2.0828196451e+00 -5.2386574171e-01 -8.3048310670e-01  3.9642503377e+00 -6.5915062729e-01  1.6926315469e+00  2.8290248378e+00 -1.4917800958e+00  6.9314903406e-01  3.6214841499e-01 -1.4900586004e-01  1.8595985586e+00  3.5071893083e-01  1.5160025612e-01  1.4939484560e-01 -1.6363409844e-02 -1.9180590664e+00 -6.2883278169e-01  2.4143229533e+00 -4.5023200618e-01 -1.5679766995e+00  2.0020200700e+00  9.1683084593e-01  4.6273926374e-01  2.2479808833e+00 -1.0855556257e+00 -1.5195999753e+00  4.3489865009e+00 -6.2312163405e-01  1.4281366897e+00  3.7646323575e+00
ENERGY -2.696268381853e+02

JOB 23
COORDS -4.4481361689e-01  8.3413431846e-01  6.0133397518e-01 -8.0174900838e-01 -7.2998662137e-01  2.5550702635e+00 -1.7903785216e-01  5.7730740026e-01  2.0775828550e+00 -5.3229324816e-01 -8.2626492625e-01  3.9636603625e+00 -7.2061057326e-01  1.6733005153e+00  2.8187142395e+00 -1.5210122710e+00  8.9822709881e-01  4.0988135851e-01  9.6144377469e-03  1.7824939611e+00  3.0177986280e-01 -2.0636507427e-02  3.6763859470e-02 -1.7805265497e-02 -1.8842238937e+00 -7.0656694152e-01  2.3674276911e+00 -3.6129732248e-01 -1.5801807283e+00  2.0154560316e+00  9.0690202516e-01  5.1580927199e-01  2.2519439374e+00 -1.0859989988e+00 -1.5251237767e+00  4.3421687775e+00 -6.8140905302e-01  1.4103267776e+00  3.7546295107e+00
ENERGY -2.696273780077e+02

