JOB 0
COORDS -1.8337625410e-01  8.9737049638e-01 -7.5939917816e-01 -9.3558290925e-01  2.5711490819e+00  7.8400373329e-01  1.8856755213e+00  1.1568593391e+00 -1.9473574263e+00 -1.1195297579e+00  1.3369308432e+00 -2.4388731257e-02  9.4161888049e-01  1.4915590229e+00 -8.5067989701e-01 -4.0989930666e-01 -7.4410403979e-03 -1.3296339047e+00 -1.4811200980e-01  2.3862923172e+00  1.5138435008e+00 -1.9014790077e+00  2.7189501970e+00  1.2579059140e+00 -6.7996878195e-01  3.3890513466e+00  1.1119127283e-01  1.7998026324e+00  1.9660384305e+00 -2.6704383160e+00  2.8691151600e+00  1.1351643074e+00 -1.4842056702e+00  1.6239885649e+00  1.9065768091e-01 -2.3802694139e+00
ENERGY -2.687385158192e+02

JOB 1
COORDS -1.5051105109e-01  8.2688550998e-01 -7.0373245801e-01 -9.0568178539e-01  2.5762715553e+00  7.5569824964e-01  1.8733871078e+00  1.1874479833e+00 -1.9447907115e+00 -1.1051395797e+00  1.3373467485e+00 -4.2923467999e-02  1.0120354906e+00  1.3545235781e+00 -7.4328471909e-01 -3.9885660679e-01 -6.7925711747e-02 -1.2818043580e+00 -2.3716127818e-01  2.3400617695e+00  1.5827672923e+00 -1.9043934229e+00  2.8267590391e+00  1.1010838689e+00 -4.8964573677e-01  3.3454257681e+00  1.0620174284e-01  1.6604078006e+00  2.0416642212e+00 -2.5851733010e+00  2.8929170735e+00  1.2083807287e+00 -1.5691075346e+00  1.6463007644e+00  2.3891477972e-01 -2.4338522863e+00
ENERGY -2.687347794155e+02

JOB 2
COORDS -1.7085908396e-01  7.3725392326e-01 -6.4475957521e-01 -8.9159834844e-01  2.5866218119e+00  7.0998321185e-01  1.8133286213e+00  1.2108930991e+00 -1.9259496124e+00 -1.1225613477e+00  1.3308776863e+00 -5.3618662766e-02  1.0242876938e+00  1.1932537379e+00 -6.6103210312e-01 -4.5266974150e-01 -1.6204636552e-01 -1.2015854704e+00 -3.3685234991e-01  2.3300942642e+00  1.6117136089e+00 -1.8930297134e+00  2.9396853728e+00  9.3823648452e-01 -3.4051742702e-01  3.2843783226e+00  8.1297074346e-02  1.5174252423e+00  2.1167955648e+00 -2.4520684526e+00  2.8511955005e+00  1.2466355568e+00 -1.6066411219e+00  1.6039581383e+00  3.0934300745e-01 -2.5043384297e+00
ENERGY -2.687290260046e+02

JOB 3
COORDS -1.3531512553e-01  5.9804045684e-01 -6.3104644446e-01 -8.2387376932e-01  2.5356350114e+00  6.2950659974e-01  1.7897848629e+00  1.2417279782e+00 -1.9591139316e+00 -1.0705900102e+00  1.2517716023e+00 -8.0155577224e-02  1.0806625785e+00  1.0018411923e+00 -6.6546726833e-01 -4.4839027141e-01 -3.2294608007e-01 -1.1346463202e+00 -4.8721077199e-01  2.2823022353e+00  1.6342881560e+00 -1.7981534032e+00  3.0163761122e+00  6.4275998789e-01 -7.9112942866e-02  3.1146694032e+00  8.7555181416e-02  1.4036700042e+00  2.1801921029e+00 -2.3534397494e+00  2.8376092296e+00  1.3154861899e+00 -1.6823853137e+00  1.6125426513e+00  4.0316584698e-01 -2.6344964428e+00
ENERGY -2.687222957332e+02

JOB 4
COORDS -2.5688187212e-01  4.6456754650e-01 -6.1206813720e-01 -1.0476464656e+00  2.4369986807e+00  5.4892341411e-01  1.5171893262e+00  1.4652622025e+00 -2.0021884389e+00 -1.2067343181e+00  1.0841683227e+00 -4.5937888180e-02  9.3128002183e-01  9.2960159381e-01 -7.3454581721e-01 -5.2688156110e-01 -5.2462556017e-01 -9.9745621723e-01 -1.5316146267e+00  2.3644746131e+00  1.5204251315e+00 -1.5918949023e+00  3.1114040027e+00 -1.1119387016e-01  7.2811541933e-03  2.6880505164e+00  6.2930507316e-01  9.8615601347e-01  2.3858280608e+00 -2.2399241016e+00  2.5580119389e+00  1.6492351968e+00 -1.7519672347e+00  1.4195731290e+00  7.1146186277e-01 -2.7838084163e+00
ENERGY -2.687166573316e+02

JOB 5
COORDS -9.7103081889e-02  4.6835447371e-01 -4.7270269710e-01 -6.9600154542e-01  2.5685765213e+00  5.5832146698e-01  1.6028099801e+00  1.5541042697e+00 -1.9617570157e+00 -9.6122811338e-01  1.1708778993e+00  1.3616055321e-01  1.0942027439e+00  8.4841689386e-01 -7.4602439153e-01 -4.1568814313e-01 -5.5753047917e-01 -6.8328284688e-01 -1.2671306217e+00  2.6836458341e+00  1.4761261771e+00 -1.0864922769e+00  3.2120475795e+00 -2.2965211032e-01  3.7208462461e-01  2.7050086116e+00  7.1851191788e-01  1.0744026841e+00  2.5018274204e+00 -2.0560149376e+00  2.6591231300e+00  1.6993900783e+00 -1.7545725131e+00  1.4458093774e+00  8.9813246178e-01 -2.8169718940e+00
ENERGY -2.687143559964e+02

JOB 6
COORDS -5.7089710709e-02  3.7548596546e-01 -4.6128045166e-01 -5.5312310857e-01  2.5415273821e+00  4.9281640285e-01  1.6005297646e+00  1.5449955391e+00 -1.9408687951e+00 -8.7087262788e-01  1.1345560310e+00  1.5326528477e-01  1.1336816019e+00  6.7634254399e-01 -8.1913346286e-01 -3.9568790647e-01 -6.5980461101e-01 -5.6031992962e-01 -1.1369887360e+00  2.7371700199e+00  1.3886346009e+00 -8.9359289597e-01  3.1600124414e+00 -3.3720103745e-01  5.1651981846e-01  2.6367250718e+00  6.7596167613e-01  1.0794772630e+00  2.5005903941e+00 -1.9078375816e+00  2.6649015782e+00  1.6612482172e+00 -1.7570184142e+00  1.4076650604e+00  9.9508377640e-01 -2.8604918710e+00
ENERGY -2.687153765668e+02

JOB 7
COORDS -3.2072424486e-02  3.1896563341e-01 -4.6091310404e-01 -5.2557281942e-01  2.5310057674e+00  4.1877800864e-01  1.5898646987e+00  1.5713786193e+00 -1.9074019460e+00 -8.2970942753e-01  1.1102383750e+00  1.3714169432e-01  1.1425430135e+00  5.6976888571e-01 -8.9684093482e-01 -3.5766563906e-01 -7.2419356530e-01 -4.6676741591e-01 -1.1485799970e+00  2.7679605776e+00  1.2775134796e+00 -8.2498520805e-01  3.1156337500e+00 -4.5055793509e-01  5.3389793530e-01  2.6330667172e+00  6.5258336176e-01  1.1375539852e+00  2.5421628969e+00 -1.7167596684e+00  2.6692602769e+00  1.6026470714e+00 -1.7868136573e+00  1.3060648914e+00  1.1635242286e+00 -2.8760772929e+00
ENERGY -2.687182047011e+02

JOB 8
COORDS  1.3559896354e-01  1.9926354643e-01 -5.0424627012e-01 -5.7208298570e-01  2.4371147123e+00  1.6688735534e-01  1.6693984984e+00  1.6049945282e+00 -1.8609061016e+00 -7.4802394125e-01  9.7777596955e-01 -2.0254814544e-02  1.2980413683e+00  4.8250054686e-01 -9.5072993415e-01 -1.0064999569e-01 -8.6287664915e-01 -4.1204253527e-01 -1.3837332230e+00  2.7123236756e+00  8.3509435174e-01 -6.7823398363e-01  2.9308040027e+00 -7.9754433342e-01  3.9859727557e-01  2.6158821690e+00  6.2825669251e-01  1.9492408873e+00  2.4718517395e+00 -1.2656442707e+00  2.5215357691e+00  1.2117168191e+00 -2.4088386709e+00  8.2973744547e-01  1.8049197072e+00 -2.5244505837e+00
ENERGY -2.687218684016e+02

JOB 9
COORDS -2.1334118157e-05  2.8588461324e-01 -2.9144065882e-01 -6.3906273428e-01  2.5821863842e+00  3.3538296303e-01  1.4450376933e+00  1.6598761718e+00 -1.7728050187e+00 -8.0642170663e-01  1.1120489885e+00  2.4622486304e-01  1.0823676484e+00  4.8535286007e-01 -9.3577057984e-01 -2.3852811250e-01 -7.6212825136e-01 -1.0180877388e-01 -1.4202756773e+00  2.8863596291e+00  1.0268662868e+00 -7.9905410685e-01  3.0202590541e+00 -6.4765048457e-01  3.4847047573e-01  2.7978255855e+00  7.4071507761e-01  1.8007643095e+00  2.4657199733e+00 -1.1344040150e+00  2.2449236303e+00  1.2804992415e+00 -2.4030916253e+00  5.7787505841e-01  1.9421967385e+00 -2.3672399977e+00
ENERGY -2.687247397327e+02

JOB 10
COORDS  2.7016141644e-02  2.8626498148e-01 -2.4687183801e-01 -6.1776532301e-01  2.6060774470e+00  3.5813446416e-01  1.4460796779e+00  1.6666698430e+00 -1.7553273093e+00 -7.2246048617e-01  1.1272302671e+00  3.4752130719e-01  1.0174018819e+00  4.4347127908e-01 -1.0327256658e+00 -1.9802006822e-01 -7.5510116709e-01 -1.1890343603e-02 -1.4304395418e+00  2.9125421683e+00  1.0112069653e+00 -7.6492631984e-01  2.9881175184e+00 -6.4945604577e-01  3.4648644098e-01  2.8819106268e+00  7.8195215359e-01  1.7900067098e+00  2.4128865542e+00 -1.0429239441e+00  2.2661115019e+00  1.3170568725e+00 -2.3767465706e+00  6.1459137121e-01  2.0129901415e+00 -2.3668339447e+00
ENERGY -2.687263976928e+02

JOB 11
COORDS  4.1794680164e-02  3.0582720770e-01 -2.4323892563e-01 -6.8498838178e-01  2.6296931398e+00  2.8102784203e-01  1.5183956459e+00  1.6929769737e+00 -1.6923114752e+00 -6.8458875770e-01  1.1501918200e+00  3.7454941432e-01  9.6754134404e-01  4.4761159916e-01 -1.1064098861e+00 -1.6797934953e-01 -7.3290725424e-01  1.5547279157e-02 -1.3354915264e+00  2.9339944121e+00  1.0966926793e+00 -1.1108601718e+00  2.9125727983e+00 -6.8011726210e-01  3.2400250292e-01  3.0074734017e+00  4.2769873794e-01  2.1034901072e+00  2.2020451767e+00 -9.2831402033e-01  2.1583367857e+00  1.3333216620e+00 -2.4936710235e+00  7.0909546062e-01  2.3031454111e+00 -2.0860465992e+00
ENERGY -2.687269314948e+02

JOB 12
COORDS  2.7964778044e-02  3.1194985776e-01 -2.1736412173e-01 -6.8644087502e-01  2.6343625132e+00  2.9595475233e-01  1.4907008289e+00  1.6804557702e+00 -1.6930659236e+00 -6.1133225791e-01  1.1649551082e+00  4.7952240780e-01  8.1806949335e-01  4.5019909686e-01 -1.2073326233e+00 -1.6397871811e-01 -7.2515355760e-01  6.1702332224e-02 -1.3674303653e+00  2.9525054468e+00  1.0807339430e+00 -1.1040713162e+00  2.8399107468e+00 -6.8828149260e-01  3.0027010055e-01  3.0688801036e+00  4.3894102945e-01  2.0670495281e+00  2.1043593990e+00 -8.7255296009e-01  2.1456901451e+00  1.3151822071e+00 -2.4794821416e+00  7.5051731127e-01  2.3692095169e+00 -2.0937027308e+00
ENERGY -2.687263977019e+02

JOB 13
COORDS  7.3697547142e-02  2.8904210701e-01 -1.8286080431e-01 -6.6395664073e-01  2.5850189391e+00  3.2583349437e-01  1.5079846687e+00  1.6504827373e+00 -1.6859193611e+00 -5.1003322887e-01  1.1315736006e+00  5.7296181519e-01  7.2083826234e-01  4.5979778503e-01 -1.2685036680e+00 -7.0941336632e-02 -7.5233521423e-01  1.1004211248e-01 -1.3780270188e+00  2.8982219747e+00  1.0827824013e+00 -1.0666063479e+00  2.7287884168e+00 -6.7577355521e-01  2.9612128901e-01  3.0758150682e+00  4.7155658196e-01  2.0784680995e+00  2.0058228808e+00 -8.2958142636e-01  2.1644945720e+00  1.2583174439e+00 -2.4580673099e+00  8.3802743217e-01  2.4059645646e+00 -2.0907539643e+00
ENERGY -2.687247397122e+02

JOB 14
COORDS  2.9149167881e-01  2.0530541456e-01 -3.1144522804e-01 -4.8895913409e-01  2.4446299224e+00  2.6799962409e-01  1.6014145612e+00  1.5879943776e+00 -1.9056170062e+00 -2.3798198424e-01  1.0069138771e+00  5.2416865026e-01  7.3868561846e-01  4.4625324432e-01 -1.4831205514e+00  2.4485878851e-01 -8.4579018064e-01 -1.9062068713e-02 -1.1775397691e+00  2.7321937869e+00  1.0580472474e+00 -9.4757392835e-01  2.5497581285e+00 -7.1468483040e-01  4.5098341663e-01  2.9868826069e+00  3.5517985719e-01  2.2459268752e+00  1.8617814873e+00 -1.0719869494e+00  2.1759161097e+00  1.1757372759e+00 -2.7308592764e+00  9.7093685578e-01  2.4109357554e+00 -2.2363065702e+00
ENERGY -2.687218683626e+02

JOB 15
COORDS  2.4114608793e-01  3.3151491000e-01 -1.5103981088e-01 -7.4372050102e-01  2.5240054089e+00  2.1440312964e-01  1.6483463108e+00  1.5607125610e+00 -1.8244908880e+00 -4.0152834573e-01  1.1359303740e+00  5.9721961492e-01  6.7905297235e-01  5.3905509803e-01 -1.3333322037e+00  2.9047219516e-01 -6.9141585355e-01  2.3028104164e-01 -1.6196347565e+00  2.7541582520e+00  8.1566562463e-01 -9.6936661519e-01  2.5585456748e+00 -8.5117183902e-01  9.4591485025e-02  3.1630955422e+00  4.9004730048e-01  2.6311087303e+00  1.2135173483e+00 -1.5100817777e+00  1.5392136569e+00  1.5287325036e+00 -2.9050838197e+00  1.4085329226e+00  2.5444779864e+00 -1.4269395149e+00
ENERGY -2.687182047002e+02

JOB 16
COORDS  2.3863663524e-01  3.8925136996e-01 -1.2909409321e-01 -8.1848184596e-01  2.5325768077e+00  2.4067973969e-01  1.6830868132e+00  1.5353670415e+00 -1.8333977498e+00 -4.1924882637e-01  1.1616367537e+00  6.3687223539e-01  5.9648112506e-01  6.4226663536e-01 -1.3309415310e+00  3.8053203409e-01 -6.2085830996e-01  2.6565683677e-01 -1.7290866101e+00  2.7177429178e+00  8.0475248670e-01 -9.9310538373e-01  2.5620656601e+00 -8.3420504043e-01 -2.1446865996e-02  3.2058030201e+00  5.5512187694e-01  2.6243743561e+00  1.0394021460e+00 -1.6025245229e+00  1.5067771504e+00  1.5860008222e+00 -2.9041707059e+00  1.6005307033e+00  2.5149087384e+00 -1.3649629886e+00
ENERGY -2.687153765738e+02

JOB 17
COORDS  2.4538370605e-01  4.8454806190e-01 -9.4016354316e-02 -8.8683556762e-01  2.5641642828e+00  3.8127224439e-01  1.7035852306e+00  1.5452797186e+00 -1.8359509867e+00 -4.0486247452e-01  1.2034769536e+00  7.2530467932e-01  5.1520532307e-01  8.1264810310e-01 -1.3014551332e+00  4.9851337223e-01 -5.1211854269e-01  2.8129883189e-01 -1.8155827488e+00  2.6672720353e+00  9.3678316048e-01 -1.0404503801e+00  2.6359035190e+00 -6.9405970454e-01 -1.3351910093e-01  3.2630669501e+00  7.4388746472e-01  2.5857659115e+00  9.3859275462e-01 -1.6358786650e+00  1.5024877738e+00  1.6243201305e+00 -2.9004430469e+00  1.7485214138e+00  2.5231780705e+00 -1.3584851475e+00
ENERGY -2.687143559968e+02

JOB 18
COORDS  3.7728668581e-01  4.9579699326e-01  5.3373473452e-02 -8.8067142721e-01  2.4563122052e+00  7.1411563339e-01  1.7500548297e+00  1.4545754480e+00 -1.7572960873e+00 -2.3022983973e-01  1.1423116230e+00  9.5853772190e-01  4.9804124115e-01  8.9714405319e-01 -1.1579879963e+00  8.0121786534e-01 -4.5829371372e-01  3.8479173679e-01 -1.8568404557e+00  2.3677997319e+00  1.1858447520e+00 -9.5261750641e-01  2.6441666059e+00 -3.5451165005e-01 -2.6042274033e-01  3.1886906585e+00  1.2295271151e+00  2.5623454349e+00  7.4322944133e-01 -1.6062386382e+00  1.5081118269e+00  1.5676431737e+00 -2.8101186426e+00  1.9386332784e+00  2.4135605879e+00 -1.2769766300e+00
ENERGY -2.687166575684e+02

JOB 19
COORDS  3.9543111808e-01  6.2432972051e-01 -6.2602279904e-02 -9.5927843616e-01  2.5360573541e+00  5.0799123523e-01  1.7180411416e+00  1.2256432879e+00 -2.0056499045e+00 -1.9629786065e-01  1.3007393722e+00  8.3065023462e-01  4.2778976147e-01  9.6485475980e-01 -1.2977655167e+00  9.3593755149e-01 -2.5482679442e-01  3.0450648588e-01 -1.9498343133e+00  2.2203164888e+00  1.8216395764e-01 -4.3795781933e-01  3.0947962839e+00 -2.6644696271e-01 -1.0000420624e+00  3.0710593994e+00  1.4528013122e+00  2.4278006972e+00  4.2862932597e-01 -1.7781782584e+00  1.4509655211e+00  1.2325483398e+00 -3.0585337122e+00  2.0654049697e+00  2.1996679373e+00 -1.6652277698e+00
ENERGY -2.687222965119e+02

JOB 20
COORDS  4.0358081211e-01  7.6555297401e-01 -3.4788746216e-02 -1.0420659560e+00  2.5867240312e+00  5.7231424572e-01  1.6863749904e+00  1.1910152334e+00 -2.0287596331e+00 -2.2537668534e-01  1.3812987897e+00  8.7780329737e-01  4.1388838463e-01  1.1575878071e+00 -1.2524993768e+00  9.9700792589e-01 -9.1022551009e-02  3.0037217758e-01 -1.9249777083e+00  2.2598452742e+00  2.4332227751e-02 -4.3927200116e-01  3.2817788559e+00 -1.0206384057e-02 -1.2973294745e+00  2.9823327878e+00  1.5510662691e+00  2.3022598712e+00  3.2931783698e-01 -1.7654601420e+00  1.3786389493e+00  1.1567373232e+00 -3.0701664747e+00  2.1673533351e+00  2.1345235180e+00 -1.7768237497e+00
ENERGY -2.687290260726e+02

JOB 21
COORDS  4.5880832978e-01  8.5662111998e-01 -5.9171443245e-02 -1.0873721840e+00  2.5750598038e+00  5.8648038720e-01  1.7068219198e+00  1.1652184739e+00 -2.0873785286e+00 -2.3599305565e-01  1.3864502799e+00  8.6011456643e-01  4.8859127129e-01  1.3227520596e+00 -1.2480009438e+00  1.0737133572e+00  3.7711538327e-03  2.4260395011e-01 -1.8947061608e+00  2.2658630467e+00 -7.6367279099e-02 -4.6832985779e-01  3.3498891157e+00  1.3597407696e-01 -1.4558702515e+00  2.8623682660e+00  1.5668492222e+00  2.2355034005e+00  2.5356475790e-01 -1.8048046650e+00  1.3430137709e+00  1.1144953856e+00 -3.1101630094e+00  2.3052553235e+00  2.0580337460e+00 -1.9144805811e+00
ENERGY -2.687347794153e+02

JOB 22
COORDS  5.1082894314e-01  9.3124043187e-01 -2.9605874565e-02 -1.1157800721e+00  2.5702476355e+00  6.1633573620e-01  1.7109183531e+00  1.1341654124e+00 -2.0979774122e+00 -2.5465891353e-01  1.3859587799e+00  8.7432800549e-01  5.8880953069e-01  1.4681252978e+00 -1.1840235787e+00  1.1186281653e+00  6.6895722437e-02  2.5084480798e-01 -1.8268622059e+00  2.3103845890e+00 -1.6710656665e-01 -4.7760931274e-01  3.4033339196e+00  3.2361635307e-01 -1.6076127403e+00  2.7474796522e+00  1.5682144569e+00  2.1838790953e+00  2.0414981782e-01 -1.7804594701e+00  1.2612284442e+00  1.0388520959e+00 -3.0832834272e+00  2.3955533445e+00  1.9790577560e+00 -2.0487547770e+00
ENERGY -2.687385158180e+02

JOB 23
COORDS  5.5426852154e-01  9.5765882123e-01  1.9617565331e-02 -1.1237558294e+00  2.5497313379e+00  6.4876471232e-01  1.7109447302e+00  1.1004193572e+00 -2.0795488949e+00 -2.8657756544e-01  1.3446466846e+00  8.8764810003e-01  7.1965704149e-01  1.5763720501e+00 -1.0826593203e+00  1.1272613135e+00  6.2660612346e-02  2.7511882949e-01 -1.7101983722e+00  2.3880183548e+00 -2.5505143123e-01 -4.6318254884e-01  3.4110301152e+00  5.5396544975e-01 -1.7493182920e+00  2.6128000002e+00  1.5342292639e+00  2.2078529865e+00  2.0261732749e-01 -1.7108904143e+00  1.1428000653e+00  9.0510098756e-01 -2.9866725979e+00  2.4095430525e+00  1.9236847833e+00 -2.2140228141e+00
ENERGY -2.687397863312e+02

