JOB 0
COORDS -2.6339568010e+00  3.4439762083e+00  3.0062575166e+00 -2.5146063739e+00  3.0488423157e+00  1.6727150739e+00 -2.1658081573e+00  2.6053880009e+00  4.0215327385e+00 -1.9599871606e+00  1.8019994669e+00  1.3730879859e+00 -1.5202069986e+00  1.3944816464e+00  3.7375742488e+00 -1.4041487748e+00  1.0075919415e+00  2.3851992325e+00 -1.1691520578e+00 -1.4268543418e+00  2.2296719854e+00  1.9013652990e-01 -3.5030894829e-02  8.1648787278e-01 -9.0834700610e-02 -2.4984713336e+00  2.3256148059e+00  1.3438287061e+00 -1.0311479508e+00  8.5396432809e-01 -9.2536300123e-01  5.6953119440e-01  4.8539537224e+00 -5.5345934243e-01 -1.1384593246e-01  2.0630553502e+00  7.8594831517e-01 -2.4264705730e+00  1.0858351901e+00 -3.0791313224e+00  4.4024921478e+00  3.2566299439e+00 -2.8868370450e+00  3.6828618961e+00  8.7327778640e-01 -2.2563781969e+00  2.9201120763e+00  5.0581615449e+00 -1.8812941986e+00  1.4964714758e+00  3.3324367759e-01 -1.8700014285e+00 -1.6675485909e+00  1.4077416788e+00 -1.7469770573e+00 -1.4506211615e+00  3.1543075747e+00  6.1200845239e-01  9.6616031393e-01  7.0551246163e-01 -4.2749671363e-01 -2.3233249344e-01 -8.0014448538e-02  5.6537744807e-01 -2.3193111690e+00  3.1787546425e+00 -5.0389356243e-01 -3.5080394781e+00  2.3759732186e+00  1.9038573771e+00 -1.0554614729e+00 -8.3258313318e-02  2.0164672118e+00 -8.2399564172e-01  1.6875939955e+00 -1.5674705869e+00 -2.7861176440e-01  5.1238497936e+00  5.2555249944e-02  1.6883629761e-01  4.5687551343e+00 -7.9877564365e-01  1.1700386594e+00  5.7572985245e+00  2.2561669500e-01 -2.6981750610e+00  2.6841612156e-01  1.5511587749e+00 -3.1067279511e+00  1.1534507831e+00
ENERGY -5.387717963970e+02

JOB 1
COORDS -2.4566463921e+00  3.5431891175e+00  2.9510172034e+00 -2.4294591305e+00  3.1038847107e+00  1.6253124088e+00 -2.0974952946e+00  2.6653145353e+00  3.9789997757e+00 -2.0970403452e+00  1.7730745922e+00  1.3618034376e+00 -1.5942096927e+00  1.3845224081e+00  3.7107135669e+00 -1.5507554718e+00  9.5717832103e-01  2.3635536983e+00 -1.1695805610e+00 -1.4700238867e+00  2.2208603050e+00  8.0557617082e-02 -4.3188132559e-03  7.8176192197e-01 -2.3193184457e-02 -2.4688615756e+00  2.3134533857e+00  1.2966479552e+00 -9.2350863593e-01  8.1656339216e-01 -1.0290489435e+00  5.4437238657e-01  4.8306179337e+00 -6.4253674889e-01 -1.1923632148e-01  2.0387998764e+00  8.3402446991e-01 -2.3505631763e+00  1.0638968106e+00 -2.7450671513e+00  4.5635102675e+00  3.1865360900e+00 -2.7398604207e+00  3.7581651281e+00  8.1606306406e-01 -2.1283494596e+00  3.0106534985e+00  5.0092850567e+00 -2.0877693495e+00  1.4360188718e+00  3.2787938604e-01 -1.8610787428e+00 -1.7636321593e+00  1.4085820294e+00 -1.7349943877e+00 -1.5237845850e+00  3.1518964237e+00  4.3582510729e-01  1.0208115378e+00  6.5830119161e-01 -5.3209835402e-01 -2.4873343757e-01 -1.0609398110e-01  6.2912313827e-01 -2.2408629683e+00  3.1579401991e+00 -3.6963277723e-01 -3.5024681681e+00  2.3764792405e+00  1.8489822658e+00 -9.1794054774e-01 -1.2548977641e-01  1.9613925207e+00 -6.6594127323e-01  1.6424801313e+00 -1.6922621228e+00 -2.8927407152e-01  5.0930252019e+00 -5.7718682169e-02  1.2221151026e-01  4.5509888075e+00 -8.9249196849e-01  1.1394728703e+00  5.7358243541e+00  2.8426358180e-01 -2.6646928289e+00  2.5455432945e-01  1.6427154916e+00 -2.9788794712e+00  1.1282258531e+00
ENERGY -5.387647516119e+02

JOB 2
COORDS -2.2789384502e+00  3.6102818911e+00  2.8965905916e+00 -2.3504979570e+00  3.1233804108e+00  1.5875088674e+00 -2.0320580664e+00  2.7221471300e+00  3.9498715510e+00 -2.2448014944e+00  1.7457728271e+00  1.3874528265e+00 -1.6805679337e+00  1.3841452773e+00  3.7159194686e+00 -1.7122952255e+00  9.0676774930e-01  2.3817786121e+00 -1.1936956213e+00 -1.5057388639e+00  2.2462174608e+00 -4.0720883230e-02  2.5396001482e-02  7.9322639256e-01  1.1086523390e-02 -2.4333442319e+00  2.3390714170e+00  1.2280324095e+00 -8.1980872441e-01  8.2885814949e-01 -1.1479974937e+00  5.3831110536e-01  4.8472031361e+00 -7.4933101132e-01 -1.2482323753e-01  2.0562333009e+00  8.5373280857e-01 -2.2709837812e+00  1.0848516596e+00 -2.4037189107e+00  4.6699291350e+00  3.0998977603e+00 -2.6006020028e+00  3.7784452723e+00  7.5837955424e-01 -1.9981816306e+00  3.1011835161e+00  4.9681223196e+00 -2.3058414128e+00  1.3765728548e+00  3.6495633860e-01 -1.8690610062e+00 -1.8456976536e+00  1.4387434349e+00 -1.7507764485e+00 -1.5877945887e+00  3.1803182041e+00  2.5281572644e-01  1.0688455469e+00  6.6306692035e-01 -6.4159290468e-01 -2.5958512964e-01 -9.0117821797e-02  6.5263655773e-01 -2.1614265400e+00  3.1788568827e+00 -2.7224603465e-01 -3.4854646695e+00  2.4102535718e+00  1.7758480875e+00 -7.8526416854e-01 -1.1520338214e-01  1.8788137047e+00 -5.1831549107e-01  1.6510499932e+00 -1.8287984883e+00 -2.8310389137e-01  5.1010728110e+00 -1.7962766440e-01  9.8717032762e-02  4.5812985327e+00 -1.0105775059e+00  1.1329701713e+00  5.7524153711e+00  3.2025479777e-01 -2.6218718116e+00  2.7973992423e-01  1.6991523234e+00 -2.8490475830e+00  1.1484275218e+00
ENERGY -5.387530790330e+02

JOB 3
COORDS -2.0595493541e+00  3.5904442409e+00  2.8475020821e+00 -2.2327603892e+00  3.0677288215e+00  1.5588396047e+00 -1.9334565190e+00  2.7107611227e+00  3.9295833098e+00 -2.3553299724e+00  1.6834187025e+00  1.4340118259e+00 -1.7385389450e+00  1.3334840804e+00  3.7365487178e+00 -1.8302792208e+00  8.1651813341e-01  2.4163937387e+00 -1.1803058991e+00 -1.5727058847e+00  2.2516152862e+00 -1.2079185550e-01  3.7168757403e-02  8.1027866022e-01  7.7518336054e-02 -2.4281838323e+00  2.3362166647e+00  1.1953865885e+00 -7.3253913770e-01  8.4142366665e-01 -1.2471274619e+00  4.7885050828e-01  4.8799125061e+00 -8.1874037962e-01 -1.6512619532e-01  2.0730617777e+00  9.0767385325e-01 -2.2056945077e+00  1.0831230251e+00 -2.0178378520e+00  4.6631501753e+00  3.0123818970e+00 -2.4248526113e+00  3.7150572589e+00  7.0838498396e-01 -1.8396825076e+00  3.1137983305e+00  4.9348581688e+00 -2.4823285211e+00  1.2815726560e+00  4.2802045762e-01 -1.8351974395e+00 -1.9467383381e+00  1.4425587264e+00 -1.7296793758e+00 -1.6937588085e+00  3.1861634897e+00  1.1141147748e-01  1.0965867645e+00  6.8893526591e-01 -7.0381756331e-01 -2.7542318541e-01 -7.5310097262e-02  7.0290578237e-01 -2.1257010622e+00  3.1777996237e+00 -1.4304835683e-01 -3.4957349818e+00  2.3992343568e+00  1.7417257024e+00 -6.5618694123e-01 -1.0102860642e-01  1.8255879594e+00 -4.0067046484e-01  1.6679582927e+00 -1.9459595962e+00 -3.3205409214e-01  5.1153834639e+00 -2.7927786791e-01  2.4505996207e-02  4.6338753223e+00 -1.1170718924e+00  1.0692892338e+00  5.7890168915e+00  3.9458683969e-01 -2.5794404383e+00  2.7503762244e-01  1.7855905266e+00 -2.7338303890e+00  1.1405934843e+00
ENERGY -5.387368053946e+02

JOB 4
COORDS -1.8664744754e+00  3.5608290729e+00  2.7735002317e+00 -2.1628548446e+00  3.0086740180e+00  1.5152868202e+00 -1.8290435059e+00  2.7171751940e+00  3.8920463797e+00 -2.4869160098e+00  1.6531464586e+00  1.4908224394e+00 -1.7866531296e+00  1.3181227824e+00  3.7527314386e+00 -1.9557625965e+00  7.5773878096e-01  2.4521573059e+00 -1.1947730368e+00 -1.6033201019e+00  2.2502900464e+00 -1.9253708521e-01  8.4238569794e-02  8.5656795273e-01  9.7996234258e-02 -2.4058083210e+00  2.3270933375e+00  1.1542820073e+00 -6.2985028792e-01  8.8381822424e-01 -1.3211517507e+00  4.6988338794e-01  4.9113278021e+00 -8.9106506012e-01 -1.7589445066e-01  2.1108879636e+00  9.2837006970e-01 -2.1194993301e+00  1.0874278677e+00 -1.6684467114e+00  4.6226980824e+00  2.8875503636e+00 -2.3293418121e+00  3.6346352780e+00  6.4386898729e-01 -1.6581236335e+00  3.1464517365e+00  4.8761590601e+00 -2.7030011213e+00  1.2261571488e+00  5.0803569730e-01 -1.8261905503e+00 -1.9858419477e+00  1.4269353303e+00 -1.7456314046e+00 -1.7681621922e+00  3.1776181807e+00 -3.4790091852e-03  1.1544129692e+00  7.6135990122e-01 -7.5608315594e-01 -2.3193039828e-01 -3.9818380538e-02  7.0297741952e-01 -2.0957825918e+00  3.1808455043e+00 -7.6987671970e-02 -3.4829127054e+00  2.3651569409e+00  1.7057647910e+00 -5.0689193864e-01 -5.0663809545e-02  1.7617983826e+00 -2.9155055400e-01  1.7246569102e+00 -2.0434529750e+00 -3.1639613594e-01  5.1566268979e+00 -3.6667778713e-01 -1.6537584716e-02  4.6722465231e+00 -1.1717119849e+00  1.0706297273e+00  5.8107719644e+00  4.3871571739e-01 -2.4954116633e+00  2.6595946255e-01  1.8276735861e+00 -2.6107768218e+00  1.1411235832e+00
ENERGY -5.387161587087e+02

JOB 5
COORDS -3.2527570744e+00  2.3669119442e+00  3.0651127556e+00 -2.8763525327e+00  2.3010357994e+00  1.7029698727e+00 -2.2796356618e+00  2.1981800555e+00  4.0483046655e+00 -1.5264703347e+00  2.1537183103e+00  1.4277685688e+00 -1.0055992519e+00  1.6779685451e+00  3.7225879889e+00 -6.6020478456e-01  1.5088469437e+00  2.3609048598e+00 -1.2843655168e+00 -7.8982593124e-01  1.9849524065e+00  7.9954072830e-01 -1.9743084440e-02  1.0539404407e+00 -7.5531757429e-01 -2.2097656664e+00  2.1343878958e+00  1.4231453700e+00 -1.4075787685e+00  1.1440352321e+00 -1.4780515262e-01  1.1063255851e+00  4.8292784549e+00 -1.8017978554e-01  1.5402458453e-01  2.1216502668e+00  3.1749256335e-01 -2.4491857038e+00  1.0837162087e+00 -4.2835896014e+00  2.5640273901e+00  3.3458027873e+00 -3.5785618431e+00  2.5530781946e+00  9.1376368736e-01 -2.5478770158e+00  2.3123390719e+00  5.0962364384e+00 -1.2390215605e+00  2.1061386025e+00  3.7462547168e-01 -1.8194963858e+00 -6.8283678175e-01  1.0233683617e+00 -2.0158977923e+00 -6.1296633578e-01  2.7762563858e+00  1.5983503741e+00  7.1521112576e-01  1.1760945106e+00  3.7291338620e-01  1.2504580503e-01  4.2797604856e-02 -2.7588049954e-01 -2.3529583136e+00  3.1038770953e+00 -1.5331236391e+00 -2.9615868623e+00  1.9850177029e+00  2.1122593133e+00 -1.6146220864e+00  3.2251701120e-01  1.9278819746e+00 -1.5504497165e+00  2.1008645683e+00 -5.6092991343e-01  1.6944150451e-01  5.2234077703e+00  8.7080233633e-01  9.0993728948e-01  4.4913601284e+00 -1.0319534070e-01  1.8095492796e+00  5.6670721533e+00 -1.1853932497e-01 -2.4153828320e+00  1.5389772039e-01  7.1196462113e-01 -3.3907290048e+00  1.1871240398e+00
ENERGY -5.387185266384e+02

JOB 6
COORDS -3.2264589986e+00  2.5995228847e+00  3.0669446966e+00 -2.8799529226e+00  2.4383946711e+00  1.7111815163e+00 -2.2832831463e+00  2.3148091307e+00  4.0535904506e+00 -1.5745704637e+00  2.0713244151e+00  1.4110691036e+00 -1.0789090948e+00  1.6525988456e+00  3.7382883992e+00 -7.6571513299e-01  1.4259599907e+00  2.3816150441e+00 -1.2763451508e+00 -9.0126728316e-01  2.0389159609e+00  7.2607677667e-01 -1.8487442575e-02  1.0319063421e+00 -6.6848340125e-01 -2.2923111540e+00  2.1592927780e+00  1.4280417151e+00 -1.3694471498e+00  1.0988263711e+00 -2.5483528981e-01  1.0410566819e+00  4.8491233304e+00 -2.2102651729e-01  1.0153340799e-01  2.1336139083e+00  3.7950958556e-01 -2.4700235162e+00  1.0718841357e+00 -4.2158795795e+00  2.9517150519e+00  3.3445100073e+00 -3.5614428628e+00  2.7397154368e+00  9.2095060000e-01 -2.5292551564e+00  2.4881736714e+00  5.0987174919e+00 -1.3119622381e+00  1.9409179760e+00  3.6029427769e-01 -1.8565102865e+00 -8.1797009708e-01  1.1007996722e+00 -1.9817551550e+00 -7.6598970505e-01  2.8613823676e+00  1.4864876645e+00  7.6050954599e-01  1.1228577269e+00  2.5560918739e-01  9.8202327179e-02  3.6587560293e-02 -1.4928650494e-01 -2.4146661549e+00  3.1110146818e+00 -1.4101218359e+00 -3.0835821566e+00  2.0315390082e+00  2.0999559430e+00 -1.5374880095e+00  2.5448570723e-01  1.9708626152e+00 -1.4849339594e+00  2.0382909157e+00 -6.7359216427e-01  8.3448023243e-02  5.1842304237e+00  7.7545678544e-01  8.6173632437e-01  4.5369226343e+00 -2.4269087797e-01  1.7036098507e+00  5.7194895004e+00 -8.8416345792e-02 -2.4592733052e+00  1.5713073710e-01  8.2843787068e-01 -3.3885052467e+00  1.1592738156e+00
ENERGY -5.387379442455e+02

JOB 7
COORDS -3.1671820779e+00  2.8116686223e+00  3.0522940785e+00 -2.8555607499e+00  2.5803504062e+00  1.7033538579e+00 -2.2793159879e+00  2.3970936622e+00  4.0454530925e+00 -1.6325052353e+00  1.9941945109e+00  1.3907336835e+00 -1.1611722066e+00  1.6004345878e+00  3.7387180583e+00 -8.8135123375e-01  1.3308740865e+00  2.3847562397e+00 -1.2654626631e+00 -1.0280198333e+00  2.0803302222e+00  6.3381853413e-01 -3.0001416487e-02  9.8658261383e-01 -5.6825786661e-01 -2.3780332785e+00  2.1835819993e+00  1.4241716560e+00 -1.3317374999e+00  1.0387272293e+00 -3.7627970935e-01  9.4001117578e-01  4.8493536769e+00 -2.7354419407e-01  4.0163231488e-02  2.1232520999e+00  4.4862610450e-01 -2.4977448867e+00  1.0593212782e+00 -4.0905197661e+00  3.3153737156e+00  3.3235878048e+00 -3.5016942240e+00  2.9507934849e+00  9.1273813460e-01 -2.5004895514e+00  2.6132448197e+00  5.0879366618e+00 -1.3997281008e+00  1.8073578976e+00  3.4318152479e-01 -1.8883913570e+00 -9.8783693316e-01  1.1665772856e+00 -1.9433489320e+00 -9.3119345599e-01  2.9306407315e+00  1.3441620678e+00  7.9839595073e-01  1.0378994439e+00  1.1852502019e-01  4.1332226751e-02  9.3044390641e-03 -7.8766721864e-03 -2.4607006096e+00  3.1160395403e+00 -1.2626871356e+00 -3.2152265298e+00  2.0871834011e+00  2.0735655432e+00 -1.4645831153e+00  1.7082639335e-01  2.0077220191e+00 -1.4021072983e+00  1.9579658700e+00 -7.8305294192e-01 -4.8237528780e-02  5.1005801370e+00  6.7199103523e-01  8.0232196507e-01  4.5757858327e+00 -4.2115278626e-01  1.5429373830e+00  5.7600757350e+00 -5.1803495961e-02 -2.5265920093e+00  1.6232079969e-01  9.5915218154e-01 -3.3843476746e+00  1.1371794809e+00
ENERGY -5.387533838227e+02

JOB 8
COORDS -3.0606640401e+00  3.0263068607e+00  3.0409298880e+00 -2.7780683833e+00  2.7608308704e+00  1.6956055128e+00 -2.2629918536e+00  2.4668361766e+00  4.0412685303e+00 -1.6764455448e+00  1.9677478041e+00  1.3771968571e+00 -1.2456923208e+00  1.5478479611e+00  3.7373248468e+00 -9.9328341237e-01  1.2609422698e+00  2.3813308563e+00 -1.2357897322e+00 -1.1299649444e+00  2.1295630966e+00  5.3162240144e-01 -2.3243814534e-02  9.2927429937e-01 -4.3941161407e-01 -2.4244409112e+00  2.2281513554e+00  1.4194354361e+00 -1.2609662495e+00  9.7488203005e-01 -5.1117659611e-01  8.3218607653e-01  4.8474208637e+00 -3.2391317065e-01  7.6202203744e-03  2.1057000412e+00  5.3595030161e-01 -2.4953193675e+00  1.0636596421e+00 -3.8936466751e+00  3.6702778520e+00  3.3079849652e+00 -3.3629258959e+00  3.2226442482e+00  9.0552080383e-01 -2.4653012291e+00  2.7032144681e+00  5.0830672599e+00 -1.4694969408e+00  1.7577644085e+00  3.2995576003e-01 -1.8982341344e+00 -1.1548745605e+00  1.2431208744e+00 -1.8825513113e+00 -1.0646636572e+00  3.0061778068e+00  1.1783131049e+00  8.5725299552e-01  9.2627885093e-01 -3.1876317808e-02 -1.8536236478e-02 -2.3560052630e-02  1.6338080560e-01 -2.4456465606e+00  3.1373019061e+00 -1.0741112109e+00 -3.3115660180e+00  2.1773712524e+00  2.0389309552e+00 -1.3668126703e+00  8.1779131331e-02  2.0455918593e+00 -1.2646299986e+00  1.8683647359e+00 -9.8517127458e-01 -1.2585114567e-01  5.0988815731e+00  5.2497437420e-01  6.2198064954e-01  4.5722933512e+00 -5.1375821817e-01  1.4345097642e+00  5.7592714452e+00  1.8610566016e-03 -2.5830421079e+00  1.9017884631e-01  1.1144135373e+00 -3.3395339284e+00  1.1376429044e+00
ENERGY -5.387647040199e+02

JOB 9
COORDS -2.9432680543e+00  3.1859164579e+00  3.0342469108e+00 -2.6941961832e+00  2.8799067390e+00  1.6934373803e+00 -2.2512256283e+00  2.5093031018e+00  4.0413475852e+00 -1.7451877810e+00  1.9066863018e+00  1.3761517444e+00 -1.3447314080e+00  1.4808112040e+00  3.7456553527e+00 -1.1226931096e+00  1.1652716159e+00  2.3905176608e+00 -1.2052653148e+00 -1.2517743568e+00  2.1865839609e+00  4.1708223727e-01 -4.0594764813e-02  8.8885355459e-01 -3.0474316641e-01 -2.4761372200e+00  2.2856933553e+00  1.4051393378e+00 -1.2002290380e+00  9.3259704374e-01 -6.6238204925e-01  7.2172802670e-01  4.8596696026e+00 -3.9071950925e-01 -4.5717510525e-02  2.0975686473e+00  6.3058417299e-01 -2.4996081786e+00  1.0870027572e+00 -3.6667318914e+00  3.9531213976e+00  3.2945393134e+00 -3.2084004768e+00  3.4153180408e+00  9.0061769549e-01 -2.4291838902e+00  2.7704622128e+00  5.0816197723e+00 -1.5665009255e+00  1.6660954793e+00  3.3133769428e-01 -1.8956428882e+00 -1.3542599979e+00  1.3273637478e+00 -1.8226686359e+00 -1.2157558512e+00  3.0852816323e+00  9.8797947395e-01  8.8919634273e-01  8.3506866157e-01 -1.8072917796e-01 -1.1212650663e-01 -3.9958035560e-02  3.2972197329e-01 -2.4251215480e+00  3.1718320162e+00 -8.6688178209e-01 -3.4122978515e+00  2.2796328091e+00  1.9976990219e+00 -1.2806768628e+00  1.8803215528e-02  2.0620195532e+00 -1.1265953833e+00  1.8005718624e+00 -1.2057150244e+00 -1.9525751027e-01  5.1233557847e+00  3.5406255789e-01  4.3270983907e-01  4.5801125133e+00 -6.1347018725e-01  1.3296228270e+00  5.7661894679e+00  7.4206434593e-02 -2.6551882391e+00  2.3717513536e-01  1.2790475457e+00 -3.2914583000e+00  1.1596412460e+00
ENERGY -5.387716429518e+02

JOB 10
COORDS -2.7998753222e+00  3.3343807131e+00  3.0158347088e+00 -2.6139159579e+00  2.9833052794e+00  1.6772087724e+00 -2.2081632758e+00  2.5679491833e+00  4.0228778735e+00 -1.8467128833e+00  1.8602300702e+00  1.3591737634e+00 -1.4234372876e+00  1.4446777333e+00  3.7279623824e+00 -1.2555864789e+00  1.0944393831e+00  2.3725866995e+00 -1.1701512283e+00 -1.3361319549e+00  2.1934812472e+00  3.0869927525e-01 -2.1538608350e-02  8.2675272588e-01 -1.7194417548e-01 -2.4830709663e+00  2.2846065796e+00  1.3883610792e+00 -1.0970957330e+00  8.6142334610e-01 -7.7824081763e-01  6.5200957185e-01  4.8401953811e+00 -4.5976363283e-01 -6.9200934888e-02  2.0595051229e+00  7.2799209078e-01 -2.4523473979e+00  1.0595881775e+00 -3.3945435291e+00  4.2053247828e+00  3.2756365443e+00 -3.0647465904e+00  3.5736773505e+00  8.8482361438e-01 -2.3423483994e+00  2.8560066971e+00  5.0625757449e+00 -1.7177178300e+00  1.5865053172e+00  3.1560543626e-01 -1.8749804095e+00 -1.5107679040e+00  1.3581419931e+00 -1.7612556549e+00 -1.3340633116e+00  3.1101898993e+00  8.0117269049e-01  9.4961273263e-01  7.4067834584e-01 -3.0700257305e-01 -1.5879416916e-01 -8.2519144233e-02  4.8110356523e-01 -2.3661624206e+00  3.1508336546e+00 -6.5658042952e-01 -3.4612899409e+00  2.3095369226e+00  1.9596550248e+00 -1.1457159391e+00 -6.8031277310e-02  2.0611511651e+00 -9.5361980311e-01  1.7082240830e+00 -1.3763119332e+00 -2.2573405833e-01  5.1176753903e+00  2.1467862723e-01  2.9749967989e-01  4.5489770384e+00 -6.7666672563e-01  1.2609767366e+00  5.7413349938e+00  1.6290973266e-01 -2.6687812768e+00  2.2904088399e-01  1.4412205728e+00 -3.1870111318e+00  1.1260366656e+00
ENERGY -5.387741007657e+02

