JOB 0
COORDS -6.2565478431e-01 -1.3294914157e+00  6.4142288698e-01 -4.7585151115e+00 -8.2490578027e-03  1.9435255760e+00 -3.4890236295e+00  1.6189004342e+00  3.2041071241e+00 -5.9441007580e+00  6.2582161167e-01  2.3117845554e+00 -4.6676998008e+00  2.2142751826e+00  3.6476993255e+00 -3.5041070977e+00  4.9715848515e-01  2.3486306439e+00 -5.8796324591e+00  1.7135376563e+00  3.1785822215e+00 -2.2433485648e+00  6.8703992743e-02  1.7376951470e+00 -2.6700927668e+00 -2.3910083894e+00  1.5598563422e+00 -1.8885889133e+00 -1.1796194125e+00  1.3191387926e+00 -2.7292866400e+00 -5.7461163903e+00  7.4939453996e-01  4.0038351219e-01 -1.4196139698e+00  9.7100791737e-02 -2.3291354048e+00 -3.4951504083e+00  9.9362977742e-01 -3.1589132926e+00 -4.5350512683e+00  1.3885942002e+00 -7.0293948981e+00  2.3189790873e+00  3.5576304827e+00 -4.8078651769e+00 -8.2370031563e-01  1.2297285345e+00 -2.5349244211e+00  2.0368027790e+00  3.5151119174e+00 -6.9078728437e+00  2.7675512595e-01  1.9544259144e+00 -4.6584381051e+00  3.0707455100e+00  4.3144935944e+00 -1.5028292219e+00  8.5374926057e-01  1.6047678554e+00 -3.5086685219e+00 -2.3516289157e+00  2.2554236814e+00 -3.4187598020e+00 -6.5167253957e+00  1.0987179652e+00 -1.7047696301e+00 -5.9926044536e+00  1.0438907722e+00 -2.7901113163e+00 -5.6483006930e+00 -3.3880709974e-01
ENERGY -7.091839194237e+02

JOB 1
COORDS -6.9284653081e-01 -1.2592215584e+00  5.9062646698e-01 -4.8012695361e+00 -7.3777593108e-02  2.1157368567e+00 -3.5085741012e+00  1.5865153939e+00  3.2973688113e+00 -5.9572240314e+00  6.8036647939e-01  2.3048079300e+00 -4.6744725522e+00  2.2735027017e+00  3.6295013707e+00 -3.5338588917e+00  4.1136169149e-01  2.5123230068e+00 -5.8795078639e+00  1.8278542738e+00  3.0912216771e+00 -2.2889498509e+00  4.2498685463e-02  1.8302459632e+00 -2.6438833538e+00 -2.4189330515e+00  1.5964075352e+00 -1.9138325892e+00 -1.1776869466e+00  1.3505376337e+00 -2.6566686798e+00 -5.7506331194e+00  6.9221729946e-01  2.9906673063e-01 -1.2933466010e+00 -1.9564234819e-02 -2.3032183777e+00 -3.4968909832e+00  9.8154850859e-01 -3.0841819944e+00 -4.5699040017e+00  1.3871480729e+00 -7.0039275759e+00  2.5459379941e+00  3.3177923541e+00 -4.8656178938e+00 -9.4222318624e-01  1.4680107878e+00 -2.5511213330e+00  1.9926829632e+00  3.6139361737e+00 -6.9142129012e+00  3.5979397944e-01  1.9054490664e+00 -4.6535461562e+00  3.1733288575e+00  4.2362793157e+00 -1.5907077843e+00  8.6169555729e-01  1.6812701400e+00 -3.4443993649e+00 -2.4242688479e+00  2.3367906596e+00 -3.3071427989e+00 -6.5491150247e+00  1.0535487849e+00 -1.6123675626e+00 -5.9770348697e+00  9.2734471802e-01 -2.7758170562e+00 -5.6245436973e+00 -3.8821360098e-01
ENERGY -7.091778431993e+02

JOB 2
COORDS -7.6698980854e-01 -1.2084602468e+00  5.5564174195e-01 -4.8240497970e+00 -1.4525827958e-01  2.3128020598e+00 -3.5110666714e+00  1.5702928472e+00  3.3678391433e+00 -5.9353747892e+00  6.9195988401e-01  2.2987587274e+00 -4.6596755116e+00  2.3347980361e+00  3.5679121837e+00 -3.5400297468e+00  3.3080728542e-01  2.6812680809e+00 -5.8448127724e+00  1.9112332334e+00  2.9704780552e+00 -2.3195616685e+00  9.1508016793e-03  1.9316265405e+00 -2.6206123719e+00 -2.4507337072e+00  1.6453194106e+00 -1.9374714501e+00 -1.1850633131e+00  1.3936804618e+00 -2.6234653756e+00 -5.7532159155e+00  6.3926147710e-01  1.8480484580e-01 -1.1967000829e+00 -1.1640340936e-01 -2.2975123520e+00 -3.5022382779e+00  9.7726989652e-01 -3.0284219454e+00 -4.6042267128e+00  1.3980672672e+00 -6.9305505114e+00  2.7161452376e+00  3.0221001475e+00 -4.9056295948e+00 -1.0766566626e+00  1.7604867012e+00 -2.5531918487e+00  1.9801198684e+00  3.6792529399e+00 -6.8798987236e+00  3.7247338328e-01  1.8703050309e+00 -4.6275382403e+00  3.2857842264e+00  4.0903994591e+00 -1.6564652055e+00  8.5355943627e-01  1.7684190998e+00 -3.3703690564e+00 -2.4981754290e+00  2.4358696029e+00 -3.2318581302e+00 -6.5770027044e+00  1.0167131202e+00 -1.5613897813e+00 -5.9626626596e+00  7.9802326875e-01 -2.8165349860e+00 -5.5968724360e+00 -4.2643804399e-01
ENERGY -7.091676138274e+02

JOB 3
COORDS -5.7565048413e-01 -1.2793620200e+00  1.0480257972e+00 -4.4262055084e+00 -3.3179435093e-01  3.4223333517e+00 -3.4826730357e+00  1.8123149646e+00  2.9238186915e+00 -5.6758741358e+00  7.8606438604e-02  2.9803715502e+00 -4.7647767974e+00  2.3262182064e+00  2.7175545417e+00 -3.2524119884e+00  4.2552763047e-01  3.1533227008e+00 -5.8294939374e+00  1.4313784643e+00  2.6536583735e+00 -2.0750057310e+00 -1.6790979184e-02  2.4153676492e+00 -2.7879576950e+00 -2.2720129185e+00  1.5255667906e+00 -1.8471355175e+00 -1.1734264806e+00  1.7192921598e+00 -2.9667444623e+00 -5.4515112461e+00  1.9633493414e-01  4.6145567087e-01 -1.3344182609e+00  5.1947295839e-01 -2.3929457211e+00 -3.3618291829e+00  9.6585645416e-01 -3.4490267679e+00 -4.2563895581e+00  8.2570144558e-01 -7.0477479806e+00  1.8815205976e+00  2.2823977161e+00 -4.3171396440e+00 -1.3671812539e+00  3.7355750989e+00 -2.6319332855e+00  2.4708471997e+00  2.7657806544e+00 -6.5425640656e+00 -5.7242838051e-01  3.0339737062e+00 -4.9278738762e+00  3.3780046801e+00  2.5045169642e+00 -1.2754658597e+00  7.1886318162e-01  2.3665864134e+00 -3.8276283024e+00 -2.1445105477e+00  1.8204447605e+00 -3.8362904629e+00 -6.1063598378e+00  1.1450825721e-01 -2.1936358351e+00 -5.9242903539e+00  8.1003673007e-01 -2.5664736749e+00 -5.2280970038e+00 -7.9730816837e-01
ENERGY -7.091539005664e+02

JOB 4
COORDS -6.8349848674e-01 -1.1905405280e+00  9.4122944107e-01 -4.4466029636e+00 -3.2372811586e-01  3.5007735833e+00 -3.4518436562e+00  1.7911064169e+00  3.0456952465e+00 -5.6301467914e+00  5.2984212900e-02  2.8864308756e+00 -4.7090701974e+00  2.3046291145e+00  2.7148241624e+00 -3.2319417316e+00  3.9704733423e-01  3.2829813171e+00 -5.7513074300e+00  1.4028069940e+00  2.5201468243e+00 -2.0993947482e+00 -1.4307103614e-02  2.4626113310e+00 -2.7914771383e+00 -2.2924390560e+00  1.6100541970e+00 -1.8907267859e+00 -1.1521220905e+00  1.7273927893e+00 -2.9773177956e+00 -5.4395167876e+00  2.0744561534e-01  3.0260456749e-01 -1.1901377751e+00  3.1997194890e-01 -2.4177049850e+00 -3.3411092926e+00  9.6330616057e-01 -3.4353253394e+00 -4.2903894429e+00  9.3259212738e-01 -6.9132072851e+00  1.8380270393e+00  1.9900993197e+00 -4.3738009429e+00 -1.3523847351e+00  3.8486304416e+00 -2.5901097527e+00  2.4473380095e+00  2.9465157089e+00 -6.4959215525e+00 -6.0108083044e-01  2.8643049966e+00 -4.8498873432e+00  3.3558017218e+00  2.4838347872e+00 -1.3223698389e+00  7.4072954233e-01  2.3740998173e+00 -3.7858558953e+00 -2.2383236185e+00  2.0473333082e+00 -3.8142123487e+00 -6.1404231693e+00  2.1703931483e-01 -2.1066306223e+00 -5.8835273591e+00  7.0007293962e-01 -2.7226687496e+00 -5.1685441124e+00 -8.2179782544e-01
ENERGY -7.091373377627e+02

JOB 5
COORDS -7.9110042386e-01 -1.0863644787e+00  8.5701143169e-01 -4.4655274027e+00 -3.2112119939e-01  3.5782243412e+00 -3.4295226946e+00  1.7561806689e+00  3.1416860619e+00 -5.5702920175e+00 -3.7796952837e-04  2.8106021476e+00 -4.6526252041e+00  2.2538775823e+00  2.6788399073e+00 -3.2108350053e+00  3.5793128212e-01  3.4152196930e+00 -5.6569902734e+00  1.3369994104e+00  2.3817284874e+00 -2.1129132433e+00 -4.4705072034e-03  2.5250437007e+00 -2.7816120177e+00 -2.2938644875e+00  1.6923420561e+00 -1.9244422110e+00 -1.1172871067e+00  1.7450651574e+00 -3.0094981856e+00 -5.4013712453e+00  2.1126018780e-01  1.3512750184e-01 -1.0278135041e+00  1.5169676099e-01 -2.4524779821e+00 -3.2985099270e+00  9.5730822763e-01 -3.4182030252e+00 -4.3001826980e+00  1.0329436807e+00 -6.7461338604e+00  1.7416895596e+00  1.6993554938e+00 -4.4314642881e+00 -1.3346641195e+00  3.9777381336e+00 -2.5683203749e+00  2.4192829666e+00  3.0936082530e+00 -6.4276285925e+00 -6.6133187239e-01  2.7359815147e+00 -4.7725345648e+00  3.2986000498e+00  2.4100109779e+00 -1.3576624505e+00  7.6893616326e-01  2.4187696355e+00 -3.7034813374e+00 -2.3115636855e+00  2.2691169816e+00 -3.8015054501e+00 -6.1463071061e+00  3.0989413964e-01 -2.0581775756e+00 -5.8125028683e+00  5.6340919388e-01 -2.9133858712e+00 -5.0879061862e+00 -8.3294226682e-01
ENERGY -7.091178325488e+02

JOB 6
COORDS -6.1769505705e-01 -1.3563823654e+00  1.6807271197e+00 -4.9284424496e+00  3.2482318749e-01  1.3927205137e+00 -3.5596585072e+00  1.9755688563e+00  2.3861843893e+00 -5.6092515357e+00  9.3442015987e-02  2.5741382940e+00 -4.4444202330e+00  2.0381768391e+00  3.4682284910e+00 -3.6337877409e+00  9.4544990500e-01  1.3802960198e+00 -5.3633706377e+00  1.0034317641e+00  3.6185889595e+00 -2.3322007705e+00  2.8989661826e-01  1.4566836780e+00 -2.9087801269e+00 -2.1563301136e+00  1.2010318357e+00 -1.9987576607e+00 -1.0403324677e+00  1.4220108761e+00 -2.9398855853e+00 -5.5876314856e+00  8.4189449852e-01  5.0717451017e-01 -1.5760868357e+00  1.8933111048e+00 -2.4518372485e+00 -3.3573604982e+00  1.1198564107e+00 -3.4908905650e+00 -4.2676414842e+00  9.3579905662e-01 -6.0523698227e+00  8.8774722853e-01  4.7708108476e+00 -5.1708517975e+00 -3.3113141544e-01  5.5649678503e-01 -2.6716266858e+00  2.6028532544e+00  2.4274878760e+00 -6.4465565654e+00 -5.9469538418e-01  2.6269920147e+00 -4.3250855184e+00  2.7779619677e+00  4.2534051891e+00 -1.5050338263e+00  9.7088262355e-01  1.6353631928e+00 -3.9764562000e+00 -1.9668663689e+00  1.1168267989e+00 -3.7963227823e+00 -6.2500343094e+00  7.0159981210e-01 -2.4067723645e+00 -5.8487584320e+00  1.7613875401e+00 -2.2609099941e+00 -5.6617414473e+00 -1.3420144391e-02
ENERGY -7.091178260881e+02

JOB 7
COORDS -5.6106865548e-01 -1.3966278835e+00  1.5214797783e+00 -4.8785556993e+00  2.8276527799e-01  1.4431458530e+00 -3.5367543368e+00  1.9528436160e+00  2.4812258118e+00 -5.6859399494e+00  1.7248262369e-01  2.5634027728e+00 -4.5029612774e+00  2.0966170207e+00  3.4811545217e+00 -3.5937750725e+00  9.0637165806e-01  1.5065072088e+00 -5.4951308667e+00  1.1251148482e+00  3.5764532845e+00 -2.2939568217e+00  2.4713331866e-01  1.4925990319e+00 -2.8831359185e+00 -2.2019114974e+00  1.2692907918e+00 -1.9620450458e+00 -1.0797511009e+00  1.4042074140e+00 -2.9097140536e+00 -5.6226177497e+00  8.1767629660e-01  5.7899266452e-01 -1.6187117407e+00  1.6179292927e+00 -2.4246665274e+00 -3.3906723130e+00  1.0843099460e+00 -3.4628589558e+00 -4.3162365362e+00  1.0261135457e+00 -6.3071150306e+00  1.1106582714e+00  4.6537633400e+00 -5.0627681567e+00 -4.0945753704e-01  6.2351359582e-01 -2.6298615804e+00  2.5483364477e+00  2.5593818527e+00 -6.5511461598e+00 -4.8242502436e-01  2.5825075325e+00 -4.4168507423e+00  2.8614986666e+00  4.2464925691e+00 -1.4557090538e+00  9.2331373629e-01  1.6406072690e+00 -3.9537425655e+00 -2.0299222951e+00  1.3545664991e+00 -3.7668421792e+00 -6.2978111526e+00  7.8293981847e-01 -2.2462835349e+00 -5.8958076760e+00  1.6440245609e+00 -2.3594959555e+00 -5.6612258162e+00 -1.2768045879e-01
ENERGY -7.091373377747e+02

JOB 8
COORDS -5.1896210635e-01 -1.4037461456e+00  1.3516887785e+00 -4.8361327661e+00  2.4055196793e-01  1.4973034669e+00 -3.5180782425e+00  1.9081643396e+00  2.6018183995e+00 -5.7623554019e+00  2.4163655516e-01  2.5304939884e+00 -4.5513586608e+00  2.1147729326e+00  3.5183140687e+00 -3.5647212214e+00  8.6416519302e-01  1.6335230483e+00 -5.6123762338e+00  1.2135351306e+00  3.5270987404e+00 -2.2589842597e+00  2.2457555705e-01  1.5208886200e+00 -2.8501755529e+00 -2.2252938577e+00  1.3314516674e+00 -1.9271661703e+00 -1.0960407831e+00  1.3792904659e+00 -2.8949294210e+00 -5.6359620021e+00  8.0848253557e-01  6.2627757853e-01 -1.6181344572e+00  1.3304031067e+00 -2.4072526660e+00 -3.4025324644e+00  1.0575639927e+00 -3.4315736425e+00 -4.3419118646e+00  1.1158606701e+00 -6.5320850540e+00  1.2875231773e+00  4.5135785685e+00 -4.9832057980e+00 -4.7112418442e-01  6.8861090041e-01 -2.5974641533e+00  2.4731027245e+00  2.7271812186e+00 -6.6571798056e+00 -3.7150336457e-01  2.4955044204e+00 -4.4906524510e+00  2.8872835341e+00  4.2784224028e+00 -1.4173024048e+00  9.0553622155e-01  1.6237562676e+00 -3.9008032366e+00 -2.0684651635e+00  1.5675003421e+00 -3.7412102242e+00 -6.3225403967e+00  8.7211704184e-01 -2.1254906840e+00 -5.9154493808e+00  1.5346417734e+00 -2.4735632283e+00 -5.6475820246e+00 -2.0154515820e-01
ENERGY -7.091539003575e+02

JOB 9
COORDS -4.9694722171e-01 -1.3941683796e+00  1.1527822834e+00 -4.7838672057e+00  2.0180086865e-01  1.5410286982e+00 -3.5098834466e+00  1.8543432712e+00  2.7406901256e+00 -5.8156400249e+00  2.9159673089e-01  2.4680402245e+00 -4.6058235448e+00  2.1025846251e+00  3.5679567555e+00 -3.5301428505e+00  8.2297306089e-01  1.7674546915e+00 -5.7138465628e+00  1.2653167426e+00  3.4650447358e+00 -2.2224462822e+00  2.1646269423e-01  1.5437685251e+00 -2.8100984839e+00 -2.2331306107e+00  1.4020349944e+00 -1.8942310477e+00 -1.0964939477e+00  1.3480202810e+00 -2.9053671091e+00 -5.6333627052e+00  8.2066386911e-01  6.3850810087e-01 -1.6020351409e+00  9.9408323406e-01 -2.4050973690e+00 -3.3993784477e+00  1.0386353738e+00 -3.4023727409e+00 -4.3499714951e+00  1.2251716303e+00 -6.7286606789e+00  1.4069559048e+00  4.3470728824e+00 -4.8796206181e+00 -5.1540010367e-01  7.3077993082e-01 -2.5838645554e+00  2.3937640657e+00  2.9239121576e+00 -6.7305862281e+00 -2.8233664168e-01  2.3604965194e+00 -4.5792501897e+00  2.8725825771e+00  4.3325671990e+00 -1.3831565356e+00  9.0745312358e-01  1.5885222891e+00 -3.8145488912e+00 -2.0891748739e+00  1.7969413944e+00 -3.7295504536e+00 -6.3287833334e+00  9.8989193194e-01 -2.0394545701e+00 -5.9182930933e+00  1.4259575086e+00 -2.6305801102e+00 -5.6228378244e+00 -2.3864074483e-01
ENERGY -7.091673245883e+02

JOB 10
COORDS -5.0357067844e-01 -1.3834977625e+00  9.9173106355e-01 -4.7535518698e+00  1.6561303388e-01  1.6111766919e+00 -3.5001108641e+00  1.8033494154e+00  2.8675674575e+00 -5.8659780075e+00  3.7488555289e-01  2.4213964848e+00 -4.6397722839e+00  2.1204293430e+00  3.6057874337e+00 -3.5087241392e+00  7.6692247877e-01  1.9058770590e+00 -5.7907070588e+00  1.3626180073e+00  3.4037818996e+00 -2.2058272913e+00  1.9751541171e-01  1.5741142135e+00 -2.7748944680e+00 -2.2527961474e+00  1.4509772990e+00 -1.8783889884e+00 -1.1052411555e+00  1.3261415662e+00 -2.8884220740e+00 -5.6434713684e+00  8.1712752983e-01  6.1346550956e-01 -1.5762352224e+00  7.2260938438e-01 -2.3964569440e+00 -3.4070223951e+00  1.0262276534e+00 -3.3584473579e+00 -4.3736911371e+00  1.2917798359e+00 -6.8763300441e+00  1.6017468931e+00  4.1749212798e+00 -4.8197702667e+00 -5.6473308854e-01  8.1076400564e-01 -2.5664330847e+00  2.3119826656e+00  3.0939497911e+00 -6.8026418617e+00 -1.4572031038e-01  2.2484723121e+00 -4.6316141406e+00  2.8999987534e+00  4.3610586342e+00 -1.3778334219e+00  9.0350342474e-01  1.5628991012e+00 -3.7356610464e+00 -2.1256038754e+00  1.9484530111e+00 -3.6840583148e+00 -6.3524534144e+00  1.0531901756e+00 -1.9642976102e+00 -5.9269632586e+00  1.3298599111e+00 -2.7186989064e+00 -5.6108928617e+00 -2.6351368184e-01
ENERGY -7.091773235302e+02

JOB 11
COORDS -5.2329617353e-01 -1.3800901332e+00  8.5672235808e-01 -4.7338039053e+00  1.1117032566e-01  1.7013689082e+00 -3.4888417701e+00  1.7372126772e+00  2.9892149126e+00 -5.9019168212e+00  4.5811745757e-01  2.3770712679e+00 -4.6579062153e+00  2.1406045907e+00  3.6318017935e+00 -3.4917660115e+00  6.8236612596e-01  2.0516048579e+00 -5.8414589349e+00  1.4696228985e+00  3.3336204721e+00 -2.1981635543e+00  1.5531267407e-01  1.6214319491e+00 -2.7341343592e+00 -2.2969700610e+00  1.4963596243e+00 -1.8668951076e+00 -1.1335456496e+00  1.3183173613e+00 -2.8506728904e+00 -5.6776585654e+00  8.1111943802e-01  5.6796459366e-01 -1.5477824293e+00  4.8488102745e-01 -2.3759323821e+00 -3.4376367397e+00  1.0206180512e+00 -3.2989737047e+00 -4.4232916970e+00  1.3446733354e+00 -6.9754306692e+00  1.8241519412e+00  3.9819817321e+00 -4.7825500955e+00 -6.3900051207e-01  9.1897001711e-01 -2.5478692981e+00  2.2132082411e+00  3.2527761458e+00 -6.8555148496e+00 -2.2338659279e-03  2.1380651835e+00 -4.6593190112e+00  2.9390135947e+00  4.3671856729e+00 -1.3907445319e+00  8.8225435346e-01  1.5625015260e+00 -3.6524824463e+00 -2.1920388965e+00  2.0735860240e+00 -3.6148204188e+00 -6.4025575599e+00  1.0973595892e+00 -1.8845329244e+00 -5.9552397724e+00  1.2432327570e+00 -2.7687308074e+00 -5.6241590083e+00 -2.7883253844e-01
ENERGY -7.091835670148e+02

JOB 12
COORDS -5.7319527867e-01 -1.3597841010e+00  7.2139461475e-01 -4.7415176978e+00  5.2162205522e-02  1.8062150390e+00 -3.4889615774e+00  1.6694977478e+00  3.1002493626e+00 -5.9333292483e+00  5.4190537484e-01  2.3382097313e+00 -4.6704225034e+00  2.1644942193e+00  3.6481491823e+00 -3.4960272991e+00  5.8909640516e-01  2.1938967517e+00 -5.8754411245e+00  1.5832222107e+00  3.2608932576e+00 -2.2173158906e+00  1.1171620214e-01  1.6663667951e+00 -2.7023129122e+00 -2.3443042810e+00  1.5234383016e+00 -1.8761509156e+00 -1.1583218189e+00  1.3042674176e+00 -2.7958581580e+00 -5.7142236518e+00  7.8232016510e-01  4.8460958303e-01 -1.4907269960e+00  2.5127600304e-01 -2.3555070067e+00 -3.4680521298e+00  1.0011843743e+00 -3.2319097187e+00 -4.4795920949e+00  1.3697312382e+00 -7.0299512838e+00  2.0606078186e+00  3.7822208367e+00 -4.7856076597e+00 -7.2360920589e-01  1.0492308959e+00 -2.5408964245e+00  2.1135187328e+00  3.3926370076e+00 -6.8963696962e+00  1.4175769495e-01  2.0367941109e+00 -4.6703031371e+00  2.9861248801e+00  4.3574680601e+00 -1.4411769860e+00  8.6693821678e-01  1.5639611362e+00 -3.5786469652e+00 -2.2696877144e+00  2.1673375759e+00 -3.5234415186e+00 -6.4605136055e+00  1.1062803574e+00 -1.7967179027e+00 -5.9782935665e+00  1.1416965840e+00 -2.7905225739e+00 -5.6392614410e+00 -3.0939599062e-01
ENERGY -7.091857983793e+02

