JOB 0
COORDS  1.3788632731e+00 -5.8799286242e-01  5.1160639777e-01 -1.1038384936e+00 -1.6103638737e-01  9.9869900349e-01 -5.4955146675e-01  1.1390704333e+00  4.6579680970e-01  3.9608601411e-02 -1.6531953914e-01  4.7323601162e-03  1.8973214143e+00 -1.1740662224e-01  1.5077508669e+00  1.9230979765e+00 -1.5912855019e+00 -2.1078199646e-01 -2.5633576731e-01 -5.8120163800e-01 -1.2737289740e+00 -8.7780514959e-01 -4.4469909061e-01  2.0210240724e+00 -2.0533950860e+00 -5.0634864026e-01  6.0228290515e-01 -1.1379282083e+00  1.6678311117e+00 -2.7696888655e-01  6.5863138580e-02  1.7479149268e+00  1.1190385119e+00  2.7745698250e+00 -1.8010667954e+00  2.1954656459e-01
ENERGY -4.057821331296e+02

JOB 1
COORDS  1.4949094622e+00 -3.3903609509e-01  5.3946454694e-01 -1.0746156345e+00 -5.0951546509e-01  4.5977677605e-01 -7.4403699270e-01  8.7497118117e-01  9.6540762434e-01  1.9641735190e-01  1.7640093428e-01  1.5529318996e-02  1.6439418989e+00 -7.2937049685e-01  1.6834603844e+00  2.4781719806e+00 -3.4388577852e-01 -3.8609692369e-01  2.3350060389e-01  6.3751889023e-01 -1.2809398713e+00 -9.7041656489e-01 -1.3494985926e+00  1.1379596478e+00 -1.8381707002e+00 -5.9738241610e-01 -3.0635014300e-01 -1.2896685537e+00  1.7101601755e+00  5.3839114299e-01 -4.1052042826e-01  9.8724349417e-01  1.9912404113e+00  3.2674023880e+00 -7.0280807108e-01  6.3990643294e-02
ENERGY -4.057828863106e+02

JOB 2
COORDS  1.4839905515e+00 -4.0226195735e-01  5.1503477204e-01 -1.1019090675e+00 -4.9923400740e-01  4.8067082822e-01 -7.0547403936e-01  8.8597663264e-01  9.4124400907e-01  1.8400400063e-01  1.1371011198e-01 -5.5250327210e-03  1.6018137284e+00 -9.3517297587e-01  1.6037266131e+00  2.5171857279e+00 -1.8520796976e-01 -3.2675363746e-01  2.1528045816e-01  5.4716011842e-01 -1.3126334528e+00 -1.0177161225e+00 -1.3220079621e+00  1.1821688146e+00 -1.8854347538e+00 -5.7563777944e-01 -2.6610295012e-01 -1.2194504494e+00  1.7322553596e+00  4.9708814536e-01 -3.5321319483e-01  1.0135600748e+00  1.9591490458e+00  3.3069409568e+00 -5.4744825711e-01  1.1974027940e-01
ENERGY -4.057827213538e+02

JOB 3
COORDS  1.4677464457e+00 -4.6565529334e-01  4.9518818992e-01 -1.1297494883e+00 -4.8980960677e-01  5.1562299395e-01 -6.7112629167e-01  8.9542331740e-01  9.2859539895e-01  1.6274377585e-01  5.5759454179e-02 -1.2521149428e-02  1.5736717314e+00 -1.1453887033e+00  1.4995010266e+00  2.5224261842e+00 -3.5430516247e-02 -2.3080727304e-01  1.8531412397e-01  4.6138274743e-01 -1.3302040588e+00 -1.0615994694e+00 -1.2946888605e+00  1.2392602500e+00 -1.9352302633e+00 -5.5563659804e-01 -2.0829870453e-01 -1.1591919865e+00  1.7482577995e+00  4.6792958494e-01 -2.9905784699e-01  1.0408827280e+00  1.9372286658e+00  3.3159134698e+00 -4.0758334073e-01  2.0059456527e-01
ENERGY -4.057816444673e+02

JOB 4
COORDS  1.4555076680e+00 -5.2127413222e-01  4.4762095155e-01 -1.1485798720e+00 -4.7958011635e-01  5.4147166297e-01 -6.3652075225e-01  9.0703733990e-01  9.0283784923e-01  1.4002754986e-01  1.1492572732e-02 -3.1712245667e-02  1.5725954711e+00 -1.3535731158e+00  1.3269067889e+00  2.5038540369e+00  1.0631750592e-01 -1.3024993902e-01  1.4479439289e-01  3.8465830313e-01 -1.3612364731e+00 -1.0865845008e+00 -1.2662171961e+00  1.2855653593e+00 -1.9787041741e+00 -5.3969900981e-01 -1.5447469942e-01 -1.1113508126e+00  1.7606591691e+00  4.2976057715e-01 -2.3984221070e-01  1.0738311861e+00  1.8990473537e+00  3.3068785111e+00 -2.8733394292e-01  2.6264730758e-01
ENERGY -4.057797529685e+02

JOB 5
COORDS  1.4608457790e+00 -5.5518558518e-01  4.1292769751e-01 -1.1468830253e+00 -4.6883446524e-01  5.7460641847e-01 -6.0748830322e-01  9.2838258428e-01  8.7239005766e-01  1.3226212539e-01 -1.3559911470e-02 -3.7153113264e-02  1.6048053446e+00 -1.5346292744e+00  1.1175028700e+00  2.4833235332e+00  2.4046747135e-01  2.4041860180e-02  1.2155390557e-01  3.0829520427e-01 -1.3827164327e+00 -1.0823200038e+00 -1.2286402788e+00  1.3461826488e+00 -1.9953217426e+00 -5.4283143647e-01 -9.7531195912e-02 -1.0856852831e+00  1.7681677533e+00  3.7810987013e-01 -1.9282135218e-01  1.1326806673e+00  1.8545539776e+00  3.3007676280e+00 -1.7809085667e-01  3.5705627157e-01
ENERGY -4.057773561875e+02

JOB 6
COORDS  1.4512658849e+00 -6.0144624371e-01  3.6959639774e-01 -1.1540528301e+00 -4.5706751920e-01  6.1113649044e-01 -5.9393625531e-01  9.4966483613e-01  8.4070893068e-01  1.1387677918e-01 -3.2964235848e-02 -3.9992262967e-02  1.6248948511e+00 -1.7075143123e+00  8.3822972640e-01  2.4435813758e+00  3.0493318363e-01  2.0877973278e-01  8.1378431500e-02  2.2762448371e-01 -1.4015935299e+00 -1.0848154433e+00 -1.1871286959e+00  1.4109418216e+00 -2.0191249160e+00 -5.4911951060e-01 -3.7283237683e-02 -1.0824348563e+00  1.7730071786e+00  3.2908486527e-01 -1.5758154405e-01  1.1905393250e+00  1.8052263261e+00  3.2739890500e+00 -1.4265885288e-01  4.6334324576e-01
ENERGY -4.057750260999e+02

JOB 7
COORDS  1.4669534841e+00 -6.1575033616e-01  3.3547629940e-01 -1.1291379352e+00 -4.4249595109e-01  6.6314747451e-01 -5.7257139284e-01  9.7801738491e-01  8.0838051592e-01  1.1853753712e-01 -3.8074224401e-02 -3.9502681681e-02  1.6860570865e+00 -1.7901790201e+00  5.4371759693e-01  2.4148828139e+00  3.4755603060e-01  4.2607563808e-01  4.9634820798e-02  1.4208744064e-01 -1.4139773223e+00 -1.0405165711e+00 -1.1326636213e+00  1.4961484733e+00 -2.0095906437e+00 -5.7084910469e-01  4.1847418747e-02 -1.0881884236e+00  1.7724072220e+00  2.7791653639e-01 -1.0899107639e-01  1.2687054501e+00  1.7461043670e+00  3.2571377150e+00 -1.0772816538e-01  6.2260473816e-01
ENERGY -4.057734025686e+02

JOB 8
COORDS  1.4822281515e+00 -5.9195106621e-01  2.6783655737e-01 -1.0898353297e+00 -4.2399294325e-01  6.9583243441e-01 -5.6244968706e-01  1.0103191498e+00  7.6119051944e-01  1.2233454219e-01 -1.8659197447e-02 -7.4891488661e-02  1.7648105049e+00 -1.7689530177e+00  2.0650785941e-01  2.3653174553e+00  3.6835579034e-01  6.3649416494e-01 -7.8963224548e-03  8.8314177849e-02 -1.4504342157e+00 -9.5795289842e-01 -1.0774351958e+00  1.5526952139e+00 -1.9883327416e+00 -5.9879188899e-01  1.1249038396e-01 -1.1219297695e+00  1.7707742545e+00  2.2552941024e-01 -6.4315866690e-02  1.3490158685e+00  1.6641377184e+00  3.2139713360e+00 -8.6106682387e-02  8.0672307644e-01
ENERGY -4.057729239226e+02

JOB 9
COORDS  1.5001156120e+00 -5.5298669138e-01  2.2544587208e-01 -1.0375153976e+00 -4.0225557855e-01  7.4841041960e-01 -5.5689654573e-01  1.0432704940e+00  7.2658759505e-01  1.3314349568e-01  5.1195020473e-03 -9.7427251536e-02  1.8657001581e+00 -1.6688962737e+00 -7.2860753195e-02  2.2914377699e+00  3.4394640231e-01  8.6710134672e-01 -6.7041921249e-02  3.1576224112e-02 -1.4643724439e+00 -8.5186577926e-01 -1.0096119835e+00  1.6290035504e+00 -1.9486510150e+00 -6.3573908548e-01  2.0648392602e-01 -1.1628326823e+00  1.7603095040e+00  1.8172183208e-01 -3.0173089333e-02  1.4375602532e+00  1.5892709028e+00  3.1404476664e+00 -1.1020975667e-01  1.0356811905e+00
ENERGY -4.057738241139e+02

JOB 10
COORDS  1.5076703372e+00 -5.3914050267e-01  1.6287527181e-01 -9.8763129850e-01 -3.8961581170e-01  7.8556939514e-01 -5.4842726563e-01  1.0572399303e+00  6.7254465558e-01  1.3786618739e-01  3.2372622461e-03 -1.4171504735e-01  1.9666963250e+00 -1.5476009282e+00 -3.2681282564e-01  2.1902168298e+00  2.3910178698e-01  1.0441499583e+00 -1.3534417917e-01 -4.5902705923e-02 -1.4903454250e+00 -7.4361548893e-01 -9.4756195850e-01  1.6843280452e+00 -1.9119660007e+00 -6.7694010684e-01  2.9418490284e-01 -1.1943068987e+00  1.7307540603e+00  1.1809109304e-01  6.4397239218e-03  1.5059006094e+00  1.4890433648e+00  3.0374676548e+00 -2.1819243019e-01  1.2111865722e+00
ENERGY -4.057759242585e+02

JOB 11
COORDS  1.5128946197e+00 -5.1196411971e-01  1.1610604192e-01 -9.5781377946e-01 -3.6874396944e-01  8.2576422288e-01 -5.4326963099e-01  1.0736447689e+00  6.4114962512e-01  1.3238694329e-01 -1.4694422662e-03 -1.6114407478e-01  2.0691983230e+00 -1.3779710282e+00 -5.2251724441e-01  2.0841936215e+00  1.1379566554e-01  1.1821881760e+00 -1.9568599961e-01 -1.0188521136e-01 -1.4914603450e+00 -6.7076143513e-01 -8.8639264904e-01  1.7354255832e+00 -1.8917796430e+00 -6.8993550954e-01  3.7549539070e-01 -1.2130100084e+00  1.7158407585e+00  7.7991291332e-02  3.3562095160e-02  1.5593890359e+00  1.4198238353e+00  2.9446312115e+00 -3.2604545334e-01  1.3239805136e+00
ENERGY -4.057783650338e+02

JOB 12
COORDS  1.5269627929e+00 -4.8062542906e-01  8.8710120933e-02 -9.4221985598e-01 -3.5162260965e-01  8.5688204080e-01 -5.3539616059e-01  1.0822237067e+00  6.0974749797e-01  1.2715724322e-01 -2.4579072704e-02 -1.6645471299e-01  2.1805042748e+00 -1.1759053540e+00 -6.5716936716e-01  1.9954362312e+00 -2.1882654306e-02  1.2842453268e+00 -2.3029941915e-01 -1.6609033147e-01 -1.4840449850e+00 -6.3177040385e-01 -8.3382529414e-01  1.7776924172e+00 -1.8845012625e+00 -6.8959269275e-01  4.3746397459e-01 -1.2146432099e+00  1.7005408193e+00  3.1548394584e-02  5.6690717812e-02  1.5969979949e+00  1.3576262266e+00  2.8858277205e+00 -4.0823642818e-01  1.3895081002e+00
ENERGY -4.057803149750e+02

JOB 13
COORDS  1.4390512854e+00 -7.1572672401e-01  1.1798756627e-01 -1.1138219663e+00 -4.3841565913e-01  5.8626970662e-01 -4.8068870788e-01  9.0133261943e-01  8.8675803731e-01  1.4529139513e-01 -1.5202077119e-02 -1.3542405907e-01  2.2448894626e+00 -1.0258295221e+00 -7.3123461615e-01  1.6137421531e+00 -9.7679336953e-01  1.4457534424e+00  3.3709567532e-03  3.4184686344e-01 -1.4528604546e+00 -1.0326982737e+00 -1.2328983778e+00  1.3198008304e+00 -2.0079594700e+00 -4.4506528573e-01 -2.8849252054e-02 -9.5738261587e-01  1.7843229995e+00  4.7328916382e-01  4.0392400625e-02  1.0359264732e+00  1.8278181460e+00  2.4668337669e+00 -1.4456952770e+00  1.5166573147e+00
ENERGY -4.057813104940e+02

JOB 14
COORDS  1.4547007570e+00 -6.8593783155e-01  1.2343197759e-01 -1.1170781374e+00 -4.3279595683e-01  6.2140128377e-01 -4.6914263543e-01  9.1359091656e-01  8.6365002565e-01  1.2861678233e-01 -5.0436601931e-02 -1.3530417697e-01  2.3505661131e+00 -7.9094341737e-01 -6.8448962617e-01  1.5466653232e+00 -1.1419121076e+00  1.4058647023e+00 -3.2956310232e-02  2.7293670659e-01 -1.4601758513e+00 -1.0290328444e+00 -1.2002099308e+00  1.3820493949e+00 -2.0233136064e+00 -4.5249583165e-01  2.4644300620e-02 -9.4138076568e-01  1.7866415757e+00  4.2487186783e-01  6.7209491840e-02  1.0757975499e+00  1.7921299068e+00  2.4443865307e+00 -1.5147095224e+00  1.4945176641e+00
ENERGY -4.057811927443e+02

JOB 15
COORDS  1.4652504626e+00 -6.6957263195e-01  1.5434587098e-01 -1.1249947757e+00 -4.2299550487e-01  6.4613448696e-01 -4.6595804390e-01  9.3194629083e-01  8.2441292545e-01  1.1701992213e-01 -8.7284627250e-02 -1.2767846997e-01  2.4276975178e+00 -5.8174851460e-01 -5.7513431111e-01  1.4905444370e+00 -1.3209295791e+00  1.3513516557e+00 -4.4564424063e-02  1.8563435469e-01 -1.4658438318e+00 -1.0416044539e+00 -1.1533271561e+00  1.4427572461e+00 -2.0350280750e+00 -4.6173089080e-01  5.6200366040e-02 -9.3044435130e-01  1.7879988500e+00  3.4576103348e-01  7.0051329785e-02  1.1339005907e+00  1.7458272272e+00  2.4123338874e+00 -1.6169905877e+00  1.4778322295e+00
ENERGY -4.057799649868e+02

JOB 16
COORDS  1.4748267307e+00 -6.3636484850e-01  1.6225084789e-01 -1.1233655521e+00 -4.0896185642e-01  6.7274734692e-01 -4.7024783188e-01  9.6110933336e-01  7.8383670398e-01  1.0452723800e-01 -9.7520730913e-02 -1.2432591501e-01  2.4694796853e+00 -3.5595416965e-01 -4.6884195333e-01  1.4768993760e+00 -1.4907873275e+00  1.2218480191e+00 -6.8938390713e-02  1.2102305292e-01 -1.4736909922e+00 -1.0270969723e+00 -1.1024536040e+00  1.5004010568e+00 -2.0426614282e+00 -4.7672617703e-01  1.0009963842e-01 -9.4626257745e-01  1.7920721371e+00  2.7327864011e-01  7.0398436812e-02  1.2106831666e+00  1.6912340920e+00  2.4099769619e+00 -1.7404862156e+00  1.3675104569e+00
ENERGY -4.057778931210e+02

JOB 17
COORDS  1.4849172752e+00 -6.0635208796e-01  2.0963232656e-01 -1.1198537780e+00 -3.8777029379e-01  7.1079945331e-01 -4.8609203928e-01  9.9988692115e-01  7.4436812872e-01  1.0119869474e-01 -9.7520297750e-02 -9.8573021172e-02  2.4989213940e+00 -1.6260301569e-01 -2.8194211964e-01  1.4731589823e+00 -1.6395216247e+00  1.0923637653e+00 -6.8544595905e-02  3.9255211354e-02 -1.4625038515e+00 -1.0122924272e+00 -1.0333351179e+00  1.5755763794e+00 -2.0416644321e+00 -5.0092144606e-01  1.4938602367e-01 -9.7882238835e-01  1.7931982083e+00  1.9134811362e-01  4.8443165695e-02  1.3117691664e+00  1.6363064396e+00  2.4086844464e+00 -1.8712122890e+00  1.2540777105e+00
ENERGY -4.057755506443e+02

JOB 18
COORDS  1.4846610584e+00 -5.7348418153e-01  2.5919956550e-01 -1.1181603279e+00 -3.6934472085e-01  7.5774277615e-01 -5.1764567007e-01  1.0365040741e+00  7.0874900795e-01  9.0827410844e-02 -8.8201897841e-02 -6.8880734484e-02  2.4981903100e+00  1.0868431168e-02 -5.5202063841e-02  1.4808231368e+00 -1.7566058099e+00  9.2382898377e-01 -7.8729327732e-02 -4.6083879462e-02 -1.4423960205e+00 -9.9205606113e-01 -9.6301778478e-01  1.6571331721e+00 -2.0419925898e+00 -5.3527844000e-01  2.1286260182e-01 -1.0397687902e+00  1.7845525730e+00  1.2062558450e-01  1.4131958854e-02  1.4136161423e+00  1.5768883183e+00  2.4174393217e+00 -1.9831642484e+00  1.0882402039e+00
ENERGY -4.057736984344e+02

JOB 19
COORDS  1.4852852825e+00 -5.7244436082e-01  3.1913849344e-01 -1.1069734414e+00 -3.4729368483e-01  7.9127568873e-01 -5.2665703404e-01  1.0627696314e+00  6.5862958481e-01  9.7251020985e-02 -9.1240707464e-02 -5.1419229838e-02  2.4884784683e+00  1.0329762527e-01  2.4149749475e-01  1.4859510004e+00 -1.8630349132e+00  7.3388874646e-01 -6.4598013860e-02 -1.5147536744e-01 -1.4267572342e+00 -9.7346912341e-01 -8.8728211721e-01  1.7233448323e+00 -2.0298497534e+00 -5.5705031177e-01  2.5977424989e-01 -1.0687833644e+00  1.7683806429e+00  3.7117823419e-02  7.3974008181e-03  1.4976021170e+00  1.4978640757e+00  2.4177902036e+00 -2.0947783782e+00  9.1742791453e-01
ENERGY -4.057729166982e+02

JOB 20
COORDS  1.4784268217e+00 -5.6031112677e-01  3.6781182659e-01 -1.0893508901e+00 -3.1899547458e-01  8.2645673902e-01 -5.3573175555e-01  1.0879087192e+00  6.0579827688e-01  1.0111761087e-01 -8.9045696052e-02 -4.9755920522e-02  2.4293685058e+00  1.6372815569e-01  5.7388529983e-01  1.5231858908e+00 -1.9068131788e+00  5.0938851377e-01 -7.4503870618e-02 -2.4919435187e-01 -1.4143408924e+00 -9.3734664642e-01 -8.0428352668e-01  1.7857044102e+00 -2.0135835582e+00 -5.7529685213e-01  3.1777682317e-01 -1.1035644264e+00  1.7498412742e+00 -4.0223777136e-02  1.0874365559e-02  1.5754602223e+00  1.4067952205e+00  2.4467747117e+00 -2.1330796638e+00  7.3538880669e-01
ENERGY -4.057734798241e+02

JOB 21
COORDS  1.4541625505e+00 -4.6667265913e-01  3.7620621545e-01 -1.0670947072e+00 -2.6874953297e-01  9.1010198794e-01 -5.9657653099e-01  1.1356599280e+00  5.5993888481e-01  6.8277983959e-02 -5.1310783803e-02 -5.1686088592e-02  2.2920152880e+00  2.7774933904e-01  8.4300571348e-01  1.6295028441e+00 -1.8037452513e+00  2.5741488018e-01 -1.7552808420e-01 -3.3125821697e-01 -1.3835130238e+00 -8.4232966283e-01 -6.7385932425e-01  1.8920351973e+00 -1.9982906639e+00 -6.0920659818e-01  4.6768306263e-01 -1.2292973413e+00  1.7220381652e+00 -9.8484954375e-02 -2.7381473713e-02  1.7010061671e+00  1.2904866585e+00  2.5478886080e+00 -1.9896786260e+00  5.3414867770e-01
ENERGY -4.057753888182e+02

JOB 22
COORDS  1.4320619023e+00 -4.9609006684e-01  4.2824404962e-01 -1.0625138836e+00 -2.3271594134e-01  9.4891340407e-01 -5.8647222706e-01  1.1432537604e+00  5.2609236058e-01  6.9539271604e-02 -7.4415715085e-02 -4.0890974692e-02  2.1518451727e+00  1.7434096566e-01  1.1424465952e+00  1.7214876297e+00 -1.7653109108e+00  6.0302584795e-02 -2.0003297972e-01 -4.1687858548e-01 -1.3494387362e+00 -8.2658582796e-01 -5.8944183967e-01  1.9465441428e+00 -1.9953757158e+00 -5.9479915707e-01  5.2785241344e-01 -1.2189112108e+00  1.7006121329e+00 -1.5723400405e-01 -3.4221078730e-03  1.7349850798e+00  1.2236034368e+00  2.6091641178e+00 -1.9597068938e+00  4.1865470139e-01
ENERGY -4.057780310086e+02

JOB 23
COORDS  1.4078163692e+00 -5.3689942712e-01  4.7764821742e-01 -1.0783553332e+00 -1.9657525023e-01  9.7631853755e-01 -5.7036267909e-01  1.1437598673e+00  4.9334805198e-01  6.1382650653e-02 -1.1483474272e-01 -1.9679074611e-02  2.0153837199e+00  3.9741978659e-02  1.3602105913e+00  1.8283979348e+00 -1.6910366638e+00 -8.6447221620e-02 -2.2058901430e-01 -5.0125414039e-01 -1.3113071485e+00 -8.4579274383e-01 -5.1256723388e-01  1.9879458247e+00 -2.0165522121e+00 -5.5874558498e-01  5.6775917901e-01 -1.1843657077e+00  1.6819206281e+00 -2.2140943632e-01  2.5508382983e-02  1.7497234059e+00  1.1671018936e+00  2.6911469267e+00 -1.8947295863e+00  3.2382415057e-01
ENERGY -4.057804561310e+02

