JOB 0
COORDS  1.4728839831e+00  1.1416023565e+00  2.6341210335e+00  5.7416181303e-01 -2.4041554286e+00  3.1377621444e+00  2.8494098984e+00  1.7812422174e+00  2.5691837298e+00 -4.7771680598e-01 -9.8476704386e-01  1.3351680748e+00 -1.2560828313e-01 -4.6117901898e+00  3.8948279783e+00 -1.8140978017e+00 -2.8240243535e+00  3.8002421267e+00  2.1441018485e-01 -9.7184836607e-01  2.7130388847e+00  1.4560621935e+00 -2.1917112777e-01  2.6786090343e+00 -4.2298271837e-01 -3.2112873800e+00  3.6063097347e+00  4.3947155957e-01  1.8169760661e+00  2.6476173625e+00  1.7385587907e+00 -2.8022297293e+00  3.0058575912e+00  2.9343629640e+00  2.3365004310e+00  1.6306628367e+00  2.9395768071e+00  2.5020122676e+00  3.3859661709e+00  3.6692058337e+00  1.0604452214e+00  2.6324824380e+00  1.7232826168e-01 -1.4634414423e+00  5.9661425720e-01 -1.4272086835e+00 -1.5273981694e+00  1.3638506001e+00 -6.7386753026e-01  4.4134416772e-02  1.0269273001e+00 -3.2749156052e-01 -4.8316568822e+00  4.9498945291e+00  9.2362694589e-01 -4.8036863580e+00  3.6794509030e+00 -7.5232974218e-01 -5.2657085383e+00  3.2761591818e+00 -2.4609358948e+00 -3.2943045511e+00  3.0482874713e+00 -1.9463415559e+00 -1.7463124377e+00  3.7434450339e+00 -2.1479963205e+00 -3.1527324889e+00  4.7908839859e+00 -4.4057456421e-01 -4.8452648535e-01  3.4392282649e+00  2.3043714391e+00 -7.7539475529e-01  2.6568189130e+00
ENERGY -5.352699368165e+02

JOB 1
COORDS  1.4611643260e+00  1.1194176554e+00  2.7059484886e+00  5.6581565890e-01 -2.3983139345e+00  3.0799715123e+00  2.8360271327e+00  1.7646284050e+00  2.6746286133e+00 -5.2331382686e-01 -1.0413725159e+00  1.2402921457e+00 -1.1611376837e-01 -4.5656469297e+00  3.9609383459e+00 -1.8069767975e+00 -2.7839103344e+00  3.8142760613e+00  1.9847912508e-01 -9.8573150895e-01  2.6004148105e+00  1.4348173112e+00 -2.2942369665e-01  2.5083438170e+00 -4.1960509473e-01 -3.1803694661e+00  3.6118064614e+00  4.3428020791e-01  1.7813288088e+00  2.8807334903e+00  1.7266765291e+00 -2.8036976831e+00  2.9385999236e+00  2.8777901626e+00  2.4615719109e+00  1.8326914147e+00  2.9702651247e+00  2.3472162201e+00  3.5896545882e+00  3.6536933747e+00  1.0447654172e+00  2.5808627981e+00  1.1264161631e-01 -1.5337213060e+00  4.9864874495e-01 -1.4696069220e+00 -1.5870532953e+00  1.3023207870e+00 -7.3150282412e-01 -2.1505524287e-02  9.0822461051e-01 -3.0050741833e-01 -4.7351107353e+00  5.0284050929e+00  9.2964295562e-01 -4.7670901203e+00  3.7374731871e+00 -7.5212761375e-01 -5.2485762418e+00  3.3844396782e+00 -2.4685674921e+00 -3.2955274361e+00  3.1031775659e+00 -1.9425518176e+00 -1.7111134760e+00  3.7012224217e+00 -2.1193275140e+00 -3.0578328701e+00  4.8283377036e+00 -4.3632701916e-01 -4.6601540737e-01  3.3214743627e+00  2.2843250604e+00 -7.8355895566e-01  2.4772147159e+00
ENERGY -5.352699784147e+02

JOB 2
COORDS  1.4634617528e+00  1.0916036344e+00  2.7907231007e+00  5.7045500546e-01 -2.3703384000e+00  3.0319474130e+00  2.8446748923e+00  1.7236722403e+00  2.7744945323e+00 -5.4894243262e-01 -1.1140913138e+00  1.1433213613e+00 -7.7126153844e-02 -4.5056131808e+00  4.0188693165e+00 -1.7829524156e+00 -2.7438343028e+00  3.8261273880e+00  1.7941201994e-01 -9.8391694804e-01  2.4935771242e+00  1.3992495567e+00 -2.0522519009e-01  2.3608274442e+00 -3.9704103135e-01 -3.1394322915e+00  3.6132574961e+00  4.6464718712e-01  1.7241160545e+00  3.1411752835e+00  1.7325505533e+00 -2.7700602052e+00  2.8855561523e+00  2.8403067839e+00  2.5597691990e+00  2.0695028643e+00  3.0534896955e+00  2.1323352377e+00  3.7666083244e+00  3.6399593467e+00  1.0273309938e+00  2.4952549968e+00  9.0219419536e-02 -1.6262211228e+00  4.1780273019e-01 -1.4836464031e+00 -1.6753702761e+00  1.2365730680e+00 -7.7977105670e-01 -1.1549064319e-01  7.6358680745e-01 -2.3939779278e-01 -4.6280404752e+00  5.0963409488e+00  9.6550129019e-01 -4.7103545731e+00  3.7840729852e+00 -7.1941593849e-01 -5.2178463412e+00  3.4864231540e+00 -2.4544930167e+00 -3.2881289767e+00  3.1493831982e+00 -1.9276747376e+00 -1.6772231219e+00  3.6726587834e+00 -2.0740867591e+00 -2.9778201128e+00  4.8563448283e+00 -4.5440293935e-01 -4.3923627246e-01  3.1958013821e+00  2.2468140260e+00 -7.5744112154e-01  2.2751811280e+00
ENERGY -5.352694715100e+02

JOB 3
COORDS  1.4361939318e+00  1.0314859887e+00  2.8640924787e+00  5.4410688122e-01 -2.3426841405e+00  2.9492645551e+00  2.8212422595e+00  1.6542891861e+00  2.8396563299e+00 -5.8423882256e-01 -1.1919293544e+00  1.0082934503e+00 -3.7887427863e-02 -4.4251975444e+00  4.0715823340e+00 -1.7820143928e+00 -2.7057295724e+00  3.8292274900e+00  1.2281101585e-01 -9.8506611383e-01  2.3587976472e+00  1.3179278586e+00 -1.6991010472e-01  2.2120873255e+00 -3.9475923834e-01 -3.0889348786e+00  3.6026499551e+00  4.8238260772e-01  1.5957013602e+00  3.4027465015e+00  1.7030632823e+00 -2.7404298300e+00  2.7755250794e+00  2.7684221683e+00  2.6071292965e+00  2.3055768184e+00  3.1243801440e+00  1.8705852894e+00  3.8674061688e+00  3.5762986888e+00  1.0217705810e+00  2.3653045904e+00  8.0098722188e-02 -1.7051643240e+00  3.0638887436e-01 -1.4945210535e+00 -1.7897369459e+00  1.1183164613e+00 -8.5401794643e-01 -2.1997076972e-01  5.8695495009e-01 -1.6715248251e-01 -4.4906914613e+00  5.1584444781e+00  1.0013226011e+00 -4.6242564672e+00  3.8171853822e+00 -6.8137597790e-01 -5.1768064856e+00  3.5978970716e+00 -2.4595259064e+00 -3.3120352689e+00  3.2137830961e+00 -1.9551615724e+00 -1.6568171794e+00  3.6020615582e+00 -2.0396699049e+00 -2.8687908731e+00  4.8818267993e+00 -5.2877860287e-01 -4.3111590578e-01  3.0351631232e+00  2.1613224197e+00 -7.0261607464e-01  2.0227498096e+00
ENERGY -5.352687574686e+02

JOB 4
COORDS  3.5593291635e-01  1.2360904531e-01  3.6706987865e+00 -6.2289219308e-02 -2.7157048616e+00  1.8727816786e+00  1.4065739245e+00  6.3589105033e-01  4.6399079310e+00  4.3139106369e-01 -9.1792208693e-01  1.8852025452e-01 -1.2287095268e+00 -4.7375487550e+00  2.5598493888e+00 -2.3842531826e+00 -2.5586168663e+00  2.8175107905e+00 -5.5948279102e-02 -1.1974633604e+00  1.6118790435e+00  8.2823637388e-01 -5.7859874777e-01  2.5979229799e+00 -1.1839098494e+00 -3.2864917528e+00  2.3996432188e+00 -8.4578584152e-01  3.4452571555e-01  3.8454443619e+00  9.6034007070e-01 -3.3598231021e+00  1.6080158066e+00  1.3088559978e+00  1.7218470216e+00  4.7180970121e+00  1.2045009356e+00  2.1608310120e-01  5.6291235616e+00  2.4308843382e+00  3.8879259894e-01  4.3479795145e+00  1.4210666142e+00 -1.3528694768e+00  2.7609686012e-02 -2.5284265456e-01 -1.3616525156e+00 -5.4186452835e-01  4.7410662546e-01  1.6152287180e-01  1.7375026576e-02 -1.3047334017e+00 -5.0045679182e+00  3.6208923164e+00 -3.1858610218e-01 -5.1680197076e+00  2.1459256219e+00 -2.1009052605e+00 -5.1449604627e+00  2.0347189133e+00 -3.1147721127e+00 -2.4791291250e+00  2.0014483370e+00 -2.1437059416e+00 -1.5647689715e+00  3.1951286297e+00 -2.8524238255e+00 -3.1141033537e+00  3.6349715030e+00 -1.0312165469e+00 -7.4122744795e-01  1.7579010106e+00  1.8016978072e+00 -8.5633269311e-01  2.5723991774e+00
ENERGY -5.352680528266e+02

JOB 5
COORDS  3.5854322248e-01  4.2717586708e-02  3.7665477305e+00 -1.0655725052e-02 -2.6536111104e+00  1.9861667846e+00  1.4204234459e+00  5.8567841115e-01  4.7058379361e+00  3.6710931327e-01 -9.3455318422e-01  2.0001977638e-01 -1.1188270638e+00 -4.7203135468e+00  2.6335945796e+00 -2.4162804039e+00 -2.5943142635e+00  2.6728205169e+00 -7.2587223803e-02 -1.1508048474e+00  1.6503704734e+00  8.1384592562e-01 -4.3646102879e-01  2.5669425937e+00 -1.1478051079e+00 -3.2784175013e+00  2.4023050575e+00 -8.3863867030e-01  6.1445861412e-02  4.0638714967e+00  1.0739596059e+00 -3.2355580797e+00  1.8562737090e+00  1.1646516391e+00  1.6164302559e+00  4.9643144671e+00  1.4023644914e+00  7.2442260871e-04  5.6296903539e+00  2.4294948237e+00  5.6123202762e-01  4.2858791475e+00  1.3697051349e+00 -1.3398367804e+00  3.8697004048e-02 -3.1611042150e-01 -1.4465472135e+00 -4.8502772480e-01  3.6361279654e-01  1.3355039353e-01 -3.5189972547e-02 -1.2460633909e+00 -4.9432516885e+00  3.7000786276e+00 -1.5958888641e-01 -5.1124519097e+00  2.2998442842e+00 -1.9287117042e+00 -5.2042498325e+00  2.0757353128e+00 -2.9902579681e+00 -2.4198751494e+00  1.7536147187e+00 -2.2535295307e+00 -1.6501390611e+00  3.1951201732e+00 -3.0146494253e+00 -3.2354851685e+00  3.3241131087e+00 -1.0639046798e+00 -7.3069234289e-01  1.7984086384e+00  1.7999139690e+00 -6.5456260720e-01  2.4824255017e+00
ENERGY -5.352682776660e+02

JOB 6
COORDS  3.5034375043e-01 -2.2439599402e-02  3.7862846628e+00 -1.2313641814e-01 -2.6000392690e+00  2.1248813822e+00  1.4544665036e+00  5.1671182646e-01  4.6766571355e+00  2.5080683157e-01 -1.0420433453e+00  1.9715997193e-01 -1.2586358464e+00 -4.6307284919e+00  2.8343158038e+00 -2.5716702190e+00 -2.5210090260e+00  2.5895769020e+00 -1.7718345295e-01 -1.1294088648e+00  1.6636306461e+00  7.2100379952e-01 -3.3612066326e-01  2.5015270907e+00 -1.2897030894e+00 -3.2205938504e+00  2.4548380877e+00 -8.0694710562e-01 -1.5569900455e-01  4.1889772112e+00  9.7795379961e-01 -3.1642650804e+00  2.1455373475e+00  1.0602146017e+00  1.3458663537e+00  5.2674483524e+00  1.7589687184e+00 -2.7334775468e-01  5.3708219701e+00  2.3330610588e+00  8.5045151156e-01  4.1180180836e+00  1.2487703581e+00 -1.4697151641e+00  6.3548776501e-02 -4.4247641479e-01 -1.6047985540e+00 -4.3559576470e-01  2.5607233580e-01  9.8732789693e-04 -1.3239523813e-01 -1.4946044692e+00 -4.7494939097e+00  3.8989627064e+00 -2.6091277297e-01 -5.0233469039e+00  2.6452844887e+00 -1.9923668648e+00 -5.1938418377e+00  2.2464749863e+00 -3.0004931297e+00 -2.2619708804e+00  1.6139712674e+00 -2.4637468599e+00 -1.6217474915e+00  3.2002809122e+00 -3.2724576783e+00 -3.1908650385e+00  3.0915002163e+00 -1.1685190222e+00 -6.9859384341e-01  1.7824283882e+00  1.7092923478e+00 -4.9793667615e-01  2.3414354214e+00
ENERGY -5.352680333295e+02

JOB 7
COORDS  3.6956137798e-01 -7.5571018319e-02  3.7633531621e+00 -1.4249776354e-01 -2.4955416135e+00  2.1478820771e+00  1.4850271841e+00  4.9927455957e-01  4.6144297880e+00  2.3909865136e-01 -1.0283679422e+00  1.4800710973e-01 -1.2412857392e+00 -4.5321488989e+00  2.8793722914e+00 -2.6140881459e+00 -2.5039321586e+00  2.4062268561e+00 -2.1797566139e-01 -1.0518299217e+00  1.6072592344e+00  6.3820816205e-01 -1.8561586316e-01  2.4178953878e+00 -1.3091107326e+00 -3.1707616791e+00  2.3526961061e+00 -7.1444624411e-01 -4.1493375973e-01  4.2393574347e+00  9.7353536027e-01 -2.9992069227e+00  2.3174163888e+00  1.0515853278e+00  1.1201039945e+00  5.4004550145e+00  2.0171517440e+00 -3.2998906984e-01  5.0925942615e+00  2.2029184345e+00  1.0867316053e+00  4.0353566238e+00  1.2483292926e+00 -1.4419015764e+00  5.7167423973e-02 -4.2909621467e-01 -1.6363091574e+00 -4.6911117366e-01  2.3199536466e-01 -4.2592303108e-03 -2.3711199451e-01 -1.4758980571e+00 -4.5480419688e+00  3.9514469221e+00 -2.3261784834e-01 -4.9155531472e+00  2.7349413932e+00 -1.9569909515e+00 -5.1701488179e+00  2.3505060166e+00 -2.9117801888e+00 -2.1167094520e+00  1.4261388653e+00 -2.6106420051e+00 -1.6920858046e+00  3.1395304738e+00 -3.3611147288e+00 -3.2411973758e+00  2.7054207315e+00 -1.2267093625e+00 -6.4956896555e-01  1.6808013020e+00  1.6219142550e+00 -2.1287556845e-01  2.1718754262e+00
ENERGY -5.352671180129e+02

JOB 8
COORDS  4.0009444325e-01 -1.9595605353e-01  3.7608471820e+00 -1.5483481422e-01 -2.4830983105e+00  2.1487078247e+00  1.5146401437e+00  4.2874222764e-01  4.5763448157e+00  3.4284909882e-01 -1.0678233201e+00  1.3595386066e-01 -1.2372359969e+00 -4.5035516769e+00  2.9203422562e+00 -2.6260790607e+00 -2.5058349828e+00  2.3874095344e+00 -2.2390958953e-01 -1.0581811495e+00  1.5557820370e+00  5.4610099116e-01 -1.3287669451e-01  2.3937223038e+00 -1.3206353779e+00 -3.1695641493e+00  2.3279619320e+00 -5.8518057123e-01 -7.1953586184e-01  4.2810022572e+00  9.5852939732e-01 -2.9729833575e+00  2.3620506860e+00  1.0906598431e+00  8.8784045416e-01  5.4709454134e+00  2.1954427283e+00 -3.6860291485e-01  4.8931056563e+00  2.0868245127e+00  1.1739905234e+00  4.0165004904e+00  1.3638683490e+00 -1.4613751151e+00  1.3856779044e-01 -2.6417035348e-01 -1.7087980227e+00 -5.0971282936e-01  3.4250078756e-01 -5.7137965764e-02 -2.8467746712e-01 -1.3811462834e+00 -4.4601312410e+00  4.0078574086e+00 -2.5253331633e-01 -4.9208864420e+00  2.7165630907e+00 -2.0077051502e+00 -5.1461745582e+00  2.4835802443e+00 -2.9128115158e+00 -2.0879055035e+00  1.4174589325e+00 -2.6319099681e+00 -1.7175289971e+00  3.1467327395e+00 -3.3767053865e+00 -3.2523595527e+00  2.6529956962e+00 -1.2498656126e+00 -6.9138735655e-01  1.5309607970e+00  1.4917493526e+00  4.0699471595e-02  2.0713549080e+00
ENERGY -5.352651404027e+02

JOB 9
COORDS  4.2484011716e-01 -2.9688989016e-01  3.7683508874e+00 -1.6816685238e-01 -2.5033540662e+00  2.1031821083e+00  1.5043844025e+00  4.4667527043e-01  4.5317292329e+00  4.9635758060e-01 -1.0749712920e+00  1.5314023844e-01 -1.2673252596e+00 -4.4932470692e+00  2.9141757428e+00 -2.6241209693e+00 -2.4623342388e+00  2.4595013504e+00 -2.2099593457e-01 -1.0794461937e+00  1.5036519676e+00  4.2212574842e-01 -1.1151288585e-01  2.4058043617e+00 -1.3469120235e+00 -3.1651906403e+00  2.3066762648e+00 -4.0809268216e-01 -1.0059224628e+00  4.3317700535e+00  9.3717956471e-01 -3.0226333244e+00  2.2770290516e+00  1.1077244193e+00  7.5804551573e-01  5.4993160328e+00  2.3354585395e+00 -2.4382334298e-01  4.7107411026e+00  1.8862930297e+00  1.3195075987e+00  3.9941107768e+00  1.5225708749e+00 -1.4332032189e+00  2.7193635914e-01 -1.6845457205e-02 -1.7378813991e+00 -5.4908146169e-01  5.0346803256e-01 -6.6866154504e-02 -2.7550660420e-01 -1.3433328530e+00 -4.4288694996e+00  4.0075219994e+00 -3.0993042133e-01 -4.9443204440e+00  2.6591775421e+00 -2.0819496554e+00 -5.1166362444e+00  2.5335110350e+00 -2.9544399789e+00 -2.0105648058e+00  1.5194121714e+00 -2.5598456659e+00 -1.6953652599e+00  3.2378650735e+00 -3.3818310907e+00 -3.1919700375e+00  2.7508796382e+00 -1.2536745681e+00 -7.6005848561e-01  1.3540396853e+00  1.2628488698e+00  3.1356418175e-01  2.0317921627e+00
ENERGY -5.352620156598e+02

JOB 10
COORDS  5.5588242582e-01 -3.5628619292e-01  3.6998628917e+00 -1.2705405396e-01 -2.5745702643e+00  1.9793529433e+00  1.4345090625e+00  6.5393236801e-01  4.4203612455e+00  8.0875344661e-01 -1.1482312812e+00  1.4250892219e-01 -1.3267834694e+00 -4.4559727951e+00  2.8687772423e+00 -2.4541329891e+00 -2.2830435567e+00  2.8219159322e+00 -8.7047884888e-02 -1.1463193470e+00  1.3838766691e+00  4.2473118229e-01 -1.5991954924e-01  2.3489048366e+00 -1.3466424750e+00 -3.0970832220e+00  2.3288096192e+00 -2.8711222080e-03 -1.2691860750e+00  4.3052242134e+00  9.0640984693e-01 -3.2431912574e+00  1.9866595430e+00  9.3339210898e-01  9.6364739737e-01  5.3396824069e+00  2.3687847898e+00  1.5790941801e-01  4.7011945555e+00  1.6724508274e+00  1.5381567782e+00  3.8219878670e+00  1.8112355387e+00 -1.4946397258e+00  4.0130240884e-01  3.9868729864e-01 -1.8200213722e+00 -6.1648584588e-01  8.6180614526e-01 -1.4248723158e-01 -2.9101921849e-01 -1.0220687001e+00 -4.4535343434e+00  3.9236573162e+00 -6.1928192632e-01 -5.0633700759e+00  2.3059541089e+00 -2.3301182334e+00 -4.8833810221e+00  2.7853976873e+00 -2.4325451790e+00 -1.2785561315e+00  2.4044149989e+00 -2.4018396514e+00 -2.1891629232e+00  3.9128738065e+00 -3.4025440171e+00 -2.7524966000e+00  2.5400333429e+00 -1.0914824754e+00 -8.4298318845e-01  1.0752393590e+00  1.0151801974e+00  5.5710847837e-01  1.9463661424e+00
ENERGY -5.352596001143e+02

JOB 11
COORDS  2.2898340282e+00 -7.6745088206e-01  2.9934805468e+00  3.2902795261e-01 -2.7218499898e+00  2.0116096188e+00  3.3503061501e+00  3.0112595807e-01  3.2172113030e+00  1.1700474889e-01 -1.0464415599e+00  1.4655798188e-01 -3.8471255790e-02 -4.5818113160e+00  3.4954604969e+00 -4.9029122118e-01 -2.3219413387e+00  4.3280728395e+00  1.5821409681e-01 -1.2206350809e+00  1.6666284913e+00  1.2206395142e+00 -3.7233941280e-01  2.2313350053e+00 -2.5410616183e-01 -3.1741644832e+00  3.1684591675e+00  2.4018177192e+00 -1.8880225184e+00  3.4853716091e+00  8.4172759970e-01 -3.4769755631e+00  1.1879014384e+00  3.5461374331e+00  3.7957811769e-01  4.2892102006e+00  4.2762171522e+00 -2.7610587928e-02  2.7366200490e+00  3.0803242880e+00  1.2871875556e+00  2.8283488323e+00  1.0351813193e+00 -1.4271268681e+00 -3.0372517665e-01 -7.2526335252e-01 -1.6011163401e+00 -2.7524850488e-01 -8.8019429517e-03  1.2258268995e-02 -1.1035175620e-01  9.4040688446e-01 -4.7242463735e+00  3.9722825145e+00 -7.1306807089e-02 -5.1767640508e+00  2.5839723988e+00 -8.2443128716e-01 -4.9114654843e+00  4.1813990461e+00 -1.3870496325e+00 -2.6649592015e+00  4.8551238967e+00 -6.4268619770e-01 -1.2836798784e+00  4.0377614511e+00  3.6653852507e-01 -2.3573938152e+00  5.0116049833e+00 -7.9892117702e-01 -8.7817082893e-01  2.0762584763e+00  1.2810086062e+00  5.5025138110e-01  1.8195898479e+00
ENERGY -5.352587056438e+02

JOB 12
COORDS  2.2998705852e+00 -8.4619497897e-01  2.9429040531e+00  2.5006285637e-01 -2.7662752633e+00  2.0081910371e+00  3.2720456177e+00  2.6131408410e-01  3.3229821212e+00  2.2122071212e-01 -1.0791284499e+00  1.3379233499e-01 -3.1539482709e-02 -4.5644081166e+00  3.5879725035e+00 -3.7848882823e-01 -2.2612818705e+00  4.3680879305e+00  1.4468495223e-01 -1.2607725929e+00  1.6513221191e+00  1.1569638972e+00 -4.2228668255e-01  2.3139524204e+00 -2.2517330271e-01 -3.1609111877e+00  3.2331607153e+00  2.5348453487e+00 -2.0222827812e+00  3.2085604932e+00  6.1170657911e-01 -3.5681199581e+00  1.1498388979e+00  3.5218344925e+00  1.5881210276e-01  4.3816514002e+00  4.1946982040e+00  1.2076623178e-01  2.7525513905e+00  2.8929118162e+00  1.2707971458e+00  3.1394242361e+00  1.1698953702e+00 -1.4622985676e+00 -2.4591769143e-01 -5.8607759013e-01 -1.6276352038e+00 -3.5771191548e-01  1.2642383187e-01 -1.7542829413e-02 -1.2337185239e-01  9.7207869633e-01 -4.7256352010e+00  4.0036284677e+00 -1.4295782518e-01 -5.1819155147e+00  2.6981230652e+00 -7.7931764933e-01 -4.8505904542e+00  4.3336711000e+00 -1.2073577529e+00 -2.6082007259e+00  4.9938891336e+00 -6.0139438655e-01 -1.2458412488e+00  4.0443912526e+00  5.3622952928e-01 -2.2345589900e+00  4.9741335897e+00 -8.3608697930e-01 -9.0953404304e-01  1.9954421985e+00  1.1143730729e+00  5.5920626748e-01  2.0705139433e+00
ENERGY -5.352586521100e+02

JOB 13
COORDS  2.3478111520e+00 -8.8219428686e-01  2.8115246465e+00  2.0034926602e-01 -2.7574116868e+00  1.9430446773e+00  3.2622297327e+00  2.0111463176e-01  3.3639633870e+00  3.6697944499e-01 -1.0665312507e+00  7.3551183080e-02  3.4136046614e-02 -4.5113225240e+00  3.6066798867e+00 -2.8541446361e-01 -2.1865507255e+00  4.3312110873e+00  1.7240903741e-01 -1.2501447553e+00  1.5803704254e+00  1.1408044471e+00 -4.4067060654e-01  2.3340425147e+00 -1.5588996362e-01 -3.1161221720e+00  3.2196947444e+00  2.6742022722e+00 -2.0664928772e+00  2.8198971278e+00  4.1327358339e-01 -3.5850513788e+00  1.0601610666e+00  3.5919780749e+00 -9.5227414685e-02  4.3625534999e+00  4.1511356981e+00  2.6173420702e-01  2.7293611231e+00  2.7978431218e+00  1.1900626030e+00  3.4177464159e+00  1.3361328467e+00 -1.4654861521e+00 -2.3160483973e-01 -4.0742219321e-01 -1.5995178386e+00 -4.8235618665e-01  3.1625275574e-01 -1.8363424275e-03 -1.8138558203e-01  9.8626363248e-01 -4.6366991772e+00  4.1391805235e+00  4.6349818838e-02 -5.1299582951e+00  2.7115244080e+00 -7.8549958947e-01 -4.8255993920e+00  4.2615758198e+00 -1.0085027585e+00 -2.5922202059e+00  5.0462520524e+00 -6.5164077990e-01 -1.2158273640e+00  4.0000951160e+00  6.7113641128e-01 -2.0407866223e+00  4.8509668446e+00 -8.2152346971e-01 -8.7484422335e-01  1.8563129460e+00  1.0065502784e+00  5.6070011880e-01  2.2798032167e+00
ENERGY -5.352589961303e+02

JOB 14
COORDS  2.2367001406e+00 -8.9813923316e-01  2.7867459508e+00 -3.9487667770e-02 -2.7485253701e+00  2.0822407267e+00  3.1474883945e+00  1.4297785877e-01  3.4189285945e+00  2.9439781108e-01 -1.1015552167e+00  1.9352149175e-01 -1.3919869310e-01 -4.4628139206e+00  3.8038812965e+00 -4.1856669317e-01 -2.1174801366e+00  4.4863668273e+00  1.5280266357e-02 -1.2499751411e+00  1.6910980340e+00  9.6619915125e-01 -4.7108731649e-01  2.4943671251e+00 -2.7257502871e-01 -3.0679149203e+00  3.3958955013e+00  2.6124851182e+00 -2.0480478251e+00  2.5746540182e+00  3.9200895106e-02 -3.6025701426e+00  1.2015835249e+00  3.6267351718e+00 -2.9689078624e-01  4.2964953115e+00  3.9372863096e+00  3.9524159887e-01  2.7049374773e+00  2.6309529456e+00  1.0614964512e+00  3.7126079263e+00  1.2677740797e+00 -1.5319316071e+00 -4.9014338120e-02 -4.6219904711e-01 -1.6260087660e+00 -3.9307646955e-01  2.8800695413e-01 -4.0584027131e-02 -7.9620625517e-02  7.0885280483e-01 -4.5752088823e+00  4.4913180197e+00  3.1610946103e-02 -5.0735721027e+00  2.9197364574e+00 -1.0515541968e+00 -4.8011770853e+00  4.3096743144e+00 -1.1052102860e+00 -2.5408710770e+00  5.2273066047e+00 -8.4101035639e-01 -1.1740449605e+00  4.1430251189e+00  5.3877968187e-01 -1.9107210821e+00  4.9835650751e+00 -9.7551701671e-01 -8.3168357080e-01  1.9110121732e+00  7.7771360711e-01  5.1916614468e-01  2.5793421288e+00
ENERGY -5.352591933980e+02

JOB 15
COORDS  2.3668814182e+00 -9.4034213769e-01  2.5975900658e+00  4.7380581064e-02 -2.9318354388e+00  2.1117714630e+00  3.2275187454e+00  1.4189932858e-01  3.2308309516e+00  4.1109112638e-01 -1.3254247952e+00  1.8682188691e-01  1.2987095008e-02 -4.6037462880e+00  3.8796446594e+00 -3.5066878499e-01 -2.2489947591e+00  4.5034143071e+00  1.0623992151e-01 -1.4452611455e+00  1.6818743344e+00  1.0261133610e+00 -6.5066194123e-01  2.5072828614e+00 -1.0382383859e-01 -3.2157386994e+00  3.4447196607e+00  2.8354640999e+00 -2.0072776920e+00  2.2121139918e+00  9.3349845614e-02 -3.8129194305e+00  1.2553672486e+00  3.9364374668e+00 -3.2816818227e-01  3.9153818032e+00  3.8055837764e+00  6.3602704468e-01  2.4433570546e+00  2.6510032339e+00  8.9981435625e-01  3.7695899067e+00  1.3923740099e+00 -1.7482513532e+00 -3.1797871091e-02 -3.3169551037e-01 -1.8722643583e+00 -3.9681335760e-01  3.9278013996e-01 -2.7030812896e-01 -1.0694220330e-01  7.4262805952e-01 -4.6749824575e+00  4.6950048370e+00  3.4586224859e-01 -5.2104471836e+00  3.0397439199e+00 -9.5229119977e-01 -4.9852758027e+00  4.2368608501e+00 -1.0382000478e+00 -2.6960743202e+00  5.2300683019e+00 -8.2068331386e-01 -1.3440865984e+00  4.1199417778e+00  5.7099409003e-01 -1.9661601698e+00  5.0280999093e+00 -8.9031051825e-01 -1.0258964546e+00  1.8704839085e+00  7.5183064541e-01  3.0448464723e-01  2.6977727151e+00
ENERGY -5.352585252627e+02

JOB 16
COORDS  1.5693851911e+00  3.8594838050e-01  2.4764765351e+00  1.8749339213e-01 -2.4817249354e+00  2.4320775355e+00  1.9817161988e+00  1.4446509869e+00  3.4854418457e+00 -2.4918465925e-01 -9.2325092839e-01  2.7395194157e-01  1.2345410037e+00 -4.6599431741e+00  2.4196406853e+00  1.8739759449e+00 -3.0555850643e+00  6.4856988457e-01 -2.8775502546e-01 -1.1488031777e+00  1.7899358916e+00  2.6384293501e-01 -1.6815820903e-02  2.5488888092e+00  1.0039541151e+00 -3.3620198132e+00  1.7860057514e+00  2.3683359266e+00 -5.3466627805e-02  1.6460870144e+00 -2.8407079389e-01 -2.7265181842e+00  3.5507720776e+00  2.7577588287e+00  1.0247559031e+00  4.1316948229e+00  2.4221221073e+00  2.2871317574e+00  2.9464019701e+00  1.1578447173e+00  1.8073187456e+00  4.1058590769e+00  7.3802048655e-01 -6.5673022706e-01 -9.4947216025e-02 -5.9864734117e-01 -1.8193611346e+00 -2.4761868187e-01 -9.3318801818e-01 -1.0432253121e-01  2.9881346387e-02  1.2888548124e+00 -5.4307117784e+00  1.6440468897e+00  4.1794080515e-01 -4.8806162762e+00  3.1048921595e+00  2.1758145848e+00 -4.6614547094e+00  2.9844291154e+00  2.8056687104e+00 -3.6147029717e+00  7.7512405851e-01  2.1311667416e+00 -1.9996926655e+00  6.3044582400e-01  1.4214502239e+00 -3.3594917802e+00 -3.0319577695e-01 -1.3443582428e+00 -1.1677514940e+00  2.0681294425e+00 -2.3380335002e-01  2.1374525682e-01  3.3988014744e+00
ENERGY -5.352574376608e+02

JOB 17
COORDS  1.5712597104e+00  4.4582160415e-01  2.3616063417e+00  6.0417666331e-02 -2.5542958119e+00  2.3920752091e+00  2.0251469599e+00  1.4645445991e+00  3.3960857996e+00 -3.0174653154e-01 -9.3635525178e-01  2.8999167685e-01  1.1652881228e+00 -4.7083818912e+00  2.3633480741e+00  1.9680131898e+00 -2.9779553035e+00  7.9491100446e-01 -3.1354224431e-01 -1.1652822725e+00  1.8055464984e+00  3.3975782202e-01 -1.0273372801e-01  2.5861794469e+00  9.9392864314e-01 -3.3636553883e+00  1.8158088369e+00  2.2816992055e+00  1.6787755103e-01  1.3923733352e+00 -5.6852406884e-01 -2.8983661242e+00  3.4022753229e+00  2.9528515553e+00  1.1074339253e+00  3.8516358901e+00  2.2515983184e+00  2.4023128272e+00  2.8822239678e+00  1.2908778235e+00  1.6571554673e+00  4.1829435645e+00  6.8900138396e-01 -7.8934559764e-01 -1.2853808465e-01 -7.8140904737e-01 -1.7878030263e+00 -2.0334542761e-01 -8.9308307640e-01 -4.2132859246e-02  6.8929621872e-02  1.3198589094e+00 -5.4127119524e+00  1.5392488584e+00  2.7741354214e-01 -4.9870279335e+00  2.9282276776e+00  2.0354942734e+00 -4.7535970812e+00  3.0309852155e+00  2.9231783070e+00 -3.4552440414e+00  1.0365727008e+00  2.1362750136e+00 -1.9038259265e+00  7.9021857243e-01  1.6601896857e+00 -3.3180626166e+00 -2.0203029442e-01 -1.3614485805e+00 -1.1085754380e+00  2.1085018985e+00 -7.8455508560e-02  7.0824830811e-02  3.4906474583e+00
ENERGY -5.352570097883e+02

JOB 18
COORDS  1.5715397837e+00  4.4840995550e-01  2.0915360764e+00 -1.7562669766e-01 -2.6900698426e+00  2.1741203659e+00  2.2929897288e+00  1.2956905515e+00  3.1307402819e+00 -6.0021100330e-01 -9.1294159779e-01  3.7659195668e-01  1.2026951287e+00 -4.6813141587e+00  2.3561087103e+00  2.2227034847e+00 -2.6623227965e+00  1.3953190680e+00 -4.0877412253e-01 -1.1857105411e+00  1.8751716849e+00  5.0279246935e-01 -2.6218008415e-01  2.5685287111e+00  1.0411915513e+00 -3.2783262218e+00  1.9836749199e+00  1.9460905807e+00  4.3375378779e-01  9.1849507920e-01 -1.1509627377e+00 -3.3246187385e+00  2.5946339827e+00  3.3295237182e+00  9.5369375669e-01  3.1982125849e+00  2.3125299134e+00  2.3305537906e+00  2.7797679622e+00  1.8425809347e+00  1.2655641422e+00  4.1268757482e+00  2.8553356732e-01 -1.1246545690e+00 -2.1917958065e-01 -1.4257864778e+00 -1.5399958076e+00  2.7135279828e-02 -8.6519645861e-01  1.3552824662e-01  2.1793952264e-01  1.3080577512e+00 -5.3082355964e+00  1.4615369345e+00  3.2958457553e-01 -5.0079311750e+00  2.9176935310e+00  2.1047775355e+00 -4.7965207789e+00  2.9683447591e+00  2.9945241776e+00 -2.4907901217e+00  2.1578150242e+00  2.0023646541e+00 -1.7155998643e+00  9.1308924213e-01  2.6391205847e+00 -3.3389741546e+00  6.3998687266e-01 -1.3809658860e+00 -1.0255459819e+00  2.3458591725e+00  3.4184816564e-01 -1.9771707503e-01  3.5650543494e+00
ENERGY -5.352578287544e+02

JOB 19
COORDS  1.6076688518e+00  5.8439656259e-01  2.1594790437e+00 -2.4165460268e-01 -2.5604595559e+00  2.0177571416e+00  2.2365163168e+00  1.4197645003e+00  3.2663005469e+00 -4.2531627968e-01 -6.9435362729e-01  2.7326976784e-01  1.0347152775e+00 -4.6244759751e+00  2.1648929871e+00  2.2017771726e+00 -2.5974435561e+00  1.4010511419e+00 -3.4743174857e-01 -1.0380383812e+00  1.7663575999e+00  6.0736049043e-01 -2.5643479487e-01  2.5702829047e+00  9.5400553594e-01 -3.2006454259e+00  1.8538636399e+00  1.9989789329e+00  6.7166726583e-01  9.9561804053e-01 -1.2699820582e+00 -3.1537913809e+00  2.3624723399e+00  3.3221971781e+00  1.3881045831e+00  3.1531761667e+00  1.9212994896e+00  2.4599645236e+00  3.1385204186e+00  1.9677729851e+00  1.0952224728e+00  4.2757587306e+00  4.7207353063e-01 -9.5664366252e-01 -2.8363556152e-01 -1.2759914327e+00 -1.2438430978e+00 -1.4139498276e-01 -5.9974071331e-01  3.7523077026e-01  1.3736058545e-01  1.2501329504e+00 -5.2027727669e+00  1.2577370138e+00  8.5020140005e-02 -4.9536003778e+00  2.5824730964e+00  1.8394704484e+00 -4.8029850137e+00  2.8885473232e+00  2.9149312888e+00 -2.5065707677e+00  2.2313849675e+00  2.0577099208e+00 -1.6134452590e+00  9.6592013767e-01  2.6517896997e+00 -3.2416580974e+00  6.3681678490e-01 -1.3318651791e+00 -8.1451575241e-01  2.1851090905e+00  3.8632707725e-01 -2.3283759680e-01  3.5571453881e+00
ENERGY -5.352582724758e+02

JOB 20
COORDS  1.4921018403e+00  1.1277076835e+00  2.3346087270e+00  4.8272658580e-01 -2.2176420220e+00  3.3016341551e+00  2.9664112212e+00  1.5088068852e+00  2.3772244377e+00 -6.9147082276e-01 -7.4363805113e-01  1.6592396723e+00  3.8947718836e-03 -4.5779097519e+00  3.6760744119e+00 -1.8729328120e+00 -2.9917690124e+00  3.7415114321e+00 -2.3065933645e-02 -7.7638635955e-01  3.0492924585e+00  1.1453944911e+00  9.9395483155e-02  3.1816581740e+00 -4.3902799873e-01 -3.1893272025e+00  3.5735648295e+00  6.9989840165e-01  1.7433342711e+00  1.6235929326e+00  1.6921886091e+00 -2.4646500939e+00  3.2334512470e+00  3.4229203049e+00  1.2234911056e+00  1.4242468761e+00  3.0456817084e+00  2.5941013724e+00  2.4703557709e+00  3.5228376741e+00  1.0320257012e+00  3.1884727044e+00  4.0941027594e-02 -9.9225987011e-01  8.8629412029e-01 -1.4996953817e+00 -1.4774014901e+00  1.6126152508e+00 -1.0879865513e+00  2.4610530863e-01  1.4414922946e+00 -2.1472342175e-01 -4.9730482621e+00  4.6753621416e+00  1.0759829107e+00 -4.6240040937e+00  3.4965418866e+00 -5.1925292175e-01 -5.1943812533e+00  2.9350138398e+00 -2.4310359343e+00 -3.3943276560e+00  2.8863857240e+00 -2.1279281407e+00 -1.9410523193e+00  3.8566050153e+00 -2.2049558938e+00 -3.5186582900e+00  4.6432169802e+00 -7.5759326153e-01 -4.9370367578e-01  3.8106562397e+00  1.9439870202e+00 -4.3387699617e-01  3.5160144863e+00
ENERGY -5.352598320505e+02

JOB 21
COORDS  1.4453914595e+00  1.1806613797e+00  2.4443047161e+00  4.8664453378e-01 -2.2647192813e+00  3.3004980595e+00  2.9031641052e+00  1.6133158364e+00  2.3745363998e+00 -5.9598928135e-01 -7.9949220968e-01  1.5989195432e+00 -6.7167224132e-02 -4.5955732740e+00  3.7469474760e+00 -1.8912432447e+00 -2.9473256691e+00  3.7600009387e+00  2.9788416638e-02 -8.1800726552e-01  3.0106416628e+00  1.2250227055e+00  1.6903136268e-02  3.1389529373e+00 -4.6435107357e-01 -3.1969587576e+00  3.6026701246e+00  5.5121825990e-01  1.8623282916e+00  1.9431156193e+00  1.6865142073e+00 -2.5550780469e+00  3.2203672650e+00  3.2531874273e+00  1.4871380179e+00  1.3450128441e+00  2.9665215003e+00  2.6762495712e+00  2.6171980782e+00  3.5604870503e+00  1.0477468481e+00  3.0402993380e+00  1.5112506148e-01 -1.1072220962e+00  8.6081305044e-01 -1.4376068316e+00 -1.4947496030e+00  1.5423770816e+00 -9.3894425322e-01  2.0284128934e-01  1.3476769101e+00 -2.8135289523e-01 -4.9480204717e+00  4.7630413610e+00  9.9937785614e-01 -4.6850947059e+00  3.5513635913e+00 -6.2422697682e-01 -5.2185627668e+00  3.0368527324e+00 -2.4592154080e+00 -3.3666549389e+00  2.9195804515e+00 -2.1127104251e+00 -1.8852109837e+00  3.8300472968e+00 -2.2420705781e+00 -3.4260119581e+00  4.6812348460e+00 -7.1134079538e-01 -4.8536115766e-01  3.7431833332e+00  2.0494555198e+00 -5.5579192030e-01  3.3071830733e+00
ENERGY -5.352634246614e+02

JOB 22
COORDS  1.4537477538e+00  1.1916653097e+00  2.5387763634e+00  5.1439537871e-01 -2.3190727851e+00  3.2657914055e+00  2.8791662052e+00  1.7102135469e+00  2.4261225155e+00 -5.1054135315e-01 -8.4939486638e-01  1.5277553025e+00 -1.2139407269e-01 -4.6112156451e+00  3.7979168390e+00 -1.8785287806e+00 -2.8914926833e+00  3.7847051071e+00  1.1153269478e-01 -8.6755530968e-01  2.9419990315e+00  1.3342054148e+00 -7.6572948728e-02  3.0374528616e+00 -4.6458820570e-01 -3.2023242679e+00  3.6210096070e+00  4.8692273194e-01  1.8905775946e+00  2.2287012107e+00  1.6988002246e+00 -2.6602723203e+00  3.1560342713e+00  3.1240096260e+00  1.8278332194e+00  1.3659362923e+00  2.9309788432e+00  2.6991675204e+00  2.8873693601e+00  3.6210943570e+00  1.0545477557e+00  2.8897384355e+00  2.1480711631e-01 -1.2313057279e+00  8.0262845411e-01 -1.4027345948e+00 -1.4801924971e+00  1.4843478476e+00 -7.8255192665e-01  1.7011052093e-01  1.2556891788e+00 -3.5633438370e-01 -4.9317713138e+00  4.8197990933e+00  9.4243976754e-01 -4.7442696644e+00  3.6124300531e+00 -6.9563455755e-01 -5.2299345319e+00  3.0975415503e+00 -2.4720323651e+00 -3.3194738053e+00  2.9664635762e+00 -2.0575856841e+00 -1.8196246880e+00  3.8160930389e+00 -2.2370898507e+00 -3.3210452119e+00  4.7269048754e+00 -6.1009710421e-01 -4.7649683906e-01  3.6638069339e+00  2.1688285903e+00 -6.5528255371e-01  3.0903836195e+00
ENERGY -5.352666605618e+02

JOB 23
COORDS  1.4454356125e+00  1.1659553530e+00  2.5854468999e+00  5.3922539260e-01 -2.3815427573e+00  3.1909897901e+00  2.8373223722e+00  1.7669231792e+00  2.4768825856e+00 -4.8795569552e-01 -9.2295009398e-01  1.4266763550e+00 -1.3934392832e-01 -4.6338482201e+00  3.8283910321e+00 -1.8538729411e+00 -2.8706430515e+00  3.7852876756e+00  1.6508523475e-01 -9.3524789576e-01  2.8253418861e+00  1.4014955662e+00 -1.6886488671e-01  2.8607400386e+00 -4.5231385446e-01 -3.2248081186e+00  3.6041990968e+00  4.2904493799e-01  1.8527617708e+00  2.4516944849e+00  1.7113881900e+00 -2.7564482103e+00  3.0606670929e+00  2.9846482657e+00  2.1252556243e+00  1.4537003115e+00  2.8983919443e+00  2.6334052205e+00  3.1399921131e+00  3.6371383172e+00  1.0644040553e+00  2.7263597900e+00  1.9617695245e-01 -1.3651800478e+00  6.9596013850e-01 -1.4198872557e+00 -1.4955872164e+00  1.4163646817e+00 -7.0574695455e-01  1.0631843725e-01  1.1385210667e+00 -3.6614507869e-01 -4.9106411871e+00  4.8647676323e+00  9.1826553570e-01 -4.7984937674e+00  3.6325969202e+00 -7.3809434089e-01 -5.2646093283e+00  3.1599153761e+00 -2.4760757457e+00 -3.3165903491e+00  2.9985381166e+00 -2.0046067138e+00 -1.7939553623e+00  3.7748752257e+00 -2.2023889756e+00 -3.2506505253e+00  4.7522325632e+00 -5.2295872849e-01 -4.9543745214e-01  3.5513740777e+00  2.2443480188e+00 -7.3535574071e-01  2.8474588470e+00
ENERGY -5.352689086354e+02

