JOB 0
COORDS  4.6987406313e+00  2.6817120831e+00  3.6905888447e+00  3.1368790102e+00  3.2700736614e+00  6.2416943363e-01  4.7680520227e+00  1.2698441878e+00  3.7517269826e+00  3.5258035957e+00  4.5016286018e+00  1.1008878402e+00  3.1276432715e+00  2.3042357740e+00  1.8383386168e+00  3.9067437367e+00  3.1409495778e+00  2.6650921501e+00  3.2428577506e+00  9.1123138628e-01  2.0242460979e+00  1.7039486541e+00 -2.3414752904e+00  1.2061165104e+00  3.9699568578e-01 -4.9460390073e-01  1.3972438072e-01  2.9209136763e+00 -1.4178324225e+00  1.2693577970e+00  1.6238953092e+00  4.1671475868e-01  2.3504958274e-01  7.8689980904e-01 -1.9732496923e+00  3.2724339062e-02 -4.3403610815e-01 -2.8827176867e+00 -2.1832008223e-02  4.0638675355e+00  4.2929963114e-01  3.0016682595e+00  2.5179486331e+00 -1.0392441775e-02  1.3069039210e+00  3.3230118074e+00  4.3909910424e+00  2.5115840340e+00 -1.1995079204e+00 -2.5503191622e+00 -1.1869839144e+00  5.2302365746e+00  3.3258305215e+00  4.3817940991e+00  3.0840971854e+00  2.9709028618e+00 -4.1617592983e-01  5.4310903040e+00  8.0144956988e-01  4.4790607510e+00  3.6079887969e+00  5.4893291991e+00  6.6837385491e-01  2.0525233023e+00 -3.3774278887e+00  1.1145660383e+00  1.1484000591e+00 -2.2641066669e+00  2.1496164341e+00 -2.1848326895e-01 -3.5020460238e-01  1.0374005579e+00 -2.0689136684e-01 -1.9927203986e-01 -7.2288290913e-01  3.5239562197e+00 -1.6196970578e+00  2.1517537341e+00  3.5547653400e+00 -1.5877989835e+00  3.8263914141e-01  2.1596024701e+00  4.2466807435e-01 -7.2889923511e-01  1.2996568056e+00  1.4385935505e+00  4.3751325136e-01  1.3448883866e+00 -2.1190656012e+00 -9.0366035965e-01 -1.0366629173e+00 -2.7472678864e+00  8.8996152047e-01 -1.0903937515e-01 -3.9335695034e+00 -6.0139062415e-02 -1.9891135529e+00 -3.1119587869e+00 -1.2034535500e+00
ENERGY -7.650081209320e+02

JOB 1
COORDS  4.6957502664e+00  2.6451837307e+00  3.7479048421e+00  3.0897205478e+00  3.2169837394e+00  6.2397992379e-01  4.7132300024e+00  1.2420170412e+00  3.8265876011e+00  3.4929702816e+00  4.4549288543e+00  1.0418065568e+00  3.2143391702e+00  2.3079018992e+00  1.8080563430e+00  3.9818747673e+00  3.1273050707e+00  2.6671336085e+00  3.2592502680e+00  9.0880601538e-01  2.0328589642e+00  1.7123118819e+00 -2.3372598476e+00  1.1876069942e+00  3.9687855035e-01 -4.8733962306e-01  1.4208881908e-01  2.9237735074e+00 -1.4075231247e+00  1.2573757454e+00  1.6188567179e+00  4.3071696857e-01  2.4412587269e-01  7.9289143546e-01 -1.9626545274e+00  1.8495923437e-02 -4.2391486427e-01 -2.8768936063e+00 -4.4933712460e-02  4.0217146264e+00  4.1546130269e-01  3.0386211938e+00  2.5170096449e+00 -8.2250724662e-04  1.3098700852e+00  3.5480526067e+00  4.4190157641e+00  2.4509991292e+00 -1.1918776521e+00 -2.5357188433e+00 -1.2060646938e+00  5.2243645444e+00  3.2790457419e+00  4.4505850736e+00  2.8605997875e+00  2.9380435695e+00 -3.9566022307e-01  5.3208330904e+00  7.5709319798e-01  4.5899308778e+00  3.4952143360e+00  5.4325724225e+00  5.8017178418e-01  2.0664733727e+00 -3.3704086859e+00  1.0861343589e+00  1.1573254556e+00 -2.2713662455e+00  2.1322915288e+00 -2.1683513689e-01 -3.5589044926e-01  1.0429894815e+00 -2.1062287063e-01 -1.8523855326e-01 -7.1572511693e-01  3.5281763374e+00 -1.6151609309e+00  2.1374987801e+00  3.5568736556e+00 -1.5661628080e+00  3.6771766917e-01  2.1489645525e+00  4.5398983585e-01 -7.2319362364e-01  1.2811155180e+00  1.4448961430e+00  4.5973930412e-01  1.3510920244e+00 -2.0960425479e+00 -9.1960800855e-01 -1.0266016344e+00 -2.7539929899e+00  8.6859903201e-01 -9.4122881607e-02 -3.9257527186e+00 -9.4670219472e-02 -1.9782888687e+00 -3.1016286529e+00 -1.2283879796e+00
ENERGY -7.650496047694e+02

JOB 2
COORDS  4.5589143785e+00  2.5492714528e+00  3.8152825349e+00  3.0152158766e+00  3.1697908443e+00  6.4152655224e-01  4.5356935280e+00  1.1536879652e+00  3.8911077639e+00  3.4249302182e+00  4.4060273223e+00  1.0493416341e+00  3.1968751757e+00  2.2596129278e+00  1.7878552323e+00  3.9124024677e+00  3.0592309509e+00  2.6957584141e+00  3.1950766586e+00  8.5243012169e-01  2.0054788269e+00  1.6699840769e+00 -2.3707134819e+00  1.1166739523e+00  3.4808890289e-01 -5.1396007466e-01  9.0473759651e-02  2.8859322522e+00 -1.4450919233e+00  1.1646172583e+00  1.5750880242e+00  4.0096985380e-01  1.7493048845e-01  7.3473596673e-01 -1.9913008986e+00 -3.8347347286e-02 -4.8802814861e-01 -2.8986819115e+00 -8.3564985437e-02  3.8823370627e+00  3.4105115926e-01  3.0473333824e+00  2.4887390026e+00 -3.6700273646e-02  1.2235087808e+00  3.6643625932e+00  4.3781579058e+00  2.4209352857e+00 -1.2701742156e+00 -2.5545021274e+00 -1.2343915599e+00  5.0733263126e+00  3.1672476210e+00  4.5421556515e+00  2.6861197638e+00  2.9218487571e+00 -3.5760194869e-01  5.0769854048e+00  6.5178964898e-01  4.6919543281e+00  3.3891954521e+00  5.3825468225e+00  5.8780599292e-01  2.0174142608e+00 -3.4056261223e+00  1.0094169812e+00  1.1310607887e+00 -2.3016000501e+00  2.0703485291e+00 -2.5168112928e-01 -3.7974627899e-01  1.0003661575e+00 -2.7072187370e-01 -2.0931042938e-01 -7.5845100357e-01  3.5052549591e+00 -1.6550427463e+00  2.0338125004e+00  3.4996457182e+00 -1.6054956635e+00  2.6194787430e-01  2.0881954985e+00  4.2659975355e-01 -8.0142302368e-01  1.2390234326e+00  1.4125771138e+00  4.0026557736e-01  1.2779363056e+00 -2.1281098978e+00 -9.8475723812e-01 -1.0772773656e+00 -2.7713234102e+00  8.3807508483e-01 -1.6485722652e-01 -3.9494200287e+00 -1.3657179471e-01 -2.0595828815e+00 -3.1165642285e+00 -1.2454344677e+00
ENERGY -7.650774212569e+02

JOB 3
COORDS  4.5850074989e+00  2.5505014726e+00  3.8181583924e+00  2.9810423584e+00  3.1727325375e+00  6.4802106262e-01  4.5121279182e+00  1.1625274660e+00  3.9235291353e+00  3.4147258889e+00  4.4026290192e+00  1.0319006442e+00  3.2593923580e+00  2.2687253596e+00  1.7591975324e+00  3.9618293156e+00  3.0621339218e+00  2.6826053886e+00  3.2025404511e+00  8.6517001061e-01  2.0142589679e+00  1.6899987509e+00 -2.3663898222e+00  1.1201632706e+00  3.5511754803e-01 -5.1854974690e-01  9.7248361590e-02  2.8972773765e+00 -1.4301022690e+00  1.1721067705e+00  1.5733105161e+00  4.0806194452e-01  1.8695454735e-01  7.5436175920e-01 -1.9919067861e+00 -3.5978109583e-02 -4.6061251596e-01 -2.9093048814e+00 -8.6993436756e-02  3.8518418128e+00  3.5482453722e-01  3.0769752716e+00  2.4895105841e+00 -2.4520776879e-02  1.2346772420e+00  3.8711451356e+00  4.3825911884e+00  2.3382280527e+00 -1.2434671694e+00 -2.5678390260e+00 -1.2382691454e+00  5.1130747728e+00  3.1674085592e+00  4.5360400871e+00  2.5574254903e+00  2.9425908313e+00 -3.1822593461e-01  5.0137565058e+00  6.5933816100e-01  4.7488300797e+00  3.3754055463e+00  5.3754025972e+00  5.6301642149e-01  2.0467441148e+00 -3.3979404843e+00  1.0109741013e+00  1.1486618841e+00 -2.3040630782e+00  2.0729167356e+00 -2.4686727410e-01 -3.9308307370e-01  1.0069448529e+00 -2.6528968086e-01 -2.1607045374e-01 -7.5133107474e-01  3.5165114414e+00 -1.6376142314e+00  2.0419632854e+00  3.5132624431e+00 -1.5833345865e+00  2.6943891052e-01  2.0852004248e+00  4.4523842381e-01 -7.9007233769e-01  1.2230293076e+00  1.4128969239e+00  4.1891356496e-01  1.3010649025e+00 -2.1210381790e+00 -9.8145303480e-01 -1.0528150106e+00 -2.7901772280e+00  8.3385639710e-01 -1.2846584681e-01 -3.9570777496e+00 -1.4300948270e-01 -2.0278294705e+00 -3.1368415757e+00 -1.2528556126e+00
ENERGY -7.650927751773e+02

JOB 4
COORDS  5.1126346002e+00  2.5067939702e+00  3.2365814382e+00  2.1038566893e+00  3.1430479202e+00  1.3367499557e+00  5.1420531796e+00  1.1168773856e+00  3.2914040671e+00  2.5431032710e+00  4.3901784762e+00  1.6508098953e+00  3.0812891686e+00  2.2227123890e+00  1.8820793785e+00  4.0415044542e+00  3.0282546789e+00  2.5095814022e+00  3.2485596005e+00  8.1115252333e-01  1.9712170972e+00  1.1396602968e+00 -2.2062423720e+00  1.4167181219e+00  6.9310361862e-01 -5.3412622226e-01 -4.0079821217e-01  2.4526012755e+00 -1.4836004396e+00  1.7291338256e+00  2.0195957518e+00  1.3241271617e-01 -4.2998232367e-02  7.1984483852e-01 -2.0274798348e+00 -4.8643238150e-02 -6.1562702557e-01 -2.7060781819e+00 -3.2449525188e-01  4.2604038607e+00  2.9663308536e-01  2.6809536446e+00  2.3378821914e+00 -6.4035572665e-02  1.3805134174e+00  3.7200587912e+00  4.3517296695e+00  2.3727785767e+00 -9.1190208421e-01 -2.5837598494e+00 -1.7218525337e+00  5.8483825340e+00  3.1267365218e+00  3.7363761016e+00  1.1900608420e+00  2.9158911177e+00  8.0614373516e-01  5.9285191492e+00  6.1717086590e-01  3.8542740604e+00  2.1499703010e+00  5.3789870048e+00  1.4615497718e+00  1.2570962701e+00 -3.2706136978e+00  1.6544135873e+00  3.5563310174e-01 -1.8095302721e+00  2.0748289474e+00 -1.1579234032e-01 -4.2321018350e-02  1.5595470991e-01  4.8839118567e-01 -4.0406995126e-01 -1.4673421923e+00  2.6927182100e+00 -1.5601167586e+00  2.7893760144e+00  3.2864447119e+00 -1.9509469921e+00  1.1804141528e+00  2.8275840587e+00 -2.9887531346e-01 -6.5972833201e-01  1.9870685573e+00  1.1964971118e+00 -2.7000995680e-01  1.4715518779e+00 -2.5141247011e+00 -6.8641575328e-01 -1.4034250708e+00 -2.2310748980e+00  2.8124371857e-01 -5.5768527052e-01 -3.7659810732e+00 -3.3674469240e-02 -1.7665253337e+00 -3.0086889586e+00 -1.8898460147e+00
ENERGY -7.650986384403e+02

JOB 5
COORDS  5.1147996673e+00  2.5069638857e+00  3.2416471855e+00  2.1085554413e+00  3.1362412814e+00  1.3453720820e+00  5.1150603872e+00  1.1176186912e+00  3.3392980821e+00  2.5612140136e+00  4.3829553584e+00  1.6423264424e+00  3.1240720770e+00  2.2155342897e+00  1.8258267027e+00  4.0631427828e+00  3.0227548657e+00  2.4860130173e+00  3.2621743698e+00  8.0554036120e-01  1.9640787403e+00  1.1561731670e+00 -2.2115096001e+00  1.4074884980e+00  6.8718459550e-01 -5.2658528294e-01 -3.9114611709e-01  2.4740024560e+00 -1.4931718285e+00  1.7088122113e+00  2.0191740886e+00  1.3712958708e-01 -4.8403028079e-02  7.1845448292e-01 -2.0225693359e+00 -5.1153845516e-02 -6.1997086806e-01 -2.6996992876e+00 -3.1602965551e-01  4.2441684064e+00  2.9496177812e-01  2.7198907119e+00  2.3618040910e+00 -7.2132140894e-02  1.3668046550e+00  3.8314057712e+00  4.3415678352e+00  2.1936951695e+00 -9.3246694830e-01 -2.5675624988e+00 -1.7088950750e+00  5.8517848109e+00  3.1283846254e+00  3.7376546922e+00  1.1564837394e+00  2.9043706610e+00  8.8872796763e-01  5.8711122220e+00  6.2175524219e-01  3.9456900555e+00  2.1742870642e+00  5.3738780631e+00  1.4505950205e+00  1.2750394564e+00 -3.2774489095e+00  1.6372124070e+00  3.8093817638e-01 -1.8179435000e+00  2.0778394394e+00 -1.1335275246e-01 -3.9029596809e-02  1.8129177974e-01  4.6688160835e-01 -3.8781373355e-01 -1.4534605701e+00  2.7259280899e+00 -1.5744825457e+00  2.7655732392e+00  3.3004935792e+00 -1.9600804335e+00  1.1484004227e+00  2.8167952457e+00 -2.8814857604e-01 -6.8241573076e-01  1.9816750426e+00  1.2030807597e+00 -2.6537242523e-01  1.4625687795e+00 -2.5040508725e+00 -7.0165725439e-01 -1.4008174689e+00 -2.2294080507e+00  3.0226357693e-01 -5.5816649075e-01 -3.7615988006e+00 -3.3418735423e-02 -1.7882658712e+00 -2.9926844637e+00 -1.8703016759e+00
ENERGY -7.650940518426e+02

JOB 6
COORDS  5.0846561003e+00  2.5199909984e+00  3.2738518100e+00  2.1156777867e+00  3.1455415987e+00  1.3493274177e+00  5.0580232460e+00  1.1303121152e+00  3.4120674524e+00  2.5846811494e+00  4.3912939900e+00  1.6387484263e+00  3.1619321817e+00  2.2086466907e+00  1.7708824844e+00  4.0660764927e+00  3.0255109997e+00  2.4738245011e+00  3.2698374004e+00  8.0443380821e-01  1.9558129398e+00  1.1834626827e+00 -2.2179533884e+00  1.3831422245e+00  6.8068353875e-01 -5.1044239379e-01 -3.8474745619e-01  2.5074673242e+00 -1.5043735037e+00  1.6689780983e+00  2.0195263660e+00  1.4953218140e-01 -6.1232260849e-02  7.1839510037e-01 -2.0106398068e+00 -6.4474260516e-02 -6.2504557873e-01 -2.6842898338e+00 -3.1262437358e-01  4.2132547349e+00  3.0255976866e-01  2.7713750485e+00  2.3941207891e+00 -8.0681860101e-02  1.3411144666e+00  3.9241393647e+00  4.3155283036e+00  2.0212171533e+00 -9.6358587431e-01 -2.5342979231e+00 -1.6974856112e+00  5.8152687385e+00  3.1438581372e+00  3.7761263652e+00  1.1312600704e+00  2.9127351242e+00  9.6632488630e-01  5.7742427596e+00  6.4333703764e-01  4.0720739303e+00  2.2062488496e+00  5.3871475034e+00  1.4549047127e+00  1.3055740562e+00 -3.2866668219e+00  1.5977097532e+00  4.2143952943e-01 -1.8320505897e+00  2.0728510209e+00 -1.0800548816e-01 -3.0304273071e-02  2.1001682418e-01  4.3876327917e-01 -3.5805231460e-01 -1.4404383314e+00  2.7781547030e+00 -1.5955084562e+00  2.7198586505e+00  3.3226903452e+00 -1.9668479856e+00  1.0884085568e+00  2.8031383847e+00 -2.6559504265e-01 -7.1881280593e-01  1.9756674302e+00  1.2183965766e+00 -2.6132191454e-01  1.4500015228e+00 -2.4837519335e+00 -7.3503889891e-01 -1.3938922628e+00 -2.2217950107e+00  3.2624559135e-01 -5.5830363531e-01 -3.7496897089e+00 -4.4723616349e-02 -1.8230760246e+00 -2.9559346070e+00 -1.8480557493e+00
ENERGY -7.650781942592e+02

JOB 7
COORDS  5.0280289079e+00  2.5267026507e+00  3.3339345816e+00  2.1549126139e+00  3.1686864704e+00  1.3331747437e+00  4.9628639048e+00  1.1366741993e+00  3.5170415533e+00  2.6533352799e+00  4.4079820809e+00  1.6305029832e+00  3.2207677509e+00  2.1856700983e+00  1.7008122707e+00  4.0750898879e+00  3.0150346702e+00  2.4563444156e+00  3.2821830844e+00  7.9153937593e-01  1.9400450008e+00  1.2257177204e+00 -2.2362391430e+00  1.3539864622e+00  6.6415773468e-01 -4.9472584830e-01 -3.6322459523e-01  2.5630379347e+00 -1.5332180975e+00  1.6026662529e+00  2.0170443841e+00  1.5656661256e-01 -8.0518546885e-02  7.0863630923e-01 -2.0007013743e+00 -7.1600061987e-02 -6.4540736566e-01 -2.6659264022e+00 -2.8257986252e-01  4.1628503956e+00  3.0237616016e-01  2.8410231081e+00  2.4490089657e+00 -1.0552450957e-01  1.2968439125e+00  4.0376971116e+00  4.2540731312e+00  1.8491725544e+00 -1.0344331264e+00 -2.4881716106e+00 -1.6506090091e+00  5.7410788123e+00  3.1537598293e+00  3.8570277870e+00  1.1388138069e+00  2.9459376659e+00  1.0329598112e+00  5.6158624871e+00  6.6266208201e-01  4.2487775082e+00  2.2950141599e+00  5.4159182989e+00  1.4732607640e+00  1.3506033949e+00 -3.3091118938e+00  1.5448472745e+00  4.9191483206e-01 -1.8595313205e+00  2.0785105303e+00 -9.9378173603e-02 -2.3111944326e-02  2.6996595895e-01  3.8209533766e-01 -3.2261558625e-01 -1.4057995645e+00  2.8728242209e+00 -1.6394065823e+00  2.6406638432e+00  3.3520629369e+00 -1.9903076128e+00  9.8268718930e-01  2.7718374754e+00 -2.4535724264e-01 -7.7839098721e-01  1.9666291885e+00  1.2293522680e+00 -2.5471671476e-01  1.4136017208e+00 -2.4635062585e+00 -7.7707384844e-01 -1.3884181154e+00 -2.2139437674e+00  3.9330151728e-01 -5.7222008719e-01 -3.7364663743e+00 -3.7869613234e-02 -1.9009128203e+00 -2.9033234197e+00 -1.7772341285e+00
ENERGY -7.650497284491e+02

JOB 8
COORDS  5.2964317853e+00  2.6765243614e+00  3.3337692930e+00  2.5623546041e+00  3.1395959067e+00  1.2098988434e+00  5.2241914604e+00  1.3021509321e+00  3.6557392861e+00  3.0785231788e+00  4.3939581546e+00  1.4486125985e+00  3.6759467745e+00  2.1231360335e+00  1.5727421457e+00  4.4418607329e+00  3.0405222706e+00  2.3181005874e+00  3.7066918568e+00  7.6964288116e-01  1.9680727014e+00  1.6686515818e+00 -2.2700679057e+00  1.7082607708e+00  9.9863571353e-01 -6.3011402322e-01 -7.7978547803e-02  3.0480810859e+00 -1.6054610360e+00  1.7701650826e+00  2.3965328863e+00 -1.8321267576e-02  2.1895468191e-02  1.0193646956e+00 -2.1116641592e+00  3.2569564744e-01 -3.7259313107e-01 -2.7305182321e+00  2.9900546878e-01  4.5141269810e+00  3.8919725988e-01  2.9976509844e+00  2.9504606342e+00 -2.0475929901e-01  1.3628993128e+00  4.4875923827e+00  4.1669338572e+00  1.5055936287e+00 -8.8803213015e-01 -2.6379130901e+00 -1.0349857900e+00  5.9562724381e+00  3.3656801078e+00  3.8483333263e+00  1.5185008922e+00  2.8924756814e+00  1.0500665929e+00  5.8060579398e+00  9.2173700800e-01  4.4950929318e+00  2.7245277618e+00  5.4031810560e+00  1.2883761457e+00  1.7744124003e+00 -3.3318540174e+00  1.9623442598e+00  1.0259136001e+00 -1.8139826497e+00  2.4725651084e+00  3.1917373138e-01 -8.0246303537e-02  5.8715554842e-01  6.1935845960e-01 -5.2552165314e-01 -1.0984370424e+00  3.4618070225e+00 -1.6441871146e+00  2.7757485892e+00  3.7488562552e+00 -2.1354001860e+00  1.1043473220e+00  3.0627345763e+00 -5.0542003672e-01 -7.0995147519e-01  2.3736912445e+00  1.0409484313e+00 -2.2534500633e-01  1.6316923840e+00 -2.6552059062e+00 -4.0819264715e-01 -1.0276957940e+00 -2.1970086567e+00  1.0056620669e+00 -3.1478274966e-01 -3.7820105591e+00  6.1876597362e-01 -1.7762503243e+00 -3.0253786461e+00 -1.0462053945e+00
ENERGY -7.650076852901e+02

