JOB 0
COORDS  6.1071519031e+00 -5.4264387366e-02  2.7022717359e-01  5.4455349063e+00  1.1477616036e+00  4.0184326432e-01  4.0073060826e+00 -5.3723933883e-01  3.4358366815e-01  6.3551307847e-01 -1.1941638806e+00 -1.1364786344e+00  2.6616170515e+00 -2.6183626774e+00  9.7819572962e-01  2.0100801422e+00 -1.4474365575e+00  1.6827603254e+00  2.7030701123e+00 -1.2486606219e+00  3.4361988981e-01  2.3939578944e-01 -1.0439103764e+00 -2.5989347690e+00  2.9997492250e+00  1.7782148265e+00  5.6545662259e-01  5.2047748982e+00 -1.0947622097e+00  2.3188278210e-01  4.1015170598e+00  8.3242860844e-01  4.5420995439e-01  1.9647530437e+00 -9.6724837885e-01 -8.8082881803e-01 -1.9355534968e-01 -1.4919468065e+00 -2.7769921458e-01  7.1738068092e+00 -2.2639678493e-01  2.0559959464e-01  5.7947313570e+00  2.1690722611e+00  4.6725400356e-01  3.6000810791e+00 -3.0138621058e+00  1.3503487110e+00  1.9905228465e+00 -3.3370506311e+00  5.1943650479e-01  9.2911490622e-01 -1.4158270742e+00  1.6969275645e+00  2.5200168753e+00 -1.0261877547e+00  2.5448206478e+00  9.7873014977e-01 -5.0924933594e-01 -3.2024475986e+00 -7.1688174348e-01 -5.1937501990e-01 -2.6484767789e+00  9.3215010321e-02 -2.0407389600e+00 -3.0273379337e+00  2.7214039269e+00  2.1762009145e+00 -4.1554378781e-01  3.2918922106e+00  2.6039837575e+00  1.2183797248e+00  2.1333010013e+00  1.2758909616e+00  9.9560904280e-01  2.5636735634e+00 -8.9711241315e-01 -1.6948610359e+00
ENERGY -5.903508269021e+02

JOB 1
COORDS  6.1015439272e+00  9.7384893882e-03  3.6112981463e-01  5.4056177926e+00  1.1970146821e+00  4.3860212070e-01  4.0128371829e+00 -5.2496276591e-01  3.7545761266e-01  6.3169385049e-01 -9.8909402742e-01 -1.0835027190e+00  2.7229059191e+00 -2.6596221343e+00  9.3616947012e-01  2.0177221569e+00 -1.5393501316e+00  1.6633210475e+00  2.7243624383e+00 -1.2639766842e+00  3.4755792165e-01  2.1444006253e-01 -1.0062683459e+00 -2.5480057579e+00  2.9377200826e+00  1.7639557570e+00  4.9813882690e-01  5.2269139598e+00 -1.0548065846e+00  3.2014656833e-01  4.0690310399e+00  8.4768114200e-01  4.5503968737e-01  1.9909437641e+00 -9.9940987289e-01 -8.8091830752e-01 -2.0678084267e-01 -9.5088425148e-01 -1.8419215293e-01  7.1737974889e+00 -1.3614769464e-01  3.3650196412e-01  5.7266265796e+00  2.2283818483e+00  4.8896654544e-01  3.6686561278e+00 -3.0313956308e+00  1.3141620377e+00  2.0964378285e+00 -3.3875076006e+00  4.2985590841e-01  9.3620184323e-01 -1.5243396649e+00  1.6579053630e+00  2.4984659761e+00 -1.1309324217e+00  2.5476428401e+00  1.0272463993e+00 -7.7250019958e-01 -3.2417674765e+00 -5.9814156599e-01 -2.9033942956e-01 -2.6872373392e+00 -1.7562442278e-01 -2.0003509885e+00 -2.7889965126e+00  2.6912336015e+00  2.1308749316e+00 -5.0321950330e-01  3.1789964390e+00  2.6121254185e+00  1.1431705517e+00  2.0666157327e+00  1.2482523692e+00  9.0289379687e-01  2.5531462291e+00 -1.1586897698e+00 -1.7091916288e+00
ENERGY -5.903516537810e+02

JOB 2
COORDS  6.0907321277e+00  2.0084917865e-02  4.4730676460e-01  5.3639732517e+00  1.1911978415e+00  4.6649103864e-01  4.0173393175e+00 -5.6480131010e-01  3.7817720362e-01  6.7164278915e-01 -8.4941057647e-01 -1.0654997724e+00  2.7822500205e+00 -2.7462996476e+00  8.6576102723e-01  2.0181596308e+00 -1.6732507242e+00  1.5986929596e+00  2.7474935304e+00 -1.3331151899e+00  3.1302081468e-01  1.5407703228e-01 -9.9390154091e-01 -2.4895531084e+00  2.8816590700e+00  1.6975840888e+00  4.0240238217e-01  5.2444426373e+00 -1.0667379553e+00  3.9010700661e-01  4.0366292583e+00  8.0941903217e-01  4.3138136312e-01  2.0164136181e+00 -1.0910263352e+00 -9.1798385979e-01 -7.3806989492e-02 -5.1992501404e-01 -1.4370024642e-01  7.1661836398e+00 -9.9753516395e-02  4.7401740463e-01  5.6579406883e+00  2.2310354350e+00  5.0695098356e-01  3.7320203521e+00 -3.0895847861e+00  1.2601055774e+00  2.2026207373e+00 -3.4847302628e+00  3.2015808631e-01  9.3657468477e-01 -1.6827394066e+00  1.5664384069e+00  2.4553828796e+00 -1.2703709462e+00  2.5073192821e+00  9.4390177223e-01 -9.9146746747e-01 -3.2464415453e+00 -5.4573960657e-01 -1.8085546718e-01 -2.6920379654e+00 -3.9923154386e-01 -1.9354607521e+00 -2.5674678330e+00  2.6824654776e+00  2.0462944987e+00 -6.1597569534e-01  3.0684493337e+00  2.5596861047e+00  1.0471251720e+00  2.0000474632e+00  1.1680269417e+00  7.6508268428e-01  2.5007500338e+00 -1.4247489273e+00 -1.7434638022e+00
ENERGY -5.903535913883e+02

JOB 3
COORDS  6.1742422325e+00  1.0191815612e-01  4.4283368814e-01  5.4233170588e+00  1.2576331705e+00  4.4987849481e-01  4.1124072367e+00 -5.2496796387e-01  3.7110662311e-01  8.3836311651e-01 -7.1787491548e-01 -1.0665580503e+00  2.9412992875e+00 -2.7310427846e+00  8.9707295000e-01  2.1214951227e+00 -1.6696593281e+00  1.5831942399e+00  2.8670039482e+00 -1.3346534120e+00  3.0622328693e-01  2.4396762034e-01 -8.9364598278e-01 -2.4557575474e+00  2.9376051284e+00  1.7234800723e+00  3.7699475449e-01  5.3503665620e+00 -1.0015040535e+00  3.9192999526e-01  4.1041001434e+00  8.4965003697e-01  4.1197532249e-01  2.1250591423e+00 -1.1734314144e+00 -9.2790993103e-01  1.9580987234e-01 -1.9616569631e-01 -1.5496848314e-01  7.2518520262e+00  4.1395004962e-03  4.7401852208e-01  5.6952655646e+00  2.3037376236e+00  4.8317940579e-01  3.8949407674e+00 -3.0246477444e+00  1.3206567124e+00  2.4050052021e+00 -3.5069384215e+00  3.5925726180e-01  1.0414210356e+00 -1.7164847638e+00  1.5252032461e+00  2.5156480793e+00 -1.2279304414e+00  2.4930710406e+00  9.8261585128e-01 -1.1434024234e+00 -3.2229016573e+00 -2.7161547431e-01  2.7485746205e-02 -2.7352040199e+00 -5.0352343206e-01 -1.6923109018e+00 -2.4176410814e+00  2.7854212141e+00  2.1266739222e+00 -6.2957588725e-01  3.0808526011e+00  2.5519023812e+00  1.0753542131e+00  2.0456830692e+00  1.1657805145e+00  6.6344845532e-01  2.5547264467e+00 -1.6022569337e+00 -1.7387333602e+00
ENERGY -5.903557723684e+02

JOB 4
COORDS  6.1386737507e+00  2.7158502924e-02  1.3405224600e-01  5.4148289539e+00  1.1754111986e+00  3.7466593214e-01  4.0832787765e+00 -5.9243576566e-01  3.4570646601e-01  9.4408764688e-01 -7.7674536641e-01 -1.1443202367e+00  2.9128949775e+00 -2.7238522914e+00  1.1348267408e+00  2.0671710614e+00 -1.5906736459e+00  1.6560846005e+00  2.8439731283e+00 -1.4158259160e+00  3.6915009925e-01  3.5579771415e-01 -1.0278117974e+00 -2.5236912412e+00  2.9770489444e+00  1.6512772367e+00  8.2107227864e-01  5.3020292097e+00 -1.0663009570e+00  1.1644606770e-01  4.1000254455e+00  7.7381080416e-01  5.0492854306e-01  2.1101860458e+00 -1.4429491654e+00 -8.7812280484e-01  3.8727341733e-01 -2.9632349638e-02 -3.3750019490e-01  7.2049502105e+00 -7.0870030799e-02 -2.5299149999e-02  5.7036247644e+00  2.2134625729e+00  4.6692464932e-01  3.8550855581e+00 -2.9505264491e+00  1.6208435490e+00  2.3994951770e+00 -3.5711393362e+00  6.9068931035e-01  9.8934933363e-01 -1.6566071627e+00  1.5714638271e+00  2.4250776420e+00 -1.0358958651e+00  2.5176488530e+00  9.8776093811e-01 -1.6434366404e+00 -3.1698887408e+00  1.7724367759e-01 -6.4385552884e-02 -3.0075506354e+00 -6.1370586302e-01 -1.5198895115e+00 -2.4043588054e+00  2.9974602966e+00  2.5242389931e+00  1.6311923326e-01  3.0390072469e+00  1.9885488490e+00  1.8611002509e+00  2.0367512885e+00  1.1222106599e+00  6.6653465640e-01  2.5303677617e+00 -1.9846605041e+00 -1.6230420590e+00
ENERGY -5.903569477581e+02

JOB 5
COORDS  5.8671518520e+00 -1.0239181856e+00 -7.4838882393e-02  5.5019533955e+00  2.4945394340e-01 -4.5699187386e-01  3.7496005501e+00 -8.6486168429e-01  3.0735189701e-01  8.3639866184e-01 -1.2017808881e+00 -1.3200253369e+00  2.1008820390e+00 -1.7531449869e+00  2.0601920480e+00  1.5732085257e+00 -3.9661791313e-01  1.6681140277e+00  2.3483665259e+00 -1.2189399443e+00  6.6316070806e-01  2.3537864550e-01 -2.0734189479e+00 -2.4102598146e+00  3.3365187065e+00  1.5426903778e+00 -4.2212808667e-01  4.7714635432e+00 -1.7086471960e+00  3.9830638551e-01  4.1450532815e+00  3.4345253970e-01 -2.1816771834e-01  1.5909583223e+00 -1.8639762693e+00 -3.8815312061e-01  6.3209102974e-01  1.2822197795e-02 -1.2845446348e+00  6.8487720790e+00 -1.4787398121e+00 -1.1394274856e-01  6.0650334936e+00  1.0783323778e+00 -8.6337253162e-01  2.9626346867e+00 -1.8137875040e+00  2.7154059064e+00  1.3877999938e+00 -2.5668101180e+00  2.1503566593e+00  5.1152415120e-01 -2.8120392418e-01  1.4839621550e+00  2.0652747726e+00  4.8224943627e-01  2.0716881305e+00  4.3504600665e-01 -3.1409061572e+00 -2.2828247521e+00  6.3487849712e-01 -1.7490287505e+00 -3.3753100011e+00 -8.4520999117e-01 -1.9110112614e+00 -2.4309532212e+00  2.2935448902e+00  1.2623072537e+00 -5.6737251790e-01  3.6873896556e+00  2.0606019007e+00 -1.3177778921e+00  3.4273406497e+00  2.2178542780e+00  4.3580818561e-01  1.8320274534e+00 -2.8302324869e+00 -5.7239945707e-01
ENERGY -5.903575963352e+02

JOB 6
COORDS  5.4207891897e+00 -1.1318063107e+00 -2.6872833504e-01  5.0890268787e+00  1.8671166881e-01 -4.9776730846e-01  3.3446370375e+00 -9.2710544934e-01  2.8462802821e-01  5.7868014405e-01 -1.2561091724e+00 -1.3311319382e+00  1.7818402126e+00 -1.7988484989e+00  2.1324221082e+00  1.2461326710e+00 -4.3894481520e-01  1.7603252747e+00  1.9648658396e+00 -1.2744652818e+00  7.2369863313e-01 -3.0371903309e-03 -2.1344355031e+00 -2.4254822358e+00  2.9912362596e+00  1.5522330143e+00 -2.0253254831e-01  4.3311492023e+00 -1.8151493449e+00  2.1780662446e-01  3.7583454755e+00  3.1073097118e-01 -1.4974617309e-01  1.1393966344e+00 -1.9270608199e+00 -2.7276299629e-01  5.2450279880e-01 -2.7847176172e-02 -1.3928927812e+00  6.3749504197e+00 -1.6187328701e+00 -4.2534637864e-01  5.6594622512e+00  1.0290521866e+00 -8.6399203415e-01  2.6725888161e+00 -1.8602138248e+00  2.7475930756e+00  1.0683331153e+00 -2.6064935092e+00  2.2646893982e+00  1.7676480110e-01 -3.2010757645e-01  1.6269045590e+00  1.7611527519e+00  4.3533320591e-01  2.1437077392e+00 -6.5987259717e-02 -3.1911227237e+00 -2.1515496439e+00  6.2285627854e-01 -2.0382613357e+00 -3.3181314113e+00 -9.9941649357e-01 -1.7660982065e+00 -2.6793325549e+00  1.9448000072e+00  1.3225227044e+00 -3.9783428850e-01  3.3724566999e+00  2.1666892365e+00 -1.0209587820e+00  3.0925976696e+00  2.1099518579e+00  7.3489081432e-01  1.3346859656e+00 -2.9124895689e+00 -4.0871153921e-01
ENERGY -5.903573984790e+02

JOB 7
COORDS  5.3858050108e+00 -1.1377294182e+00 -3.6306054284e-01  5.0490433341e+00  1.9032020136e-01 -5.1737670357e-01  3.3318497967e+00 -9.5625591423e-01  2.7740965327e-01  7.5774326127e-01 -1.4007087014e+00 -1.3847465234e+00  1.8374537264e+00 -1.8466889046e+00  2.1785535941e+00  1.2823083534e+00 -4.8980311209e-01  1.8221345996e+00  1.9745621824e+00 -1.3271185777e+00  7.6548449989e-01  2.3990702883e-01 -2.3486634220e+00 -2.4520587291e+00  2.9650941712e+00  1.5402833967e+00 -1.0099172242e-01  4.3135621512e+00 -1.8409146365e+00  1.3281388883e-01  3.7334536031e+00  2.9967962941e-01 -1.1270829197e-01  1.1167889835e+00 -1.9957191530e+00 -1.9682933401e-01  8.3706876835e-01 -1.8795016364e-01 -1.5706697801e+00  6.3321475120e+00 -1.6176720168e+00 -5.7799813667e-01  5.6053800598e+00  1.0471958676e+00 -8.7121036522e-01  2.7472085173e+00 -1.9008736000e+00  2.7659234349e+00  1.1338911267e+00 -2.6584239946e+00  2.3383881502e+00  2.0773611886e-01 -3.8187897740e-01  1.7224993942e+00  1.8013605931e+00  3.8650708563e-01  2.1951106601e+00 -2.0187368777e-01 -3.2584128471e+00 -2.0352497007e+00  1.0741117048e+00 -2.6363304447e+00 -3.1013079450e+00 -4.9958528693e-01 -1.8272509947e+00 -3.0615080634e+00  1.9204673515e+00  1.3165507144e+00 -3.0805020035e-01  3.3420993312e+00  2.1935547919e+00 -8.9048076073e-01  3.0676501785e+00  2.0526916350e+00  8.6170639238e-01  1.2458447981e+00 -3.0013988303e+00 -2.3635699966e-01
ENERGY -5.903561859458e+02

JOB 8
COORDS  5.3487138390e+00 -1.1161740098e+00 -4.4594377823e-01  5.0306819486e+00  2.2236957134e-01 -5.3697496276e-01  3.3139197414e+00 -9.2945339703e-01  2.4788144491e-01  8.7325135842e-01 -1.4002290647e+00 -1.4457124369e+00  1.8735494359e+00 -1.8611877033e+00  2.1689229241e+00  1.3517810097e+00 -4.7225286588e-01  1.8912125003e+00  1.9689379979e+00 -1.2936884784e+00  7.7287004883e-01  3.0961558289e-01 -2.3851545917e+00 -2.4546962613e+00  2.9659922828e+00  1.5775654920e+00 -5.1255738555e-02  4.2773869720e+00 -1.8227159931e+00  4.7069413759e-02  3.7276269112e+00  3.3522187320e-01 -9.6523950891e-02  1.0441022401e+00 -1.9018065482e+00 -1.7316715634e-01  1.1421686553e+00 -2.3898661462e-01 -1.7433143138e+00  6.2821116363e+00 -1.6011491876e+00 -7.0209650838e-01  5.5915213376e+00  1.0837380331e+00 -8.7224980330e-01  2.8051660652e+00 -1.9714277858e+00  2.7123514926e+00  1.1475839331e+00 -2.6523916886e+00  2.3343727064e+00  2.7763244182e-01 -3.2682298866e-01  1.8456003266e+00  1.9172789663e+00  3.6898552136e-01  2.2777276141e+00 -3.0772605621e-01 -3.1607146375e+00 -1.9917760181e+00  1.1428073493e+00 -2.8717515795e+00 -2.9736529012e+00 -2.7918248828e-01 -1.8396573785e+00 -3.1933576920e+00  1.9195575373e+00  1.3632622103e+00 -2.5725687958e-01  3.3381059197e+00  2.2463746969e+00 -8.2968079852e-01  3.0749244384e+00  2.0688292577e+00  9.2165394422e-01  1.0237488981e+00 -2.9149376379e+00 -1.1881484718e-01
ENERGY -5.903538849912e+02

JOB 9
COORDS  5.3328818067e+00 -1.0816065058e+00 -4.3891208786e-01  5.0089137001e+00  2.5656711627e-01 -5.1479170230e-01  3.2913487370e+00 -9.1466239916e-01  2.3567256077e-01  9.5331748655e-01 -1.4162342061e+00 -1.5185057872e+00  1.8699978861e+00 -1.9165367016e+00  2.1269000048e+00  1.3977401497e+00 -4.9309052448e-01  1.9456120620e+00  1.9478454900e+00 -1.2775176413e+00  7.6333371698e-01  2.9896132738e-01 -2.4153295764e+00 -2.4576879443e+00  2.9201119053e+00  1.5844316531e+00 -5.1754691909e-02  4.2603694569e+00 -1.8005253017e+00  3.4099814752e-02  3.7031963446e+00  3.5674707461e-01 -8.1422324245e-02  9.6703841405e-01 -1.7893447349e+00 -1.9033863523e-01  1.4159596783e+00 -3.5119643480e-01 -1.9175534186e+00  6.2710347132e+00 -1.5584343672e+00 -6.9275832392e-01  5.5674931016e+00  1.1246188792e+00 -8.3632008624e-01  2.8118602201e+00 -2.0972988496e+00  2.6323006826e+00  1.1156303209e+00 -2.6847522084e+00  2.2765847450e+00  3.2893652581e-01 -3.0495783336e-01  1.9449885599e+00  2.0088557152e+00  3.0173337909e-01  2.3610840167e+00 -4.6075083272e-01 -3.0291244321e+00 -1.9643635035e+00  1.0725726367e+00 -3.0797224375e+00 -2.8581531349e+00 -1.5148056678e-01 -1.8757896087e+00 -3.2918374533e+00  1.8820173041e+00  1.3537133707e+00 -2.8197173491e-01  3.2958024167e+00  2.2616042840e+00 -8.2094283848e-01  2.9942252421e+00  2.0757602701e+00  9.2430892404e-01  7.5339334369e-01 -2.7703221299e+00 -4.5311618860e-02
ENERGY -5.903506697269e+02

JOB 10
COORDS  5.3644440254e+00 -1.0250027650e+00 -3.3614535210e-01  5.0000072302e+00  2.9914357839e-01 -4.6106910351e-01  3.2910879150e+00 -9.1203977909e-01  2.4155195388e-01  1.0175652625e+00 -1.4595067267e+00 -1.5905766470e+00  1.8693619483e+00 -2.0153805294e+00  2.0589083943e+00  1.4367049025e+00 -5.6742384872e-01  1.9900984704e+00  1.9414671425e+00 -1.2836868025e+00  7.4403168120e-01  1.9540179732e-01 -2.4133729451e+00 -2.4434534907e+00  2.8412364796e+00  1.5560076538e+00 -1.1813469526e-01  4.2955183014e+00 -1.7690397522e+00  1.0686456450e-01  3.6756927828e+00  3.6472401105e-01 -8.3266909121e-02  9.2565151133e-01 -1.6796460039e+00 -2.3236610457e-01  1.6854672828e+00 -5.5684230918e-01 -2.0860688008e+00  6.3280060981e+00 -1.4757372715e+00 -5.3658742231e-01  5.5424688980e+00  1.1769375686e+00 -7.8376749437e-01  2.8139986339e+00 -2.2626182822e+00  2.5296023664e+00  1.0945072419e+00 -2.7700496379e+00  2.1720321326e+00  3.7366193251e-01 -3.4988347892e-01  2.0285522086e+00  2.0793806179e+00  1.7893479321e-01  2.4470487993e+00 -6.8094238629e-01 -2.8086044187e+00 -1.9204338974e+00  8.2945111729e-01 -3.2562028250e+00 -2.7396773318e+00 -1.2352116428e-01 -1.8935843648e+00 -3.3478449355e+00  1.8287139380e+00  1.2796268363e+00 -4.0714483649e-01  3.2320557391e+00  2.2421740261e+00 -8.7148619309e-01  2.8299593937e+00  2.0591434117e+00  8.5467839000e-01  4.7472062404e-01 -2.5559728477e+00  4.0626249821e-03
ENERGY -5.903472146203e+02

JOB 11
COORDS  5.3023063034e+00 -8.7105010100e-01 -7.0575896040e-03  4.8471885224e+00  3.9948507033e-01 -2.8804623923e-01  3.1799668512e+00 -9.0015127271e-01  3.5441519878e-01  9.7336007456e-01 -1.4932362489e+00 -1.6140842360e+00  1.7491303290e+00 -2.2110508764e+00  1.9977849910e+00  1.2913507543e+00 -7.6947714582e-01  2.0936905019e+00  1.8220267698e+00 -1.3279348356e+00  7.7866186971e-01 -1.4655975022e-01 -2.1428665936e+00 -2.4168401948e+00  2.5570868213e+00  1.4509351217e+00 -3.3160087573e-01  4.2580445340e+00 -1.6698419473e+00  4.0097603278e-01  3.4921210440e+00  3.7972504750e-01 -3.1095416505e-02  8.2447881136e-01 -1.5906090381e+00 -2.5302565794e-01  1.9108137568e+00 -9.2820861671e-01 -2.1714388547e+00  6.3155980663e+00 -1.2471975750e+00 -6.5577381106e-02  5.3466223476e+00  1.2919324678e+00 -6.3904906715e-01  2.6926082406e+00 -2.4952365631e+00  2.4490264427e+00  9.8781789239e-01 -2.9871811191e+00  2.0063253588e+00  2.2374911738e-01 -5.7412819418e-01  2.1549536485e+00  1.9178824771e+00 -6.7253764660e-02  2.6354653376e+00 -1.0423550281e+00 -2.3669200304e+00 -1.8296059357e+00  2.3163710327e-01 -3.0758634052e+00 -2.8465396999e+00 -4.1334816855e-01 -1.4812122844e+00 -3.2432939392e+00  2.2650304806e+00  1.4100095858e+00 -1.3839192640e+00  3.0207044943e+00  2.4144274138e+00 -1.0538224656e-01  1.6650818644e+00  1.3377466317e+00  2.8678583359e-01  4.4849863922e-02 -2.1545138094e+00  6.0227129975e-02
ENERGY -5.903461050712e+02

JOB 12
COORDS  4.2194346086e+00  1.7095491766e+00  7.0393679636e-01  4.9590671228e+00  1.0882858551e+00 -2.7966229529e-01  3.2281080545e+00 -1.5993841233e-01  2.9397754114e-01  9.7392424580e-01 -5.2772351813e-01 -1.6262496603e+00  2.8619371440e+00 -2.6649938161e+00  7.6788238840e-01  2.0275378575e+00 -1.8758409507e+00  1.7525001187e+00  2.2851791893e+00 -1.3067087166e+00  3.8219638203e-01 -4.6807468518e-01 -3.4603464793e-01 -2.0766313670e+00  4.6704942534e+00 -1.0252790621e+00 -1.6076623850e+00  3.1496323778e+00  9.2104693415e-01  1.0599031886e+00  4.3283590186e+00 -1.1311063478e-01 -5.2689921615e-01  1.1279645787e+00 -1.3208019229e+00 -5.1148767616e-01  1.9094653921e+00 -1.2718877201e-02 -2.2318998411e+00  4.4051433399e+00  2.6643645242e+00  1.1790424843e+00  5.8489788592e+00  1.3831450692e+00 -8.1843428509e-01  3.9309869683e+00 -2.7309717438e+00  9.4672221904e-01  2.4118583756e+00 -3.5359060918e+00  3.0074710011e-01  1.0241077449e+00 -2.2358956986e+00  1.9678703491e+00  2.5179044991e+00 -1.3835670201e+00  2.5844000640e+00 -1.1221395098e+00 -1.1689534742e+00 -1.7724021475e+00 -4.8845800157e-01 -2.4722786992e-01 -3.1628618149e+00 -8.5627126865e-01  5.8235862726e-01 -1.6438446059e+00  4.3088503040e+00 -6.2968270566e-01 -2.5589662411e+00  4.1933241563e+00 -1.9892042048e+00 -1.4350557443e+00  5.7546086116e+00 -1.1650780799e+00 -1.6382356189e+00  2.6001320749e-01 -1.5323424147e+00 -3.3794448243e-02
ENERGY -5.903477952849e+02

JOB 13
COORDS  4.1670339229e+00  2.0693468410e+00  7.3054825125e-01  4.9565190837e+00  1.4736680961e+00 -2.3031616309e-01  3.3258966237e+00  1.1378610536e-01  3.8380497723e-01  1.0292863073e+00 -3.6693297923e-01 -1.4293547734e+00  3.0938660339e+00 -2.4442188321e+00  6.8554398539e-01  2.3614611226e+00 -1.7799990782e+00  1.8276992424e+00  2.4452988508e+00 -1.0809759383e+00  4.9427115949e-01 -4.0039903440e-01  3.4844088527e-02 -1.7503975383e+00  4.8882226225e+00 -7.3780916462e-01 -1.4326272580e+00  3.1596263715e+00  1.2136435869e+00  1.1098244459e+00  4.4141780046e+00  2.2397013083e-01 -4.4692250642e-01  1.1860321108e+00 -1.0580539728e+00 -2.4547409378e-01  1.9655778048e+00 -1.0854402491e-01 -2.1804217560e+00  4.2721349295e+00  3.0546598456e+00  1.1665026834e+00  5.8265920910e+00  1.8156978618e+00 -7.7335082428e-01  4.1768414252e+00 -2.4929972543e+00  7.3649910485e-01  2.6142613479e+00 -3.2810849721e+00  1.8818903119e-01  1.3973632627e+00 -2.1902053010e+00  2.1173105935e+00  2.9355682907e+00 -1.3473641870e+00  2.6391456787e+00 -1.1387181367e+00 -6.5582450989e-01 -1.3316945699e+00 -5.2000627009e-01  8.6452990142e-02 -2.8332457632e+00 -5.8810157560e-01  1.0318024755e+00 -1.3365494546e+00  4.0390612193e+00 -1.2832943627e+00 -1.8391920606e+00  5.6110235478e+00 -1.4317630730e+00 -9.9041255005e-01  5.3678047288e+00 -1.9751492037e-01 -2.2508123687e+00  3.7518795627e-01 -1.0050152785e+00  3.6183397389e-01
ENERGY -5.903506678114e+02

JOB 14
COORDS  4.1207209911e+00  2.0717211076e+00  7.5411198794e-01  4.9067899196e+00  1.4978105144e+00 -2.2256444309e-01  3.3003080327e+00  1.0881367201e-01  3.9476073288e-01  9.8982413569e-01 -4.7881047554e-01 -1.4425597271e+00  3.0280047567e+00 -2.4693905816e+00  5.8349829401e-01  2.3785134299e+00 -1.8461958618e+00  1.7952713145e+00  2.4135235832e+00 -1.0833193484e+00  4.9299771159e-01 -3.9613218336e-01  3.3461165481e-02 -1.7928591617e+00  4.8825756709e+00 -7.1162104031e-01 -1.4272345291e+00  3.1267899078e+00  1.2006690263e+00  1.1325664956e+00  4.3761134587e+00  2.4426540798e-01 -4.4990491729e-01  1.1194721128e+00 -9.8935419858e-01 -1.6831614136e-01  1.9203549880e+00 -4.5085783560e-01 -2.2439900586e+00  4.2186900533e+00  3.0530442895e+00  1.2006953482e+00  5.7685218267e+00  1.8555359103e+00 -7.6879416009e-01  4.1098105282e+00 -2.5495452650e+00  5.7215749873e-01  2.4987531027e+00 -3.2650166312e+00  6.9805097938e-02  1.4172994800e+00 -2.2397227629e+00  2.1140383540e+00  3.0100258933e+00 -1.4725761528e+00  2.5934156964e+00 -1.1889892490e+00 -4.7399255674e-01 -1.2353895379e+00 -5.6180222371e-01 -9.2593805561e-02 -2.8635939517e+00 -4.4393807352e-01  1.1036211974e+00 -1.5629686499e+00  4.0507999026e+00 -1.2839313574e+00 -1.8321556287e+00  5.6254401918e+00 -1.3777203735e+00 -9.7533732341e-01  5.3506294838e+00 -1.6213185665e-01 -2.2462130766e+00  3.6634551748e-01 -7.2984005040e-01  4.6050648765e-01
ENERGY -5.903538823778e+02

JOB 15
COORDS  4.3238730503e+00  2.1263902820e+00  9.2054751859e-01  5.0782630520e+00  1.5631336618e+00 -8.6776442570e-02  3.4930215406e+00  1.6573299389e-01  5.6734610081e-01  1.1337016463e+00 -6.2482570579e-01 -1.2775067732e+00  3.1824316858e+00 -2.4192571539e+00  7.1910712728e-01  2.5992930392e+00 -1.8030971531e+00  1.9668416779e+00  2.5994996213e+00 -1.0211106603e+00  6.7266299298e-01 -2.3399631683e-01 -1.0977204323e-01 -1.6896311619e+00  5.0293686205e+00 -6.4070162459e-01 -1.3033560266e+00  3.3439792683e+00  1.2497814620e+00  1.3220334647e+00  4.5390322689e+00  3.1244168964e-01 -3.1312062454e-01  1.2882029844e+00 -8.8349194318e-01  6.4481012148e-02  2.0311120632e+00 -8.1154718690e-01 -2.0973506752e+00  4.4352515232e+00  3.1032360487e+00  1.3738237320e+00  5.9246091994e+00  1.9256084492e+00 -6.5358331035e-01  4.2605203631e+00 -2.5211504319e+00  6.5739150558e-01  2.6163384651e+00 -3.1937270924e+00  2.1305158656e-01  1.6411427327e+00 -2.1749145763e+00  2.3178732617e+00  3.2734508436e+00 -1.4573696507e+00  2.7423976265e+00 -1.0056862772e+00 -2.7388856437e-01 -9.3236311600e-01 -5.2852644553e-01 -5.9571212115e-01 -2.6217611044e+00 -1.5665049373e-01  9.6523527554e-01 -1.8826802876e+00  4.1934268286e+00 -1.2259427175e+00 -1.6812415073e+00  5.7946687850e+00 -1.2936727729e+00 -8.6992812069e-01  5.4679726245e+00 -8.7046084928e-02 -2.1360126654e+00  5.9054965822e-01 -4.6979030127e-01  6.7361570754e-01
ENERGY -5.903561883701e+02

JOB 16
COORDS  4.4461598530e+00  2.1206832789e+00  1.0446408731e+00  5.1355895883e+00  1.6017945418e+00 -3.0749191279e-02  3.5475264871e+00  2.0461706274e-01  6.1878939869e-01  1.1274415296e+00 -7.3054176298e-01 -1.2890120829e+00  3.1508603076e+00 -2.3758379847e+00  6.7797389793e-01  2.5958186413e+00 -1.7816870348e+00  1.9480673680e+00  2.6200485777e+00 -9.5878321629e-01  6.7741520401e-01 -2.2267538284e-01 -2.0303975799e-01 -1.7433967984e+00  4.9898626581e+00 -5.4108306908e-01 -1.3491233529e+00  3.4631805788e+00  1.2448392199e+00  1.4417359692e+00  4.5514725501e+00  3.8072749092e-01 -3.0478614662e-01  1.3209789638e+00 -7.5071620103e-01  6.9903631046e-02  1.9728353783e+00 -1.1231124221e+00 -2.0931066891e+00  4.6047255278e+00  3.0656579791e+00  1.5485737021e+00  5.9664601464e+00  1.9754185953e+00 -6.1306914280e-01  4.2247623718e+00 -2.5088747483e+00  6.0270493613e-01  2.5590552011e+00 -3.1127281133e+00  1.4672972011e-01  1.6243081190e+00 -2.1271671308e+00  2.2882339344e+00  3.2838241323e+00 -1.4845584524e+00  2.7316782103e+00 -9.6284808426e-01 -1.5162641848e-01 -9.4005460473e-01 -5.9894013107e-01 -8.4216383389e-01 -2.5446151363e+00 -8.3270409531e-02  8.0139136380e-01 -2.1560160877e+00  4.1353936086e+00 -1.1121039362e+00 -1.7095052543e+00  5.7674119508e+00 -1.2133735964e+00 -9.7030664454e-01  5.3989794240e+00  3.7863939453e-02 -2.1798446543e+00  6.6750035917e-01 -2.1708860116e-01  6.3206027069e-01
ENERGY -5.903573985988e+02

JOB 17
COORDS  4.7096361335e+00  2.1001294021e+00  1.3156501094e+00  5.2820669245e+00  1.6452196774e+00  1.4680224088e-01  3.6709087472e+00  2.7912286916e-01  8.0571531252e-01  1.1156350184e+00 -7.3737939485e-01 -1.1133010456e+00  3.1457494608e+00 -2.2763510608e+00  7.9113220848e-01  2.6191565898e+00 -1.6867491606e+00  2.0748879575e+00  2.6854168108e+00 -8.3631705351e-01  8.2161850637e-01 -2.4812070145e-01 -2.3914518402e-01 -1.5622232736e+00  4.9145288746e+00 -3.7240620537e-01 -1.3220392093e+00  3.7093106262e+00  1.2449187973e+00  1.7169082250e+00  4.6086780972e+00  4.8464755873e-01 -1.7962618460e-01  1.4085068305e+00 -5.3718373606e-01  2.0953592209e-01  1.8814502376e+00 -1.3016198116e+00 -1.8966242273e+00  4.9617194632e+00  2.9866663329e+00  1.8834905347e+00  6.0871380551e+00  2.0252784381e+00 -4.6688759434e-01  4.2132029489e+00 -2.4520575077e+00  7.0716114448e-01  2.5240587300e+00 -2.9727093073e+00  2.4067795375e-01  1.6306181078e+00 -1.9920185278e+00  2.4039053159e+00  3.3182136317e+00 -1.4393646222e+00  2.8659006127e+00 -8.2915874483e-01  2.3598810233e-01 -7.6706558589e-01 -8.1475790413e-01 -1.0848251488e+00 -1.9609373066e+00 -1.0658635625e-01  4.7518043567e-01 -2.3776845905e+00  4.0298112460e+00 -9.4556855139e-01 -1.5983820743e+00  5.7414595715e+00 -1.0504199742e+00 -1.0838361730e+00  5.2040892074e+00  2.5354619263e-01 -2.1692528643e+00  7.9392466053e-01  6.1573820541e-02  7.4741386277e-01
ENERGY -5.903575919843e+02

JOB 18
COORDS  4.8407738884e+00  1.8980145413e+00  1.6441024788e+00  5.3548220888e+00  1.5766572590e+00  4.0603217803e-01  3.7243472311e+00  1.8486777456e-01  9.5703430255e-01  1.2179743855e+00 -9.8342231564e-01 -1.1551877949e+00  3.1589338760e+00 -2.3550908928e+00  8.7369615895e-01  2.5144836075e+00 -1.7570736423e+00  2.0977067281e+00  2.7186002365e+00 -9.0732630498e-01  8.5750101105e-01 -1.3209466827e-01 -5.2012643478e-01 -1.6790781158e+00  4.8676891381e+00 -2.3812360109e-01 -1.2785437647e+00  3.8267682811e+00  1.0281191566e+00  1.9772739374e+00  4.6340650732e+00  4.8277847620e-01 -3.0871418625e-02  1.5254166144e+00 -5.6689352178e-01  1.1226502005e-01  1.9610231523e+00 -1.6906512585e+00 -1.8384831459e+00  5.1424543499e+00  2.6992180234e+00  2.3066813914e+00  6.1473459078e+00  2.0093926672e+00 -1.8903994815e-01  4.2289755550e+00 -2.5362547994e+00  8.9246922378e-01  2.5896905497e+00 -3.0461291005e+00  2.6408575492e-01  1.4926264470e+00 -2.0482594138e+00  2.3207691482e+00  3.1294779656e+00 -1.5143252240e+00  2.9568756452e+00 -6.5559523668e-01  1.6733947072e-01 -1.0087941021e+00 -7.6110324414e-01 -1.3992482604e+00 -1.8458415171e+00  1.6887872054e-02 -3.5089921652e-02 -2.6469294650e+00  4.0419040914e+00 -9.2243414938e-01 -1.4728671402e+00  5.8039986590e+00 -8.0320927916e-01 -1.2216755791e+00  4.9322938773e+00  4.7324775372e-01 -2.1062964592e+00  8.8408734228e-01  6.5129895568e-02  5.7502840897e-01
ENERGY -5.903569478208e+02

JOB 19
COORDS  5.1108821816e+00  1.7348722965e+00  1.6903950152e+00  5.4571381385e+00  1.5555774855e+00  3.6843270091e-01  3.7933404538e+00  2.0679932492e-01  9.2976403070e-01  1.2587905673e+00 -1.0912425214e+00 -1.2415202348e+00  3.0871307189e+00 -2.2920967510e+00  9.4691434332e-01  2.3598199408e+00 -1.5792677448e+00  2.0569448250e+00  2.7325970936e+00 -8.2606131816e-01  7.9272355773e-01 -5.6725344669e-02 -6.0316221302e-01 -1.8291375953e+00  4.5870552834e+00  5.7132237183e-02 -1.4750748370e+00  4.0740860452e+00  8.9302910421e-01  2.0299219784e+00  4.6156882166e+00  5.7043968497e-01 -1.1082219805e-01  1.6540034617e+00 -4.4596778658e-01 -9.7090617531e-02  1.9048401077e+00 -1.9930326477e+00 -1.7757959245e+00  5.5482568108e+00  2.4148756372e+00  2.4101711465e+00  6.2064433409e+00  2.0192298795e+00 -2.5843879588e-01  4.1406700279e+00 -2.5135829340e+00  1.0860757713e+00  2.5465388482e+00 -2.9975582808e+00  3.2869620074e-01  1.3051544467e+00 -1.8021314207e+00  2.1868945660e+00  2.8981215243e+00 -1.3058272976e+00  2.9572351476e+00 -4.0324531648e-01  3.4468162531e-01 -1.4072206877e+00 -8.2262463420e-01 -1.3648238170e+00 -1.6521306479e+00  6.0067182419e-02 -4.9781161546e-01 -2.9097181992e+00  4.0686920933e+00 -9.0162295930e-01 -1.5014962181e+00  5.6098139757e+00 -7.9460163932e-02 -1.8353842594e+00  4.0636498927e+00  7.5218013641e-01 -2.1398111639e+00  1.0379448943e+00  2.7078071941e-01  2.6716062281e-01
ENERGY -5.903557724106e+02

JOB 20
COORDS  5.0162460839e+00  1.6422764705e+00  1.7017522594e+00  5.3898224614e+00  1.4728874443e+00  3.8576810291e-01  3.7186902429e+00  1.1588876580e-01  9.0624557906e-01  1.0958174438e+00 -1.2560169054e+00 -1.2370134154e+00  3.0344467040e+00 -2.3835151340e+00  8.9854908823e-01  2.2439122419e+00 -1.6774766268e+00  1.9705057883e+00  2.6705700719e+00 -9.2130427178e-01  7.2542180972e-01 -1.9132527209e-01 -6.8330077378e-01 -1.8130474452e+00  4.5487053614e+00 -2.0116886717e-02 -1.4813886791e+00  3.9748530226e+00  7.9515907846e-01  2.0156952290e+00  4.5608992375e+00  4.8780258586e-01 -1.1554762465e-01  1.6467232445e+00 -5.1367215206e-01 -2.2009955280e-01  1.5914735282e+00 -2.2909762903e+00 -1.6810326080e+00  5.4373770471e+00  2.3186259407e+00  2.4344727906e+00  6.1500300760e+00  1.9433359128e+00 -2.2257326270e-01  4.0833382563e+00 -2.5865835334e+00  1.0926794222e+00  2.5321446236e+00 -3.0974029744e+00  2.5903840535e-01  1.1865692482e+00 -1.9129181678e+00  2.0448238336e+00  2.7316351426e+00 -1.3995172068e+00  2.8979939400e+00 -3.5875219086e-01  3.6657975658e-01 -1.5552935036e+00 -1.0353184612e+00 -1.2718955049e+00 -1.4388072359e+00 -1.6761398418e-01 -7.9158527958e-01 -2.8990546148e+00  4.1049168074e+00 -1.0160556664e+00 -1.5005779851e+00  5.5729240704e+00 -8.0282118431e-02 -1.8570111031e+00  3.9631375667e+00  6.3329970826e-01 -2.1360134949e+00  1.0996689828e+00  2.7779887544e-01  9.8846927534e-02
ENERGY -5.903535917200e+02

JOB 21
COORDS  4.9606367901e+00  1.7031175511e+00  1.6929610635e+00  5.3972022096e+00  1.5219586315e+00  3.9816305952e-01  3.7412679336e+00  1.2721562352e-01  8.6877066578e-01  9.8739812340e-01 -1.3057126360e+00 -1.1656447323e+00  3.1586186171e+00 -2.3873969179e+00  8.0540791568e-01  2.3187603744e+00 -1.7399760259e+00  1.8809206036e+00  2.7268490708e+00 -9.3840004818e-01  6.6231676860e-01 -2.0891325741e-01 -6.0069918185e-01 -1.7909257544e+00  4.6827745185e+00 -2.4199841599e-02 -1.4765838973e+00  3.9293520595e+00  8.3316134475e-01  1.9751433201e+00  4.6177667690e+00  5.0662974105e-01 -1.2186280014e-01  1.7169156349e+00 -5.2599095508e-01 -3.0044892741e-01  1.2573297260e+00 -2.4718666472e+00 -1.4493160719e+00  5.3305164968e+00  2.4027041441e+00  2.4314684542e+00  6.1718574842e+00  2.0019198490e+00 -1.8393875606e-01  4.2130960558e+00 -2.5432716844e+00  1.0145033612e+00  2.6888443310e+00 -3.1113944238e+00  1.5343453066e-01  1.2739363998e+00 -2.0308454211e+00  1.9295916331e+00  2.7767470635e+00 -1.4632212705e+00  2.8238844491e+00 -1.9163852054e-01  4.8677491062e-01 -1.6739021715e+00 -1.1233171693e+00 -9.8735407733e-01 -1.3296198908e+00 -2.4432499856e-01 -8.5041376603e-01 -2.8532880679e+00  4.2777263349e+00 -1.0362919210e+00 -1.4909940193e+00  5.7235498362e+00 -5.4119136067e-02 -1.8075696670e+00  4.1017197870e+00  5.9345832364e-01 -2.1686698676e+00  1.3036338636e+00  3.6994949131e-01 -6.8151729603e-02
ENERGY -5.903516537899e+02

JOB 22
COORDS  4.8980768871e+00  1.7191111633e+00  1.7780984563e+00  5.4251763371e+00  1.6038433283e+00  5.0969062796e-01  3.7565082988e+00  1.7392199014e-01  7.9834955766e-01  9.2835814111e-01 -1.1563959573e+00 -1.2563667714e+00  3.2564523496e+00 -2.3308989072e+00  5.0204422153e-01  2.3510042239e+00 -1.8100424356e+00  1.5977575114e+00  2.7712372817e+00 -8.8994504941e-01  4.7632918855e-01 -1.3274722422e-01 -3.4072369262e-01 -1.9823301275e+00  4.8612814789e+00  1.4576871322e-01 -1.4816596453e+00  3.8603425767e+00  8.2847796603e-01  1.9465066135e+00  4.6949186697e+00  6.0886719952e-01 -1.1102104045e-01  1.8032859930e+00 -4.1315955113e-01 -5.0382245542e-01  9.7421655750e-01 -2.3810647375e+00 -1.3635977467e+00  5.2085906912e+00  2.3850310855e+00  2.5728943586e+00  6.2334099332e+00  2.1165844140e+00  6.5875131194e-03  4.3081156451e+00 -2.4707566162e+00  7.3685908825e-01  2.8255557713e+00 -3.0176445760e+00 -2.1375763382e-01  1.3213344157e+00 -2.1513769952e+00  1.5738691612e+00  2.7614374879e+00 -1.6028515932e+00  2.5797174327e+00  6.9045176515e-02  7.3425629724e-01 -1.9972175218e+00 -1.0982211207e+00 -5.1001181175e-01 -1.4951932657e+00 -2.1253049589e-01 -7.0789794966e-01 -3.0077378300e+00  4.5210390037e+00 -8.8706663770e-01 -1.5598144346e+00  5.9175152811e+00  1.9354493929e-01 -1.7559392470e+00  4.2801609600e+00  7.5817167777e-01 -2.1783535639e+00  1.5474044835e+00  5.5702133058e-01 -3.6387859489e-01
ENERGY -5.903508376518e+02

JOB 23
COORDS  4.5341684078e+00  1.7950295323e+00  1.9040358728e+00  5.1534601272e+00  1.6183260182e+00  6.8523663533e-01  3.6122148928e+00  5.9503469022e-02  1.0161530593e+00  7.6473250418e-01 -1.6319473887e+00 -7.3834735137e-01  3.3993653395e+00 -2.4931643346e+00  7.9304524017e-01  2.4642478659e+00 -2.0470261026e+00  1.9004389280e+00  2.7514587433e+00 -1.1210214097e+00  7.4452055545e-01 -3.2783938663e-01 -9.5005005802e-01 -1.5489522579e+00  4.9355936200e+00 -1.1910448347e-01 -1.1397894447e+00  3.5756874221e+00  8.2470733388e-01  2.0977631756e+00  4.5552568569e+00  5.1011380884e-01  1.1800240932e-01  1.7307615555e+00 -7.8966246005e-01 -2.4690578320e-01  7.6842312568e-01 -2.8499975071e+00 -5.6521136121e-01  4.7208368142e+00  2.5631895703e+00  2.6434192731e+00  5.9407358407e+00  2.1622705758e+00  1.8156022886e-01  4.4665721189e+00 -2.5165734550e+00  9.9679808301e-01  3.0244232254e+00 -3.2476955092e+00  1.1344659721e-01  1.4877159056e+00 -2.5164690367e+00  1.9165260474e+00  2.8736218591e+00 -1.7589297309e+00  2.8623453128e+00 -1.3393306684e-01  1.0670709908e-01 -1.7536808427e+00 -1.2722613553e+00 -1.0372240189e+00 -1.0034066575e+00 -4.4464819456e-01 -1.4838670574e+00 -2.4950402409e+00  4.1073047850e+00 -7.2446607989e-01 -1.5071744221e+00  5.8124331528e+00 -7.6084916710e-01 -1.0054320784e+00  5.1662030439e+00  6.5026150183e-01 -1.8805709851e+00  1.5158289932e+00  1.9920353141e-01 -2.8415120877e-01
ENERGY -5.903504522661e+02

