JOB 0
COORDS -2.2010549922e+00 -2.1004959927e+00  3.6729507024e+00 -6.0882819365e-01 -1.6355222510e+00  2.1846925156e+00 -9.1052615192e-01 -2.4755162803e+00  3.2451771845e+00 -8.5235211047e-01  2.0138053184e-01 -5.0738172862e-02 -1.6402388808e+00  1.6169604823e+00  1.8883473248e+00 -3.2938127715e+00  2.6994902851e-01  5.3001172128e-01 -1.8659362149e+00  3.1938680660e-01  1.0943513795e+00 -2.6651065549e+00 -1.0946850990e+00  2.9273217092e+00 -1.6921051194e+00 -8.2612181099e-01  2.0237109780e+00  1.9204612892e-01 -3.8471891242e+00  3.9477807037e+00 -2.7995084016e+00 -2.5174297749e+00  4.4725844299e+00  2.7184952895e-01 -1.5818465498e+00  1.5642640110e+00 -9.5168759731e-01 -7.5393623956e-01 -5.7494144676e-01 -1.0368096723e+00  1.0036098156e+00 -7.7008524071e-01  1.7920877050e-01  3.0798444504e-01  2.9874403275e-01 -2.3559951535e+00  1.6858881082e+00  2.7113845189e+00 -6.2862814657e-01  1.6446914333e+00  2.3056109660e+00 -1.7703084130e+00  2.4870559728e+00  1.2370431281e+00 -4.0313581446e+00  3.3026114069e-01  1.3313059643e+00 -3.4428647423e+00  1.1108534098e+00 -1.5407050281e-01 -3.4600361263e+00 -6.6108068805e-01 -2.0444141409e-02
ENERGY -2.956620749267e+03

JOB 1
COORDS -2.2471724868e+00 -2.2544043562e+00  3.5471996672e+00 -5.3914154440e-01 -1.5093389139e+00  2.3261941600e+00 -8.6606711274e-01 -2.4228591545e+00  3.3152321197e+00 -9.0974040794e-01  1.3744067236e-01 -9.4082618567e-02 -1.5477685487e+00  1.5818208806e+00  1.8849611453e+00 -3.3145744043e+00  3.2045874307e-01  5.9602004148e-01 -1.8645599710e+00  2.9825535317e-01  1.0982293642e+00 -2.7398656166e+00 -1.2984065522e+00  2.7558287788e+00 -1.6953177784e+00 -8.6091537137e-01  2.0123101806e+00  3.1059557217e-01 -3.6483818575e+00  4.1544032717e+00 -2.8894860167e+00 -2.7842147955e+00  4.2386341311e+00  4.0616293993e-01 -1.3030775035e+00  1.8485589768e+00 -1.0752655395e+00 -8.1670832589e-01 -6.0279261337e-01 -1.0896919591e+00  9.4480337127e-01 -8.0924709774e-01  1.4112774366e-01  1.9729254120e-01  2.0446765706e-01 -2.2210652514e+00  1.6769417599e+00  2.7413724454e+00 -5.1783668430e-01  1.5688491239e+00  2.2552923825e+00 -1.6725462092e+00  2.4605024907e+00  1.2442722133e+00 -4.0186306956e+00  4.3163110843e-01  1.4211819206e+00 -3.4373792165e+00  1.1626289048e+00 -9.1546761934e-02 -3.5577804153e+00 -6.0371050542e-01  6.4216829101e-02
ENERGY -2.956620053788e+03

JOB 2
COORDS -2.2851585853e+00 -2.3760025976e+00  3.3902209126e+00 -5.3469383324e-01 -1.3728359557e+00  2.4457489591e+00 -8.7503235750e-01 -2.3675693357e+00  3.3476899993e+00 -9.7692377659e-01  8.8221682882e-02 -1.5180452371e-01 -1.4696391582e+00  1.5844260535e+00  1.8323296592e+00 -3.3407510561e+00  3.9085639055e-01  6.3862347737e-01 -1.8743237812e+00  3.0604400814e-01  1.0774075913e+00 -2.7820249266e+00 -1.4466519448e+00  2.5698608320e+00 -1.7096866160e+00 -8.5084355664e-01  1.9958787520e+00  3.2135929012e-01 -3.4812931884e+00  4.3062455859e+00 -2.9437023618e+00 -3.0101607109e+00  3.9694207049e+00  4.3272137396e-01 -1.0298177849e+00  2.1111937971e+00 -1.2259508053e+00 -8.5322245522e-01 -6.4984981780e-01 -1.1245005141e+00  9.0663496183e-01 -8.6244055736e-01  8.4726661850e-02  6.9516687777e-02  1.1184808959e-01 -2.0973144027e+00  1.7181846506e+00  2.7180715673e+00 -4.2495797503e-01  1.5400318789e+00  2.1553603489e+00 -1.5897902401e+00  2.4591970085e+00  1.1856103585e+00 -4.0041018232e+00  5.4824433791e-01  1.4901586124e+00 -3.4475247480e+00  1.2311250927e+00 -5.3959112861e-02 -3.6551572605e+00 -5.2458622046e-01  1.3144157784e-01
ENERGY -2.956619610224e+03

JOB 3
COORDS -2.2962836547e+00 -2.5132957227e+00  3.2042743728e+00 -5.6840853238e-01 -1.2727498760e+00  2.5435376878e+00 -8.9990961450e-01 -2.3604086429e+00  3.3347110404e+00 -1.0579063078e+00  4.5428548820e-02 -1.9698289051e-01 -1.4162400106e+00  1.5877174408e+00  1.7803154392e+00 -3.3768061137e+00  4.5113000876e-01  6.8831198364e-01 -1.8976003843e+00  3.1402346354e-01  1.0638063869e+00 -2.7931562013e+00 -1.5825345464e+00  2.3852215210e+00 -1.7342174975e+00 -8.3666199680e-01  1.9906340493e+00  2.9077107278e-01 -3.4103758783e+00  4.3692822808e+00 -2.9452410655e+00 -3.2479836289e+00  3.6628976523e+00  3.8772656494e-01 -8.0919212094e-01  2.3513815817e+00 -1.3785030398e+00 -8.8202144258e-01 -6.8022209699e-01 -1.1792742137e+00  8.6827634253e-01 -9.0797007295e-01  7.3882907027e-03 -4.0496681712e-02  3.7772437937e-02 -1.9934606448e+00  1.7540850783e+00  2.6944283924e+00 -3.5774396734e-01  1.5235482028e+00  2.0499505136e+00 -1.5438467299e+00  2.4549900173e+00  1.1254198894e+00 -3.9973292627e+00  6.2530682058e-01  1.5694584589e+00 -3.4827413470e+00  1.3014770319e+00  7.9725842773e-03 -3.7464694987e+00 -4.4708350463e-01  1.8976798004e-01
ENERGY -2.956619442867e+03

JOB 4
COORDS -2.2760160748e+00 -2.6277507847e+00  3.0178777693e+00 -6.1890328085e-01 -1.1821570646e+00  2.6623832610e+00 -9.3068427850e-01 -2.3501075541e+00  3.3388109940e+00 -1.1111994035e+00  2.0947334711e-03 -2.2767650961e-01 -1.3446060284e+00  1.5900839188e+00  1.7290799459e+00 -3.3849716094e+00  5.1532943660e-01  7.3252387888e-01 -1.8987723738e+00  3.2418080266e-01  1.0546392344e+00 -2.7615419923e+00 -1.6939585754e+00  2.1957108999e+00 -1.7482743590e+00 -8.1853133079e-01  1.9932163323e+00  2.2314205547e-01 -3.3460876439e+00  4.4644908332e+00 -2.8978503006e+00 -3.4495913155e+00  3.3482996730e+00  3.0023772579e-01 -6.1720422583e-01  2.6249152465e+00 -1.4887722222e+00 -9.1651801023e-01 -6.8602292227e-01 -1.2141199641e+00  8.1851321995e-01 -9.4930431290e-01 -4.6179481505e-02 -1.3292975108e-01 -1.5082597543e-02 -1.8681274657e+00  1.7883239080e+00  2.6688209313e+00 -2.7443204464e-01  1.5084014759e+00  1.9405865453e+00 -1.4841196393e+00  2.4488560548e+00  1.0660533134e+00 -3.9646432371e+00  7.0545260516e-01  1.6390345851e+00 -3.4873337560e+00  1.3744498889e+00  6.2768875900e-02 -3.8043988410e+00 -3.6525145356e-01  2.4389249485e-01
ENERGY -2.956619604619e+03

JOB 5
COORDS -2.1217018909e+00 -2.7840193684e+00  2.8744086092e+00 -6.2070751070e-01 -1.1390581204e+00  2.8064321958e+00 -8.7215728001e-01 -2.3731563940e+00  3.3838194796e+00 -1.1577941214e+00 -7.7196160757e-02 -2.4453740967e-01 -1.2295455046e+00  1.5283316391e+00  1.7035569970e+00 -3.3603126738e+00  5.1066889165e-01  8.4783459166e-01 -1.8619980862e+00  2.7606337094e-01  1.0773934585e+00 -2.6088550901e+00 -1.8649644639e+00  2.0371458562e+00 -1.6931191268e+00 -8.6689889769e-01  2.0117489017e+00  2.3827113768e-01 -3.2917802408e+00  4.6141710331e+00 -2.6767861538e+00 -3.6890036442e+00  3.0847455483e+00  2.1855466669e-01 -4.7066008160e-01  2.9211309898e+00 -1.5971100996e+00 -9.7924487907e-01 -6.7967033441e-01 -1.2636218093e+00  7.4253127315e-01 -9.6220111967e-01 -9.0539021509e-02 -2.5718289535e-01 -8.1855402713e-02 -1.6594679642e+00  1.7350172119e+00  2.6880483576e+00 -1.4440301367e-01  1.4365541584e+00  1.8077046510e+00 -1.4214185352e+00  2.3887439362e+00  1.0565749659e+00 -3.8699024804e+00  7.3151702138e-01  1.7899428493e+00 -3.4849579308e+00  1.3636470495e+00  1.7406892932e-01 -3.8352113333e+00 -3.6424985924e-01  4.0296535534e-01
ENERGY -2.956620041471e+03

JOB 6
COORDS -2.0241856566e+00 -2.8565082314e+00  2.7056278601e+00 -7.4105453402e-01 -1.0497510800e+00  2.9421946576e+00 -9.4000312882e-01 -2.3290360014e+00  3.4373007161e+00 -1.2416192002e+00 -8.5944222393e-02 -3.0123591250e-01 -1.1542068721e+00  1.5133005800e+00  1.6450466416e+00 -3.3644123473e+00  5.6408699403e-01  9.1573458184e-01 -1.8613663294e+00  2.8528660041e-01  1.0569666940e+00 -2.4646759225e+00 -1.9631869105e+00  1.8163005852e+00 -1.6817475597e+00 -8.6893125989e-01  1.9742441910e+00  4.3857852656e-02 -3.1689715974e+00  4.8219848584e+00 -2.4944298380e+00 -3.8274018613e+00  2.7929383337e+00 -2.1225826285e-02 -2.9651839250e-01  3.2212126617e+00 -1.7326818558e+00 -9.7160559906e-01 -7.1247854818e-01 -1.3589114394e+00  7.4009581409e-01 -1.0098396791e+00 -1.7385720355e-01 -3.0076460192e-01 -1.9298102317e-01 -1.5235539021e+00  1.7451894589e+00  2.6486892582e+00 -6.8766131965e-02  1.3819326784e+00  1.6887818897e+00 -1.3521749634e+00  2.3760847195e+00  1.0035685470e+00 -3.8041944740e+00  8.1375341807e-01  1.8861525323e+00 -3.5141478038e+00  1.4092200145e+00  2.3705329748e-01 -3.8860754799e+00 -3.0702826451e-01  5.1725601156e-01
ENERGY -2.956620739864e+03

JOB 7
COORDS -1.8450913389e+00 -2.9341232789e+00  2.5790326955e+00 -8.5259716835e-01 -1.0001658098e+00  3.0714697889e+00 -9.8940747966e-01 -2.3085308199e+00  3.5092391525e+00 -1.3225660915e+00 -9.3021995342e-02 -3.5129337307e-01 -1.0416415665e+00  1.4736477945e+00  1.5996565441e+00 -3.3278349129e+00  5.8093605543e-01  1.0368840214e+00 -1.8221180335e+00  2.7217337788e-01  1.0557887281e+00 -2.2131965345e+00 -2.0699016632e+00  1.6300580152e+00 -1.6039881768e+00 -9.0041402401e-01  1.9405334165e+00 -1.8438651797e-01 -3.0749012934e+00  5.0440292556e+00 -2.1998410053e+00 -3.9565344865e+00  2.5634984184e+00 -2.8791642889e-01 -1.8030712403e-01  3.4862467521e+00 -1.8592917008e+00 -9.6412001976e-01 -7.3235396895e-01 -1.4831973965e+00  7.4743409684e-01 -1.0336633065e+00 -2.5331785546e-01 -3.2636170869e-01 -3.3255770430e-01 -1.3780822695e+00  1.7572500336e+00  2.6017390738e+00  3.5202528554e-02  1.2801744863e+00  1.6274121574e+00 -1.2079855592e+00  2.3287140149e+00  9.3926735812e-01 -3.6834244776e+00  8.2866593873e-01  2.0419943519e+00 -3.5255705416e+00  1.4323832043e+00  3.7828836830e-01 -3.8894844022e+00 -2.8259837263e-01  6.7505035276e-01
ENERGY -2.956621139409e+03

JOB 8
COORDS -1.6584930962e+00 -3.0009825211e+00  2.5462186624e+00 -1.0293391811e+00 -9.7247414732e-01  3.2210278586e+00 -1.0893203057e+00 -2.2963654048e+00  3.6272095709e+00 -1.4070343140e+00 -1.3060793162e-01 -3.4916722550e-01 -9.5840788049e-01  1.4224200428e+00  1.5796637993e+00 -3.2977028838e+00  5.6734091080e-01  1.1724943267e+00 -1.7972348760e+00  2.3588882365e-01  1.0901243420e+00 -1.9330513148e+00 -2.1677431755e+00  1.5395889024e+00 -1.5407445058e+00 -9.4090463966e-01  1.9592970346e+00 -5.0729917055e-01 -2.9944004487e+00  5.2899733853e+00 -1.8691910543e+00 -4.0591222219e+00  2.4606361079e+00 -6.6005642722e-01 -9.9551095739e-02  3.7358533350e+00 -1.9848529699e+00 -9.8541756743e-01 -7.0263875169e-01 -1.5983895116e+00  7.2384919504e-01 -1.0053449231e+00 -3.4447694305e-01 -3.8549888855e-01 -4.0971353961e-01 -1.2648127988e+00  1.7608101061e+00  2.5741492126e+00  1.0766460758e-01  1.1764342985e+00  1.6020625630e+00 -1.0982955992e+00  2.2612375474e+00  8.9271831444e-01 -3.5848872625e+00  8.1019220059e-01  2.2004716308e+00 -3.5317463596e+00  1.4261865750e+00  5.3544803876e-01 -3.8924602593e+00 -2.8711713612e-01  8.3997380977e-01
ENERGY -2.956620739897e+03

JOB 9
COORDS -1.4478578177e+00 -3.0153222153e+00  2.4517975795e+00 -1.2002506293e+00 -9.4946565307e-01  3.2481348065e+00 -1.1562515534e+00 -2.2829980323e+00  3.6215204913e+00 -1.4985229999e+00 -1.2401161515e-01 -3.9786600892e-01 -8.7272850369e-01  1.4046535074e+00  1.4982116043e+00 -3.2628442122e+00  6.1928758920e-01  1.2429962386e+00 -1.7804834332e+00  2.4459711013e-01  1.0644507277e+00 -1.6607570167e+00 -2.1887274113e+00  1.4249288610e+00 -1.4979479369e+00 -9.3784830067e-01  1.9188969296e+00 -7.6422924529e-01 -2.9603399594e+00  5.3472630479e+00 -1.5033141028e+00 -4.0878620596e+00  2.3179044378e+00 -1.0361998622e+00 -5.4363407705e-02  3.8279346186e+00 -2.1340494182e+00 -9.4592465082e-01 -7.2843765579e-01 -1.6928003964e+00  7.5054377550e-01 -1.0259204055e+00 -4.5582533385e-01 -4.2591459876e-01 -5.3145945633e-01 -1.1038525832e+00  1.7559288351e+00  2.5081385242e+00  1.8118080226e-01  1.1136020679e+00  1.4613802664e+00 -1.0205780235e+00  2.2490277239e+00  8.1936353151e-01 -3.4794619912e+00  8.7124486615e-01  2.2859231151e+00 -3.5139083509e+00  1.4840466899e+00  6.2059078623e-01 -3.9031398811e+00 -2.1756240857e-01  9.5047686918e-01
ENERGY -2.956620039127e+03

JOB 10
COORDS -1.2833343103e+00 -3.0221286175e+00  2.5140647618e+00 -1.4168815779e+00 -9.5728599813e-01  3.3391312891e+00 -1.2609730391e+00 -2.2815195929e+00  3.7144977080e+00 -1.5625373400e+00 -1.9063835001e-01 -3.5504506419e-01 -8.0641844597e-01  1.3417312459e+00  1.4878939129e+00 -3.2388754579e+00  6.5830656552e-01  1.3223693716e+00 -1.7805679226e+00  2.1532982599e-01  1.1068992481e+00 -1.4448543850e+00 -2.2089336951e+00  1.4670839332e+00 -1.5171962094e+00 -9.5790488948e-01  1.9806311364e+00 -1.0524765834e+00 -2.9384867234e+00  5.4795373563e+00 -1.1863661272e+00 -4.0907549348e+00  2.3729926103e+00 -1.4577238618e+00 -5.8858167147e-02  3.9362766054e+00 -2.2481263790e+00 -9.8418584707e-01 -6.5542664342e-01 -1.7351008981e+00  6.8511837640e-01 -9.8781558581e-01 -5.4262186676e-01 -5.4693188735e-01 -5.1897363666e-01 -9.5797147260e-01  1.6866191497e+00  2.5149137195e+00  2.3015016332e-01  1.0078289383e+00  1.3852013543e+00 -9.6202855781e-01  2.1992383927e+00  8.2680495294e-01 -3.4135798930e+00  9.5569602703e-01  2.3610397688e+00 -3.4733887474e+00  1.5121753929e+00  6.7911630926e-01 -3.9244306489e+00 -1.5864286292e-01  1.0794754147e+00
ENERGY -2.956619605369e+03

JOB 11
COORDS -1.0716827805e+00 -2.9885432975e+00  2.5355527838e+00 -1.5737800519e+00 -9.7974085335e-01  3.3563798314e+00 -1.2787843679e+00 -2.2785497163e+00  3.7369183934e+00 -1.6296533118e+00 -2.2182830814e-01 -3.4807679234e-01 -7.4529953716e-01  1.2955139266e+00  1.4529124147e+00 -3.2091315588e+00  7.1339432050e-01  1.3720535854e+00 -1.7788835476e+00  2.0732912850e-01  1.1153621490e+00 -1.2275714038e+00 -2.1811496268e+00  1.4830823978e+00 -1.5312143539e+00 -9.6502962861e-01  1.9950833764e+00 -1.1799800391e+00 -2.9424429940e+00  5.5089085070e+00 -8.2046035733e-01 -4.0321483400e+00  2.3977034245e+00 -1.7994026257e+00 -1.0720814804e-01  3.9511993353e+00 -2.3406283858e+00 -1.0087239764e+00 -6.0709637329e-01 -1.8185650617e+00  6.4837368287e-01 -9.8383809403e-01 -6.2488725619e-01 -5.9649046575e-01 -5.5321004145e-01 -8.3528902739e-01  1.6298732374e+00  2.4908884008e+00  2.7052133523e-01  9.1947842333e-01  1.3006356469e+00 -8.9494001939e-01  2.1653964435e+00  8.0616256787e-01 -3.3396897855e+00  1.0484321419e+00  2.4055232844e+00 -3.4288301981e+00  1.5599462428e+00  7.1453788461e-01 -3.9366906488e+00 -7.9004312296e-02  1.1740229837e+00
ENERGY -2.956619442113e+03

JOB 12
COORDS -8.9456499023e-01 -2.9308497608e+00  2.5246303365e+00 -1.7435796444e+00 -1.0331714120e+00  3.3247288062e+00 -1.3203700541e+00 -2.2947090771e+00  3.7095948409e+00 -1.7061410882e+00 -2.2367926508e-01 -3.6311617250e-01 -6.9590009069e-01  1.2523521133e+00  1.4102842197e+00 -3.1847294703e+00  7.8642464735e-01  1.4004133833e+00 -1.7896428728e+00  2.1345184531e-01  1.1036981448e+00 -1.0415062427e+00 -2.1145760037e+00  1.4779667497e+00 -1.5650958566e+00 -9.6906046077e-01  1.9757549266e+00 -1.3306280601e+00 -3.0024764691e+00  5.4672628689e+00 -4.9891767110e-01 -3.9296958549e+00  2.3941179443e+00 -2.1451477427e+00 -2.1913477485e-01  3.9091267408e+00 -2.4497193464e+00 -9.9150362078e-01 -5.9032194068e-01 -1.8962122538e+00  6.4812867949e-01 -9.9632052189e-01 -7.2174772841e-01 -6.2740075898e-01 -6.0377730040e-01 -7.4142760972e-01  1.5801160595e+00  2.4534965470e+00  2.9493102740e-01  8.2669650732e-01  1.2273762098e+00 -8.2022180569e-01  2.1317863255e+00  7.7076402603e-01 -3.2719778013e+00  1.1434201692e+00  2.4307613152e+00 -3.3790580931e+00  1.6367830061e+00  7.4032620923e-01 -3.9573812115e+00  3.1092461096e-02  1.2301139705e+00
ENERGY -2.956619604847e+03

JOB 13
COORDS -6.8042305120e-01 -2.8486513967e+00  2.6573741211e+00 -1.8699668055e+00 -1.1025284110e+00  3.3639867215e+00 -1.3316404872e+00 -2.3075848323e+00  3.7855236449e+00 -1.7777588694e+00 -2.8777883881e-01 -2.9540365508e-01 -6.2470753550e-01  1.1947950574e+00  1.3870740921e+00 -3.1231899736e+00  8.2574304063e-01  1.5136035023e+00 -1.7698799568e+00  1.9097359457e-01  1.1621474202e+00 -8.0564827305e-01 -2.0305041990e+00  1.6095286634e+00 -1.5380232492e+00 -9.7883439184e-01  2.0486275591e+00 -1.4704505042e+00 -3.0620127737e+00  5.5182152139e+00 -1.4316285124e-01 -3.7837714622e+00  2.5665852703e+00 -2.4482897837e+00 -3.6771034656e-01  3.9023760701e+00 -2.5658944147e+00 -1.0279996647e+00 -4.6009069341e-01 -1.9623691508e+00  5.7091439635e-01 -9.4779414771e-01 -8.2464321449e-01 -7.4156661861e-01 -5.6810997089e-01 -6.0089400889e-01  1.5339488847e+00  2.4275119061e+00  3.3751030187e-01  7.3044502544e-01  1.1538730126e+00 -7.5435562989e-01  2.0699890328e+00  7.4252304352e-01 -3.1294361491e+00  1.2576547111e+00  2.5186730490e+00 -3.3322294903e+00  1.6369132200e+00  8.1076959969e-01 -3.9314062459e+00  9.1868385706e-02  1.4428847291e+00
ENERGY -2.956620039296e+03

JOB 14
COORDS -5.1745686770e-01 -2.7325078389e+00  2.7042840041e+00 -2.0300229688e+00 -1.2010780906e+00  3.2813173158e+00 -1.4042649565e+00 -2.3524869372e+00  3.7329493348e+00 -1.8636615344e+00 -3.0279398482e-01 -2.9139412780e-01 -5.8150751777e-01  1.1823386460e+00  1.2985530186e+00 -3.0747692516e+00  8.9329377746e-01  1.5621898904e+00 -1.7648098969e+00  2.0939858812e-01  1.1529042164e+00 -5.8922282204e-01 -1.8721286285e+00  1.6856483985e+00 -1.5150411526e+00 -9.5104395769e-01  2.0457002351e+00 -1.7050661899e+00 -3.2258302762e+00  5.3875148300e+00  1.5128443180e-01 -3.5825073128e+00  2.6634586330e+00 -2.7816732515e+00 -5.8482477204e-01  3.7489397556e+00 -2.6931058911e+00 -1.0089749337e+00 -3.9626490820e-01 -2.0380953750e+00  5.4211847648e-01 -9.6442886271e-01 -9.4396283437e-01 -8.0836841268e-01 -5.8813877560e-01 -4.9462834392e-01  1.5346722891e+00  2.3312635545e+00  3.5229201851e-01  6.8594620247e-01  1.0228247436e+00 -7.2222951090e-01  2.0506644918e+00  6.4706830243e-01 -3.0117878319e+00  1.3407001562e+00  2.5588195624e+00 -3.2878412378e+00  1.6999709456e+00  8.5582874468e-01 -3.9152833596e+00  1.9286597565e-01  1.5408370060e+00
ENERGY -2.956620739465e+03

JOB 15
COORDS -5.3351170149e-01 -1.8886691448e+00  3.7604962573e+00 -1.9361014619e+00 -2.2089607257e+00  2.0582247680e+00 -1.3548855219e+00 -2.8525617542e+00  3.1399553390e+00 -4.1593268590e-01  6.2633034972e-01  5.0588275457e-01 -2.3527977998e+00  1.3385411651e+00  1.9702431852e+00 -2.7273213651e+00 -2.7235186654e-01  7.1529108970e-02 -1.7420098124e+00  1.9095514894e-01  1.1499227459e+00 -6.0221745164e-01 -7.2691340966e-01  3.1058787104e+00 -1.4566077242e+00 -9.3484426154e-01  2.0753515864e+00 -1.6249370575e+00 -4.6549847354e+00  3.6589032691e+00  9.1010420144e-02 -1.9925187269e+00  4.6383324179e+00 -2.6286203841e+00 -2.5753932443e+00  1.3171372535e+00  2.4177028893e-02 -1.9713240721e-01 -6.5348885849e-02 -5.8963164630e-01  1.4668467617e+00 -1.7319817753e-01  2.9749958039e-01  9.3431096846e-01  1.2728600548e+00 -3.2909078749e+00  1.0222010144e+00  2.4370833631e+00 -1.6643524735e+00  1.6529408055e+00  2.7571700795e+00 -2.5593773604e+00  2.1935248249e+00  1.3189857904e+00 -3.6828825958e+00 -5.8746660503e-01  5.0209781394e-01 -2.9271582546e+00  5.6339735727e-01 -6.0413013209e-01 -2.3190073318e+00 -1.0926847642e+00 -5.2691738031e-01
ENERGY -2.956621139357e+03

JOB 16
COORDS -7.2019030439e-01 -1.8212816227e+00  3.8809976159e+00 -1.7854061168e+00 -2.2198181863e+00  1.9645753627e+00 -1.2797726485e+00 -2.8477057365e+00  3.0921249938e+00 -4.3227349521e-01  5.4138969833e-01  4.6553692105e-01 -2.2706322442e+00  1.4349228184e+00  1.9595327333e+00 -2.8155886024e+00 -2.1157000938e-01  1.4021207339e-01 -1.7625605921e+00  2.2111268916e-01  1.1686490388e+00 -8.6846576228e-01 -6.3815147916e-01  3.2800204916e+00 -1.5217488108e+00 -8.9293671792e-01  2.1208941514e+00 -1.3508720891e+00 -4.7013241380e+00  3.4792991716e+00 -2.3108711061e-01 -1.8944918691e+00  4.8437018732e+00 -2.2993116395e+00 -2.6280772687e+00  1.1086627870e+00 -6.4884827861e-02 -3.3179344012e-01 -8.2711281969e-02 -5.6685524339e-01  1.3644343777e+00 -2.4347658709e-01  3.2371231163e-01  8.3229716410e-01  1.1993659573e+00 -3.2095448331e+00  1.1986957875e+00  2.4695400389e+00 -1.5415412008e+00  1.7434288625e+00  2.7098670877e+00 -2.4470652063e+00  2.2676311117e+00  1.2719619215e+00 -3.7451322638e+00 -5.2320635809e-01  6.2633239453e-01 -3.0420245665e+00  6.3618668316e-01 -5.1179073693e-01 -2.4586928567e+00 -1.0264951832e+00 -4.9687881154e-01
ENERGY -2.956620739940e+03

JOB 17
COORDS -9.0960818120e-01 -1.8378199788e+00  3.9659826392e+00 -1.6002391548e+00 -2.2457594053e+00  1.8875067666e+00 -1.1949983210e+00 -2.8749310729e+00  3.0534996148e+00 -4.5340779774e-01  4.5051295981e-01  4.2484738960e-01 -2.1870422111e+00  1.4573394528e+00  1.9643644605e+00 -2.8858153967e+00 -1.9243744635e-01  2.0424666679e-01 -1.7701051437e+00  2.0521916262e-01  1.1827176065e+00 -1.1234524607e+00 -6.4726452841e-01  3.4004243565e+00 -1.5516621339e+00 -9.0838438503e-01  2.1419311235e+00 -1.0740793476e+00 -4.7433223754e+00  3.3453709829e+00 -5.7144098017e-01 -1.9092646753e+00  4.9916009862e+00 -1.9132006315e+00 -2.6595010543e+00  9.4139207614e-01 -1.4682139362e-01 -4.4528813462e-01 -1.2417052854e-01 -5.7425996105e-01  1.2693042641e+00 -2.9151423637e-01  3.4400272765e-01  7.1564890515e-01  1.1247590552e+00 -3.1059982856e+00  1.2770906795e+00  2.5292108860e+00 -1.4115658865e+00  1.7623862191e+00  2.6675794103e+00 -2.3653147658e+00  2.2723483873e+00  1.2565142541e+00 -3.8014877097e+00 -4.5930553333e-01  7.4007025417e-01 -3.1055171434e+00  6.5382060213e-01 -4.5247741199e-01 -2.5967676009e+00 -1.0321164166e+00 -4.3464617019e-01
ENERGY -2.956620041448e+03

JOB 18
COORDS -1.1553475616e+00 -1.7697485661e+00  4.0267041249e+00 -1.4742619461e+00 -2.1684400428e+00  1.8586222153e+00 -1.1976859693e+00 -2.7975568575e+00  3.0613610355e+00 -5.0709130267e-01  4.3557865541e-01  3.4995225094e-01 -2.1205536794e+00  1.5510199163e+00  1.9339630131e+00 -2.9766726912e+00 -1.0867312965e-01  2.5351389768e-01 -1.7984231197e+00  2.6239135214e-01  1.1690280019e+00 -1.3892401716e+00 -5.8456438999e-01  3.4572445946e+00 -1.5880616275e+00 -8.4101661522e-01  2.1424394009e+00 -9.4266512902e-01 -4.6555483334e+00  3.3323034442e+00 -9.7276369949e-01 -1.8441646896e+00  5.0908434227e+00 -1.5923823385e+00 -2.5744822426e+00  8.6535341966e-01 -2.6508529472e-01 -4.7572647750e-01 -2.0564456785e-01 -6.2237822016e-01  1.2528188742e+00 -3.6887086948e-01  3.3375223364e-01  6.6882882031e-01  1.0095256060e+00 -3.0130761459e+00  1.4308644258e+00  2.5527660954e+00 -1.2967792674e+00  1.8452393392e+00  2.5858041120e+00 -2.3005359757e+00  2.3497291841e+00  1.2081578407e+00 -3.8816354287e+00 -2.8754229703e-01  8.4133592362e-01 -3.1715734970e+00  7.1202626214e-01 -4.4290209328e-01 -2.7692635351e+00 -1.0027608397e+00 -3.4174509765e-01
ENERGY -2.956619604866e+03

JOB 19
COORDS -1.3671646043e+00 -1.7670924152e+00  4.0502140468e+00 -1.3171543858e+00 -2.1186391598e+00  1.8514272125e+00 -1.1775401326e+00 -2.7633454337e+00  3.0695099086e+00 -5.4563166993e-01  4.1607950446e-01  2.8113370201e-01 -2.0513656195e+00  1.5903396253e+00  1.9178441596e+00 -3.0303006193e+00 -7.7136406127e-02  3.0872039047e-01 -1.8005732524e+00  2.8189866948e-01  1.1609120752e+00 -1.6063317319e+00 -5.8548185832e-01  3.4751847615e+00 -1.5722092915e+00 -8.1242122887e-01  2.1407677964e+00 -8.0866591236e-01 -4.6022474054e+00  3.3395040647e+00 -1.3389425405e+00 -1.8605165260e+00  5.1280434920e+00 -1.2496490002e+00 -2.4993486339e+00  8.4320598658e-01 -3.5047357697e-01 -4.9870594692e-01 -2.8669819984e-01 -6.7768714871e-01  1.2331973577e+00 -4.3453398816e-01  3.3238971275e-01  6.3139301596e-01  8.9690703318e-01 -2.9283640138e+00  1.5155866759e+00  2.5636654118e+00 -1.1970621452e+00  1.8599159333e+00  2.5419296501e+00 -2.2187052298e+00  2.3859044245e+00  1.1855586908e+00 -3.9118375911e+00 -2.0493468528e-01  9.4356364977e-01 -3.2322884463e+00  7.2244918422e-01 -4.1046425530e-01 -2.8753482848e+00 -1.0029950702e+00 -2.5342508763e-01
ENERGY -2.956619442865e+03

JOB 20
COORDS -1.5610214416e+00 -1.8484747837e+00  4.0295475301e+00 -1.1501906402e+00 -2.1025299141e+00  1.8550911001e+00 -1.1442823883e+00 -2.7851010479e+00  3.0604503921e+00 -5.8402045480e-01  3.6656086820e-01  2.2691127438e-01 -1.9714588642e+00  1.5810253859e+00  1.9314923366e+00 -3.0747680996e+00 -6.9563595848e-02  3.7947309641e-01 -1.7957792717e+00  2.6346258384e-01  1.1675060844e+00 -1.8097803924e+00 -6.6641586181e-01  3.4600227523e+00 -1.5496761394e+00 -8.3208186901e-01  2.1413621666e+00 -6.6293188477e-01 -4.5978568828e+00  3.3301712119e+00 -1.6831887485e+00 -1.9834090188e+00  5.0963755934e+00 -9.0185044822e-01 -2.4356649653e+00  8.5870546547e-01 -4.4680171249e-01 -5.4075925323e-01 -3.6870698127e-01 -7.3088956694e-01  1.1974713769e+00 -4.6917085065e-01  3.3234421346e-01  5.4798210749e-01  7.9591506417e-01 -2.8314213184e+00  1.5427640296e+00  2.6016002492e+00 -1.0874237809e+00  1.8111701502e+00  2.5310434985e+00 -2.1235860337e+00  2.3854391004e+00  1.2056247606e+00 -3.9252561755e+00 -1.7065277842e-01  1.0598014531e+00 -3.2955001305e+00  7.2757332266e-01 -3.3730010598e-01 -2.9657217523e+00 -1.0065754353e+00 -1.7546574960e-01
ENERGY -2.956619610481e+03

JOB 21
COORDS -1.7367106047e+00 -1.8091012710e+00  4.0011626697e+00 -9.6523647111e-01 -1.9762580945e+00  1.9178232689e+00 -1.0699374871e+00 -2.6751528959e+00  3.1095329437e+00 -6.3511282020e-01  3.6210306108e-01  1.4891483824e-01 -1.9067511253e+00  1.6509238748e+00  1.8852702406e+00 -3.1246049690e+00 -8.4271217362e-03  4.2328699405e-01 -1.8036873298e+00  3.1084796210e-01  1.1444141643e+00 -2.0274276704e+00 -6.5330478545e-01  3.3990403016e+00 -1.5450493811e+00 -7.6336501994e-01  2.1378958881e+00 -4.2594136688e-01 -4.4237065664e+00  3.4537183395e+00 -2.0047141951e+00 -1.9749476630e+00  5.0365440534e+00 -5.2419913337e-01 -2.2616374263e+00  9.7531025581e-01 -5.7148858038e-01 -5.4221735283e-01 -4.6363289103e-01 -7.8075644796e-01  1.2050220810e+00 -5.3222065943e-01  3.1715593102e-01  5.0013589855e-01  6.6920944919e-01 -2.7278848462e+00  1.6455954692e+00  2.6026700816e+00 -9.8279286291e-01  1.8689404320e+00  2.4282464712e+00 -2.0790788622e+00  2.4463897849e+00  1.1541008006e+00 -3.9461733443e+00 -5.9963573646e-02  1.1431394090e+00 -3.3536486138e+00  7.6957018810e-01 -3.1183122139e-01 -3.0624373917e+00 -9.6836644111e-01 -9.8943109614e-02
ENERGY -2.956620053597e+03

JOB 22
COORDS -1.9130948864e+00 -1.9290677967e+00  3.9211860369e+00 -8.1295564428e-01 -1.9265459022e+00  1.9831161612e+00 -1.0069597453e+00 -2.6714746398e+00  3.1357936752e+00 -6.9633668914e-01  2.7652234600e-01  9.5174898009e-02 -1.8113200432e+00  1.6193633295e+00  1.8996695424e+00 -3.1822146576e+00  3.8160478716e-02  4.8040443142e-01 -1.8161978827e+00  2.8235192352e-01  1.1432177217e+00 -2.2569052890e+00 -8.0104014235e-01  3.2948709687e+00 -1.5773919727e+00 -8.0822149779e-01  2.1228622789e+00 -1.9931505963e-01 -4.3336561221e+00  3.5548892509e+00 -2.3151977797e+00 -2.1631891074e+00  4.8983729029e+00 -1.9525809290e-01 -2.1215034068e+00  1.1206509748e+00 -7.1072982640e-01 -6.2911493853e-01 -5.1902268265e-01 -8.3647420875e-01  1.1275358243e+00 -5.7653752337e-01  2.8838637434e-01  3.7172635593e-01  5.6265190984e-01 -2.5877670744e+00  1.6361468897e+00  2.6655367508e+00 -8.4526487760e-01  1.7847589460e+00  2.3863074719e+00 -1.9906747227e+00  2.4361470001e+00  1.1939762876e+00 -3.9723475951e+00  2.8200006160e-02  1.2354066651e+00 -3.3990382471e+00  8.3023184605e-01 -2.4332773278e-01 -3.1919895836e+00 -9.2256350839e-01 -4.4141800378e-02
ENERGY -2.956620749620e+03

JOB 23
COORDS -2.0726061379e+00 -1.9734293129e+00  3.8114415897e+00 -6.8138640423e-01 -1.7637789652e+00  2.0827077683e+00 -9.4032155556e-01 -2.5471233520e+00  3.1969360661e+00 -7.6239432732e-01  2.5447232858e-01  2.2665149707e-02 -1.7272086892e+00  1.6465053688e+00  1.8861702646e+00 -3.2340864057e+00  1.6581602923e-01  4.9378271168e-01 -1.8362362643e+00  3.2192484267e-01  1.1138894405e+00 -2.4856746695e+00 -9.0639510508e-01  3.1231603302e+00 -1.6332337948e+00 -7.9039130802e-01  2.0766565014e+00  3.7684579070e-02 -4.0704620402e+00  3.7571834849e+00 -2.5914678201e+00 -2.2881397733e+00  4.7076315725e+00  9.1670000750e-02 -1.8462792340e+00  1.3352834275e+00 -8.1821276744e-01 -6.7927684387e-01 -5.4545298468e-01 -9.2071732965e-01  1.0789628797e+00 -6.7738406243e-01  2.4527362628e-01  3.5933597717e-01  4.3668520691e-01 -2.4751382773e+00  1.6872632266e+00  2.6805255994e+00 -7.3583569670e-01  1.7487105942e+00  2.3387243591e+00 -1.8876286128e+00  2.4887307594e+00  1.2059640457e+00 -4.0004759196e+00  1.8584618213e-01  1.2711776415e+00 -3.4232434658e+00  9.8243241930e-01 -2.0992922018e-01 -3.3130634421e+00 -7.8333864223e-01 -4.5617930954e-02
ENERGY -2.956621139382e+03

