JOB 0
COORDS  3.0458033382e+00 -7.6008678526e-02  1.3600209709e+00  9.6573510193e-01  1.2857839972e+00  1.6885753993e+00  1.1276078925e+00 -3.4401480818e-01 -1.0889624857e-01  8.9232559829e-01  2.4142786454e+00  6.5713806356e-01  1.0564421124e+00  7.8146967317e-01 -1.1429515085e+00 -1.2078251128e+00  2.3650454685e+00 -2.8300089969e+00  1.6883935764e+00  1.2959312733e-01  1.1550461739e+00  2.5022585755e-01  1.8894060830e+00 -5.7351678993e-01  3.5713379646e+00  4.8009374758e-01  2.5299073368e+00  3.7546713340e+00 -6.9838796205e-01  5.7032636898e-01  1.1542615075e+00  3.5034212339e+00 -2.4451464948e+00 -7.7620271418e-01  4.1914972022e+00 -9.4079319608e-01 -5.7542449798e-02  3.1558360990e+00 -1.6890745909e+00  1.4534443652e+00  1.6666308412e+00  2.5847805642e+00 -4.9329399073e-02  9.7225305743e-01  1.9573190924e+00  1.1892239026e-01 -7.2657797279e-01  8.3939769109e-02  1.7540523703e+00 -1.1515777312e+00 -4.8468881097e-01  2.8192043677e-01  3.2327098269e+00  1.0420203547e+00  1.9038675911e+00  2.7896584122e+00  4.4797350783e-01  2.0656817346e+00  1.1192994685e+00 -1.4099564086e+00  5.6858498986e-01  4.0147812876e-01 -2.0433311415e+00 -1.5492933853e+00  3.1643197690e+00 -3.4900641006e+00 -6.9228780218e-01  1.6017094724e+00 -3.4109516670e+00 -2.0402735877e+00  1.9527549392e+00 -2.2602146127e+00  4.5067786223e+00  1.2637589442e-01  2.6981397958e+00  2.9853212102e+00  4.4462995053e-01  3.3562338882e+00
ENERGY -1.024647988539e+03

JOB 1
COORDS  3.0691210017e+00 -6.1793558846e-02  1.3800555670e+00  9.4760088470e-01  1.2520093334e+00  1.6201626328e+00  1.2396366510e+00 -3.4015261605e-01 -1.9689821627e-01  9.2071744853e-01  2.4052017203e+00  6.1315071442e-01  1.2136538246e+00  8.0296405237e-01 -1.2133279688e+00 -1.3451163969e+00  2.3868344187e+00 -2.6995083048e+00  1.7206031599e+00  1.1980465760e-01  1.1052319897e+00  3.7580712249e-01  1.8945375597e+00 -6.6497211852e-01  3.5192970392e+00  4.8302579793e-01  2.5863760633e+00  3.8329975037e+00 -6.5413787760e-01  6.1914527912e-01  1.1363840385e+00  3.3148076552e+00 -2.7344094025e+00 -4.9431788352e-01  4.2648766550e+00 -1.0232055542e+00  2.3916257953e-02  3.1297420785e+00 -1.7936200379e+00  1.3709087086e+00  1.6158704239e+00  2.5553189883e+00 -7.7076690924e-02  9.1594637105e-01  1.8155372555e+00  2.2668897581e-01 -7.3817306404e-01 -6.7812500721e-02  1.8975142864e+00 -1.1336102999e+00 -5.4809227953e-01  2.7307195935e-01  3.2060204477e+00  9.7166769150e-01  1.9371134849e+00  2.8030825001e+00  4.8347482468e-01  2.2322618871e+00  1.1514164063e+00 -1.4230325474e+00  7.7823190997e-01  4.4431897623e-01 -2.1493537046e+00 -1.6213326433e+00  3.1067096086e+00 -3.4718244908e+00 -1.0187718752e+00  1.4536364980e+00 -3.1584931817e+00 -2.1674510572e+00  2.2241221779e+00 -2.0035719882e+00  4.4516263644e+00  1.4493185831e-01  2.7983704785e+00  2.8908775340e+00  4.1946316929e-01  3.3791741463e+00
ENERGY -1.024649061970e+03

JOB 2
COORDS  3.0422987891e+00 -8.6828759139e-02  1.4778377977e+00  9.0268927054e-01  1.2149457936e+00  1.5962696413e+00  1.3169853671e+00 -3.6091986278e-01 -2.1447552199e-01  9.3259040673e-01  2.3804283323e+00  6.0270690946e-01  1.3478368431e+00  7.8764209052e-01 -1.2245394315e+00 -1.4590083321e+00  2.3998839953e+00 -2.5180746442e+00  1.7137438735e+00  9.3001372551e-02  1.1184848361e+00  4.9007774611e-01  1.8779699655e+00 -7.1299732531e-01  3.4126639843e+00  4.4898684949e-01  2.7153527285e+00  3.8556873135e+00 -6.7021724580e-01  7.6274527139e-01  1.0587053065e+00  3.0886933450e+00 -2.9488858461e+00 -2.4515979151e-01  4.2900373952e+00 -1.1111993646e+00  7.7861769451e-02  3.0694600631e+00 -1.8575803350e+00  1.2630562062e+00  1.5691086312e+00  2.5611144624e+00 -1.3018189796e-01  8.6996136590e-01  1.7214456535e+00  2.9963943165e-01 -7.6385844027e-01 -1.4995349777e-01  1.9987860240e+00 -1.1500569959e+00 -5.2791159917e-01  2.5602637564e-01  3.1727806548e+00  9.2374261627e-01  1.9507552571e+00  2.7911878529e+00  5.5014133240e-01  2.3775314380e+00  1.1330461871e+00 -1.3777907966e+00  9.6207040936e-01  4.4223929172e-01 -2.1865953204e+00 -1.7809554865e+00  3.0782966795e+00 -3.3102095349e+00 -1.2682154974e+00  1.4067067638e+00 -2.9265022065e+00 -2.1899357498e+00  2.3627796298e+00 -1.7109473761e+00  4.3306000153e+00  1.1100227608e-01  2.9831423815e+00  2.7353286464e+00  3.7459904309e-01  3.4658373985e+00
ENERGY -1.024648992794e+03

JOB 3
COORDS  3.0159907414e+00 -7.8065246962e-02  1.5306968897e+00  8.5150463578e-01  1.1877085921e+00  1.5385391673e+00  1.3985534402e+00 -3.5598731913e-01 -2.6623898826e-01  9.1141594151e-01  2.3669179721e+00  5.6177912912e-01  1.4648043381e+00  8.0461063463e-01 -1.2605041949e+00 -1.5659508875e+00  2.5098133719e+00 -2.3460585531e+00  1.7097606509e+00  8.8525325916e-02  1.0929355070e+00  5.6335976843e-01  1.8742828779e+00 -7.8348869061e-01  3.3029611360e+00  4.4797243480e-01  2.7947740285e+00  3.8798395017e+00 -6.4148115126e-01  8.6020534444e-01  9.2935318870e-01  2.8882824956e+00 -3.1320711783e+00 -3.5844745560e-03  4.3303896281e+00 -1.2354726587e+00  1.0479109402e-01  3.0423892016e+00 -1.9292246106e+00  1.1517358775e+00  1.5362621956e+00  2.5257915928e+00 -1.7956051509e-01  8.2055862928e-01  1.6028577403e+00  3.8687010876e-01 -7.7822163053e-01 -2.6430065006e-01  2.1118182316e+00 -1.1290430296e+00 -5.4834442394e-01  2.0146099466e-01  3.1402439084e+00  8.5641129137e-01  1.9194658786e+00  2.8041380160e+00  5.7379740260e-01  2.4961745552e+00  1.1686012988e+00 -1.3475234045e+00  1.1406017441e+00  4.7124711327e-01 -2.2478180098e+00 -1.9360836978e+00  3.1923340566e+00 -3.1134124131e+00 -1.5213154328e+00  1.4900713972e+00 -2.7303513656e+00 -2.1778356433e+00  2.5661110397e+00 -1.4458261940e+00  4.2082368523e+00  1.1941319858e-01  3.1128028711e+00  2.5834038003e+00  3.5188719225e-01  3.5023144472e+00
ENERGY -1.024648445650e+03

JOB 4
COORDS  3.0257010204e+00 -5.2631075918e-02  1.5949525837e+00  8.0572903708e-01  1.1083281129e+00  1.4940705219e+00  1.5142774230e+00 -4.0084416419e-01 -2.8288790475e-01  8.4000698139e-01  2.2868792271e+00  5.1442405108e-01  1.5629484848e+00  7.6302380509e-01 -1.2732628727e+00 -1.6295132155e+00  2.6675384292e+00 -2.1618263600e+00  1.7389398133e+00  5.7413593345e-02  1.0890136568e+00  5.7269858270e-01  1.7756501613e+00 -8.4301537779e-01  3.2231678540e+00  4.8397262396e-01  2.8723217550e+00  3.9474688793e+00 -5.7678700528e-01  9.7151968096e-01  7.6793712421e-01  2.5813941929e+00 -3.2735259861e+00  3.2429575206e-01  4.2850079077e+00 -1.4168885189e+00  1.4301090708e-01  2.9505827705e+00 -1.9999496232e+00  1.0475643503e+00  1.4764577714e+00  2.4901691783e+00 -2.0620435191e-01  6.8671981860e-01  1.5194989378e+00  5.2845693613e-01 -8.7813922689e-01 -3.2782131775e-01  2.2812284046e+00 -1.1328021622e+00 -5.3182478187e-01  7.5507809921e-02  3.0169597207e+00  7.8631866293e-01  1.8168743729e+00  2.7860848680e+00  5.6402472890e-01  2.5751842381e+00  1.1866462680e+00 -1.3008870693e+00  1.3089945223e+00  4.1957104243e-01 -2.2762500393e+00 -2.0043888788e+00  3.3984394073e+00 -2.8807912963e+00 -1.7827990777e+00  1.6508144352e+00 -2.5236255762e+00 -2.0958054652e+00  2.8143470983e+00 -1.1869487412e+00  4.1255456766e+00  1.9621947157e-01  3.2351256278e+00  2.4746527739e+00  3.4961570627e-01  3.5426760412e+00
ENERGY -1.024648297583e+03

JOB 5
COORDS  3.0324681611e+00 -1.1679122675e-02  1.6697847444e+00  7.4448557529e-01  9.9354791619e-01  1.4793905704e+00  1.6255102665e+00 -4.5763793636e-01 -2.6729905685e-01  7.3960922927e-01  2.1728162240e+00  4.9971640603e-01  1.6392036827e+00  7.1028215744e-01 -1.2528473078e+00 -1.6085488354e+00  2.8629288141e+00 -1.9473057440e+00  1.7618452418e+00  9.3492025319e-03  1.1136613826e+00  5.5787392847e-01  1.6484360468e+00 -8.6763893955e-01  3.1397273113e+00  5.3362073354e-01  2.9544564114e+00  4.0127098656e+00 -4.6684080101e-01  1.0828830273e+00  5.8229619340e-01  2.3104182798e+00 -3.3363031639e+00  6.6908049623e-01  4.1590300491e+00 -1.5780191241e+00  1.9147350332e-01  2.8457390133e+00 -2.0293683017e+00  9.2072688269e-01  1.3764171845e+00  2.4836153403e+00 -2.3702180124e-01  5.0498390399e-01  1.4645848444e+00  6.7636131881e-01 -9.9867637329e-01 -3.5450533860e-01  2.4486621926e+00 -1.1364603082e+00 -4.8520194531e-01 -8.5641387015e-02  2.8456056650e+00  7.4706448751e-01  1.6748169717e+00  2.7410697022e+00  5.8559123936e-01  2.6206149087e+00  1.2023363068e+00 -1.2301014839e+00  1.4498720557e+00  3.5766031796e-01 -2.2666835723e+00 -1.9443579678e+00  3.6437806354e+00 -2.6319608085e+00 -1.9740355884e+00  1.8844628125e+00 -2.2573638193e+00 -1.9175152003e+00  3.0969438950e+00 -9.2785785846e-01  4.0459558929e+00  3.1119404280e-01  3.3520295818e+00  2.3777142824e+00  3.4011771680e-01  3.5945430463e+00
ENERGY -1.024648741911e+03

JOB 6
COORDS  1.3255492486e+00 -2.3122981719e+00  8.6186333776e-01  9.6285056555e-01 -7.5296488682e-01  2.7885390533e+00  4.4293543831e-02 -2.5798809627e-01  5.8837943479e-01  1.8812500056e+00  4.7092194310e-01  2.6839920665e+00  9.5959779445e-01  9.5886031757e-01  4.6222720393e-01  1.4600205505e+00  3.6475807188e+00  3.4462945639e+00  6.2856526053e-01 -1.2751912402e+00  1.4649592100e+00  1.2286970791e+00  1.4774418822e+00  1.8255533074e+00  1.9489886827e+00 -3.2110247210e+00  1.7356817261e+00  1.4061554045e+00 -2.4440515625e+00 -3.5801828615e-01  1.3295478658e+00  3.8006207094e+00  7.9394702656e-01  3.4432423700e+00  2.8782517902e+00  1.8744273893e+00  1.9797075030e+00  3.0093761914e+00  1.8418445043e+00  1.4622547811e+00 -1.5122128495e+00  3.3886794989e+00  3.4669410317e-02 -4.6716740619e-01  3.2972390920e+00 -9.1733013550e-01  5.0531476227e-02  1.0135973866e+00 -1.2057521921e-01 -7.0073172452e-01 -3.9272016253e-01  2.0374832610e+00  8.8318912919e-01  3.6837970526e+00  2.8592187327e+00  1.7736843022e-01  2.2794665824e+00  1.8904946809e+00  6.7146463012e-01 -4.4763875085e-02  4.7042071432e-01  1.7449426203e+00 -1.1364658029e-01  1.8894795493e+00  4.6484020891e+00  3.5170198880e+00  3.7136774671e-01  3.6887186842e+00  3.4677639728e+00  1.8558896445e+00  3.0191971107e+00  4.2434254744e+00  2.2706949612e+00 -4.0258646532e+00  1.2243454703e+00  1.4341067112e+00 -3.4586258006e+00  2.5732872296e+00
ENERGY -1.024648175741e+03

JOB 7
COORDS  1.4228808331e+00 -2.2501174748e+00  8.8312598592e-01  8.4808443249e-01 -7.1050824956e-01  2.7715585965e+00  8.8316798455e-02 -2.4755321033e-01  5.0887888765e-01  1.7449768900e+00  5.3403107529e-01  2.7366714469e+00  9.8197030632e-01  9.8952009734e-01  4.4432492311e-01  1.6817954811e+00  3.5792257541e+00  3.5415799797e+00  6.3355836607e-01 -1.2475317946e+00  1.4295757873e+00  1.1459768347e+00  1.5212194024e+00  1.8199923834e+00  2.0120957151e+00 -3.1246689835e+00  1.8039325372e+00  1.6077932987e+00 -2.3717020503e+00 -3.2616787679e-01  1.0610453603e+00  3.9116184370e+00  9.6702776227e-01  3.3334402390e+00  2.9530186663e+00  1.5762640104e+00  1.8878882910e+00  3.0594585874e+00  1.8252511015e+00  1.3112834525e+00 -1.4545829142e+00  3.4180580129e+00 -1.2485113995e-01 -4.4182225790e-01  3.1990246504e+00 -9.0834778973e-01  3.7424181831e-02  8.6314154429e-01  5.5503311411e-03 -6.9568416171e-01 -4.8006993558e-01  1.7954308306e+00  9.5171464564e-01  3.7443538420e+00  2.7610529669e+00  2.5678079363e-01  2.4215130282e+00  1.9521213159e+00  7.2456948100e-01  3.3982545896e-03  5.1104392603e-01  1.7624613830e+00 -1.6496502613e-01  1.9284192137e+00  4.6425180971e+00  3.5392375499e+00  6.4390740297e-01  3.4312134091e+00  3.8408171247e+00  2.3786676782e+00  3.0410730539e+00  4.1819539682e+00  2.4090320903e+00 -3.9228986335e+00  1.3199155861e+00  1.4418906633e+00 -3.3977126775e+00  2.5966356764e+00
ENERGY -1.024646078458e+03

JOB 8
COORDS  1.4875380986e+00 -2.2311946209e+00  9.2264793523e-01  7.4877521190e-01 -6.9523593861e-01  2.7547656557e+00  1.2210857254e-01 -2.7152985203e-01  4.4590864030e-01  1.6200233108e+00  5.6874588799e-01  2.7686727419e+00  9.9049697325e-01  9.8458171607e-01  4.2539768614e-01  1.8592201976e+00  3.5096846374e+00  3.5497793546e+00  6.3404519702e-01 -1.2498037681e+00  1.4080843024e+00  1.0648767332e+00  1.5316606182e+00  1.8023539934e+00  2.0400297250e+00 -3.0818738541e+00  1.8879997999e+00  1.7562131332e+00 -2.3541372254e+00 -2.7051628708e-01  7.6798457338e-01  3.9749385931e+00  1.1534503961e+00  3.1290317027e+00  3.0617561140e+00  1.2821778325e+00  1.7507827342e+00  3.0989567582e+00  1.7958105523e+00  1.1824565521e+00 -1.4229256821e+00  3.4393699961e+00 -2.5540988621e-01 -4.4168018662e-01  3.1132552753e+00 -9.0068146475e-01 -8.0519776634e-03  7.3592786907e-01  1.1146746834e-01 -7.2932239884e-01 -5.4201117082e-01  1.5849648315e+00  9.9317455027e-01  3.7732960183e+00  2.6617492015e+00  3.0501245709e-01  2.5308798955e+00  1.9903998425e+00  7.4311268162e-01  4.2336569746e-02  5.3569209319e-01  1.7409254975e+00 -2.1759911161e-01  2.0876345757e+00  4.5771170995e+00  3.5585406642e+00  8.9873823461e-01  3.3295703471e+00  4.0341666344e+00  2.6719854160e+00  2.9529219773e+00  4.0131155054e+00  2.4913657481e+00 -3.8708155170e+00  1.4374613160e+00  1.4248417159e+00 -3.3681670003e+00  2.6415395794e+00
ENERGY -1.024643120789e+03

JOB 9
COORDS  1.5528143720e+00 -2.2244224869e+00  9.5168910828e-01  6.6351951263e-01 -7.0634050788e-01  2.7300162741e+00  1.7346347698e-01 -2.9758189713e-01  3.8687557464e-01  1.5093745401e+00  5.7349181195e-01  2.7976935818e+00  1.0150025544e+00  9.7669381243e-01  4.1845458692e-01  2.0091475213e+00  3.4326033291e+00  3.5445546203e+00  6.4661119433e-01 -1.2641784696e+00  1.3801221128e+00  9.9889030609e-01  1.5229841984e+00  1.7965256424e+00  2.0617419871e+00 -3.0619903334e+00  1.9522414804e+00  1.9014228656e+00 -2.3405045220e+00 -2.2125621574e-01  4.9874261878e-01  4.0019064942e+00  1.4161984668e+00  2.8714525838e+00  3.1934361453e+00  1.0662583786e+00  1.6049017040e+00  3.1278002873e+00  1.8124252849e+00  1.0636908668e+00 -1.4253336316e+00  3.4436848878e+00 -3.6582922117e-01 -4.6832900866e-01  3.0209134216e+00 -8.7044970697e-01 -5.6252054583e-02  6.1372569950e-01  2.3324688930e-01 -7.5530780043e-01 -5.9934022930e-01  1.4001467020e+00  9.9554794607e-01  3.7975609583e+00  2.5687550476e+00  3.2303458145e-01  2.6292792292e+00  2.0400795316e+00  7.6237268941e-01  9.0973532849e-02  5.8123991707e-01  1.7216936628e+00 -2.5256619778e-01  2.2939353977e+00  4.4863721811e+00  3.5604114522e+00  1.1318424149e+00  3.2759872149e+00  4.1732125266e+00  2.8540875499e+00  2.8144809116e+00  3.8443221418e+00  2.5588604289e+00 -3.8403438037e+00  1.5324613092e+00  1.4049410499e+00 -3.3632184621e+00  2.6637449988e+00
ENERGY -1.024639965028e+03

JOB 10
COORDS  1.5664881680e+00 -2.1912265766e+00  9.9434146187e-01  5.8515565185e-01 -6.6354147092e-01  2.7138939227e+00  2.1063319756e-01 -2.7342481473e-01  3.4699339946e-01  1.4251501281e+00  6.1834279273e-01  2.8100811407e+00  1.0440891297e+00  1.0055201390e+00  4.0897465157e-01  2.1987892708e+00  3.4034036080e+00  3.4824742919e+00  6.3636349821e-01 -1.2318099199e+00  1.3693837928e+00  9.6183436805e-01  1.5589768418e+00  1.7807375767e+00  2.0273230557e+00 -3.0200697756e+00  2.0254146373e+00  1.9753761549e+00 -2.3141615053e+00 -1.5833721235e-01  3.1996016450e-01  4.0486381519e+00  1.7167773907e+00  2.6024458475e+00  3.3583043557e+00  8.7087856191e-01  1.5006476679e+00  3.1899599576e+00  1.8303610243e+00  9.5192659050e-01 -1.3756735021e+00  3.4520161491e+00 -4.5706532887e-01 -4.2424580443e-01  2.9525914003e+00 -8.4399724375e-01 -3.4285654585e-02  5.2005319199e-01  3.2091360171e-01 -7.3805407827e-01 -6.3166195449e-01  1.2705355113e+00  1.0476183851e+00  3.8012388296e+00  2.4910261541e+00  3.6384602766e-01  2.6935710147e+00  2.0837393660e+00  7.9820152319e-01  1.2636703941e-01  6.3847392069e-01  1.7405738018e+00 -2.8940463263e-01  2.5428177129e+00  4.4394317251e+00  3.4808321229e+00  1.4283257628e+00  3.2697533998e+00  4.2419082069e+00  3.0438170196e+00  2.7303667316e+00  3.6240759282e+00  2.5461857141e+00 -3.8000633578e+00  1.6360095124e+00  1.3359388323e+00 -3.3188812487e+00  2.7045065754e+00
ENERGY -1.024637606069e+03

JOB 11
COORDS  1.6011054233e+00 -2.1589005896e+00  1.0190408563e+00  5.0557719052e-01 -6.3653778154e-01  2.6716692684e+00  2.7278081466e-01 -2.5307981141e-01  2.8543809651e-01  1.3244254008e+00  6.5534535500e-01  2.8062250917e+00  1.0865259301e+00  1.0358756607e+00  3.9638861245e-01  2.3761079577e+00  3.3593694214e+00  3.3895016183e+00  6.4135440838e-01 -1.2073694612e+00  1.3338974569e+00  8.9966619906e-01  1.5927436360e+00  1.7574153720e+00  2.0021654000e+00 -2.9838595782e+00  2.0779871130e+00  2.0832180598e+00 -2.2796480167e+00 -1.0539777640e-01  1.9074894031e-01  4.0519896201e+00  2.0860450803e+00  2.2758937170e+00  3.5341348053e+00  7.4088205636e-01  1.3911091791e+00  3.2403257706e+00  1.8761006570e+00  8.3947626919e-01 -1.3419588220e+00  3.4314941621e+00 -5.5076040629e-01 -4.0820857129e-01  2.8507802972e+00 -7.9292517318e-01 -2.3942224325e-02  3.9109752233e-01  4.4902652379e-01 -7.1724387850e-01 -6.8376661247e-01  1.1218066657e+00  1.0836277171e+00  3.7900062299e+00  2.3965394359e+00  4.1085116269e-01  2.7366341626e+00  2.1452723182e+00  8.3583396121e-01  1.8753084625e-01  7.2683890535e-01  1.7603847561e+00 -3.3521925208e-01  2.7485118451e+00  4.3853904209e+00  3.3740265156e+00  1.7436161677e+00  3.2064203106e+00  4.2630435355e+00  3.2110100381e+00  2.6592021181e+00  3.3564159752e+00  2.5490667253e+00 -3.7609043426e+00  1.7225031557e+00  1.2714549469e+00 -3.2866966839e+00  2.7127288771e+00
ENERGY -1.024637086139e+03

JOB 12
COORDS  1.6541236512e+00 -2.1469972335e+00  1.0902056301e+00  4.1930728808e-01 -6.3601592570e-01  2.6510866692e+00  3.5394792541e-01 -2.6645252051e-01  2.5170040059e-01  1.2026789188e+00  6.7219024051e-01  2.8282817724e+00  1.1375407277e+00  1.0352858726e+00  4.1664724761e-01  2.5550439503e+00  3.2838588900e+00  3.2502231612e+00  6.5707265181e-01 -1.2117811776e+00  1.3292470138e+00  8.2273403272e-01  1.6011162033e+00  1.7524136792e+00  1.9897012229e+00 -2.9624162514e+00  2.1786094305e+00  2.2220297334e+00 -2.2605482998e+00  5.6088655328e-03  1.5230167467e-01  3.9763180889e+00  2.4768670348e+00  1.9296048599e+00  3.6703537641e+00  6.8379091014e-01  1.3023914733e+00  3.2463366366e+00  1.9401561408e+00  7.1542661384e-01 -1.3302007476e+00  3.4364208115e+00 -6.5063797172e-01 -4.2739353575e-01  2.7578341407e+00 -7.1979878117e-01 -5.2342630745e-02  2.7689509358e-01  6.0782522268e-01 -7.3128772932e-01 -6.9975243576e-01  9.3321555754e-01  1.1035548736e+00  3.7957165791e+00  2.2808885724e+00  4.4926518821e-01  2.8212430822e+00  2.2127209045e+00  8.4048320505e-01  3.0404663365e-01  8.3755489669e-01  1.7494227261e+00 -3.4928783634e-01  2.8955302031e+00  4.3208860237e+00  3.2637677428e+00  2.0994191026e+00  3.0290172406e+00  4.2055080901e+00  3.3850252509e+00  2.6208414663e+00  3.0023194020e+00  2.5742327334e+00 -3.7311714737e+00  1.8678669795e+00  1.2196016074e+00 -3.2749418288e+00  2.7598105681e+00
ENERGY -1.024639229011e+03

JOB 13
COORDS  1.6852517077e+00 -2.1235349819e+00  1.1196707583e+00  3.1201344334e-01 -6.5467871454e-01  2.6031773928e+00  4.0426105149e-01 -2.6608438559e-01  2.0571951312e-01  1.0538045017e+00  6.6766304620e-01  2.8387669696e+00  1.1446005536e+00  1.0513607956e+00  4.3457277416e-01  2.6393545093e+00  3.2124553719e+00  3.0741672056e+00  6.5203752184e-01 -1.2138193147e+00  1.2955717533e+00  7.1933540465e-01  1.5982696173e+00  1.7473665692e+00  1.9616229576e+00 -2.9424453716e+00  2.2214598278e+00  2.3317488364e+00 -2.2122011653e+00  7.7318518999e-02  1.1235544605e-01  3.8262388713e+00  2.8386678322e+00  1.5241107828e+00  3.8033425122e+00  7.1476219217e-01  1.1669854537e+00  3.2315040561e+00  2.0153485408e+00  5.6954321183e-01 -1.3492798045e+00  3.4015118745e+00 -7.6689125039e-01 -4.6996942790e-01  2.6390356485e+00 -6.7295010258e-01 -7.4456535925e-02  1.5751980823e-01  7.3312613014e-01 -7.1767004409e-01 -7.2892060574e-01  7.1908295872e-01  1.0943845532e+00  3.7884728357e+00  2.1348510328e+00  4.6826665738e-01  2.8911981510e+00  2.2293483342e+00  8.7370360713e-01  4.0245220599e-01  8.8761886616e-01  1.7693267637e+00 -3.4281559184e-01  2.9309990767e+00  4.2600931236e+00  3.1681890261e+00  2.3801649499e+00  2.8082462004e+00  4.0510655980e+00  3.4382807619e+00  2.6416986456e+00  2.5971144255e+00  2.5834224701e+00 -3.6955225472e+00  1.9469191543e+00  1.1604379680e+00 -3.2756717014e+00  2.7463464750e+00
ENERGY -1.024643591254e+03

JOB 14
COORDS  1.7293288261e+00 -2.0594486300e+00  1.1302507443e+00  2.4826190178e-01 -6.4017196838e-01  2.5579851159e+00  4.9479012786e-01 -1.9035160907e-01  1.7958073683e-01  9.7194827654e-01  6.7374717467e-01  2.8773920890e+00  1.2136755488e+00  1.1238299580e+00  4.8616006564e-01  2.7286687030e+00  3.2289701179e+00  2.9429425365e+00  6.7716427009e-01 -1.1635789469e+00  1.2601093322e+00  7.1498292937e-01  1.6294737077e+00  1.7863715029e+00  1.9390287633e+00 -2.9070742745e+00  2.2244209909e+00  2.4463325494e+00 -2.1128910798e+00  1.3220871756e-01  1.6006206823e-01  3.6877948947e+00  3.1671335731e+00  1.2220604283e+00  3.9444270543e+00  8.5722264030e-01  1.1044672254e+00  3.2465794192e+00  2.1384974000e+00  4.5195759002e-01 -1.3572050912e+00  3.3519258031e+00 -8.3088094925e-01 -4.5698780616e-01  2.5252839105e+00 -5.7790719991e-01  2.9458606237e-04  6.9217995522e-02  8.8294103253e-01 -6.1878926631e-01 -7.4308305957e-01  5.7993761267e-01  1.0888813749e+00  3.8094916853e+00  2.0473519912e+00  4.6957374547e-01  2.9927924644e+00  2.2995354778e+00  9.4782567644e-01  5.1108989680e-01  9.9427268873e-01  1.8651973157e+00 -2.8130463493e-01  2.9898312888e+00  4.2762362267e+00  3.1047930264e+00  2.6491931013e+00  2.7109311990e+00  3.8977545131e+00  3.4618619278e+00  2.7549374398e+00  2.2873313946e+00  2.5844624005e+00 -3.6478889790e+00  1.9720764530e+00  1.1083832863e+00 -3.2591429542e+00  2.6874914439e+00
ENERGY -1.024647918828e+03

JOB 15
COORDS  1.7819279217e+00 -1.9964845071e+00  1.1392369348e+00  2.0231261149e-01 -6.1386382196e-01  2.4940571850e+00  5.9764569828e-01 -1.2142915153e-01  1.4502520761e-01  9.2353711967e-01  6.7849009414e-01  2.8944831549e+00  1.3173009667e+00  1.1761585292e+00  5.1620379660e-01  2.8441295289e+00  3.2919990700e+00  2.7543671274e+00  7.1055184247e-01 -1.1163290830e+00  1.2152790607e+00  7.7328202138e-01  1.6559963636e+00  1.8041345948e+00  1.9307596810e+00 -2.8619140503e+00  2.2282313802e+00  2.5632904913e+00 -2.0215907900e+00  1.8928102440e-01  3.0268698583e-01  3.5795842661e+00  3.3808627503e+00  1.0230851634e+00  4.0350328298e+00  9.6858533757e-01  1.1180738437e+00  3.2609771032e+00  2.2069340931e+00  3.3437600031e-01 -1.3529787696e+00  3.2829684597e+00 -8.6847753705e-01 -4.1073610549e-01  2.3884853180e+00 -4.6527350143e-01  8.6010525244e-02 -1.6134628960e-02  1.0274276719e+00 -5.3746754898e-01 -7.6474747312e-01  4.7225967709e-01  1.0926324215e+00  3.7983753379e+00  1.9830161119e+00  4.4958713877e-01  3.0895468341e+00  2.3985305777e+00  9.8270061925e-01  5.8197517200e-01  1.1364091121e+00  1.9402280190e+00 -2.4000612981e-01  3.0727309942e+00  4.3329963134e+00  2.9892472937e+00  2.9462839136e+00  2.6747274923e+00  3.6472328837e+00  3.4863098310e+00  2.9372613076e+00  1.9464587028e+00  2.5980455107e+00 -3.5928654264e+00  2.0061369136e+00  1.0773853696e+00 -3.2259254755e+00  2.6373201306e+00
ENERGY -1.024650543221e+03

JOB 16
COORDS  1.8122737983e+00 -1.9919009194e+00  1.1027455190e+00  1.5833895492e-01 -6.5785620866e-01  2.4195576925e+00  6.7965635289e-01 -8.3446860055e-02  1.1432536723e-01  8.6304677486e-01  6.1008112263e-01  2.9154977124e+00  1.3900816254e+00  1.1937036842e+00  5.6695881556e-01  2.8194864392e+00  3.4013823256e+00  2.6108887400e+00  7.3665260875e-01 -1.1153352738e+00  1.1529287705e+00  8.0561077671e-01  1.6227197948e+00  1.8508754947e+00  1.9053847165e+00 -2.8955965681e+00  2.1660727497e+00  2.6434176343e+00 -1.9817579352e+00  1.9538970023e-01  3.5384410126e-01  3.4082440353e+00  3.5811256367e+00  7.2945171042e-01  4.0451046896e+00  1.1315103159e+00  1.0444841906e+00  3.2257621513e+00  2.3027044275e+00  2.3682536951e-01 -1.4292948372e+00  3.1844095745e+00 -9.0277145646e-01 -4.4117552678e-01  2.2577537922e+00 -3.7326291260e-01  1.3861226538e-01 -8.7384439920e-02  1.1486025864e+00 -4.7031199597e-01 -7.8894819214e-01  3.5508329537e-01  1.0037801466e+00  3.7967876903e+00  1.9034179896e+00  3.6205121811e-01  3.1802090066e+00  2.4668838294e+00  9.9053464760e-01  6.6396951446e-01  1.2373227678e+00  1.9887479919e+00 -1.6440821891e-01  2.9872836696e+00  4.4403974827e+00  2.8997173816e+00  3.1082982798e+00  2.7315574981e+00  3.4224200269e+00  3.3629685369e+00  3.1728328447e+00  1.6931476356e+00  2.5845426565e+00 -3.6185039307e+00  1.9540423845e+00  1.0327326854e+00 -3.2724931330e+00  2.5188221244e+00
ENERGY -1.024651092158e+03

JOB 17
COORDS  1.3923028375e+00 -2.2160278027e+00  1.0323026339e+00  5.7235869548e-01 -4.6470194297e-01  2.6173765670e+00  8.0769342124e-01  1.6899078559e-03  2.3183347964e-01  1.7434808368e+00  4.8161913619e-01  2.9228564581e+00  1.9792993056e+00  9.4530624394e-01  5.1132972397e-01  2.0791927043e+00  3.9426049839e+00  3.0636022515e+00  7.1515269286e-01 -1.0306574639e+00  1.2711654633e+00  1.9157026046e+00  1.5125052326e+00  1.8789417842e+00  1.3845123413e+00 -3.1414848139e+00  2.0836922343e+00  1.9763209443e+00 -2.4558347156e+00 -2.4745299832e-02 -2.0241327517e-01  2.6245607618e+00  2.9113111045e+00  8.2523807752e-01  3.5308979777e+00  7.5945918030e-01  9.7719321715e-01  2.9120649050e+00  2.0799878443e+00  5.4560648992e-01 -1.2542827078e+00  3.3677383696e+00 -3.6836667670e-01  9.0332644646e-02  2.6696230664e+00 -1.3244238562e-01  5.6391587298e-01  2.2257687534e-01  9.3878624027e-01 -4.8790402845e-01 -7.3240022995e-01  1.5974032097e+00  9.6021093698e-01  3.8936901231e+00  2.6783612585e+00 -8.8484752342e-02  2.9621166204e+00  2.9215966785e+00  3.9191850953e-01  4.4535760079e-01  2.0045225791e+00  1.7646645101e+00 -2.0662341020e-01  1.5339178228e+00  4.8608525598e+00  3.2890293073e+00  2.3294745856e+00  3.4140259761e+00  3.9841771862e+00  2.9712396114e+00  4.1490405111e+00  2.4727741913e+00  1.7149722363e+00 -4.0423655874e+00  1.7548053593e+00  5.2155881988e-01 -3.2154060197e+00  2.6111904617e+00
ENERGY -1.024650816004e+03

JOB 18
COORDS  2.8240814724e+00  4.8926280229e-02  1.4801244754e+00  1.2874311034e+00  1.9996517241e+00  1.1952638629e+00  7.7924447525e-01 -1.6663657259e-01  1.8728082583e-01  1.5347871250e+00  2.5964293977e+00 -1.9730061249e-01  1.0207614419e+00  4.0702000320e-01 -1.2107406986e+00 -6.2903582997e-01  3.2889397797e+00 -3.0830049203e+00  1.5686029978e+00  5.5929435858e-01  1.1894520350e+00  7.9102030940e-01  1.8708735569e+00 -1.2472873927e+00  3.6049165619e+00  8.1609847935e-01  2.3536344183e+00  3.2482048362e+00 -1.0044234077e+00  1.0040007137e+00 -1.1778846090e+00  3.3647375619e+00 -4.9985227210e-01 -1.6291410964e+00  1.2077093604e+00 -1.7936717264e+00 -7.9904758205e-01  2.3893801654e+00 -1.5321036673e+00  1.9147225305e+00  2.5136993171e+00  1.9229482895e+00  2.4170260753e-01  2.1547344613e+00  1.4782190608e+00 -2.8009512266e-01 -7.2365586433e-02  4.4791774932e-01  1.0626278759e+00 -1.2179871992e+00  2.1860428363e-01  1.2552664720e+00  3.6506642230e+00 -2.1329746265e-01  2.5980774357e+00  2.5161405607e+00 -4.4951928720e-01  2.0629582176e+00  2.4339763738e-01 -1.5032705030e+00  3.7322482359e-01 -7.4630087775e-02 -1.9430268274e+00 -1.6176124733e+00  3.6748173904e+00 -3.3389047694e+00  7.7529921947e-02  4.1062080305e+00 -2.9343110394e+00 -2.7240906391e-01  2.5940116297e+00 -3.8433895646e+00  4.4038945368e+00  2.7688265195e-01  2.6694940047e+00  3.1146229691e+00  1.2660725414e+00  3.1187795617e+00
ENERGY -1.024650730926e+03

JOB 19
COORDS  2.8020892786e+00 -2.4084337824e-02  1.4531226669e+00  1.2627762009e+00  1.9356347951e+00  1.2665307632e+00  7.7763519598e-01 -1.6546095794e-01  1.1794010574e-01  1.5321991222e+00  2.6198688726e+00 -8.0335829983e-02  1.0413170227e+00  4.9579847843e-01 -1.2375046933e+00 -6.5821582526e-01  3.0643707650e+00 -3.1870039443e+00  1.5486411987e+00  4.9879511044e-01  1.1755372183e+00  8.0945933495e-01  1.9581994929e+00 -1.1847209796e+00  3.5632993042e+00  6.8824339919e-01  2.3878408196e+00  3.2402004818e+00 -1.0418707463e+00  9.1605948097e-01 -1.0329982228e+00  3.6506286316e+00 -6.3378326009e-01 -1.6823649702e+00  1.3288961531e+00 -1.4792032558e+00 -7.7399483386e-01  2.4832049704e+00 -1.4863958200e+00  1.8742758046e+00  2.4042625497e+00  2.0371114569e+00  2.1135936707e-01  2.0682100252e+00  1.5429178757e+00 -2.8576806308e-01 -8.7744745950e-02  3.6374590144e-01  1.0648085824e+00 -1.2158045424e+00  8.8483603864e-02  1.2457345554e+00  3.6707280261e+00 -4.1655203514e-02  2.5999396821e+00  2.5554169000e+00 -3.1806826630e-01  2.0875467010e+00  3.4917964533e-01 -1.5247986878e+00  4.0725956754e-01  5.5309360615e-02 -2.0080258872e+00 -1.6535485580e+00  3.4067217276e+00 -3.4764364052e+00  6.2027765957e-02  3.8817879518e+00 -3.2202895041e+00 -3.3958782450e-01  2.2328791552e+00 -3.8167539640e+00  4.3604086042e+00  1.3416711734e-01  2.6818659546e+00  3.0576746475e+00  1.0863506289e+00  3.1715104956e+00
ENERGY -1.024650829309e+03

JOB 20
COORDS  2.7740855354e+00 -8.8818049952e-02  1.4232253055e+00  1.2260243063e+00  1.8684593193e+00  1.3180183359e+00  7.7237407613e-01 -1.6556667328e-01  5.0342792840e-02  1.5373241844e+00  2.6237010230e+00  1.9278129530e-02  1.0709751101e+00  5.6645290725e-01 -1.2618686553e+00 -6.8994019296e-01  2.8304119620e+00 -3.2217229336e+00  1.5191706415e+00  4.3890511981e-01  1.1594225720e+00  8.5351515625e-01  2.0285269059e+00 -1.1472762414e+00  3.5165453074e+00  5.7462668210e-01  2.4069113102e+00  3.2276045209e+00 -1.0707835899e+00  8.3469922211e-01 -8.8382205923e-01  3.8591715355e+00 -7.8059675161e-01 -1.6963263464e+00  1.4778225488e+00 -1.1906432753e+00 -7.3095088702e-01  2.5582587850e+00 -1.4421844718e+00  1.8096569554e+00  2.2975701989e+00  2.1320975374e+00  1.6581863021e-01  1.9804804720e+00  1.5697302998e+00 -2.9548635837e-01 -9.7856945416e-02  2.7520550814e-01  1.0603679819e+00 -1.2129651183e+00 -3.0930672688e-02  1.2505284494e+00  3.6722408164e+00  9.9203125384e-02  2.6120523244e+00  2.5691054839e+00 -1.8681173404e-01  2.1207874147e+00  4.2241466323e-01 -1.5365277154e+00  4.5169503103e-01  1.6718443737e-01 -2.0677817914e+00 -1.6973347169e+00  3.1303310802e+00 -3.5157692491e+00  3.3248523474e-02  3.6178929611e+00 -3.4319326441e+00 -4.1293510359e-01  1.8980149740e+00 -3.7149396268e+00  4.3144458087e+00  1.1720902898e-02  2.6812637980e+00  2.9974982186e+00  9.2739940631e-01  3.2033542454e+00
ENERGY -1.024651028661e+03

JOB 21
COORDS  2.7709166230e+00 -8.9064792827e-02  1.3989091679e+00  1.2124774214e+00  1.8616980064e+00  1.3275955653e+00  8.1642431610e-01 -1.1152386268e-01 -4.2284398206e-02  1.5716160744e+00  2.6738045650e+00  7.6538908038e-02  1.1540042437e+00  6.8350631368e-01 -1.3087347405e+00 -7.5264053635e-01  2.6551861493e+00 -3.2054083986e+00  1.5215739261e+00  4.4259496775e-01  1.1178695597e+00  9.3931082663e-01  2.1453046956e+00 -1.1536700774e+00  3.4736314376e+00  5.3265177426e-01  2.4371594651e+00  3.2514089555e+00 -1.0398478953e+00  7.8111397307e-01 -7.3248115794e-01  4.0530263433e+00 -9.3658377167e-01 -1.6387028713e+00  1.6773585653e+00 -9.1898114217e-01 -6.6176713546e-01  2.6652602684e+00 -1.4063998858e+00  1.7647043633e+00  2.2587575438e+00  2.1789730354e+00  1.4365089943e-01  1.9555792196e+00  1.5471032822e+00 -2.5755055255e-01 -6.3264908513e-02  1.5275850121e-01  1.1180348434e+00 -1.1508218044e+00 -1.6696948028e-01  1.2870480195e+00  3.7204591174e+00  1.9010971677e-01  2.6534893949e+00  2.6258929499e+00 -8.9192255084e-02  2.2118778174e+00  5.5002571992e-01 -1.5561002452e+00  5.6729172626e-01  3.1384421460e-01 -2.1526289341e+00 -1.7755812700e+00  2.9414150292e+00 -3.4555531012e+00 -3.5860224061e-02  3.3799874928e+00 -3.5900655859e+00 -5.4396806321e-01  1.6526671502e+00 -3.5779915955e+00  4.2666266082e+00 -3.6451578556e-02  2.7128611810e+00  2.9247257258e+00  8.4549253845e-01  3.2302566711e+00
ENERGY -1.024650346784e+03

JOB 22
COORDS  2.7900363006e+00 -1.0483348182e-01  1.3922251077e+00  1.2143235485e+00  1.8331179197e+00  1.3449902713e+00  8.9784366823e-01 -7.7001950337e-02 -1.2744027788e-01  1.6198628159e+00  2.7031475477e+00  1.4717971266e-01  1.2853196156e+00  7.8062308551e-01 -1.3379238408e+00 -7.9780337527e-01  2.4510650371e+00 -3.1348869780e+00  1.5464790872e+00  4.2704833164e-01  1.0866282893e+00  1.0508939827e+00  2.2366501753e+00 -1.1423674063e+00  3.4447808430e+00  4.7511707784e-01  2.4842257518e+00  3.3048320952e+00 -1.0216746395e+00  7.5096341655e-01 -5.6252801363e-01  4.1989541516e+00 -1.1283626857e+00 -1.5271755260e+00  1.9007629703e+00 -6.5850180579e-01 -5.5971289509e-01  2.7535217090e+00 -1.3731265798e+00  1.7303241510e+00  2.1975830622e+00  2.2328814895e+00  1.3765861734e-01  1.9074703367e+00  1.5252354287e+00 -1.8355269251e-01 -4.9559537762e-02  2.5769145165e-02  1.2171686847e+00 -1.1058410049e+00 -2.8984787526e-01  1.3274484242e+00  3.7441332704e+00  2.9566271527e-01  2.7082283501e+00  2.6708026490e+00  2.7465761569e-02  2.3569606504e+00  6.7145472792e-01 -1.5320351974e+00  7.5924444887e-01  4.4020789842e-01 -2.2317781501e+00 -1.7536793959e+00  2.9211155159e+00 -3.3727689983e+00  1.3051872609e-02  2.9225917616e+00 -3.6897264007e+00 -8.5626636216e-01  1.3809892321e+00 -3.3260428036e+00  4.2328834170e+00 -9.8095378277e-02  2.7653154418e+00  2.8620679638e+00  7.4767288543e-01  3.2679868507e+00
ENERGY -1.024648219880e+03

JOB 23
COORDS  3.0353114684e+00 -7.5493435861e-02  1.2680553741e+00  9.9006136510e-01  1.3062458650e+00  1.7064790095e+00  1.0224707966e+00 -3.5611981759e-01 -6.3251178319e-02  8.6919220210e-01  2.4125691298e+00  6.5636261276e-01  9.0093708943e-01  7.4946845670e-01 -1.1146833465e+00 -1.0365040400e+00  2.3332647747e+00 -2.9647884941e+00  1.6670271586e+00  1.3144198596e-01  1.1539356554e+00  1.3871982200e-01  1.8781440368e+00 -5.2282959422e-01  3.6414560033e+00  4.9577146782e-01  2.3899779718e+00  3.6860260643e+00 -7.1209908612e-01  4.4046694960e-01  1.1021089293e+00  3.6807804743e+00 -2.1815784965e+00 -1.0772527300e+00  4.0801760406e+00 -9.4337375108e-01 -1.5866872804e-01  3.1651824381e+00 -1.6262992297e+00  1.5354672480e+00  1.6996260213e+00  2.5631626698e+00 -9.8199707373e-03  1.0102912134e+00  2.0426796553e+00  2.2209923427e-02 -7.1877242297e-01  1.9879118710e-01  1.6117946504e+00 -1.1802585084e+00 -4.6238527494e-01  2.9679689556e-01  3.2483425296e+00  1.0643410013e+00  1.8695163590e+00  2.7671885375e+00  3.7319001154e-01  1.8978555879e+00  1.0671517903e+00 -1.4478961109e+00  3.5229714753e-01  3.5108270779e-01 -1.9703563519e+00 -1.4673031361e+00  3.1430508809e+00 -3.5564471359e+00 -3.3485523024e-01  1.7626070267e+00 -3.5705991316e+00 -1.8268992917e+00  1.7098466118e+00 -2.5456451937e+00  4.5854846949e+00  1.4212962653e-01  2.5000681653e+00  3.1127381310e+00  4.7841400125e-01  3.2545928413e+00
ENERGY -1.024645926074e+03

