JOB 0
COORDS  1.4494805090e+00 -5.5237431051e-01  6.5373492629e+00 -6.8101866599e-01 -1.0949625706e+00  6.9191474302e+00  1.5292849063e-01 -5.2139012305e-01  5.9687972986e+00  1.1842836380e+00 -1.6248892635e+00  1.2138736073e+00 -6.1536661948e-01  1.3268757257e-01  1.3045054076e+00  1.7839486482e+00  7.2801612288e-01  1.8543761160e+00 -2.6899796064e-01 -2.0486475380e+00  9.2196506923e+00  7.0021751558e-01 -3.5683072798e-01  1.9340949501e+00  1.4206935657e+00 -1.1104497965e+00  7.7455129799e+00  1.1540950889e-01 -1.4328759067e+00  7.9594933449e+00  5.4503863203e-01 -7.7949449116e-01  3.3715915347e+00 -1.8178269490e+00 -1.4929309725e-01  4.3346050268e+00  7.4770270653e-02  1.5425857525e+00  4.2952411907e+00 -3.8231341088e-01  1.5837290558e-01  4.4383602588e+00  2.3791674192e+00 -1.9980961385e-01  6.1109515552e+00 -1.7484809512e+00 -1.2640681726e+00  6.9039167159e+00  2.0977327345e+00 -2.0113327770e+00  1.6766447834e+00  4.2027664308e-01 -2.4115347953e+00  1.2347032747e+00  1.3990433337e+00 -1.3979823086e+00  1.6570783657e-01 -9.6352365792e-01  1.0558435282e+00  1.7736826836e+00 -1.4056296401e+00 -6.1755609188e-01  1.4043608089e+00 -4.6033070503e-01  3.3281173158e-01  2.3910016479e-01  1.4756766319e+00  1.6310952572e+00  2.3823652007e+00  2.7148958734e+00  3.6600706537e-01  2.3011899432e+00  1.9754547968e+00  9.8121418932e-01  8.0634949993e-01  2.9887815763e-01 -2.9698890276e+00  9.3669536438e+00 -6.5397403297e-02 -1.3629933364e+00  1.0045674134e+01 -1.3352662798e+00 -2.2772327277e+00  9.1898621474e+00  1.6826172460e-01 -1.7274040091e+00  3.4245005010e+00
ENERGY -1.026795395014e+03

JOB 1
COORDS  1.3639564498e+00 -4.6942262172e-01  6.4500365123e+00 -7.1525183312e-01 -1.1105785519e+00  6.9426776633e+00  4.5858386004e-02 -5.3139433907e-01  5.9369999219e+00  1.1498363262e+00 -1.6168282632e+00  1.1832958479e+00 -5.2421344353e-01  2.6233297770e-01  1.2170377061e+00  1.8373610461e+00  6.2839622945e-01  2.0667431638e+00 -1.5878792496e-01 -1.9407076536e+00  9.2612276102e+00  6.7613985038e-01 -3.6818879969e-01  1.9445022568e+00  1.4151091932e+00 -9.7763558094e-01  7.6793952738e+00  1.4029640894e-01 -1.3621921904e+00  7.9611281475e+00  3.2242770569e-01 -8.8215351728e-01  3.3130579843e+00 -1.9990403512e+00 -3.4124538262e-01  4.3602525880e+00 -1.9315791891e-01  1.4482157862e+00  4.2055635624e+00 -5.8158821816e-01  4.9287568284e-02  4.4004242689e+00  2.2554256067e+00 -8.5775114070e-02  5.9718547232e+00 -1.7710306383e+00 -1.3391615457e+00  6.9792016790e+00  1.9773263551e+00 -2.1034737142e+00  1.7087687464e+00  3.3646395432e-01 -2.3424879830e+00  1.0621901003e+00  1.4939320427e+00 -1.3340614788e+00  1.8435888261e-01 -8.5648428275e-01  1.1737732311e+00  1.7184245247e+00 -1.3671987026e+00 -4.3510369778e-01  1.1763042320e+00 -2.4299169057e-01  5.2073948239e-01  1.9064909930e-01  1.5359427657e+00  1.5197268956e+00  2.6176202872e+00  2.6809287103e+00  1.6304710815e-01  2.5861671719e+00  2.1692821280e+00  9.3013253503e-01  1.0678811967e+00  4.9375734213e-01 -2.7981180173e+00  9.4388681775e+00 -4.4604279351e-04 -1.1975866123e+00  1.0046795937e+01 -1.2001084415e+00 -2.2657701464e+00  9.2716983424e+00 -1.3889931099e-01 -1.7905037067e+00  3.2551019977e+00
ENERGY -1.026795546816e+03

JOB 2
COORDS  1.2269015641e+00 -2.2375139802e-01  6.4485584675e+00 -7.2907765237e-01 -1.1703286234e+00  6.9504233840e+00 -8.0357296201e-02 -4.5205155033e-01  5.9565260114e+00  9.7729498414e-01 -1.6001516230e+00  1.2327847115e+00 -5.1036524602e-01  4.3106736655e-01  1.2087409054e+00  1.7751238048e+00  5.1970746662e-01  2.3080944964e+00 -1.0788967805e-02 -1.9935771278e+00  9.2270172588e+00  5.4391334594e-01 -3.4857904832e-01  2.0137237418e+00  1.3766128744e+00 -7.6363036538e-01  7.6567364879e+00  1.7658070170e-01 -1.3361400143e+00  7.9437408244e+00 -2.5067760426e-03 -8.9241692464e-01  3.3016878699e+00 -2.2111869376e+00 -3.5185410011e-01  4.4923388954e+00 -4.3330087466e-01  1.4655000793e+00  4.2020910806e+00 -8.0361149993e-01  6.8516148392e-02  4.4396302221e+00  2.0427657629e+00  3.0679642192e-01  5.9755743540e+00 -1.7425656142e+00 -1.5426673328e+00  6.9985616908e+00  1.7073668061e+00 -2.1819930774e+00  1.8033060872e+00  1.1954273794e-01 -2.2440827503e+00  1.0038859820e+00  1.4329291955e+00 -1.3057083620e+00  2.8292774396e-01 -8.1749384131e-01  1.3359688209e+00  1.7362526543e+00 -1.3981760899e+00 -1.8596697869e-01  1.0329222741e+00 -9.9808061315e-02  7.2151066203e-01  2.3573416362e-01  1.5030219010e+00  1.4197466913e+00  2.8604396655e+00  2.5063710933e+00 -4.7768762440e-02  2.8925216975e+00  2.2450274345e+00  8.2019695357e-01  1.3660810758e+00  7.4660525512e-01 -2.7699114846e+00  9.3552224918e+00  7.8395086769e-02 -1.2650247387e+00  1.0036670866e+01 -1.0037267134e+00 -2.4448799730e+00  9.2506500778e+00 -5.9416116595e-01 -1.7073566454e+00  3.1427668937e+00
ENERGY -1.026795477554e+03

JOB 3
COORDS  1.0985275707e+00  6.3494010505e-03  6.4065215046e+00 -6.9178654990e-01 -1.2323848830e+00  6.8893034519e+00 -1.7320220926e-01 -3.8271719688e-01  5.9234143922e+00  8.9927922826e-01 -1.6250236108e+00  1.2950211586e+00 -3.7662283893e-01  5.4393675832e-01  1.1915440465e+00  1.7524776526e+00  3.6541910593e-01  2.5594432037e+00  1.8271111651e-01 -2.0471771514e+00  9.1135637056e+00  4.9122050581e-01 -3.6623665074e-01  2.0781677460e+00  1.3500281068e+00 -5.6423142491e-01  7.5840412658e+00  2.5023564861e-01 -1.3146843836e+00  7.8592952739e+00 -2.5868048990e-01 -8.9698404367e-01  3.2613805242e+00 -2.3710815160e+00 -3.6866803077e-01  4.5514488030e+00 -6.4344065150e-01  1.4899169332e+00  4.1690347219e+00 -9.7969488659e-01  8.8640898473e-02  4.4320349496e+00  1.8176340558e+00  6.7427032647e-01  5.9511489949e+00 -1.6423739909e+00 -1.7443604667e+00  6.9374414011e+00  1.5064199272e+00 -2.2898726727e+00  1.9162048664e+00  1.9397072490e-02 -2.1802421822e+00  9.4842029195e-01  1.4807490801e+00 -1.3421825097e+00  4.1253075537e-01 -6.6950792990e-01  1.4487469377e+00  1.7263955089e+00 -1.2845022724e+00  2.0045641790e-02  8.7205008918e-01  1.7948378805e-01  8.3405461141e-01  2.9353062644e-01  1.4998024233e+00  1.2794081586e+00  3.0993955122e+00  2.3419074347e+00 -2.8467734999e-01  3.2136719384e+00  2.3692462314e+00  6.3796238399e-01  1.6973784691e+00  1.0461409259e+00 -2.7106759647e+00  9.1969006109e+00  1.8118849729e-01 -1.3492491322e+00  9.9545160444e+00 -7.3430391759e-01 -2.6379512907e+00  9.1284321342e+00 -9.6776013269e-01 -1.5767749739e+00  2.9886503569e+00
ENERGY -1.026796087471e+03

JOB 4
COORDS  8.7672310375e-01  3.2950191090e-01  6.4264704448e+00 -6.2932974949e-01 -1.2744807336e+00  6.7861868373e+00 -2.9348367155e-01 -2.6308862339e-01  5.8972131211e+00  7.6527144932e-01 -1.7324202444e+00  1.4480924583e+00 -2.3182964542e-01  5.7118571991e-01  1.2220503812e+00  1.6680225213e+00  1.4661892589e-01  2.8436484745e+00  3.9540641413e-01 -2.0749562873e+00  8.9497966950e+00  4.0530759212e-01 -4.3707803370e-01  2.1942341753e+00  1.2409069197e+00 -2.7259818846e-01  7.5586105720e+00  3.1324338376e-01 -1.2464305702e+00  7.7575009721e+00 -5.4866326210e-01 -8.7429339436e-01  3.2599792924e+00 -2.5634224724e+00 -2.8196080837e-01  4.6180374458e+00 -8.4612167059e-01  1.5625732424e+00  4.1362082149e+00 -1.1766892170e+00  1.6630251385e-01  4.4370040333e+00  1.4439404817e+00  1.1627357997e+00  6.0340914995e+00 -1.4595950196e+00 -1.9664320126e+00  6.7861973250e+00  1.2189061877e+00 -2.4586779006e+00  2.1285052028e+00 -1.2315156178e-01 -2.1893667123e+00  9.9621515473e-01  1.4726164331e+00 -1.5157039333e+00  6.4181044890e-01 -4.9902538865e-01  1.4954139648e+00  1.7368856384e+00 -1.1379164310e+00  1.5165815227e-01  7.6991129405e-01  4.6802950725e-01  8.0900773821e-01  4.1360959800e-01  1.4580652003e+00  1.0970391323e+00  3.3381971571e+00  2.0826173891e+00 -5.5250044855e-01  3.5761085412e+00  2.4231415565e+00  3.2840781954e-01  2.0729004373e+00  1.3747265340e+00 -2.5561898647e+00  8.9934518417e+00  2.5520308209e-01 -1.4599132795e+00  9.8421229750e+00 -3.8422674410e-01 -2.8367288571e+00  8.9052847123e+00 -1.3488510085e+00 -1.3791759634e+00  2.8793509110e+00
ENERGY -1.026797171661e+03

JOB 5
COORDS  5.5763925773e-01  6.9097167858e-01  6.5085393945e+00 -4.1438857619e-01 -1.3159085255e+00  6.5192172875e+00 -3.6593101972e-01 -1.2227386949e-01  5.8120831080e+00  6.5309082276e-01 -1.8943250189e+00  1.6227185422e+00  7.2014045843e-02  5.3538321963e-01  1.2768704270e+00  1.6326992018e+00 -1.5469679127e-01  3.1422444163e+00  7.4832470118e-01 -2.1270754561e+00  8.6072965038e+00  3.9813193800e-01 -5.4817409810e-01  2.3199223554e+00  1.0524047158e+00  4.5930664259e-02  7.5649140696e+00  4.4916515592e-01 -1.1731080856e+00  7.5510421515e+00 -7.6068750689e-01 -8.0689777884e-01  3.2292389185e+00 -2.7047814179e+00 -6.7815797792e-02  4.5898603942e+00 -9.2613738875e-01  1.6849720860e+00  4.0558863760e+00 -1.3003086239e+00  3.0383061363e-01  4.3839274188e+00  8.6677021644e-01  1.7006373695e+00  6.2736042450e+00 -9.8915771264e-01 -2.2158635877e+00  6.3519789891e+00  9.0252156023e-01 -2.6681818358e+00  2.3543808577e+00 -2.2955563108e-01 -2.2226430342e+00  1.0614598433e+00  1.4811622818e+00 -1.7996888847e+00  9.1343458692e-01 -1.4338775221e-01  1.4894965443e+00  1.7610632954e+00 -7.9997833658e-01  2.4600236366e-01  6.7887889392e-01  9.1760730139e-01  6.6978986858e-01  5.9366062541e-01  1.5140149227e+00  8.2921386037e-01  3.6009850537e+00  1.8302101355e+00 -8.8816529687e-01  3.9289355227e+00  2.5042388964e+00 -1.1198403211e-01  2.4821897521e+00  1.8259425263e+00 -2.2984600453e+00  8.6501775964e+00  4.0629686795e-01 -1.7372271876e+00  9.5691197376e+00  2.3677716896e-01 -3.0661089560e+00  8.3912490137e+00 -1.5925449096e+00 -1.1157984272e+00  2.7255293763e+00
ENERGY -1.026797711067e+03

JOB 6
COORDS  1.6310124226e-01  7.7866283524e-01  6.4358579706e+00 -5.0271500730e-01 -1.3489849339e+00  6.3763011933e+00 -6.2613199879e-01 -1.3969664383e-01  5.7057604217e+00  4.8324278721e-01 -1.9967643773e+00  1.6520116836e+00  1.5787381920e-01  4.9018225787e-01  1.3667337207e+00  1.4304831155e+00 -4.1040117545e-01  3.3452403587e+00  7.6559979920e-01 -2.0476193164e+00  8.4442839764e+00  2.6372282035e-01 -6.6241879440e-01  2.3831281065e+00  7.4653597798e-01  1.7910345137e-01  7.4731396011e+00  3.3000516716e-01 -1.1150104719e+00  7.4167195536e+00 -1.0214894309e+00 -8.4231534506e-01  3.1223914807e+00 -2.9936048661e+00 -2.7322400201e-01  4.5099989092e+00 -1.3634223727e+00  1.6123889065e+00  3.9807003728e+00 -1.6222396947e+00  2.0075631155e-01  4.2980642263e+00  3.2076573671e-01  1.8294442053e+00  6.2328920385e+00 -9.3829474105e-01 -2.3177312358e+00  6.1758654971e+00  5.7039169753e-01 -2.8203119080e+00  2.3667540800e+00 -3.4842671549e-01 -2.2170083826e+00  9.7272640816e-01  1.3978408911e+00 -1.9515390179e+00  1.0527982048e+00 -4.5753235958e-02  1.4350637927e+00  1.8748275413e+00 -6.5407630601e-01  3.0330031773e-01  6.5483768292e-01  1.0893343103e+00  5.8676190732e-01  7.9841072387e-01  1.3514252296e+00  5.6114197027e-01  3.8370206549e+00  1.4927008982e+00 -1.1865082101e+00  4.1120863955e+00  2.3621664317e+00 -4.1554305107e-01  2.7716389289e+00  1.8565236884e+00 -2.0551345416e+00  8.4916471811e+00  3.6426434877e-01 -1.7464317732e+00  9.4149965695e+00  4.0317586967e-01 -3.0455096252e+00  8.1931816802e+00 -1.8049164322e+00 -1.1169980336e+00  2.5314692597e+00
ENERGY -1.026796025294e+03

JOB 7
COORDS -2.8039554004e-02  6.8791467619e-01  5.9418812834e+00 -7.8042055883e-01 -1.3682582512e+00  6.3587965987e+00 -8.7736919461e-01 -3.2846666112e-01  5.4438934741e+00  4.1946663061e-01 -1.5154823205e+00  8.6839648451e-01  4.9660561606e-01  7.2948245122e-01  1.9814086982e+00  1.4859359232e+00 -1.2872249012e+00  3.1382873613e+00  4.9372804809e-01 -1.6480220403e+00  8.5211211279e+00  3.5938358155e-01 -7.7978237135e-01  2.2178532889e+00  5.5875183300e-01  3.0239342853e-01  7.0755066367e+00  9.0144915101e-02 -9.5171462580e-01  7.3094997841e+00 -9.8326586678e-01 -1.1163212953e+00  2.7712224980e+00 -2.9953717752e+00 -1.1880023795e+00  4.1961706481e+00 -1.9761133479e+00  1.0848677785e+00  3.5737361025e+00 -1.8402038215e+00 -3.1621726056e-01  3.9633185384e+00  1.5918357236e-01  1.6683355875e+00  5.5244372428e+00 -1.2776951313e+00 -2.3274623744e+00  6.3948653163e+00  2.9872643115e-01 -2.5972687313e+00  1.0007554115e+00 -3.7260533345e-01 -1.1600895284e+00  2.0408816338e-01  1.3882060466e+00 -1.3451387777e+00  3.8849871407e-01  5.3006926364e-01  1.2925113147e+00  2.9159286205e+00 -3.3933352166e-01  1.1114894743e+00  1.3921685780e+00  1.4297230474e+00  9.1462572751e-01  1.4405151449e+00  1.4799415756e+00 -7.7306797674e-01  4.1018739404e+00  1.3824524812e+00 -2.3626220617e+00  3.3242170792e+00  2.4620209251e+00 -1.1197103953e+00  2.6711350268e+00  1.5836662967e+00 -1.6716384121e+00  8.5805140944e+00  9.5276022865e-02 -1.1335940906e+00  9.3991943236e+00  1.0713248643e-01 -2.6676746858e+00  8.4887323876e+00 -1.1643044342e+00 -2.1145000390e+00  2.8480509891e+00
ENERGY -1.026794826138e+03

JOB 8
COORDS -1.2834404597e-01  7.6024012303e-01  5.8713454855e+00 -6.9056613963e-01 -1.3593990353e+00  6.2730557313e+00 -8.9076670622e-01 -3.2197707854e-01  5.3713928709e+00  4.7349388167e-01 -1.4361837636e+00  8.5997072493e-01  6.0226355544e-01  6.8906396553e-01  2.1837616472e+00  1.3717092775e+00 -1.4937935579e+00  3.2080264741e+00  6.4194385361e-01 -1.5534443824e+00  8.4091452043e+00  3.5455473289e-01 -8.2281237342e-01  2.2662711406e+00  5.0950185674e-01  4.1312997591e-01  6.9892243571e+00  1.5714044080e-01 -8.8106369475e-01  7.2137015817e+00 -1.0563245014e+00 -1.0926352991e+00  2.6693639477e+00 -2.9982873503e+00 -1.3238576794e+00  4.1860245044e+00 -2.1521251485e+00  1.0212752563e+00  3.5737160613e+00 -1.9090372306e+00 -3.7488533581e-01  3.9310952152e+00 -3.8404398599e-02  1.7594649969e+00  5.4669945260e+00 -1.0999788897e+00 -2.3594674578e+00  6.3022432447e+00  2.6830441574e-01 -2.5131000270e+00  8.7922614649e-01 -2.3685582339e-01 -9.6379839646e-01  1.7665328791e-01  1.4870306327e+00 -1.2969465255e+00  4.7105621286e-01  5.9780008778e-01  1.1604498115e+00  3.1683434062e+00 -1.6344478303e-01  1.1748073036e+00  1.5752846409e+00  1.5836457455e+00  8.6610313804e-01  1.7333955444e+00  1.3512751290e+00 -1.0565997244e+00  4.2076578331e+00  1.1715135174e+00 -2.5680685397e+00  3.2967314656e+00  2.3845523634e+00 -1.3745525559e+00  2.8094546658e+00  1.7308678720e+00 -1.4849725597e+00  8.4482252624e+00  2.1814264109e-01 -1.0836696302e+00  9.3001987999e+00  3.4236770678e-01 -2.6017512876e+00  8.3713193838e+00 -1.2763127731e+00 -2.0871849892e+00  2.6852734543e+00
ENERGY -1.026794357084e+03

JOB 9
COORDS -2.1740601554e-01  7.7567532157e-01  5.8551694816e+00 -6.2567065707e-01 -1.3843378608e+00  6.2282543009e+00 -8.9929081983e-01 -3.5226477230e-01  5.3394874735e+00  5.1823026837e-01 -1.3496925219e+00  8.4567969992e-01  7.0432255190e-01  6.6637531749e-01  2.3232361903e+00  1.2851915914e+00 -1.6324010236e+00  3.2203776689e+00  7.2070603247e-01 -1.5115338696e+00  8.3604404192e+00  3.6263677294e-01 -8.2890627722e-01  2.2859174901e+00  4.4554397972e-01  4.5976026972e-01  6.9669936507e+00  1.8691327769e-01 -8.5995445729e-01  7.1743207794e+00 -1.0892826540e+00 -1.0165938318e+00  2.5817403548e+00 -2.9436271284e+00 -1.5084755480e+00  4.1642905155e+00 -2.3384973400e+00  9.3147647752e-01  3.6536732394e+00 -1.9514913158e+00 -4.5223952022e-01  3.9278238480e+00 -2.0526668063e-01  1.7854612461e+00  5.4677014778e+00 -9.6315266102e-01 -2.4112032501e+00  6.2426830767e+00  2.5919650579e-01 -2.4131035587e+00  7.7903752853e-01 -1.3324165591e-01 -7.9423115187e-01  1.6626710034e-01  1.5551144124e+00 -1.2380291451e+00  5.1399503164e-01  6.6281349099e-01  1.0694027562e+00  3.3366103188e+00  6.7585668272e-03  1.2337048460e+00  1.7025697945e+00  1.7209841555e+00  8.1853622180e-01  1.9482382702e+00  1.2823823698e+00 -1.2390153192e+00  4.2374896463e+00  9.8432096467e-01 -2.6859806465e+00  3.2550972365e+00  2.3142214443e+00 -1.5910093396e+00  2.8485160784e+00  1.8026674522e+00 -1.3700614766e+00  8.3970621858e+00  2.6943538238e-01 -1.0812569671e+00  9.2578870501e+00  4.9236475207e-01 -2.5771457058e+00  8.3114321879e+00 -1.3577140958e+00 -1.9955575793e+00  2.4830674938e+00
ENERGY -1.026791456650e+03

JOB 10
COORDS -3.3248425307e-01  8.1150101354e-01  5.8514830411e+00 -5.5008503836e-01 -1.3787330583e+00  6.2100592504e+00 -8.9968192126e-01 -3.7147747299e-01  5.3192859426e+00  5.3560470771e-01 -1.2513611175e+00  8.1093310717e-01  8.3375549939e-01  6.0283347977e-01  2.4677782105e+00  1.2039274595e+00 -1.8078759123e+00  3.1657148773e+00  7.7169789123e-01 -1.3959918524e+00  8.3606730629e+00  3.7665874272e-01 -8.5088092688e-01  2.2891293366e+00  3.4063423225e-01  5.5052872488e-01  6.9706712812e+00  1.9787089234e-01 -7.8861358873e-01  7.1697574425e+00 -1.0961548646e+00 -9.4563396752e-01  2.5246093765e+00 -2.8355243485e+00 -1.7158247824e+00  4.1536612956e+00 -2.5342754786e+00  7.9012696440e-01  3.7302093926e+00 -1.9733747444e+00 -5.4587672702e-01  3.9327003483e+00 -4.0726201784e-01  1.8201027603e+00  5.4676538791e+00 -7.9786373973e-01 -2.4309407468e+00  6.2159843447e+00  1.9848306036e-01 -2.2807753589e+00  6.4085497312e-01 -4.9907655059e-02 -5.8753394845e-01  1.6974132277e-01  1.5878166284e+00 -1.1924046988e+00  5.1619505568e-01  8.0590390422e-01  9.1322751946e-01  3.5135126242e+00  1.9484905225e-01  1.2755471947e+00  1.8898475446e+00  1.8660654168e+00  7.1015459561e-01  2.1208743347e+00  1.1937206949e+00 -1.5115248605e+00  4.2151576225e+00  8.2348663661e-01 -2.8330777293e+00  3.0906067049e+00  2.2460340926e+00 -1.8114458377e+00  2.8296843491e+00  1.8363575881e+00 -1.1597322094e+00  8.4123720786e+00  2.7233326547e-01 -1.0112362966e+00  9.2532925674e+00  6.3895451531e-01 -2.4773477735e+00  8.3049336808e+00 -1.4196536586e+00 -1.8872749075e+00  2.3004034683e+00
ENERGY -1.026787543251e+03

JOB 11
COORDS -3.1369449793e+00 -1.1409169609e+00  2.9485040266e+00 -2.6033188736e+00  1.0112565619e+00  3.1869619400e+00 -2.1716545186e+00 -2.6942684557e-01  3.5089913797e+00  2.2455396829e+00 -1.3924294100e+00  1.9923675955e+00 -1.0873349865e-01 -2.0908906754e+00  1.4700663203e+00  5.1544897586e-01  3.6602265029e-01  1.5817458286e+00 -4.5878805745e+00  1.8888790798e+00  1.8987175025e+00  7.5897601289e-01 -1.0305111652e+00  2.1693036846e+00 -4.0774643447e+00 -4.5308060953e-01  2.3040988466e+00 -3.7303552322e+00  8.5496368681e-01  2.4576792558e+00  5.8236929692e-01 -1.0037456400e+00  3.6549482903e+00 -5.5186608171e-01  6.0320566389e-01  5.2938773472e+00 -1.1203800086e+00 -1.8821621586e+00  5.3049068860e+00 -8.1965307123e-01 -6.4340596921e-01  4.5728315750e+00 -3.1823122487e+00 -2.2204319199e+00  3.0072272609e+00 -2.1870394103e+00  1.9749065061e+00  3.4441912391e+00  2.8816900166e+00 -6.5332492167e-01  2.4861635194e+00  2.4666568320e+00 -2.3778429704e+00  2.4188713351e+00  2.4997990787e+00 -1.4257985545e+00  9.2852667852e-01 -1.1692853133e+00 -1.8402726694e+00  1.5109010012e+00  3.2360710006e-02 -3.0749051605e+00  1.9304723737e+00  1.7279619545e-01 -2.1690152774e+00  4.1465916055e-01 -5.4178461900e-01  6.3494612487e-01  1.5935468081e+00  1.0745380969e+00  1.1175828512e+00  2.1462086370e+00  8.5053697974e-01  3.8908407049e-01  5.4015120657e-01 -4.7097477378e+00  1.7225052255e+00  8.2639040180e-01 -5.5670863689e+00  1.8606278821e+00  2.3825311856e+00 -4.1241333608e+00  2.8615856275e+00  2.0679545531e+00  8.7436007773e-01 -1.9036885327e+00  4.0393552677e+00
ENERGY -1.026784683044e+03

JOB 12
COORDS -3.1699819297e+00 -1.1484178505e+00  3.0646258383e+00 -2.6358411693e+00  1.0156646264e+00  3.1203494030e+00 -2.1939880946e+00 -2.3493908299e-01  3.5324873996e+00  2.1926732025e+00 -1.4925596235e+00  1.9922916176e+00 -2.0769330198e-01 -1.9111806339e+00  1.3876909588e+00  6.4605599852e-01  4.5632433492e-01  1.7074196718e+00 -4.6589652908e+00  1.7894177058e+00  1.8245300521e+00  7.4570735586e-01 -1.0003192725e+00  2.1797191229e+00 -4.1283012126e+00 -5.1384737232e-01  2.3922458379e+00 -3.7818074320e+00  8.0241603445e-01  2.4350930771e+00  5.3991624656e-01 -1.0637319913e+00  3.6593774502e+00 -4.6140941871e-01  7.8998780652e-01  5.1059303823e+00 -1.0975381344e+00 -1.6617853914e+00  5.4584189932e+00 -8.0022899518e-01 -5.3109462866e-01  4.5705419147e+00 -3.2077399389e+00 -2.2213118556e+00  3.2009382328e+00 -2.2172868358e+00  1.9968752493e+00  3.2935966097e+00  2.8873299524e+00 -8.6142167537e-01  2.5523617247e+00  2.3072686408e+00 -2.5253541948e+00  2.3418000781e+00  2.4647750262e+00 -1.4676468937e+00  9.3255144678e-01 -1.2381487276e+00 -1.5565509393e+00  1.4228126153e+00 -1.8102920298e-01 -2.9356848120e+00  1.7758503291e+00  9.7705202417e-02 -1.9441378872e+00  3.3657755942e-01 -3.7901087695e-01  8.2872674022e-01  1.7545291446e+00  1.2776692310e+00  1.1004306366e+00  2.3248766075e+00  9.7682993565e-01  5.2913270211e-01  6.6685201089e-01 -4.8159696932e+00  1.5384664051e+00  7.7344777646e-01 -5.6218010946e+00  1.8013700508e+00  2.3409573576e+00 -4.1912684011e+00  2.7719797520e+00  1.9002901801e+00  6.8577119347e-01 -2.0205136720e+00  3.9838080633e+00
ENERGY -1.026787910398e+03

JOB 13
COORDS -3.2449576155e+00 -1.2172280925e+00  3.1473654109e+00 -2.6992955816e+00  9.4167373747e-01  3.0372949693e+00 -2.2614369254e+00 -2.7652923664e-01  3.5393451843e+00  2.1102901580e+00 -1.6224411469e+00  2.0164928265e+00 -2.9190483593e-01 -1.7733025429e+00  1.2987167907e+00  7.4343946341e-01  4.7205120931e-01  1.8575214851e+00 -4.7320665344e+00  1.6288214202e+00  1.7075439809e+00  7.0417104404e-01 -1.0234024447e+00  2.2003414591e+00 -4.2054840835e+00 -6.2953533403e-01  2.4363037683e+00 -3.8523418989e+00  6.8392101331e-01  2.3779423265e+00  4.2487001430e-01 -1.1964450508e+00  3.6570398807e+00 -4.3075531571e-01  8.3403873955e-01  4.9401502849e+00 -1.1449247695e+00 -1.5496172059e+00  5.5534428020e+00 -8.4058940902e-01 -5.1866103366e-01  4.5560020883e+00 -3.2847411425e+00 -2.2778573583e+00  3.3586208632e+00 -2.2751259524e+00  1.9311564561e+00  3.1319172360e+00  2.8343115386e+00 -1.0981086191e+00  2.6453680576e+00  2.1254814311e+00 -2.6848047474e+00  2.2869393831e+00  2.4221081437e+00 -1.5405082597e+00  9.7061406520e-01 -1.2926024540e+00 -1.3424807335e+00  1.3440514853e+00 -3.5914240094e-01 -2.8292826534e+00  1.5846061621e+00  4.5298087373e-02 -1.7307478316e+00  2.5776337898e-01 -2.4944800110e-01  9.2458190170e-01  1.8995506884e+00  1.3930881150e+00  1.0082793939e+00  2.5533735898e+00  1.1249368325e+00  6.0277448245e-01  8.4031570250e-01 -4.9234214357e+00  1.2881168110e+00  6.8800934871e-01 -5.6794077470e+00  1.7045689578e+00  2.2470222044e+00 -4.2471165023e+00  2.6056464889e+00  1.6818481161e+00  4.4469840931e-01 -2.1817833890e+00  3.9194197078e+00
ENERGY -1.026791867058e+03

JOB 14
COORDS -3.2713583616e+00 -1.2284324056e+00  3.2744242143e+00 -2.7348500136e+00  9.1897424837e-01  3.0085649689e+00 -2.2896848600e+00 -2.5881870133e-01  3.5926831827e+00  2.0560531545e+00 -1.7146112861e+00  2.0365045944e+00 -3.2365974401e-01 -1.5955802600e+00  1.2320161791e+00  8.8400120035e-01  5.0065309191e-01  1.9716970144e+00 -4.7867339514e+00  1.5064778177e+00  1.6591752587e+00  7.0304075087e-01 -1.0035753887e+00  2.2146849694e+00 -4.2417970611e+00 -6.9429509803e-01  2.5344605791e+00 -3.8951680432e+00  6.1245494873e-01  2.3814789579e+00  3.3659009048e-01 -1.2550006417e+00  3.6390117692e+00 -3.3914575249e-01  9.1733420060e-01  4.7856809286e+00 -1.1028608852e+00 -1.3737150409e+00  5.6487772580e+00 -8.2047984741e-01 -4.4480878030e-01  4.5515074390e+00 -3.3048988201e+00 -2.2725690569e+00  3.5570352608e+00 -2.3109605944e+00  1.9129925838e+00  3.0234860075e+00  2.7985072203e+00 -1.2995828821e+00  2.7229742492e+00  1.9668663756e+00 -2.7891559964e+00  2.2348576039e+00  2.4146368168e+00 -1.5941333069e+00  1.0094431043e+00 -1.2875781300e+00 -1.0880358970e+00  1.2942462957e+00 -4.8583058715e-01 -2.6612462273e+00  1.4302358403e+00  4.3796282329e-02 -1.4991945866e+00  2.0497827788e-01 -6.4867756425e-02  1.0392727503e+00  2.0186336059e+00  1.5551544848e+00  9.3676691994e-01  2.7145606437e+00  1.3064404827e+00  6.5244269983e-01  9.7373337494e-01 -4.9883050698e+00  1.0973077705e+00  6.6712912242e-01 -5.7282465816e+00  1.6153803049e+00  2.2032190680e+00 -4.3064254890e+00  2.4811350823e+00  1.5620273992e+00  2.5389354538e-01 -2.2469070200e+00  3.8559700250e+00
ENERGY -1.026794862377e+03

JOB 15
COORDS -3.2995887501e+00 -1.2413247816e+00  3.4002574971e+00 -2.8122365421e+00  8.9206213357e-01  2.9768534801e+00 -2.3276043326e+00 -2.3642933976e-01  3.6226739707e+00  2.0025850628e+00 -1.8495597949e+00  2.0403836351e+00 -2.9022389577e-01 -1.3456116133e+00  1.1308504046e+00  1.1542859017e+00  5.0983335096e-01  2.0532465186e+00 -4.9215550704e+00  1.3573060702e+00  1.6675946325e+00  7.5460949684e-01 -9.6423274882e-01  2.1967306317e+00 -4.3061789354e+00 -7.7133469199e-01  2.6642963532e+00 -3.9896993572e+00  5.2711948848e-01  2.4144388361e+00  2.6078626398e-01 -1.2518901748e+00  3.5736015709e+00 -2.8600108673e-01  1.0170198995e+00  4.5953834957e+00 -1.0278628307e+00 -1.1872692420e+00  5.6768544859e+00 -7.9932243178e-01 -3.4880423286e-01  4.4985029052e+00 -3.3052163414e+00 -2.2649667108e+00  3.7516444889e+00 -2.4021316796e+00  1.8893985204e+00  2.9036886635e+00  2.7541242576e+00 -1.5869226603e+00  2.7896508933e+00  1.7533000101e+00 -2.9106885140e+00  2.1591413064e+00  2.4352726092e+00 -1.7192271764e+00  1.0436812016e+00 -1.1839818691e+00 -7.2210947513e-01  1.2037063433e+00 -5.9769588638e-01 -2.3916422966e+00  1.2402187168e+00  1.3036762662e-01 -1.2213283118e+00  1.2741919164e-01  2.8939863254e-01  1.1752447498e+00  2.0869953512e+00  1.8361019213e+00  8.1018168579e-01  2.8514182953e+00  1.6513652487e+00  6.4559354003e-01  1.0877104168e+00 -5.1450229057e+00  8.8423713043e-01  7.0914220903e-01 -5.8480387264e+00  1.4819718188e+00  2.2336181791e+00 -4.4650453660e+00  2.3331491171e+00  1.4958889952e+00  1.1385341192e-01 -2.2401042535e+00  3.7661152811e+00
ENERGY -1.026795311461e+03

JOB 16
COORDS -2.9552829675e+00 -1.4969264413e+00  3.0654896963e+00 -3.0459619161e+00  7.1720362541e-01  2.8161645520e+00 -2.2468001354e+00 -2.9860529358e-01  3.3192926601e+00  1.5258971737e+00 -2.1273462807e+00  1.5329534730e+00 -1.5640543712e-01 -3.5399461193e-01  9.7921511195e-01  2.0177120630e+00  2.9114892561e-01  2.0732567400e+00 -5.3003301421e+00  7.3196867395e-01  1.6808274415e+00  9.2136750273e-01 -7.8707229180e-01  1.9802999526e+00 -4.1008273157e+00 -1.2430024738e+00  2.4351605387e+00 -4.1363843279e+00  1.1030824089e-01  2.2920504402e+00  3.3956554946e-01 -1.0592207082e+00  3.3275687700e+00 -4.0452855959e-01  1.3644045203e+00  3.9818038980e+00 -7.7110900078e-01 -6.4573859465e-01  5.5014037784e+00 -7.2081506232e-01 -6.1919108931e-02  4.1581226001e+00 -2.6673274164e+00 -2.5123641098e+00  3.3036008098e+00 -2.8920900599e+00  1.7868002035e+00  2.8001430801e+00  2.2853614442e+00 -2.4749897933e+00  2.2428012227e+00  7.5047756992e-01 -2.8948811689e+00  1.4558470359e+00  2.0097578999e+00 -2.0153315777e+00  5.5774688595e-01 -5.7299036121e-01  6.2381309889e-01  1.2302274025e+00 -9.7054445303e-01 -1.0805567524e+00  9.2440494829e-01  3.0290749736e-01 -2.7488658407e-01 -1.0709323293e-02  1.5993023779e+00  1.2332618282e+00  2.4345520029e+00  2.8069629590e+00 -2.0200142064e-02  2.7668486927e+00  2.4766892080e+00  4.5934269074e-01  1.0929654559e+00 -5.5091132297e+00  2.4761903458e-01  7.2505232423e-01 -6.1695155989e+00  6.2887808401e-01  2.3356879161e+00 -5.0908792148e+00  1.7899924923e+00  1.5165656302e+00  9.9379367644e-01 -1.4506838491e+00  4.0027491950e+00
ENERGY -1.026796816301e+03

JOB 17
COORDS -2.9661405500e+00 -1.4863753238e+00  3.1492294552e+00 -3.0703318467e+00  7.1175018393e-01  2.7857386100e+00 -2.2450506942e+00 -2.7813418298e-01  3.2988424771e+00  1.5770066021e+00 -2.1638243543e+00  1.4569274842e+00  3.1918111269e-02 -2.7126583436e-01  8.8502437372e-01  2.1710630191e+00  1.8675369535e-01  2.1532755633e+00 -5.3847392117e+00  6.7236503278e-01  1.7795776075e+00  1.0207153952e+00 -8.1046207874e-01  1.9278485480e+00 -4.1483741263e+00 -1.2620010590e+00  2.5783568053e+00 -4.1923006973e+00  8.1323226587e-02  2.3653235107e+00  3.0086438369e-01 -1.1193603154e+00  3.2011494375e+00 -3.1585448587e-01  1.3907203715e+00  3.7043353493e+00 -6.5524359227e-01 -4.7750684480e-01  5.4042080704e+00 -6.6406928538e-01 -2.8123392024e-03  4.0169190625e+00 -2.6636772068e+00 -2.4888227064e+00  3.4213021846e+00 -2.9169075805e+00  1.7780774507e+00  2.6988749837e+00  2.2578372338e+00 -2.5923798703e+00  2.2016601081e+00  7.6590226696e-01 -2.8763939700e+00  1.2821483724e+00  2.1401718294e+00 -2.0355480943e+00  5.2740095847e-01 -3.4410255542e-01  7.1644153106e-01  1.1613126540e+00 -8.1684001598e-01 -9.4981811949e-01  7.6234174101e-01  5.4326300023e-01 -1.7752250991e-01 -7.7741646625e-02  1.7912482692e+00  1.1440167991e+00  2.5147828947e+00  2.8814617071e+00 -2.0375772062e-01  2.8911187011e+00  2.7163707550e+00  3.5357709424e-01  1.2180532773e+00 -5.6182381661e+00  1.6729793243e-01  8.4008101025e-01 -6.2296858844e+00  5.6892913991e-01  2.4650826875e+00 -5.1974225961e+00  1.7301169269e+00  1.5890402602e+00  9.0553538955e-01 -1.5440529847e+00  3.9044899160e+00
ENERGY -1.026798627536e+03

JOB 18
COORDS -3.1298463803e+00 -1.4330512412e+00  3.4811101582e+00 -3.1024443981e+00  6.5446375036e-01  2.6970001830e+00 -2.3187671738e+00 -2.7964432871e-01  3.3579540260e+00  1.6176537947e+00 -2.1272882165e+00  1.3650215511e+00  2.4183615208e-01 -1.0536824706e-01  8.0369619406e-01  2.2701666121e+00  1.1709754368e-01  2.3085963466e+00 -5.4733856446e+00  6.0788462022e-01  1.8290746605e+00  1.0933222836e+00 -7.8030787305e-01  1.8887672894e+00 -4.3258496324e+00 -1.2281728860e+00  2.9325718303e+00 -4.2892978918e+00  4.6736693661e-02  2.4592725183e+00  2.1925981705e-01 -1.1452104598e+00  3.0472465949e+00 -3.2977320736e-01  1.3685169360e+00  3.5528716737e+00 -5.8130827242e-01 -4.6924521694e-01  5.3148854859e+00 -6.7576586060e-01 -9.0982658930e-03  3.9251605903e+00 -2.8870684102e+00 -2.3830407417e+00  3.9384555049e+00 -2.8839054615e+00  1.6709046762e+00  2.4018045342e+00  2.2011854060e+00 -2.6505393049e+00  2.1317330430e+00  7.8970301533e-01 -2.7739050130e+00  1.0608961260e+00  2.2726945974e+00 -1.9648062291e+00  5.0362805468e-01 -1.0849267684e-01  8.7725184246e-01  1.1257681808e+00 -6.2400946690e-01 -7.2665231075e-01  5.5518866184e-01  8.4308331845e-01  2.8726416452e-02 -1.0068993124e-01  1.9150302182e+00  1.0753289802e+00  2.6911880769e+00  2.8669023160e+00 -3.6865883373e-01  3.0891261904e+00  2.9261097879e+00  3.0295160318e-01  1.4511892470e+00 -5.8050077035e+00 -5.1629694500e-02  1.0244694933e+00 -6.2759683123e+00  7.1314021383e-01  2.5635934733e+00 -5.2243392242e+00  1.5876055741e+00  1.4186866055e+00  7.2239562801e-01 -1.6943090286e+00  3.7445521968e+00
ENERGY -1.026797488017e+03

JOB 19
COORDS -3.2767252227e+00 -1.2654626080e+00  3.8945820447e+00 -3.1259389172e+00  5.4078340421e-01  2.5952215188e+00 -2.3845077709e+00 -2.6131044491e-01  3.4502747555e+00  1.6124283965e+00 -2.0929177976e+00  1.2541913246e+00  4.6533110164e-01  7.9449912588e-02  7.4877832341e-01  2.3270264394e+00 -6.4635981648e-03  2.4703128759e+00 -5.5396824418e+00  4.9646521840e-01  1.8552498339e+00  1.1365987408e+00 -7.5671891549e-01  1.8479357172e+00 -4.4823006335e+00 -1.0973860892e+00  3.3527247423e+00 -4.3691543914e+00  3.9408703060e-03  2.5634999050e+00  1.1106580321e-01 -1.1514514146e+00  2.8660040508e+00 -3.3132783175e-01  1.3314217333e+00  3.4719898280e+00 -5.0917528763e-01 -5.2866811472e-01  5.2319352980e+00 -6.8891717998e-01 -3.6974785618e-02  3.8611566157e+00 -3.0870415766e+00 -2.0775081419e+00  4.5839701852e+00 -2.8490205738e+00  1.4298896410e+00  2.0466209809e+00  2.0855991559e+00 -2.7211061913e+00  2.0183282908e+00  7.7427786331e-01 -2.6464736358e+00  8.2122699405e-01  2.3539206529e+00 -1.9094488806e+00  4.7089152683e-01  1.3695021716e-01  1.0469538609e+00  1.1322009219e+00 -3.9890527461e-01 -4.5438023906e-01  3.4113585772e-01  1.1771789105e+00  2.5792222674e-01 -6.3211293902e-02  2.0129178629e+00  9.5137411361e-01  2.8881196850e+00  2.7831924864e+00 -6.0092947909e-01  3.2698589160e+00  3.0927017483e+00  1.7906581485e-01  1.7092701790e+00 -5.9666797515e+00 -3.0865527486e-01  1.2537692227e+00 -6.2885191420e+00  8.5059351763e-01  2.5683139076e+00 -5.2387988541e+00  1.3184704254e+00  1.2040588957e+00  4.6901836865e-01 -1.8709148543e+00  3.4941333294e+00
ENERGY -1.026795926707e+03

JOB 20
COORDS -3.3091750950e+00 -1.2319700888e+00  4.1563353890e+00 -3.2105934608e+00  3.7221779235e-01  2.6102371047e+00 -2.4334201979e+00 -3.1193927772e-01  3.5340011558e+00  1.6689927881e+00 -2.0394103223e+00  1.2702104248e+00  7.3301883920e-01  2.4048532555e-01  8.0910485339e-01  2.3448429212e+00 -1.0832409735e-01  2.7374039026e+00 -5.6567082032e+00  2.5501030060e-01  1.9976054285e+00  1.2017684885e+00 -7.2156017584e-01  1.9098956335e+00 -4.5388790483e+00 -1.1266637280e+00  3.6526783775e+00 -4.4563368994e+00 -1.4821393946e-01  2.7126936675e+00  2.6458621861e-02 -1.1221117457e+00  2.7541085445e+00 -3.9527129722e-01  1.3159215712e+00  3.4475372755e+00 -4.6177264594e-01 -5.5537286618e-01  5.1997832759e+00 -7.2077916873e-01 -5.7921805688e-02  3.8432059927e+00 -3.0894158865e+00 -1.9392635426e+00  4.9450849415e+00 -2.9577593292e+00  1.1736431660e+00  1.9304665197e+00  2.0129408119e+00 -2.7511650284e+00  2.0302738446e+00  8.5930049176e-01 -2.5040071150e+00  6.9970644555e-01  2.5066357683e+00 -1.8473385918e+00  5.9335986792e-01  4.0070276944e-01  1.1904811595e+00  1.2293510761e+00 -9.1481538040e-02 -2.0585336563e-01  2.4410759350e-01  1.5588586065e+00  4.3818127915e-01  1.1813572047e-01  2.0428858219e+00  8.4101892113e-01  3.1835092887e+00  2.6496181494e+00 -7.8714327484e-01  3.5412022190e+00  3.2149624222e+00  7.2708314064e-02  2.0972171673e+00 -6.1133227346e+00 -6.2000826231e-01  1.5305685285e+00 -6.3704720246e+00  7.0862060932e-01  2.6898853885e+00 -5.3837090346e+00  9.7895653211e-01  1.2284724125e+00  2.3142456750e-01 -1.9677607170e+00  3.2863271292e+00
ENERGY -1.026794970192e+03

JOB 21
COORDS -3.3375914900e+00 -9.9408668655e-01  4.2701631528e+00 -3.2979746087e+00  3.1238960841e-01  2.4619132718e+00 -2.4831804323e+00 -2.1654473321e-01  3.4538478947e+00  1.6130557985e+00 -1.9806158819e+00  1.1373968934e+00  9.6168980880e-01  4.0778646748e-01  7.3206794303e-01  2.2971473992e+00 -2.1553815153e-01  2.7958491019e+00 -5.7720949345e+00  1.3861805908e-01  1.9950689190e+00  1.2037121036e+00 -6.5963023437e-01  1.8084784026e+00 -4.5896998305e+00 -9.5292769150e-01  3.8141408228e+00 -4.5423052516e+00 -1.5458940237e-01  2.7142312629e+00 -1.0113954981e-01 -9.7962910758e-01  2.4860153779e+00 -4.4536447175e-01  1.4306904773e+00  3.2523649831e+00 -4.1777431368e-01 -4.3224224002e-01  5.0008636695e+00 -7.5860939841e-01  5.7445431712e-02  3.6588539452e+00 -3.0831083839e+00 -1.5578452504e+00  5.1578725801e+00 -3.0712452396e+00  9.7315756149e-01  1.6370833158e+00  1.8148977031e+00 -2.7600074747e+00  1.8820008730e+00  8.2689490386e-01 -2.3358011892e+00  4.6408099791e-01  2.5270206367e+00 -1.8335561353e+00  5.5474493266e-01  6.4460447992e-01  1.3512578088e+00  1.1773385915e+00  1.8978109234e-01  7.0418001291e-02  3.3125183164e-02  1.8858763127e+00  5.8029187312e-01  1.7069813346e-01  2.0473862628e+00  7.4100495470e-01  3.2597252008e+00  2.4323867590e+00 -9.5743567651e-01  3.5894383117e+00  3.2498586091e+00 -9.9993024638e-02  2.2682055926e+00 -6.2641696531e+00 -7.9668115772e-01  1.7209484911e+00 -6.4425297022e+00  7.2828916934e-01  2.6253174017e+00 -5.5290030638e+00  7.0201544823e-01  1.0930521338e+00 -6.5369522751e-02 -1.9049079759e+00  2.9155304799e+00
ENERGY -1.026794774029e+03

JOB 22
COORDS -3.2726665976e+00 -9.5340511312e-01  4.3033747777e+00 -3.3782646582e+00  2.6868307392e-01  2.4400185008e+00 -2.4924076868e+00 -1.8215504486e-01  3.4100506777e+00  1.5743486029e+00 -1.9869508095e+00  1.1034763740e+00  1.2201059834e+00  4.7375992757e-01  7.5309805229e-01  2.2560570351e+00 -3.6685138695e-01  2.9050702462e+00 -5.8629810569e+00 -2.3321899298e-02  2.1102797206e+00  1.2332917250e+00 -6.5650261463e-01  1.7926704011e+00 -4.5464889271e+00 -9.8310203767e-01  3.9119394856e+00 -4.5874068189e+00 -2.3400890411e-01  2.7770221907e+00 -1.6757067310e-01 -8.5210430001e-01  2.3104598129e+00 -5.2415370686e-01  1.5511759859e+00  3.0679181235e+00 -3.4624511944e-01 -2.5388223916e-01  4.8549298052e+00 -7.7575025784e-01  1.7907639503e-01  3.5181110095e+00 -2.9507648636e+00 -1.4649279906e+00  5.2007986021e+00 -3.2192857268e+00  8.9828037238e-01  1.5759020736e+00  1.6141374688e+00 -2.8111027147e+00  1.8259757826e+00  8.3265042519e-01 -2.2296208169e+00  3.3608305765e-01  2.5552561267e+00 -1.9172296757e+00  6.2462927533e-01  9.5909584783e-01  1.4275820634e+00  1.2130039509e+00  4.9035036501e-01  2.5554458268e-01 -3.2682104733e-02  2.2101454725e+00  5.6414931374e-01  2.9392565323e-01  2.0628030011e+00  5.9528657157e-01  3.3851398564e+00  2.2315276816e+00 -1.1413844653e+00  3.6774460424e+00  3.2639985772e+00 -3.3486339227e-01  2.4780870819e+00 -6.3258630546e+00 -9.8904913127e-01  1.8978362292e+00 -6.5267179816e+00  5.6233888872e-01  2.7511425816e+00 -5.6897396064e+00  5.1299573212e-01  1.1762552901e+00 -2.8157579247e-01 -1.8018217390e+00  2.6691489565e+00
ENERGY -1.026794747855e+03

JOB 23
COORDS  1.5272984038e+00 -6.5781453257e-01  6.6187377817e+00 -6.6536713874e-01 -9.8203370720e-01  6.8817886525e+00  2.6827191629e-01 -4.4175128294e-01  6.0072375811e+00  1.2596903721e+00 -1.6077679601e+00  1.3088072017e+00 -7.2709198865e-01 -6.4662139464e-02  1.3985366129e+00  1.6166167059e+00  8.5225060803e-01  1.6627071896e+00 -4.6304305251e-01 -2.1302174528e+00  9.1206013495e+00  6.8425670743e-01 -3.3412773340e-01  1.9482609382e+00  1.3833496663e+00 -1.2928924996e+00  7.7798694692e+00  4.2085901834e-02 -1.4792544744e+00  7.9220435522e+00  7.0455605032e-01 -6.2434878728e-01  3.4259754546e+00 -1.5869039013e+00  3.0779273120e-01  4.3690360485e+00  5.2381731276e-01  1.7061693945e+00  4.4429773382e+00 -1.2349524736e-01  3.9486720559e-01  4.5101418557e+00  2.5078284870e+00 -3.8101048901e-01  6.2547901654e+00 -1.7434096584e+00 -1.0249974824e+00  6.8162316782e+00  2.2494243889e+00 -1.8338556103e+00  1.7165059477e+00  6.0504052644e-01 -2.4710494095e+00  1.4806303662e+00  1.3525123632e+00 -1.4722726694e+00  2.2734262763e-01 -1.1458985335e+00  8.6242714064e-01  1.7954286890e+00 -1.4151497304e+00 -8.7647796396e-01  1.6545268264e+00 -6.8289022289e-01  1.9330041732e-02  3.0748631525e-01  1.2452005311e+00  1.7714524405e+00  2.1178488998e+00  2.6155283115e+00  6.5517823470e-01  2.0623196779e+00  1.6944091175e+00  1.0031315653e+00  5.8103855478e-01 -1.7740211535e-03 -3.1145603539e+00  9.2256191097e+00 -2.2732666520e-01 -1.5253541901e+00  9.9994907806e+00 -1.5447919332e+00 -2.2405655448e+00  9.0330476468e+00  3.3066876091e-01 -1.5613850630e+00  3.5918627331e+00
ENERGY -1.026794060796e+03

