JOB 0
COORDS -6.6256693393e-01  5.0318444153e-01 -1.5751566673e+00 -3.3609789756e+00  2.4262069953e+00 -3.2183628435e+00 -3.9314646146e+00  1.0642045594e+00 -2.8377115771e+00 -2.4475271297e+00  1.2715101363e+00 -2.9440159843e+00 -3.7659497969e-03  7.0834074008e-01 -2.3217918169e-01 -3.0689489867e-01 -2.9464581443e-01 -2.4196451597e+00 -1.7180262425e+00  1.3482483040e+00 -1.7206752007e+00 -3.4544994428e+00  2.7705831023e+00 -4.2439964085e+00 -3.4070534027e+00  3.2056978064e+00 -2.4642592590e+00 -4.3419106444e+00  9.6724932377e-01 -1.8373903384e+00 -4.4188485124e+00  4.6115005016e-01 -3.5981593550e+00 -1.8932533862e+00  8.0341749172e-01 -3.7480460810e+00  3.4667344369e-01  1.7405976932e+00 -1.4129648200e-01  8.3513594361e-01  2.0439691786e-02 -1.3133335394e-01 -7.2740767658e-01  5.3582782116e-01  5.6982295039e-01
ENERGY -3.458364500888e+02

JOB 1
COORDS -6.1300161713e-01  5.3679724438e-01 -1.6045452610e+00 -3.3032875373e+00  2.4007001742e+00 -3.2501717919e+00 -3.9847337771e+00  1.1066469571e+00 -2.8211400679e+00 -2.4891215374e+00  1.1844689999e+00 -2.9220555570e+00  3.1167178117e-05  6.9501633726e-01 -2.3372212061e-01 -1.3996820293e-01 -1.1344832434e-01 -2.5157162854e+00 -1.7792620978e+00  1.2303973975e+00 -1.6849441956e+00 -3.3628635231e+00  2.7102148278e+00 -4.2894800322e+00 -3.2872252113e+00  3.2107752101e+00 -2.5277159289e+00 -4.4072300962e+00  1.0819186116e+00 -1.8214785856e+00 -4.5167267217e+00  5.1755569557e-01 -3.5624408197e+00 -1.9627871638e+00  6.4654156101e-01 -3.7003507472e+00  1.9510402198e-01  1.7521576937e+00 -3.1108028530e-02  9.2995724508e-01  1.2928902419e-01 -1.8546861037e-01 -6.9547065084e-01  3.3724103751e-01  5.3102460997e-01
ENERGY -3.458361870155e+02

JOB 2
COORDS -5.8354880598e-01  5.8963092354e-01 -1.6201189827e+00 -3.2391636955e+00  2.3695412987e+00 -3.2729239926e+00 -4.0242511272e+00  1.1523060995e+00 -2.8005083863e+00 -2.5286796530e+00  1.1015680207e+00 -2.8937624503e+00  5.0651687091e-04  6.8809110271e-01 -2.3119989132e-01 -2.4534690964e-02  1.0914699204e-01 -2.5862022063e+00 -1.8375176514e+00  1.1139279405e+00 -1.6454219305e+00 -3.2687063638e+00  2.6438560952e+00 -4.3233944257e+00 -3.1584307760e+00  3.2015578413e+00 -2.5803201720e+00 -4.4515820378e+00  1.1991025244e+00 -1.8037118905e+00 -4.6005322617e+00  5.8210930263e-01 -3.5231620714e+00 -2.0410656881e+00  5.0070062638e-01 -3.6510114663e+00  4.3845825825e-02  1.7352623822e+00  8.2317853710e-02  1.0012535273e+00  2.5724522899e-01 -2.2779766263e-01 -6.3739296031e-01  1.5819956607e-01  4.8209601400e-01
ENERGY -3.458362580470e+02

JOB 3
COORDS -5.7469734039e-01  6.5559410650e-01 -1.6320653477e+00 -3.1687220642e+00  2.3298351662e+00 -3.2954781686e+00 -4.0523278724e+00  1.1991647216e+00 -2.7841625057e+00 -2.5676393829e+00  1.0196112871e+00 -2.8696345430e+00 -1.8972462926e-03  6.8419253435e-01 -2.3538110095e-01  3.7791406450e-02  3.6340883435e-01 -2.6397386901e+00 -1.8912207510e+00  9.9712559983e-01 -1.6138464439e+00 -3.1732035333e+00  2.5689869418e+00 -4.3548415208e+00 -3.0183547330e+00  3.1754473451e+00 -2.6315025531e+00 -4.4758608183e+00  1.3147119971e+00 -1.7913679620e+00 -4.6734469512e+00  6.5520082659e-01 -3.4895389110e+00 -2.1307478570e+00  3.5955696502e-01 -3.6089156330e+00 -1.0299451708e-01  1.6874288799e+00  1.8904748181e-01  1.0491256870e+00  3.9896409319e-01 -2.6888153392e-01 -5.5567220345e-01 -2.6384295018e-03  4.1120109859e-01
ENERGY -3.458366304244e+02

JOB 4
COORDS -5.8809456629e-01  7.2008964121e-01 -1.6381412049e+00 -3.0925486403e+00  2.2800206943e+00 -3.3101576820e+00 -4.0704063249e+00  1.2430482956e+00 -2.7713095978e+00 -2.6076145541e+00  9.3474665701e-01 -2.8491536408e+00 -7.9522504103e-03  6.8367258177e-01 -2.4483673185e-01  4.4889119173e-02  6.2091826648e-01 -2.6697486193e+00 -1.9403315868e+00  8.7088794593e-01 -1.5907109925e+00 -3.0749514593e+00  2.4905919426e+00 -4.3752536269e+00 -2.8695681584e+00  3.1267740719e+00 -2.6684009367e+00 -4.4829778236e+00  1.4190689173e+00 -1.7828108235e+00 -4.7355056125e+00  7.3658860614e-01 -3.4642847750e+00 -2.2310141211e+00  2.2410983053e-01 -3.5759138750e+00 -2.4120591680e-01  1.6143646810e+00  2.8082330829e-01  1.0718753495e+00  5.5113462801e-01 -3.0469247993e-01 -4.5455531589e-01 -1.3555305900e-01  3.2602642542e-01
ENERGY -3.458370587530e+02

JOB 5
COORDS -6.1277516458e-01  7.8152529743e-01 -1.6419275560e+00 -3.0145577324e+00  2.2249717814e+00 -3.3194858938e+00 -4.0757388797e+00  1.2870055805e+00 -2.7567729128e+00 -2.6456640653e+00  8.5203050268e-01 -2.8377755145e+00 -2.0449871817e-02  6.9100697880e-01 -2.5631427474e-01  1.5338361754e-02  8.7141560875e-01 -2.6766987528e+00 -1.9739277383e+00  7.3844766883e-01 -1.5859107596e+00 -2.9835017212e+00  2.4133812859e+00 -4.3882095615e+00 -2.7136124605e+00  3.0609331332e+00 -2.6957736532e+00 -4.4637005416e+00  1.5139081547e+00 -1.7686465265e+00 -4.7873213651e+00  8.2774040199e-01 -3.4362933002e+00 -2.3400309748e+00  1.0223395739e-01 -3.5599951488e+00 -3.7530562584e-01  1.5249317114e+00  3.5657131415e-01  1.0667759560e+00  7.1523018378e-01 -3.2380566896e-01 -3.4476572720e-01 -2.3347015709e-01  2.3017687839e-01
ENERGY -3.458371670555e+02

JOB 6
COORDS -6.3985999968e-01  8.3565412121e-01 -1.6439464427e+00 -2.9465224021e+00  2.1633724990e+00 -3.3326682818e+00 -4.0700533885e+00  1.3255263335e+00 -2.7336082729e+00 -2.6814832173e+00  7.7323460835e-01 -2.8380858835e+00 -4.1160627969e-02  6.9087258748e-01 -2.6546719330e-01 -2.9507121384e-02  1.1100624278e+00 -2.6558644986e+00 -1.9841409134e+00  6.0359166112e-01 -1.6072051883e+00 -2.9197212398e+00  2.3320374706e+00 -4.4045852976e+00 -2.5641662390e+00  2.9818225808e+00 -2.7312389391e+00 -4.4145640456e+00  1.5965195248e+00 -1.7404330370e+00 -4.8323291512e+00  9.1515174145e-01 -3.3890865278e+00 -2.4603710984e+00 -6.2976061653e-03 -3.5610050535e+00 -4.9957168664e-01  1.4116740377e+00  4.1814053444e-01  1.0342162733e+00  8.5866861489e-01 -3.1690756796e-01 -2.4581120140e-01 -3.0873847172e-01  1.2874110642e-01
ENERGY -3.458365802408e+02

JOB 7
COORDS -6.5873932068e-01  8.9957673288e-01 -1.6362451499e+00 -2.8936186923e+00  2.1089530468e+00 -3.3642106758e+00 -4.0481553465e+00  1.3692287091e+00 -2.6992739533e+00 -2.7062470555e+00  7.1561557964e-01 -2.8467376873e+00 -6.4759514599e-02  6.8858719463e-01 -2.6370492994e-01 -7.3323696776e-02  1.3536826131e+00 -2.5962318497e+00 -1.9626532521e+00  4.9323026338e-01 -1.6519865550e+00 -2.8971056138e+00  2.2481860165e+00 -4.4406477072e+00 -2.4310807899e+00  2.9145162687e+00 -2.8045836179e+00 -4.3274958351e+00  1.6865226711e+00 -1.6992524257e+00 -4.8661803484e+00  9.9716660391e-01 -3.3090297331e+00 -2.5820211069e+00 -9.0857634299e-02 -3.5639354058e+00 -6.1518503059e-01  1.2780074221e+00  4.7565306950e-01  9.8332741326e-01  9.8645122064e-01 -2.7177127817e-01 -1.5357966519e-01 -3.6258564715e-01  2.5364039542e-02
ENERGY -3.458351802273e+02

JOB 8
COORDS -6.7427736349e-01  9.7492959375e-01 -1.6090686802e+00 -2.8664415373e+00  2.0620457527e+00 -3.4205866812e+00 -4.0162402626e+00  1.4148610988e+00 -2.6584040200e+00 -2.7205274656e+00  6.8184000798e-01 -2.8557456896e+00 -8.6482081086e-02  6.7448912300e-01 -2.4978649286e-01 -1.2442256557e-01  1.6042146205e+00 -2.4875560156e+00 -1.9177253722e+00  4.1879230867e-01 -1.7079698947e+00 -2.9272663794e+00  2.1521381410e+00 -4.5007712019e+00 -2.3349925981e+00  2.8686492022e+00 -2.9306273637e+00 -4.2141227506e+00  1.7888869547e+00 -1.6583961335e+00 -4.8902889852e+00  1.0618174259e+00 -3.1979278378e+00 -2.6958693536e+00 -1.5446449093e-01 -3.5487357405e+00 -7.1112956185e-01  1.1162364268e+00  5.3233637128e-01  9.2314249702e-01  1.0804236588e+00 -1.9327208595e-01 -6.6861493341e-02 -4.0586636960e-01 -8.0344362301e-02
ENERGY -3.458331338515e+02

JOB 9
COORDS -7.0176680098e-01  1.0667410754e+00 -1.5561220543e+00 -2.8617659044e+00  2.0139902768e+00 -3.5143961841e+00 -3.9786946588e+00  1.4705706214e+00 -2.6330730970e+00 -2.7282223633e+00  6.6849046031e-01 -2.8631344384e+00 -9.3644491540e-02  6.3795741607e-01 -2.3988269856e-01 -2.1633233318e-01  1.8779495532e+00 -2.3159551912e+00 -1.8691159790e+00  3.9149610734e-01 -1.7588241949e+00 -2.9979006942e+00  2.0216893667e+00 -4.5919246636e+00 -2.2718444264e+00  2.8335527026e+00 -3.1272943008e+00 -4.0883673025e+00  1.9230105483e+00 -1.6518824906e+00 -4.9035937739e+00  1.1199558845e+00 -3.0819971782e+00 -2.7957170897e+00 -2.0911091972e-01 -3.4992211505e+00 -7.7110538420e-01  8.8653433789e-01  5.8242398499e-01  8.6162537836e-01  1.1433577749e+00 -1.0067199163e-01  4.9712803354e-02 -4.4624991891e-01 -2.2845590622e-01
ENERGY -3.458310173501e+02

JOB 10
COORDS -7.6169425686e-01  1.1690280852e+00 -1.4600765463e+00 -2.8412470262e+00  1.9509284519e+00 -3.6286615941e+00 -3.9283618757e+00  1.5486694913e+00 -2.6428252120e+00 -2.7297134633e+00  6.6509105199e-01 -2.8549709211e+00 -6.2522344480e-02  5.8825670821e-01 -2.5095805150e-01 -4.0774147197e-01  2.1689770378e+00 -2.0503212906e+00 -1.8399120263e+00  4.0052864975e-01 -1.7698027644e+00 -3.0420570100e+00  1.8504011371e+00 -4.6918398479e+00 -2.1991410132e+00  2.7760838127e+00 -3.3575184919e+00 -3.9596681454e+00  2.1018301526e+00 -1.7086077943e+00 -4.8933238687e+00  1.2058072623e+00 -3.0050789165e+00 -2.8782271088e+00 -2.6178185876e-01 -3.3997098452e+00 -7.4528322547e-01  5.7378013720e-01  6.0366897100e-01  8.1414791685e-01  1.1913941973e+00 -1.6428014384e-02  2.3485579765e-01 -4.4535616847e-01 -4.4955043537e-01
ENERGY -3.458297951977e+02

JOB 11
COORDS -8.4828238786e-01  1.2185110390e+00 -1.3646843912e+00 -2.7845439343e+00  1.8763842988e+00 -3.7084795941e+00 -3.8636538885e+00  1.6303034722e+00 -2.6641065234e+00 -2.7383420997e+00  6.4769944570e-01 -2.8366453905e+00 -1.3736876303e-02  5.5423754819e-01 -2.9239489607e-01 -6.6761603864e-01  2.3449171666e+00 -1.7831151229e+00 -1.8326538159e+00  3.7567837072e-01 -1.7643460751e+00 -3.0269732354e+00  1.6994667163e+00 -4.7531729878e+00 -2.0873942364e+00  2.6791773010e+00 -3.5206741097e+00 -3.8217655758e+00  2.2616358593e+00 -1.7816531844e+00 -4.8623708197e+00  1.3332114434e+00 -2.9709851110e+00 -2.9693585654e+00 -3.0319973662e-01 -3.3044097825e+00 -6.4826146154e-01  2.6587329449e-01  5.5060412327e-01  7.6018189826e-01  1.2443923118e+00  4.2418683743e-02  4.4323288966e-01 -3.5851369355e-01 -6.8561669172e-01
ENERGY -3.458300764776e+02

JOB 12
COORDS -9.5357222310e-01  1.2218597923e+00 -1.2901561236e+00 -2.7637264565e+00  1.7989962301e+00 -3.7414590887e+00 -3.8286605783e+00  1.6672370790e+00 -2.6602419747e+00 -2.7718053975e+00  6.0950035368e-01 -2.8158657591e+00 -1.5491643619e-02  5.5621103742e-01 -3.0893459888e-01 -9.3417283484e-01  2.4032393616e+00 -1.5774852435e+00 -1.8314566963e+00  3.1400433876e-01 -1.7789721237e+00 -3.0402081744e+00  1.5943639675e+00 -4.7725675386e+00 -2.0218668423e+00  2.5713630905e+00 -3.6007529640e+00 -3.7260753868e+00  2.3430367910e+00 -1.8177867397e+00 -4.8497927870e+00  1.4147624697e+00 -2.9315132504e+00 -3.0740055803e+00 -3.4301185742e-01 -3.2363321711e+00 -5.8775767277e-01  9.9605488452e-02  5.0384092447e-01  6.7371814748e-01  1.2986374577e+00  9.2491009664e-02  5.4212158945e-01 -2.4271568342e-01 -8.0617571831e-01
ENERGY -3.458313073874e+02

JOB 13
COORDS -1.0056820581e+00  1.2143909573e+00 -1.2419366954e+00 -2.7395762670e+00  1.7501921357e+00 -3.7645469919e+00 -3.7803367896e+00  1.7036833980e+00 -2.6487926175e+00 -2.7784962348e+00  5.9391517878e-01 -2.8024522584e+00 -9.3675343454e-03  5.6191029585e-01 -3.1114843247e-01 -1.1034868965e+00  2.4126032148e+00 -1.4273489189e+00 -1.7804605750e+00  2.7247203188e-01 -1.8287556964e+00 -3.0486789855e+00  1.5387495802e+00 -4.7847378771e+00 -1.9597612906e+00  2.4916237025e+00 -3.6566030027e+00 -3.6315812404e+00  2.4100472548e+00 -1.8410533702e+00 -4.8157575953e+00  1.4784552033e+00 -2.8887989492e+00 -3.1419919418e+00 -3.5329744214e-01 -3.1842835652e+00 -5.3587571069e-01 -1.3922481835e-02  4.5556290243e-01  6.0464478477e-01  1.3307459404e+00  1.5704629402e-01  6.2320946252e-01 -1.3528049297e-01 -8.6809755513e-01
ENERGY -3.458324079325e+02

JOB 14
COORDS -1.0408545525e+00  1.2112350608e+00 -1.2048793544e+00 -2.7438969714e+00  1.7125512251e+00 -3.8018520908e+00 -3.7493576109e+00  1.7338420443e+00 -2.6497144185e+00 -2.7804437011e+00  5.9450845339e-01 -2.7996765826e+00 -1.2512773389e-02  5.6053862426e-01 -3.0845038975e-01 -1.2316959499e+00  2.4095305468e+00 -1.2905278271e+00 -1.7137656649e+00  2.6746726566e-01 -1.9039354971e+00 -3.0858915057e+00  1.4894438230e+00 -4.8086555026e+00 -1.9380784225e+00  2.4327350585e+00 -3.7308142177e+00 -3.5692374920e+00  2.4716719098e+00 -1.8795708169e+00 -4.7934933086e+00  1.5117271642e+00 -2.8529934671e+00 -3.1876297783e+00 -3.5250249321e-01 -3.1355383055e+00 -5.0695838983e-01 -1.0719758286e-01  4.0318192324e-01  5.3939928588e-01  1.3321389759e+00  2.2759535957e-01  6.7472286120e-01 -4.6599617988e-02 -9.0460845396e-01
ENERGY -3.458324936842e+02

JOB 15
COORDS -1.0781822163e+00  1.2171059734e+00 -1.1387712039e+00 -2.7631424712e+00  1.6803492664e+00 -3.8405276472e+00 -3.7264734787e+00  1.7854396324e+00 -2.6571582277e+00 -2.7872364579e+00  6.1743777414e-01 -2.7818125738e+00 -1.1848746646e-02  5.5098062659e-01 -2.9943934973e-01 -1.3580736156e+00  2.3997610954e+00 -1.0969353153e+00 -1.6595400844e+00  3.0851343796e-01 -1.9576675406e+00 -3.1406763454e+00  1.4274731086e+00 -4.8271231806e+00 -1.9308606074e+00  2.3758141204e+00 -3.8247745206e+00 -3.5162154207e+00  2.5584164173e+00 -1.9323004952e+00 -4.7782366125e+00  1.5643191848e+00 -2.8188966230e+00 -3.2298461309e+00 -3.3489050503e-01 -3.0523825760e+00 -4.6243350520e-01 -2.1946451722e-01  3.3319968819e-01  4.8064216927e-01  1.2997054307e+00  3.2042104149e-01  7.2033990613e-01  5.7827869047e-02 -9.4515039425e-01
ENERGY -3.458314460761e+02

JOB 16
COORDS -1.1344486699e+00  1.2118699898e+00 -1.0403388512e+00 -2.7691951783e+00  1.6204531139e+00 -3.8978407256e+00 -3.6902668851e+00  1.8495279085e+00 -2.7033916709e+00 -2.7964324316e+00  6.3927393076e-01 -2.7613011417e+00  1.5945641626e-02  5.4854395992e-01 -3.1671832633e-01 -1.5328761079e+00  2.3387267101e+00 -8.2156974813e-01 -1.6318089401e+00  3.6791855166e-01 -1.9785253346e+00 -3.1804262888e+00  1.3141440050e+00 -4.8553365593e+00 -1.9032625223e+00  2.2730237629e+00 -3.9553029544e+00 -3.4346234236e+00  2.6586671878e+00 -2.0356663156e+00 -4.7530366335e+00  1.6554423634e+00 -2.8220316564e+00 -3.2770109941e+00 -3.1585916914e-01 -2.9448802819e+00 -3.3417462845e-01 -3.5430984874e-01  1.9218727849e-01  4.3668663486e-01  1.2449560011e+00  4.0807524976e-01  7.8393586892e-01  2.4359605949e-01 -1.0333040360e+00
ENERGY -3.458301030197e+02

JOB 17
COORDS -1.1335899142e+00  5.2488612924e-01 -1.2371997703e+00 -3.5349624101e+00  2.2848361882e+00 -2.8847433147e+00 -3.5169062051e+00  7.9836173824e-01 -3.1978730375e+00 -2.2331861325e+00  1.5847937141e+00 -3.1710982620e+00  2.2716506820e-02  8.1228129688e-01 -3.0525551211e-01 -1.8554281481e+00 -4.4828778048e-01 -1.1649379210e+00 -1.2318873580e+00  1.5240894354e+00 -2.1547381707e+00 -3.9139228815e+00  2.9911086980e+00 -3.6179397830e+00 -3.7142600256e+00  2.5594098256e+00 -1.8492785214e+00 -3.7192778807e+00  1.1054490758e-01 -2.3899116717e+00 -3.8537498032e+00  4.7116941816e-01 -4.1778247103e+00 -1.7447836882e+00  1.7874978546e+00 -4.1187464087e+00  9.4714451266e-01  9.2959371189e-01 -8.7775920655e-01  1.2432107707e-01 -5.9202448788e-03  4.0718641368e-01 -1.5322270696e-01  1.7512098043e+00  2.2799357253e-01
ENERGY -3.458298430786e+02

JOB 18
COORDS -1.0411643708e+00  4.6349233137e-01 -1.3668730922e+00 -3.5002732859e+00  2.3499540574e+00 -2.9230804342e+00 -3.5481185998e+00  8.4191753576e-01 -3.0559935984e+00 -2.2373519993e+00  1.5690648624e+00 -3.1840562207e+00 -5.0088477029e-02  8.0744809165e-01 -2.7828644570e-01 -1.5620856504e+00 -6.2121234938e-01 -1.5183418164e+00 -1.2453556344e+00  1.5554803688e+00 -2.1586545627e+00 -3.8902979692e+00  2.9762380373e+00 -3.7205287475e+00 -3.6099988535e+00  2.7614234859e+00 -1.9240503134e+00 -3.7223779101e+00  2.5921911167e-01 -2.1613994746e+00 -3.9554146593e+00  4.0625215910e-01 -3.9637744887e+00 -1.7713653327e+00  1.6344773025e+00 -4.1623313223e+00  8.7865060711e-01  1.1792672817e+00 -7.2034555570e-01  1.5016123839e-01 -7.9188862691e-02  3.2264392771e-01 -4.5260287539e-01  1.6043766670e+00  3.5405037177e-01
ENERGY -3.458314308928e+02

JOB 19
COORDS -9.6667478983e-01  4.5838073605e-01 -1.4442130731e+00 -3.4901074756e+00  2.3840487405e+00 -2.9932848622e+00 -3.5654437336e+00  8.7122985731e-01 -2.9628333019e+00 -2.2433757429e+00  1.5568468680e+00 -3.1635858657e+00 -6.7965147997e-02  7.7344464547e-01 -2.7125805259e-01 -1.3364124129e+00 -6.5003568293e-01 -1.7679104222e+00 -1.2948698697e+00  1.6105024470e+00 -2.1005823305e+00 -3.8673162648e+00  2.9226334777e+00 -3.8579636244e+00 -3.5938945829e+00  2.9072270342e+00 -2.0475068604e+00 -3.7412644959e+00  3.9389153624e-01 -2.0061703763e+00 -3.9855259055e+00  3.4235185312e-01 -3.8128882592e+00 -1.7634081243e+00  1.5012404905e+00 -4.1360545111e+00  8.2316809202e-01  1.3064894870e+00 -6.1494383765e-01  2.1916554640e-01 -1.5305758764e-01  2.2519539112e-01 -5.8912128978e-01  1.4290371757e+00  4.3271199312e-01
ENERGY -3.458337954066e+02

JOB 20
COORDS -9.0485417074e-01  4.6290607885e-01 -1.4884576093e+00 -3.4846602685e+00  2.4067643581e+00 -3.0618653144e+00 -3.6137516084e+00  9.0185378195e-01 -2.9094685437e+00 -2.2664069662e+00  1.5295795741e+00 -3.1205904352e+00 -5.9205426584e-02  7.3989872324e-01 -2.6832629057e-01 -1.1355715461e+00 -6.3262147345e-01 -1.9548021950e+00 -1.3753823869e+00  1.6325215499e+00 -2.0131327975e+00 -3.8178698615e+00  2.8782909044e+00 -3.9817551400e+00 -3.6039181937e+00  3.0106280304e+00 -2.1675628689e+00 -3.8284218388e+00  5.1587915653e-01 -1.9186216005e+00 -4.0290765796e+00  3.1667873474e-01 -3.7239657641e+00 -1.7525039472e+00  1.3725462510e+00 -4.0642042300e+00  7.7211709944e-01  1.4003391643e+00 -5.3159646822e-01  3.2286865085e-01 -1.9963974905e-01  1.2984382076e-01 -6.5595577405e-01  1.2533816067e+00  4.9136823660e-01
ENERGY -3.458357633719e+02

JOB 21
COORDS -8.4482461099e-01  4.6926125567e-01 -1.5124491538e+00 -3.4708171851e+00  2.4244220301e+00 -3.1175575567e+00 -3.6885370591e+00  9.3738186917e-01 -2.8808673718e+00 -2.3035057072e+00  1.4854800383e+00 -3.0677670341e+00 -4.0659022663e-02  7.2192855580e-01 -2.5997515392e-01 -9.3083358993e-01 -5.9037936570e-01 -2.0974049586e+00 -1.4687913587e+00  1.6118132769e+00 -1.9197012071e+00 -3.7402843394e+00  2.8511210046e+00 -4.0790636515e+00 -3.6004682779e+00  3.0877138411e+00 -2.2680094595e+00 -3.9630666828e+00  6.2968000981e-01 -1.8768150726e+00 -4.1027885454e+00  3.2597662282e-01 -3.6765221152e+00 -1.7560298026e+00  1.2416193015e+00 -3.9727377456e+00  7.0384422726e-01  1.5018385117e+00 -4.4467182266e-01  4.5362940787e-01 -1.9947582284e-01  4.6492827246e-02 -6.9621937168e-01  1.0789260861e+00  5.3980680606e-01
ENERGY -3.458368956682e+02

JOB 22
COORDS -7.8454379140e-01  4.6976745308e-01 -1.5277100352e+00 -3.4451977542e+00  2.4315491149e+00 -3.1575805748e+00 -3.7754028591e+00  9.7233763074e-01 -2.8657757223e+00 -2.3504248129e+00  1.4208059730e+00 -3.0161283871e+00 -2.1333527442e-02  7.1244544912e-01 -2.4805076046e-01 -7.2074670533e-01 -5.3224517391e-01 -2.2101964282e+00 -1.5627547521e+00  1.5451500903e+00 -1.8344799664e+00 -3.6469771017e+00  2.8295088710e+00 -4.1475032093e+00 -3.5678660976e+00  3.1390932344e+00 -2.3435256107e+00 -4.1111955937e+00  7.3378352236e-01 -1.8614113432e+00 -4.1997489561e+00  3.5634360439e-01 -3.6527116120e+00 -1.7813456891e+00  1.1018088335e+00 -3.8825909166e+00  6.1322621942e-01  1.5972859293e+00 -3.5330267986e-01  5.9101273388e-01 -1.5934543241e-01 -1.9555820244e-02 -7.1855225586e-01  9.0562550687e-01  5.7251280544e-01
ENERGY -3.458371930067e+02

JOB 23
COORDS -7.2007833569e-01  4.7665467771e-01 -1.5518789906e+00 -3.4051017965e+00  2.4331075600e+00 -3.1918580841e+00 -3.8579335691e+00  1.0156456346e+00 -2.8563632179e+00 -2.3980769690e+00  1.3470936749e+00 -2.9783940782e+00 -6.0947346744e-03  7.0910965639e-01 -2.4212276531e-01 -5.0612660521e-01 -4.4051468270e-01 -2.3188304787e+00 -1.6439996637e+00  1.4512617875e+00 -1.7725654734e+00 -3.5467071308e+00  2.8064375803e+00 -4.2016252386e+00 -3.4979104944e+00  3.1784017980e+00 -2.4080925684e+00 -4.2401774072e+00  8.4625221086e-01 -1.8545478689e+00 -4.3084093889e+00  4.0464487654e-01 -3.6329119648e+00 -1.8282395410e+00  9.5281961159e-01 -3.8114941434e+00  4.9300703013e-01  1.6824158272e+00 -2.5575085710e-01  7.2576878351e-01 -8.2142257071e-02 -8.2560573797e-02 -7.2770710405e-01  7.2244475901e-01  5.7995385440e-01
ENERGY -3.458368924418e+02

