JOB 0
COORDS -3.2704286557e+00  4.3501974547e+00  2.3425204686e+00 -3.5559840114e+00  3.1393871895e+00  2.9838455661e+00 -2.4907068173e+00  4.3618655306e+00  1.1744985952e+00 -3.0661574001e+00  1.9422826241e+00  2.4648289049e+00 -2.0006775226e+00  3.1708276422e+00  6.5355714083e-01 -2.2641123295e+00  1.9396946325e+00  1.3025340809e+00 -5.3154482748e-01  3.9725966789e-01  1.3082231240e-01  3.2286855629e-01 -5.7729613349e-01  9.3476266452e-01 -5.1997730336e-01  3.4162621037e-02 -1.3278074508e+00 -1.7052727023e+00  6.8911486801e-01  8.3508957382e-01  1.8509648473e+00 -2.8528509168e-01 -9.4627009683e-01  8.0411711631e-01 -1.0293256846e+00 -3.1039397953e+00  1.4833086032e+00 -9.5066176226e-01  2.9441871141e-01  7.1611605150e-01 -3.0058171147e-01 -1.8449763808e+00  6.3854449459e-02 -9.6774979461e-01  2.0744866637e+00 -1.5516738775e+00 -1.4899890445e-02 -2.0009131528e+00 -3.6466634850e+00  5.2836509894e+00  2.7529220158e+00 -4.1569983499e+00  3.1317561102e+00  3.8889763821e+00 -2.2697038689e+00  5.3043303648e+00  6.8050385989e-01 -3.2773339371e+00  1.0012779492e+00  2.9660775220e+00 -1.3867154923e+00  3.1706469007e+00 -2.4263549467e-01 -1.8054755265e+00 -3.3950268088e-02  1.6524902305e+00  2.1725018080e+00  7.5064936239e-01 -7.6307017145e-01  2.6802127372e+00 -8.2411538158e-01 -1.4073575468e+00  1.6022169243e+00 -6.1273100371e-01 -3.7274305462e+00 -1.4733813541e-01 -9.2337528528e-01 -3.6234966243e+00  1.0029659000e+00 -2.0958707088e+00 -2.9331443568e+00  2.2024207646e+00 -1.3488751780e+00  8.8711728640e-01
ENERGY -7.245359971513e+02

JOB 1
COORDS -3.3951160987e+00  4.3635906683e+00  2.1516530299e+00 -3.5490250583e+00  3.2370049134e+00  2.9666857601e+00 -2.7264718789e+00  4.2558710242e+00  9.2148245505e-01 -3.0355000733e+00  2.0056432470e+00  2.5596654725e+00 -2.2100036767e+00  3.0315777906e+00  5.1399982674e-01 -2.3346333873e+00  1.8905737144e+00  1.3412390874e+00 -5.6766904246e-01  3.0655457944e-01  3.0246408265e-01  2.8305327800e-01 -6.9362303016e-01  1.0567713489e+00 -5.8928248577e-01  1.1537151524e-01 -1.1833449223e+00 -1.7301795783e+00  6.1595918650e-01  9.9920685376e-01  1.7326800910e+00 -6.1049427971e-01 -9.3791098546e-01  6.1199285454e-01 -7.0322495993e-01 -3.1667630959e+00  1.3874183188e+00 -1.1295729664e+00  3.6954125302e-01  5.2895561906e-01 -4.7648227880e-01 -1.7321687183e+00  6.1839472577e-02 -1.0664183523e+00  2.2111619580e+00 -1.5682475806e+00  4.2404455551e-01 -1.8706130874e+00 -3.7936858173e+00  5.3231477701e+00  2.4708626144e+00 -4.0687022679e+00  3.3194828021e+00  3.9173639999e+00 -2.6172835283e+00  5.1310880348e+00  2.8643366414e-01 -3.1461009628e+00  1.1304455722e+00  3.1946782653e+00 -1.7024382218e+00  2.9326801881e+00 -4.4098777995e-01 -1.7998728317e+00 -4.3573003904e-02  1.8703595549e+00  2.2614498551e+00  3.5483985777e-01 -8.6195225137e-01  2.4003917845e+00 -1.3206831095e+00 -1.4323084012e+00  1.2857183399e+00  1.9059011373e-02 -3.6472632856e+00 -3.8506137102e-01 -5.8264674084e-01 -3.5882013450e+00  9.7655231577e-01 -1.7166254891e+00 -3.3681366229e+00  2.0737600826e+00 -1.6418069241e+00  9.0981019434e-01
ENERGY -7.245538104262e+02

JOB 2
COORDS -3.4206938544e+00  4.3655823073e+00  2.0450582364e+00 -3.4855205374e+00  3.3213022683e+00  2.9732875850e+00 -2.8207709966e+00  4.1571422253e+00  7.9341474792e-01 -2.9486101498e+00  2.0735523280e+00  2.6551245175e+00 -2.2801653811e+00  2.9161761645e+00  4.7368662693e-01 -2.3132459454e+00  1.8608511262e+00  1.4140816649e+00 -5.5855361838e-01  2.2393597322e-01  4.5818012918e-01  2.7658221667e-01 -8.3318145759e-01  1.1411891997e+00 -5.7379027955e-01  1.8346521211e-01 -1.0381819032e+00 -1.6809355888e+00  5.7095351698e-01  1.1814988691e+00  1.7091729237e+00 -6.9023295744e-01 -8.6592488545e-01  6.0710098016e-01 -4.7794750853e-01 -3.0884126535e+00  1.3410542351e+00 -1.2849340240e+00  4.0179862328e-01  5.1331742541e-01 -4.1548998441e-01 -1.6374179371e+00  6.8500002155e-02 -1.2528609186e+00  2.2809870935e+00 -1.5235227403e+00  6.1846361818e-01 -1.6985837469e+00 -3.8403282414e+00  5.3376161853e+00  2.2914018695e+00 -3.9549100777e+00  3.4788072193e+00  3.9405756130e+00 -2.7867895833e+00  4.9660615802e+00  6.8229107763e-02 -2.9913853451e+00  1.2623475746e+00  3.3774937243e+00 -1.8414756523e+00  2.7338165920e+00 -5.0186774922e-01 -1.7473504211e+00 -4.3319341034e-02  2.0833708426e+00  2.3021551970e+00  2.2981660111e-01 -7.2540635125e-01  2.3247352330e+00 -1.4033163048e+00 -1.4207151218e+00  1.3311220616e+00  2.5315039104e-01 -3.4728051719e+00 -3.7340250357e-01 -2.4955592241e-01 -3.5035803503e+00  9.1533267547e-01 -1.4811549961e+00 -3.4025917370e+00  2.0115988051e+00 -1.8579627607e+00  8.9956684486e-01
ENERGY -7.245700160838e+02

JOB 3
COORDS -3.4477841741e+00  4.3267192464e+00  1.9163914002e+00 -3.4635345781e+00  3.3325684245e+00  2.8999747795e+00 -2.8566594590e+00  4.0663779676e+00  6.7142221617e-01 -2.8862116406e+00  2.0896562497e+00  2.6411873258e+00 -2.2793664583e+00  2.8275921017e+00  4.0796231335e-01 -2.2646433014e+00  1.8228459803e+00  1.4018545055e+00 -5.5237381192e-01  1.1626815172e-01  4.7555479596e-01  2.7687365485e-01 -9.7461628514e-01  1.1054982361e+00 -5.6814165411e-01  1.7712058070e-01 -1.0189376277e+00 -1.6017225592e+00  5.3338646837e-01  1.2552844483e+00  1.6969906408e+00 -7.5542930501e-01 -9.0159367843e-01  6.0791804145e-01 -3.6814332528e-01 -3.1061495468e+00  1.3156808132e+00 -1.4211585767e+00  3.2663280389e-01  5.0891325162e-01 -4.0280579923e-01 -1.6543536197e+00  7.9503615315e-02 -1.4349632039e+00  2.2307312654e+00 -1.5082488294e+00  6.6472724162e-01 -1.6551047978e+00 -3.8979865376e+00  5.2962392713e+00  2.1142354783e+00 -3.9249389020e+00  3.5255399400e+00  3.8646945671e+00 -2.8585618041e+00  4.8338399106e+00 -9.8293640258e-02 -2.8908104282e+00  1.3204784108e+00  3.4095174078e+00 -1.8558844379e+00  2.6106538021e+00 -5.6549477697e-01 -1.6419450454e+00 -3.8030584069e-02  2.1846257864e+00  2.3118339232e+00  1.3932813157e-01 -7.0363913602e-01  2.2954538824e+00 -1.4459599388e+00 -1.5015933876e+00  1.3384189368e+00  3.8164708117e-01 -3.4387864112e+00 -3.6924772304e-01 -1.0612269101e-01 -3.5089687864e+00  9.1063174131e-01 -1.3504025676e+00 -3.4848168977e+00  1.9776273304e+00 -2.0333293701e+00  7.8834470208e-01
ENERGY -7.245825349820e+02

JOB 4
COORDS -3.5954136768e+00  4.4669870164e+00  1.9226206745e+00 -3.5050123109e+00  3.5106681272e+00  2.9391137374e+00 -3.0461906767e+00  4.1957219483e+00  6.6188227326e-01 -2.8635958250e+00  2.2974655743e+00  2.6936946644e+00 -2.4082476012e+00  2.9834908108e+00  4.1094019985e-01 -2.2890538750e+00  2.0153863403e+00  1.4334064325e+00 -6.1642649329e-01  2.7677045543e-01  4.6248078887e-01  2.2436404460e-01 -8.3559942459e-01  1.0315874537e+00 -6.5355445219e-01  4.2812288231e-01 -1.0242563106e+00 -1.5706491901e+00  7.5151645125e-01  1.3198169758e+00  1.6129084193e+00 -5.1791352524e-01 -9.7788058816e-01  5.1140860470e-01  6.9811871088e-03 -3.1494403614e+00  1.2202974869e+00 -1.2784930018e+00  1.9237898956e-01  4.3143598837e-01 -8.6465710164e-02 -1.6993636587e+00  6.4538918183e-02 -1.3269221884e+00  2.1488120569e+00 -1.6102374001e+00  9.2649292054e-01 -1.6259378070e+00 -4.0950663313e+00  5.4145483095e+00  2.1078584420e+00 -3.9320248381e+00  3.7102417973e+00  3.9182436231e+00 -3.1282703392e+00  4.9326701392e+00 -1.3291454396e-01 -2.7855030549e+00  1.5595654109e+00  3.4883910581e+00 -2.0214063568e+00  2.7614167406e+00 -5.7502482634e-01 -1.5467172145e+00  2.0612949427e-01  2.2640590990e+00  2.2402581718e+00  3.4836438781e-01 -7.0696022696e-01  2.2014268969e+00 -1.1653821652e+00 -1.6328836107e+00  1.2762638026e+00  7.3148638409e-01 -3.4585801845e+00 -4.5678975621e-01  3.3654967774e-01 -3.5233830309e+00  7.5630995293e-01 -9.7130402011e-01 -3.5780288840e+00  1.8995970142e+00 -1.8946042822e+00  6.2396465826e-01
ENERGY -7.245910978084e+02

JOB 5
COORDS -3.6437351221e+00  4.4420484065e+00  1.8815045727e+00 -3.4565234085e+00  3.5397210365e+00  2.9337154745e+00 -3.1451834507e+00  4.1361697099e+00  6.0858721544e-01 -2.7700815865e+00  2.3480964995e+00  2.7082738120e+00 -2.4635231174e+00  2.9431453235e+00  3.7728990153e-01 -2.2496756935e+00  2.0277841378e+00  1.4321900959e+00 -6.3693572899e-01  2.1970580029e-01  4.5232892466e-01  1.8246027187e-01 -9.1754404302e-01  1.0023649880e+00 -6.4439235870e-01  4.2541801662e-01 -1.0275297399e+00 -1.4954006066e+00  7.8087543983e-01  1.3524537283e+00  1.5999522236e+00 -5.7926449341e-01 -9.8233153821e-01  5.6239463118e-01  8.5450020289e-02 -3.1433615835e+00  1.1656316086e+00 -1.3695978327e+00  1.5240978764e-01  4.4292657748e-01 -8.4669403488e-02 -1.7027960842e+00  1.0787501333e-02 -1.4254221097e+00  2.1100375152e+00 -1.5780978362e+00  9.6359997588e-01 -1.6310963684e+00 -4.1789466903e+00  5.3732951878e+00  2.0494633147e+00 -3.8427497899e+00  3.7646864720e+00  3.9242297341e+00 -3.3006127243e+00  4.8301925915e+00 -2.1346080234e-01 -2.6182580526e+00  1.6533493807e+00  3.5307878850e+00 -2.1167562210e+00  2.6960191010e+00 -6.1664508181e-01 -1.4371881883e+00  2.7293031115e-01  2.3148235301e+00  2.2500919869e+00  2.5624246913e-01 -6.7089371576e-01  2.1773895911e+00 -1.2203470676e+00 -1.6534268086e+00  1.3527951382e+00  8.0546520069e-01 -3.3930097956e+00 -3.8746067315e-01  4.5899685434e-01 -3.5226344995e+00  7.9462338495e-01 -8.7427123217e-01 -3.6183638010e+00  1.8230612388e+00 -2.0170433713e+00  5.7205667225e-01
ENERGY -7.245962800793e+02

JOB 6
COORDS -3.7133626387e+00  4.4447554789e+00  1.8930164166e+00 -3.3911156334e+00  3.6126101668e+00  2.9704276464e+00 -3.3049260271e+00  4.0921465110e+00  6.0097319349e-01 -2.6629592941e+00  2.4458975201e+00  2.7486236340e+00 -2.5790799214e+00  2.9240081445e+00  3.7328253328e-01 -2.2323904325e+00  2.0782611238e+00  1.4507659048e+00 -6.7587950204e-01  2.1430180184e-01  4.5161850701e-01  1.0838261067e-01 -9.5097966671e-01  9.9377995411e-01 -6.3488738058e-01  4.7078365662e-01 -1.0192346413e+00 -1.4418733456e+00  8.5256070102e-01  1.3820501435e+00  1.5683221137e+00 -6.2905095605e-01 -9.5718060031e-01  6.2737124340e-01  1.8062160350e-01 -3.1089203225e+00  1.0748124362e+00 -1.4352801523e+00  1.4140023776e-01  4.5149891903e-01 -5.6575526797e-02 -1.6833769712e+00 -8.5088055083e-02 -1.4619953992e+00  2.0960515494e+00 -1.5256046983e+00  1.0680009499e+00 -1.6323890639e+00 -4.2834700553e+00  5.3557546675e+00  2.0573876631e+00 -3.7067205515e+00  3.8721965126e+00  3.9773597422e+00 -3.5645055154e+00  4.7299285298e+00 -2.4015086700e-01 -2.4109542844e+00  1.8051809625e+00  3.5902156905e+00 -2.2969561140e+00  2.6416359969e+00 -6.3112902181e-01 -1.3483734166e+00  3.6976849207e-01  2.3540938290e+00  2.2504797820e+00  1.6430717888e-01 -6.0570869198e-01  2.1288472096e+00 -1.2744360139e+00 -1.6385620982e+00  1.4520483286e+00  8.8117816552e-01 -3.2950638187e+00 -2.9405649995e-01  6.0828706336e-01 -3.5006157973e+00  8.4120253625e-01 -7.6282719958e-01 -3.6234188341e+00  1.7023090328e+00 -2.1126015457e+00  5.6027849157e-01
ENERGY -7.245987845136e+02

JOB 7
COORDS -3.7979059608e+00  4.4394598619e+00  1.9155784835e+00 -3.3279098179e+00  3.7038845153e+00  3.0092755256e+00 -3.4825155262e+00  4.0249484845e+00  6.1633619438e-01 -2.5494751691e+00  2.5693516190e+00  2.7943860386e+00 -2.7009751692e+00  2.8914337554e+00  3.9566457962e-01 -2.2101936172e+00  2.1404501869e+00  1.4873278340e+00 -6.9753082584e-01  2.3110967780e-01  4.8268817025e-01  3.9403675402e-02 -9.6104556542e-01  1.0323351488e+00 -5.9590351570e-01  5.2402911369e-01 -9.7814959494e-01 -1.3785395635e+00  9.4173084968e-01  1.4277955190e+00  1.5316400038e+00 -7.2469446835e-01 -9.0414862860e-01  7.1456594487e-01  2.3901569911e-01 -3.0358260346e+00  9.7100953734e-01 -1.5077755775e+00  1.7806531658e-01  4.6766171421e-01 -6.1777478264e-02 -1.6324529468e+00 -1.7307152690e-01 -1.4506061186e+00  2.1408043732e+00 -1.4147188097e+00  1.2097034071e+00 -1.5988703516e+00 -4.4104505741e+00  5.3235119026e+00  2.0744234991e+00 -3.5709419739e+00  4.0115896828e+00  4.0227862100e+00 -3.8558858384e+00  4.5875545711e+00 -2.3558647341e-01 -2.1898666242e+00  1.9992664878e+00  3.6476531156e+00 -2.4758507660e+00  2.5652975008e+00 -6.0960996298e-01 -1.2536389307e+00  4.8572162749e-01  2.4090047012e+00  2.2670650401e+00  1.2345387819e-02 -5.3635315109e-01  2.0501499770e+00 -1.4000490518e+00 -1.5901567100e+00  1.5724913213e+00  9.1456505390e-01 -3.1522922578e+00 -1.7146957876e-01  7.2150407553e-01 -3.4445626369e+00  9.1549723056e-01 -6.8665367718e-01 -3.5861368825e+00  1.5582115493e+00 -2.2157274285e+00  6.0517218890e-01
ENERGY -7.245991670558e+02

JOB 8
COORDS -3.8779217242e+00  4.3531484611e+00  1.9004423494e+00 -3.2701157517e+00  3.7172492988e+00  2.9890782403e+00 -3.6451305560e+00  3.8822643947e+00  6.0316156778e-01 -2.4394228446e+00  2.6214893597e+00  2.7704011619e+00 -2.8053296891e+00  2.7918020851e+00  3.7873915922e-01 -2.1802120194e+00  2.1379675305e+00  1.4640326778e+00 -7.0767348780e-01  2.0765954797e-01  4.3506690952e-01 -1.8082198631e-02 -1.0145636854e+00  9.7800973382e-01 -5.4109766357e-01  5.5202861729e-01 -1.0081599678e+00 -1.3050389675e+00  9.7135456037e-01  1.3974630730e+00  1.4792100438e+00 -8.7676470021e-01 -9.6462863655e-01  8.0576177728e-01  2.7531935778e-01 -3.0397647504e+00  8.6009942875e-01 -1.6250027674e+00  1.0940422970e-01  4.7757084491e-01 -1.0360798782e-01 -1.6716249012e+00 -2.3590609567e-01 -1.4842733989e+00  2.0942248223e+00 -1.2646579692e+00  1.3512798541e+00 -1.6109603698e+00 -4.5335717533e+00  5.2049833175e+00  2.0631113057e+00 -3.4494526960e+00  4.0699751078e+00  4.0011975859e+00 -4.1239300529e+00  4.3686421019e+00 -2.4292751618e-01 -1.9787664735e+00  2.1226142945e+00  3.6197535243e+00 -2.6249317876e+00  2.4316127117e+00 -6.2382070032e-01 -1.1471059617e+00  5.3150698958e-01  2.3814283676e+00  2.2842683094e+00 -2.1775316871e-01 -5.9261292531e-01  1.9271267558e+00 -1.5844713845e+00 -1.6683584251e+00  1.7191359815e+00  8.8447883722e-01 -3.0745858000e+00 -2.0294985811e-02  8.5698641683e-01 -3.4443110045e+00  9.5643610844e-01 -6.2315644076e-01 -3.6478852497e+00  1.4061418106e+00 -2.3649351570e+00  5.3757539838e-01
ENERGY -7.245976892398e+02

JOB 9
COORDS -3.9932443035e+00  4.2269127001e+00  1.8422084532e+00 -3.3252555996e+00  3.6773875341e+00  2.9423811558e+00 -3.7143267535e+00  3.7523221992e+00  5.5484940603e-01 -2.3923983742e+00  2.6622925646e+00  2.7467098787e+00 -2.7717360928e+00  2.7457608694e+00  3.5103849772e-01 -2.0922755466e+00  2.1753879981e+00  1.4509629265e+00 -5.9411958789e-01  2.6129380871e-01  4.4423004042e-01  4.3152769836e-02 -9.8143542002e-01  1.0004981164e+00 -3.5368103095e-01  6.2935191119e-01 -9.8107588724e-01 -1.1377062124e+00  1.0732788932e+00  1.4022847616e+00  1.4476012675e+00 -1.0766987985e+00 -1.0227893868e+00  9.1904706070e-01  2.3429188737e-01 -3.0307331251e+00  8.0699853861e-01 -1.7051122434e+00  1.1172249272e-01  5.3066334118e-01 -1.6960989011e-01 -1.6843764535e+00 -1.4297630796e-01 -1.3882401204e+00  2.1475463860e+00 -9.0539401237e-01  1.5820817344e+00 -1.5411511232e+00 -4.7279729543e+00  5.0150120093e+00  1.9873908706e+00 -3.5374706525e+00  4.0337347228e+00  3.9467942646e+00 -4.2350292631e+00  4.1749278967e+00 -3.0060026465e-01 -1.8880821391e+00  2.2259328847e+00  3.6056224600e+00 -2.5442059064e+00  2.3961167255e+00 -6.4582850198e-01 -9.5929845738e-01  6.6193587419e-01  2.3953218133e+00  2.3666338997e+00 -5.3950741985e-01 -7.2418317973e-01  1.7367536719e+00 -1.8553161212e+00 -1.7357655838e+00  1.8549861219e+00  8.0995107866e-01 -3.0242840301e+00  1.3154481939e-01  8.5816400317e-01 -3.4485667628e+00  1.0552492130e+00 -6.5648912929e-01 -3.6522219109e+00  1.2935497223e+00 -2.4844871440e+00  5.4172135372e-01
ENERGY -7.245944633259e+02

JOB 10
COORDS -4.0812516026e+00  4.1529736219e+00  1.8529499171e+00 -3.3649669126e+00  3.6698950090e+00  2.9537952212e+00 -3.7785785140e+00  3.6865079944e+00  5.6714570845e-01 -2.3591979229e+00  2.7253061291e+00  2.7631253888e+00 -2.7658606039e+00  2.7504300658e+00  3.6934279570e-01 -2.0423582370e+00  2.2416211328e+00  1.4715594047e+00 -5.7702827186e-01  3.2976883126e-01  4.4692688420e-01  1.9378661573e-02 -9.3035262945e-01  1.0030099873e+00 -2.8136612642e-01  7.1858749381e-01 -9.6204242697e-01 -1.0286588373e+00  1.1963830812e+00  1.4095535240e+00  1.3461147910e+00 -1.1582959388e+00 -1.0649323867e+00  9.6243334171e-01  2.7060224705e-01 -3.0168423783e+00  6.8271901735e-01 -1.7231790977e+00  9.0291018934e-02  5.2051421379e-01 -1.4358164158e-01 -1.6899843550e+00 -1.3336426657e-01 -1.3019033703e+00  2.1669887561e+00 -7.1961094184e-01  1.7492941152e+00 -1.4836467617e+00 -4.8711035377e+00  4.8862204955e+00  1.9957726989e+00 -3.5950965306e+00  4.0236562821e+00  3.9551569132e+00 -4.3338382810e+00  4.0620976885e+00 -2.8848225695e-01 -1.8160051596e+00  2.3377183019e+00  3.6216474717e+00 -2.5134900472e+00  2.4116449979e+00 -6.2622669904e-01 -8.0616640552e-01  8.0575180662e-01  2.4030327291e+00  2.3301212661e+00 -7.3091504381e-01 -7.9623636221e-01  1.5217789289e+00 -1.9570447796e+00 -1.7932742400e+00  1.9560829010e+00  7.3856551685e-01 -2.9823898432e+00  2.5188890294e-01  9.9412948245e-01 -3.4111731025e+00  1.0056256323e+00 -6.0375390230e-01 -3.6741821991e+00  1.1286163104e+00 -2.5284985164e+00  5.1728738559e-01
ENERGY -7.245889678499e+02

JOB 11
COORDS -4.1482926466e+00  4.0659721861e+00  1.8815540176e+00 -3.4006806579e+00  3.6222641142e+00  2.9779862898e+00 -3.8079800340e+00  3.6448685282e+00  5.8848545032e-01 -2.3244825598e+00  2.7595627584e+00  2.7790920371e+00 -2.7304401150e+00  2.7873860673e+00  3.8280212793e-01 -1.9805139061e+00  2.3127032574e+00  1.4830557250e+00 -5.5118784668e-01  4.0461787476e-01  4.3657776887e-01  1.4058680534e-02 -8.5953788235e-01  1.0121277985e+00 -1.9777334285e-01  7.8048250913e-01 -9.6244864691e-01 -9.0620251191e-01  1.3337573094e+00  1.3879380606e+00  1.2856894300e+00 -1.2164343852e+00 -1.0728170988e+00  1.0435944095e+00  2.6877932165e-01 -3.0011756808e+00  6.0005446734e-01 -1.7143146661e+00  1.0042444192e-01  5.4665281452e-01 -1.3220777649e-01 -1.6896013696e+00 -1.1547147245e-01 -1.1892271725e+00  2.1916255384e+00 -5.4814891534e-01  1.8504454795e+00 -1.4726705826e+00 -4.9906380034e+00  4.7364172535e+00  2.0325890540e+00 -3.6589613911e+00  3.9450862201e+00  3.9829153969e+00 -4.3849556213e+00  3.9956809526e+00 -2.6325791178e-01 -1.7535059052e+00  2.4026248550e+00  3.6327053614e+00 -2.4442178613e+00  2.4828278448e+00 -6.1621135031e-01 -6.3153121862e-01  9.7255145398e-01  2.3807522068e+00  2.3093532576e+00 -8.7780137541e-01 -8.2585281949e-01  1.3755858667e+00 -2.0315337597e+00 -1.7993195133e+00  2.0632296282e+00  6.7380713001e-01 -2.9396631338e+00  3.8787160077e-01  1.0388571056e+00 -3.4022880659e+00  1.0474473415e+00 -5.9990467833e-01 -3.6673472941e+00  1.0064258371e+00 -2.5349242774e+00  5.3811473789e-01
ENERGY -7.245803302578e+02

JOB 12
COORDS -4.2088892924e+00  3.9900671475e+00  1.9544266139e+00 -3.4092302585e+00  3.5784374464e+00  3.0263391987e+00 -3.8756628999e+00  3.6121598261e+00  6.4500717988e-01 -2.2838476876e+00  2.7893787667e+00  2.7921235202e+00 -2.7550081233e+00  2.8235601990e+00  4.0448243517e-01 -1.9552719880e+00  2.3779496893e+00  1.4824796001e+00 -5.7555110333e-01  4.7158157041e-01  3.9024003162e-01 -3.6423025377e-02 -7.8439855468e-01  1.0056246080e+00 -1.5409832346e-01  8.1319140708e-01 -9.9907180653e-01 -8.3441841277e-01  1.4648467374e+00  1.3182081891e+00  1.2325241967e+00 -1.2577914776e+00 -1.0552568215e+00  1.1467680955e+00  2.4303149483e-01 -2.9827428763e+00  5.0398374570e-01 -1.6941757095e+00  1.1708835327e-01  5.7510807325e-01 -1.3506355873e-01 -1.6949044400e+00 -1.6336286375e-01 -1.0663589426e+00  2.1981200431e+00 -4.4716568226e-01  1.8935906610e+00 -1.5246213655e+00 -5.0869754527e+00  4.6045050484e+00  2.1365623560e+00 -3.6637974660e+00  3.8714016977e+00  4.0412912592e+00 -4.4923073948e+00  3.9427467169e+00 -1.8675703081e-01 -1.6689282486e+00  2.4582856019e+00  3.6251933455e+00 -2.4693330346e+00  2.5461538505e+00 -6.0450372649e-01 -4.9205060822e-01  1.1362727899e+00  2.3026620454e+00  2.2732698120e+00 -9.8270381762e-01 -8.0000705964e-01  1.2781948538e+00 -2.0869436371e+00 -1.7704007209e+00  2.1808063511e+00  5.9924154882e-01 -2.8757336222e+00  5.4529422949e-01  1.0429845884e+00 -3.4096131829e+00  1.1389698811e+00 -6.2447938990e-01 -3.6504901461e+00  8.7290591368e-01 -2.5178123499e+00  5.8188955432e-01
ENERGY -7.245676732924e+02

JOB 13
COORDS -4.2283714301e+00  3.8917971023e+00  2.0528595450e+00 -3.3384109155e+00  3.5378330126e+00  3.0731010744e+00 -3.9505546729e+00  3.5405981628e+00  7.2214905608e-01 -2.1745729555e+00  2.8318328659e+00  2.7704285962e+00 -2.7933385383e+00  2.8343333238e+00  4.1492643074e-01 -1.9011353623e+00  2.4442270039e+00  1.4419612277e+00 -5.1817627489e-01  5.8288498234e-01  2.7023689492e-01 -1.4162052857e-02 -6.6338838540e-01  9.3446025510e-01  1.3326179534e-02  8.8784658705e-01 -1.0885087889e+00 -7.3772394151e-01  1.6154610463e+00  1.1802481411e+00  1.2204991668e+00 -1.3042193900e+00 -1.1105704735e+00  1.3725646964e+00  2.2737160031e-01 -3.0043851517e+00  4.6799076275e-01 -1.6369402636e+00  8.0277619960e-02  7.0936081024e-01 -1.0911220539e-01 -1.7497476488e+00 -1.3656737776e-01 -8.9100395826e-01  2.1399497063e+00 -1.6894537598e-01  1.9896151705e+00 -1.6202120449e+00 -5.1361971669e+00  4.4399777468e+00  2.2914808641e+00 -3.5534185183e+00  3.8110774714e+00  4.1025737759e+00 -4.6393438275e+00  3.8263784466e+00 -6.8512579452e-02 -1.4880853451e+00  2.5444470891e+00  3.5625920179e+00 -2.5528269175e+00  2.5697735976e+00 -6.1052683269e-01 -3.3859220622e-01  1.3023880961e+00  2.1502157930e+00  2.2921720572e+00 -1.1642619048e+00 -8.7389530946e-01  1.1492019662e+00 -2.1380085999e+00 -1.8200148953e+00  2.4269937963e+00  4.9186823826e-01 -2.8440432257e+00  8.6240767601e-01  1.0788536985e+00 -3.4501395314e+00  1.3233095609e+00 -6.3168196402e-01 -3.6815912349e+00  7.8824323404e-01 -2.4608891352e+00  5.7940681896e-01
ENERGY -7.245508571761e+02

JOB 14
COORDS -4.2176321509e+00  3.1541993970e+00  2.5672307341e+00 -3.1072055217e+00  3.0663318705e+00  3.4146341858e+00 -4.1228911671e+00  2.7199255514e+00  1.2350266760e+00 -1.9050257400e+00  2.5463673527e+00  2.9383535076e+00 -2.9262731133e+00  2.2014647020e+00  7.5600610307e-01 -1.8000311929e+00  2.0868054765e+00  1.6072391710e+00 -2.9453611665e-01  4.9320139591e-01  2.0951642162e-01  4.1699896852e-01 -6.8759518423e-01  8.6643291654e-01  3.0552356637e-01  8.0563577195e-01 -1.1339466510e+00 -5.6298595662e-01  1.4765276481e+00  1.1682985701e+00  2.7601892675e-01 -1.5949831774e+00 -1.3867733818e+00  1.5251382786e+00 -1.7296120205e-01 -3.0337034769e+00  7.6278754555e-01 -1.6836354137e+00 -1.9072341987e-02  5.8138421048e-01 -2.8978034521e-01 -1.9294804814e+00  6.2578059803e-01 -7.9766679661e-01  2.0756820511e+00  5.8723434300e-01  1.9562703863e+00 -1.4750982639e+00 -5.1566810125e+00  3.5525103338e+00  2.9425426930e+00 -3.1821620260e+00  3.4000718481e+00  4.4459097514e+00 -4.9877937216e+00  2.7882119082e+00  5.8051197862e-01 -1.0440663459e+00  2.4668848020e+00  3.5969416291e+00 -2.8465127590e+00  1.8523360340e+00 -2.6959298583e-01  1.6630762585e-02  1.2461329676e+00  2.0693993477e+00  7.7195622430e-01 -2.3572784525e+00 -1.9899016808e+00 -8.0827828145e-01 -1.7744434427e+00 -1.4338343895e+00  2.5020657141e+00 -5.9803510746e-01 -2.7673784873e+00  1.6469149565e+00  8.8482845542e-01 -3.2638745100e+00  1.1395238910e+00 -6.9035775712e-01 -3.9185304990e+00  9.5972168523e-01 -2.5935773090e+00  3.8087572020e-01
ENERGY -7.245359073252e+02

