JOB 0
COORDS -6.2939463947e+00 -3.8132038037e+00 -3.0497524692e+00 -5.0964403163e+00 -4.5064077107e+00 -2.6894982721e+00 -6.1021775826e+00 -2.5093780496e+00 -2.6745279374e+00 -4.2655176399e+00 -3.5740077481e+00 -2.1215735308e+00 -2.3539285695e-01 -1.9959571992e+00 -6.9431673759e-01 -2.9117227030e+00 -3.7339767613e+00 -1.5767760647e+00  1.5822658618e+00 -3.3925453024e+00 -1.5748868994e+00  1.4673940187e+00 -9.6893425589e-01 -2.2908650977e+00  1.6548878593e+00 -2.7328799231e+00  8.2508115529e-01  1.4389165427e+00 -3.1719040705e-01  1.2210668092e-01  3.3143874031e+00 -1.7439457969e+00 -7.7722191286e-01  6.3817072084e-01 -2.2162493317e+00 -1.9369292547e+00  6.6042760492e-01 -1.5989457483e+00  4.9581237188e-01  2.5135812758e+00 -3.0107408129e+00 -4.1542205041e-01  2.3480967882e+00 -5.8431889857e-01 -1.0900920214e+00 -1.2031201672e+00 -2.7539326253e+00 -2.8814895836e-01 -2.3308133516e+00 -4.8048116996e+00 -1.5336048224e+00 -4.8766590232e+00 -2.3436054680e+00 -2.1092724643e+00 -2.3924429656e+00 -2.5588264049e+00 -1.1426049337e+00 -7.1779221174e+00 -4.2220895390e+00 -3.5207990007e+00 -4.8615285562e+00 -5.5535850181e+00 -2.8214126728e+00 -6.7148284885e+00 -1.6208553625e+00 -2.7378433936e+00  9.8851783481e-01 -4.2780458083e+00 -1.3297436286e+00  2.1650598677e+00 -3.6189394469e+00 -2.4769104424e+00  2.0928421010e+00 -1.1859005065e+00 -3.1653739135e+00  8.0404727748e-01 -1.4066466709e-01 -2.5650259255e+00  2.2835531854e+00 -2.4362532165e+00  1.6744369324e+00  1.0956789690e+00 -3.6268352450e+00  1.1206834255e+00  7.4349133577e-01  5.0166060795e-01 -1.0127999120e-01  2.0339624234e+00 -3.0353254415e-03  9.8841616616e-01  3.9575886986e+00 -1.9372791705e+00 -1.6451559798e+00  3.9739847187e+00 -1.4711011860e+00  5.6084468721e-02  1.3482660161e-02 -2.5097573998e+00 -2.7871695534e+00  1.2308331703e-02 -1.4096467380e+00  1.3539603060e+00  3.2019067931e+00 -3.8404107734e+00 -2.1504222114e-01  2.9193858068e+00  3.2067695181e-01 -1.3274962431e+00
ENERGY -8.623288194482e+02

JOB 1
COORDS -6.0708340639e+00 -3.8650990429e+00 -3.2322912235e+00 -4.8787310601e+00 -4.5025589733e+00 -2.7668274402e+00 -5.9785345233e+00 -2.5567264651e+00 -2.8356387722e+00 -4.1506720052e+00 -3.5357442262e+00 -2.1205771717e+00 -2.6810257837e-01 -1.9342222247e+00 -5.0048783987e-01 -2.8467208154e+00 -3.6357991159e+00 -1.4534194351e+00  1.3722360160e+00 -3.4039794751e+00 -1.5631961658e+00  1.2791856999e+00 -9.7297387340e-01 -2.2608833432e+00  1.7043520788e+00 -2.7499690955e+00  8.2366164774e-01  1.5229451466e+00 -3.2310143018e-01  1.4783405115e-01  3.2354640113e+00 -1.8246629638e+00 -9.3691680675e-01  4.4224584586e-01 -2.1909153372e+00 -1.8263988845e+00  7.3098624076e-01 -1.5710110861e+00  6.0075450721e-01  2.4242913834e+00 -3.0596055858e+00 -4.9684298947e-01  2.2898056732e+00 -6.2665868163e-01 -1.1528701456e+00 -1.2887391940e+00 -2.5729407402e+00 -4.2418917075e-02 -2.2198535820e+00 -4.6782106411e+00 -1.3655429904e+00 -4.8195558653e+00 -2.3364077150e+00 -2.1597622766e+00 -2.4248303445e+00 -2.4402883389e+00 -9.7485814127e-01 -6.8869039793e+00 -4.3124145504e+00 -3.7840200675e+00 -4.5815277940e+00 -5.5359304513e+00 -2.8809578233e+00 -6.6258236520e+00 -1.6985397366e+00 -2.9510899168e+00  7.7013046036e-01 -4.2663423919e+00 -1.2618932847e+00  1.8580948686e+00 -3.6518135196e+00 -2.5154174834e+00  1.8058404018e+00 -1.2068778323e+00 -3.1940583188e+00  6.2340725165e-01 -1.1854717651e-01 -2.4648777146e+00  2.4271040313e+00 -2.4847702410e+00  1.6057635430e+00  1.1411233878e+00 -3.6219698916e+00  1.1726377410e+00  8.4457118495e-01  5.2588646838e-01 -3.1976599780e-03  2.2191902282e+00 -3.8231475118e-02  9.4600678113e-01  3.7805466892e+00 -2.0407352390e+00 -1.8645663487e+00  3.9853685004e+00 -1.5807131451e+00 -1.7390112918e-01 -2.8536014836e-01 -2.4524763592e+00 -2.5999776606e+00  1.7511670217e-01 -1.3611121801e+00  1.5172518084e+00  3.0960246077e+00 -3.9154521780e+00 -3.6136192134e-01  2.8703469989e+00  2.5501499675e-01 -1.4485066439e+00
ENERGY -8.623482293538e+02

JOB 2
COORDS -5.9266649893e+00 -3.8957138501e+00 -3.3056210428e+00 -4.7769618783e+00 -4.5057598456e+00 -2.7138110435e+00 -5.8470430595e+00 -2.5628807064e+00 -2.9976107117e+00 -4.0841075721e+00 -3.4998844467e+00 -2.0888692494e+00 -2.7073927387e-01 -1.9037010087e+00 -3.9057646733e-01 -2.8303099550e+00 -3.5608333165e+00 -1.3270753763e+00  1.2596303964e+00 -3.3903520458e+00 -1.5825223965e+00  1.1696457240e+00 -9.4306576645e-01 -2.2220312987e+00  1.7425270582e+00 -2.7839207675e+00  7.9445363424e-01  1.5808645285e+00 -3.3951328681e-01  1.7674866810e-01  3.1871753510e+00 -1.8581247887e+00 -1.0383357442e+00  3.3770109058e-01 -2.1560490066e+00 -1.7595980661e+00  7.8730295673e-01 -1.5766288447e+00  6.5537499171e-01  2.3778888096e+00 -3.0844601124e+00 -5.7187197449e-01  2.2560405180e+00 -6.3731310514e-01 -1.1754716350e+00 -1.3542648780e+00 -2.3972517423e+00  8.8907618892e-02 -2.2231576393e+00 -4.5984158813e+00 -1.1237455704e+00 -4.7351257393e+00 -2.3023514424e+00 -2.2597326846e+00 -2.4299316614e+00 -2.3347267054e+00 -9.1148364894e-01 -6.7077574850e+00 -4.3762477541e+00 -3.8795981942e+00 -4.4845963068e+00 -5.5466036546e+00 -2.7329599172e+00 -6.4750070126e+00 -1.7110148000e+00 -3.2185003423e+00  6.6173895478e-01 -4.2488717240e+00 -1.2613834247e+00  1.6852775410e+00 -3.6295237793e+00 -2.5651429632e+00  1.6292157487e+00 -1.1663141020e+00 -3.1925040895e+00  5.1826601181e-01 -7.2900128541e-02 -2.3652144682e+00  2.5158614893e+00 -2.5518019695e+00  1.5375289129e+00  1.1808782523e+00 -3.6506298371e+00  1.1590930516e+00  9.1559182904e-01  5.2791135864e-01  8.5002645474e-02  2.3335952961e+00 -8.8029079903e-02  9.3374228658e-01  3.6704562151e+00 -2.0680009542e+00 -2.0009711987e+00  3.9869291324e+00 -1.6432649588e+00 -3.1837042511e-01 -4.4561638191e-01 -2.3819840707e+00 -2.4868292809e+00  2.9076671363e-01 -1.3736484760e+00  1.6073481681e+00  3.0390504650e+00 -3.9549788957e+00 -4.8841740804e-01  2.8358710429e+00  2.3686025851e-01 -1.4939133975e+00
ENERGY -8.623629255275e+02

JOB 3
COORDS -5.7898570000e+00 -3.9863437133e+00 -3.3525543761e+00 -4.6704598123e+00 -4.5414706333e+00 -2.6575369943e+00 -5.7345196474e+00 -2.6341362880e+00 -3.1377605618e+00 -4.0182499260e+00 -3.4868345757e+00 -2.0703615852e+00 -2.7292954964e-01 -1.8675427487e+00 -3.2996416487e-01 -2.8074536457e+00 -3.4823293612e+00 -1.2393182375e+00  1.1654233244e+00 -3.3727795251e+00 -1.6134288097e+00  1.1167853497e+00 -9.0580196501e-01 -2.1785822273e+00  1.7307654292e+00 -2.8346256463e+00  7.6686690956e-01  1.6339389264e+00 -3.6968989415e-01  2.1728673941e-01  3.1480128629e+00 -1.9060858576e+00 -1.0880376945e+00  2.6860584353e-01 -2.1123920626e+00 -1.7222431122e+00  8.1422177968e-01 -1.5910364525e+00  6.9185332516e-01  2.3182001914e+00 -3.1199489156e+00 -6.2548957180e-01  2.2490471800e+00 -6.5634630255e-01 -1.1657627457e+00 -1.4129493951e+00 -2.1981521386e+00  1.5290275015e-01 -2.2064462743e+00 -4.4977598165e+00 -9.3296130057e-01 -4.6656683183e+00 -2.3109729459e+00 -2.3620001678e+00 -2.4401679682e+00 -2.2249256398e+00 -8.9242479551e-01 -6.5360941941e+00 -4.5142553904e+00 -3.9312576722e+00 -4.3717945885e+00 -5.5782081482e+00 -2.5856628049e+00 -6.3543371020e+00 -1.8062650030e+00 -3.4528266432e+00  5.5754941455e-01 -4.2259901739e+00 -1.2964850411e+00  1.5586192674e+00 -3.5968357992e+00 -2.6128907879e+00  1.5332568173e+00 -1.1128050102e+00 -3.1718543434e+00  4.8357841712e-01 -1.5637266691e-02 -2.2725890775e+00  2.5325310481e+00 -2.6490438377e+00  1.4924944745e+00  1.1520449216e+00 -3.6930729503e+00  1.1244367290e+00  9.9558338118e-01  5.2110924355e-01  1.7184283210e-01  2.4221037211e+00 -1.6391572335e-01  9.5169624110e-01  3.5943728532e+00 -2.1063348369e+00 -2.0703340705e+00  3.9760125771e+00 -1.7310474587e+00 -3.8949893751e-01 -5.4744875943e-01 -2.2917013496e+00 -2.4241556444e+00  3.5084138399e-01 -1.3975241088e+00  1.6625597725e+00  2.9572067442e+00 -4.0095153442e+00 -5.7928866061e-01  2.8427074325e+00  2.0754538089e-01 -1.4868294345e+00
ENERGY -8.623724869923e+02

JOB 4
COORDS -5.6960352257e+00 -4.0559415572e+00 -3.3509994245e+00 -4.5895850339e+00 -4.5506503916e+00 -2.5925286179e+00 -5.6685988660e+00 -2.6929857435e+00 -3.2118184031e+00 -3.9732106930e+00 -3.4529970979e+00 -2.0467683804e+00 -2.7619535309e-01 -1.8391037251e+00 -3.0719158919e-01 -2.7889305056e+00 -3.3815074281e+00 -1.1810255026e+00  1.1062946517e+00 -3.3538037848e+00 -1.6547461461e+00  1.0904670221e+00 -8.7141675832e-01 -2.1485775239e+00  1.7078799660e+00 -2.8788061975e+00  7.3389557645e-01  1.6710865446e+00 -3.9860197765e-01  2.4600821630e-01  3.1223489170e+00 -1.9388754231e+00 -1.1205972417e+00  2.2835302194e-01 -2.0777099521e+00 -1.7107843141e+00  8.2537690084e-01 -1.6078885886e+00  7.0470674966e-01  2.2735487205e+00 -3.1448303362e+00 -6.7255835562e-01  2.2494706504e+00 -6.6892021517e-01 -1.1556163619e+00 -1.4575946024e+00 -1.9827964645e+00  1.6612358407e-01 -2.1793229897e+00 -4.3679148080e+00 -8.0524728628e-01 -4.6294921518e+00 -2.3071921563e+00 -2.4245258820e+00 -2.4578736587e+00 -2.0988684109e+00 -8.9444467148e-01 -6.4157797850e+00 -4.6288069923e+00 -3.9204288154e+00 -4.2766617757e+00 -5.5761789754e+00 -2.4527502329e+00 -6.2916539707e+00 -1.8952761440e+00 -3.5916452840e+00  4.9037158364e-01 -4.2065065694e+00 -1.3522916102e+00  1.4860144432e+00 -3.5580941602e+00 -2.6635423855e+00  1.4798406663e+00 -1.0589607830e+00 -3.1566356553e+00  4.7134739579e-01  3.1823284095e-02 -2.2039069439e+00  2.5222942889e+00 -2.7338248209e+00  1.4544859976e+00  1.1116918750e+00 -3.7318139919e+00  1.0756374378e+00  1.0562283825e+00  5.0942884427e-01  2.3626688140e-01  2.4795029301e+00 -2.3390071549e-01  9.6875437241e-01  3.5488890618e+00 -2.1269354324e+00 -2.1140466781e+00  3.9647373624e+00 -1.7963423574e+00 -4.3192842172e-01 -6.0443191524e-01 -2.2185296933e+00 -2.4005245826e+00  3.7885706827e-01 -1.4255337951e+00  1.6855412710e+00  2.8951454029e+00 -4.0475501462e+00 -6.5150314919e-01  2.8551365789e+00  1.8824161570e-01 -1.4723501988e+00
ENERGY -8.623776731440e+02

JOB 5
COORDS -5.9348130255e+00 -3.8686694000e+00 -3.3794731732e+00 -5.6196738337e+00 -3.7891551490e+00 -1.9868967359e+00 -4.7771459820e+00 -3.5664587045e+00 -4.0465373705e+00 -4.2943680923e+00 -3.4449977204e+00 -1.9085709779e+00 -1.4013396310e-01 -2.3632228611e+00 -3.7894492583e-01 -3.4556701990e+00 -3.2281793123e+00 -7.1919688238e-01  1.5407553846e+00 -3.2207019468e+00 -1.9757718313e+00  8.9826137507e-01 -7.7726049690e-01 -1.9651221592e+00  2.0667456982e+00 -3.0926650989e+00  4.7677184789e-01  1.4244325500e+00 -6.5022468154e-01  4.8755985900e-01  3.1609400572e+00 -1.4921382068e+00 -1.1275281362e+00  3.7100167663e-01 -2.2229078930e+00 -1.7941593735e+00  9.0379571687e-01 -2.0937439964e+00  6.8077233263e-01  2.6451125915e+00 -2.9325582768e+00 -9.4157415256e-01  2.0036549509e+00 -4.9339956842e-01 -9.3081531935e-01 -1.3138239527e+00 -2.6730029266e+00  3.2634808074e-02 -3.8727027997e+00 -3.3389580754e+00  4.1318993302e-01 -3.7686323510e+00 -3.3058209690e+00 -3.1712689727e+00 -2.1849273499e+00 -2.8966578086e+00 -1.0930659236e+00 -6.8879205409e+00 -4.1156606160e+00 -3.8278616126e+00 -6.2704116824e+00 -3.9598131275e+00 -1.1403915416e+00 -4.5205876354e+00 -3.4979831341e+00 -5.0945461738e+00  1.1745324376e+00 -4.2483768125e+00 -1.8681382262e+00  1.9361555452e+00 -3.1223030168e+00 -2.9943192235e+00  1.2888638130e+00 -6.6005771864e-01 -2.9835271601e+00  7.4119102486e-02 -6.3588008700e-02 -1.8499253976e+00  2.8414705741e+00 -2.9021105658e+00  1.2296303608e+00  1.7085375743e+00 -4.1172646019e+00  6.3085176166e-01  6.0880904936e-01  6.4222936674e-02  6.4932027736e-01  2.1943257208e+00 -4.4111835475e-01  1.2404570730e+00  3.5926057764e+00 -1.3742122222e+00 -2.1295438786e+00  3.9620734999e+00 -1.2846290209e+00 -4.0700071418e-01 -4.2356946441e-01 -2.4287491785e+00 -2.5111312292e+00  4.5310890555e-01 -2.2166238004e+00  1.6689871625e+00  3.4694218807e+00 -3.6414505272e+00 -1.0826751470e+00  2.3722974521e+00  5.3043148151e-01 -1.0641958973e+00
ENERGY -8.623793674258e+02

JOB 6
COORDS -5.8191380511e+00 -3.5899779242e+00 -3.3442771924e+00 -5.0976595871e+00 -2.6212676870e+00 -2.5792256902e+00 -5.1235986379e+00 -4.7639390836e+00 -3.2186329201e+00 -4.0185217057e+00 -3.2778181045e+00 -2.0434948036e+00  3.3308399892e-04 -2.8837392885e+00 -3.1148623750e-01 -2.9495292108e+00 -2.7649385137e+00 -1.1766783932e+00  1.6617169096e+00 -3.0444314258e+00 -2.1578209911e+00  4.6070730953e-01 -8.7608250408e-01 -1.6455156377e+00  2.4048796999e+00 -3.1893744445e+00  2.3402088836e-01  1.2233069504e+00 -1.0125912054e+00  7.4025630799e-01  2.9126106587e+00 -1.1258773486e+00 -1.1189104726e+00  3.2023731318e-01 -2.4182580918e+00 -1.7123478652e+00  1.0762479905e+00 -2.5525759608e+00  7.0031797734e-01  2.7735892706e+00 -2.6603156964e+00 -1.1646205556e+00  1.5829769916e+00 -4.9344318654e-01 -6.6329166374e-01 -1.0989266362e+00 -3.3406370079e+00  1.6096869992e-01 -2.9037215315e+00 -1.6101252913e+00 -7.8908174026e-01 -4.0267592882e+00 -4.5947539000e+00 -2.4333084717e+00 -2.0298042630e+00 -3.7214451503e+00 -9.0082385520e-01 -6.7296135956e+00 -3.4407442390e+00 -3.9092607096e+00 -5.3301658913e+00 -1.5760327526e+00 -2.4289201120e+00 -5.2740919658e+00 -5.7614790682e+00 -3.6073302463e+00  1.5642913613e+00 -4.1347373240e+00 -2.2206968716e+00  1.9070407294e+00 -2.6829398012e+00 -3.1638421496e+00  6.8933127464e-01 -5.0468230107e-01 -2.6522128938e+00 -4.9323658396e-01 -4.3661388006e-01 -1.3377073367e+00  3.1920606504e+00 -2.9422115962e+00  9.5671624764e-01  2.3134970566e+00 -4.2820738374e+00  2.1663112962e-01  2.8651337801e-01 -5.6335351898e-01  1.0873305025e+00  2.0059627565e+00 -7.4521501167e-01  1.4610301921e+00  3.1901099771e+00 -7.4582626663e-01 -2.1102722891e+00  3.7183560554e+00 -8.4245602750e-01 -4.2996865849e-01 -4.7630984159e-01 -2.6984093234e+00 -2.4023794148e+00  7.7864102236e-01 -2.9374544589e+00  1.6790593216e+00  3.7207623856e+00 -3.1086873261e+00 -1.4866720229e+00  1.6827706231e+00  5.9784269478e-01 -6.3473720313e-01
ENERGY -8.623776728059e+02

JOB 7
COORDS -5.8636497177e+00 -3.6966046026e+00 -3.3464510199e+00 -5.1577749005e+00 -2.6679372489e+00 -2.6480315336e+00 -5.1546632304e+00 -4.8506605518e+00 -3.1387862695e+00 -4.0721232560e+00 -3.2723430545e+00 -2.0661901648e+00 -1.0350258420e-02 -2.8580026605e+00 -3.3265596548e-01 -3.0118843280e+00 -2.6883435276e+00 -1.2347081953e+00  1.6654125462e+00 -3.0005440322e+00 -2.1879161927e+00  5.0128148827e-01 -8.3054875911e-01 -1.6020800747e+00  2.3871552903e+00 -3.2331867980e+00  2.0417217077e-01  1.2654186659e+00 -1.0413581229e+00  7.7416596782e-01  2.9498604562e+00 -1.1420510808e+00 -1.0870123119e+00  3.3646754073e-01 -2.3676716957e+00 -1.7221796142e+00  1.0756546098e+00 -2.5739553104e+00  6.8808083378e-01  2.7780696365e+00 -2.6713598558e+00 -1.1760415491e+00  1.6333297194e+00 -4.9391356787e-01 -6.1514363622e-01 -1.1643681494e+00 -3.1339008357e+00  1.5146942503e-01 -2.9849949221e+00 -1.5104299449e+00 -9.2174483935e-01 -4.0628511018e+00 -4.6132624683e+00 -2.3640197692e+00 -2.0749155097e+00 -3.6067409152e+00 -8.9509691872e-01 -6.7737915035e+00 -3.5980751078e+00 -3.9229736366e+00 -5.4039821530e+00 -1.6178851043e+00 -2.5707349582e+00 -5.2915143775e+00 -5.8743606729e+00 -3.4583542287e+00  1.5490903121e+00 -4.0859952504e+00 -2.2902110062e+00  1.9240494175e+00 -2.6083459679e+00 -3.1789694978e+00  7.3136287609e-01 -4.3527968841e-01 -2.5993595241e+00 -4.4557496759e-01 -3.8679355307e-01 -1.2789410011e+00  3.1774817572e+00 -3.0314680845e+00  9.3740055272e-01  2.2675973216e+00 -4.3222053724e+00  1.5108446478e-01  3.4126363298e-01 -5.7967258361e-01  1.1381531015e+00  2.0573905981e+00 -8.1583376754e-01  1.4992300983e+00  3.2377441740e+00 -7.4126636612e-01 -2.0671817484e+00  3.7597072567e+00 -8.9449270560e-01 -3.8913731321e-01 -4.6534846024e-01 -2.6057695351e+00 -2.4230408698e+00  7.6941675492e-01 -2.9767814311e+00  1.6567925814e+00  3.7176688420e+00 -3.1311206671e+00 -1.5040449803e+00  1.7549317648e+00  5.9422422942e-01 -5.6065577691e-01
ENERGY -8.623724926532e+02

JOB 8
COORDS -5.9390983743e+00 -3.8467965757e+00 -3.3009265018e+00 -5.2353346556e+00 -2.7550397172e+00 -2.7034218785e+00 -5.2146045126e+00 -4.9709647412e+00 -3.0025993746e+00 -4.1360942624e+00 -3.2953807427e+00 -2.0853059561e+00 -2.5557386750e-02 -2.8260657152e+00 -3.9440277503e-01 -3.0714534478e+00 -2.6321510859e+00 -1.3219346794e+00  1.6964942560e+00 -2.9431848671e+00 -2.2309038629e+00  5.7512547356e-01 -7.7140049192e-01 -1.5735134947e+00  2.3568351163e+00 -3.2838560944e+00  1.6395763734e-01  1.2993218204e+00 -1.0792224916e+00  7.9961059112e-01  3.0079236181e+00 -1.1638776767e+00 -1.0379684643e+00  3.7737474624e-01 -2.2980458669e+00 -1.7607679043e+00  1.0593577981e+00 -2.5989263038e+00  6.5052013494e-01  2.7956167589e+00 -2.6835604395e+00 -1.1851733718e+00  1.7020110055e+00 -4.9599565675e-01 -5.6367645711e-01 -1.2106569563e+00 -2.9312532522e+00  8.7304211280e-02 -3.0513335737e+00 -1.4316124460e+00 -1.1100853479e+00 -4.1159897272e+00 -4.6570759369e+00 -2.2655410928e+00 -2.1198117820e+00 -3.5067526283e+00 -9.1477553995e-01 -6.8570510419e+00 -3.8076572886e+00 -3.8721534498e+00 -5.4916709681e+00 -1.7046295545e+00 -2.7146099397e+00 -5.3440946452e+00 -6.0198567905e+00 -3.2303444903e+00  1.5558014804e+00 -4.0200257249e+00 -2.3812504185e+00  1.9849427654e+00 -2.5163236902e+00 -3.1991214471e+00  8.2613460338e-01 -3.4722464184e-01 -2.5538172351e+00 -3.6642665937e-01 -3.1922580514e-01 -1.2469113036e+00  3.1379341678e+00 -3.1387630428e+00  9.2007983483e-01  2.2027652433e+00 -4.3654769046e+00  6.5024398834e-02  3.8545958382e-01 -6.0235641040e-01  1.1698155710e+00  2.0888336151e+00 -9.0703803660e-01  1.5419776122e+00  3.3236131081e+00 -7.3709388146e-01 -1.9984221623e+00  3.8119055584e+00 -9.6349943747e-01 -3.1853582710e-01 -4.1771829555e-01 -2.4806365283e+00 -2.4873875262e+00  7.2873183132e-01 -3.0261598542e+00  1.6003413590e+00  3.7291131605e+00 -3.1583171621e+00 -1.5091780450e+00  1.8509179504e+00  5.8637079073e-01 -4.7307369812e-01
ENERGY -8.623629255092e+02

JOB 9
COORDS -6.0488755847e+00 -3.9440619707e+00 -3.2284800296e+00 -5.3218795791e+00 -2.8067728253e+00 -2.7571142986e+00 -5.3256749852e+00 -5.0415176275e+00 -2.8408639364e+00 -4.2115285681e+00 -3.2962168273e+00 -2.1168266378e+00 -3.8786536595e-02 -2.7972249780e+00 -5.0360029067e-01 -3.1226918408e+00 -2.5738422385e+00 -1.4474854648e+00  1.7764847321e+00 -2.8630083683e+00 -2.2692630060e+00  6.6613743514e-01 -7.0426057266e-01 -1.5535809806e+00  2.3141026783e+00 -3.3263014758e+00  1.3490579967e-01  1.2828303921e+00 -1.1275971780e+00  8.2876661523e-01  3.0663408657e+00 -1.1700063655e+00 -9.3686658338e-01  4.5064079587e-01 -2.2157465229e+00 -1.8267909597e+00  1.0127939616e+00 -2.6309125744e+00  5.9610383558e-01  2.8298659220e+00 -2.6763864314e+00 -1.1626588685e+00  1.7546206552e+00 -4.9528859139e-01 -4.8864118819e-01 -1.2403050777e+00 -2.7449453686e+00 -4.1963181341e-02 -3.0877348580e+00 -1.3585556522e+00 -1.3516543376e+00 -4.2061198759e+00 -4.6691703132e+00 -2.1651635587e+00 -2.1674742339e+00 -3.4117600883e+00 -9.7664985891e-01 -6.9807304522e+00 -3.9510195074e+00 -3.7780807412e+00 -5.5702440753e+00 -1.7597913450e+00 -2.8636686445e+00 -5.4689080548e+00 -6.1061092996e+00 -2.9630602019e+00  1.6240093052e+00 -3.9278676741e+00 -2.4802743547e+00  2.1180670534e+00 -2.3941945416e+00 -3.2000803180e+00  9.6518092229e-01 -2.4316782675e-01 -2.5034132412e+00 -2.8094005066e-01 -2.5065238535e-01 -1.2465591547e+00  3.0626150535e+00 -3.2383505202e+00  9.3176236576e-01  2.1393260577e+00 -4.3978635306e+00 -2.3163601438e-02  3.6507258363e-01 -6.4669871452e-01  1.1835336682e+00  2.0447597368e+00 -1.0093954459e+00  1.6097118335e+00  3.4327476847e+00 -7.0777236188e-01 -1.8622976469e+00  3.8414435676e+00 -1.0197596460e+00 -1.7482729317e-01 -3.1369204162e-01 -2.3395812002e+00 -2.5992626432e+00  6.3396290688e-01 -3.0930246201e+00  1.5104098444e+00  3.7676355693e+00 -3.1575535455e+00 -1.4640663554e+00  1.9201409636e+00  5.7911881691e-01 -3.4617521813e-01
ENERGY -8.623482293924e+02

JOB 10
COORDS -6.2172909280e+00 -4.1054677267e+00 -3.0373684540e+00 -5.5237424351e+00 -2.9131000280e+00 -2.6611129177e+00 -5.3952510154e+00 -5.1454955986e+00 -2.6908120449e+00 -4.3321248697e+00 -3.3155111604e+00 -2.1129777770e+00 -3.7850451180e-02 -2.7167329388e+00 -7.0215068394e-01 -3.2347354683e+00 -2.5098992607e+00 -1.5635854067e+00  1.9494377934e+00 -2.7737547938e+00 -2.2982980791e+00  8.6942143430e-01 -6.0569706354e-01 -1.5686378132e+00  2.2402990103e+00 -3.3724307165e+00  1.1155067383e-01  1.2522741407e+00 -1.1618538628e+00  8.2826626109e-01  3.1845595504e+00 -1.2075535963e+00 -7.7347960675e-01  6.1775522066e-01 -2.0903112163e+00 -1.9403050490e+00  9.3598183173e-01 -2.6342308986e+00  4.8940080378e-01  2.9051398916e+00 -2.6887943808e+00 -1.0961386668e+00  1.8680962487e+00 -4.9315250179e-01 -4.0765642125e-01 -1.2530725986e+00 -2.5306135657e+00 -2.9582134114e-01 -3.2659611175e+00 -1.2933525133e+00 -1.4967276469e+00 -4.2454726633e+00 -4.6865865058e+00 -2.1283630453e+00 -2.1926114825e+00 -3.2766678790e+00 -1.1557957743e+00 -7.1920045296e+00 -4.1847135158e+00 -3.5001155784e+00 -5.8455798362e+00 -1.8865802379e+00 -2.7699318959e+00 -5.4817983986e+00 -6.2199123857e+00 -2.7742514800e+00  1.7732985702e+00 -3.8184215195e+00 -2.5791021432e+00  2.3907545933e+00 -2.2742182945e+00 -3.1693467369e+00  1.2688133261e+00 -1.1856590700e-01 -2.4674045871e+00 -8.0229893422e-02 -1.2237418668e-01 -1.3208434166e+00  2.9124576256e+00 -3.3622842478e+00  9.7834794533e-01  2.0318172882e+00 -4.4248770433e+00 -1.1846188598e-01  3.2830736479e-01 -6.5505120829e-01  1.1262589951e+00  1.9448589327e+00 -1.1203150544e+00  1.6786670080e+00  3.6528304565e+00 -7.1996968580e-01 -1.6380039957e+00  3.8930642236e+00 -1.1302125366e+00  6.0766308586e-02 -7.0614399250e-02 -2.1328431339e+00 -2.7910115868e+00  4.6165045023e-01 -3.1206310666e+00  1.3442657963e+00  3.8448909035e+00 -3.1996416034e+00 -1.3362867455e+00  2.0653620590e+00  5.6530992443e-01 -2.0036223144e-01
ENERGY -8.623288134827e+02

