JOB 0
COORDS  4.4156881814e+00  8.3675386182e-01 -2.2217556898e-01  5.3020575704e+00  5.4014097481e-01  2.0426863563e+00  2.0066851598e+00 -1.8148590386e+00 -2.7794687135e-01  2.5584440729e+00 -9.5972664237e-01  1.9355547431e+00  6.8105878352e-01 -1.4167815633e+00 -1.1424353068e-01  1.2200883102e+00 -5.8417513892e-01  2.1135116211e+00  2.9558206840e+00 -1.5347789247e+00  7.1927872762e-01  2.9916140283e-01 -8.1603117805e-01  1.0914981446e+00  5.3686621512e+00  1.3261783355e-01  6.3810765851e-01  3.6970071451e+00  1.3702448852e+00 -9.6351519146e-01  5.3058771140e+00  8.1980905776e-01  3.1709682924e+00  4.2706979485e+00 -2.0630751698e+00  5.1562310294e-01  5.3330042492e+00 -1.4381127265e+00  4.9150405175e-01 -1.6212537766e+00  3.6890721797e-01  1.1152291246e+00  2.3180211772e+00 -2.3222968003e+00 -1.1862036754e+00  3.2586999264e+00 -8.2300741844e-01  2.7508817759e+00 -4.0478414147e-02 -1.5946546611e+00 -9.0481633286e-01  9.1401222817e-01 -1.2612891908e-01  3.0481736010e+00  6.3842226288e+00  3.5934835224e-01  3.0015256407e-01
ENERGY -7.550069232711e+03

JOB 1
COORDS  3.7828804022e+00  1.2391338133e+00 -1.6489913857e-01  5.8437011482e+00 -4.4550642499e-02  1.7347925222e-01  1.1274121983e+00 -1.1760912999e+00  2.6116536861e-01  3.2191893097e+00 -1.4046884963e+00  1.4914633970e+00  4.2460190910e-01 -1.0528024570e+00  1.4583342222e+00  2.5106800634e+00 -1.3140993620e+00  2.6957440446e+00  2.5269522356e+00 -1.2959323278e+00  2.7416076571e-01  1.1260180748e+00 -1.1391636554e+00  2.6678043903e+00  4.7634696668e+00  3.1360264146e-01 -7.4548025374e-01  2.9867639048e+00  2.0142766939e+00  1.7604092618e-01  6.7039363192e+00 -3.7662401322e-01  8.8112597069e-01  3.1721669635e+00 -1.5422199585e+00 -9.7495444106e-01  4.1702461501e+00 -9.7125847381e-01 -1.4242446950e+00  1.3047180268e-01 -3.3574255652e-01  4.5223904912e+00  6.0054428390e-01 -1.1604738346e+00 -6.8837045479e-01  4.2870457044e+00 -1.5919439078e+00  1.5171532215e+00 -6.5209438504e-01 -9.1900068253e-01  1.4451925722e+00  3.0444396483e+00 -1.3894096995e+00  3.6373299689e+00  5.1957046338e+00  8.2883446018e-01 -1.6093053690e+00
ENERGY -7.550069320751e+03

JOB 2
COORDS  3.9156230494e+00  1.1835636475e+00  7.5020651878e-04  6.0166478956e+00 -6.2081300845e-02  2.3330469503e-02  1.0873267807e+00 -1.2267576335e+00  2.0804370536e-01  3.1605977951e+00 -1.3044873217e+00  1.4889034232e+00  3.5249326488e-01 -1.1091411898e+00  1.3866306822e+00  2.4221624460e+00 -1.2194504536e+00  2.6742369184e+00  2.4903288787e+00 -1.2733548198e+00  2.5391473277e-01  1.0298060600e+00 -1.1227134238e+00  2.6127838562e+00  4.8130574160e+00  2.7946609372e-01 -7.3522743039e-01  3.2012700496e+00  1.9777930755e+00  4.5918616914e-01  6.9562573077e+00 -3.8495094809e-01  6.2624611829e-01  3.1748979061e+00 -1.5425257993e+00 -9.6597683680e-01  4.2229930481e+00 -1.0235010689e+00 -1.3631942945e+00 -5.2522190734e-02 -3.3715848583e-01  4.4193635637e+00  5.8235547623e-01 -1.2741747479e+00 -7.5231004484e-01  4.2379334279e+00 -1.4321341375e+00  1.5402682777e+00 -7.2957548664e-01 -1.0381624966e+00  1.3487258320e+00  2.9376724084e+00 -1.2384177116e+00  3.6288977553e+00  5.0760599816e+00  8.3700075482e-01 -1.6410969637e+00
ENERGY -7.550067061377e+03

JOB 3
COORDS  4.0734354927e+00  1.1068928975e+00  2.4027152149e-01  6.1743524134e+00  4.1716096395e-02 -3.1652223072e-01  1.0831485588e+00 -1.2847058633e+00  2.0956070797e-01  3.1045689714e+00 -1.3100688095e+00  1.5709836007e+00  3.0101891734e-01 -1.1326867965e+00  1.3537343806e+00  2.3202088885e+00 -1.1839651803e+00  2.7222639943e+00  2.4827105997e+00 -1.3223280504e+00  3.1244984096e-01  9.3063920978e-01 -1.0987345198e+00  2.6039010971e+00  4.7923333497e+00  2.7947404878e-01 -7.4368235554e-01  3.5423208185e+00  1.8572553759e+00  9.5204650291e-01  7.2594412919e+00 -1.8286687605e-01  3.2382336235e-02  3.2163655032e+00 -1.6237418558e+00 -8.7229930439e-01  4.2453063852e+00 -1.0774567095e+00 -1.2787149482e+00 -2.2934176194e-01 -2.6707828160e-01  4.3386226422e+00  6.1711687718e-01 -1.3673273276e+00 -7.6800120621e-01  4.1823057391e+00 -1.4144925487e+00  1.6637114651e+00 -7.7904837228e-01 -1.0701445715e+00  1.2709522167e+00  2.7979933946e+00 -1.1573384712e+00  3.6960989718e+00  4.7785620139e+00  8.7131251974e-01 -1.6669099500e+00
ENERGY -7.550064052330e+03

JOB 4
COORDS  3.9807589750e+00  1.0808348087e+00  2.1471998706e-01  5.8429449282e+00  7.3311789622e-01 -1.2453024850e+00  1.7513937530e+00 -8.6343608965e-01  3.4683561830e-01  2.9395834735e+00 -2.0463733652e+00  2.1119574194e+00  6.8548727696e-01 -6.3536159278e-01  1.2237449329e+00  1.8934791526e+00 -1.7943192265e+00  2.9984631956e+00  2.8939357734e+00 -1.5385691840e+00  8.0340347016e-01  7.6679184091e-01 -1.1017347102e+00  2.5383607306e+00  4.4670505110e+00  3.0245394272e-01 -9.3366599367e-01  3.6508686270e+00  1.7528882376e+00  1.1039441274e+00  6.9231693467e+00  1.0762370571e+00 -1.4969333402e+00  3.9324979393e+00 -1.9487418588e+00 -8.2954096601e-02  4.5618876220e+00 -1.2490644257e+00 -8.8229972255e-01 -5.9875152095e-01 -1.8372538628e-01  4.0657735829e+00  1.6707291182e+00 -5.3589014436e-01 -6.8610352149e-01  3.8017474094e+00 -2.6263035469e+00  2.4279607924e+00 -1.9269840881e-01 -1.0114441577e-01  8.7626313436e-01  1.9466625339e+00 -2.1566435643e+00  4.0198281010e+00  3.8574599592e+00  5.1761089511e-01 -1.8186353350e+00
ENERGY -7.550063613550e+03

JOB 5
COORDS  4.2895865963e+00  9.1071223101e-01  5.1809660902e-01  5.7012981170e+00  8.1370994321e-01 -1.4183977399e+00  1.7333860125e+00 -9.4995517012e-01  2.6938171875e-01  2.9479184908e+00 -1.9534485759e+00  2.1252730649e+00  6.4918375595e-01 -6.9977969063e-01  1.1186287195e+00  1.8827415163e+00 -1.6767641219e+00  2.9816862144e+00  2.8962387058e+00 -1.5443425406e+00  7.8426143408e-01  7.3370349371e-01 -1.0662129273e+00  2.4637216135e+00  4.4553856023e+00  3.1194457036e-01 -8.1106382741e-01  4.2318575347e+00  1.3734475452e+00  1.5825792996e+00  6.6712312258e+00  1.2189780274e+00 -1.9111474571e+00  3.9437632498e+00 -1.9649279164e+00 -9.2414785105e-02  4.5801720987e+00 -1.2427822954e+00 -8.6666227250e-01 -6.8185872068e-01 -8.5577961160e-02  3.9097006526e+00  1.6493208496e+00 -7.1500158404e-01 -7.8810130641e-01  3.8305199655e+00 -2.4659176892e+00  2.4964674241e+00 -2.4825401170e-01 -2.3529901143e-01  7.2348627340e-01  1.9418659057e+00 -1.9575066443e+00  4.0281688878e+00  3.6409455166e+00  6.0086307713e-01 -1.4833561236e+00
ENERGY -7.550065555210e+03

JOB 6
COORDS  4.4503974798e+00  8.5656521347e-01  6.2708220007e-01  5.5875736079e+00  8.7423189512e-01 -1.5007581204e+00  1.7353745206e+00 -9.7699585242e-01  2.3624540900e-01  2.9269950808e+00 -1.9487160457e+00  2.1231942279e+00  6.4156679295e-01 -7.1107721387e-01  1.0691277583e+00  1.8516884731e+00 -1.6575886325e+00  2.9622532462e+00  2.8924124679e+00 -1.5602411054e+00  7.7547569278e-01  7.1045613218e-01 -1.0539305413e+00  2.4212455810e+00  4.4717120641e+00  3.0239985131e-01 -7.3107789430e-01  4.4582701679e+00  1.2752241663e+00  1.7110578361e+00  6.4539018929e+00  1.3348125843e+00 -2.1213834658e+00  3.9729798576e+00 -1.9808833053e+00 -6.4609986206e-02  4.6599950861e+00 -1.2484604441e+00 -7.8441030805e-01 -7.1851413169e-01 -4.4074365101e-02  3.8376949478e+00  1.6587894522e+00 -7.6008229016e-01 -8.2569034659e-01  3.8053383255e+00 -2.4550683264e+00  2.5123014610e+00 -2.5126711906e-01 -2.5374600961e-01  6.5564763187e-01  1.8987276563e+00 -1.9216409723e+00  4.0135957262e+00  3.5466972466e+00  5.6073261883e-01 -1.2538977432e+00
ENERGY -7.550067026066e+03

JOB 7
COORDS  4.7110992806e+00  7.8451108997e-01  7.3904978666e-01  5.4651816383e+00  9.1993969642e-01 -1.5598378836e+00  1.7143464571e+00 -1.0231440150e+00  1.8560664984e-01  2.9210803450e+00 -1.8933480406e+00  2.1113686308e+00  6.1237323602e-01 -7.4794455408e-01  1.0055641421e+00  1.8336589340e+00 -1.6000905358e+00  2.9353891446e+00  2.8807762673e+00 -1.5620931656e+00  7.4910638852e-01  6.8247983340e-01 -1.0411530071e+00  2.3692822716e+00  4.5092574820e+00  3.0239824840e-01 -6.3189891190e-01  4.8723607397e+00  1.1386599410e+00  1.8338282713e+00  6.2001610325e+00  1.4123961826e+00 -2.3116475681e+00  3.9759753404e+00 -1.9899071018e+00 -7.5351092237e-02  4.7099543387e+00 -1.2457307871e+00 -7.3353439909e-01 -7.7431953688e-01 -1.4418814479e-02  3.7463013514e+00  1.6355526396e+00 -8.5183799595e-01 -8.8507713791e-01  3.8095399080e+00 -2.3622339492e+00  2.5235963202e+00 -2.8732964881e-01 -3.2304567275e-01  5.7263884036e-01  1.8843088302e+00 -1.8226156786e+00  3.9961354710e+00  3.4989028786e+00  5.6674581203e-01 -9.5355925176e-01
ENERGY -7.550067311653e+03

JOB 8
COORDS  5.1856525501e+00  4.5504662265e-01  9.7130402998e-01  5.3806185674e+00  1.0441477130e+00 -1.3681188475e+00  1.4777602358e+00 -1.2971286430e+00  5.4664928678e-02  2.9589322287e+00 -1.5787998807e+00  1.9665326873e+00  4.1966878758e-01 -9.8841103355e-01  9.1582089532e-01  1.8995537431e+00 -1.2800942964e+00  2.8309581160e+00  2.7519454267e+00 -1.5519499218e+00  5.8151888629e-01  6.4078813401e-01 -9.9642528261e-01  2.2959644553e+00  4.6082852775e+00  2.9614758845e-01 -3.6553909708e-01  5.6506208010e+00  5.4315814611e-01  2.0324119001e+00  5.9600093893e+00  1.6450020030e+00 -2.1751184104e+00  3.7931088936e+00 -1.9669716779e+00 -3.2531790186e-01  4.6387086518e+00 -1.2049625483e+00 -8.0273308420e-01 -8.3462907892e-01  1.1165826006e-01  3.5995154049e+00  1.3126077534e+00 -1.3391497077e+00 -1.0186195982e+00  3.9335951040e+00 -1.8272038443e+00  2.3741256671e+00 -5.5878258778e-01 -7.5918076630e-01  5.0667726871e-01  2.0682203346e+00 -1.2773631891e+00  3.9028177150e+00  3.5784238187e+00  6.6981487691e-01 -3.8608037875e-01
ENERGY -7.550069140627e+03

JOB 9
COORDS  5.5696797448e+00  2.6572354197e-01  9.6201628942e-01  5.3608513620e+00  1.0737121183e+00 -1.3151212050e+00  1.3838194471e+00 -1.4212053179e+00  2.8547613629e-02  2.9804954835e+00 -1.3923256509e+00  1.8652898038e+00  3.4519649263e-01 -1.1243334728e+00  9.1365110573e-01  1.9389945100e+00 -1.1142974856e+00  2.7600321864e+00  2.7049389612e+00 -1.5069861145e+00  4.9470771825e-01  6.3592032522e-01 -9.8476498467e-01  2.2753193282e+00  4.7549101786e+00  2.5615751412e-01 -2.5505436008e-01  6.1995865937e+00  2.2218943001e-01  1.9375255180e+00  5.8026550576e+00  1.7278715670e+00 -2.1665812429e+00  3.7130714710e+00 -1.9053619626e+00 -4.4805959909e-01  4.6568791610e+00 -1.1967657437e+00 -8.1484621486e-01 -8.6250677186e-01  9.8599788498e-02  3.5626812487e+00  1.1761619230e+00 -1.5748024525e+00 -1.0266529255e+00  3.9873026337e+00 -1.5286030536e+00  2.2460607730e+00 -6.6983430544e-01 -1.0242532606e+00  5.4320735724e-01  2.1559748538e+00 -1.0099091986e+00  3.8180863455e+00  3.7582030879e+00  6.5850236047e-01 -3.6699563123e-02
ENERGY -7.550070475669e+03

JOB 10
COORDS  5.8183396727e+00  1.8060040862e-01  9.4778369741e-01  5.2740283839e+00  1.1098528086e+00 -1.2369800317e+00  1.3327893267e+00 -1.4532924514e+00 -3.0928838051e-03  2.9335275950e+00 -1.2694583638e+00  1.8230220593e+00  2.8391374211e-01 -1.1673835692e+00  8.7266551299e-01  1.8813969191e+00 -1.0001736028e+00  2.7074512639e+00  2.6584567592e+00 -1.4568115974e+00  4.5844975748e-01  5.7082309026e-01 -9.5353505290e-01  2.2257857473e+00  4.8381231593e+00  2.3644125552e-01 -1.4084778008e-01  6.5557373617e+00  7.7056556538e-02  1.8399289987e+00  5.5757001635e+00  1.8039765170e+00 -2.1175745454e+00  3.6755008656e+00 -1.8490814299e+00 -4.7153127960e-01  4.6870067559e+00 -1.1906241130e+00 -7.4422688986e-01 -9.7419374508e-01  1.0776717541e-01  3.4734940151e+00  1.1315945020e+00 -1.6634323504e+00 -1.0496475671e+00  3.9472169542e+00 -1.3477820179e+00  2.2049224272e+00 -7.3621708489e-01 -1.1340843375e+00  5.0442782534e-01  2.0938219433e+00 -8.3936339837e-01  3.7593004878e+00  3.8925678189e+00  6.1338912050e-01  2.6498665951e-01
ENERGY -7.550070918366e+03

JOB 11
COORDS  6.0137068735e+00  7.2394196188e-01  4.6924492973e-01  4.6098041216e+00  7.9809343128e-01 -1.5274953931e+00  1.8659702254e+00 -8.8529281162e-01  1.6232642178e-01  2.6481763999e+00 -1.9211953556e+00  2.2228886257e+00  6.6099422196e-01 -5.5235134193e-01  7.9337335699e-01  1.4540664518e+00 -1.5760477898e+00  2.8591937915e+00  2.8730411697e+00 -1.5376737826e+00  8.9249824638e-01  4.6571054935e-01 -9.0309369081e-01  2.1319200939e+00  4.7823480243e+00  2.5531699609e-01 -1.7548621316e-01  6.9727406464e+00  1.0782033262e+00  1.0200318903e+00  4.4081992505e+00  1.1871272282e+00 -2.6035413783e+00  4.0677790199e+00 -2.0074380452e+00  2.5517780279e-01  4.9095439136e+00 -1.2899394181e+00 -2.9916071954e-01 -1.1313463822e+00  1.8569568205e-01  3.2840891968e+00  2.0052571756e+00 -6.5149986895e-01 -8.9009049595e-01  3.4131177745e+00 -2.4783046715e+00  2.7562080237e+00 -1.1128165797e-01 -3.2614755361e-02  2.3583572138e-01  1.2966910543e+00 -1.8477420445e+00  3.8978716504e+00  3.9178293447e+00  5.6719383354e-01  4.1914814384e-01
ENERGY -7.550069798272e+03

JOB 12
COORDS  6.1423951945e+00  7.6874903237e-01  3.2437626274e-01  4.4126218802e+00  7.5436540183e-01 -1.3904373019e+00  1.9186037636e+00 -8.5439270800e-01  1.5552056464e-01  2.5908577133e+00 -1.9519333523e+00  2.2226830689e+00  6.9279033358e-01 -5.1539282602e-01  7.4213464713e-01  1.3774093766e+00 -1.6003913438e+00  2.8166520494e+00  2.8827120646e+00 -1.5395814064e+00  9.1308496957e-01  4.3472214343e-01 -8.9221242692e-01  2.0624392624e+00  4.8315088227e+00  2.4712206629e-01 -8.0342343275e-02  7.1693140230e+00  1.1711395451e+00  6.8739196133e-01  4.0244791776e+00  1.1038686551e+00 -2.4285054239e+00  4.1040649226e+00 -2.0136055424e+00  3.3266517605e-01  4.9791837585e+00 -1.2998377710e+00 -1.7305819547e-01 -1.1923242571e+00  2.0014728188e-01  3.1714418304e+00  2.1029132080e+00 -5.9914259015e-01 -8.8389012818e-01  3.3219713647e+00 -2.5367223735e+00  2.7735032300e+00 -4.6775781307e-02  2.7809881818e-02  1.6302198548e-01  1.1695012307e+00 -1.8940479533e+00  3.8403332648e+00  4.0815866759e+00  5.4482058372e-01  6.6118172284e-01
ENERGY -7.550070917733e+03

JOB 13
COORDS  6.2329172024e+00  7.4025557463e-01  2.7416630937e-01  4.2667334310e+00  8.0662374038e-01 -1.1440918893e+00  1.8688442311e+00 -9.2420917810e-01  8.0085043216e-02  2.5917867094e+00 -1.8853015501e+00  2.1968485110e+00  6.4564153615e-01 -5.7105678759e-01  6.6451830664e-01  1.3813363479e+00 -1.5169323262e+00  2.7879996853e+00  2.8542226231e+00 -1.5471207324e+00  8.6020608337e-01  4.1482613001e-01 -8.7172298250e-01  2.0084500541e+00  4.8738680019e+00  2.2594289158e-01  5.5636810387e-02  7.3012217577e+00  1.1430656443e+00  4.8528639724e-01  3.7605214401e+00  1.2211876429e+00 -2.1043917172e+00  4.0768195388e+00 -2.0340084424e+00  2.8386786882e-01  5.0039624340e+00 -1.3195458402e+00 -1.1284371222e-01 -1.2114616715e+00  2.6352137461e-01  3.0776115766e+00  2.0339657013e+00 -7.2312186990e-01 -9.7330199437e-01  3.3401138704e+00 -2.4238650629e+00  2.7714437907e+00 -1.1025435120e-01 -7.5299151409e-02  6.4302258748e-02  1.1961011120e+00 -1.7497569008e+00  3.8315352627e+00  4.2658965064e+00  4.7227739121e-01  9.3464213612e-01
ENERGY -7.550070477310e+03

JOB 14
COORDS  6.2942757455e+00  6.8433694091e-01  2.6949972310e-01  4.1223640079e+00  8.9116035548e-01 -7.7806936573e-01  1.7502749472e+00 -1.0873991089e+00 -3.2324211950e-02  2.6472668476e+00 -1.7599279359e+00  2.1286746953e+00  5.4343546322e-01 -7.2967940113e-01  5.7943575845e-01  1.4461783762e+00 -1.3940124095e+00  2.7450366639e+00  2.8087665267e+00 -1.5677940856e+00  7.4915803239e-01  4.0338296388e-01 -8.9486087477e-01  1.9593877918e+00  4.9136680545e+00  1.8091277390e-01  2.2950692237e-01  7.3836012850e+00  1.0803781487e+00  3.3649162863e-01  3.4905564451e+00  1.4214663526e+00 -1.5963020525e+00  4.0187726818e+00 -2.0500541609e+00  1.3128633802e-01  5.0003785830e+00 -1.3425152522e+00 -1.1255384016e-01 -1.2254243315e+00  2.7366682002e-01  3.0012311867e+00  1.8591806706e+00 -9.8854312426e-01 -1.1075549282e+00  3.4524785780e+00 -2.1913090272e+00  2.7173227297e+00 -2.6666524233e-01 -3.3472473776e-01 -2.4803593306e-02  1.3326827038e+00 -1.5123719953e+00  3.8176198730e+00  4.4770935889e+00  3.1525001564e-01  1.2255134680e+00
ENERGY -7.550069140857e+03

JOB 15
COORDS  6.4734672768e+00  5.2203251976e-01  2.4056766105e-01  4.1380538702e+00  1.0225690993e+00 -1.6842801011e-01  1.5484135894e+00 -1.3360362604e+00 -1.6975525003e-01  2.7115624818e+00 -1.4171582878e+00  1.9662156929e+00  3.5994786315e-01 -1.0028635166e+00  4.8138958169e-01  1.5155560167e+00 -1.1047887148e+00  2.6253035023e+00  2.7320931849e+00 -1.4956556288e+00  5.6549526021e-01  3.5344675092e-01 -9.0371033226e-01  1.8771790181e+00  5.0869744207e+00  7.7306532142e-02  4.3051162137e-01  7.5749523153e+00  8.6749659506e-01  1.1682729580e-01  3.3744271076e+00  1.7492054214e+00 -6.5714551172e-01  3.8985748015e+00 -1.9511561129e+00 -1.3729019823e-01  4.9707432359e+00 -1.3427615118e+00 -2.1537778844e-01 -1.3437669979e+00  2.1792743793e-01  2.8437015407e+00  1.5666817007e+00 -1.4555007435e+00 -1.2488975670e+00  3.6003038536e+00 -1.6340999372e+00  2.5535637978e+00 -5.4501728920e-01 -8.4219435072e-01 -9.5227530525e-02  1.5002448917e+00 -1.0353494578e+00  3.7080661527e+00  4.8908759560e+00  1.3258992545e-02  1.5036213315e+00
ENERGY -7.550067311652e+03

JOB 16
COORDS  6.4782123532e+00  5.2211812632e-01  9.8899406492e-02  4.1137167547e+00  1.0005273894e+00  1.1522089871e-01  1.5308971450e+00 -1.3804601818e+00 -1.9830999040e-01  2.6901547926e+00 -1.3532104079e+00  1.9406308382e+00  3.3564876130e-01 -1.0414089207e+00  4.3534667791e-01  1.4865806436e+00 -1.0427232179e+00  2.5855438353e+00  2.7173299265e+00 -1.4825062554e+00  5.4354767644e-01  3.2379216221e-01 -8.9084121702e-01  1.8270031673e+00  5.1496135218e+00  3.6543764285e-02  5.0273580610e-01  7.5322802186e+00  9.0670173709e-01 -1.9920521049e-01  3.2950152651e+00  1.7529041518e+00 -2.2239986960e-01  3.8903562973e+00 -1.9405334191e+00 -1.3799759275e-01  4.9877497219e+00 -1.3732131159e+00 -1.5305880642e-01 -1.3937082116e+00  2.3553592331e-01  2.7484334706e+00  1.5552216985e+00 -1.5440999969e+00 -1.2715429799e+00  3.5821619864e+00 -1.5249089210e+00  2.5368919227e+00 -5.7164988522e-01 -9.2210565627e-01 -1.4766048917e-01  1.4656999183e+00 -9.3536867771e-01  3.6650610540e+00  5.1621804739e+00 -8.2456992007e-02  1.5897065299e+00
ENERGY -7.550067025573e+03

JOB 17
COORDS  6.4465956721e+00  5.3555780425e-01 -4.9476425161e-02  4.1222019996e+00  9.8359508488e-01  3.3266375048e-01  1.5409878827e+00 -1.3844080625e+00 -2.0970784671e-01  2.6732781463e+00 -1.3268951043e+00  1.9447323715e+00  3.3388893432e-01 -1.0583246201e+00  4.0769710817e-01  1.4574066064e+00 -1.0313416261e+00  2.5721388064e+00  2.7184072250e+00 -1.4670869121e+00  5.4868963363e-01  3.0142606687e-01 -9.0176665389e-01  1.7990477289e+00  5.2068722997e+00  2.1920600031e-02  5.6104502424e-01  7.4308055306e+00  9.4263765752e-01 -5.1144801865e-01  3.2903241375e+00  1.7552172175e+00  8.1363793545e-02  3.9056614147e+00 -1.9358172371e+00 -9.4588354272e-02  5.0183923963e+00 -1.4011455435e+00 -4.8591926369e-02 -1.4441209567e+00  1.9597531419e-01  2.6961986422e+00  1.5799666698e+00 -1.5537280715e+00 -1.2817193671e+00  3.5629435507e+00 -1.4811015556e+00  2.5490879064e+00 -5.6812051400e-01 -9.5517129497e-01 -1.8657797603e-01  1.4216919072e+00 -9.1742736030e-01  3.6505739283e+00  5.4118664774e+00 -1.0052473286e-01  1.6296102537e+00
ENERGY -7.550065555786e+03

JOB 18
COORDS  6.3683345005e+00  5.2947122013e-01 -2.7823016313e-01  4.2630915018e+00  9.7573533825e-01  7.6556857839e-01  1.5292033060e+00 -1.4707516639e+00 -2.3693889628e-01  2.6295365124e+00 -1.2079162558e+00  1.9196250697e+00  3.0137029885e-01 -1.1464526302e+00  3.3843381849e-01  1.3945716023e+00 -9.1292623124e-01  2.5069442527e+00  2.6993800426e+00 -1.4522104250e+00  5.3930857252e-01  2.4513632151e-01 -8.8546197136e-01  1.7130196835e+00  5.3195718829e+00 -3.1902586803e-02  5.9405222514e-01  7.1985970563e+00  9.7261558048e-01 -9.5809848753e-01  3.4827369254e+00  1.8290620274e+00  8.8418398308e-01  3.8921530462e+00 -1.9251787045e+00 -8.2181014326e-02  5.0201003897e+00 -1.4256876338e+00 -2.7904204115e-02 -1.5535643666e+00  2.0075736568e-01  2.5041044199e+00  1.5928153207e+00 -1.7292410983e+00 -1.2898759616e+00  3.5163136044e+00 -1.2694527159e+00  2.5446259782e+00 -5.9671315161e-01 -1.1275177107e+00 -2.7014740424e-01  1.3398315003e+00 -7.1073862252e-01  3.5715745358e+00  5.7903164726e+00 -2.5000462639e-01  1.5594008954e+00
ENERGY -7.550063615545e+03

JOB 19
COORDS  5.6222691410e+00  2.7366074082e-01 -1.1834299079e+00  4.2906812884e+00  1.0249918795e+00  6.9303467002e-01  2.2090472424e+00 -9.4709699979e-01  1.1185544077e-01  2.3226700793e+00 -1.7789429450e+00  2.4005748422e+00  8.6932124166e-01 -5.9878441566e-01  3.1260311887e-01  9.9522858926e-01 -1.4086183781e+00  2.6117780551e+00  2.9428171675e+00 -1.5031628153e+00  1.1716883456e+00  2.7712820725e-01 -8.3374123524e-01  1.5560990483e+00  5.3197749553e+00  7.4893332781e-02  2.3720148745e-01  5.8409162590e+00  3.9928487298e-01 -2.3174511039e+00  3.5702568754e+00  1.8496729474e+00  1.0837387661e+00  4.2503755750e+00 -2.0334700675e+00  9.6768229112e-01  5.2229758048e+00 -1.4629487072e+00  4.6687042248e-01 -1.6039071664e+00  2.8665092938e-01  2.0583869502e+00  2.6614005529e+00 -8.0038504271e-01 -8.6530232938e-01  2.8871485393e+00 -2.2748647462e+00  3.1848455380e+00  3.0290317444e-01 -1.5366470370e-01 -4.9883012252e-01  5.2504358455e-01 -1.5913053232e+00  3.5724421369e+00  6.2014654463e+00  3.0642089962e-01  8.4694558433e-01
ENERGY -7.550064053135e+03

JOB 20
COORDS  5.2384643005e+00  2.5852577178e-01 -1.2358774250e+00  4.4278630339e+00  9.8468996279e-01  9.5106864093e-01  2.3087647704e+00 -9.5645186463e-01  1.0444243181e-01  2.3375014501e+00 -1.7253957927e+00  2.4181944186e+00  9.5582034492e-01 -6.2647839977e-01  2.3916479736e-01  9.9839339585e-01 -1.3670515365e+00  2.5639815872e+00  3.0064689785e+00 -1.4751155707e+00  1.2088073780e+00  3.1529160838e-01 -8.3382228491e-01  1.4633072504e+00  5.3251748118e+00  8.1472379784e-02  2.1390507674e-01  5.1507433965e+00  3.4830616653e-01 -2.3912426083e+00  3.8352492530e+00  1.7300669063e+00  1.6177657226e+00  4.3247463023e+00 -1.9972353594e+00  1.0718412682e+00  5.2941856425e+00 -1.4457785750e+00  5.4094097881e-01 -1.5968973351e+00  2.8094799905e-01  1.8535290930e+00  2.7909952639e+00 -8.4357691917e-01 -8.6213899852e-01  2.8744238389e+00 -2.1915231027e+00  3.2391480428e+00  4.1602736088e-01 -2.2158423581e-01 -6.1065046150e-01  4.9125894200e-01 -1.5287715614e+00  3.5095088988e+00  6.3269681551e+00  3.4271316979e-01  5.7273518434e-01
ENERGY -7.550067061686e+03

JOB 21
COORDS  5.0460953844e+00  2.7991106136e-01 -1.1386734680e+00  4.5105209322e+00  9.5203470526e-01  1.1573558666e+00  2.3213113591e+00 -1.0352393678e+00  1.0200975176e-02  2.3026160133e+00 -1.6458257046e+00  2.3699047202e+00  9.6928228264e-01 -6.8264276210e-01  9.9929423408e-02  9.6564613982e-01 -1.2645683148e+00  2.4683835111e+00  2.9954059539e+00 -1.4802331873e+00  1.1593113020e+00  3.0667250334e-01 -7.9973331166e-01  1.3230538985e+00  5.3203904074e+00  9.2532651708e-02  2.8584558549e-01  4.8407579253e+00  3.7596703096e-01 -2.2787092600e+00  3.9641345265e+00  1.6269866301e+00  1.9298811897e+00  4.3214078593e+00 -2.0035674870e+00  1.0884192551e+00  5.3248617605e+00 -1.4363030607e+00  6.4709527465e-01 -1.5966590688e+00  3.7307125624e-01  1.6049554719e+00  2.8184418054e+00 -9.9165036560e-01 -9.5266883047e-01  2.8215626981e+00 -2.0540236738e+00  3.2321784755e+00  4.4876389194e-01 -3.3049399391e-01 -7.8448063103e-01  4.4351363649e-01 -1.3545480642e+00  3.4152763287e+00  6.3645453307e+00  3.5831781888e-01  4.7946406798e-01
ENERGY -7.550069321149e+03

JOB 22
COORDS  4.9107916420e+00  3.0630547242e-01 -1.0499705813e+00  4.6044125985e+00  9.5218481404e-01  1.2932980734e+00  2.3075545218e+00 -1.1102445793e+00 -4.5935907804e-02  2.3377700127e+00 -1.6183403723e+00  2.3353660360e+00  9.6012089511e-01 -7.3967500660e-01  5.9844343276e-02  1.0054558582e+00 -1.2249745119e+00  2.4485224776e+00  3.0058712659e+00 -1.5057853031e+00  1.1046000352e+00  3.2506026037e-01 -8.0106539483e-01  1.3005248840e+00  5.3299962337e+00  1.1113813145e-01  3.3920269594e-01  4.6295956213e+00  4.1480277323e-01 -2.1726430112e+00  4.0802048432e+00  1.6043466769e+00  2.0998841115e+00  4.3403022315e+00 -2.0218447234e+00  1.0525629469e+00  5.3632086619e+00 -1.4191150439e+00  7.2063096733e-01 -1.5621818587e+00  4.0424942309e-01  1.5795113388e+00  2.7809563063e+00 -1.1080943936e+00 -1.0204267009e+00  2.8737627308e+00 -1.9917991795e+00  3.2028779049e+00  4.2377100006e-01 -4.1871999869e-01 -8.2694059367e-01  5.0604900365e-01 -1.2707348075e+00  3.4106858345e+00  6.3927385306e+00  3.6811747217e-01  3.7815052533e-01
ENERGY -7.550069230984e+03

JOB 23
COORDS  4.5794681744e+00  5.7031267177e-01 -6.9407891833e-01  4.8921874825e+00  7.5484044687e-01  1.7353614832e+00  2.1734904092e+00 -1.4829917191e+00 -2.1840698072e-01  2.4848709866e+00 -1.2965713143e+00  2.1894490393e+00  8.4052469083e-01 -1.0843645976e+00 -7.8702839730e-02  1.1523939525e+00 -8.9769986396e-01  2.3330256719e+00  2.9966085534e+00 -1.5616590553e+00  9.1250606459e-01  3.4307987293e-01 -8.1022198026e-01  1.1976491649e+00  5.3136679352e+00  1.1445690524e-01  4.8785359784e-01  4.0669406547e+00  8.9509251649e-01 -1.6851979950e+00  4.6388581931e+00  1.2349305756e+00  2.7628916837e+00  4.3245715473e+00 -2.1066756311e+00  7.8257071023e-01  5.3554811896e+00 -1.4599971947e+00  6.0124415623e-01 -1.5383790284e+00  4.5059648907e-01  1.3431327478e+00  2.5657434988e+00 -1.7271819557e+00 -1.2005836081e+00  3.1174229476e+00 -1.3971640096e+00  3.0657549474e+00  2.1203498389e-01 -9.9678399851e-01 -9.5872285050e-01  7.6529935609e-01 -6.6597984071e-01  3.3197207019e+00  6.3690297533e+00  3.5749177560e-01  3.3383143290e-01
ENERGY -7.550068008520e+03

