JOB 0
COORDS  7.1886375216e+00 -2.1142421775e+00 -7.1600067003e-01  6.6817788206e+00 -1.0789351183e+00 -1.5085013307e+00  6.2963667747e+00 -2.9892947557e+00 -9.0914565221e-02  5.3049968997e+00 -9.1218743189e-01 -1.6587530046e+00  4.9142481046e+00 -2.8431808205e+00 -2.4079533683e-01  4.4121669948e+00 -1.7879970503e+00 -1.0188646238e+00  1.9416454096e+00 -1.4981050149e+00  1.3092225515e+00  3.0265177718e+00 -1.5752457533e+00 -1.2175068829e+00  1.9272670435e+00 -3.6589494802e+00 -2.0331456157e-01  5.5999285391e-01 -1.6348378011e+00 -9.6376262946e-01  1.7470009211e+00 -2.2150315767e+00 -3.3636617111e-01  8.2606382034e+00 -2.2419612822e+00 -5.9703730516e-01  7.3582991098e+00 -3.9317645921e-01 -2.0117105489e+00  6.6742301177e+00 -3.8111212244e+00  5.1170777634e-01  4.9192740150e+00 -1.0018773214e-01 -2.2718130347e+00  4.2401759222e+00 -3.5654211157e+00  2.0497860480e-01  1.1718259126e+00 -1.9433627475e+00  1.9419115515e+00  1.8059100834e+00 -4.1899843986e-01  1.2324310975e+00  2.9351027859e+00 -1.7481163140e+00  1.6845211236e+00  2.7404711642e+00 -7.9088715430e-01 -1.7944334056e+00
ENERGY -8.755567996791e+02

JOB 1
COORDS  7.1437259089e+00 -2.0790734830e+00 -6.5691652747e-01  6.6207822782e+00 -1.0125237470e+00 -1.3951201974e+00  6.2700764601e+00 -3.0397958522e+00 -1.3920055604e-01  5.2442262058e+00 -8.9873907855e-01 -1.5949467427e+00  4.8908838463e+00 -2.9514071290e+00 -3.4664309092e-01  4.3713855632e+00 -1.8630658078e+00 -1.0657254418e+00  2.0588270713e+00 -1.4086686249e+00  1.2643836992e+00  2.9831648463e+00 -1.7240394955e+00 -1.3277849563e+00  1.8971490364e+00 -3.6773299349e+00 -7.4637081856e-02  5.3127868435e-01 -1.6792618443e+00 -9.0281842625e-01  1.7422870363e+00 -2.2431665288e+00 -3.0691677706e-01  8.2146344295e+00 -2.1644699736e+00 -4.9662150192e-01  7.2834822193e+00 -2.5980116383e-01 -1.8138015014e+00  6.6630893485e+00 -3.8844745587e+00  4.2054886193e-01  4.8443136572e+00 -6.0736036481e-02 -2.1624537891e+00  4.2294528912e+00 -3.7295700291e+00  1.6971775578e-02  1.3133320464e+00 -1.7771451509e+00  1.9711334504e+00  1.9511346331e+00 -3.3412026232e-01  1.1128473333e+00  3.0639054708e+00 -1.6655062547e+00  1.6016580794e+00  2.6982779435e+00 -9.0162282775e-01 -1.8518764708e+00
ENERGY -8.755577622903e+02

JOB 2
COORDS  7.0953501194e+00 -2.0659440566e+00 -6.0983853209e-01  6.5428884015e+00 -9.5359868621e-01 -1.2523490825e+00  6.2594359999e+00 -3.1177413379e+00 -2.2042253791e-01  5.1673741752e+00 -8.8623546145e-01 -1.4837892049e+00  4.8854973528e+00 -3.0754625020e+00 -4.6992890224e-01  4.3333974035e+00 -1.9451725178e+00 -1.0929660114e+00  2.1424389636e+00 -1.2754955478e+00  1.2105054411e+00  2.9421637837e+00 -1.8680574888e+00 -1.3848008481e+00  1.9123259436e+00 -3.6682965799e+00  1.1839211019e-01  5.0608544577e-01 -1.7580009906e+00 -8.3910955225e-01  1.7457355474e+00 -2.2643549093e+00 -2.4996144991e-01  8.1641425760e+00 -2.1153830195e+00 -4.2200726776e-01  7.1790975850e+00 -1.3038176213e-01 -1.5663570773e+00  6.6800201232e+00 -3.9933745771e+00  2.6699437183e-01  4.7393214226e+00 -1.2042052065e-02 -1.9705997047e+00  4.2452878383e+00 -3.9068802265e+00 -1.9729856547e-01  1.4217105058e+00 -1.5536306062e+00  1.9812960002e+00  2.0444286967e+00 -2.2025103104e-01  9.5290797428e-01  3.1567862541e+00 -1.5160926939e+00  1.5311926100e+00  2.6533091665e+00 -1.0532259113e+00 -1.9203987725e+00
ENERGY -8.755584854831e+02

JOB 3
COORDS  7.0651452578e+00 -2.0650808744e+00 -5.6349128577e-01  6.4730681450e+00 -9.1296973966e-01 -1.0901781102e+00  6.2763875828e+00 -3.1956716831e+00 -3.2196831907e-01  5.1014876120e+00 -8.8528647288e-01 -1.3556175041e+00  4.9100369309e+00 -3.1897168951e+00 -6.1131717823e-01  4.3183229887e+00 -2.0255198325e+00 -1.1234614461e+00  2.2163989581e+00 -1.1240050636e+00  1.1221582157e+00  2.9238646166e+00 -2.0039355747e+00 -1.4268037566e+00  1.9809840288e+00 -3.6260315156e+00  3.1463228336e-01  5.0368590929e-01 -1.8497474203e+00 -7.8820384072e-01  1.7749588156e+00 -2.2746541896e+00 -2.0117546566e-01  8.1298983827e+00 -2.0833439858e+00 -3.4829683325e-01  7.0747060267e+00 -2.9055461766e-02 -1.2842955696e+00  6.7297074394e+00 -4.0981180309e+00  7.9366694705e-02  4.6388959312e+00  1.8656710101e-02 -1.7472451390e+00  4.2972359965e+00 -4.0683197439e+00 -4.4261749564e-01  1.5321774570e+00 -1.3229298618e+00  1.9487167218e+00  2.0910958174e+00 -1.0443375167e-01  7.5556342584e-01  3.2464458093e+00 -1.3165497913e+00  1.4241061708e+00  2.6233035193e+00 -1.2165730621e+00 -1.9976081239e+00
ENERGY -8.755586387837e+02

JOB 4
COORDS  7.0462948258e+00 -2.0776295326e+00 -5.4274892597e-01  6.4058798319e+00 -8.9431331503e-01 -9.2505237577e-01  6.3152366597e+00 -3.2684881709e+00 -4.6256076897e-01  5.0381123285e+00 -8.9956945527e-01 -1.2117190429e+00  4.9539401207e+00 -3.2876624676e+00 -7.7434772256e-01  4.3146616450e+00 -2.0995129515e+00 -1.1518188796e+00  2.2414961610e+00 -9.5511612273e-01  1.0060095198e+00  2.9138588332e+00 -2.1260879312e+00 -1.4448633911e+00  2.0906942940e+00 -3.5434482410e+00  5.1432956266e-01  5.0601200682e-01 -1.9687948410e+00 -7.4072321221e-01  1.8113439029e+00 -2.2746082247e+00 -1.5393561722e-01  8.1077240193e+00 -2.0718871108e+00 -3.1056119295e-01  6.9658593903e+00  3.4887096365e-02 -9.8801967512e-01  6.8086087295e+00 -4.1904453555e+00 -1.6701135367e-01  4.5340049831e+00  2.3646719245e-02 -1.4910155241e+00  4.3756883854e+00 -4.2038067008e+00 -7.2147732888e-01  1.5744830121e+00 -1.0677307470e+00  1.8624640399e+00  2.0806098930e+00  8.0798112240e-03  5.2003303661e-01  3.2803606480e+00 -1.0807638958e+00  1.3121469486e+00  2.5972297214e+00 -1.3804656316e+00 -2.0625344532e+00
ENERGY -8.755579196485e+02

JOB 5
COORDS  7.1642072358e+00 -2.2322258088e+00 -5.7091678977e-01  6.4975806215e+00 -1.0092999181e+00 -4.4303866523e-01  6.4516559421e+00 -3.3780502508e+00 -9.4146911476e-01  5.1251421354e+00 -9.2883182548e-01 -6.9293361970e-01  5.0756244615e+00 -3.3062806391e+00 -1.1693840732e+00  4.4125587443e+00 -2.0780943959e+00 -1.0536302678e+00  1.8382164313e+00 -5.3742828860e-01  7.2671367819e-01  2.9994882076e+00 -1.9671444652e+00 -1.2886475864e+00  2.5687735925e+00 -3.0542095857e+00  1.0656743367e+00  6.6193816850e-01 -2.5580490428e+00 -5.5822184641e-01  1.9480018331e+00 -2.2007055911e+00  4.9619760848e-02  8.2330655209e+00 -2.2922697506e+00 -3.8470207023e-01  7.0480403473e+00 -1.1460658016e-01 -1.6475807844e-01  6.9641152958e+00 -4.3315486209e+00 -1.0361448893e+00  4.6056056645e+00  2.3607484573e-02 -6.3753753111e-01  4.5109759706e+00 -4.2009556281e+00 -1.4184142895e+00  1.1437794439e+00 -5.9538858384e-01  1.5668685983e+00  1.4616818516e+00  1.2719249451e-01 -5.0169644930e-02  2.8267066174e+00 -2.3695832429e-01  1.0742920948e+00  2.6510184075e+00 -2.5779442333e+00 -2.0278898881e+00
ENERGY -8.755564285974e+02

JOB 6
COORDS  7.2278210280e+00 -2.3130653472e+00 -6.6808518979e-01  6.5530205837e+00 -1.1553954235e+00 -2.6562534800e-01  6.5066162489e+00 -3.3796852265e+00 -1.2135679138e+00  5.1686985918e+00 -1.0578495561e+00 -4.1681964458e-01  5.1176821759e+00 -3.2980408773e+00 -1.3400477943e+00  4.4463313482e+00 -2.1330883454e+00 -9.4788965232e-01  1.5818063600e+00 -3.9975226531e-01  5.5516703801e-01  3.0284037548e+00 -2.0220566860e+00 -1.1129036452e+00  2.7746009381e+00 -2.5923003384e+00  1.4306683112e+00  8.1467685418e-01 -2.8237704712e+00 -2.0224964655e-01  2.0140029040e+00 -2.1243753486e+00  2.7217306751e-01  8.3065546614e+00 -2.3823450259e+00 -5.5882644907e-01  7.1072339948e+00 -3.1975506337e-01  1.5322039213e-01  7.0219664565e+00 -4.2840045729e+00 -1.5257254591e+00  4.6504598411e+00 -1.4531246038e-01 -1.3739509253e-01  4.5527853412e+00 -4.1398233390e+00 -1.7339581978e+00  8.8098523618e-01 -3.9015729284e-01  1.3920509758e+00  1.1176968174e+00 -8.3528581260e-03 -3.4962374484e-01  2.4865582386e+00  1.5102871312e-01  8.1159138823e-01  2.6452666865e+00 -2.6800132285e+00 -1.7907230403e+00
ENERGY -8.755560960138e+02

JOB 7
COORDS  7.2640824640e+00 -2.3278875703e+00 -7.2533967753e-01  6.5816816669e+00 -1.2671703819e+00 -1.1942373590e-01  6.5395598847e+00 -3.3164214971e+00 -1.3973260683e+00  5.1908351815e+00 -1.1830884914e+00 -1.9317499976e-01  5.1450243946e+00 -3.2533215186e+00 -1.4526332447e+00  4.4664249970e+00 -2.1813865809e+00 -8.5765951891e-01  1.4715033175e+00 -3.2166122708e-01  3.7682633639e-01  3.0472095035e+00 -2.0917559320e+00 -9.8261277526e-01  2.8318358555e+00 -2.2229779030e+00  1.6166043803e+00  8.9616357915e-01 -2.8897058356e+00  7.3607467368e-02  2.0378999078e+00 -2.0307414802e+00  4.0436498974e-01  8.3477177492e+00 -2.3833706019e+00 -6.7249597505e-01  7.1351451188e+00 -4.9380157836e-01  4.0636605527e-01  7.0564465878e+00 -4.1484295667e+00 -1.8679459408e+00  4.6732622973e+00 -3.4920634090e-01  2.7010075896e-01  4.5826504953e+00 -4.0374251789e+00 -1.9551443243e+00  7.8791794370e-01 -2.0534582665e-01  1.2198765403e+00  9.5956441884e-01 -1.4474852486e-01 -5.6880646234e-01  2.3335577249e+00  3.3599229710e-01  4.8876943737e-01  2.6496022388e+00 -2.7954075724e+00 -1.6026436026e+00
ENERGY -8.755562268078e+02

JOB 8
COORDS  7.2677258875e+00 -2.2088933941e+00 -9.4950716464e-01  6.1765877310e+00 -2.9005672379e+00 -1.4852408652e+00  7.0450812916e+00 -1.2297899010e+00  2.3029948227e-02  4.8771134232e+00 -2.6327098384e+00 -1.0509928958e+00  5.7474467220e+00 -9.4071868642e-01  4.4999831297e-01  4.6572530047e+00 -1.6471054405e+00 -7.8634968298e-02  1.1595774710e+00 -2.8235262728e+00 -2.7434067472e-01  3.3577465975e+00 -1.3790729802e+00  4.3845268673e-01  2.3307840463e+00 -1.1457017689e+00 -1.9489339466e+00  1.1604634776e+00 -2.0305149733e-01  1.2618015710e-01  1.9641650565e+00 -1.2341302399e+00 -5.3664096877e-01  8.2763682202e+00 -2.4271686401e+00 -1.2884722479e+00  6.3344284594e+00 -3.6597419716e+00 -2.2466543668e+00  7.8806422920e+00 -6.7793409586e-01  4.4526821134e-01  4.0448632627e+00 -3.1745424841e+00 -1.4863592369e+00  5.5797834560e+00 -1.6645064867e-01  1.1958019808e+00  2.4696905110e-01 -2.8149605945e+00 -8.7321304431e-01  9.3069547261e-01 -2.9206420781e+00  7.8666200475e-01  1.8292143909e+00 -3.6169345757e+00 -6.0724861465e-01  3.3276880979e+00 -6.3597320317e-01  1.1332684027e+00
ENERGY -8.755562672936e+02

JOB 9
COORDS  7.2786229428e+00 -2.2859830941e+00 -9.0325158399e-01  6.1769359650e+00 -2.8648520618e+00 -1.5394027730e+00  7.0616596424e+00 -1.3421769437e+00  1.0544194133e-01  4.8723425766e+00 -2.5211379488e+00 -1.1765108373e+00  5.7639381770e+00 -9.8322688391e-01  4.7185473408e-01  4.6606703047e+00 -1.5747179410e+00 -1.6329441713e-01  1.2766880554e+00 -2.8791376761e+00 -2.3178731118e-01  3.3637937738e+00 -1.2246065043e+00  3.0272934397e-01  2.2374532314e+00 -1.2218336109e+00 -2.0527889856e+00  1.0865067189e+00 -2.4027576538e-01  1.0658922216e-02  1.9381229122e+00 -1.2503373425e+00 -6.2185449574e-01  8.2888688138e+00 -2.5608258219e+00 -1.1924251376e+00  6.3279099841e+00 -3.5915621263e+00 -2.3332520905e+00  7.9043610052e+00 -8.7569169415e-01  6.0873616215e-01  4.0376481211e+00 -2.9631469233e+00 -1.7074914819e+00  5.6050302004e+00 -2.4596415421e-01  1.2561707007e+00  3.6794074027e-01 -2.9999548858e+00 -8.2418187339e-01  1.0572566261e+00 -2.9118357090e+00  8.3515489509e-01  2.0154567530e+00 -3.6334082449e+00 -5.0521397517e-01  3.3282486126e+00 -4.2479698692e-01  9.3026659193e-01
ENERGY -8.755562225961e+02

JOB 10
COORDS  7.2534793059e+00 -2.3506143822e+00 -8.5902931530e-01  6.1536662511e+00 -2.8257457508e+00 -1.5775677068e+00  7.0426495786e+00 -1.4391016399e+00  1.8094441090e-01  4.8546758272e+00 -2.4103850983e+00 -1.2703062639e+00  5.7522754817e+00 -1.0175498265e+00  5.0103547916e-01  4.6491073177e+00 -1.5026318489e+00 -2.2064508668e-01  1.3862982142e+00 -2.9073420964e+00 -1.3856378974e-01  3.3606245158e+00 -1.0773303490e+00  1.9697484320e-01  2.1194204285e+00 -1.2805272813e+00 -2.0854526461e+00  1.0167802903e+00 -2.7318536263e-01 -1.2174151401e-02  1.9023354909e+00 -1.2560634259e+00 -6.3934186282e-01  8.2584249832e+00 -2.6782602526e+00 -1.1088356203e+00  6.3010172148e+00 -3.5225982809e+00 -2.3984841630e+00  7.8844662042e+00 -1.0522399237e+00  7.4912858405e-01  4.0254693066e+00 -2.7580075266e+00 -1.8746031504e+00  5.5966073914e+00 -3.1516394397e-01  1.3172446212e+00  4.6638181845e-01 -3.1288537985e+00 -6.8258426048e-01  1.2145941879e+00 -2.8995707908e+00  9.3755061114e-01  2.1700183919e+00 -3.6164808746e+00 -4.0841303452e-01  3.3212916621e+00 -2.5070124851e-01  7.8694596274e-01
ENERGY -8.755561978876e+02

JOB 11
COORDS  7.2223695179e+00 -2.4025077643e+00 -8.2010784413e-01  6.1405601737e+00 -2.7848172939e+00 -1.6169483123e+00  7.0045422740e+00 -1.5210242745e+00  2.4434772420e-01  4.8521841272e+00 -2.3033246843e+00 -1.3657569219e+00  5.7236013186e+00 -1.0406518521e+00  5.1525860197e-01  4.6389255962e+00 -1.4287737311e+00 -2.8907468622e-01  1.4838600768e+00 -2.8979014407e+00 -6.1790690232e-02  3.3588312021e+00 -9.3400719981e-01  6.2067907575e-02  2.0286955307e+00 -1.3454644069e+00 -2.1236125559e+00  9.7019058577e-01 -2.8162110734e-01 -5.5607198294e-02  1.8791021162e+00 -1.2489756307e+00 -6.7202732897e-01  8.2199559852e+00 -2.7782554894e+00 -1.0281304382e+00  6.2950231892e+00 -3.4560260590e+00 -2.4577522253e+00  7.8333608614e+00 -1.2076011520e+00  8.7364266519e-01  4.0382341268e+00 -2.5701112111e+00 -2.0292590815e+00  5.5602011431e+00 -3.6762746292e-01  1.3543285621e+00  5.5477102066e-01 -3.2012606975e+00 -5.4754125358e-01  1.3612261464e+00 -2.8422108268e+00  1.0197743497e+00  2.2952972376e+00 -3.5743673665e+00 -3.3439277079e-01  3.3039341054e+00 -1.3558243068e-01  6.8648892316e-01
ENERGY -8.755562750109e+02

JOB 12
COORDS  7.1496638898e+00 -2.4507937431e+00 -7.8218033571e-01  6.0860224547e+00 -2.7624219440e+00 -1.6330696079e+00  6.9299357270e+00 -1.5769672912e+00  2.8792842072e-01  4.8138133077e+00 -2.2194613337e+00 -1.4309533525e+00  5.6637027399e+00 -1.0359328770e+00  5.1084377602e-01  4.5983593045e+00 -1.3506751113e+00 -3.4940590926e-01  1.5835759266e+00 -2.9017250882e+00  2.1701451319e-02  3.3331034290e+00 -7.8372102512e-01 -6.3319848138e-02  1.9092738615e+00 -1.3846143722e+00 -2.1112310582e+00  8.9583188774e-01 -3.2857012224e-01 -1.3077367454e-02  1.8325644608e+00 -1.2480532854e+00 -6.5839651418e-01  8.1348339363e+00 -2.8749920075e+00 -9.5290330053e-01  6.2434808913e+00 -3.4282270146e+00 -2.4776101648e+00  7.7443327624e+00 -1.3181795381e+00  9.5946618228e-01  4.0149769432e+00 -2.4310468889e+00 -2.1322796192e+00  5.4988582313e+00 -3.6601189335e-01  1.3522669810e+00  6.4962710979e-01 -3.2797830478e+00 -3.9778762719e-01  1.5181137298e+00 -2.8206632991e+00  1.1070023646e+00  2.4203392137e+00 -3.5334911476e+00 -2.7999762468e-01  3.2546290314e+00 -1.6196120608e-01  7.3478519052e-01
ENERGY -8.755567952111e+02

JOB 13
COORDS  7.0934469741e+00 -2.4932501014e+00 -7.4628482465e-01  6.0741408152e+00 -2.7155277961e+00 -1.6765969239e+00  6.8454465110e+00 -1.6612852956e+00  3.5039312540e-01  4.8181857500e+00 -2.1202243732e+00 -1.5296036067e+00  5.5907904540e+00 -1.0748378308e+00  5.2131293942e-01  4.5720247582e+00 -1.2962231052e+00 -4.1988199755e-01  1.7037928785e+00 -2.8989309209e+00  9.4418765192e-02  3.3165767587e+00 -6.7055941621e-01 -2.0418268738e-01  1.8522360750e+00 -1.4972090417e+00 -2.1368432319e+00  8.5008811465e-01 -3.7943223307e-01 -6.5415248325e-02  1.8199922924e+00 -1.2767408644e+00 -6.9283465314e-01  8.0677668077e+00 -2.9554630519e+00 -8.7601331223e-01  6.2564754327e+00 -3.3492431080e+00 -2.5405829547e+00  7.6257826473e+00 -1.4737313623e+00  1.0832098128e+00  4.0512974676e+00 -2.2640568861e+00 -2.2821606089e+00  5.4002870806e+00 -4.4020476615e-01  1.3845303453e+00  7.7380869044e-01 -3.3515053592e+00 -2.5395042336e-01  1.6847304125e+00 -2.7576184977e+00  1.1755496167e+00  2.5599173274e+00 -3.5003508399e+00 -2.1434548783e-01  3.2255367071e+00 -1.0595263516e-01  6.3526598334e-01
ENERGY -8.755576934635e+02

JOB 14
COORDS  7.0416797069e+00 -2.5240371739e+00 -7.3481535408e-01  6.0843129769e+00 -2.6377351062e+00 -1.7481285023e+00  6.7445851275e+00 -1.7717728651e+00  4.0593781148e-01  4.8430949377e+00 -2.0056785285e+00 -1.6394764879e+00  5.4984395078e+00 -1.1561098391e+00  5.3993769836e-01  4.5450266669e+00 -1.2657976556e+00 -4.8435122570e-01  1.8047329251e+00 -2.8795437616e+00  2.2425722567e-01  3.2955746198e+00 -6.0212408312e-01 -3.3056023242e-01  1.8139653294e+00 -1.6739188779e+00 -2.1245049676e+00  8.1295396129e-01 -4.2930059443e-01 -1.2660915175e-01  1.8110932985e+00 -1.3288837677e+00 -7.0484839551e-01  8.0079559181e+00 -3.0101784952e+00 -8.3480265536e-01  6.3076419399e+00 -3.2104580000e+00 -2.6444173380e+00  7.4780368450e+00 -1.6714609703e+00  1.2015587927e+00  4.1161709952e+00 -2.0693490525e+00 -2.4412677942e+00  5.2656831117e+00 -5.8656926703e-01  1.4376436815e+00  8.8404059224e-01 -3.4007409455e+00 -4.3310154098e-02  1.8210009981e+00 -2.6464241029e+00  1.2895582592e+00  2.6754668511e+00 -3.4669972755e+00 -6.9656670750e-02  3.2019885646e+00 -3.2212297827e-02  5.0632595395e-01
ENERGY -8.755584332593e+02

JOB 15
COORDS  7.0022477369e+00 -2.5547039398e+00 -7.3557939901e-01  6.1287892541e+00 -2.5398382475e+00 -1.8289871586e+00  6.6356103086e+00 -1.9060188628e+00  4.4762427344e-01  4.9021247588e+00 -1.8762579235e+00 -1.7547331125e+00  5.3981748359e+00 -1.2642581418e+00  5.4377174883e-01  4.5307237696e+00 -1.2447524967e+00 -5.5827480569e-01  1.8939951933e+00 -2.8165908402e+00  3.7300310167e-01  3.2860854370e+00 -5.5275397412e-01 -4.6762073091e-01  1.8201529993e+00 -1.8795113982e+00 -2.0937519803e+00  7.9211063906e-01 -4.6336512149e-01 -2.2536776646e-01  1.8204546609e+00 -1.3787184995e+00 -7.2116193206e-01  7.9606029246e+00 -3.0614305090e+00 -8.0684689906e-01  6.4100659959e+00 -3.0329520563e+00 -2.7556688221e+00  7.3065426451e+00 -1.9073457290e+00  1.3024962087e+00  4.2297117911e+00 -1.8446446357e+00 -2.6048837261e+00  5.1066379084e+00 -7.7548901861e-01  1.4714671707e+00  9.9305241529e-01 -3.4013508641e+00  1.7992466813e-01  1.9132419909e+00 -2.4688198186e+00  1.4065862089e+00  2.7850613876e+00 -3.3962612049e+00  1.2951402554e-01  3.1922129572e+00  5.2042735171e-02  3.4565999642e-01
ENERGY -8.755586584380e+02

JOB 16
COORDS  6.9906038086e+00 -2.5633623374e+00 -7.5768747824e-01  6.2170140032e+00 -2.4076055461e+00 -1.9139431292e+00  6.5298997345e+00 -2.0566397032e+00  4.6169004181e-01  4.9914314640e+00 -1.7402956579e+00 -1.8615586971e+00  5.2912948906e+00 -1.4122481400e+00  5.2648213475e-01  4.5210542850e+00 -1.2542679476e+00 -6.3448900739e-01  1.9313367883e+00 -2.7214972640e+00  5.5615275499e-01  3.2735199401e+00 -5.5373391317e-01 -5.9468396925e-01  1.8594667537e+00 -2.1356101351e+00 -2.0153912063e+00  7.6994851539e-01 -5.0919485498e-01 -3.6171777707e-01  1.8304186807e+00 -1.4495009666e+00 -7.2579607858e-01  7.9498480795e+00 -3.0711468797e+00 -8.0791048979e-01  6.5763349933e+00 -2.7917379454e+00 -2.8648118694e+00  7.1275155337e+00 -2.1685320416e+00  1.3624249985e+00  4.3864104015e+00 -1.6001659770e+00 -2.7508770815e+00  4.9245058656e+00 -1.0275134936e+00  1.4761715478e+00  1.0407092033e+00 -3.3428805813e+00  4.4720423694e-01  1.9420230153e+00 -2.2366074315e+00  1.5331675496e+00  2.8319805243e+00 -3.3138253571e+00  3.9242917916e-01  3.1834170836e+00  1.0352180486e-01  1.7833010742e-01
ENERGY -8.755579630402e+02

JOB 17
COORDS  7.1085603436e+00 -2.4411562892e+00 -9.2168786693e-01  6.4721103631e+00 -1.8583408030e+00 -2.0231200358e+00  6.4827506465e+00 -2.4320010915e+00  3.2918461953e-01  5.2076325591e+00 -1.2827398467e+00 -1.8799672050e+00  5.2278813601e+00 -1.8364722236e+00  4.8111951503e-01  4.5849316609e+00 -1.2702100820e+00 -6.2561870267e-01  1.6951685663e+00 -2.3467132663e+00  9.9262486723e-01  3.2969232952e+00 -6.6172561262e-01 -4.3649391705e-01  2.1906406661e+00 -2.7608541524e+00 -1.5700594316e+00  8.2407379045e-01 -7.0410841281e-01 -9.2160274641e-01  1.9097330035e+00 -1.6530105158e+00 -6.5347334091e-01  8.0885231530e+00 -2.8961822280e+00 -1.0372875202e+00  6.9535424261e+00 -1.8651310462e+00 -2.9972426827e+00  6.9786176276e+00 -2.8716973685e+00  1.1904171597e+00  4.6936271009e+00 -8.6132095032e-01 -2.7399258448e+00  4.7525552472e+00 -1.7836619693e+00  1.4565393866e+00  7.9717204186e-01 -2.9656774452e+00  9.4858178050e-01  1.5739024368e+00 -1.5264309623e+00  1.6993424638e+00  2.5651343600e+00 -2.9600469484e+00  1.2277417215e+00  3.1412692845e+00  1.6595681593e-01 -1.0125634751e+00
ENERGY -8.755564420476e+02

JOB 18
COORDS  7.1834144649e+00 -2.3665860773e+00 -9.9695118604e-01  6.5883415084e+00 -1.6251542920e+00 -2.0225390769e+00  6.4786542339e+00 -2.5969466073e+00  1.8945727161e-01  5.2899983025e+00 -1.1320213480e+00 -1.8717185854e+00  5.1918682250e+00 -2.0815450857e+00  3.5585361010e-01  4.5909017936e+00 -1.3545805889e+00 -6.7864922705e-01  1.5193605907e+00 -2.1398591493e+00  1.1405366876e+00  3.2760355052e+00 -8.1765279778e-01 -4.9473861081e-01  2.3151988770e+00 -3.1614850846e+00 -1.1655605503e+00  8.6195628959e-01 -1.0529097688e+00 -1.1897516115e+00  1.9221386433e+00 -1.8735937840e+00 -5.9378433550e-01  8.1887706439e+00 -2.7596989328e+00 -1.1200480582e+00  7.1275666243e+00 -1.4439405296e+00 -2.9483986542e+00  6.9373956321e+00 -3.1655040222e+00  9.9393899911e-01  4.8143613963e+00 -5.8335577806e-01 -2.6813550695e+00  4.6599613767e+00 -2.2274151605e+00  1.2913969841e+00  6.1855447009e-01 -2.7562048966e+00  1.1569533166e+00  1.3402454058e+00 -1.1705995889e+00  1.6049096528e+00  2.3470861091e+00 -2.6657276336e+00  1.6159454892e+00  3.0658202244e+00 -3.4097105980e-02 -1.1120981108e+00
ENERGY -8.755561011344e+02

JOB 19
COORDS  7.2370528543e+00 -2.3076990988e+00 -1.0169558587e+00  6.6803855267e+00 -1.4452751932e+00 -1.9656990819e+00  6.4628076626e+00 -2.7270058026e+00  7.0619348254e-02  5.3572076215e+00 -1.0156748053e+00 -1.8367895222e+00  5.1494380660e+00 -2.2803701386e+00  2.2048888363e-01  4.5907169047e+00 -1.4244116387e+00 -7.3746645068e-01  1.4318561703e+00 -1.9275628932e+00  1.1890342499e+00  3.2607128182e+00 -9.2876989307e-01 -5.8002183448e-01  2.3608552471e+00 -3.3681213507e+00 -8.2700542675e-01  8.8385179069e-01 -1.3351828172e+00 -1.3343047363e+00  1.9217402600e+00 -2.0032484858e+00 -5.4209874357e-01  8.2621499233e+00 -2.6511172727e+00 -1.1238191895e+00  7.2691554435e+00 -1.1166868762e+00 -2.8179103487e+00  6.8861476995e+00 -3.3979019046e+00  8.1328215805e-01  4.9179910216e+00 -3.6589315347e-01 -2.5907043092e+00  4.5620694710e+00 -2.5991269334e+00  1.0758057013e+00  5.4900444961e-01 -2.5612808996e+00  1.2916284111e+00  1.2003640779e+00 -8.9165011453e-01  1.4357455731e+00  2.2491491233e+00 -2.3072667991e+00  1.8021878633e+00  3.0229975871e+00 -1.9083371015e-01 -1.2409101437e+00
ENERGY -8.755562038572e+02

JOB 20
COORDS  7.2320772007e+00 -2.2853239970e+00 -9.9580258999e-01  6.6964123308e+00 -1.3603418280e+00 -1.8965184753e+00  6.4118598953e+00 -2.8203050758e+00  2.9256261052e-03  5.3555479067e+00 -9.8095182350e-01 -1.8053502623e+00  5.0759588113e+00 -2.4316979455e+00  1.1587591999e-01  4.5410248216e+00 -1.5082584277e+00 -7.9300457331e-01  1.4983410002e+00 -1.8270039424e+00  1.2985956517e+00  3.2003343031e+00 -1.0397650587e+00 -6.8027196842e-01  2.2647959693e+00 -3.4765288138e+00 -6.2102295890e-01  7.8550705511e-01 -1.4751736795e+00 -1.2305280110e+00  1.8649819200e+00 -2.0814820237e+00 -4.4584817789e-01  8.2724834531e+00 -2.5880003572e+00 -1.0726538577e+00  7.3175311007e+00 -9.3939651723e-01 -2.6826338292e+00  6.8139101543e+00 -3.5446116248e+00  7.0627086953e-01  4.9403326998e+00 -2.7334487526e-01 -2.5199895352e+00  4.4558560239e+00 -2.8622500576e+00  8.9447308153e-01  6.4597673609e-01 -2.4661592651e+00  1.5361890543e+00  1.2529768664e+00 -7.7572415282e-01  1.4475551387e+00  2.3696928197e+00 -2.1153587109e+00  1.8869979166e+00  2.9353951695e+00 -3.6256540725e-01 -1.3927668038e+00
ENERGY -8.755562771181e+02

JOB 21
COORDS  7.2387053243e+00 -2.2372074173e+00 -9.2957549395e-01  6.7189701457e+00 -1.2728614371e+00 -1.7984204653e+00  6.3797066723e+00 -2.8756603727e+00 -3.0441117981e-02  5.3608728812e+00 -9.5273516980e-01 -1.7698118983e+00  5.0207620385e+00 -2.5558865952e+00  1.5494561829e-02  4.5037340011e+00 -1.5883069582e+00 -8.5815300905e-01  1.6059999042e+00 -1.7735949779e+00  1.3386438758e+00  3.1452841576e+00 -1.1687801808e+00 -8.1920960464e-01  2.1764935246e+00 -3.5737344519e+00 -5.1199773286e-01  7.0160718571e-01 -1.5822501109e+00 -1.1506203725e+00  1.8245794135e+00 -2.1585121713e+00 -4.0693952138e-01  8.2944532921e+00 -2.4910083904e+00 -9.5685556208e-01  7.3690833089e+00 -7.6949526721e-01 -2.5090670426e+00  6.7655871229e+00 -3.6350363284e+00  6.4449886410e-01  4.9643715484e+00 -2.0485385198e-01 -2.4534738560e+00  4.3725683756e+00 -3.0850227568e+00  7.0407941056e-01  7.8911705229e-01 -2.4013603880e+00  1.6992389731e+00  1.3563864551e+00 -7.1642908712e-01  1.4261562539e+00  2.5301409503e+00 -2.0051886495e+00  1.8691886258e+00  2.8611181304e+00 -5.5602289395e-01 -1.5800071015e+00
ENERGY -8.755562300211e+02

JOB 22
COORDS  7.2523234748e+00 -2.1940991330e+00 -8.5724626456e-01  6.7392525614e+00 -1.1924315875e+00 -1.6879361447e+00  6.3735007727e+00 -2.9258167299e+00 -5.4677444773e-02  5.3707693426e+00 -9.2358418318e-01 -1.7089635766e+00  4.9996521730e+00 -2.6681175534e+00 -6.5703954490e-02  4.4918958677e+00 -1.6572352431e+00 -8.9526136867e-01  1.7552249213e+00 -1.6878271893e+00  1.3907536993e+00  3.1204678278e+00 -1.2895110743e+00 -9.1990296381e-01  2.1010804106e+00 -3.6256426875e+00 -3.7040388365e-01  6.5719606052e-01 -1.6238550156e+00 -1.0333020184e+00  1.8132043462e+00 -2.1921724265e+00 -3.3716131577e-01  8.3177303959e+00 -2.4046973556e+00 -8.4202342580e-01  7.4042920114e+00 -6.1518692583e-01 -2.3248489972e+00  6.7536343090e+00 -3.7176171002e+00  5.8544230014e-01  4.9811588200e+00 -1.3787359002e-01 -2.3529132040e+00  4.3368135541e+00 -3.2813819671e+00  5.3275208543e-01  9.6065670099e-01 -2.2690036494e+00  1.8621193903e+00  1.5368250127e+00 -6.2083084435e-01  1.4276635476e+00  2.7175635245e+00 -1.9100769147e+00  1.8537068362e+00  2.8185075897e+00 -7.2042267321e-01 -1.7061946443e+00
ENERGY -8.755561974053e+02

JOB 23
COORDS  7.2413948909e+00 -2.1501495461e+00 -7.9576871515e-01  6.7319808699e+00 -1.1207027391e+00 -1.5946240411e+00  6.3516663312e+00 -2.9676193371e+00 -9.4662022149e-02  5.3567237288e+00 -9.0500426459e-01 -1.6790663358e+00  4.9697645153e+00 -2.7713905444e+00 -1.7690180790e-01  4.4665155461e+00 -1.7280065613e+00 -9.6895785405e-01  1.8479871748e+00 -1.6023958646e+00  1.3418868753e+00  3.0845781212e+00 -1.4321757175e+00 -1.0714833267e+00  2.0253697391e+00 -3.6672838221e+00 -2.9050956458e-01  6.1630780567e-01 -1.6652643954e+00 -1.0215638516e+00  1.7889128786e+00 -2.2251618399e+00 -3.4797568258e-01  8.3126526493e+00 -2.3160490183e+00 -7.2838152381e-01  7.4060841689e+00 -4.7657128823e-01 -2.1530751577e+00  6.7296932368e+00 -3.7827594639e+00  5.1684448380e-01  4.9695150959e+00 -9.3334604936e-02 -2.2913834978e+00  4.2978813827e+00 -3.4525145786e+00  3.3158381550e-01  1.0638495909e+00 -2.1199129815e+00  1.8973343432e+00  1.6673515648e+00 -5.2788146976e-01  1.3167007733e+00  2.8279999626e+00 -1.8297286232e+00  1.7639910185e+00  2.7758540969e+00 -8.3928021709e-01 -1.8355972645e+00
ENERGY -8.755562576247e+02

