JOB 0
COORDS  6.1135485985e+00  3.2294778122e-01  1.2658020264e+00  5.7257922533e+00  1.1029386685e+00  2.0375769725e-01  4.0436389588e+00 -1.7069595102e-01  8.8734729336e-01  1.8392822222e+00 -1.4133212707e+00 -1.1772436853e+00  2.6540700636e+00 -2.0687882183e+00  1.8825883922e+00  2.1039740970e+00 -7.9466110724e-01  2.4642774605e+00  2.6996034457e+00 -7.9514477493e-01  1.0602101197e+00  6.8599851735e-01 -1.2312159136e+00 -2.1522416851e+00  3.6110897471e+00  1.3781724842e+00 -1.1134409070e+00  5.0638825294e+00 -4.6348163266e-01  1.6824507932e+00  4.3925116101e+00  7.9273365141e-01 -3.1261567998e-02  1.7463603327e+00 -6.8800912464e-01 -1.4051639521e-02  2.7893383122e+00 -2.1498676418e+00 -1.4205915021e+00  7.0819523562e+00  2.7849705642e-01  1.7471456980e+00  6.2523091026e+00  1.8246882163e+00 -4.0467530879e-01  3.6083555033e+00 -2.4247384774e+00  2.2513383112e+00  1.9545828050e+00 -2.8235439057e+00  1.5402428466e+00  1.0251087383e+00 -6.8648892085e-01  2.5491654923e+00  2.6891152151e+00 -2.9126474139e-01  3.2264288722e+00 -5.4918358595e-02 -4.9361760947e-01 -1.8300467695e+00  1.8866740157e-01 -2.1960528260e+00 -2.2858336401e+00  1.0881006920e+00 -9.3441625897e-01 -3.1243172940e+00  3.4166582137e+00  6.4354667751e-01 -1.8982981216e+00  4.1842909881e+00  2.2028740968e+00 -1.5404707254e+00  2.6636673734e+00  1.7746326230e+00 -7.4354150601e-01  9.4780044946e-01 -8.2504876625e-02  1.1782598095e-01
ENERGY -5.903505913600e+02

JOB 1
COORDS  6.1764286360e+00  9.4138158302e-02  1.0351273846e+00  5.7278126840e+00  1.0283205276e+00  1.3202585350e-01  4.0551148525e+00 -2.5112650580e-01  8.2788295981e-01  1.9163826428e+00 -1.5266814477e+00 -1.1891696705e+00  2.5745185735e+00 -1.9720371260e+00  1.9915040208e+00  2.0590463682e+00 -6.2467227452e-01  2.4277735348e+00  2.6858335801e+00 -7.9635757409e-01  1.0475455653e+00  8.2591185527e-01 -1.3650888861e+00 -2.2382120006e+00  3.4813961489e+00  1.5927310151e+00 -8.4581793056e-01  5.1312682896e+00 -6.9452001861e-01  1.4605851863e+00  4.3629628086e+00  8.1194832437e-01  9.3143532761e-03  1.7647327010e+00 -7.5550653875e-01 -6.0822041751e-02  2.8630984995e+00 -2.2894321781e+00 -1.3442335107e+00  7.1857309641e+00 -5.9268874822e-02  1.3946427483e+00  6.2316036627e+00  1.7992250906e+00 -4.3421141021e-01  3.5059542311e+00 -2.3277170374e+00  2.4148205976e+00  1.8510387015e+00 -2.7301686501e+00  1.7126583080e+00  9.8306756229e-01 -4.7294820270e-01  2.4744941453e+00  2.6401816451e+00 -6.5533600881e-02  3.1536816386e+00  8.2087496752e-02 -6.0140461652e-01 -1.9919129126e+00  3.1777280453e-01 -2.3254530441e+00 -2.3625408864e+00  1.2918270708e+00 -1.1164357849e+00 -3.1952211677e+00  3.1677274494e+00  1.0202291213e+00 -1.7226719736e+00  4.0198514187e+00  2.4814116170e+00 -1.1799957991e+00  2.5959023844e+00  1.9178341304e+00 -2.9428173247e-01  9.7875909074e-01 -1.2258302036e-01 -6.9131460312e-03
ENERGY -5.903503304928e+02

JOB 2
COORDS  6.2088076291e+00 -1.2425297381e-01  8.6727893875e-01  5.7372111114e+00  9.4877795180e-01  1.4625143834e-01  4.0612657198e+00 -3.2938577489e-01  8.3905426138e-01  1.9136850078e+00 -1.7170831166e+00 -1.1005252977e+00  2.5079884281e+00 -1.9066434903e+00  2.1045856340e+00  2.0222344643e+00 -5.1535104025e-01  2.4261244231e+00  2.6736780162e+00 -8.1281579183e-01  1.0792196711e+00  8.9309642937e-01 -1.5565967427e+00 -2.2184355454e+00  3.4286302213e+00  1.7421033047e+00 -4.9120515342e-01  5.1611994965e+00 -9.1132251361e-01  1.2908123266e+00  4.3578379370e+00  8.1905599514e-01  1.3938037272e-01  1.7818190559e+00 -8.3059400129e-01 -5.5317136737e-02  2.7869445046e+00 -2.5749624988e+00 -1.1337851322e+00  7.2361538315e+00 -3.7630194254e-01  1.0965610788e+00  6.2335666271e+00  1.7672899084e+00 -3.5645887751e-01  3.4195942068e+00 -2.2597974085e+00  2.5711077035e+00  1.7683932458e+00 -2.6635937305e+00  1.8694411427e+00  9.5015644959e-01 -3.3355623937e-01  2.4342915815e+00  2.5988343771e+00  8.2525828975e-02  3.1247536860e+00  1.6583812708e-01 -7.5729782479e-01 -2.0463156648e+00  3.5872371050e-01 -2.5023428223e+00 -2.3408259614e+00  1.4253627687e+00 -1.3589239139e+00 -3.1529231702e+00  3.0407393890e+00  1.3383029290e+00 -1.4312641651e+00  3.9455423774e+00  2.6815486521e+00 -6.9560925088e-01  2.5912949115e+00  1.9534483655e+00  1.7939406727e-01  1.0560250605e+00 -1.2909838951e-01 -1.0564170229e-01
ENERGY -5.903499367033e+02

JOB 3
COORDS  6.2534704055e+00 -1.7859209153e-01  6.7863755482e-01  5.7786808515e+00  1.0052723049e+00  1.5880839560e-01  4.1040692150e+00 -3.0001891976e-01  8.0674904229e-01  1.9027536921e+00 -1.8808349186e+00 -1.0276376825e+00  2.5005769629e+00 -1.7884395274e+00  2.1200543438e+00  2.0209511039e+00 -3.7666723043e-01  2.3482697033e+00  2.7075046098e+00 -7.5944668984e-01  1.0402774453e+00  9.7058137108e-01 -1.7353699696e+00 -2.2226685934e+00  3.4559149994e+00  1.9380006308e+00 -1.8926096092e-01  5.2068576810e+00 -9.8184107124e-01  1.0732720354e+00  4.4002604465e+00  9.2678026420e-01  2.5268938823e-01  1.8535901701e+00 -8.4315034640e-01 -1.2105170768e-01  2.6355638430e+00 -2.8511910139e+00 -8.8949200432e-01  7.2828000702e+00 -4.9566084531e-01  7.8642593585e-01  6.2736831265e+00  1.8730725374e+00 -2.5488760473e-01  3.3949154717e+00 -2.1266492242e+00  2.6293367051e+00  1.7613843688e+00 -2.5524267520e+00  1.9102404771e+00  9.5126189717e-01 -1.8697891244e-01  2.3111704381e+00  2.5801500256e+00  2.5614437630e-01  3.0306789521e+00  3.0201132531e-01 -8.7103086707e-01 -2.1636638432e+00  3.7175191588e-01 -2.6450402406e+00 -2.3111224869e+00  1.5768003797e+00 -1.6522048782e+00 -3.1293682672e+00  3.0733551643e+00  1.7160906101e+00 -1.1914640436e+00  3.9500005886e+00  2.9114198391e+00 -2.0843680948e-01  2.6177551273e+00  1.9945236227e+00  5.1012598861e-01  1.2403906948e+00 -6.4376999285e-02 -3.1999523657e-01
ENERGY -5.903491367727e+02

JOB 4
COORDS  6.0837730498e+00 -2.3659197548e-01  5.3321422031e-01  5.6540064465e+00  1.0366832927e+00  2.2885970906e-01  3.9440045373e+00 -2.5995463100e-01  8.0156756384e-01  1.6975445773e+00 -1.9439684188e+00 -9.7184715743e-01  2.2606084481e+00 -1.6557769350e+00  2.1277679981e+00  1.8088735037e+00 -2.2474107056e-01  2.2758527422e+00  2.5319743655e+00 -6.8257094581e-01  1.0121926254e+00  9.0904717447e-01 -1.7921716274e+00 -2.2656823296e+00  3.3766541939e+00  2.1216262306e+00  1.3741114958e-01  5.0156287255e+00 -1.0331131715e+00  8.7972225571e-01  4.2831505863e+00  1.0197002684e+00  4.1007902255e-01  1.7252809962e+00 -8.1399904471e-01 -1.7864115423e-01  2.2547444491e+00 -2.9905248046e+00 -6.7019949118e-01  7.0961542081e+00 -6.1975866037e-01  5.2380744534e-01  6.1780122428e+00  1.9307946758e+00 -8.0024437046e-02  3.1271090206e+00 -1.9930839971e+00  2.6840234057e+00  1.5125763333e+00 -2.4130423207e+00  1.9281102535e+00  7.4682797864e-01 -1.2811341854e-02  2.1875600407e+00  2.3566596295e+00  4.2391404648e-01  2.9532056989e+00  2.6541708462e-01 -9.0735906519e-01 -2.2905744365e+00  2.9897953438e-01 -2.6860106228e+00 -2.4108565044e+00  1.6157828165e+00 -1.7342615533e+00 -3.0995163016e+00  3.0565147003e+00  2.1240968913e+00 -9.1108886867e-01  3.8742520579e+00  3.0698153740e+00  3.5321780544e-01  2.4975668878e+00  2.0416349305e+00  7.7977737801e-01  1.2806277431e+00  2.0582318438e-02 -5.3845581436e-01
ENERGY -5.903478871390e+02

JOB 5
COORDS  6.0365748765e+00 -2.6355360738e-01  2.3587222643e-01  5.6533271819e+00  1.0579315132e+00  1.6334162185e-01  3.9287571320e+00 -2.3771893699e-01  6.9770208571e-01  1.6235103942e+00 -2.0764814159e+00 -9.1071324628e-01  2.2453440195e+00 -1.5622567280e+00  2.1113659621e+00  1.7904927580e+00 -1.2782415290e-01  2.1780600390e+00  2.5186430971e+00 -6.5113673196e-01  9.4249369498e-01  9.2725656082e-01 -1.9936201299e+00 -2.2626211368e+00  3.4551977754e+00  2.2531707050e+00  4.1532969696e-01  4.9599829925e+00 -1.0567006572e+00  5.5907340282e-01  4.3028845758e+00  1.0721889766e+00  4.5812095553e-01  1.7223521776e+00 -8.6942197635e-01 -2.4365041827e-01  2.0429931859e+00 -3.1355453793e+00 -4.6474402529e-01  7.0223583945e+00 -6.8284829768e-01  7.9418688656e-02  6.1988437190e+00  1.9658893681e+00 -5.5003490981e-02  3.1104607950e+00 -1.8636036563e+00  2.6904614545e+00  1.5044090797e+00 -2.3353827906e+00  1.9537947677e+00  7.2921111875e-01  7.7585561582e-02  2.0714412197e+00  2.3328878422e+00  5.5470856111e-01  2.8260413492e+00  3.7867167388e-01 -1.0601996484e+00 -2.4221195720e+00  2.3969644492e-01 -2.8367368375e+00 -2.3550192764e+00  1.6831940832e+00 -2.0937546304e+00 -3.0479463281e+00  3.3476251210e+00  2.6177557498e+00 -6.1194879830e-01  3.8832617473e+00  3.0510929031e+00  1.0291962954e+00  2.4694432096e+00  2.0076675738e+00  8.0887928440e-01  1.4200864048e+00 -4.5145481132e-02 -7.4773881074e-01
ENERGY -5.903462746037e+02

JOB 6
COORDS  5.9509134956e+00 -2.6860221825e-01 -5.8756380685e-02  5.6469644811e+00  1.0667320569e+00  9.3102346393e-02  3.8818382298e+00 -2.0204718361e-01  5.5430843646e-01  1.5657982340e+00 -2.1841852205e+00 -8.9134966463e-01  2.1751506537e+00 -1.4157192873e+00  2.0608241176e+00  1.7227970222e+00  1.8390244726e-02  2.0067704220e+00  2.4700397232e+00 -5.9641911651e-01  8.2681996696e-01  9.7832676071e-01 -2.2055858313e+00 -2.2960123266e+00  3.5733658671e+00  2.3312661230e+00  7.3759908214e-01  4.8496062039e+00 -1.0426405334e+00  2.1843756052e-01  4.3175049025e+00  1.1083505645e+00  4.7151347526e-01  1.6964288116e+00 -9.1604088477e-01 -3.5154349244e-01  1.8759191980e+00 -3.2123826899e+00 -3.0550736097e-01  6.8951084112e+00 -7.0976153214e-01 -3.5199648477e-01  6.2333572943e+00  1.9675862468e+00 -2.4934425010e-02  3.0296107076e+00 -1.6686125703e+00  2.6782914981e+00  1.4389368665e+00 -2.2011546008e+00  1.9526855978e+00  6.6504518007e-01  2.1601333627e-01  1.8608241156e+00  2.2467811524e+00  7.4579646367e-01  2.6187340409e+00  4.2658020427e-01 -1.2965711447e+00 -2.5550549451e+00  3.1801217403e-01 -3.0696184592e+00 -2.3883094530e+00  1.7975700884e+00 -2.3309372224e+00 -3.0117337658e+00  3.9537405438e+00  3.1295380785e+00  9.6543664450e-02  3.6728548170e+00  2.6411918206e+00  1.7833657929e+00  2.5160438814e+00  2.1833446643e+00  5.1738400547e-01  1.5102956150e+00 -1.4479075316e-01 -9.8086577307e-01
ENERGY -5.903448863435e+02

JOB 7
COORDS  4.3045633578e+00  1.9544918497e+00 -1.0303357345e+00  5.1288194901e+00  1.5712360124e+00  3.9264401388e-03  3.4993861620e+00  8.9105622151e-02 -2.9379991608e-01  1.9680597599e-01 -3.7965415677e-01 -5.8213737975e-01  2.6317125450e+00 -2.2515228864e+00 -9.9813632879e-01  3.0433366021e+00 -2.4016425193e+00  4.3974342465e-01  2.5587731726e+00 -1.0504254169e+00 -7.8091125851e-02 -9.5050479899e-01  4.1911736173e-01  1.9741832289e-02  5.1374008313e+00 -3.2859494000e-01  1.6391711249e+00  3.2955037402e+00  1.0380157095e+00 -1.1974271812e+00  4.6030626074e+00  3.8491035998e-01  4.8637679399e-01  1.2282913065e+00 -6.3891879387e-01  3.0751150537e-01  1.8026882083e-01 -7.6131341399e-01 -1.7440661784e+00  4.3825814963e+00  2.8338754831e+00 -1.6570278264e+00  6.0169163920e+00  2.0139390477e+00  4.3327094497e-01  3.4075692993e+00 -2.2227423689e+00 -1.7553028285e+00  1.6881189203e+00 -2.6673850295e+00 -1.3246768204e+00  2.3694486538e+00 -2.9228318037e+00  1.1127045172e+00  4.0971045469e+00 -2.5327190466e+00  6.5663751027e-01 -1.0293344063e+00  3.1507501924e-01  1.1064813540e+00 -1.8850146450e+00  1.0204501192e-01 -4.4550184394e-01 -7.9503375896e-01  1.4773560385e+00 -2.1641722295e-01  5.8118298082e+00 -1.1364376126e+00  1.3370471151e+00  4.3269957349e+00 -7.4818266423e-01  2.2359150233e+00  5.6945685551e+00  3.7587077522e-01  2.2596049793e+00  1.1706238176e+00 -1.4864267764e-01  1.1921501145e+00
ENERGY -5.903432273219e+02

JOB 8
COORDS  4.1441439707e+00  2.0696422012e+00 -8.3234285469e-01  5.1551470844e+00  1.5660244226e+00 -4.8046735877e-02  3.4577723535e+00  1.3512694728e-01 -1.4872889819e-01  2.5844863292e-01 -4.0669387110e-01 -7.2119984887e-01  2.7384887904e+00 -2.2712241257e+00 -8.6710133925e-01  2.9957382673e+00 -2.3822272254e+00  6.1054470343e-01  2.5564728740e+00 -1.0487263364e+00  1.0724514178e-02 -9.0992415593e-01  4.5076545262e-01 -2.6093398393e-01  5.4753029212e+00 -5.0315699511e-01  1.3195435225e+00  3.0997188608e+00  1.1797146053e+00 -8.8524269387e-01  4.7115385440e+00  3.3034454636e-01  3.9919840910e-01  1.1896418580e+00 -6.6430743598e-01  2.7684732672e-01  3.4242487892e-01 -8.3847575431e-01 -1.8626067053e+00  4.1110897923e+00  3.0163266848e+00 -1.3563873569e+00  6.1212973571e+00  1.9565254860e+00  2.3961148518e-01  3.5948019929e+00 -2.2510749261e+00 -1.5332976715e+00  1.8408616143e+00 -2.7037040806e+00 -1.2880123511e+00  2.2475094306e+00 -2.8811732186e+00  1.2180369941e+00  4.0145042897e+00 -2.5208118125e+00  9.4591096598e-01 -1.1757528785e+00  2.7908972959e-01  7.8715079177e-01 -1.7734900986e+00  2.4879554514e-01 -8.9549941399e-01 -6.3138363601e-01  1.5040331526e+00 -3.7738332144e-01  5.8917343703e+00 -1.3816584280e+00  8.1754015971e-01  4.8541003940e+00 -8.2549862803e-01  2.1569093900e+00  6.3018228577e+00  8.9567904439e-02  1.7143847781e+00  1.0737721913e+00 -1.0885813771e-01  1.1166133247e+00
ENERGY -5.903423082839e+02

JOB 9
COORDS  3.9684544326e+00  2.1924060156e+00 -5.0716445600e-01  5.0996921820e+00  1.5928229337e+00 -9.7830652662e-03  3.3771946763e+00  1.9044908539e-01  6.9005396273e-02  3.2101466073e-01 -4.1388255945e-01 -8.0548668678e-01  2.8307564297e+00 -2.2863571242e+00 -6.1443443216e-01  2.9185445940e+00 -2.3104288594e+00  8.8929716618e-01  2.5132892133e+00 -1.0284553184e+00  1.6357393239e-01 -8.9489228091e-01  4.4029097250e-01 -4.9120498642e-01  5.6511852252e+00 -6.5470694245e-01  9.3768865305e-01  2.9122399709e+00  1.3138120151e+00 -4.6521329890e-01  4.7229071552e+00  3.0826237801e-01  3.5766185169e-01  1.1192277268e+00 -6.8470932711e-01  3.0064847341e-01  5.5493943129e-01 -8.4045693862e-01 -1.9282380116e+00  3.8567427654e+00  3.1968540045e+00 -8.9467859783e-01  6.1130359741e+00  1.9435570725e+00  1.2742776357e-01  3.7544219717e+00 -2.2729101834e+00 -1.1849163507e+00  2.0000132184e+00 -2.7737804319e+00 -1.1077857621e+00  2.1126002306e+00 -2.7975146316e+00  1.4282148531e+00  3.8867310628e+00 -2.3889819881e+00  1.3641213169e+00 -1.3111767112e+00  2.3017465844e-01  4.9933312560e-01 -1.6577023633e+00  2.7542931939e-01 -1.2527926685e+00 -5.8998288844e-01  1.4922178285e+00 -5.2036209683e-01  5.6811146620e+00 -1.5787166341e+00  3.5545865932e-01  5.3893050877e+00 -8.8503633853e-01  1.9736489499e+00  6.6500944259e+00 -2.1667195843e-01  9.2600581404e-01  9.2706380714e-01 -9.9713154755e-02  1.1061358508e+00
ENERGY -5.903440805371e+02

JOB 10
COORDS  3.8692821348e+00  2.2840866919e+00 -2.3080058791e-01  5.0439351432e+00  1.6309208611e+00  4.7576140388e-02  3.3276506891e+00  2.2312782630e-01  1.5609578604e-01  3.6463174777e-01 -3.8272526567e-01 -8.7215109284e-01  2.8174524197e+00 -2.2963204406e+00 -4.3693057580e-01  2.8563878704e+00 -2.2251307150e+00  1.0681029701e+00  2.4657263086e+00 -9.9625961364e-01  2.5004662031e-01 -8.8331619861e-01  4.5453834362e-01 -6.5771972724e-01  5.6751527073e+00 -7.0447188486e-01  6.7694082670e-01  2.8137726806e+00  1.4027447894e+00 -1.6997958300e-01  4.6995531168e+00  3.0718247756e-01  2.8899188439e-01  1.0657512813e+00 -6.6149488652e-01  2.9656406513e-01  7.0608724627e-01 -7.9170235215e-01 -1.9740338029e+00  3.7236575057e+00  3.3275689049e+00 -4.7841912112e-01  6.0715733169e+00  1.9631405535e+00  9.7229901559e-02  3.7501538908e+00 -2.3225262000e+00 -9.9060674393e-01  1.9983625883e+00 -2.8164980000e+00 -9.1667226216e-01  2.0441851417e+00 -2.6938212405e+00  1.6140612028e+00  3.8106886531e+00 -2.2396269367e+00  1.5794871226e+00 -1.3831573185e+00  2.2621503575e-01  2.8902785283e-01 -1.5730191175e+00  2.9308062957e-01 -1.4867849788e+00 -5.8769394606e-01  1.5093681756e+00 -6.4483756850e-01  5.5021591169e+00 -1.6436595994e+00  1.5085806924e-01  5.6560500949e+00 -8.8522296405e-01  1.7561292594e+00  6.6694397259e+00 -3.4683290825e-01  4.0444374510e-01  8.2206351856e-01 -6.0724356676e-02  1.0765642916e+00
ENERGY -5.903467151628e+02

JOB 11
COORDS  4.0761574434e+00  2.2315443365e+00  2.1602402348e-02  5.2824609574e+00  1.5794235933e+00  6.4921148023e-02  3.6103105160e+00  1.3195772324e-01  2.7378362678e-01  7.3757839992e-01 -5.8787621257e-01 -8.4398473219e-01  3.1853828942e+00 -2.4551944720e+00 -1.3173914061e-01  3.1694794559e+00 -2.2323335757e+00  1.3590264417e+00  2.7785330638e+00 -1.1039560916e+00  4.0574364004e-01 -5.5996884318e-01  1.9176483553e-01 -7.3580543494e-01  6.0042990661e+00 -8.0893036253e-01  1.5383595220e-01  3.0454846852e+00  1.3260892006e+00  1.4600571200e-01  4.9862321561e+00  2.3220447436e-01  2.3342222013e-01  1.3691332696e+00 -8.1170396381e-01  3.7421202392e-01  1.1785627512e+00 -9.9800212722e-01 -1.9103564593e+00  3.8893682998e+00  3.2918372580e+00 -8.8910193601e-02  6.3042248290e+00  1.9262210367e+00 -3.6218043199e-03  4.1342680496e+00 -2.5308316922e+00 -6.4864808960e-01  2.3887123152e+00 -3.0393473453e+00 -5.7533281354e-01  2.3563886078e+00 -2.6700363656e+00  1.9288249969e+00  4.1058503617e+00 -2.1469836799e+00  1.8999550620e+00 -1.1103796144e+00 -3.9045404090e-02  1.8160113815e-01 -1.1836464913e+00 -2.2173849297e-02 -1.6044060571e+00 -3.1750215405e-01  1.2601812352e+00 -7.3054441863e-01  6.0970449182e+00 -1.1929489449e+00 -8.6702389550e-01  5.7808915517e+00 -1.6347995758e+00  8.2748443718e-01  6.9629441328e+00 -3.8167243733e-01  4.5410934873e-01  1.0745221448e+00 -1.8072774096e-01  1.1120373685e+00
ENERGY -5.903481792766e+02

JOB 12
COORDS  4.1159276835e+00  2.2573665619e+00  2.9487544516e-01  5.3058599305e+00  1.5945732152e+00  1.2528003523e-01  3.6354402810e+00  1.4676439745e-01  3.3211004936e-01  8.3735616454e-01 -5.9763589433e-01 -8.8669266934e-01  3.2133523152e+00 -2.4674378834e+00  2.3738187963e-02  3.1751242492e+00 -2.1581845029e+00  1.4986221821e+00  2.8030418224e+00 -1.0866366146e+00  4.7730388249e-01 -4.8509650837e-01  1.4700427166e-01 -8.6520675312e-01  5.9839508216e+00 -8.0772941763e-01 -8.1558543636e-02  3.0862114080e+00  1.3518758871e+00  4.2495217229e-01  4.9984718943e+00  2.4004363447e-01  1.5527683164e-01  1.3952845974e+00 -8.0247234921e-01  3.6859136860e-01  1.3592879912e+00 -9.9470014052e-01 -1.9217453386e+00  3.9414063177e+00  3.3248874118e+00  3.3043735274e-01  6.3205358730e+00  1.9386164047e+00 -1.8816741435e-02  4.1666210139e+00 -2.5955572436e+00 -4.7097542534e-01  2.4136286378e+00 -3.0664988996e+00 -3.9406577050e-01  2.3621774476e+00 -2.5669128435e+00  2.0901729443e+00  4.1111323333e+00 -2.0300266393e+00  2.0339920547e+00 -1.0896856360e+00 -1.0357002930e-01  1.1854783307e-02 -1.0414629578e+00 -8.0034156917e-02 -1.7751960819e+00 -2.7602395994e-01  1.2223301510e+00 -8.4048741091e-01  5.8836601579e+00 -1.2241606315e+00 -1.0879529154e+00  5.8939234439e+00 -1.6095368435e+00  6.5321874892e-01  6.9797954001e+00 -3.7278080071e-01  1.6427754516e-02  1.0577038081e+00 -1.6277286753e-01  1.0804814199e+00
ENERGY -5.903492448464e+02

JOB 13
COORDS  4.1162693422e+00  2.2112533349e+00  5.7079524280e-01  5.2441458347e+00  1.5549586434e+00  1.4127834946e-01  3.5790046685e+00  1.1945327155e-01  4.3728536464e-01  8.8062943267e-01 -6.1111809160e-01 -9.6240368683e-01  3.1346901025e+00 -2.5151673886e+00  2.2526855562e-01  2.9952952041e+00 -2.1078341883e+00  1.6692779369e+00  2.7238793209e+00 -1.1007774976e+00  5.5486183786e-01 -4.5486755244e-01  1.0304281317e-01 -1.0664766408e+00  5.7825699930e+00 -8.1756064372e-01 -4.7164528710e-01  3.0884888377e+00  1.3135102294e+00  7.5018569437e-01  4.8968477861e+00  2.1341542355e-01  5.5051565033e-02  1.3289545673e+00 -8.0525562111e-01  3.3460194111e-01  1.5065456614e+00 -9.9309912804e-01 -1.9457458842e+00  3.9861019670e+00  3.2696131069e+00  7.5628897639e-01  6.2353569508e+00  1.8984535310e+00 -1.1942132960e-01  4.1201608983e+00 -2.7117483637e+00 -1.7184076513e-01  2.3510664139e+00 -3.1218458254e+00 -2.1247629641e-01  2.1375651956e+00 -2.4632375165e+00  2.2316254641e+00  3.9000846185e+00 -1.9565785644e+00  2.2506101854e+00 -1.1141468350e+00 -1.1740541149e-01 -2.2165400117e-01 -9.4220558931e-01 -1.8033838258e-01 -2.0001686822e+00 -2.7141987440e-01  1.1831959996e+00 -1.0849393993e+00  5.3548064495e+00 -1.2716351661e+00 -1.3682262964e+00  5.9812614439e+00 -1.5919739184e+00  2.7430091206e-01  6.7321061351e+00 -3.5140886376e-01 -7.3787979144e-01  9.3623430257e-01 -1.6806080937e-01  1.0201772347e+00
ENERGY -5.903493744027e+02

JOB 14
COORDS  4.2711414497e+00  2.1407711144e+00  8.8936123599e-01  5.2518155649e+00  1.5348518302e+00  1.3708929219e-01  3.6836607182e+00  7.2195217776e-02  6.9108733642e-01  1.1747142211e+00 -5.6507242170e-01 -9.9698925688e-01  3.2680720651e+00 -2.5485461152e+00  4.9961242010e-01  2.9039215398e+00 -2.0970686326e+00  1.8892021208e+00  2.8018323747e+00 -1.1299169267e+00  7.1423713424e-01 -1.6672035012e-01  8.9999587478e-02 -1.2681989916e+00  5.4782357104e+00 -7.3554097227e-01 -9.2533371172e-01  3.2912303693e+00  1.2299032967e+00  1.2103817813e+00  4.8629795639e+00  2.1280237641e-01 -2.0152979902e-03  1.4393124916e+00 -8.3513448070e-01  3.3141282808e-01  1.9703803325e+00 -8.4014711868e-01 -1.8928690424e+00  4.2159803158e+00  3.1727925529e+00  1.2113936690e+00  6.1626416888e+00  1.9068174485e+00 -3.1077390076e-01  4.3125686562e+00 -2.7320094446e+00  2.8288112451e-01  2.5758215349e+00 -3.1891669156e+00 -3.4756556815e-02  1.9710621265e+00 -2.4456703173e+00  2.3212953800e+00  3.7072458088e+00 -1.9205131934e+00  2.5969343875e+00 -9.1948792352e-01 -1.6477714464e-01 -5.1660151687e-01 -5.1717162739e-01 -2.0744716603e-01 -2.2575688146e+00 -3.1730036535e-02  1.1773213187e+00 -1.2659936633e+00  4.7028306258e+00 -1.2115312068e+00 -1.5277545050e+00  6.0610375118e+00 -1.4945940743e+00 -3.9438220789e-01  6.1490409151e+00 -1.8650023219e-01 -1.5878882434e+00  9.2074858468e-01 -2.8938106485e-01  1.0115604721e+00
ENERGY -5.903519986873e+02

JOB 15
COORDS  4.5365198517e+00  2.0095164813e+00  1.1391719174e+00  5.3396740898e+00  1.4365048467e+00  1.7645659478e-01  3.7763114067e+00  1.3033507205e-02  8.3151600407e-01  1.2556589653e+00 -6.5719117425e-01 -9.5142209069e-01  3.2939771873e+00 -2.5727744969e+00  6.9407195713e-01  2.8681111062e+00 -2.0777927349e+00  2.0517059659e+00  2.8378666971e+00 -1.1425980727e+00  8.5331804838e-01 -8.6034263294e-02 -3.6871009187e-02 -1.2970884243e+00  5.2892178219e+00 -7.5735910544e-01 -1.0673628555e+00  3.5595591508e+00  1.1235953374e+00  1.5280663285e+00  4.8383113259e+00  1.6503807587e-01 -2.8883754370e-02  1.5046048315e+00 -8.2356344169e-01  3.9131608155e-01  2.0581787989e+00 -9.9929986158e-01 -1.8197226577e+00  4.6089385376e+00  3.0013261117e+00  1.5670479598e+00  6.1970301498e+00  1.8033160650e+00 -3.7047410160e-01  4.3491050580e+00 -2.7561595812e+00  5.2782041190e-01  2.6267254558e+00 -3.2280746668e+00  1.4578925398e-01  1.9086380959e+00 -2.4065630007e+00  2.4389943587e+00  3.6314489947e+00 -1.8896964404e+00  2.7990188854e+00 -7.8146841129e-01 -1.0118379117e-02 -4.5372102437e-01 -5.3363157563e-01 -5.9827642093e-01 -2.1199227499e+00  8.3423397103e-02  9.8667559764e-01 -1.6462555035e+00  4.4221605934e+00 -1.2334458163e+00 -1.5265695788e+00  5.9676455017e+00 -1.5136884667e+00 -6.5946136682e-01  5.8217836478e+00 -1.8673529013e-01 -1.8302779944e+00  9.4635865191e-01 -2.7603507684e-01  1.0366909279e+00
ENERGY -5.903556073094e+02

JOB 16
COORDS  4.6365813952e+00  2.0277051148e+00  1.2972724424e+00  5.3032039732e+00  1.5201315055e+00  2.0214312791e-01  3.7074100538e+00  1.3207882792e-01  8.5191138929e-01  1.1779925168e+00 -7.0272391354e-01 -1.0216098466e+00  3.2102403017e+00 -2.4357727235e+00  7.8447173641e-01  2.7237310807e+00 -1.8896803172e+00  2.1026451862e+00  2.7428016750e+00 -1.0012695189e+00  8.7367487703e-01 -1.7292253483e-01 -1.3857474751e-01 -1.4269215991e+00  5.0729593069e+00 -5.7828552887e-01 -1.1802069136e+00  3.6438734653e+00  1.1608082686e+00  1.6903525666e+00  4.6973541366e+00  3.1273504166e-01 -8.5592991393e-02  1.4376095536e+00 -6.9990356391e-01  3.2549108913e-01  1.9701926221e+00 -1.1431130364e+00 -1.8554370437e+00  4.8169802786e+00  2.9599482521e+00  1.8172579205e+00  6.1313920864e+00  1.8929520780e+00 -3.8446849651e-01  4.2740759134e+00 -2.6094726185e+00  6.6396445026e-01  2.5711930036e+00 -3.1174819608e+00  2.3500637068e-01  1.7493251572e+00 -2.2110845525e+00  2.4575625660e+00  3.4495467568e+00 -1.6647185295e+00  2.8762954457e+00 -8.4494457697e-01  3.7530607828e-02 -5.8251584133e-01 -6.4607730217e-01 -8.2980107564e-01 -2.1278990254e+00 -1.1709129517e-02  8.0738494883e-01 -1.9530565955e+00  4.1882811018e+00 -1.1029279305e+00 -1.5403568424e+00  5.8343840694e+00 -1.2953102578e+00 -8.5464780739e-01  5.4809627744e+00  2.1258675242e-02 -1.9966461188e+00  8.3657055744e-01 -1.3900403023e-01  9.1788053834e-01
ENERGY -5.903574311574e+02

JOB 17
COORDS  4.8026197666e+00  1.9295118173e+00  1.5124337404e+00  5.3325903448e+00  1.5452843709e+00  2.9928278894e-01  3.7022497397e+00  1.7585958207e-01  9.0301739170e-01  1.1609815827e+00 -8.2476104235e-01 -1.0817476885e+00  3.1661422771e+00 -2.3728957871e+00  8.3911301886e-01  2.6145427725e+00 -1.7996980574e+00  2.1197407859e+00  2.7069702424e+00 -9.3153183866e-01  8.8123120870e-01 -1.9301989011e-01 -3.0990909557e-01 -1.5421271309e+00  4.9011046732e+00 -3.6927050348e-01 -1.2815334261e+00  3.7921617407e+00  1.0710480463e+00  1.8803569282e+00  4.6225071839e+00  4.2632944502e-01 -8.8875963731e-02  1.4449455238e+00 -6.2291979202e-01  2.4260704352e-01  1.9250151472e+00 -1.3994635964e+00 -1.8591125988e+00  5.0913627655e+00  2.7676570382e+00  2.1338282768e+00  6.1304174791e+00  1.9493158302e+00 -3.0864985819e-01  4.2352752633e+00 -2.5465885415e+00  7.7272510572e-01  2.5544661982e+00 -3.0607988475e+00  2.6720892487e-01  1.6188874677e+00 -2.1087982962e+00  2.4227635272e+00  3.2960248706e+00 -1.5624760659e+00  2.9288308058e+00 -7.9162507754e-01  1.3725944677e-01 -7.4377087956e-01 -7.4969764868e-01 -1.1401162527e+00 -1.9843948681e+00 -3.3726908090e-02  4.3393361839e-01 -2.3277288193e+00  4.0288704942e+00 -9.7041691472e-01 -1.5358967675e+00  5.7667372488e+00 -1.0191802382e+00 -1.1129485958e+00  5.1187529362e+00  3.0022436628e-01 -2.1173790506e+00  8.2053065165e-01 -2.8567326023e-02  7.7410338292e-01
ENERGY -5.903574941946e+02

JOB 18
COORDS  5.0828253359e+00  1.6872661772e+00  1.7129764109e+00  5.4553736429e+00  1.4399257178e+00  4.0956516455e-01  3.7973715729e+00  1.0128471370e-01  1.0115022878e+00  1.2326625367e+00 -1.0095846444e+00 -1.0591168334e+00  3.1330357119e+00 -2.4124776087e+00  1.0055078953e+00  2.5253516340e+00 -1.7568315641e+00  2.2184346221e+00  2.7425857177e+00 -9.4865791591e-01  9.5435366800e-01 -8.4148464755e-02 -4.7312566248e-01 -1.5984170676e+00  4.6977228195e+00 -1.8793043629e-01 -1.3570567847e+00  4.0533867838e+00  8.4975676768e-01  2.0783970648e+00  4.6334846156e+00  4.2235787213e-01 -3.3380824547e-02  1.5524808421e+00 -5.9883830296e-01  2.0805087215e-01  1.9344942566e+00 -1.7690916400e+00 -1.7287016574e+00  5.4966669911e+00  2.4127689301e+00  2.4016914892e+00  6.2126018320e+00  1.8756442427e+00 -2.2787582832e-01  4.1967236830e+00 -2.6281526695e+00  1.0171318868e+00  2.5325300099e+00 -3.0992680322e+00  4.2138825530e-01  1.4961628602e+00 -2.0038773606e+00  2.4600174068e+00  3.1594493811e+00 -1.5103840837e+00  3.0621654389e+00 -5.9820331916e-01  2.1076613968e-01 -9.1727162361e-01 -7.4178097757e-01 -1.3192631590e+00 -1.8155861778e+00  1.1003934447e-01  4.1378217415e-02 -2.5431569495e+00  3.9986780835e+00 -1.0209802592e+00 -1.4171265439e+00  5.7126295193e+00 -5.4837363833e-01 -1.5493756605e+00  4.4279730310e+00  5.4340728080e-01 -2.1252904869e+00  9.4443709381e-01  7.9420924908e-02  6.5018529202e-01
ENERGY -5.903568522399e+02

JOB 19
COORDS  5.3120229903e+00  1.5675567685e+00  1.8205725591e+00  5.5466754368e+00  1.4621754112e+00  4.6717259761e-01  3.8760811300e+00  1.3950409742e-01  1.0723119128e+00  1.3598534031e+00 -1.0736698132e+00 -1.0765866070e+00  3.1316109597e+00 -2.3446718639e+00  1.1521620645e+00  2.4601915018e+00 -1.6088212204e+00  2.2812885080e+00  2.7876085245e+00 -8.7410731760e-01  9.9502354381e-01  7.2470099592e-02 -5.5778044848e-01 -1.7014966433e+00  4.5113904623e+00  1.0319425486e-01 -1.3902784094e+00  4.2734496100e+00  7.4150530911e-01  2.1873741189e+00  4.6327432821e+00  5.3960709045e-01 -4.6619160302e-03  1.6692135905e+00 -5.2981553179e-01  1.4364070996e-01  2.0490540885e+00 -1.9222902735e+00 -1.6428154522e+00  5.8295430431e+00  2.1844407557e+00  2.5440437220e+00  6.2612047290e+00  1.9398963142e+00 -1.8899167829e-01  4.1865098539e+00 -2.5800409748e+00  1.2500949125e+00  2.5561303922e+00 -3.0478544661e+00  5.6264376844e-01  1.4090248446e+00 -1.8144585804e+00  2.4588728693e+00  3.0414223108e+00 -1.3308198044e+00  3.1526666616e+00 -3.9790772903e-01  2.5696464626e-01 -1.1437120945e+00 -6.3497202398e-01 -1.3885278344e+00 -1.7771782625e+00  2.8912091039e-01 -2.1922173449e-01 -2.7176842816e+00  4.0772825414e+00 -8.9551220800e-01 -1.4329213959e+00  5.5030346514e+00  8.4674387957e-02 -1.8480883935e+00  3.8695578594e+00  7.8428480566e-01 -1.9592036829e+00  1.0471933350e+00  1.8107466285e-01  5.0826646388e-01
ENERGY -5.903563890454e+02

JOB 20
COORDS  5.5064298562e+00  1.3811718158e+00  1.7987502762e+00  5.5957559889e+00  1.4230802283e+00  4.2564600232e-01  3.9021857531e+00  1.4037859254e-01  1.0550391559e+00  1.4183049786e+00 -1.1457358336e+00 -1.1050146529e+00  3.0681585971e+00 -2.3001458235e+00  1.2633503475e+00  2.3745826230e+00 -1.4761743745e+00  2.3139560058e+00  2.7743574701e+00 -8.3198564052e-01  9.9832223227e-01  1.4210755555e-01 -6.8006693213e-01 -1.7895726525e+00  4.3183161627e+00  3.2561607584e-01 -1.4516227629e+00  4.4540902782e+00  5.8004494584e-01  2.1802140774e+00  4.5751176640e+00  6.1751801234e-01 -4.6181820868e-02  1.7013713435e+00 -5.1747358635e-01  8.1419992966e-02  2.1267575548e+00 -2.0213893406e+00 -1.6001763169e+00  6.1340616380e+00  1.8789104423e+00  2.5267641950e+00  6.2694777232e+00  1.9357919972e+00 -2.4685811727e-01  4.1117916832e+00 -2.5520979972e+00  1.4199012836e+00  2.4980442517e+00 -3.0242236603e+00  6.9404384357e-01  1.3108172656e+00 -1.6390216567e+00  2.4587555735e+00  2.9322458153e+00 -1.1601081360e+00  3.1876946769e+00 -3.4211484497e-01  1.6921643419e-01 -1.2990984897e+00 -5.6130182627e-01 -1.5171482229e+00 -1.8209823723e+00  3.7751958071e-01 -4.1228142433e-01 -2.8225442942e+00  4.0323223547e+00 -7.1922358980e-01 -1.5760237414e+00  5.2299923208e+00  5.1625655520e-01 -2.0209075356e+00  3.5168011932e+00  9.5945955861e-01 -1.8447121536e+00  1.0545861589e+00  1.9634848018e-01  3.9344133801e-01
ENERGY -5.903555233265e+02

JOB 21
COORDS  5.6941565993e+00  1.1076165580e+00  1.7737982368e+00  5.6481203564e+00  1.3316523745e+00  4.1765093197e-01  3.9308394345e+00  8.3699155281e-02  1.0555739373e+00  1.4908462804e+00 -1.2197474865e+00 -1.1144991084e+00  2.9736814588e+00 -2.2871505609e+00  1.3954015799e+00  2.2839571084e+00 -1.3696979289e+00  2.3662347124e+00  2.7503621723e+00 -8.2768954865e-01  1.0246570885e+00  2.2396344651e-01 -8.2034073283e-01 -1.8554141610e+00  4.1472369472e+00  5.6165322187e-01 -1.4482101469e+00  4.6274736461e+00  3.2891451418e-01  2.1596548203e+00  4.5233297509e+00  6.6586583087e-01 -4.1878167766e-02  1.7152764011e+00 -5.4347482487e-01  5.8833438071e-02  2.2493862352e+00 -2.0799617772e+00 -1.5572769004e+00  6.4258189583e+00  1.4628415840e+00  2.4880251726e+00  6.2859406007e+00  1.8912802404e+00 -2.5218003729e-01  4.0009859467e+00 -2.5660130261e+00  1.6029823915e+00  2.3912594770e+00 -3.0228366127e+00  8.5351843424e-01  1.2101452743e+00 -1.4778501370e+00  2.4885152082e+00  2.8340964908e+00 -1.0231731856e+00  3.2332933739e+00 -3.1124964415e-01  1.9036865153e-02 -1.4022235493e+00 -4.4413393309e-01 -1.6855573225e+00 -1.8935626124e+00  4.8659938919e-01 -5.6513852076e-01 -2.8850995442e+00  3.9643145607e+00 -4.7910532336e-01 -1.7184175997e+00  4.9704950219e+00  9.4564713710e-01 -2.0527624596e+00  3.2509522539e+00  1.1512356825e+00 -1.6613695736e+00  1.0273809617e+00  1.4583993980e-01  3.3561480383e-01
ENERGY -5.903540685937e+02

JOB 22
COORDS  5.8559736453e+00  8.8380943294e-01  1.6550333149e+00  5.6804037961e+00  1.2842217502e+00  3.5241168029e-01  3.9640383866e+00  4.9868576878e-02  1.0201694558e+00  1.5969947765e+00 -1.2778204056e+00 -1.1216383478e+00  2.8605903118e+00 -2.2029586164e+00  1.5755633793e+00  2.2004438970e+00 -1.1586588391e+00  2.4303954224e+00  2.7231412603e+00 -7.8006275673e-01  1.0514682261e+00  3.5965282368e-01 -9.6493125349e-01 -1.9484844586e+00  3.9597037168e+00  8.5103147599e-01 -1.4201437048e+00  4.7883953162e+00  1.1625318793e-01  2.0593541651e+00  4.4683993292e+00  7.4448718310e-01 -5.5531230370e-02  1.7192630666e+00 -5.5833584004e-01  4.1626448891e-02  2.4269846890e+00 -2.1053364130e+00 -1.4889976550e+00  6.6806913041e+00  1.1053022985e+00  2.3201491142e+00  6.2792508295e+00  1.8900064172e+00 -3.1294044093e-01  3.8673593723e+00 -2.5075997607e+00  1.8375748797e+00  2.2486296792e+00 -2.9570146021e+00  1.0939883476e+00  1.1202752131e+00 -1.1982977272e+00  2.5414075548e+00  2.7569920997e+00 -7.5863026616e-01  3.2702293778e+00 -2.6509823356e-01 -1.6974722177e-01 -1.5315573307e+00 -2.3911356272e-01 -1.8757755029e+00 -2.0368474018e+00  6.7393230274e-01 -6.8240852299e-01 -2.9566345368e+00  3.8450682558e+00 -1.3857866968e-01 -1.8651833218e+00  4.6815382784e+00  1.4207615921e+00 -2.0073202841e+00  3.0017871600e+00  1.3757250657e+00 -1.4441703182e+00  9.8837409628e-01  1.0549763984e-01  2.6356400819e-01
ENERGY -5.903524534540e+02

JOB 23
COORDS  6.0118275952e+00  6.1199466812e-01  1.4885910750e+00  5.7270243281e+00  1.2043892651e+00  2.8267935579e-01  4.0201852114e+00 -4.0323800038e-02  9.5579973313e-01  1.7423173339e+00 -1.3318732417e+00 -1.1602400687e+00  2.7515157578e+00 -2.1240888547e+00  1.7313841324e+00  2.1433302913e+00 -9.5351106679e-01  2.4512159931e+00  2.7176453210e+00 -7.6447144761e-01  1.0517487691e+00  5.5142878606e-01 -1.0911329249e+00 -2.0748100146e+00  3.8043383147e+00  1.1353927827e+00 -1.3213257045e+00  4.9482765773e+00 -1.5911202013e-01  1.8972505494e+00  4.4460804963e+00  7.8730704674e-01 -5.7500639182e-02  1.7473048197e+00 -5.9878456658e-01  1.4340518759e-03  2.6398308158e+00 -2.1156766878e+00 -1.4540235789e+00  6.9138607709e+00  6.9518208293e-01  2.0810088718e+00  6.2929271181e+00  1.8640900573e+00 -3.5971894696e-01  3.7300213033e+00 -2.4607552387e+00  2.0526315631e+00  2.0956916585e+00 -2.8808517292e+00  1.3154352416e+00  1.0612217495e+00 -9.1292855015e-01  2.5473450105e+00  2.7123971859e+00 -5.0303066958e-01  3.2568993304e+00 -1.4345129772e-01 -3.2998259476e-01 -1.7081891743e+00  1.1093409019e-02 -2.0338801687e+00 -2.1977619380e+00  9.1894131565e-01 -7.9508511302e-01 -3.0608768491e+00  3.6860529364e+00  2.5137018301e-01 -1.9509697417e+00  4.4436184555e+00  1.8521103493e+00 -1.8393101426e+00  2.8308784058e+00  1.6001405374e+00 -1.1544903689e+00  9.7727233700e-01  3.4343887765e-02  1.7200420962e-01
ENERGY -5.903512016831e+02

