JOB 0
COORDS -8.5219362662e-01  7.0376700906e-01  4.1024090901e+00  3.6954691823e+00  8.6634238869e-01  1.8401146071e+00 -1.0036664342e+00 -1.1854444698e-01  3.0101525101e+00  2.3692438996e+00  5.1833448727e-01  1.8534472245e+00 -4.2746831271e-01  1.9303036637e+00  2.3901142540e+00  3.1044487791e+00  8.1645986816e-01 -2.2341120284e-01 -4.7586459782e-01  2.0738805740e-01  5.8757274219e-01  7.2346049897e-01  1.7329554250e-01 -2.4558617506e-02 -1.5979117724e+00 -2.2163064358e-01 -3.2927929723e-01  5.8695466690e-01 -2.4282768060e-01 -1.4732958429e+00 -8.4602615870e-01 -8.2749519484e-01 -1.5375291655e+00 -4.8678978091e-01  1.9765870752e+00  3.7037903015e+00  4.1434325136e+00  1.0543998334e+00  5.4211762347e-01 -7.3077414045e-01  6.7648432834e-01  1.9009216149e+00  1.9786316293e+00  4.8447427149e-01  5.1341805589e-01 -9.8773561203e-01  4.5534160334e-01  5.1472544719e+00  4.3558206804e+00  9.8887057176e-01  2.6885888426e+00 -1.2566203900e+00 -1.1642064197e+00  2.9084571945e+00  1.6958232516e+00  2.7470501029e-01  2.6602713461e+00 -1.4681565451e-01  2.7415903332e+00  1.7306935310e+00  3.0863578240e+00  8.7343222805e-01 -1.3033097080e+00 -2.2748309708e+00 -9.3817953621e-01  1.4878374773e-01 -2.2083933149e+00  6.4803259170e-01 -6.0833873052e-01  6.9986044457e-01  6.2915655919e-01 -2.1307914846e+00  1.3509998078e+00 -9.6929549579e-01 -1.7672193225e+00 -7.9416825037e-01 -1.9143339896e+00 -1.4260836776e+00 -1.3389150998e+00 -6.1692708918e-01 -2.4893218114e+00
ENERGY -6.454808810352e+02

JOB 1
COORDS -7.2342482937e-01  6.6207152219e-01  4.0781536662e+00  3.6547807068e+00  8.8156523764e-01  1.9069627383e+00 -1.0664535080e+00 -5.2556654820e-02  2.9582114393e+00  2.3367391122e+00  5.0184487236e-01  1.8961706517e+00 -3.4347546999e-01  1.9709310185e+00  2.4176751903e+00  3.0682014327e+00  9.3173017475e-01 -1.5815860786e-01 -5.1029958812e-01  2.7190618658e-01  5.8449774663e-01  7.0354270743e-01  2.1216523171e-01  3.3079578866e-03 -1.6061561349e+00 -2.0453196425e-01 -3.4157031014e-01  6.0215887904e-01 -2.6611978314e-01 -1.4295775283e+00 -8.2362208847e-01 -8.6529444173e-01 -1.4997722821e+00 -2.5550578276e-01  1.9188592698e+00  3.7265679532e+00  4.1000081616e+00  1.1523512558e+00  6.2303913617e-01 -8.2435693182e-01  7.9372221143e-01  1.8699614659e+00  1.9498875231e+00  5.3537112843e-01  5.5661596369e-01 -7.8748657639e-01  3.5351795228e-01  5.1138103481e+00  4.3105309720e+00  9.7206446818e-01  2.7628936558e+00 -1.4291658049e+00 -1.0606575628e+00  2.8167578795e+00  1.6654731441e+00  1.9317523773e-01  2.6827094577e+00 -3.1375513175e-02  2.7963435388e+00  1.7903712916e+00  3.0493548962e+00  1.0479171029e+00 -1.2334630917e+00 -2.2949005467e+00 -8.9941338233e-01  1.5189738423e-01 -2.2105795346e+00  6.4943748016e-01 -6.7631035498e-01  7.2045152890e-01  5.7850038326e-01 -2.1211373629e+00  1.3808938248e+00 -9.9501489969e-01 -1.6748882621e+00 -7.6677305992e-01 -1.9447019067e+00 -1.3319623137e+00 -1.2956653658e+00 -7.0692560623e-01 -2.4720663679e+00
ENERGY -6.454767720925e+02

JOB 2
COORDS -6.8685786627e-01  5.9417337545e-01  4.0018447756e+00  3.6755466044e+00  8.8014399271e-01  1.8898583009e+00 -1.1999341191e+00  4.7141464650e-02  2.8591479868e+00  2.3786867346e+00  4.3056670836e-01  1.8713877353e+00 -2.0312395648e-01  1.9772544288e+00  2.4325240451e+00  3.0211155827e+00  1.1076249144e+00 -1.4404103371e-01 -5.1502993153e-01  3.2393762165e-01  5.6935254802e-01  7.0539895268e-01  2.2691505837e-01  7.7092510979e-03 -1.5949016305e+00 -2.1771890343e-01 -3.4096614643e-01  6.2547532362e-01 -3.5037531290e-01 -1.3899884029e+00 -7.9631531485e-01 -9.5900505721e-01 -1.4371961414e+00 -3.7466982110e-02  1.7913074038e+00  3.7169997574e+00  4.0648540571e+00  1.3035183953e+00  6.3030520259e-01 -8.8067771970e-01  9.3341892122e-01  1.8071806856e+00  1.9498552150e+00  5.8193032148e-01  5.5511039531e-01 -7.4418414842e-01  2.1257555272e-01  5.0133314137e+00  4.3512877648e+00  9.2051170434e-01  2.7339426912e+00 -1.7200143173e+00 -8.8065146732e-01  2.6687045772e+00  1.7402076331e+00  1.1455472096e-02  2.6338937486e+00  2.0855648983e-01  2.7970136847e+00  1.8568756114e+00  2.9617906828e+00  1.3296121056e+00 -1.2014096880e+00 -2.2957169767e+00 -8.7534768801e-01  1.8537889215e-01 -2.1894002167e+00  6.1363163000e-01 -7.4283859038e-01  7.4993465311e-01  4.4306987632e-01 -2.1389187705e+00  1.4129556520e+00 -1.0888309281e+00 -1.5704111014e+00 -7.3896740676e-01 -2.0231871940e+00 -1.1905835935e+00 -1.2572574049e+00 -8.7288174976e-01 -2.4238409095e+00
ENERGY -6.454691250140e+02

JOB 3
COORDS -7.7832895519e-01  4.8012838485e-01  3.9107128047e+00  3.6932425371e+00  8.8967679928e-01  1.8242854575e+00 -1.4214840907e+00  1.7655748994e-01  2.7504985777e+00  2.4560785665e+00  2.9191279729e-01  1.7968048271e+00 -8.0987362666e-02  1.9176149583e+00  2.4786394619e+00  2.8483580959e+00  1.4006939760e+00 -8.3722282168e-02 -5.5943898852e-01  3.6657167977e-01  5.7536547577e-01  6.6445390101e-01  2.1050781515e-01  3.7014707968e-02 -1.6331290618e+00 -2.1904512004e-01 -3.1699322446e-01  6.0396205227e-01 -4.9206049818e-01 -1.3025296765e+00 -8.3187782303e-01 -1.0663264777e+00 -1.3322113849e+00  9.5215265744e-02  1.5535573828e+00  3.7173990738e+00  3.9274016671e+00  1.5793003210e+00  6.4870462191e-01 -9.4558076408e-01  1.0821867682e+00  1.7536675740e+00  1.9057651950e+00  6.3021872750e-01  5.6578356376e-01 -8.8313977032e-01  1.1597547534e-02  4.8810765333e+00  4.4244120432e+00  8.6577551656e-01  2.6215501719e+00 -2.1227175913e+00 -6.0628254053e-01  2.5026449572e+00  1.9154458451e+00 -3.1315404907e-01  2.5087153512e+00  4.6992607420e-01  2.7050208525e+00  1.9788234030e+00  2.6761177893e+00  1.8002640693e+00 -1.0748443427e+00 -2.3694929755e+00 -8.1445688208e-01  2.3227875151e-01 -2.1871082293e+00  5.9863091245e-01 -7.9640992354e-01  7.7386589260e-01  2.2227511612e-01 -2.1192907463e+00  1.3761435441e+00 -1.2633148945e+00 -1.3883210949e+00 -8.0968366670e-01 -2.1082064672e+00 -9.9965717465e-01 -1.2733765038e+00 -1.0481556543e+00 -2.3313146231e+00
ENERGY -6.454585309711e+02

JOB 4
COORDS -9.0138445343e-01  4.3300317929e-01  3.7407019334e+00  3.8398506692e+00  9.2540559495e-01  1.6629466598e+00 -1.5954289376e+00  4.3391134528e-01  2.5773265938e+00  2.7299388536e+00  1.1654579255e-01  1.5777876045e+00  1.0446685621e-01  1.8508831080e+00  2.4845185593e+00  2.6284930033e+00  1.7628695679e+00  9.8570224282e-02 -5.1884499987e-01  4.4602243337e-01  5.4765311546e-01  7.1205783002e-01  1.6855688853e-01  7.8199317478e-02 -1.5841048219e+00 -1.4363374664e-01 -3.5653579899e-01  6.6816609205e-01 -6.8952177744e-01 -1.1676100410e+00 -7.9891381044e-01 -1.1730992832e+00 -1.2014889593e+00  2.0607103139e-01  1.2916992482e+00  3.6511085419e+00  3.7666870548e+00  1.9478799528e+00  7.3634230698e-01 -8.9827489900e-01  1.2940763891e+00  1.6448060676e+00  1.9454666405e+00  6.6534784828e-01  5.7427327953e-01 -1.1160592781e+00 -1.0682707328e-01  4.6542146625e+00  4.6764834964e+00  8.3754905463e-01  2.3437450361e+00 -2.4656771723e+00 -1.2531583771e-01  2.2707906356e+00  2.4025679246e+00 -7.4545807046e-01  2.1399301422e+00  8.1076140758e-01  2.5683024687e+00  2.0852872753e+00  2.2356135818e+00  2.3732619734e+00 -7.0497643240e-01 -2.4182829600e+00 -6.0160624365e-01  1.8072545002e-01 -2.0075197144e+00  6.6170430257e-01 -9.7090151660e-01  9.2548304958e-01 -8.8855674814e-02 -2.0508540258e+00  1.3898545183e+00 -1.5118380133e+00 -1.1231945264e+00 -8.6656117332e-01 -2.1555437914e+00 -7.2460583198e-01 -1.1931272749e+00 -1.2692316677e+00 -2.2158793388e+00
ENERGY -6.454456391627e+02

JOB 5
COORDS -8.7754176327e-01  3.2802098992e-01  3.5898573216e+00  3.8720626806e+00  9.4645033278e-01  1.6024010070e+00 -1.6358117805e+00  5.0227340385e-01  2.4843952652e+00  2.7950344092e+00  9.4422224936e-02  1.5143212905e+00  9.4141784368e-02  1.8806517868e+00  2.4805218995e+00  2.5370178052e+00  1.8408424101e+00  1.7664437107e-01 -5.3836458497e-01  4.9780647652e-01  5.4353314892e-01  6.9796510906e-01  1.6171350122e-01  1.2707658865e-01 -1.5885663882e+00 -8.3947791531e-02 -3.8540104186e-01  6.6519102617e-01 -7.6742571111e-01 -1.0675635513e+00 -8.1703306701e-01 -1.1967475617e+00 -1.1300867647e+00  2.6329703645e-01  1.1576541418e+00  3.5406954541e+00  3.7012247212e+00  2.0313846473e+00  7.6344363415e-01 -9.2963040111e-01  1.4262582343e+00  1.5862878250e+00  1.9299288087e+00  6.8009152111e-01  6.0349472840e-01 -1.0608568892e+00 -3.1433933385e-01  4.4417904322e+00  4.7495505085e+00  8.4781531712e-01  2.2281649024e+00 -2.5460023784e+00  1.6767473510e-02  2.1694790616e+00  2.5384562786e+00 -8.2092000627e-01  2.0268235476e+00  7.9455641207e-01  2.6373641401e+00  2.1464158700e+00  2.0725966178e+00  2.4871686757e+00 -5.5779577935e-01 -2.4774114544e+00 -4.6597990911e-01  1.2141727000e-01 -1.9274718490e+00  7.0869370107e-01 -1.0651908000e+00  9.7840377830e-01 -2.2752928111e-01 -1.9718401919e+00  1.3513184322e+00 -1.6129486337e+00 -9.5075433463e-01 -9.4405073247e-01 -2.1419519342e+00 -5.9355128660e-01 -1.1762248581e+00 -1.3434984346e+00 -2.1514509027e+00
ENERGY -6.454296493376e+02

JOB 6
COORDS -1.6841879791e+00 -1.8560419914e-01  3.2938263470e+00  4.0845497668e+00  8.7982015612e-01  1.4901430625e+00 -3.9245882218e-01 -7.7312635873e-02  2.8957931372e+00  2.7271392196e+00  1.0052372319e+00  1.6482372059e+00 -1.4346625238e+00  1.8533524664e+00  2.6937520184e+00  3.2226505650e+00 -4.7599375750e-02 -2.4286408646e-01 -2.8080599449e-01  6.2557193997e-01  8.9908000879e-01  8.0524283835e-01  2.7687297567e-01  1.7790509287e-01 -1.5620213818e+00  4.3507168630e-01  1.1936302110e-01  4.1380639848e-01 -2.9491723822e-01 -1.1676278381e+00 -1.1161490774e+00 -4.8394035663e-01 -1.0395156743e+00 -2.3659904522e+00  1.0387211564e+00  3.0755258709e+00  4.3839090671e+00  2.2190983513e-01  3.0992608003e-01 -2.1492025087e-01  1.2473261850e+00  2.2495163741e+00  2.1598686840e+00  4.0353965765e-01  5.2283135199e-01 -2.1931436491e+00 -1.0339776584e+00  3.7327773535e+00  4.8639188379e+00  1.2247681529e+00  2.1575049985e+00  4.1471437053e-01 -7.9551252599e-01  2.8704033487e+00  2.1158094304e+00  1.4633677225e+00  2.4074363061e+00 -1.6163276965e+00  2.8953870979e+00  2.4458322181e+00  3.0787986490e+00 -5.5540109202e-01 -1.1858518230e+00 -2.3673018142e+00 -6.8609204304e-03  7.1068643619e-01 -1.9270472385e+00  1.4059832977e+00 -2.4020716690e-01  6.8297169727e-01  4.0750024612e-01 -1.9676704447e+00  9.1925588205e-01 -1.2407799396e+00 -1.3891590698e+00 -1.3295187660e+00 -1.5233461478e+00 -7.7369504418e-01 -1.6428209618e+00 -2.6709229038e-01 -1.9719420018e+00
ENERGY -6.454169982897e+02

JOB 7
COORDS -1.7559764151e+00 -8.7042514528e-02  3.4555675806e+00  4.0939866950e+00  8.5947640064e-01  1.4682107522e+00 -4.9572714738e-01 -1.4201257006e-01  2.9591007793e+00  2.7355162580e+00  9.3156334676e-01  1.6482729149e+00 -1.3719810420e+00  1.8586111119e+00  2.6433502756e+00  3.2398493747e+00  5.5603779818e-02 -3.2839258907e-01 -2.6662103376e-01  5.8322937005e-01  8.7502610099e-01  8.1917303368e-01  2.7193918976e-01  1.4102528393e-01 -1.5532487340e+00  3.7328289493e-01  1.0784194354e-01  4.2643385441e-01 -2.6567288937e-01 -1.2190544535e+00 -1.0958755630e+00 -5.0638559251e-01 -1.0771789802e+00 -2.3324159680e+00  1.1737125580e+00  3.1819468584e+00  4.3992047215e+00  3.1223451222e-01  2.3394332930e-01 -2.2879312849e-01  1.1045451635e+00  2.2508680231e+00  2.1736325795e+00  4.0964485365e-01  4.8182430250e-01 -2.3070132951e+00 -8.4285913959e-01  4.0004572278e+00  4.8706568348e+00  1.1687788053e+00  2.1558711026e+00  2.2699382552e-01 -9.4471509398e-01  2.9156114552e+00  2.1213404017e+00  1.3017418748e+00  2.4518568149e+00 -1.4790423465e+00  2.8789963043e+00  2.2884848625e+00  3.0993489447e+00 -3.7486791462e-01 -1.3096554786e+00 -2.3329400937e+00 -1.0364867276e-01  7.0772035497e-01 -1.9544050426e+00  1.3378941765e+00 -2.2912378873e-01  6.6112423231e-01  4.7183851516e-01 -1.9979595756e+00  9.5892193025e-01 -1.1865133663e+00 -1.4783418584e+00 -1.2715694103e+00 -1.5578874764e+00 -8.3183415606e-01 -1.6401608866e+00 -2.8674235709e-01 -1.9987901142e+00
ENERGY -6.454359012500e+02

JOB 8
COORDS -1.7809027013e+00  3.8524765266e-02  3.6367184784e+00  4.0836146337e+00  8.5399376618e-01  1.4667063778e+00 -6.0321191527e-01 -2.0602049405e-01  3.0047186099e+00  2.7243046348e+00  8.6806009859e-01  1.6516409941e+00 -1.2874942223e+00  1.8572543492e+00  2.6152561362e+00  3.2527823402e+00  1.4475283302e-01 -3.8013714636e-01 -2.6494968349e-01  5.0575814570e-01  8.4817655610e-01  8.2796453601e-01  2.4749763436e-01  1.0599487422e-01 -1.5475434692e+00  2.8052598506e-01  7.8880730964e-02  4.4716819416e-01 -2.4626334735e-01 -1.2741552235e+00 -1.0682359416e+00 -5.3729051795e-01 -1.1416350876e+00 -2.2359102040e+00  1.3335252380e+00  3.3342913824e+00  4.4037880798e+00  4.0267932311e-01  1.9740858648e-01 -2.6612677550e-01  9.5874179510e-01  2.2322702113e+00  2.1774969298e+00  4.0660922304e-01  4.5314639570e-01 -2.3434545771e+00 -6.0877332357e-01  4.2974863589e+00  4.8514310152e+00  1.1416452149e+00  2.1733876703e+00  1.0643528968e-02 -1.0933533148e+00  2.9383253872e+00  2.1016541444e+00  1.1551606845e+00  2.4823232021e+00 -1.3249800277e+00  2.8500505304e+00  2.1797521157e+00  3.1237211197e+00 -2.2209605666e-01 -1.3885430259e+00 -2.3018813751e+00 -2.4468715634e-01  6.7269169104e-01 -1.9873878287e+00  1.2408829023e+00 -2.1953590507e-01  6.5742728028e-01  5.2904468111e-01 -2.0225579061e+00  1.0075750737e+00 -1.1387983115e+00 -1.5703790411e+00 -1.2129859701e+00 -1.6029401127e+00 -9.4150808865e-01 -1.6185149875e+00 -2.9520850362e-01 -2.0539535832e+00
ENERGY -6.454510753412e+02

JOB 9
COORDS -1.7851472862e+00  2.0755677914e-01  3.7886378525e+00  4.0460630173e+00  8.5758628456e-01  1.5335288591e+00 -7.3295735363e-01 -2.3637248420e-01  3.0450652147e+00  2.6853867824e+00  8.0406922477e-01  1.6978269947e+00 -1.1984838731e+00  1.8700649999e+00  2.5664063980e+00  3.2675619181e+00  2.6946772253e-01 -3.7775638511e-01 -2.7734142656e-01  4.2381654604e-01  8.1221120944e-01  8.3575988304e-01  2.3313847249e-01  7.9686537009e-02 -1.5387113958e+00  1.8145804664e-01  1.3459847268e-02  4.9333598870e-01 -2.0263928826e-01 -1.3297147553e+00 -1.0112072565e+00 -5.5904638408e-01 -1.2360842929e+00 -2.0998469142e+00  1.5252699858e+00  3.4442392315e+00  4.3995174885e+00  5.2436627026e-01  2.3637091828e-01 -3.3196214952e-01  8.2964916035e-01  2.1961830178e+00  2.1722509901e+00  4.2075210124e-01  4.5754439020e-01 -2.3396728893e+00 -3.1752974583e-01  4.5559683020e+00  4.7931709170e+00  1.1153540401e+00  2.2731142909e+00 -2.4340030116e-01 -1.1980303033e+00  2.9790861627e+00  2.0435045300e+00  9.9653486731e-01  2.5411847038e+00 -1.1588935459e+00  2.8233638557e+00  2.0515800683e+00  3.1653194222e+00 -1.8792445851e-02 -1.4144246532e+00 -2.2760471058e+00 -4.0053367089e-01  5.7567393464e-01 -2.0160256819e+00  1.1356280034e+00 -2.4548250098e-01  6.8102713695e-01  6.1920836606e-01 -2.0330222274e+00  1.0947250870e+00 -1.0544252426e+00 -1.6627279920e+00 -1.1152109728e+00 -1.6378653973e+00 -1.0881236240e+00 -1.5569185705e+00 -2.9668843743e-01 -2.1454575105e+00
ENERGY -6.454627397737e+02

JOB 10
COORDS -1.7098842167e+00  4.0328221085e-01  3.9265831326e+00  3.9906376134e+00  8.5867462993e-01  1.4987203766e+00 -9.1474451546e-01 -2.9801095482e-01  3.0622136612e+00  2.6414132346e+00  6.8689719608e-01  1.6739243462e+00 -9.2380908309e-01  1.8549355077e+00  2.5548706610e+00  3.2145450633e+00  4.4794175781e-01 -4.5875843023e-01 -3.1040133676e-01  2.4856591884e-01  7.7640201542e-01  8.0363252247e-01  1.6987145060e-01  2.4536528125e-02 -1.5642128323e+00 -3.3113220685e-02 -2.1045771862e-02  4.7183850274e-01 -1.9190084542e-01 -1.4073988062e+00 -1.0097174626e+00 -6.3910057704e-01 -1.3305316027e+00 -1.7343981261e+00  1.7497777726e+00  3.5769306511e+00  4.3385046936e+00  7.1059523141e-01  1.6594896198e-01 -3.8132232331e-01  6.3427001603e-01  2.1544024884e+00  2.1295906724e+00  4.1752194109e-01  4.0330088440e-01 -2.2607108523e+00  3.5389304294e-02  4.7828011793e+00  4.7337921578e+00  1.0793159656e+00  2.2540439678e+00 -6.7834709149e-01 -1.3495455630e+00  2.9782698072e+00  2.0095366148e+00  7.2291689676e-01  2.5456562493e+00 -7.1973004141e-01  2.7619885741e+00  1.9984332426e+00  3.1095813467e+00  2.7828437308e-01 -1.5211264662e+00 -2.2436469402e+00 -7.1052730134e-01  5.0593264320e-01 -2.1190606602e+00  8.9866258447e-01 -1.9490136786e-01  6.0407142444e-01  6.8381611636e-01 -2.0560384082e+00  1.1203502072e+00 -9.8228105652e-01 -1.7983637107e+00 -1.0533274583e+00 -1.7304159385e+00 -1.2735740922e+00 -1.5794853006e+00 -3.3302385209e-01 -2.2108554793e+00
ENERGY -6.454713439705e+02

JOB 11
COORDS -1.6747391196e+00  7.0752471432e-01  3.9725886780e+00  3.9124275194e+00  8.6547544601e-01  1.6209979686e+00 -1.2409531344e+00 -1.9961034558e-01  3.0397142850e+00  2.5879155102e+00  5.3396002038e-01  1.7529439940e+00 -5.2552913668e-01  1.8403849413e+00  2.5544176228e+00  3.1487871663e+00  7.7194812623e-01 -3.8257399019e-01 -3.4454732494e-01  1.2947884053e-01  7.5982846551e-01  7.8623400044e-01  1.5728612741e-01  2.8694755570e-02 -1.5542613707e+00 -2.2394681107e-01 -7.6375745347e-02  5.0844348638e-01 -1.5109983655e-01 -1.4261420485e+00 -9.2656197997e-01 -7.3204706861e-01 -1.3946936874e+00 -1.2409150635e+00  1.9833375645e+00  3.6444460668e+00  4.2518614808e+00  1.0158284664e+00  2.8660591325e-01 -4.7824409967e-01  5.2253739117e-01  2.1194225328e+00  2.0857902491e+00  4.7123235948e-01  4.5275703467e-01 -2.2646390717e+00  5.2397207011e-01  4.8613348558e+00  4.6427354296e+00  1.0020694549e+00  2.4079822754e+00 -1.3835155278e+00 -1.2660562071e+00  2.9384212061e+00  1.9723603739e+00  3.3039752477e-01  2.6138647837e+00 -4.3351409294e-02  2.6323256412e+00  1.9949744517e+00  3.0428188193e+00  8.0217087956e-01 -1.4582159624e+00 -2.1910734407e+00 -9.7422176579e-01  4.0247759859e-01 -2.1768998979e+00  6.6930628634e-01 -2.2344777978e-01  5.6238896632e-01  7.6734599616e-01 -2.0255257234e+00  1.2339980664e+00 -8.5403998938e-01 -1.8477427132e+00 -8.7094900383e-01 -1.8241256278e+00 -1.3733953615e+00 -1.5089315729e+00 -4.4859168905e-01 -2.2742831498e+00
ENERGY -6.454774538944e+02

JOB 12
COORDS -1.4756841267e+00  7.7239881242e-01  4.0330550757e+00  3.8307624491e+00  8.8781991715e-01  1.6290968535e+00 -1.2845170804e+00 -1.3449704872e-01  3.0182199880e+00  2.5177376791e+00  5.0449725721e-01  1.7328603398e+00 -4.1570985854e-01  1.8377673357e+00  2.4976974245e+00  3.0755150121e+00  8.9738582008e-01 -3.8070652779e-01 -4.0832920586e-01  1.2663524710e-01  6.8937506296e-01  7.3632408937e-01  1.6951632011e-01 -1.9473855114e-02 -1.5876090037e+00 -2.8978877764e-01 -1.6085687428e-01  4.9512332317e-01 -1.6898062383e-01 -1.4742371347e+00 -9.1676226219e-01 -8.0393316297e-01 -1.4556032164e+00 -9.4160023652e-01  2.0022166849e+00  3.6910123255e+00  4.1675822821e+00  1.1356612924e+00  3.0846184056e-01 -5.8370743082e-01  5.4773284297e-01  2.0284849162e+00  2.0213502504e+00  5.0994024927e-01  4.2927397586e-01 -1.9613805467e+00  6.1271628597e-01  4.9870353252e+00  4.5541802666e+00  9.9690926819e-01  2.4266035526e+00 -1.5523764960e+00 -1.1754809698e+00  2.9082793136e+00  1.9096708836e+00  2.2157874593e-01  2.5770463330e+00  8.2683097867e-02  2.5935321735e+00  1.9043402128e+00  2.9700739127e+00  9.9283402458e-01 -1.4527823672e+00 -2.2059522133e+00 -1.0529943547e+00  3.2264672681e-01 -2.2394794092e+00  5.7637310441e-01 -3.3920724760e-01  5.2226849829e-01  7.4216605520e-01 -2.0865433050e+00  1.2551581888e+00 -8.4830544527e-01 -1.8730379438e+00 -8.1892971992e-01 -1.8921751062e+00 -1.4066144434e+00 -1.4935984350e+00 -5.6424614464e-01 -2.3516923579e+00
ENERGY -6.454809247721e+02

JOB 13
COORDS -1.1528959393e+00  7.5372280553e-01  4.0885619450e+00  3.7840255297e+00  8.5035952548e-01  1.7346591542e+00 -1.1323192544e+00 -1.1106873567e-01  3.0184451772e+00  2.4612418139e+00  4.9235774586e-01  1.7908990050e+00 -3.9607789808e-01  1.8978020113e+00  2.4337983903e+00  3.1153753541e+00  8.3290004847e-01 -3.0517589998e-01 -4.2555852123e-01  1.7124924567e-01  6.3021386423e-01  7.4885567363e-01  1.6017364517e-01 -2.9068060953e-02 -1.5785534037e+00 -2.5379478891e-01 -2.4984774968e-01  5.6105215061e-01 -2.3124987797e-01 -1.4784485223e+00 -8.6833278018e-01 -8.2787667933e-01 -1.4983376321e+00 -6.9610824752e-01  2.0025888268e+00  3.7111440334e+00  4.1812674373e+00  1.0658383993e+00  4.2482156211e-01 -6.3585049983e-01  6.2847872118e-01  1.9517723644e+00  2.0212183215e+00  4.7837897065e-01  4.6660231981e-01 -1.4694096196e+00  5.4992015407e-01  5.1034085456e+00  4.4750975830e+00  9.6237864060e-01  2.5598772139e+00 -1.3984848723e+00 -1.1528443264e+00  2.9117785712e+00  1.8156154156e+00  2.3613938567e-01  2.6159186834e+00 -1.9223080857e-05  2.6797113307e+00  1.7987909784e+00  3.0566354168e+00  9.0775451962e-01 -1.3825321354e+00 -2.2285489700e+00 -9.8747323274e-01  2.3883515807e-01 -2.2080053231e+00  6.1485681260e-01 -4.8643029056e-01  6.4109212886e-01  6.5256368494e-01 -2.1249425920e+00  1.3191762468e+00 -9.4583486050e-01 -1.8140827238e+00 -8.0343465800e-01 -1.9162465745e+00 -1.4123150279e+00 -1.4003382902e+00 -6.0160109743e-01 -2.4251123209e+00
ENERGY -6.454819958443e+02

