JOB 0
COORDS -4.5284567647e-01 -1.7051974636e+00  1.5207156775e-01 -1.4911467250e+00 -2.6257535407e+00 -4.5681179871e-01  1.4462404327e-01  4.8049707336e-01  2.1514697411e+00 -1.0760788408e-01 -2.0127488751e+00  1.6020314736e+00  1.1038477547e+00 -1.1971847582e+00  3.5190598892e+00  5.0037490877e-01 -9.2237999477e-01  2.3528081164e+00  8.1229917834e-02 -8.1265943665e-01 -4.8432590385e-01  1.2176353920e+00 -2.3987909876e+00  3.7811762619e+00 -2.4847761342e+00 -2.3404896261e+00 -9.0096598734e-02 -1.4744137370e+00 -2.5354922330e+00 -1.5436955266e+00 -1.3259823993e+00 -3.6669382440e+00 -1.5993533372e-01 -9.4213683839e-01  6.1503714189e-01  2.2161541046e+00  6.2236224565e-01  1.0459778568e+00  2.9520538776e+00  4.9081743349e-01  8.2719534203e-01  1.1787225715e+00  5.9454835899e-01 -2.8554097431e+00  1.6060925696e+00 -9.9848913042e-01 -2.3802137393e+00  2.1313122642e+00
ENERGY -4.171915612790e+02

JOB 1
COORDS -4.0883960186e-01 -1.7339973536e+00  1.5651359821e-01 -1.4431457289e+00 -2.6292959392e+00 -4.9543141686e-01  1.0718663166e-01  4.8305523064e-01  2.1992962300e+00 -1.9685249452e-01 -1.9829667491e+00  1.6440795216e+00  1.2510233502e+00 -1.1932511745e+00  3.4236606045e+00  4.8814123807e-01 -9.1655192188e-01  2.3539406179e+00  2.1527798504e-01 -8.9256654923e-01 -4.6680600837e-01  1.4285060726e+00 -2.3917860580e+00  3.6569778070e+00 -2.4466472088e+00 -2.2864069878e+00 -2.1535253020e-01 -1.3426390011e+00 -2.5815085841e+00 -1.5805028704e+00 -1.3490817543e+00 -3.6649201272e+00 -1.5175966846e-01 -9.6561137450e-01  6.1104980314e-01  2.3912660019e+00  6.7236989562e-01  1.0544365929e+00  2.9363547579e+00  3.3955337300e-01  8.3073250467e-01  1.1925811534e+00  4.0569814172e-01 -2.8913820720e+00  1.7610099823e+00 -1.1627652951e+00 -2.2027637959e+00  2.1231016195e+00
ENERGY -4.171927347844e+02

JOB 2
COORDS -3.8036639908e-01 -1.7891498546e+00  1.5384030406e-01 -1.3952463827e+00 -2.6857383020e+00 -5.2612208211e-01  8.9697241747e-02  4.7590600184e-01  2.2254550454e+00 -2.7569845051e-01 -1.9689063739e+00  1.6652546028e+00  1.3831921040e+00 -1.2102623566e+00  3.2835365438e+00  4.6771122602e-01 -9.2540913133e-01  2.3439137840e+00  3.0261030524e-01 -9.8707047874e-01 -4.5851967300e-01  1.6201213082e+00 -2.4079348104e+00  3.4584725522e+00 -2.4045816163e+00 -2.3048868330e+00 -3.2783864291e-01 -1.2239055936e+00 -2.6877380790e+00 -1.6033824063e+00 -1.3527891003e+00 -3.7074733877e+00 -1.3435931982e-01 -9.5717849717e-01  6.1557720178e-01  2.5226427686e+00  7.3233638193e-01  1.0453742573e+00  2.8978472988e+00  2.2658015068e-01  8.1913392086e-01  1.1986247204e+00  2.3783396944e-01 -2.9145078718e+00  1.8748619362e+00 -1.2854156447e+00 -2.0608580518e+00  2.0919420863e+00
ENERGY -4.171937440097e+02

JOB 3
COORDS -3.9635402285e-01 -1.8202746722e+00  1.9891692255e-01 -1.3735644303e+00 -2.7363694702e+00 -5.0917804117e-01  5.2027776643e-02  4.8852098696e-01  2.3040365143e+00 -3.9202912396e-01 -1.9333528384e+00  1.7238071257e+00  1.4423813799e+00 -1.2312512858e+00  3.1762347804e+00  4.0043407144e-01 -9.2107218007e-01  2.3896486815e+00  3.3056168455e-01 -1.0452408948e+00 -3.9618626890e-01  1.7123748191e+00 -2.4313829524e+00  3.2648266193e+00 -2.3960328914e+00 -2.3729804298e+00 -3.4983001647e-01 -1.1626909572e+00 -2.7454236591e+00 -1.5793603978e+00 -1.3262640335e+00 -3.7540288370e+00 -1.0730713781e-01 -9.6248869539e-01  6.5482730738e-01  2.6860336667e+00  7.6346213912e-01  1.0407447807e+00  2.9192736569e+00  1.1455760648e-01  8.3171982911e-01  1.2688739182e+00  2.8166738729e-02 -2.9052204451e+00  2.0063875278e+00 -1.4276647390e+00 -1.9089208364e+00  2.0907441649e+00
ENERGY -4.171944750919e+02

JOB 4
COORDS -7.1927718732e-01 -1.8089611008e+00  1.8978946307e-01 -1.5589049056e+00 -2.8708959355e+00 -4.8805539405e-01 -3.2167543805e-02  5.1014137692e-01  2.3555187155e+00 -7.5597850002e-01 -1.8289472099e+00  1.7229110049e+00  1.3168324215e+00 -1.3673803040e+00  2.9206114471e+00  1.9058747611e-01 -9.2691202004e-01  2.3430042189e+00 -5.7232149192e-02 -9.9453832435e-01 -4.2698918039e-01  1.5041777531e+00 -2.5863070557e+00  2.8661054957e+00 -2.5402570993e+00 -2.9708405019e+00 -1.2271383532e-02 -1.6747667684e+00 -2.6374007300e+00 -1.5473982402e+00 -1.0521387061e+00 -3.8384612886e+00 -3.8935789602e-01 -9.6140704501e-01  7.4857625431e-01  2.8864117975e+00  8.0931852961e-01  9.6951172271e-01  2.8757281753e+00 -8.5552968138e-02  8.9169960513e-01  1.3328186692e+00 -5.4286576367e-01 -2.8399006500e+00  2.0819517044e+00 -1.7732146152e+00 -1.5669497365e+00  2.0427051758e+00
ENERGY -4.171950316180e+02

JOB 5
COORDS -7.2897920545e-01 -1.8220803793e+00  2.1066759553e-01 -1.4894445920e+00 -2.9476614603e+00 -4.5420911334e-01 -1.1089687604e-02  5.2232646860e-01  2.4392446537e+00 -8.4021752235e-01 -1.7669288971e+00  1.7421534019e+00  1.3443143358e+00 -1.4134187390e+00  2.7345925886e+00  1.5919819139e-01 -9.1974172105e-01  2.3575895734e+00 -7.6010209096e-02 -1.0015312037e+00 -4.0703911855e-01  1.4972916669e+00 -2.6225021994e+00  2.5307875808e+00 -2.4923398674e+00 -3.0574522645e+00 -2.7105316837e-02 -1.5536798450e+00 -2.7759167863e+00 -1.5295795611e+00 -9.5569337175e-01 -3.8879016650e+00 -2.7084774647e-01 -9.0965973856e-01  7.6772912593e-01  3.0160147721e+00  8.6591952375e-01  9.3029726544e-01  2.9434035569e+00 -8.9950901878e-02  9.5109031708e-01  1.4360115794e+00 -7.5097046412e-01 -2.7739084953e+00  2.1572449725e+00 -1.8352381199e+00 -1.3811472510e+00  1.9943596843e+00
ENERGY -4.171956046893e+02

JOB 6
COORDS -7.6111431142e-01 -1.8206786039e+00  1.9361646376e-01 -1.3618337314e+00 -3.0645488335e+00 -4.1554141685e-01  7.6594530309e-02  5.1919616269e-01  2.5339645716e+00 -9.4034485661e-01 -1.6626928389e+00  1.7145049303e+00  1.3325151816e+00 -1.5055945332e+00  2.4936352816e+00  1.4662217312e-01 -9.1830185110e-01  2.3214080033e+00 -1.8388752179e-01 -9.6557212262e-01 -4.5273913812e-01  1.3758872252e+00 -2.6868669826e+00  2.1272528345e+00 -2.3833485989e+00 -3.2262346208e+00 -5.2492577671e-02 -1.3560139618e+00 -2.9944288733e+00 -1.5040899288e+00 -7.6516577473e-01 -3.9282500905e+00 -9.9719368625e-02 -7.4403115385e-01  7.6505694685e-01  3.2160853175e+00  1.0227972557e+00  8.3416935681e-01  2.9757802216e+00 -7.0836207017e-02  1.0346326292e+00  1.5799019528e+00 -1.0192719284e+00 -2.6418904877e+00  2.1927296276e+00 -1.8710106483e+00 -1.1130759843e+00  1.8894682941e+00
ENERGY -4.171961068903e+02

JOB 7
COORDS -8.0180261576e-01 -1.8671834782e+00  2.0448468994e-01 -1.3066910172e+00 -3.1928037709e+00 -3.0962006000e-01  8.4258815621e-02  5.2243904611e-01  2.6105061465e+00 -1.0226329034e+00 -1.5862799694e+00  1.7045591073e+00  1.3095904229e+00 -1.4888883421e+00  2.2742059579e+00  1.1594574278e-01 -8.9958529671e-01  2.2981100377e+00 -2.8765344655e-01 -1.0192117105e+00 -5.0233688308e-01  1.2972386161e+00 -2.6344072863e+00  1.8029151416e+00 -2.3498908394e+00 -3.3522048860e+00 -1.1748794205e-02 -1.2200792265e+00 -3.2318254446e+00 -1.3962919305e+00 -7.1053872943e-01 -3.9938417179e+00  1.4023980113e-01 -6.8567351605e-01  7.2980592280e-01  3.3601009432e+00  1.0620831504e+00  7.9575590928e-01  3.0086893643e+00 -1.1714595788e-01  1.1049078366e+00  1.7055767362e+00 -1.2066989698e+00 -2.5191870567e+00  2.2447548385e+00 -1.8972866229e+00 -9.3893547923e-01  1.8098806091e+00
ENERGY -4.171958862828e+02

JOB 8
COORDS -7.9057974433e-01 -1.8895347718e+00  1.5847566074e-01 -1.2609709568e+00 -3.2628599776e+00 -2.5603595270e-01  7.5336680987e-02  4.9815431037e-01  2.7525596513e+00 -1.0699734777e+00 -1.4753360886e+00  1.6193758909e+00  1.2946236768e+00 -1.4343245643e+00  2.1080627218e+00  9.8774944932e-02 -8.7129877878e-01  2.2552305008e+00 -3.0608210472e-01 -1.0799280153e+00 -6.1255267172e-01  1.2688286622e+00 -2.5324266065e+00  1.5371679431e+00 -2.3379562367e+00 -3.3640911039e+00 -7.2072310967e-02 -1.0565780816e+00 -3.4197751165e+00 -1.3159036629e+00 -7.4857128634e-01 -4.0223947902e+00  3.4140706638e-01 -6.5927874139e-01  5.9640044798e-01  3.5576279422e+00  1.0688397140e+00  7.2865175851e-01  3.1383723096e+00 -1.7294194285e-01  1.1950774726e+00  1.9450015310e+00 -1.3965424638e+00 -2.3421768038e+00  2.2039101924e+00 -1.8693261664e+00 -7.3084609457e-01  1.6202457938e+00
ENERGY -4.171939797089e+02

JOB 9
COORDS -8.2845987781e-01 -1.8963464950e+00  1.0388776194e-01 -1.2302879555e+00 -3.3316066973e+00 -1.4664349018e-01  6.6266818533e-02  4.5281657849e-01  2.8935899606e+00 -1.1115003781e+00 -1.3230156835e+00  1.5110862755e+00  1.2889779218e+00 -1.3422662769e+00  1.9460857372e+00  9.2380493732e-02 -8.1869031250e-01  2.1815648093e+00 -4.5118632933e-01 -1.1414119683e+00 -7.7668085324e-01  1.2726657057e+00 -2.3778240497e+00  1.2694607757e+00 -2.3248333878e+00 -3.4113787433e+00 -1.1250939135e-01 -8.8492397046e-01 -3.6397573825e+00 -1.1343545437e+00 -8.1842415098e-01 -3.9923083428e+00  6.1960383600e-01 -6.4496298561e-01  4.0536349936e-01  3.7241123288e+00  1.0671886578e+00  6.3821358013e-01  3.2839413425e+00 -2.2054868710e-01  1.2669554705e+00  2.2191440042e+00 -1.5877029991e+00 -2.0796986187e+00  2.1457787767e+00 -1.7964734696e+00 -4.7983917034e-01  1.3975297323e+00
ENERGY -4.171909153584e+02

JOB 10
COORDS -1.2325377657e+00 -1.5664387816e+00  3.8819019294e-01 -9.2289310755e-01 -1.8524384801e-01 -1.5586095633e-01  1.3804133127e-01 -1.3283708546e+00  4.0063369114e+00 -1.2591329682e+00 -1.7624936048e+00  1.9121373246e+00  1.0708271812e+00 -1.3148209039e+00  1.7612982366e+00  6.4407606346e-03 -1.4314628397e+00  2.5546460801e+00 -1.5533197893e+00 -2.4903078096e+00 -3.3724473337e-01  2.1300753969e+00 -1.0848557664e+00  2.3519164806e+00 -1.2988647679e-02 -2.4008173328e-01 -7.5825623405e-01 -1.7440983951e+00  1.2162544486e-01 -8.1081732030e-01 -7.7556194604e-01  5.5908076651e-01  6.2999770155e-01  8.3351559215e-01 -2.0880039135e+00  4.3753871042e+00  5.3295918287e-01 -3.4589313705e-01  4.2807032729e+00 -8.4549224289e-01 -1.4751105478e+00  4.4530613136e+00 -1.5357208912e+00 -2.8026014399e+00  2.1130834229e+00 -2.0413734841e+00 -1.1092543202e+00  2.3215084936e+00
ENERGY -4.171900097492e+02

JOB 11
COORDS -1.1989632539e+00 -1.7322010219e+00  4.4434570881e-01 -7.5868494360e-01 -4.0052843721e-01 -1.2953607972e-01 -5.9057988766e-02 -1.8475022895e+00  4.1451255225e+00 -1.3883445309e+00 -1.8384259920e+00  1.9682116501e+00  9.9113198790e-01 -1.7022910657e+00  1.9566146687e+00 -1.1786841525e-01 -1.8110954681e+00  2.6861494820e+00 -1.4982700447e+00 -2.6771578116e+00 -2.6243932493e-01  2.0354329030e+00 -1.6467215849e+00  2.6126274110e+00  5.0885986137e-02 -5.6985950988e-01 -8.4245897452e-01 -1.6033619000e+00  3.4957905128e-02 -6.7572027354e-01 -4.2295278266e-01  3.0182175987e-01  6.3578732389e-01  5.8171548618e-01 -2.6714074194e+00  4.4706151134e+00  3.6292180151e-01 -9.1527777241e-01  4.5338845999e+00 -1.0704478634e+00 -1.9880979030e+00  4.5274262583e+00 -1.9115515491e+00 -2.7765518119e+00  2.1749277326e+00 -2.0122161275e+00 -1.0010810906e+00  2.3105824201e+00
ENERGY -4.171890745081e+02

JOB 12
COORDS -1.9593604288e+00 -9.9045088341e-01  7.1100315117e-01 -1.3377722976e+00  6.7666464246e-02 -1.7971761525e-01  1.1312370840e+00 -2.3966714039e+00  2.5826333695e+00 -1.0488215261e+00 -2.0855468068e+00  1.2882074136e+00 -7.9665017165e-02 -2.8988462930e-01  2.5077902970e+00  3.1695936921e-02 -1.5572929923e+00  2.1115681206e+00 -3.1607980858e+00 -1.0535694890e+00  8.9893398982e-01  8.2877901799e-01  9.9088631996e-02  3.2475160766e+00 -2.6792492850e-01 -8.4186568170e-02 -3.3950923715e-01 -1.8623870748e+00  6.4341749107e-02 -1.1401149259e+00 -1.4853722676e+00  1.0469911473e+00  2.8182553811e-01  1.0067908507e+00 -3.3953668183e+00  2.1636171549e+00  2.0902558441e+00 -1.9743844164e+00  2.2688282187e+00  1.1241555749e+00 -2.4456756458e+00  3.6755422853e+00 -6.1030924898e-01 -2.6369536390e+00  4.4563333345e-01 -1.6745300716e+00 -2.7738188587e+00  1.8655798775e+00
ENERGY -4.171900077032e+02

JOB 13
COORDS -1.9254002914e+00 -1.0378257213e+00  7.2513695752e-01 -1.2423546241e+00  1.7223316956e-02 -1.2101619984e-01  1.2427092038e+00 -2.3533963916e+00  2.5173641727e+00 -1.0555727157e+00 -2.0938009821e+00  1.4244309971e+00 -6.7419201931e-02 -3.1065844748e-01  2.6347937973e+00  8.6982359023e-02 -1.5412584664e+00  2.1410864605e+00 -3.1373093444e+00 -1.1291346659e+00  8.0045804338e-01  8.6204773898e-01  7.9200355450e-02  3.3468415391e+00 -2.1992424929e-01 -2.6078753250e-01 -3.9085958983e-01 -1.8403024717e+00  1.9249715574e-01 -1.0183939809e+00 -1.1960150775e+00  9.4906813478e-01  4.4941828274e-01  1.1948329573e+00 -3.2969133056e+00  1.9734814153e+00  2.1656575817e+00 -1.8229653661e+00  2.2701572507e+00  1.2407367158e+00 -2.5444805920e+00  3.5955638007e+00 -6.7549588938e-01 -2.7621269360e+00  6.4216960144e-01 -1.7002155871e+00 -2.6776277140e+00  2.0897817873e+00
ENERGY -4.171907872894e+02

JOB 14
COORDS -2.0363274284e+00 -1.1781917689e+00  6.0646468374e-01 -1.3089532638e+00 -1.1630299274e-01 -1.8885485051e-01  1.2120190263e+00 -2.2707772746e+00  2.3234831773e+00 -1.2091969808e+00 -2.1433941290e+00  1.4716331126e+00 -2.3868667594e-01 -3.5563595729e-01  2.6749795286e+00 -3.8817351550e-02 -1.5465945600e+00  2.1036640780e+00 -3.2404728712e+00 -1.3455223620e+00  5.3723620508e-01  7.2388715606e-01  7.5603253227e-02  3.3155315891e+00 -3.1833289224e-01 -4.5572117205e-01 -5.0745218539e-01 -1.9153921082e+00  1.6354949727e-01 -1.0519340969e+00 -1.1621356595e+00  7.6544023969e-01  4.4221759082e-01  1.1962281837e+00 -3.1828318562e+00  1.7269647820e+00  2.0587563701e+00 -1.6452158420e+00  2.0299263079e+00  1.3302310121e+00 -2.5215001036e+00  3.3830049262e+00 -8.5901579242e-01 -2.9341984047e+00  8.0009965027e-01 -1.8798063924e+00 -2.5998241896e+00  2.2063942542e+00
ENERGY -4.171912826592e+02

JOB 15
COORDS -1.9145304074e+00 -1.2650255782e+00  4.8181944315e-01 -1.0623724158e+00 -1.6789379270e-01 -1.1508222691e-01  1.2168492102e+00 -2.1568065807e+00  2.1273805484e+00 -1.3033207489e+00 -2.1627579220e+00  1.5735418426e+00 -3.4221726410e-01 -4.6976640389e-01  2.9060174400e+00 -1.3780808029e-01 -1.6216933136e+00  2.2621320886e+00 -3.0536819738e+00 -1.4943137465e+00  1.1828667197e-01  6.7480458542e-01  3.2283261404e-02  3.3952092708e+00 -4.8879633115e-02 -5.2519366648e-01 -3.2811618154e-01 -1.5337632401e+00  2.0080493808e-01 -1.0269344786e+00 -9.6645469434e-01  6.5447380314e-01  6.0134642742e-01  1.1680220612e+00 -3.0965147478e+00  1.5779625673e+00  1.8599054163e+00 -1.4449203799e+00  1.5989382296e+00  1.6497240762e+00 -2.3259257926e+00  3.1167104411e+00 -1.0145176838e+00 -3.1020933065e+00  1.0960406218e+00 -2.0976862424e+00 -2.3936855525e+00  2.2878115038e+00
ENERGY -4.171918796827e+02

JOB 16
COORDS -1.6922491075e+00 -1.4992819324e+00  3.1824416033e-01 -1.1029893143e+00 -1.5113178541e-01 -2.4866043396e-02  1.1920870992e+00 -2.1824078053e+00  2.0524327520e+00 -1.3307407848e+00 -2.1457991596e+00  1.6705784273e+00 -2.6476663072e-01 -4.4503317522e-01  2.9194434079e+00 -1.3780820484e-01 -1.6443359270e+00  2.3362707793e+00 -2.4742733470e+00 -2.0881792023e+00 -4.0738225507e-01  8.0051318439e-01  7.0799946055e-02  3.2687906943e+00 -8.6493340604e-03 -2.0042310863e-01 -4.8580810671e-02 -1.4790664820e+00  1.7020065156e-01 -9.9668234422e-01 -1.3635458747e+00  5.8397796714e-01  7.4359490776e-01  1.0772727699e+00 -3.1706285369e+00  1.6071903922e+00  1.7430206894e+00 -1.5256602989e+00  1.3692522261e+00  1.7638072588e+00 -2.2538647731e+00  2.9800296049e+00 -1.2511414058e+00 -3.2242391866e+00  1.5284095241e+00 -2.1860916384e+00 -1.9659137353e+00  2.3304420234e+00
ENERGY -4.171934207735e+02

JOB 17
COORDS -1.6340231623e+00 -1.5662205559e+00  2.8896319691e-01 -1.1238979847e+00 -1.8071286526e-01 -3.6755079447e-02  1.1571773607e+00 -2.1411551327e+00  1.9847610073e+00 -1.3776045507e+00 -2.1058870340e+00  1.7075747473e+00 -2.7984337975e-01 -5.0294635008e-01  3.0621593368e+00 -1.6273071918e-01 -1.6257373797e+00  2.3420708474e+00 -2.2658213896e+00 -2.2478825600e+00 -4.9904845081e-01  7.9313534562e-01 -2.1651116129e-02  3.4362294151e+00 -2.8186997212e-02 -1.7572898983e-01 -6.0578370944e-02 -1.5078996132e+00  1.3028709258e-01 -1.0088950100e+00 -1.4208823757e+00  5.3278631483e-01  7.3900422688e-01  1.0246811720e+00 -3.0525165342e+00  1.4013315894e+00  1.7187746980e+00 -1.4017906363e+00  1.4034517279e+00  1.7279513125e+00 -2.3562304092e+00  2.8913010076e+00 -1.3882923179e+00 -3.1970949150e+00  1.6729132017e+00 -2.2183578561e+00 -1.7781712117e+00  2.3284635889e+00
ENERGY -4.171948516077e+02

JOB 18
COORDS -1.6705314831e+00 -1.5624755271e+00  3.3704823451e-01 -1.1458477733e+00 -1.9448140435e-01 -3.8771372371e-02  1.1082711646e+00 -2.1163638568e+00  1.9346863074e+00 -1.4373157029e+00 -2.0323635948e+00  1.7818872935e+00 -2.5592961418e-01 -5.9708622014e-01  3.2585958043e+00 -1.8430846078e-01 -1.5870670975e+00  2.3615232921e+00 -2.2848533131e+00 -2.2773307113e+00 -4.3511164018e-01  8.3821068516e-01 -2.0896464912e-01  3.6773740759e+00 -5.3803646501e-02 -2.2601825569e-01 -1.2854610254e-01 -1.5725763749e+00  1.1244060537e-01 -9.9442742739e-01 -1.3746673763e+00  5.4054090307e-01  7.3991075628e-01  9.3379457869e-01 -2.9003884255e+00  1.1971876682e+00  1.7231297395e+00 -1.3218217356e+00  1.5006316747e+00  1.6476303604e+00 -2.5246928212e+00  2.7939805535e+00 -1.5175563163e+00 -3.1223332782e+00  1.8083634597e+00 -2.2388571823e+00 -1.6127415298e+00  2.3991137009e+00
ENERGY -4.171952196310e+02

JOB 19
COORDS -1.5611631585e+00 -1.6211471000e+00  2.7878294765e-01 -1.0526614083e+00 -2.5923053619e-01 -1.4110647565e-01  1.1654437148e+00 -2.0598918899e+00  1.9053564111e+00 -1.3792299128e+00 -2.0147021497e+00  1.7510362352e+00 -2.3312388641e-01 -7.3060458645e-01  3.3882743891e+00 -1.3458499340e-01 -1.5494799560e+00  2.3332399092e+00 -2.1200798448e+00 -2.3875786900e+00 -4.8616685712e-01  8.4849211030e-01 -4.1976455511e-01  3.8930795035e+00  4.0853957130e-02 -2.7795893512e-01 -2.1430013221e-01 -1.4678099522e+00  3.2332631297e-03 -1.1150599141e+00 -1.3043022013e+00  5.0216379556e-01  6.0436787042e-01  1.0145028146e+00 -2.7187124178e+00  1.0494752489e+00  1.8257185885e+00 -1.2328501210e+00  1.6301936208e+00  1.6409160977e+00 -2.6123705507e+00  2.7217790201e+00 -1.4744147081e+00 -3.1025251090e+00  1.8280172443e+00 -2.1881525529e+00 -1.5559240354e+00  2.3296489632e+00
ENERGY -4.171948691589e+02

JOB 20
COORDS -1.5439463564e+00 -1.6353365007e+00  2.8848575350e-01 -1.0722384670e+00 -2.8238905635e-01 -1.9999350418e-01  1.1549679573e+00 -1.9882553205e+00  1.8716638711e+00 -1.3884838421e+00 -1.9341725056e+00  1.7835239729e+00 -2.0736153683e-01 -8.2467893558e-01  3.5135482881e+00 -1.2888509444e-01 -1.4642946406e+00  2.3358003093e+00 -2.0542467192e+00 -2.4640634003e+00 -4.4515359782e-01  8.8105600096e-01 -6.1726661195e-01  4.0524940897e+00  2.2579215373e-02 -2.6234199109e-01 -2.4352705314e-01 -1.4694078453e+00 -9.3977516217e-02 -1.1983321286e+00 -1.3728807569e+00  5.1165474879e-01  4.9129309268e-01  9.9422134577e-01 -2.5307160223e+00  9.3943202331e-01  1.8597278341e+00 -1.1690202700e+00  1.7103677853e+00  1.5835116322e+00 -2.6597531399e+00  2.6231156928e+00 -1.5125197734e+00 -3.0134428603e+00  1.9265899817e+00 -2.1851011413e+00 -1.4191397750e+00  2.3307937848e+00
ENERGY -4.171938272137e+02

JOB 21
COORDS -1.1192271093e+00 -1.5862942482e+00  5.4682925636e-01 -1.2527565107e+00 -2.6091904980e+00 -5.6322714597e-01  7.3762254217e-01  3.6732470626e-01  1.9926018799e+00 -1.7639901307e-01 -1.9875363635e+00  1.6737191316e+00  5.4569453520e-01 -1.1253639360e+00  3.8235857992e+00  2.5248264047e-01 -8.9772449322e-01  2.5332591868e+00 -1.7325881497e+00 -5.3280875781e-01  5.4387129767e-01  2.9404856102e-01 -2.2607756115e+00  4.2358912276e+00 -1.3289947458e+00 -3.6257535782e+00 -1.6288139612e-01 -2.1254275427e+00 -2.3787689047e+00 -1.1756890231e+00 -3.5627517798e-01 -2.5775646208e+00 -1.1943756440e+00 -7.2495947586e-02  9.0517481520e-01  1.4998917262e+00  1.1231921825e+00  9.4932276622e-01  2.8303212610e+00  1.5483898873e+00  1.9065521749e-01  1.2745744833e+00  6.9629380501e-01 -2.5117310599e+00  1.2561330569e+00 -6.8726986609e-01 -2.7211022808e+00  2.3084114976e+00
ENERGY -4.171927346066e+02

JOB 22
COORDS -1.0872797132e+00 -1.5683302970e+00  5.0582706631e-01 -1.1941595639e+00 -2.6245403385e+00 -5.7553257633e-01  6.7674975361e-01  3.8323289697e-01  1.9927448191e+00 -2.6832209875e-01 -1.9864023310e+00  1.7185585107e+00  7.0466985640e-01 -1.1818077920e+00  3.7703650140e+00  2.4502301797e-01 -8.9995571526e-01  2.5419836205e+00 -1.6421665763e+00 -4.8607257852e-01  4.1799611932e-01  5.1208151570e-01 -2.3413659709e+00  4.1497021520e+00 -1.3585278268e+00 -3.6191591733e+00 -1.4735901382e-01 -2.0027788794e+00 -2.3709200466e+00 -1.2622218690e+00 -2.5092551062e-01 -2.6666349970e+00 -1.1337109445e+00 -1.7684092572e-01  9.4497844671e-01  1.6157412059e+00  1.1650151693e+00  9.2570840930e-01  2.8028866777e+00  1.3956052105e+00  2.3086461432e-01  1.1783652849e+00  5.5759634627e-01 -2.6418330308e+00  1.4068188148e+00 -9.0709814722e-01 -2.6147170509e+00  2.3512536427e+00
ENERGY -4.171915612765e+02

JOB 23
COORDS -1.0275231542e+00 -1.5417218874e+00  4.5431637439e-01 -1.1613650278e+00 -2.6471226166e+00 -5.7345537280e-01  6.1687861783e-01  4.2042622777e-01  2.0402010911e+00 -3.4603687500e-01 -1.9693746161e+00  1.7471097054e+00  8.9471669863e-01 -1.2677825113e+00  3.6761557360e+00  2.8864039957e-01 -9.1634014507e-01  2.5347051153e+00 -1.4693009462e+00 -4.2103592178e-01  2.6573038266e-01  7.3482752504e-01 -2.4488796850e+00  4.0064217540e+00 -1.4584724080e+00 -3.5921135216e+00 -1.0616119907e-01 -1.8851036620e+00 -2.3587732535e+00 -1.3368317333e+00 -1.8703864574e-01 -2.8170336579e+00 -1.0477927769e+00 -2.8749151037e-01  9.9452950042e-01  1.8437865386e+00  1.2146178734e+00  8.9748499203e-01  2.8174561689e+00  1.2035654578e+00  3.6164484462e-01  1.1171616130e+00  3.9325104823e-01 -2.7544906784e+00  1.5428280759e+00 -1.1080262320e+00 -2.4604484109e+00  2.3674260028e+00
ENERGY -4.171902931347e+02

