JOB 0
COORDS  4.6270966907e+00  1.3396068373e+00  7.7897343436e-01  5.8153141152e+00  1.0964818445e+00  8.1976952906e-02  3.5008888077e+00  5.7586944480e-01  4.8197884502e-01  5.8618472377e+00  1.0186999671e-01 -8.9245929215e-01  3.5148826076e+00 -4.4491842279e-01 -4.8807209033e-01  4.7286181062e+00 -6.7441283348e-01 -1.1846186648e+00  2.2836735611e+00 -1.2595640893e+00 -7.4099741161e-01  9.6114527775e-01 -7.4573545047e-01 -1.8042207362e-01  2.3102363939e+00 -2.3131868245e+00 -1.3628705271e+00  4.7809429603e+00 -1.6336442224e+00 -2.1487385267e+00  4.5813080674e+00  2.1127963329e+00  1.5400151439e+00  6.7065524383e+00  1.6816155454e+00  2.9318973349e-01  2.5831226436e+00  7.7035212085e-01  1.0261850846e+00  6.7867794651e+00 -8.1710406663e-02 -1.4377244471e+00  7.8140264484e-01  3.0045880525e-01 -4.4689708827e-01  9.4773255729e-01 -8.1789047805e-01  9.1296363191e-01  1.5982773133e-01 -1.3695544583e+00 -5.7816163322e-01  5.6685727122e+00 -1.6233753493e+00 -2.5432211303e+00
ENERGY -4.601918075136e+02

JOB 1
COORDS  4.6585127863e+00  1.3253513835e+00  8.3764626312e-01  5.8224142999e+00  1.1218461310e+00  8.9408448805e-02  3.5350958587e+00  5.4536035300e-01  5.6779935687e-01  5.8516976127e+00  1.4930072120e-01 -9.0934055369e-01  3.5390826431e+00 -4.5544184702e-01 -4.1976219413e-01  4.7252046547e+00 -6.4652450572e-01 -1.1678030887e+00  2.3294750640e+00 -1.3189274173e+00 -6.1797335372e-01  9.7167487217e-01 -7.2308053532e-01 -2.6498417279e-01  2.4123609849e+00 -2.4711556045e+00 -1.0185713319e+00  4.7422899153e+00 -1.5826471025e+00 -2.1579726213e+00  4.6282354249e+00  2.0805231107e+00  1.6173489733e+00  6.7086513597e+00  1.7220525893e+00  2.7799727643e-01  2.6327111562e+00  7.0616448848e-01  1.1492377284e+00  6.7567315972e+00  7.2225745331e-05 -1.4967236641e+00  8.6313378722e-01  3.0110823675e-01 -6.3385805907e-01  8.3730971076e-01 -7.0144716290e-01  8.2272241018e-01  1.9473258540e-01 -1.3600877167e+00 -6.9012823507e-01  5.6050501462e+00 -1.5480461579e+00 -2.6019171129e+00
ENERGY -4.601915112009e+02

JOB 2
COORDS  4.7331959504e+00  1.2636371222e+00  9.0019304806e-01  5.8505243330e+00  1.0925700678e+00  7.7769008499e-02  3.5968846655e+00  4.8552056161e-01  6.7324720490e-01  5.8259732047e+00  1.5244286453e-01 -9.5346837806e-01  3.5526908159e+00 -4.7977379754e-01 -3.4438305326e-01  4.6898185853e+00 -6.4090937006e-01 -1.1654801987e+00  2.3474376439e+00 -1.3659706001e+00 -4.9603176785e-01  9.8177995270e-01 -7.0740959609e-01 -3.7835877801e-01  2.4567359836e+00 -2.5681771280e+00 -6.8108850907e-01  4.6351232788e+00 -1.5488202433e+00 -2.1840681240e+00  4.7469849231e+00  1.9917315158e+00  1.7057132619e+00  6.7430346711e+00  1.6929145005e+00  2.3301440099e-01  2.7299164686e+00  6.1711670455e-01  1.3141439288e+00  6.6943019446e+00  2.9526029775e-02 -1.5993103203e+00  9.1247277074e-01  1.6526740623e-01 -1.0357810619e+00  8.0703245516e-01 -3.5588839275e-01  6.4455134350e-01  2.1089805799e-01 -1.4360317440e+00 -6.3378172995e-01  5.4731984521e+00 -1.5226002978e+00 -2.6726243323e+00
ENERGY -4.601907963281e+02

JOB 3
COORDS  4.7931923205e+00  1.2000926922e+00  9.9378307926e-01  5.8594682103e+00  1.0832223205e+00  9.7991269548e-02  3.6523825585e+00  4.1622306013e-01  8.0241275929e-01  5.7838611201e+00  1.9027940246e-01 -9.7361099396e-01  3.5638526458e+00 -4.9911869124e-01 -2.5381935389e-01  4.6453591248e+00 -6.0669059825e-01 -1.1483216523e+00  2.3643015197e+00 -1.4049521635e+00 -3.7699646529e-01  1.0135030124e+00 -7.3033565749e-01 -5.1734376389e-01  2.4840705120e+00 -2.6188486908e+00 -3.5511667086e-01  4.5216850081e+00 -1.4759211176e+00 -2.1987234952e+00  4.8484426272e+00  1.8910404031e+00  1.8297252724e+00  6.7520238214e+00  1.6897404241e+00  2.2638938208e-01  2.8235000717e+00  5.0007540321e-01  1.5009362744e+00  6.6114202243e+00  1.1060047933e-01 -1.6770883244e+00  9.8705666795e-01 -1.7614941781e-01 -1.4629741857e+00  8.5068074104e-01  2.4796720932e-03  2.7977192968e-01  2.1889882666e-01 -1.4783163575e+00 -5.0493808465e-01  5.3384704555e+00 -1.4590578243e+00 -2.7220217416e+00
ENERGY -4.601901775203e+02

JOB 4
COORDS  4.8517518830e+00  1.1634171743e+00  1.0561759579e+00  5.8579603086e+00  1.0883783025e+00  8.9341873456e-02  3.7104667831e+00  3.6673781192e-01  9.2041574097e-01  5.7233625314e+00  2.2663692449e-01 -1.0028102218e+00  3.5680921526e+00 -5.1435934881e-01 -1.5578200049e-01  4.5823326645e+00 -5.7512152490e-01 -1.1243747481e+00  2.3581700540e+00 -1.4159336978e+00 -2.5561850896e-01  1.0622067370e+00 -7.5123403109e-01 -6.6818082654e-01  2.4380944140e+00 -2.6069942640e+00 -9.0216923319e-03  4.3852773743e+00 -1.4207181328e+00 -2.1875240609e+00  4.9532173032e+00  1.8322677010e+00  1.9057151293e+00  6.7495018157e+00  1.7033465048e+00  1.7791225335e-01  2.9254769299e+00  4.1663737409e-01  1.6717580669e+00  6.5037372863e+00  1.7785523383e-01 -1.7608560693e+00  1.1731764326e+00 -3.6077425649e-01 -1.6868233914e+00  8.4809251258e-01  1.0879731047e-01 -2.4166533855e-02  2.3833881131e-01 -1.4664239778e+00 -6.3256138993e-01  5.1644803996e+00 -1.3950648242e+00 -2.7649044431e+00
ENERGY -4.601896347069e+02

JOB 5
COORDS  4.9160559241e+00  1.1365734975e+00  1.1236064895e+00  5.8488628638e+00  1.1017723188e+00  8.3652675305e-02  3.7790536392e+00  3.2452804035e-01  1.0545420552e+00  5.6437321548e+00  2.6810067102e-01 -1.0196530571e+00  3.5701357007e+00 -5.2789927105e-01 -3.2843374845e-02  4.5019527632e+00 -5.3825254984e-01 -1.0805765400e+00  2.3326816015e+00 -1.3957114743e+00 -1.1141426000e-01  1.1404562657e+00 -7.8368333619e-01 -8.1375700353e-01  2.3184530440e+00 -2.5209630119e+00  3.5690369162e-01  4.2273965471e+00 -1.3575943320e+00 -2.1505220340e+00  5.0710059592e+00  1.7866434387e+00  1.9796614424e+00  6.7377010878e+00  1.7255969305e+00  1.2397756532e-01  3.0513189978e+00  3.3989824971e-01  1.8625922077e+00  6.3675171731e+00  2.4752668397e-01 -1.8330829849e+00  1.4218384542e+00 -5.3599095271e-01 -1.8435615076e+00  8.5773076942e-01  1.5613375826e-01 -3.2598387592e-01  2.9870526557e-01 -1.4787861873e+00 -8.1227264110e-01  4.9511854643e+00 -1.2987751824e+00 -2.7938912468e+00
ENERGY -4.601900148921e+02

JOB 6
COORDS  4.9646008833e+00  1.0871091208e+00  1.1678444532e+00  5.8469331465e+00  1.0884110604e+00  8.4006230622e-02  3.8243310986e+00  2.7889205402e-01  1.1243313591e+00  5.5864126264e+00  2.9577560030e-01 -1.0374909064e+00  3.5543997697e+00 -5.2790882092e-01  1.4570247363e-02  4.4357312297e+00 -4.9894017605e-01 -1.0764737308e+00  2.2910490284e+00 -1.3567729074e+00 -3.0631373531e-02  1.1904688552e+00 -8.4630747977e-01 -9.3482541543e-01  2.1822215187e+00 -2.3746485629e+00  6.3325191759e-01  4.1182115701e+00 -1.2846288734e+00 -2.1613047527e+00  5.1624362441e+00  1.7053829187e+00  2.0385006165e+00  6.7405339603e+00  1.7063564667e+00  1.0540928502e-01  3.1369957430e+00  2.5991110815e-01  1.9664446960e+00  6.2745788151e+00  2.9752036762e-01 -1.8815558148e+00  1.5733151691e+00 -7.4519224314e-01 -1.9554185947e+00  8.7726442403e-01  1.5185177756e-01 -6.0711881673e-01  3.3950846323e-01 -1.5297716504e+00 -9.1668779397e-01  4.8160465559e+00 -1.2027707341e+00 -2.8303932596e+00
ENERGY -4.601914565663e+02

JOB 7
COORDS  5.0172736519e+00  1.0473224853e+00  1.2079848287e+00  5.8632625309e+00  1.0815007096e+00  9.5572680562e-02  3.8679055938e+00  2.5461371495e-01  1.1683380480e+00  5.5579156845e+00  3.3576403266e-01 -1.0457411526e+00  3.5428406973e+00 -4.9782472716e-01  3.2538084028e-02  4.3941536907e+00 -4.4066792400e-01 -1.0833818505e+00  2.2553897162e+00 -1.2841801724e+00  3.2515606366e-02  1.2193090564e+00 -9.2060658825e-01 -1.0093747024e+00  2.0621344087e+00 -2.1526932613e+00  8.7007947612e-01  4.0576104428e+00 -1.1911842541e+00 -2.1873823188e+00  5.2515215467e+00  1.6271865047e+00  2.0958547570e+00  6.7657851117e+00  1.6865572279e+00  1.1170393553e-01  3.2071431571e+00  2.0266513218e-01  2.0295231368e+00  6.2234608601e+00  3.5703316917e-01 -1.9075654024e+00  1.6435236548e+00 -1.0189595019e+00 -2.0121513412e+00  9.2738759022e-01  1.2866495125e-01 -8.8275737388e-01  3.4435898129e-01 -1.5642538359e+00 -9.0207841536e-01  4.7473057772e+00 -1.0893013318e+00 -2.8622362629e+00
ENERGY -4.601932613990e+02

JOB 8
COORDS  5.0067972672e+00  9.2296808760e-01  1.2782730550e+00  5.8268721167e+00  1.0021898414e+00  1.4800668750e-01  3.8345514304e+00  1.6899045279e-01  1.2190316506e+00  5.4696743509e+00  3.3894773965e-01 -1.0277478096e+00  3.4536830732e+00 -5.0347838153e-01  4.7973742406e-02  4.2798849760e+00 -3.9707561711e-01 -1.0857131108e+00  2.1348645343e+00 -1.2265633135e+00  5.4824976208e-02  1.2029347320e+00 -1.0634348975e+00 -1.1294546478e+00  1.8274949270e+00 -1.9241439659e+00  1.0129609019e+00  3.9020725948e+00 -1.0592817063e+00 -2.2300503952e+00  5.2789846551e+00  1.4415633012e+00  2.1928008529e+00  6.7476161942e+00  1.5788037999e+00  1.7699032730e-01  3.1890996676e+00  8.0469269767e-02  2.0881154109e+00  6.1144753119e+00  3.9428695301e-01 -1.9037550939e+00  1.5039656681e+00 -1.7588833126e+00 -1.9186325886e+00  1.2524419533e+00 -5.5549093700e-02 -1.5508553627e+00  1.8522209155e-01 -1.3007008608e+00 -8.1316285476e-01  4.5708989428e+00 -9.0840555038e-01 -2.9168019534e+00
ENERGY -4.601951633669e+02

JOB 9
COORDS  5.0624578210e+00  8.7044101764e-01  1.2990194805e+00  5.8632615356e+00  9.6500184477e-01  1.5488267291e-01  3.8597015051e+00  1.7144249734e-01  1.2314799970e+00  5.4547826913e+00  3.6847566204e-01 -1.0380582591e+00  3.4201702712e+00 -4.3263838933e-01  4.0720547380e-02  4.2347816205e+00 -3.1842623451e-01 -1.1031288426e+00  2.0824434153e+00 -1.1168184726e+00  7.3712784644e-02  1.2253841472e+00 -1.1640104979e+00 -1.1750139438e+00  1.6868712310e+00 -1.6163865203e+00  1.1214240947e+00  3.8258113255e+00 -9.1772928174e-01 -2.2698796277e+00  5.3747885517e+00  1.3365472322e+00  2.2288587678e+00  6.8078223578e+00  1.5016049357e+00  1.8775411008e-01  3.2242583573e+00  7.0986354815e-02  2.1060711161e+00  6.0839230968e+00  4.3428933425e-01 -1.9247194453e+00  1.5783782377e+00 -1.9680058407e+00 -1.8279702295e+00  1.2889330908e+00 -2.3680948113e-01 -1.7505913824e+00  1.9416032073e-01 -1.3673662701e+00 -8.8028148158e-01  4.4992970043e+00 -7.6665323110e-01 -2.9522300875e+00
ENERGY -4.601969237309e+02

JOB 10
COORDS  5.0712361185e+00  8.0952057952e-01  1.3430864670e+00  5.8579286456e+00  9.0533000757e-01  1.8838117029e-01  3.8307063169e+00  1.8462077698e-01  1.2692041620e+00  5.3959935573e+00  3.7975056540e-01 -1.0166809288e+00  3.3329259915e+00 -3.4968173902e-01  6.5540284248e-02  4.1400828130e+00 -2.4155637026e-01 -1.0865401813e+00  1.9669688498e+00 -9.7839425826e-01  1.1834637283e-01  1.1940387866e+00 -1.2542943529e+00 -1.1543168180e+00  1.4736859199e+00 -1.2520122196e+00  1.2086316541e+00  3.6946223913e+00 -7.6736127415e-01 -2.2743565601e+00  5.4249897736e+00  1.2186069691e+00  2.2848710821e+00  6.8313701497e+00  1.3875454150e+00  2.2340224433e-01  3.2010108187e+00  8.8021340851e-02  2.1479618967e+00  6.0112504038e+00  4.4815405642e-01 -1.9129279930e+00  1.6541148499e+00 -2.0844340642e+00 -1.6988525789e+00  1.2088900011e+00 -3.9442473241e-01 -1.8294089679e+00  1.6937718827e-01 -1.5151629089e+00 -8.8454074822e-01  4.3732027196e+00 -6.2139894792e-01 -2.9529678615e+00
ENERGY -4.601977236391e+02

JOB 11
COORDS  5.1284751316e+00  7.4326157134e-01  1.3499063810e+00  5.9108920141e+00  8.4515768391e-01  1.9253091704e-01  3.8570340445e+00  1.8767281699e-01  1.2623512868e+00  5.4128038183e+00  3.9261408081e-01 -1.0269797572e+00  3.3234197706e+00 -2.7940777066e-01  4.5214510609e-02  4.1284891848e+00 -1.6734483306e-01 -1.1090159731e+00  1.9337498896e+00 -8.5730482645e-01  9.6684382441e-02  1.2650875172e+00 -1.3878726379e+00 -1.1536169345e+00  1.3396030363e+00 -8.9585219062e-01  1.1707124407e+00  3.6501192671e+00 -6.0944346089e-01 -2.3176794144e+00  5.5101685360e+00  1.0939609886e+00  2.3042553700e+00  6.9077849902e+00  1.2759942994e+00  2.3684536819e-01  3.2262579191e+00  9.4711688258e-02  2.1405710223e+00  6.0210014589e+00  4.7166474978e-01 -1.9272001896e+00  1.8574753122e+00 -2.1909792134e+00 -1.6013454549e+00  1.1847312751e+00 -6.0535517704e-01 -1.9136846516e+00  2.7388838753e-01 -1.7548765950e+00 -8.8310128642e-01  4.3287242101e+00 -4.5588757296e-01 -2.9946932475e+00
ENERGY -4.601978883842e+02

JOB 12
COORDS  5.1351179552e+00  6.5855062706e-01  1.3729433236e+00  5.9158965459e+00  7.6836115365e-01  2.1547320757e-01  3.8354138678e+00  1.7344354438e-01  1.2713798599e+00  5.3904422353e+00  3.9282311206e-01 -1.0192989831e+00  3.2784073352e+00 -2.2094487372e-01  4.0008598095e-02  4.0818245766e+00 -1.0396992631e-01 -1.1138198628e+00  1.8700865088e+00 -7.4958137318e-01  7.2988442636e-02  1.3079095693e+00 -1.5233372461e+00 -1.1010944078e+00  1.1817375168e+00 -5.6239968131e-01  1.0720159079e+00  3.5654803361e+00 -4.6230765562e-01 -2.3348014610e+00  5.5394827299e+00  9.4806346023e-01  2.3384086541e+00  6.9332725802e+00  1.1467848307e+00  2.7105021187e-01  3.2028886504e+00  8.3528768473e-02  2.1488139242e+00  5.9955911910e+00  4.8510207462e-01 -1.9202753903e+00  2.0087514136e+00 -2.2840912635e+00 -1.4552432742e+00  1.1308097870e+00 -8.4812740213e-01 -1.9437375415e+00  3.6622963558e-01 -1.9802590442e+00 -7.9250913221e-01  4.2392693878e+00 -3.0501248536e-01 -3.0156510697e+00
ENERGY -4.601977236347e+02

JOB 13
COORDS  4.6184216227e+00  1.9488353353e+00  1.2117628461e-01  5.7578247572e+00  1.1441280490e+00  5.0482072951e-03  3.3673883592e+00  1.3994550545e+00 -1.4879153364e-01  5.6361466304e+00 -1.9325581548e-01 -3.7231887532e-01  3.2150596006e+00  5.3170796063e-02 -5.2339958049e-01  4.3723372421e+00 -7.4390077636e-01 -6.2539935474e-01  1.8128973211e+00 -4.4233770137e-01 -7.4046871019e-01  1.4681057867e+00 -1.8892588504e+00 -4.5128432807e-01  9.5225978259e-01  3.3778010692e-01 -1.1334838860e+00  4.2403039403e+00 -2.0573379729e+00 -1.0064187254e+00  4.7081924470e+00  2.9895247006e+00  4.1835341146e-01  6.7437562913e+00  1.5547944064e+00  2.0632103001e-01  2.4675172774e+00  2.0029211232e+00 -7.9148483349e-02  6.5246238495e+00 -8.1532086051e-01 -4.7212219836e-01  1.9912327437e+00 -2.2663351829e+00  4.3142939841e-01  1.7789817583e+00 -2.5126426164e+00 -1.2951524623e+00  3.8680785251e-01 -1.9694126738e+00 -3.2473314243e-01  5.1219018038e+00 -2.4610128768e+00 -1.0493129163e+00
ENERGY -4.601969237308e+02

JOB 14
COORDS  4.5909996106e+00  1.9198982817e+00  1.8979686291e-01  5.7384056573e+00  1.1319702720e+00  5.2205242836e-02  3.3485217960e+00  1.3794524666e+00 -1.4235052748e-01  5.6373721087e+00 -1.8337034424e-01 -4.0556362399e-01  3.2220419159e+00  5.9633588437e-02 -6.0140982434e-01  4.3839200743e+00 -7.2541871616e-01 -7.1499115669e-01  1.8346918607e+00 -4.6035266442e-01 -8.6037989478e-01  1.4611311879e+00 -1.8382610576e+00 -3.5108497650e-01  1.0270537823e+00  2.3331837550e-01 -1.4650997866e+00  4.2538550144e+00 -2.0177116081e+00 -1.1664604955e+00  4.6653116501e+00  2.9416294941e+00  5.5025909131e-01  6.7159420153e+00  1.5376643594e+00  2.9904276271e-01  2.4450650698e+00  1.9764318970e+00 -5.7916155150e-02  6.5331381139e+00 -7.9206830306e-01 -5.2093812141e-01  1.9414906345e+00 -2.0631393834e+00  6.0521981019e-01  1.8039654318e+00 -2.5889734037e+00 -1.0694222149e+00  3.7466318502e-01 -1.8991038655e+00 -2.6181701729e-01  5.1327841891e+00 -2.4269602460e+00 -1.2078890797e+00
ENERGY -4.601951633811e+02

JOB 15
COORDS  4.5595933804e+00  1.8433950377e+00  2.4420512930e-01  5.7168068105e+00  1.0854391676e+00  4.2267343010e-02  3.3209942245e+00  1.3122009194e+00 -1.2285953787e-01  5.6323709034e+00 -1.9299835221e-01 -5.1479705258e-01  3.2153102431e+00  3.1565985785e-02 -6.8024517546e-01  4.3850741659e+00 -7.2434005404e-01 -8.6225807221e-01  1.8424455378e+00 -5.0695373869e-01 -9.9821594679e-01  1.4030693143e+00 -1.7586342858e+00 -2.6926316561e-01  1.1161401856e+00  7.8588795812e-02 -1.7873624492e+00  4.2587014228e+00 -1.9791415961e+00 -1.4143028301e+00  4.6214993964e+00  2.8368898885e+00  6.7843218989e-01  6.6895218561e+00  1.4859767292e+00  3.1489297844e-01  2.4129768987e+00  1.8939017542e+00  1.1549426656e-02  6.5357129759e+00 -7.7866757168e-01 -6.7941133222e-01  1.3848361983e+00 -1.5621730221e+00  8.0942130209e-01  2.1200155550e+00 -2.5663431296e+00 -4.3851461335e-01  4.0854878001e-01 -2.0549931116e+00 -6.0754016945e-01  5.1410333346e+00 -2.3677637811e+00 -1.5235781979e+00
ENERGY -4.601932623064e+02

JOB 16
COORDS  4.6380389905e+00  1.8279650769e+00  3.6340815734e-01  5.8025046698e+00  1.0913166004e+00  1.2974547724e-01  3.4030636897e+00  1.3038495862e+00 -3.0901047471e-02  5.7319228533e+00 -1.6250469420e-01 -4.8412925830e-01  3.3155575679e+00  5.5922862124e-02 -6.5565122139e-01  4.4897833942e+00 -6.8324459025e-01 -8.6240445473e-01  1.9654380328e+00 -5.1177203325e-01 -1.0299061404e+00  1.4445069908e+00 -1.6273931882e+00 -1.5043910592e-01  1.3447828051e+00 -8.0350906201e-02 -1.9876724278e+00  4.3573277849e+00 -1.9196221033e+00 -1.4529481769e+00  4.6898598230e+00  2.8004062588e+00  8.4415948411e-01  6.7702950672e+00  1.4877841367e+00  4.2474602578e-01  2.4915630265e+00  1.8729177997e+00  1.3420928674e-01  6.6398996521e+00 -7.3576961361e-01 -6.6573690872e-01  1.3374401256e+00 -1.2658731299e+00  8.7895105545e-01  2.1703949702e+00 -2.4466113117e+00 -1.3057126126e-01  4.8256094698e-01 -1.9841470975e+00 -5.2322135649e-01  5.2361647866e+00 -2.3137366707e+00 -1.5698856026e+00
ENERGY -4.601914562876e+02

JOB 17
COORDS  4.6249164137e+00  1.7790533585e+00  4.2841420954e-01  5.8087265273e+00  1.0939583814e+00  1.4191746344e-01  3.4005374531e+00  1.2315428042e+00  3.0812380442e-02  5.7691367243e+00 -1.3152603406e-01 -5.2964702734e-01  3.3466811059e+00  1.6881662557e-02 -6.5795085322e-01  4.5393267826e+00 -6.7209971922e-01 -9.2069286946e-01  2.0198771494e+00 -5.7973593035e-01 -1.0753637377e+00  1.3757734919e+00 -1.5199254168e+00 -8.0155164313e-02  1.5206576655e+00 -3.1758409423e-01 -2.1559881529e+00  4.4303049981e+00 -1.8860419313e+00 -1.5578415478e+00  4.6528081018e+00  2.7290726746e+00  9.5388223754e-01  6.7674791528e+00  1.5074701551e+00  4.4294511608e-01  2.4746967562e+00  1.7611136771e+00  2.4330978255e-01  6.6918256527e+00 -6.6816083610e-01 -7.4556783942e-01  1.2231352417e+00 -1.0080584461e+00  8.7683041236e-01  2.0563741087e+00 -2.3572196876e+00  1.1148138900e-01  4.2459319218e-01 -1.8910855668e+00 -4.6644537678e-01  5.3167160558e+00 -2.2514530377e+00 -1.7061792751e+00
ENERGY -4.601900146769e+02

JOB 18
COORDS  4.5987756055e+00  1.6995390692e+00  4.7737712813e-01  5.8111741359e+00  1.0999478731e+00  1.2604694770e-01  3.3982166410e+00  1.0905258667e+00  9.8674001775e-02  5.8226166917e+00 -9.7202135256e-02 -5.9520924077e-01  3.3916869907e+00 -9.7102089265e-02 -6.3910192239e-01  4.6159302986e+00 -6.9367517985e-01 -9.7949352045e-01  2.0871847228e+00 -7.1017815548e-01 -1.0964174995e+00  1.2650856331e+00 -1.4037372415e+00 -3.1191405166e-02  1.7301557327e+00 -6.3618354646e-01 -2.2595434148e+00  4.5662578731e+00 -1.8809076559e+00 -1.6666412295e+00  4.5865211951e+00  2.6295123292e+00  1.0380657505e+00  6.7529789100e+00  1.5581811020e+00  4.1570973216e-01  2.4508999388e+00  1.5542250515e+00  3.6473669295e-01  6.7684616274e+00 -5.6847390417e-01 -8.5840943527e-01  1.0976580583e+00 -7.3670299750e-01  8.2161432763e-01  1.8303714595e+00 -2.2631486308e+00  3.4863388698e-01  3.1167103813e-01 -1.7394627953e+00 -4.4328381287e-01  5.4696741152e+00 -2.1718678105e+00 -1.8675476139e+00
ENERGY -4.601896346480e+02

JOB 19
COORDS  4.5784958841e+00  1.6281277903e+00  5.3393694523e-01  5.8076907297e+00  1.1076008148e+00  1.2033401196e-01  3.4013787197e+00  9.6913363520e-01  1.6959902621e-01  5.8559707741e+00 -5.6387904753e-02 -6.5059457713e-01  3.4262049048e+00 -1.8795812982e-01 -6.1893793917e-01  4.6713580095e+00 -7.0099415520e-01 -1.0285936930e+00  2.1378877964e+00 -8.2023479247e-01 -1.0829251955e+00  1.1756255398e+00 -1.2743740458e+00 -2.6232796592e-03  1.8879815198e+00 -9.4763246539e-01 -2.2702262910e+00  4.6758937342e+00 -1.8567255742e+00 -1.7624789483e+00  4.5360567774e+00  2.5340896986e+00  1.1311807961e+00  6.7341213068e+00  1.6021884070e+00  3.9981275222e-01  2.4430522170e+00  1.3747380580e+00  4.8436273355e-01  6.8161344216e+00 -4.6617843246e-01 -9.6082558982e-01  9.6471727850e-01 -4.6735905709e-01  7.0668230863e-01  1.6401659829e+00 -2.0839151839e+00  5.7266029922e-01  2.4669122684e-01 -1.6274297644e+00 -4.5367109354e-01  5.5916367491e+00 -2.0871554953e+00 -1.9851714452e+00
ENERGY -4.601901776570e+02

JOB 20
COORDS  4.5760470637e+00  1.5316009255e+00  6.1786936784e-01  5.8098451774e+00  1.0875697668e+00  1.3370073682e-01  3.4169446626e+00  8.4144389745e-01  2.5927222228e-01  5.8760401101e+00 -3.0315533213e-02 -6.9943408692e-01  3.4536743515e+00 -2.7341804074e-01 -5.9209562242e-01  4.7076690933e+00 -7.0875196279e-01 -1.0730602209e+00  2.1758328321e+00 -9.3127664397e-01 -1.0345164716e+00  1.1055922552e+00 -1.1514701802e+00  2.3043071466e-02  1.9925987918e+00 -1.2542381624e+00 -2.1979615074e+00  4.7515838529e+00 -1.8197159215e+00 -1.8659701992e+00  4.5176230307e+00  2.4019651187e+00  1.2645950037e+00  6.7251146460e+00  1.6064438500e+00  4.0604194941e-01  2.4583172524e+00  1.1886303669e+00  6.3373996071e-01  6.8402255297e+00 -3.8033529395e-01 -1.0655845294e+00  6.9635225409e-01 -1.9507595095e-01  3.6690084547e-01  1.5232177653e+00 -1.6574075631e+00  8.9955525599e-01  2.9609428569e-01 -1.7439932455e+00 -4.0593551856e-01  5.6765170453e+00 -2.0069304343e+00 -2.0921830114e+00
ENERGY -4.601907962250e+02

JOB 21
COORDS  4.5652778877e+00  1.4590312517e+00  6.8880515239e-01  5.8011010232e+00  1.0912022014e+00  1.4738137224e-01  3.4274350708e+00  7.3747253220e-01  3.3083627357e-01  5.8857813552e+00  1.7688126278e-02 -7.3852336656e-01  3.4775583852e+00 -3.3740606542e-01 -5.7403353032e-01  4.7369879163e+00 -6.9697540737e-01 -1.1105117829e+00  2.2133881328e+00 -1.0303573754e+00 -9.8647697746e-01  1.0558472068e+00 -1.0333433429e+00  4.9740466102e-03  2.0871661819e+00 -1.5527743015e+00 -2.0846804924e+00  4.8188283618e+00 -1.7614736092e+00 -1.9575175147e+00  4.4912700666e+00  2.2938848408e+00  1.3792217517e+00  6.7025794302e+00  1.6356338913e+00  4.1600762007e-01  2.4696438560e+00  1.0246451465e+00  7.5323988521e-01  6.8514225612e+00 -2.7209503608e-01 -1.1507403020e+00  5.6927460606e-01 -5.1252380286e-02  2.4167674784e-02  1.3864832437e+00 -1.2603824557e+00  1.0228039420e+00  3.2134353778e-01 -1.7695064818e+00 -3.2475781920e-01  5.7513053411e+00 -1.9026663112e+00 -2.1881753390e+00
ENERGY -4.601915109184e+02

JOB 22
COORDS  4.6051919719e+00  1.4025279077e+00  7.1018754926e-01  5.8250389861e+00  1.0684875694e+00  1.1255319368e-01  3.4648002026e+00  6.7954048498e-01  3.6866046499e-01  5.8878980908e+00  2.6935984806e-02 -8.1057422859e-01  3.4892135258e+00 -3.7122512342e-01 -5.6862346587e-01  4.7358618225e+00 -6.9531987348e-01 -1.1617716674e+00  2.2250241483e+00 -1.0910946183e+00 -9.2514195773e-01  1.0110602120e+00 -8.8923790210e-01 -2.3537684864e-02  2.1364675437e+00 -1.8138897467e+00 -1.9086454567e+00  4.8111468105e+00 -1.7205747729e+00 -2.0537222385e+00  4.5465598274e+00  2.2126546923e+00  1.4308542792e+00  6.7295351896e+00  1.6155321531e+00  3.6539166468e-01  2.5226919525e+00  9.4399025332e-01  8.3639555585e-01  6.8400437629e+00 -2.3486223273e-01 -1.2703525168e+00  6.1822772364e-01  1.2902197148e-01 -1.2206188438e-01  1.2520268834e+00 -1.0520886908e+00  1.0315711719e+00  2.3671520871e-01 -1.5905820721e+00 -3.3652731138e-01  5.7386377232e+00 -1.8248941107e+00 -2.3229561525e+00
ENERGY -4.601918075161e+02

JOB 23
COORDS  4.6175738130e+00  1.3703458805e+00  7.4330220436e-01  5.8252068143e+00  1.0844918404e+00  9.7651355576e-02  3.4864228470e+00  6.2500986846e-01  4.2139210917e-01  5.8837541378e+00  6.7206742061e-02 -8.5175355338e-01  3.5073906609e+00 -4.1132234794e-01 -5.3321615616e-01  4.7424753077e+00 -6.8469019702e-01 -1.1765876838e+00  2.2589114591e+00 -1.1798853721e+00 -8.3872005772e-01  9.8470526396e-01 -8.0314209139e-01 -8.8192396066e-02  2.2285406028e+00 -2.0876906968e+00 -1.6594192715e+00  4.8170897946e+00 -1.6746764825e+00 -2.1067075754e+00  4.5612246828e+00  2.1615401423e+00  1.4848807513e+00  6.7222878609e+00  1.6518751843e+00  3.3143334278e-01  2.5552829022e+00  8.5401663341e-01  9.2729291848e-01  6.8250367562e+00 -1.5373791037e-01 -1.3534920266e+00  7.0150144522e-01  2.3795895342e-01 -2.7625845731e-01  1.1056023689e+00 -9.2436075984e-01  9.9354526378e-01  1.8463688378e-01 -1.4586326538e+00 -4.3364347338e-01  5.7307894304e+00 -1.7170232482e+00 -2.4344067546e+00
ENERGY -4.601918174964e+02

