JOB 0
COORDS  2.3205919986e+00  7.5968721419e-02  1.9398220770e+00  1.0200789827e+00 -5.4037766105e-01  2.5783895764e+00  3.0479705434e+00 -9.0773660833e-01  1.3755057907e+00  1.9401675289e+00  9.3073944251e-01  9.7300235276e-01  1.5831188584e-01  4.6961011965e-01  2.8152496903e+00  3.0202800048e-01 -1.6997536450e+00  1.4303564576e+00  3.4816511901e+00  1.0046294774e+00  3.2127076448e+00  1.3846971936e+00 -1.4716646512e+00  4.2690011094e+00
ENERGY -5.983347232623e+03

JOB 1
COORDS -7.8878503309e-01  9.2333066341e-01  6.6267193018e+00 -2.0886297867e+00  1.1432407092e-01  6.1876941269e+00 -1.3433241680e-01  2.3006962263e-01  7.5801485406e+00  1.3486307838e-02  1.0157628093e+00  5.5524726331e+00 -2.3306498031e+00  4.0740174040e-01  4.8940037380e+00 -1.7961448792e+00 -1.6340093054e+00  6.3746037944e+00 -1.1075050683e+00  2.7062420941e+00  7.3681727466e+00 -3.6929886002e+00  5.7757632347e-01  7.2273516985e+00
ENERGY -5.983342211373e+03

JOB 2
COORDS  4.7505843103e-01  1.2843916383e-01  7.1400472162e-01 -1.2315625828e-01  6.7409440240e-02 -7.8232408101e-01 -3.1053032125e-01 -5.8673790071e-01  1.5425613535e+00  1.6832322182e+00 -4.5879944979e-01  6.8742155357e-01  9.0523557341e-01 -2.1272083401e-01 -1.6100168301e+00 -1.3428075610e+00 -1.2255761917e+00 -9.0569309912e-01  6.4945469213e-01  1.9057347369e+00  1.5169902803e+00 -9.3193106865e-01  1.7467304512e+00 -1.4092787030e+00
ENERGY -5.983337673003e+03

JOB 3
COORDS  4.8087301184e-01  1.0437501279e-01  7.1630947937e-01 -1.5368844048e-01  5.2586794670e-02 -7.7369626868e-01 -1.4039619287e-01 -7.8635738130e-01  1.5096899593e+00  1.7680672969e+00 -2.7285937754e-01  6.1353934867e-01  8.2338777505e-01 -3.9960654924e-01 -1.5931695628e+00 -1.5032736170e+00 -1.1077246605e+00 -8.3846417590e-01  4.3649239483e-01  1.8345313126e+00  1.6289833968e+00 -7.3414859213e-01  1.7833618998e+00 -1.4911010203e+00
ENERGY -5.983336376008e+03

JOB 4
COORDS  4.8501230385e-01  1.1845348829e-01  7.1552567882e-01 -1.7601557736e-01  6.6465962086e-02 -7.5009416639e-01  4.3413815395e-02 -9.1216563798e-01  1.4550857018e+00  1.8139445658e+00 -3.7223583898e-02  5.5460961243e-01  7.3186893418e-01 -5.5372007006e-01 -1.5458707604e+00 -1.6374254531e+00 -9.4969983581e-01 -7.4221113307e-01  2.2170715178e-01  1.7789428790e+00  1.7153206195e+00 -5.2898792561e-01  1.8141495912e+00 -1.5529481972e+00
ENERGY -5.983338949815e+03

JOB 5
COORDS  4.8484380658e-01  1.1649609626e-01  6.8970883095e-01 -2.0380999031e-01  4.5264001258e-02 -7.3961252448e-01  2.1924267396e-01 -1.0061296044e+00  1.3763005274e+00  1.8177363742e+00  1.6562180236e-01  4.8381869862e-01  6.2785300736e-01 -7.1405274839e-01 -1.5035191945e+00 -1.7515221339e+00 -8.2402042481e-01 -6.4163325632e-01  5.9623928843e-03  1.6804250521e+00  1.7598772598e+00 -3.7416598238e-01  1.7781189359e+00 -1.6214457347e+00
ENERGY -5.983343845818e+03

JOB 6
COORDS  5.2400487504e-01  1.2772139643e-01  6.9953523143e-01 -1.6867239458e-01  5.8782336895e-02 -7.1098767718e-01  3.7673108917e-01 -1.0577386248e+00  1.3172345976e+00  1.8422990824e+00  3.2618725011e-01  4.9807137817e-01  5.8257977135e-01 -8.0529520453e-01 -1.4441696316e+00 -1.8007062861e+00 -6.2582440864e-01 -5.7116298370e-01 -1.4535614317e-01  1.5610027305e+00  1.8457128463e+00 -1.5388473830e-01  1.7833067986e+00 -1.6304290776e+00
ENERGY -5.983348205969e+03

JOB 7
COORDS -2.8075546915e+00 -6.6103241200e-01  2.3978757066e+00 -2.9864515999e+00 -3.9867176255e-01  8.6180273216e-01 -1.8685223793e+00 -1.6171432810e+00  2.5493338703e+00 -2.3446816051e+00  4.6329974490e-01  2.9738496945e+00 -1.7610870792e+00 -5.7068706202e-02  3.9299999747e-01 -3.5340180161e+00 -1.8602925146e+00  2.0479241271e-02 -4.4452430029e+00 -1.2289975727e+00  3.2985614397e+00 -4.2007654972e+00  1.1094639014e+00  5.5241044535e-01
ENERGY -5.983349622954e+03

JOB 8
COORDS  2.4622253565e-01  2.5311364639e-01  7.7900377913e-01 -3.4002610986e-01  1.7631604643e-02 -6.6362709155e-01  4.0552937705e-01 -9.6482172293e-01  1.3448697451e+00  1.4605648914e+00  8.1800134045e-01  6.8345497288e-01  3.8453485966e-01 -9.7799209148e-01 -1.2208335755e+00 -2.0517758662e+00 -4.3926306916e-01 -6.3237021805e-01 -8.9855664573e-01  1.3138098603e+00  1.9539400588e+00 -9.5526980202e-02  1.6440020645e+00 -1.7465598085e+00
ENERGY -5.983347447189e+03

JOB 9
COORDS  2.4650601732e+00 -3.1165443575e-01  1.9591263062e+00  2.3151839299e+00  8.6774023432e-01  3.0169948114e+00  3.6510369720e+00 -9.0907877609e-01  2.2168537000e+00  1.5047977422e+00 -1.2295422561e+00  2.1443438614e+00  2.9236141243e+00  4.6452270018e-01  4.1517902057e+00  3.0211351036e+00  2.3997633810e+00  2.4757226133e+00  2.4998276888e+00  2.4318748020e-01  8.5284719515e-02  4.0190506646e-01  1.1511957905e+00  3.4130323940e+00
ENERGY -5.983342932882e+03

JOB 10
COORDS  2.4837010057e-01  2.9545534883e-01  7.9678527714e-01 -3.7119864136e-01 -2.3714269063e-03 -6.5995134344e-01  7.5052406167e-01 -8.7179226206e-01  1.2513989744e+00  1.2676269252e+00  1.1634138788e+00  7.1033376128e-01  1.3289629632e-01 -1.1840832376e+00 -1.0731720246e+00 -2.1416852632e+00 -9.5941529628e-02 -6.9169313209e-01 -1.0152378608e+00  9.4394066154e-01  2.1432141095e+00  2.1331786220e-01  1.3810397528e+00 -1.9403327251e+00
ENERGY -5.983338580401e+03

JOB 11
COORDS -2.4359466433e+00  8.6442431672e-01  6.6823123552e-01 -1.7391815584e+00  9.4136269390e-02  1.9087496630e+00 -3.6254571769e+00  2.7878928677e-01  4.4801611003e-01 -2.6699756969e+00  2.1494059463e+00  9.8788783367e-01 -2.5747809756e+00 -9.0959742706e-01  2.2620654929e+00 -1.6334687626e-01 -6.3076019021e-01  1.5359363896e+00 -1.4304453206e+00  8.6433651733e-01 -1.0146326486e+00 -1.5663551044e+00  1.2903961675e+00  3.4626186309e+00
ENERGY -5.983337097271e+03

JOB 12
COORDS -2.4210328855e+00  8.7406473546e-01  6.8371974192e-01 -1.7160631846e+00  1.0736521581e-01  1.9065180441e+00 -3.6904152795e+00  4.4905178149e-01  6.0713784336e-01 -2.4425781924e+00  2.1995449836e+00  9.2986291316e-01 -2.4663139202e+00 -9.9978848364e-01  2.1391385289e+00 -6.6647851647e-02 -4.5413668225e-01  1.5762456590e+00 -1.5548208697e+00  6.5983733199e-01 -1.0623231389e+00 -1.7693271115e+00  1.2070337102e+00  3.5332955356e+00
ENERGY -5.983339501734e+03

JOB 13
COORDS  6.3755852454e+00  3.3903283955e+00 -8.0492245058e+00  5.6377621813e+00  3.5372485912e+00 -6.6518209155e+00  5.6953096346e+00  4.1044614614e+00 -8.9574479218e+00  7.6201290960e+00  3.9034677137e+00 -7.9545542512e+00  4.3095998751e+00  3.5917029812e+00 -6.9340173134e+00  5.8777188013e+00  2.1660828405e+00 -5.5555466099e+00  6.5874898077e+00  1.5441841716e+00 -8.6754460323e+00  6.1366195072e+00  5.2373563463e+00 -5.8068683100e+00
ENERGY -5.983344185875e+03

JOB 14
COORDS  3.8370308117e-01  7.5776987743e-02  6.7857198009e-01 -3.3193551503e-01 -1.1816022618e-02 -7.1706655482e-01  3.4928459516e-01 -1.1388000249e+00  1.2497541222e+00  1.6718758782e+00  4.2966751088e-01  5.0127290727e-01 -1.5072481789e+00 -6.5694375162e-01 -5.1197736261e-01 -6.9070048674e-01  1.5768562252e+00 -1.4140978060e+00 -4.2804056008e-01  1.3890125273e+00  1.8871204692e+00  7.5711082803e-01 -1.1038580369e+00 -1.9336172950e+00
ENERGY -5.983348761035e+03

JOB 15
COORDS  4.1149928610e-01  9.1624015887e-02  6.6776263940e-01 -3.2755915583e-01 -1.1183173402e-02 -7.0723203983e-01  5.2362116182e-01 -1.1399402362e+00  1.1966067840e+00  1.6444918744e+00  5.9350892462e-01  4.8607257693e-01 -1.5468211446e+00 -5.5062405032e-01 -4.8571974760e-01 -5.1522570756e-01  1.5804771334e+00 -1.4641291539e+00 -5.6354739874e-01  1.2258966472e+00  1.9363761698e+00  6.7991746859e-01 -1.2277523647e+00 -1.8823612505e+00
ENERGY -5.983351017223e+03

JOB 16
COORDS  9.7174323715e+00 -1.4091809381e+01  1.3928357201e+01  8.3660180932e+00 -1.3308302121e+01  1.3796490616e+01  9.4619571301e+00 -1.5387803963e+01  1.4192311859e+01  1.0407675307e+01 -1.4023928856e+01  1.2781129868e+01  7.8026065696e+00 -1.3184575912e+01  1.5014131444e+01  8.6426076902e+00 -1.1708072806e+01  1.3081509749e+01  1.0792478933e+01 -1.3393828710e+01  1.5414879718e+01  7.1322390052e+00 -1.4345352733e+01  1.2656113303e+01
ENERGY -5.983349839594e+03

JOB 17
COORDS  1.6906158650e+01 -1.3539726522e+01  8.1816047048e+00  1.5364060945e+01 -1.3749702367e+01  7.8954920987e+00  1.7464510628e+01 -1.4701595257e+01  8.5763844045e+00  1.7540452477e+01 -1.3137539869e+01  7.0729754442e+00  1.4658766959e+01 -1.3619140471e+01  9.0335764236e+00  1.4796378982e+01 -1.2582508724e+01  6.6836402309e+00  1.7186001381e+01 -1.2259469743e+01  9.6438049914e+00  1.5063113446e+01 -1.5581322942e+01  7.2140715491e+00
ENERGY -5.983345846161e+03

JOB 18
COORDS  1.6896575370e+01 -1.3519761178e+01  8.1760316450e+00  1.5337542616e+01 -1.3749618374e+01  7.8889012528e+00  1.7517275214e+01 -1.4696315273e+01  8.3808847420e+00  1.7488811872e+01 -1.2934628989e+01  7.1248617754e+00  1.4611718746e+01 -1.3451625178e+01  8.9837944511e+00  1.4793947249e+01 -1.2733266564e+01  6.5345372710e+00  1.7183383027e+01 -1.2437682129e+01  9.7874354958e+00  1.4988730660e+01 -1.5642988076e+01  7.4564356133e+00
ENERGY -5.983341611314e+03

JOB 19
COORDS  1.6906743665e+01 -1.3504059624e+01  8.1627873731e+00  1.5342411695e+01 -1.3739804437e+01  7.8594974110e+00  1.7578066151e+01 -1.4667218708e+01  8.1403542968e+00  1.7451212550e+01 -1.2716334045e+01  7.2189092160e+00  1.4601083062e+01 -1.3269715854e+01  8.8860762079e+00  1.4842581329e+01 -1.2871732511e+01  6.3895455097e+00  1.7199453857e+01 -1.2658850513e+01  9.9076175423e+00  1.4938417173e+01 -1.5657756271e+01  7.6893390685e+00
ENERGY -5.983339919332e+03

JOB 20
COORDS -2.0081623618e+00  4.7587593595e+00 -3.9079190832e+00 -9.4991562680e-01  3.5593947102e+00 -3.9782212877e+00 -3.0417749771e+00  4.5314670389e+00 -4.7325933738e+00 -2.5086604327e+00  4.8541730775e+00 -2.6600708248e+00  3.0372514918e-01  4.0676299473e+00 -3.9264856821e+00 -1.1220622433e+00  2.4780096878e+00 -2.5756428867e+00 -1.1891621353e+00  6.4879298051e+00 -4.3287765429e+00 -1.1145843580e+00  2.5825011950e+00 -5.6701869301e+00
ENERGY -5.983342028076e+03

JOB 21
COORDS -2.0167165286e+00  4.7440986393e+00 -3.9024306119e+00 -9.5722778730e-01  3.5707160388e+00 -3.9839982121e+00 -3.1321458080e+00  4.4187516678e+00 -4.5714709777e+00 -2.3593540907e+00  4.9482905518e+00 -2.6127983277e+00  2.7788539908e-01  4.0862344939e+00 -3.7712805809e+00 -1.2454630069e+00  2.3817954198e+00 -2.6903838448e+00 -1.2806997775e+00  6.4329895346e+00 -4.5665907708e+00 -9.7610326834e-01  2.7537122656e+00 -5.7617081421e+00
ENERGY -5.983346230720e+03

JOB 22
COORDS -1.9805212029e+00  4.7616325862e+00 -3.8843133840e+00 -9.7315056856e-01  3.5608259113e+00 -3.9566224201e+00 -3.1636434443e+00  4.4067879194e+00 -4.4089353708e+00 -2.1769490416e+00  5.0880809489e+00 -2.5904168452e+00  2.5417491539e-01  4.0162200206e+00 -3.6172849528e+00 -1.4407723510e+00  2.3142745786e+00 -2.7740587375e+00 -1.2798671712e+00  6.3476909906e+00 -4.7946159347e+00 -8.9605592499e-01  2.8336036736e+00 -5.7730519612e+00
ENERGY -5.983349754785e+03

JOB 23
COORDS  1.3036291278e+00 -3.7470207035e-02  2.0051341779e+00 -1.9533216811e-01 -4.5302006515e-01  1.8274097175e+00  2.0771318409e+00 -1.1366134160e+00  2.0416677302e+00  1.6681336769e+00  7.0357544817e-01  9.4121272867e-01 -9.3332857182e-01  6.7291410936e-01  1.7292428256e+00 -3.6242911369e-01 -1.3978410437e+00  3.2542280958e-01  1.6048312879e+00  1.0102191816e+00  3.6313862530e+00 -8.2892987385e-01 -1.5056765339e+00  3.3564799592e+00
ENERGY -5.983350251898e+03

