JOB 0
COORDS  1.7141462287e+00  4.7219376137e+00 -3.2895935865e+00  1.8691237721e+00  5.2591759766e+00 -2.0065092187e+00  1.0975341995e+00  3.4768620704e+00 -3.4513383156e+00  1.4218096996e+00  4.5473511103e+00 -8.9284283756e-01  6.6181448528e-01  2.7602692259e+00 -2.3342485084e+00  8.4855527132e-01  3.2750006283e+00 -1.0405841300e+00  2.7596768091e-01  2.6257804368e+00  1.9178389870e-01 -6.7584983850e-01 -1.5525769471e+00  1.0295941160e-01  2.1459817576e-01 -9.1855485070e-01 -9.7467022815e-01 -1.5965992764e+00 -4.9923109863e-01  7.3371017171e-01  9.5220357221e-01  2.9711544840e-01 -4.1062695931e-01 -8.0786522072e-01  7.1335192881e-01  1.2382326601e+00 -1.9222570363e-03  1.2700664607e+00  1.4494871159e-01 -5.2997848804e-02  3.3236201527e+00  1.1542726570e+00  2.0546108071e+00  5.2783066995e+00 -4.1592260511e+00  2.3248371007e+00  6.2374303009e+00 -1.8769630373e+00  9.4147767010e-01  3.0710166502e+00 -4.4475977099e+00  1.5050368698e+00  4.9630924437e+00  1.0638919176e-01  1.3869196955e-01  1.8198307886e+00 -2.4748397385e+00 -3.6838130057e-02 -1.9887113468e+00  8.8305145689e-01 -1.2645412955e+00 -2.3745292271e+00 -3.1916803255e-01 -3.9981357722e-01 -6.0181758800e-01 -1.8270276143e+00  9.4522232439e-01 -1.6446066334e+00 -1.3493021993e+00 -2.1601939107e+00 -9.3190790948e-01  1.5680725363e+00 -2.3279423453e+00 -1.5677627737e-01 -8.7793518198e-03  1.5748825661e+00  7.7322509156e-01 -1.1655277107e+00  1.6262774741e+00 -3.1980670135e-02  3.9739326971e-01 -1.4704694238e+00  1.4973293512e+00  1.6036722684e+00 -1.5479242208e-01  4.2426010891e-01  2.0765373052e+00
ENERGY -5.964180427993e+02

JOB 1
COORDS  1.8027492448e+00  4.6656714045e+00 -3.2928674016e+00  2.0138451056e+00  5.1625205655e+00 -2.0014110965e+00  1.0502995201e+00  3.5004024714e+00 -3.4751142462e+00  1.4788447140e+00  4.4951854989e+00 -8.9807004117e-01  5.3246721215e-01  2.8224526313e+00 -2.3687760679e+00  7.5779924201e-01  3.3052187330e+00 -1.0702892404e+00  1.2264830737e-01  2.6820852476e+00  1.4314179354e-01 -5.9849159012e-01 -1.5310241072e+00  9.9113365430e-02  2.5953544591e-01 -8.5629967691e-01 -9.8019453311e-01 -1.5546274373e+00 -5.1807672819e-01  7.4358365473e-01  9.5851020035e-01  3.8295435170e-01 -4.1618853846e-01 -8.0685415041e-01  7.1826748487e-01  1.2531741632e+00 -2.0672582018e-02  1.3103155855e+00  1.6545701100e-01 -3.2728136600e-01  3.4045449746e+00  1.0368452918e+00  2.2104445542e+00  5.1908645701e+00 -4.1528782463e+00  2.5839384091e+00  6.0766137656e+00 -1.8569792399e+00  8.5956580485e-01  3.1253861674e+00 -4.4774211780e+00  1.6047116317e+00  4.8878336485e+00  1.0637707954e-01 -7.3581201619e-02  1.9330708855e+00 -2.5161428937e+00  6.1132474073e-02 -1.9492989335e+00  8.7182233215e-01 -1.1588277815e+00 -2.3710142977e+00 -3.2613291169e-01 -3.7363925660e-01 -5.5633407857e-01 -1.8248305154e+00  1.0127889222e+00 -1.5520443837e+00 -1.3672878564e+00 -2.0970026565e+00 -9.7770767507e-01  1.5776192166e+00 -2.3025194067e+00 -1.9699261291e-01  7.9868849986e-03  1.5446836791e+00  8.9060320125e-01 -1.1795845737e+00  1.6595494327e+00  7.4197828461e-02  3.7633656354e-01 -1.4919512580e+00  1.4783067778e+00  1.6268679247e+00 -1.3856869212e-01  4.4326273508e-01  2.0840879864e+00
ENERGY -5.964197604371e+02

JOB 2
COORDS  1.8539722376e+00  4.5941752383e+00 -3.2741294521e+00  2.0994457637e+00  5.0421428481e+00 -1.9709917215e+00  9.9657489321e-01  3.5091510179e+00 -3.4864663000e+00  1.4897243257e+00  4.4093925706e+00 -8.8527697016e-01  4.0469611688e-01  2.8621036751e+00 -2.3985981184e+00  6.5286015227e-01  3.3047603338e+00 -1.0913118615e+00 -3.6939027243e-02  2.6934617327e+00  9.8289082983e-02 -5.4385035313e-01 -1.5256162711e+00  8.6149498954e-02  2.9404549916e-01 -8.1186723626e-01 -9.8400684723e-01 -1.5275088068e+00 -5.5011827781e-01  7.4715614301e-01  9.6383931279e-01  4.3704336164e-01 -4.0327554437e-01 -8.0979131417e-01  6.9548368204e-01  1.2783833477e+00 -3.1849478599e-02  1.3230507787e+00  2.0650263111e-01 -6.1819015932e-01  3.4203474449e+00  9.0936597573e-01  2.3207967502e+00  5.0932989690e+00 -4.1194248064e+00  2.7574382700e+00  5.8907978174e+00 -1.8027835976e+00  7.8727518588e-01  3.1691800272e+00 -4.4975300494e+00  1.6468524921e+00  4.7694054597e+00  1.2732555178e-01 -2.6652217229e-01  2.0233735772e+00 -2.5646890634e+00  1.2819014331e-01 -1.9362141107e+00  8.5240634054e-01 -1.0803705012e+00 -2.3751825412e+00 -3.5061506363e-01 -3.4848880000e-01 -5.1448536405e-01 -1.8224146263e+00  1.0633815707e+00 -1.4822659600e+00 -1.3840782188e+00 -2.0582885756e+00 -1.0385800170e+00  1.5722534217e+00 -2.2830286131e+00 -2.3476427754e-01  1.6834675430e-02  1.5234381164e+00  9.7648150283e-01 -1.1648184512e+00  1.6826239285e+00  1.3460363954e-01  3.7503314231e-01 -1.5110640253e+00  1.4358487199e+00  1.6612868582e+00 -1.3490859770e-01  4.2016807415e-01  2.1034310025e+00
ENERGY -5.964201623928e+02

JOB 3
COORDS  1.8902664854e+00  4.5383830163e+00 -3.2990193268e+00  2.1892610412e+00  4.9290771622e+00 -1.9888652787e+00  9.3367835584e-01  3.5429176719e+00 -3.5261879883e+00  1.5329474032e+00  4.3300893578e+00 -9.1027158175e-01  2.9181217222e-01  2.9299015137e+00 -2.4466694037e+00  5.8856615269e-01  3.3207285534e+00 -1.1339235450e+00 -1.4141001948e-01  2.7241821182e+00  4.0989908067e-02 -4.8828245395e-01 -1.4695208228e+00  8.4173789877e-02  3.4176999924e-01 -7.3131368027e-01 -9.7593428331e-01 -1.4805489994e+00 -5.1551029010e-01  7.6444989426e-01  1.0022693253e+00  5.1599299083e-01 -3.7859917279e-01 -7.7094011467e-01  7.2715233192e-01  1.3147944201e+00  3.2020754166e-03  1.3776862395e+00  2.5518247152e-01 -8.4653929692e-01  3.4421355536e+00  7.5607980378e-01  2.3953913181e+00  5.0106179733e+00 -4.1376523159e+00  2.9279854474e+00  5.7057166413e+00 -1.8082044492e+00  6.8867371505e-01  3.2438005501e+00 -4.5421510186e+00  1.7415553788e+00  4.6472213780e+00  1.0776130708e-01 -4.4809364976e-01  2.1527824191e+00 -2.6227469068e+00  1.8832178958e-01 -1.8879595055e+00  8.4219343175e-01 -1.0179474935e+00 -2.3160652496e+00 -3.6664177093e-01 -3.0453913826e-01 -4.2629374053e-01 -1.8086513479e+00  1.1158314297e+00 -1.3888877544e+00 -1.3881070007e+00 -2.0045951270e+00 -1.0236689039e+00  1.5819787942e+00 -2.2410114928e+00 -1.9401480954e-01  4.1969142048e-02  1.5458819820e+00  1.0767307829e+00 -1.1366697844e+00  1.7312268031e+00  2.1033167686e-01  3.8789958459e-01 -1.4760243961e+00  1.4577892939e+00  1.7094261470e+00 -8.9392571171e-02  4.4141201924e-01  2.1300095799e+00
ENERGY -5.964197174859e+02

JOB 4
COORDS  1.9213106113e+00  4.4778190175e+00 -3.3366547703e+00  2.2611661808e+00  4.7955255619e+00 -2.0169674041e+00  8.8364562181e-01  3.5736838335e+00 -3.5883946636e+00  1.5668777932e+00  4.2125846968e+00 -9.5284712443e-01  1.9676854917e-01  2.9818862951e+00 -2.5245025955e+00  5.3606379929e-01  3.2990675280e+00 -1.2029879704e+00 -2.3925755688e-01  2.7103122638e+00 -5.1222619698e-02 -4.4413460562e-01 -1.4312381621e+00  5.8681831991e-02  4.0086609892e-01 -6.7436739036e-01 -9.7658880907e-01 -1.4510505893e+00 -4.9247134536e-01  7.3950606173e-01  1.0486865576e+00  5.6669174611e-01 -3.5048605173e-01 -7.5219179051e-01  7.4309951777e-01  1.3202396620e+00  3.8231329706e-02  1.4124195524e+00  2.8499439381e-01 -1.0778844287e+00  3.3930106776e+00  5.4355603333e-01  2.4589183159e+00  4.9348912324e+00 -4.1633593664e+00  3.0637077129e+00  5.5007518595e+00 -1.8165023426e+00  6.0994901357e-01  3.3290619846e+00 -4.6115989529e+00  1.8189672065e+00  4.4688046580e+00  7.2852733637e-02 -6.0709061334e-01  2.2760651812e+00 -2.7199874423e+00  2.2156832418e-01 -1.8604409944e+00  8.2041374967e-01 -9.6374862002e-01 -2.2719065532e+00 -4.1429392543e-01 -2.3237982947e-01 -3.5703138526e-01 -1.8147575126e+00  1.1827513355e+00 -1.3237771026e+00 -1.3870639650e+00 -1.9861210548e+00 -1.0162619170e+00  1.5398934529e+00 -2.2014176971e+00 -1.6021143917e-01  1.1396839025e-02  1.5958390222e+00  1.1437306824e+00 -1.0941278596e+00  1.7698837736e+00  2.5450791459e-01  4.1941588626e-01 -1.4659181244e+00  1.4660873326e+00  1.7136781289e+00 -7.9008039916e-02  4.4555278765e-01  2.1371649960e+00
ENERGY -5.964191331857e+02

JOB 5
COORDS  1.8963671129e+00  4.4633265750e+00 -3.3049068513e+00  2.2906244732e+00  4.6584861888e+00 -1.9767092094e+00  7.8176623893e-01  3.6659107643e+00 -3.5868288262e+00  1.5784835081e+00  4.0548872374e+00 -9.3593730070e-01  6.8304762114e-02  3.0627315648e+00 -2.5469073498e+00  4.6745661758e-01  3.2511302087e+00 -1.2180450903e+00 -3.3828136453e-01  2.6448251519e+00 -9.5833186139e-02 -3.8884026343e-01 -1.4408026254e+00  8.9593333791e-02  4.6174705908e-01 -6.6446761711e-01 -9.2646567552e-01 -1.4207814051e+00 -5.2178965593e-01  7.5994576638e-01  1.0833488338e+00  5.8168168373e-01 -2.8240870669e-01 -7.4638718944e-01  7.1773705722e-01  1.3613585254e+00  5.1852082370e-02  1.4085307464e+00  3.4547191422e-01 -1.2930121382e+00  3.2603938085e+00  3.8557123239e-01  2.4507248378e+00  4.9324626093e+00 -4.1135960345e+00  3.1516557822e+00  5.2823692433e+00 -1.7507996494e+00  4.6634389904e-01  3.5156959256e+00 -4.6161950983e+00  1.8830666530e+00  4.2085800879e+00  9.6292623188e-02 -8.0172791408e-01  2.4484888663e+00 -2.7659502855e+00  2.7061089442e-01 -1.8650247160e+00  8.5963975981e-01 -8.8744730163e-01 -2.2862339367e+00 -3.9728945867e-01 -1.6235631553e-01 -3.4827065869e-01 -1.7719995582e+00  1.2585611009e+00 -1.2998804268e+00 -1.3302587835e+00 -1.9628644235e+00 -1.0591112468e+00  1.5465593630e+00 -2.1626384745e+00 -1.9225680721e-01  2.2090385523e-02  1.6287729383e+00  1.1722103817e+00 -1.0169830459e+00  1.7998468157e+00  2.7753644153e-01  4.9398478426e-01 -1.4772409396e+00  1.4262036015e+00  1.7497015365e+00 -7.8631282644e-02  4.2202950013e-01  2.1826037980e+00
ENERGY -5.964189035616e+02

JOB 6
COORDS  1.9513222459e+00  4.5003152549e+00 -3.3334679789e+00  2.3953672410e+00  4.5232800538e+00 -2.0068620239e+00  7.5343845185e-01  3.8519144684e+00 -3.6539336477e+00  1.6517740520e+00  3.8891129276e+00 -1.0073827772e+00  2.4334550269e-03  3.2293769055e+00 -2.6528620609e+00  4.5572404537e-01  3.2344402417e+00 -1.3281262435e+00 -4.0095530862e-01  2.6217441297e+00 -2.4911779065e-01 -3.5690953473e-01 -1.4199890464e+00  1.5728113421e-01  5.1116458749e-01 -6.7359178521e-01 -8.6597087004e-01 -1.4205698078e+00 -4.8913472004e-01  7.5774395791e-01  1.0986319214e+00  6.0915534644e-01 -2.6118118952e-01 -7.7935535421e-01  7.8430156126e-01  1.3228658036e+00  3.8981575534e-02  1.4471847659e+00  3.0351063977e-01 -1.4420846251e+00  3.1814403334e+00  1.0500026649e-01  2.5315484757e+00  4.9898360007e+00 -4.1113647674e+00  3.3191664479e+00  5.0355991021e+00 -1.7503641686e+00  4.0012270245e-01  3.8381418552e+00 -4.6818387848e+00  1.9981326063e+00  3.9029230673e+00  2.3269410451e-02 -9.3991908313e-01  2.7448503304e+00 -2.8948640629e+00  2.8517928893e-01 -1.8024772556e+00  9.6306484605e-01 -8.2944700978e-01 -2.2919043184e+00 -3.0849046832e-01 -9.4091434516e-02 -4.0247849811e-01 -1.7403810562e+00  1.3277942352e+00 -1.3127111229e+00 -1.2215844684e+00 -1.9769170038e+00 -9.9992258437e-01  1.5520735102e+00 -2.1458074570e+00 -2.0229586565e-01 -1.3492028760e-02  1.6513058021e+00  1.1734885588e+00 -1.0106422209e+00  1.8012833548e+00  3.5186327385e-01  5.4386188560e-01 -1.5320294795e+00  1.4954008599e+00  1.6612262768e+00 -1.2911230538e-01  5.3284919221e-01  2.1722492203e+00
ENERGY -5.964193183283e+02

JOB 7
COORDS  1.9449506262e+00  4.5391643956e+00 -3.3320198630e+00  2.4259288737e+00  4.4066220204e+00 -2.0247885060e+00  6.9458115934e-01  4.0096983871e+00 -3.6709946121e+00  1.6678478032e+00  3.7296556671e+00 -1.0656290938e+00 -7.2534133176e-02  3.3517625093e+00 -2.7061804631e+00  4.1866437461e-01  3.1916243731e+00 -1.4044104127e+00 -4.6158156298e-01  2.5462018212e+00 -3.6706709180e-01 -3.4604483156e-01 -1.4198306011e+00  2.1631935855e-01  5.4651486805e-01 -6.9721937868e-01 -8.0252165514e-01 -1.4241905190e+00 -4.7517609946e-01  7.6694027838e-01  1.1182990085e+00  6.0286541535e-01 -2.1805112250e-01 -7.9173960554e-01  8.0924910454e-01  1.3162921581e+00  4.4942088471e-02  1.4570690634e+00  3.0020481516e-01 -1.5785874148e+00  3.0146822961e+00 -1.2939960852e-01  2.5372454687e+00  5.0596126103e+00 -4.0802245916e+00  3.3888257423e+00  4.8311787541e+00 -1.7523241787e+00  3.1323702410e-01  4.1194243257e+00 -4.6829661302e+00  2.0411337508e+00  3.6235021246e+00 -4.9939835927e-02 -1.0583569829e+00  2.9672361667e+00 -2.9525097308e+00  2.7615909163e-01 -1.7812830084e+00  1.0471506232e+00 -8.0546513308e-01 -2.3039103721e+00 -2.3956523252e-01 -3.6593427927e-02 -4.5012005732e-01 -1.6988320629e+00  1.3730971840e+00 -1.3432254396e+00 -1.1211894368e+00 -2.0009538815e+00 -9.6646075515e-01  1.5590590210e+00 -2.1292059647e+00 -2.0399648579e-01 -2.7960996508e-02  1.6871624799e+00  1.1441254565e+00 -9.7190518979e-01  1.8024442565e+00  3.7015660910e-01  6.0943463175e-01 -1.5512640890e+00  1.5233725344e+00  1.6317325847e+00 -1.5167514389e-01  5.7396141858e-01  2.1775032896e+00
ENERGY -5.964200741997e+02

JOB 8
COORDS  1.8949250842e+00  4.6121182995e+00 -3.2796587718e+00  2.4143249485e+00  4.3252861373e+00 -2.0125310980e+00  6.0746175565e-01  4.1796008824e+00 -3.6179532175e+00  1.6581567307e+00  3.5898822592e+00 -1.0962463015e+00 -1.5698176618e-01  3.4641388811e+00 -2.6937767178e+00  3.7021217740e-01  3.1489376376e+00 -1.4342020705e+00 -5.1362470798e-01  2.4340226043e+00 -4.4892387042e-01 -2.9529861604e-01 -1.4568067503e+00  3.0821231900e-01  6.0544499488e-01 -7.4812568840e-01 -7.1264409200e-01 -1.3972668642e+00 -5.1337929717e-01  8.1127855050e-01  1.1467982763e+00  5.7837530428e-01 -1.5806746368e-01 -7.9190060583e-01  7.9565354945e-01  1.3315493082e+00  5.1999724002e-02  1.4359659893e+00  3.1461891722e-01 -1.6883186292e+00  2.7882353480e+00 -3.0971945238e-01  2.4859072228e+00  5.1777248754e+00 -3.9955310678e+00  3.4054781349e+00  4.6766994987e+00 -1.7373228764e+00  1.9654914047e-01  4.4096973752e+00 -4.5975866257e+00  2.0584300994e+00  3.3757974820e+00 -1.0873754436e-01 -1.1696565219e+00  3.1523748693e+00 -2.9320948262e+00  3.1560577930e-01 -1.7871654344e+00  1.1601223739e+00 -7.3296376319e-01 -2.3591733881e+00 -1.3310339058e-01  3.5637433641e-02 -5.3698656490e-01 -1.6265678685e+00  1.4485321599e+00 -1.3887323511e+00 -9.9752715474e-01 -1.9791725685e+00 -9.8926826099e-01  1.6090935535e+00 -2.0929863147e+00 -2.7629627832e-01 -2.0322053579e-03  1.7217101744e+00  1.0991453230e+00 -9.2115290401e-01  1.8187956220e+00  3.8320637292e-01  6.8851561384e-01 -1.5685208620e+00  1.5027232921e+00  1.6199473465e+00 -1.5851150333e-01  5.9405543064e-01  2.2058974147e+00
ENERGY -5.964203950575e+02

JOB 9
COORDS  1.9060855051e+00  4.6818623324e+00 -3.2942735054e+00  2.4534784986e+00  4.2611286182e+00 -2.0772696537e+00  5.8781174297e-01  4.3415686362e+00 -3.6185940793e+00  1.6946943118e+00  3.4849504586e+00 -1.1979886487e+00 -1.7605777694e-01  3.5813255943e+00 -2.7312840485e+00  3.7309601792e-01  3.1380460094e+00 -1.5192839111e+00 -5.1515299240e-01  2.3495089731e+00 -5.9659248330e-01 -2.7186148631e-01 -1.4614867172e+00  3.4242299718e-01  6.4871516210e-01 -7.8436156359e-01 -6.8149833619e-01 -1.3844666001e+00 -5.0273335244e-01  7.8863206881e-01  1.1797422476e+00  5.6071068461e-01 -1.6158796244e-01 -7.8782405465e-01  8.2260328359e-01  1.2755967914e+00  7.7757814032e-02  1.4404012600e+00  2.6034407429e-01 -1.7243390353e+00  2.5968380298e+00 -5.5340904361e-01  2.5000908086e+00  5.2795473696e+00 -3.9810342550e+00  3.4694929483e+00  4.5413013969e+00 -1.8112013526e+00  1.5522130470e-01  4.6742160778e+00 -4.5586445999e+00  2.1150806175e+00  3.1856827816e+00 -2.4237764141e-01 -1.2077587326e+00  3.3291565488e+00 -2.9565034732e+00  3.2109725316e-01 -1.7626894444e+00  1.2175709501e+00 -6.9891633760e-01 -2.3785599545e+00 -7.8534977597e-02  9.7098171627e-02 -6.0433899103e-01 -1.6130581838e+00  1.4983535879e+00 -1.4320474786e+00 -9.2891612373e-01 -1.9825952684e+00 -9.5051333649e-01  1.5908072365e+00 -2.0627313030e+00 -2.9315976849e-01 -4.6090673924e-02  1.7701998654e+00  1.0491477770e+00 -9.3385347201e-01  1.8347473605e+00  3.9585055944e-01  7.0426437024e-01 -1.5705788249e+00  1.5353019071e+00  1.5322662574e+00 -1.6768773494e-01  6.4862182906e-01  2.1650952969e+00
ENERGY -5.964196577917e+02

JOB 10
COORDS  1.8920097333e+00  4.7722445388e+00 -3.2795087996e+00  2.4734867619e+00  4.2219596253e+00 -2.1322811700e+00  5.4680301522e-01  4.5150689753e+00 -3.5669744443e+00  1.7207572833e+00  3.4034751432e+00 -1.2870292413e+00 -2.0742329038e-01  3.7053394315e+00 -2.7167933568e+00  3.6952597899e-01  3.1418246840e+00 -1.5677932316e+00 -5.1609376869e-01  2.2740922270e+00 -7.1362251012e-01 -2.7291149140e-01 -1.4620311797e+00  4.2272609656e-01  6.6994350539e-01 -8.2510394530e-01 -6.0568055978e-01 -1.3995608847e+00 -4.8869059126e-01  7.9378056127e-01  1.1875258967e+00  5.4276028034e-01 -1.3289814935e-01 -8.1779001241e-01  8.5823448198e-01  1.2368913871e+00  7.8873676947e-02  1.4458959865e+00  2.2836654228e-01 -1.7408391553e+00  2.4232878348e+00 -7.6118775468e-01  2.4809005364e+00  5.4040883585e+00 -3.9396174781e+00  3.5120809587e+00  4.4348849640e+00 -1.8923887483e+00  8.7517165598e-02  4.9455049146e+00 -4.4531184554e+00  2.1707175959e+00  3.0231752035e+00 -3.7597160235e-01 -1.2541464142e+00  3.5021510013e+00 -2.9195220777e+00  2.9826043713e-01 -1.7198978433e+00  1.3258520035e+00 -6.8437513116e-01 -2.3995548113e+00  3.2420922129e-02  1.4042672996e-01 -6.8762593637e-01 -1.5570727240e+00  1.5276233934e+00 -1.4788896545e+00 -8.0512582617e-01 -2.0175385441e+00 -9.0085478547e-01  1.6000890135e+00 -2.0552419230e+00 -3.1902713309e-01 -6.7054913440e-02  1.7919428818e+00  9.9210195643e-01 -9.1769208770e-01  1.8267157638e+00  4.1761663167e-01  7.5118714944e-01 -1.6096067015e+00  1.5770936885e+00  1.4448342875e+00 -2.2189134630e-01  7.2359885462e-01  2.1495126127e+00
ENERGY -5.964172534829e+02

JOB 11
COORDS  1.8570008342e+00  4.6379799264e+00 -3.5056819718e+00  2.0919482938e+00  3.2820055861e+00 -3.2559374145e+00  8.5157864366e-01  5.3086660886e+00 -2.8004260263e+00  1.3349780604e+00  2.6027762361e+00 -2.2986025848e+00  9.7294463519e-02  4.6293448004e+00 -1.8433754424e+00  3.1952425752e-01  3.2657495873e+00 -1.5883661478e+00 -5.2182637932e-01  2.6362676762e+00 -5.0673937782e-01  1.2773962858e-01 -1.4239791694e+00  7.4116425246e-01  1.2466631819e+00 -6.1478202203e-01  7.0203722456e-02 -1.2513089293e+00 -8.9363770882e-01  3.2518026159e-01  1.0379867546e+00  8.7973122292e-01  3.1604657901e-01 -1.3712004432e+00  6.1780104415e-01  5.4514936251e-01 -2.8806071894e-01  1.3022509206e+00 -1.7598720365e-01 -1.5050626388e+00  3.2386980088e+00 -7.1834331144e-02  2.4489400251e+00  5.1659169783e+00 -4.2490786162e+00  2.8605968360e+00  2.7507612756e+00 -3.8114081803e+00  6.6108347314e-01  6.3614887082e+00 -2.9921964783e+00  1.4931908149e+00  1.5388549237e+00 -2.1649235274e+00 -6.7995064771e-01  5.1354241909e+00 -1.2802580398e+00  2.3359971364e-01 -1.3422997237e+00  1.8315515303e+00  2.2034252981e-01 -2.4872484621e+00  4.9357507054e-01  1.2485509682e+00 -8.0341483214e-01 -1.0107684832e+00  2.2266867759e+00 -9.1504369854e-01  4.5861366400e-01 -2.0427283566e+00 -1.4007861327e+00  8.8870823645e-01 -1.4222581286e+00 -1.1061465183e+00 -7.3726082405e-01  1.8211853963e+00  1.4786279869e+00 -1.4409608663e-01  1.0869822981e+00  1.0779341285e+00  1.3998098335e+00 -2.3225336146e+00  9.9741449697e-01  1.7224551171e-01 -1.3272322942e+00  8.5731353965e-01  1.6190081574e+00
ENERGY -5.964135190082e+02

JOB 12
COORDS  1.9034254540e+00  4.6071822151e+00 -3.4507429215e+00  2.0151549014e+00  3.2201672753e+00 -3.3067591046e+00  9.7195029412e-01  5.3123378711e+00 -2.6801983413e+00  1.2120732378e+00  2.5446809781e+00 -2.3850207568e+00  1.6380353309e-01  4.6356297578e+00 -1.7656995523e+00  2.7396423678e-01  3.2451476448e+00 -1.6088688105e+00 -6.3093751458e-01  2.5946457190e+00 -5.9690169583e-01  1.8966497305e-01 -1.3890167940e+00  7.7360440996e-01  1.2713141094e+00 -5.5452307265e-01  7.3794273441e-02 -1.2106706081e+00 -9.2419592649e-01  3.5164728078e-01  1.0138199452e+00  9.3780134241e-01  2.8738620303e-01 -1.3896334794e+00  5.8516608157e-01  5.4301507646e-01 -3.3380732829e-01  1.3029233197e+00 -1.8370769822e-01 -1.6792240022e+00  3.1536275046e+00 -2.6549907417e-01  2.5323544696e+00  5.1332925939e+00 -4.1644752958e+00  2.7229272267e+00  2.6640909966e+00 -3.9162101866e+00  8.7668039901e-01  6.3891941084e+00 -2.7930070523e+00  1.2749517809e+00  1.4636520396e+00 -2.3167541984e+00 -5.6910825624e-01  5.1653464972e+00 -1.1654232954e+00  2.9737167262e-01 -1.2730189716e+00  1.8607794064e+00  3.2341813546e-01 -2.4541849839e+00  5.5474526200e-01  1.2699044496e+00 -7.6820762828e-01 -1.0026133965e+00  2.2656810923e+00 -8.0991875589e-01  4.5768982907e-01 -1.9798778723e+00 -1.4511963893e+00  9.2752458159e-01 -1.3756883643e+00 -1.1644851904e+00 -7.0589252416e-01  1.7640507721e+00  1.5490489356e+00 -2.1008090236e-01  1.0810261186e+00  1.1657336962e+00  1.3641193055e+00 -2.3533936274e+00  9.2292335519e-01  1.6281383004e-01 -1.3556600938e+00  8.4422406311e-01  1.6128010889e+00
ENERGY -5.964171153972e+02

JOB 13
COORDS  1.9655333710e+00  4.5973919646e+00 -3.3946435483e+00  1.9758581172e+00  3.1989751376e+00 -3.3507847847e+00  1.0910344099e+00  5.3125673525e+00 -2.5683017370e+00  1.1307520774e+00  2.5196882868e+00 -2.4700317846e+00  2.3411399200e-01  4.6327174654e+00 -1.7009653877e+00  2.5384377429e-01  3.2319691003e+00 -1.6370135578e+00 -7.1851251956e-01  2.5597081537e+00 -7.0683058468e-01  2.2312627358e-01 -1.3414121823e+00  7.8675727758e-01  1.2801377453e+00 -4.8591968049e-01  7.4739533138e-02 -1.1901540047e+00 -9.2382894375e-01  3.5842282837e-01  9.8589743348e-01  1.0029993673e+00  2.6881443326e-01 -1.4125854080e+00  5.8163627225e-01  5.3492328198e-01 -3.7415520074e-01  1.3262143311e+00 -1.8705271869e-01 -1.8264446194e+00  3.0667295740e+00 -5.1093286180e-01  2.6280972058e+00  5.1259585947e+00 -4.0753252374e+00  2.6379104650e+00  2.6381181431e+00 -4.0055623447e+00  1.0736904860e+00  6.3987283327e+00 -2.6055431761e+00  1.1229278995e+00  1.4337354754e+00 -2.4604212980e+00 -4.6663613725e-01  5.1716709538e+00 -1.0707348732e+00  3.2696982325e-01 -1.2082693042e+00  1.8723893914e+00  3.8816211888e-01 -2.4049803330e+00  5.8186738532e-01  1.2820705436e+00 -7.1346684398e-01 -9.9880784615e-01  2.2820711086e+00 -7.0989328878e-01  4.5852652757e-01 -1.9442810011e+00 -1.4676161795e+00  9.3860650447e-01 -1.3463194010e+00 -1.1795502069e+00 -6.9691003421e-01  1.7119346920e+00  1.6232259079e+00 -2.5279770082e-01  1.0625080066e+00  1.2504679120e+00  1.3403167368e+00 -2.3824038989e+00  8.9241977254e-01  1.4802254553e-01 -1.3873727145e+00  8.4888690565e-01  1.6029517692e+00
ENERGY -5.964193294719e+02

JOB 14
COORDS  1.9843097902e+00  4.5767289629e+00 -3.3210541475e+00  1.9299732608e+00  3.1797738975e+00 -3.3768337467e+00  1.1468605576e+00  5.2712038347e+00 -2.4404318367e+00  1.0575700852e+00  2.4799359654e+00 -2.5394227653e+00  2.5908664713e-01  4.5722857942e+00 -1.6196506470e+00  2.2173600995e-01  3.1717683004e+00 -1.6503996571e+00 -7.9722310119e-01  2.4656682910e+00 -7.9789551634e-01  2.7228735394e-01 -1.3376375036e+00  7.9616714624e-01  1.2998264214e+00 -4.4894970105e-01  8.1312529615e-02 -1.1558650073e+00 -9.6294442144e-01  3.7668501029e-01  9.6657882118e-01  1.0320095194e+00  2.8166644846e-01 -1.4216914398e+00  5.3463325695e-01  5.6322430753e-01 -4.0639246392e-01  1.3168202526e+00 -1.4854207379e-01 -1.9546034886e+00  2.8921311435e+00 -7.4788642805e-01  2.6681166666e+00  5.1214012590e+00 -3.9670743977e+00  2.5631424758e+00  2.6367581610e+00 -4.0738712087e+00  1.1789320901e+00  6.3569964166e+00 -2.4019257892e+00  1.0077684766e+00  1.3955614004e+00 -2.5922574695e+00 -4.1906945847e-01  5.1008759641e+00 -9.5624729689e-01  3.7733298469e-01 -1.2050822156e+00  1.8818238432e+00  4.6887306739e-01 -2.3950005280e+00  5.8701553689e-01  1.3010107044e+00 -6.7222136788e-01 -9.9311836483e-01  2.3103658881e+00 -6.4646206397e-01  4.5701104017e-01 -1.8897183448e+00 -1.5329307642e+00  9.5777335146e-01 -1.3097804565e+00 -1.2175399222e+00 -6.7928799316e-01  1.6645143782e+00  1.6712784662e+00 -2.5516417339e-01  1.0547911024e+00  1.2821214583e+00  1.3512285910e+00 -2.3991362639e+00  8.2366776358e-01  1.7908065807e-01 -1.3980350148e+00  7.9338003213e-01  1.6331725533e+00
ENERGY -5.964201522806e+02

JOB 15
COORDS  2.0226327142e+00  4.5508975424e+00 -3.2909142521e+00  1.8936149791e+00  3.1658514091e+00 -3.4401488819e+00  1.2334027383e+00  5.2257930284e+00 -2.3525123634e+00  9.9339745749e-01  2.4570600213e+00 -2.6399497144e+00  3.1814217617e-01  4.5197810721e+00 -1.5678057478e+00  2.0814060604e-01  3.1291502076e+00 -1.6930714633e+00 -8.4421263208e-01  2.4050405940e+00 -8.9508383486e-01  2.9506254481e-01 -1.2859834724e+00  8.0369453529e-01  1.3031796654e+00 -3.7475535925e-01  8.9013004392e-02 -1.1428820865e+00 -9.3492903947e-01  3.9617155983e-01  9.4902459778e-01  1.1005619861e+00  3.0371632779e-01 -1.4325025031e+00  5.5646575439e-01  6.0135352175e-01 -4.3301268685e-01  1.3659069604e+00 -9.9654990433e-02 -2.0275949673e+00  2.7429111160e+00 -9.9194307839e-01  2.7273095722e+00  5.1022943256e+00 -3.9080739279e+00  2.4910256001e+00  2.6388883023e+00 -4.1797940440e+00  1.3233044154e+00  6.3032705458e+00 -2.2408608700e+00  8.9255444007e-01  1.3807215636e+00 -2.7564501962e+00 -3.2131451225e-01  5.0407263899e+00 -8.6076650824e-01  4.0405638950e-01 -1.1586820855e+00  1.8897039509e+00  5.0959127109e-01 -2.3382922744e+00  5.8688589140e-01  1.2997058395e+00 -5.8816808924e-01 -9.8738024516e-01  2.3196228735e+00 -5.6017513339e-01  4.5492941234e-01 -1.8623478455e+00 -1.5250458049e+00  9.7521410407e-01 -1.2988722344e+00 -1.1802252247e+00 -6.6173490445e-01  1.6254738902e+00  1.7535686785e+00 -2.4455020464e-01  1.0513647930e+00  1.3473497823e+00  1.3720779230e+00 -2.4145378349e+00  8.3655551299e-01  2.2206248516e-01 -1.4042397144e+00  8.0178322300e-01  1.6737791007e+00
ENERGY -5.964199038320e+02

JOB 16
COORDS  2.0322765632e+00  4.5212812138e+00 -3.2441387273e+00  1.8284717813e+00  3.1610153447e+00 -3.5000483961e+00  1.2976825801e+00  5.1557137380e+00 -2.2361068649e+00  9.0466585831e-01  2.4360108360e+00 -2.7418854693e+00  3.6363084938e-01  4.4343395327e+00 -1.4872150685e+00  1.7393878960e-01  3.0681997131e+00 -1.7274930501e+00 -8.8927241918e-01  2.3177935944e+00 -9.6546361661e-01  3.2451189966e-01 -1.2420304708e+00  8.1009633751e-01  1.3078060921e+00 -2.9818835088e-01  1.0259674252e-01 -1.1253621604e+00 -9.1404149350e-01  4.2463920581e-01  9.2799173900e-01  1.1672301439e+00  3.4711249662e-01 -1.4402826705e+00  5.6815993296e-01  6.6149684288e-01 -4.6389899201e-01  1.4114962999e+00 -3.1251447847e-02 -2.0821871504e+00  2.5334123057e+00 -1.1970315649e+00  2.7537703063e+00  5.0845822431e+00 -3.8302722651e+00  2.3870132989e+00  2.6653461418e+00 -4.2899982693e+00  1.4466035639e+00  6.2142268203e+00 -2.0387455742e+00  7.4799428712e-01  1.3782459968e+00 -2.9399099788e+00 -2.2381319389e-01  4.9290560651e+00 -7.1831129860e-01  4.4229940117e-01 -1.1327845867e+00  1.8972278321e+00  5.5809713009e-01 -2.2856211420e+00  5.7189029686e-01  1.2973878666e+00 -4.9052723446e-01 -9.7773144983e-01  2.3314555615e+00 -4.7142343380e-01  4.5427472373e-01 -1.8259086250e+00 -1.5299715911e+00  1.0000668214e+00 -1.2891414002e+00 -1.1416372559e+00 -6.3601962578e-01  1.5816884692e+00  1.8418467515e+00 -2.0329815126e-01  1.0404975894e+00  1.4006485959e+00  1.4164737248e+00 -2.4306601274e+00  8.3683107539e-01  2.9563170581e-01 -1.3996001953e+00  7.9435708286e-01  1.7369043907e+00
ENERGY -5.964192660993e+02

JOB 17
COORDS  1.9888210470e+00  4.4836279852e+00 -3.1901761598e+00  1.7061074284e+00  3.1660934486e+00 -3.5667556617e+00  1.3283417122e+00  5.0497287935e+00 -2.0942663085e+00  7.7164970968e-01  2.4161658535e+00 -2.8466085803e+00  3.9253995849e-01  4.3006207374e+00 -1.3747658359e+00  1.1499021294e-01  2.9794744841e+00 -1.7455075552e+00 -9.3640008044e-01  2.1890874657e+00 -1.0064848336e+00  3.6430182885e-01 -1.2121815720e+00  8.8092062339e-01  1.3175001254e+00 -2.3843913871e-01  1.7245860398e-01 -1.0962166052e+00 -9.2960474016e-01  4.9872573855e-01  8.9400975876e-01  1.2159985530e+00  4.1496874949e-01 -1.4539832304e+00  5.4329412411e-01  7.3437386237e-01 -5.0575826744e-01  1.4164729355e+00  3.8598887157e-02 -2.1200076537e+00  2.2605587893e+00 -1.3474555528e+00  2.7157796491e+00  5.0666969409e+00 -3.7495545455e+00  2.2110786496e+00  2.7234027131e+00 -4.4215761021e+00  1.5396445636e+00  6.0750245986e+00 -1.8013877347e+00  5.4868908957e-01  1.3936047371e+00 -3.1415593643e+00 -1.2510527033e-01  4.7411254886e+00 -5.2637150610e-01  4.8096899276e-01 -1.1014082215e+00  1.9680516127e+00  6.2943346795e-01 -2.2477274851e+00  6.4054215821e-01  1.3121864958e+00 -4.3040288463e-01 -9.0804997316e-01  2.3464923945e+00 -3.8013838652e-01  5.2285046931e-01 -1.7761104939e+00 -1.5658446283e+00  1.0768984103e+00 -1.2566000531e+00 -1.1629833689e+00 -5.6109841433e-01  1.5253761707e+00  1.9071664844e+00 -1.4132037824e-01  1.0009620062e+00  1.4578697451e+00  1.4822298379e+00 -2.4532585749e+00  7.7947912541e-01  3.7023386526e-01 -1.4127490551e+00  7.7368195294e-01  1.8082608029e+00
ENERGY -5.964189025466e+02

JOB 18
COORDS  1.9955513503e+00  4.4848194061e+00 -3.1809708326e+00  1.6340980624e+00  3.2264023429e+00 -3.6745928664e+00  1.4165881946e+00  4.9602333298e+00 -1.9992459978e+00  6.9717021400e-01  2.4466727552e+00 -2.9903376106e+00  4.8789132765e-01  4.1761972832e+00 -1.3085210478e+00  1.2389527603e-01  2.9175163267e+00 -1.8029003740e+00 -9.1539458625e-01  2.0836025650e+00 -1.0971217450e+00  3.7455138661e-01 -1.1777043246e+00  9.3729410030e-01  1.3295201993e+00 -1.9587044957e-01  2.4296945657e-01 -1.0791114337e+00 -9.2480879094e-01  5.1134649758e-01  8.7717246517e-01  1.2557099865e+00  4.5350036328e-01 -1.4644579889e+00  5.4457447433e-01  7.2357470482e-01 -5.1682643651e-01  1.4292589236e+00  3.9489692565e-02 -2.0649733606e+00  2.0194732031e+00 -1.5408046399e+00  2.7208562140e+00  5.0925351221e+00 -3.7157575690e+00  2.0782380440e+00  2.8542887509e+00 -4.5943247446e+00  1.6886378809e+00  5.9400654299e+00 -1.6150689469e+00  4.0290940917e-01  1.4755594429e+00 -3.3801320445e+00  4.2358811860e-02  4.5417178113e+00 -3.8649137367e-01  4.5877967744e-01 -1.0516198604e+00  2.0258315530e+00  6.6468394210e-01 -2.2111393959e+00  7.1754692634e-01  1.3567373943e+00 -4.0096124200e-01 -8.3483450636e-01  2.3511867532e+00 -3.1527383887e-01  6.2217305687e-01 -1.7646039051e+00 -1.5670326502e+00  1.0761655961e+00 -1.2065119596e+00 -1.1689452868e+00 -5.5037760146e-01  1.5122220511e+00  1.9451849926e+00 -1.0046114334e-01  9.5487940490e-01  1.5177555675e+00  1.5179634529e+00 -2.4602170253e+00  7.5807726150e-01  3.3688804957e-01 -1.4458520519e+00  7.8759669464e-01  1.7949176120e+00
ENERGY -5.964191734429e+02

JOB 19
COORDS  1.8776517333e+00  4.4920991914e+00 -3.1475050127e+00  5.3438730198e-01  4.5864822829e+00 -2.7665986679e+00  2.7632325413e+00  3.7188803218e+00 -2.3886642781e+00  7.8490698611e-02  3.9138746367e+00 -1.6296054903e+00  2.3031624496e+00  3.0301552503e+00 -1.2629803833e+00  9.5935125917e-01  3.1269414363e+00 -8.7754179860e-01  4.5084824133e-01  2.4438199503e+00  3.6449484526e-01 -1.3091351025e+00 -1.1532192806e+00  8.1936173886e-02 -7.2189316649e-01 -4.1092611089e-01 -1.1269471748e+00 -1.3549886805e+00 -2.4157702793e-01  1.3169493417e+00  6.3541152489e-01  2.2063768247e-01 -7.8508327531e-01  2.1809691973e-02  3.7605109243e-01  1.5905937435e+00  5.2683515092e-01  1.0730197036e+00  4.0280212172e-01  6.7263872854e-03  3.1149391252e+00  1.3004588159e+00  2.2332680765e+00  5.0219496163e+00 -4.0274260443e+00 -1.5573607671e-01  5.1896064323e+00 -3.3509878991e+00  3.8099173675e+00  3.6509461281e+00 -2.6741513504e+00 -9.5707935589e-01  4.0041922755e+00 -1.3132245187e+00  2.9879909333e+00  2.4221785664e+00 -6.7675201041e-01 -6.8545398243e-01 -2.0307360743e+00  3.0318123031e-01 -2.3103283031e+00 -1.5310255689e+00 -1.5344965645e-01 -1.4074122001e+00  3.8538296477e-01 -1.4438457656e+00 -5.9945795301e-01 -1.0912900879e+00 -1.9779290938e+00 -1.6851994855e+00 -8.0250263047e-01  2.1988842230e+00 -2.0757949590e+00  5.6969856138e-01  1.1594705266e+00  1.0105616937e+00  8.0407659924e-01 -1.6239292566e+00  1.3707589995e+00 -5.6819675010e-01 -5.7531816761e-01 -1.9475527674e-02  1.0934995213e+00  2.4090939550e+00  7.4233466308e-01 -4.1150816131e-01  1.8500549313e+00
ENERGY -5.964198854942e+02

JOB 20
COORDS  1.9125942040e+00  4.5619036988e+00 -3.0997564955e+00  5.8989229133e-01  4.7580091408e+00 -2.6863613019e+00  2.7284098784e+00  3.6552906593e+00 -2.4139456627e+00  8.5630699665e-02  4.0526753819e+00 -1.5912071291e+00  2.2168103737e+00  2.9329782325e+00 -1.3328059065e+00  8.9092073191e-01  3.1245360285e+00 -9.1820152789e-01  3.2943889839e-01  2.4302030475e+00  2.9271668366e-01 -1.2626679426e+00 -1.2121949769e+00  1.4477702877e-01 -6.8376820314e-01 -4.9946700806e-01 -1.0853122835e+00 -1.3391079683e+00 -2.5667678530e-01  1.3442340292e+00  6.5622604417e-01  1.7802342604e-01 -7.6067846480e-01  2.3352272496e-02  3.9784818714e-01  1.6016295952e+00  5.2493939059e-01  1.0711668527e+00  3.9721885852e-01 -2.4217458305e-01  3.0874670075e+00  1.1677739739e+00  2.3077288958e+00  5.1184190558e+00 -3.9457823876e+00 -4.4201999758e-02  5.4679245156e+00 -3.2111779178e+00  3.7617897469e+00  3.5125849447e+00 -2.7195529203e+00 -9.2870911253e-01  4.2215895017e+00 -1.2414128483e+00  2.8513274971e+00  2.2313273815e+00 -7.9736077191e-01 -6.1949032222e-01 -2.0654613158e+00  4.0241658795e-01 -2.2523355347e+00 -1.6228666768e+00 -8.4235080352e-02 -1.3864547505e+00  2.6751633488e-01 -1.4352626835e+00 -5.3833744374e-01 -1.2063546312e+00 -1.9108092125e+00 -1.6641310030e+00 -7.9108143504e-01  2.2444104101e+00 -2.0741261768e+00  5.3368869883e-01  1.1518872269e+00  1.0153169533e+00  7.3930065582e-01 -1.6210719950e+00  1.4115365405e+00 -5.8299600938e-01 -5.2241771454e-01 -3.6450618954e-02  1.1355736829e+00  2.4006356987e+00  7.5938037258e-01 -3.6689462151e-01  1.8840607190e+00
ENERGY -5.964203591278e+02

JOB 21
COORDS  1.9778713526e+00  4.6308005474e+00 -3.0454262815e+00  6.8017151064e-01  4.9112189009e+00 -2.6020962945e+00  2.7099525191e+00  3.6004674194e+00 -2.4455060942e+00  1.1652376893e-01  4.1620182514e+00 -1.5677078142e+00  2.1375338880e+00  2.8379054406e+00 -1.4244390591e+00  8.2944495205e-01  3.1020736844e+00 -9.8975094630e-01  2.1016976735e-01  2.3915647225e+00  1.8290312848e-01 -1.2285534902e+00 -1.2831985458e+00  2.0386923840e-01 -6.6522286910e-01 -6.0706386910e-01 -1.0532747901e+00 -1.3305210150e+00 -2.8004273601e-01  1.3613495355e+00  6.5814366274e-01  1.1638125753e-01 -7.5921311122e-01  1.6258693908e-02  4.1577374979e-01  1.5893277993e+00  5.1037285334e-01  1.0558027603e+00  3.6243502606e-01 -4.7124421821e-01  3.0273319968e+00  9.9294092240e-01  2.4210083122e+00  5.2204981209e+00 -3.8439102761e+00  1.1436357498e-01  5.7218316342e+00 -3.0540125212e+00  3.7282940709e+00  3.3967139094e+00 -2.7665414281e+00 -8.7505646680e-01  4.3911290292e+00 -1.1892358659e+00  2.7181685648e+00  2.0559197278e+00 -9.4329072496e-01 -5.6503680256e-01 -2.1089808842e+00  4.9724365686e-01 -2.2072877805e+00 -1.7272433570e+00 -9.3365069974e-03 -1.3865717781e+00  1.2714875007e-01 -1.4341551142e+00 -5.0132452977e-01 -1.3427606612e+00 -1.8497628004e+00 -1.6426267956e+00 -7.8369870893e-01  2.2836291158e+00 -2.0833233141e+00  4.8403348553e-01  1.1363081221e+00  9.9683154403e-01  6.4880399339e-01 -1.6456522205e+00  1.4336275968e+00 -6.1441594655e-01 -4.9340908342e-01 -6.0730597885e-02  1.1797585349e+00  2.3618762960e+00  7.7004166884e-01 -3.2060083837e-01  1.8986778786e+00
ENERGY -5.964200935018e+02

JOB 22
COORDS  2.0476401874e+00  4.7216567313e+00 -2.9919249754e+00  7.8145906036e-01  5.0703769767e+00 -2.5081597976e+00  2.6884787231e+00  3.5810368151e+00 -2.4970804368e+00  1.5664203721e-01  4.2747691668e+00 -1.5470719651e+00  2.0557220504e+00  2.7779958383e+00 -1.5451674037e+00  7.6809099706e-01  3.0993719025e+00 -1.0844897774e+00  9.3471947048e-02  2.3673452908e+00  4.5890838859e-02 -1.1873188318e+00 -1.3389584087e+00  2.7697936860e-01 -6.5112624100e-01 -7.0803359680e-01 -1.0143202621e+00 -1.3209195430e+00 -2.7990995569e-01  1.3795186828e+00  6.4950204697e-01  7.2863571629e-02 -7.6750268536e-01  2.9230293343e-03  4.7026153339e-01  1.5639520932e+00  4.8491171951e-01  1.0651229462e+00  3.0853115490e-01 -6.8294476918e-01  2.9760529415e+00  7.8819758594e-01  2.5397494175e+00  5.3448337097e+00 -3.7343763777e+00  2.8964079434e-01  5.9699312587e+00 -2.8692115838e+00  3.6877293060e+00  3.3253242218e+00 -2.8401198683e+00 -8.0987361656e-01  4.5497486858e+00 -1.1366727078e+00  2.5841156172e+00  1.9255067950e+00 -1.1305800737e+00 -4.9480579238e-01 -2.1250812001e+00  6.0979825472e-01 -2.1505073876e+00 -1.8268221796e+00  9.0378673301e-02 -1.3986069547e+00 -1.8498942272e-02 -1.4269343844e+00 -4.6556707864e-01 -1.4761528817e+00 -1.7747546550e+00 -1.6121487467e+00 -7.4397859521e-01  2.3290558355e+00 -2.0992203332e+00  4.4551537369e-01  1.1179602446e+00  9.5618730739e-01  5.7001505302e-01 -1.6854155275e+00  1.4526816081e+00 -6.1749590878e-01 -4.7697903689e-01 -9.7484460146e-02  1.2680588155e+00  2.2988987426e+00  7.8028531999e-01 -2.2510629912e-01  1.9079825452e+00
ENERGY -5.964182596724e+02

JOB 23
COORDS  2.1080978860e+00  4.8144381369e+00 -2.9306241585e+00  8.8311405504e-01  5.2136367177e+00 -2.3849556856e+00  2.6536654605e+00  3.5787261532e+00 -2.5687589126e+00  2.0176670725e-01  4.3728073924e+00 -1.5046817482e+00  1.9676076314e+00  2.7365674147e+00 -1.6904785220e+00  7.0892135015e-01  3.1030472038e+00 -1.1822028938e+00 -1.7574403497e-02  2.3397522519e+00 -1.0064133753e-01 -1.1420370690e+00 -1.3870486660e+00  3.6148842749e-01 -6.2729422383e-01 -8.1231564230e-01 -9.6355335741e-01 -1.3222152835e+00 -2.6801930889e-01  1.3953441760e+00  6.4340118987e-01  3.0548718569e-02 -7.6665415889e-01 -2.8528288663e-02  5.4156437479e-01  1.5347359375e+00  4.4877665602e-01  1.0798810134e+00  2.5104665491e-01 -8.8289104198e-01  2.9129492059e+00  5.6730716698e-01  2.6441418433e+00  5.4698999728e+00 -3.6124018657e+00  4.6766717030e-01  6.1869601560e+00 -2.6329362274e+00  3.6254555030e+00  3.2788296121e+00 -2.9525092026e+00 -7.3504033844e-01  4.6800806135e+00 -1.0515753716e+00  2.4446328701e+00  1.8181458422e+00 -1.3684222448e+00 -4.2012750815e-01 -2.1233788375e+00  7.4233205744e-01 -2.0843375524e+00 -1.9231417829e+00  2.0259467522e-01 -1.4002735444e+00 -1.7714702315e-01 -1.4145309967e+00 -4.1104027748e-01 -1.6149990823e+00 -1.6789473577e+00 -1.5981538839e+00 -6.8288861408e-01  2.3719014086e+00 -2.1264457743e+00  4.0886283595e-01  1.0875748749e+00  9.2104499491e-01  4.8302935486e-01 -1.7162878038e+00  1.4744354000e+00 -6.1097892143e-01 -4.4417078880e-01 -1.6199321406e-01  1.3767682474e+00  2.2215660937e+00  7.7198094211e-01 -1.0256166382e-01  1.9229457131e+00
ENERGY -5.964147907424e+02

