JOB 0
COORDS  2.9508875518e-01 -6.8286637551e-01  2.6036244584e+00  2.4555932563e+00  3.7009789439e-01  2.2066942526e+00  3.0994088303e+00  1.5734504593e+00  1.5300349670e+00  1.0790403924e+00  2.1781439885e-01  1.7561808641e+00  3.2425020417e+00  1.3047229843e+00 -2.5476810820e-01  4.7195929399e+00  1.9008508596e+00  2.2486880574e+00  1.8702914419e-01 -2.4320391924e-01  3.6007880551e+00  7.3493506879e-01 -1.6882305150e+00  2.7204529697e+00 -7.0667377776e-01 -7.9247757642e-01  2.1786083203e+00  3.0924761907e+00 -5.1632833819e-01  2.0531127012e+00  2.4426039931e+00  5.8101952723e-01  3.2815641412e+00  2.4975732549e+00  2.4707031496e+00  1.6546125218e+00  1.0723685897e+00 -1.1553986954e-01  7.9514910640e-01
ENERGY -1.093644654266e+03

JOB 1
COORDS  2.7446855553e-01 -6.2320629118e-01  2.6238600680e+00  2.4991626228e+00  2.9394027130e-01  2.1496244642e+00  3.0714002108e+00  1.5856259696e+00  1.5740024123e+00  1.1315131866e+00  1.0498217034e-01  1.6880741749e+00  3.2233519757e+00  1.4691554996e+00 -2.2428453218e-01  4.6740706661e+00  1.9466941058e+00  2.3215219131e+00  1.5949857280e-01 -3.8763315495e-02  3.5426940919e+00  6.4969087502e-01 -1.6234464448e+00  2.9003271036e+00 -7.1865360896e-01 -7.4050777049e-01  2.1805332500e+00  3.1833489250e+00 -5.3834810044e-01  1.9253742386e+00  2.4841029537e+00  4.1698000540e-01  3.2374888602e+00  2.4190107807e+00  2.4329420587e+00  1.7716200644e+00  1.1258965738e+00 -3.3423478222e-01  7.7229887990e-01
ENERGY -1.093643597077e+03

JOB 2
COORDS  2.6914361989e-01 -5.5582365394e-01  2.6396873456e+00  2.5458100384e+00  2.2017019524e-01  2.0919742003e+00  3.0324058565e+00  1.5837815277e+00  1.6023054765e+00  1.1849766534e+00 -1.9153754352e-02  1.6350592122e+00  3.1855178372e+00  1.5950575268e+00 -1.9730641651e-01  4.6113495827e+00  1.9992696873e+00  2.3765560837e+00  1.6049878652e-01  1.6467483082e-01  3.4570865968e+00  5.8303327406e-01 -1.5201904135e+00  3.0745415813e+00 -7.1803092613e-01 -6.8949967535e-01  2.1874524908e+00  3.2681214737e+00 -5.4805561295e-01  1.7850392523e+00  2.5590636891e+00  2.5525405692e-01  3.1862073815e+00  2.3275331704e+00  2.3724948656e+00  1.8553391747e+00  1.1758020753e+00 -5.7314695786e-01  7.8579659772e-01
ENERGY -1.093642189460e+03

JOB 3
COORDS  2.7088178710e-01 -4.7054680465e-01  2.6255028457e+00  2.5860453555e+00  1.6170277051e-01  2.0476958210e+00  2.9908151736e+00  1.5905338078e+00  1.6749014936e+00  1.2346719075e+00 -1.1770432075e-01  1.5856421148e+00  3.1455068012e+00  1.7654898533e+00 -1.1294003778e-01  4.5409897045e+00  2.0318810003e+00  2.4956768743e+00  1.5881849542e-01  3.6698595667e-01  3.3222157092e+00  5.4270795444e-01 -1.3655247473e+00  3.2108788402e+00 -7.0625129855e-01 -6.4392824632e-01  2.1650445770e+00  3.3315325566e+00 -5.2832589154e-01  1.6367289780e+00  2.6441372391e+00  8.4107013106e-02  3.1395935634e+00  2.2426090865e+00  2.3143778091e+00  1.9908888591e+00  1.2332329371e+00 -7.9180503981e-01  8.2945917871e-01
ENERGY -1.093641243347e+03

JOB 4
COORDS  2.8483086663e-01 -3.7741634113e-01  2.6022084226e+00  2.6191374842e+00  8.9365653427e-02  1.9830450823e+00  2.9406270386e+00  1.5638051780e+00  1.7167286922e+00  1.2714949842e+00 -2.2712993921e-01  1.5342312947e+00  3.0511807253e+00  1.8949121366e+00 -4.9051044356e-02  4.4810456425e+00  2.0175227768e+00  2.5507075523e+00  1.7050240543e-01  5.7188962223e-01  3.1367591685e+00  5.4099051510e-01 -1.1537564998e+00  3.3433359813e+00 -6.8711915579e-01 -6.2199679317e-01  2.1640668957e+00  3.3670222496e+00 -5.1975659688e-01  1.4670329434e+00  2.7449215842e+00 -8.4618669259e-02  3.0609168662e+00  2.1672310314e+00  2.2236735966e+00  2.1048951572e+00  1.2726338053e+00 -1.0339971246e+00  9.2145012261e-01
ENERGY -1.093641123036e+03

JOB 5
COORDS  3.0219811342e-01 -2.8675943180e-01  2.5511294865e+00  2.6564485099e+00  3.1524150086e-02  1.9428135646e+00  2.8937496372e+00  1.5385572760e+00  1.7965780249e+00  1.3189193219e+00 -3.2873022796e-01  1.5010477771e+00  2.9192082100e+00  2.0351464470e+00  6.8570629497e-02  4.4414900641e+00  1.9892618297e+00  2.6175277430e+00  1.6874701350e-01  7.4211024609e-01  2.9021392815e+00  5.4110092263e-01 -9.1364634099e-01  3.4276705617e+00 -6.5666932540e-01 -6.1329462740e-01  2.1389224108e+00  3.4066091341e+00 -4.8690410616e-01  1.3399379920e+00  2.8422541805e+00 -2.2675050857e-01  2.9981479928e+00  2.1123912435e+00  2.1276588792e+00  2.2722030998e+00  1.3303287689e+00 -1.2368536205e+00  1.0500730308e+00
ENERGY -1.093641340360e+03

JOB 6
COORDS  3.1315404493e-01 -2.0413940666e-01  2.4788156638e+00  2.6977932470e+00 -8.9934831143e-03  1.9271720600e+00  2.8580788492e+00  1.5133140678e+00  1.8945229532e+00  1.3738401375e+00 -4.2674374299e-01  1.4971508156e+00  2.6617205807e+00  2.1700557847e+00  2.3383590037e-01  4.4758865245e+00  1.9498055567e+00  2.5751433154e+00  1.0034158254e-01  8.6588193281e-01  2.5710565804e+00  5.4902407075e-01 -5.9369586147e-01  3.4850467172e+00 -6.0527004130e-01 -6.8264500481e-01  2.1282421700e+00  3.4481256793e+00 -4.4256885097e-01  1.2607812306e+00  2.9395045267e+00 -3.2370209723e-01  2.9582584771e+00  2.1269835855e+00  2.0263163526e+00  2.5150099086e+00  1.4031385576e+00 -1.4028048214e+00  1.2211968385e+00
ENERGY -1.093641068962e+03

JOB 7
COORDS  3.2102038588e-01 -1.2270749019e-01  2.4011952996e+00  2.7322235061e+00 -5.4030109773e-02  1.9022707214e+00  2.8261342731e+00  1.4696250174e+00  1.9745233236e+00  1.4101071177e+00 -5.1836905719e-01  1.5090528419e+00  2.4108018028e+00  2.2462453595e+00  4.0673730952e-01  4.4935347697e+00  1.9270106239e+00  2.5014086943e+00  8.6274305998e-02  9.3746925871e-01  2.2629018790e+00  5.3241158941e-01 -2.9486802479e-01  3.4722050733e+00 -5.7757873233e-01 -6.8571502110e-01  2.1353102524e+00  3.4667842402e+00 -4.1297848375e-01  1.1761122842e+00  3.0401850737e+00 -4.1230415323e-01  2.9021193051e+00  2.1556546555e+00  1.8985268033e+00  2.7149778271e+00  1.4370610288e+00 -1.5278632978e+00  1.4040299619e+00
ENERGY -1.093640109597e+03

JOB 8
COORDS  3.2512461024e-01 -6.4851408016e-02  2.3467477061e+00  2.7628634751e+00 -8.3817521421e-02  1.8589921802e+00  2.8061601354e+00  1.4313277430e+00  2.0276425342e+00  1.4311518974e+00 -5.9793993149e-01  1.5534576945e+00  2.2723181482e+00  2.2916904792e+00  5.3630760900e-01  4.4849238553e+00  1.9220949116e+00  2.4798164807e+00  1.1088794147e-01  9.6616423692e-01  2.0509132026e+00  4.9111846288e-01 -8.8498649485e-02  3.4396616221e+00 -5.7155287502e-01 -6.5214525184e-01  2.1310579643e+00  3.4527378026e+00 -3.6937032335e-01  1.0593962125e+00  3.1668126822e+00 -4.8021085054e-01  2.8084607386e+00  2.1667368540e+00  1.7866134857e+00  2.8311807399e+00  1.4539416813e+00 -1.6115950766e+00  1.5995337892e+00
ENERGY -1.093637862656e+03

JOB 9
COORDS  3.1447968676e-01 -3.4687211611e-02  2.3006816181e+00  2.7817437242e+00 -9.7309603504e-02  1.8059900448e+00  2.8011121287e+00  1.4046262018e+00  2.0608098219e+00  1.4429567297e+00 -6.6567207441e-01  1.6186525544e+00  2.2089524422e+00  2.3368722697e+00  6.3098433891e-01  4.4835811686e+00  1.9103775787e+00  2.4796513404e+00  1.1744376447e-01  9.5253788142e-01  1.8757453698e+00  4.2890436296e-01  7.1181531645e-02  3.3953907784e+00 -5.7519309034e-01 -6.4441074481e-01  2.1195688709e+00  3.4003251759e+00 -3.1046333228e-01  9.2818810428e-01  3.2927280023e+00 -5.2992213343e-01  2.6824928024e+00  2.1796352098e+00  1.7036559619e+00  2.9002574215e+00  1.4780824175e+00 -1.6584221003e+00  1.8237458347e+00
ENERGY -1.093634582762e+03

JOB 10
COORDS  2.9388623172e-01 -2.6871158374e-02  2.2473157421e+00  2.7884657724e+00 -1.0130719866e-01  1.7602078657e+00  2.8103689093e+00  1.3858941699e+00  2.0969918480e+00  1.4545176272e+00 -7.2239600840e-01  1.6903856051e+00  2.1717628416e+00  2.3931758095e+00  7.3759690424e-01  4.5052057572e+00  1.8832927968e+00  2.4791035838e+00  9.2658400411e-02  8.8957568896e-01  1.6892316601e+00  3.6541456495e-01  2.2715141322e-01  3.3204947137e+00 -5.7664314703e-01 -6.7756341660e-01  2.1229956214e+00  3.3201647982e+00 -2.3894485763e-01  8.1194857251e-01  3.3955320581e+00 -5.7699342000e-01  2.5432180226e+00  2.2164507457e+00  1.6386981946e+00  2.9710924373e+00  1.5143554833e+00 -1.6576835436e+00  2.0772953589e+00
ENERGY -1.093631683163e+03

JOB 11
COORDS  3.3854112582e-01 -6.8146753260e-03  2.1658783804e+00  2.8457514227e+00 -7.3668733328e-02  1.6753293492e+00  2.8962409136e+00  1.4031161417e+00  2.0708910076e+00  1.5315386399e+00 -7.4408846925e-01  1.7389589453e+00  2.1502050140e+00  2.4667449305e+00  8.1550763851e-01  4.6201821695e+00  1.8882488853e+00  2.3277530647e+00  7.5228842997e-02  7.5719166430e-01  1.4323290362e+00  4.1017679205e-01  4.7592127128e-01  3.1556177319e+00 -4.9129735124e-01 -7.1833561579e-01  2.2083155246e+00  3.2601079103e+00 -1.4633227338e-01  6.6270329501e-01  3.5459137013e+00 -5.8745747071e-01  2.3426089582e+00  2.3803394468e+00  1.6207525306e+00  3.0026074009e+00  1.6285518460e+00 -1.5651219879e+00  2.3263381084e+00
ENERGY -1.093630701112e+03

JOB 12
COORDS  7.2728438343e-02  1.3638057945e+00  2.0126653957e+00  2.3715965608e+00  2.6985351111e-01  2.1806606812e+00  3.1050226755e+00  1.5576958430e+00  1.7923090518e+00  9.2866922691e-01  2.4393170195e-01  2.4332103092e+00  2.9981750073e+00  2.8245175997e+00  3.0843489654e+00  2.6146658256e+00  2.2181068958e+00  1.8609124638e-01 -9.2719679132e-03  1.3916100617e+00  9.2341283559e-01  3.9880345085e-01  2.3523094803e+00  2.3584749874e+00 -9.2788077403e-01  1.1716833250e+00  2.4115647758e+00  2.6047898390e+00 -4.1906762537e-01  1.3546817105e+00  2.8898843205e+00 -1.1834321756e-01  3.0631615936e+00  4.1666341667e+00  1.3375561072e+00  1.6931083753e+00  7.9703333182e-01  1.2690269070e-01  3.4330357942e+00
ENERGY -1.093633261045e+03

JOB 13
COORDS  4.7803138658e-02  1.3304098917e+00  1.9939766611e+00  2.3355585397e+00  2.7075419719e-01  2.1612296803e+00  3.0928336288e+00  1.5667055930e+00  1.8250686507e+00  9.2632553279e-01  2.8399341194e-01  2.5349668375e+00  2.9913301318e+00  2.7655111868e+00  3.1782518954e+00  2.6039103411e+00  2.3098319599e+00  2.5421336644e-01 -3.9748003157e-02  1.2222646070e+00  9.0939506357e-01  3.6658828000e-01  2.3574716886e+00  2.2112248403e+00 -9.4735254801e-01  1.1783564877e+00  2.4228485114e+00  2.4678136727e+00 -3.5853186389e-01  1.2692569138e+00  2.8936001870e+00 -2.1057007396e-01  2.9702900459e+00  4.1523943096e+00  1.3428907585e+00  1.7111318600e+00  8.7398376291e-01  3.3761829368e-01  3.5486394984e+00
ENERGY -1.093637211756e+03

JOB 14
COORDS  4.1990613841e-02  1.2778098622e+00  1.9641385701e+00  2.3231726179e+00  2.6598953321e-01  2.1405224469e+00  3.1252662438e+00  1.5553974570e+00  1.8627955091e+00  9.5410680718e-01  3.3059921836e-01  2.6166225324e+00  3.0306769446e+00  2.6941310709e+00  3.2640413533e+00  2.6600758397e+00  2.3782207535e+00  3.2283596643e-01 -2.8978828870e-02  1.0431052804e+00  8.9783471644e-01  3.2928752565e-01  2.3325949462e+00  2.0621901700e+00 -9.5220546817e-01  1.1458121052e+00  2.4019676285e+00  2.3539647995e+00 -3.0279493536e-01  1.2018238513e+00  2.9031747596e+00 -3.0046834425e-01  2.8767306790e+00  4.1811929430e+00  1.3158836704e+00  1.7462552089e+00  9.6720040824e-01  5.3103552757e-01  3.6136685195e+00
ENERGY -1.093640566760e+03

JOB 15
COORDS -2.0517735072e-03  1.2179350272e+00  1.9292717187e+00  2.2976082150e+00  2.8681878432e-01  2.1197772027e+00  3.1633246794e+00  1.5465544931e+00  1.8866552417e+00  9.6982511133e-01  4.1326491150e-01  2.6758577986e+00  3.1556070955e+00  2.6098982247e+00  3.3469429749e+00  2.6879173239e+00  2.4767218524e+00  4.1029738096e-01 -5.3550230712e-02  8.5528142847e-01  8.9787489687e-01  2.1903407823e-01  2.2933032526e+00  1.8980392088e+00 -9.8839572827e-01  1.0781782146e+00  2.3828308237e+00  2.2390194288e+00 -2.3045796644e-01  1.1547322284e+00  2.8811807895e+00 -3.5052861951e-01  2.7945125798e+00  4.2034814532e+00  1.2670366926e+00  1.7251420701e+00  1.0312445564e+00  7.4635721600e-01  3.6345201654e+00
ENERGY -1.093642201137e+03

JOB 16
COORDS -6.1026747975e-02  1.1503971611e+00  1.8948128735e+00  2.2828483302e+00  3.3634878168e-01  2.1208748749e+00  3.2209629840e+00  1.5455646724e+00  1.9253451180e+00  9.8288636908e-01  5.3256513547e-01  2.7166297649e+00  3.3973970532e+00  2.4699148607e+00  3.4687312366e+00  2.6954491137e+00  2.6394803050e+00  5.8483234428e-01 -1.0828209297e-01  6.3323336852e-01  9.3116942519e-01  7.8211095253e-02  2.2215115214e+00  1.6955475594e+00 -1.0257856119e+00  1.0113485675e+00  2.3933067703e+00  2.1637316249e+00 -1.4077447860e-01  1.1420919947e+00  2.8482274058e+00 -3.5996082757e-01  2.7544258662e+00  4.2238240888e+00  1.2145461340e+00  1.6581744454e+00  1.0677441153e+00  9.9692029687e-01  3.6164853192e+00
ENERGY -1.093642151724e+03

JOB 17
COORDS -1.2221889029e-01  1.0657249391e+00  1.8656736828e+00  2.2638325270e+00  3.8834942805e-01  2.0976965427e+00  3.2612265751e+00  1.5482462462e+00  1.9460559816e+00  9.8881883720e-01  6.5361613694e-01  2.7254562133e+00  3.6217203476e+00  2.2890349568e+00  3.5577431827e+00  2.6907054316e+00  2.8124455753e+00  7.8775438406e-01 -2.5071115524e-01  3.2500451876e-01  1.0694945383e+00 -9.7806500905e-03  2.0538244975e+00  1.3979318137e+00 -1.0409893336e+00  1.0660319889e+00  2.4606385218e+00  2.0958256684e+00 -3.2336257184e-02  1.1011310274e+00  2.8043047766e+00 -3.7064747138e-01  2.6814629547e+00  4.2165966606e+00  1.1936194349e+00  1.5611275837e+00  1.0934709968e+00  1.2594865510e+00  3.5338465718e+00
ENERGY -1.093641208407e+03

JOB 18
COORDS -1.3863104101e-01  9.7351474651e-01  1.8501428714e+00  2.2702055511e+00  4.3702238588e-01  2.0522912541e+00  3.3158302283e+00  1.5513415889e+00  1.9724451124e+00  1.0211865593e+00  7.6301867798e-01  2.7169375291e+00  3.7876182128e+00  2.1075957179e+00  3.6295166202e+00  2.7356943635e+00  2.9518837279e+00  9.8752194027e-01 -3.5895497811e-01  4.8034389099e-02  1.3074560206e+00 -2.3233319055e-02  1.7860583841e+00  1.1162192826e+00 -1.0078229191e+00  1.1958992732e+00  2.4764426532e+00  2.0696533732e+00  1.0585192071e-01  1.0281791122e+00  2.7723394514e+00 -3.9538600855e-01  2.5674255410e+00  4.2337623014e+00  1.2020861274e+00  1.5020829853e+00  1.1415094288e+00  1.5195710803e+00  3.3830362950e+00
ENERGY -1.093639921440e+03

JOB 19
COORDS  4.4322526885e-01 -8.6760044639e-01  2.3299215059e+00  2.3317697261e+00  6.9020544429e-01  2.5804559107e+00  3.1395842393e+00  1.2929640423e+00  1.4359177150e+00  9.1342173172e-01  5.1866296221e-01  2.2576683216e+00  3.1292635956e+00  2.1240742486e-01 -1.7698686360e-02  4.8271664963e+00  1.6280963779e+00  1.9734559838e+00  5.1410715919e-01 -1.2224904651e+00  3.3631651139e+00  1.0024568505e+00 -1.5647998936e+00  1.6851496453e+00 -6.1237054640e-01 -8.9960262871e-01  2.0442547827e+00  2.7907241420e+00 -2.6556161406e-01  2.8550387738e+00  2.4526807814e+00  1.3674513334e+00  3.4361828429e+00  2.7316864229e+00  2.2457035931e+00  1.1000492780e+00  7.0618526781e-01  8.9709182572e-01  1.3378315016e+00
ENERGY -1.093638836660e+03

JOB 20
COORDS  3.9832967850e-01 -8.4866722135e-01  2.4111096728e+00  2.3514075295e+00  6.1967708136e-01  2.5077648693e+00  3.1563741220e+00  1.3410940960e+00  1.4349675085e+00  9.3311506162e-01  4.9264055117e-01  2.1514975134e+00  3.1692313766e+00  4.0308858503e-01 -1.1605624066e-01  4.8353653563e+00  1.6342909051e+00  2.0122876849e+00  4.0591780982e-01 -1.0448391772e+00  3.4884178301e+00  9.6213948440e-01 -1.6538318214e+00  1.9114751293e+00 -6.4227409657e-01 -8.8893332074e-01  2.0762803018e+00  2.8233733916e+00 -3.5853468970e-01  2.6730321352e+00  2.4587001986e+00  1.1969838854e+00  3.4342838428e+00  2.7373998117e+00  2.3158573145e+00  1.1887259692e+00  8.1629646710e-01  6.8535773653e-01  1.1596788394e+00
ENERGY -1.093639285014e+03

JOB 21
COORDS  3.6917679795e-01 -8.2526284047e-01  2.4790512164e+00  2.3465409777e+00  5.9038146585e-01  2.4641327107e+00  3.1268229774e+00  1.4691635431e+00  1.4962384400e+00  9.4205329334e-01  4.6153357264e-01  2.0671970596e+00  3.2068351325e+00  7.1666449532e-01 -1.5083336477e-01  4.7821800674e+00  1.7687219883e+00  2.1331030808e+00  3.2847647161e-01 -8.7792406934e-01  3.5723879768e+00  9.3965176016e-01 -1.6969761209e+00  2.1168590338e+00 -6.5655216557e-01 -8.9617893682e-01  2.1061753533e+00  2.8656046435e+00 -3.7988287844e-01  2.5203296477e+00  2.4084308666e+00  1.0549217811e+00  3.4551072730e+00  2.6609569356e+00  2.4431567293e+00  1.3560513852e+00  8.8866933540e-01  5.0272151991e-01  1.0511666390e+00
ENERGY -1.093641190750e+03

JOB 22
COORDS  3.3568251053e-01 -7.8893342793e-01  2.5317360572e+00  2.3627121464e+00  5.3244352525e-01  2.3935700148e+00  3.1143781476e+00  1.5342895835e+00  1.5282392835e+00  9.7329233862e-01  4.0213242531e-01  1.9604345890e+00  3.2439527492e+00  9.4760022941e-01 -1.8158593215e-01  4.7499441528e+00  1.8372328578e+00  2.2135548076e+00  2.5450452503e-01 -6.7808405818e-01  3.6185415431e+00  8.8339171878e-01 -1.7242833107e+00  2.3257959081e+00 -6.7771802101e-01 -8.8067308145e-01  2.1310469892e+00  2.9211229319e+00 -4.1916083994e-01  2.3752471004e+00  2.3824367401e+00  9.0599977792e-01  3.4236461691e+00  2.6044283792e+00  2.4943551272e+00  1.4776273833e+00  9.6366687504e-01  3.0193886951e-01  9.4656495240e-01
ENERGY -1.093643357926e+03

JOB 23
COORDS  3.0683930978e-01 -7.4034559884e-01  2.5737636605e+00  2.4042037938e+00  4.4293648626e-01  2.2913265111e+00  3.1116165940e+00  1.5476118844e+00  1.5188221570e+00  1.0202698180e+00  3.1582784508e-01  1.8502623120e+00  3.2448041795e+00  1.1237237192e+00 -2.3750845901e-01  4.7437635852e+00  1.8466650236e+00  2.2176690757e+00  2.0739509007e-01 -4.5967208597e-01  3.6278349744e+00  8.0430702075e-01 -1.7243725565e+00  2.5294180758e+00 -7.0041478083e-01 -8.4127027117e-01  2.1600608443e+00  2.9946029447e+00 -4.8498806661e-01  2.2022147040e+00  2.4063648371e+00  7.3374007552e-01  3.3478064968e+00  2.5621700017e+00  2.4855178148e+00  1.5619272604e+00  1.0146276776e+00  9.3641003115e-02  8.5640054831e-01
ENERGY -1.093644654661e+03

