JOB 0
COORDS -1.4276934066e+00 -8.4386678477e-01 -1.1591657132e+00  1.7878871163e+00 -1.1637208487e+00  1.6715320434e-01  3.8511124352e-01 -1.7595517297e+00  3.8574001663e-01  1.5834404655e+00  3.0053562036e-01  5.5265102001e-01 -5.8378079564e-01 -5.7821678954e-01  9.3980936549e-02 -7.6833691443e-01  1.5780159900e-01 -4.6967417907e+00 -3.3112825858e-01  1.8436206480e+00  4.4909670858e-01 -1.6692345416e+00 -3.3058506053e-01 -3.5650823014e+00  2.7762500747e-01  6.1387839483e-01 -3.8133075977e-02 -9.8970719059e-01 -2.1914269080e-01 -2.2809053635e+00 -2.3943750738e+00 -1.6092978573e+00 -1.1245801997e+00  2.5582918583e+00 -1.6576500588e+00  7.6541017520e-01  2.0769274968e+00 -1.2318039031e+00 -8.8670456467e-01  1.7648758700e-01 -2.6250110768e+00 -2.4631336859e-01  2.6726757623e-01 -2.0794667228e+00  1.4249876900e+00  1.5718558401e+00  4.1023744181e-01  1.6532947969e+00  2.3530185077e+00  9.7249785954e-01  1.5721847607e-01 -1.3015136657e+00 -4.7310156517e-01  9.1915497700e-01 -4.9214842875e-01  1.2102060293e+00 -4.5614868469e+00  1.5197304103e-01 -4.3346484227e-01 -4.7483374750e+00 -1.2842824490e+00  7.1275058823e-02 -5.6577958616e+00 -1.2743631645e+00  2.0259063138e+00 -7.5719769478e-02  3.3419016359e-01  2.6906559526e+00  2.5211361090e-01 -5.4162347445e-01  1.8139497880e+00  1.5336157551e+00 -1.9481911148e+00 -1.3780907707e+00 -3.7101575222e+00 -2.6051668888e+00  2.4327875583e-01 -3.5466370109e+00 -2.2892854317e-01  4.4029461111e-01 -2.1405600538e+00
ENERGY -4.993295174766e+02

JOB 1
COORDS -1.4469033254e+00 -8.1793965110e-01 -1.2021949896e+00  1.7801462099e+00 -1.0956024680e+00  9.0530917530e-02  3.9671367909e-01 -1.7367753774e+00  3.0243714795e-01  1.5408836982e+00  3.4699974209e-01  5.3332708652e-01 -6.0632610276e-01 -5.7358875587e-01  5.8144193122e-02 -7.1089102556e-01  4.7398095057e-03 -4.7348382540e+00 -4.1732285977e-01  1.8377933559e+00  5.1355711374e-01 -1.7005382757e+00 -2.0601275879e-01 -3.5899605301e+00  2.2002829911e-01  6.4704072377e-01 -3.0694735304e-02 -1.0317771934e+00 -1.3329724078e-01 -2.2984992474e+00 -2.3853177299e+00 -1.6182947389e+00 -1.1913700201e+00  2.5707761560e+00 -1.5901472933e+00  6.6125022125e-01  2.0580168433e+00 -1.1165879649e+00 -9.6832683687e-01  2.0467886950e-01 -2.5868841904e+00 -3.5513504899e-01  2.9844688861e-01 -2.0926383194e+00  1.3320430366e+00  1.5394379713e+00  4.1475972474e-01  1.6373671996e+00  2.2874242597e+00  1.0541583444e+00  1.5546941270e-01 -1.3240870926e+00 -5.2025305974e-01  8.8807820158e-01 -2.2656045115e-01  9.8628353283e-01 -4.6690167769e+00  6.9972760952e-02 -7.6240204803e-01 -4.7212719285e+00 -1.2272023511e+00 -4.5656073869e-02 -5.6987385437e+00 -1.3704429732e+00  2.0158489307e+00  5.4162018529e-03  2.2255097374e-01  2.7105162116e+00  3.4671970663e-01 -6.1583930280e-01  1.7566655310e+00  1.5976939421e+00 -2.1751941952e+00 -1.1879343402e+00 -3.6534672993e+00 -2.5048983171e+00  5.4068904827e-01 -3.6430400967e+00 -2.9209742766e-01  5.4296651444e-01 -2.1263281421e+00
ENERGY -4.993296796214e+02

JOB 2
COORDS -1.4604398340e+00 -7.8567466008e-01 -1.2491643414e+00  1.7738674266e+00 -1.0408980285e+00  3.0172015490e-02  4.0517966137e-01 -1.7204813356e+00  2.1682021521e-01  1.5035181027e+00  3.7751349604e-01  5.2958439971e-01 -6.2381374080e-01 -5.7115142187e-01  1.9589741202e-02 -6.9951577092e-01 -1.4003652737e-01 -4.7514234833e+00 -4.8768854539e-01  1.8235774743e+00  5.7223978125e-01 -1.7209193881e+00 -8.2099784974e-02 -3.6144754993e+00  1.7501815022e-01  6.7020231354e-01 -2.0276389922e-02 -1.0730403055e+00 -3.4764007449e-02 -2.3121876886e+00 -2.3713855605e+00 -1.6170505980e+00 -1.2706480532e+00  2.5755958517e+00 -1.5399063365e+00  5.8120310973e-01  2.0517357351e+00 -1.0142860288e+00 -1.0285838431e+00  2.3093905663e-01 -2.5477794105e+00 -4.7392540792e-01  3.1625755504e-01 -2.1192638116e+00  1.2314298850e+00  1.5034107925e+00  4.0214490506e-01  1.6353905470e+00  2.2333322748e+00  1.1152349269e+00  1.7837132722e-01 -1.3415590819e+00 -5.6727644320e-01  8.5120890767e-01 -4.1349094229e-02  7.3673471526e-01 -4.7425041789e+00 -7.5533189845e-02 -1.0352592744e+00 -4.6659918323e+00 -1.2084761033e+00 -1.6408267408e-01 -5.7207185852e+00 -1.4459052574e+00  1.9997518968e+00  7.3270036910e-02  1.3173506743e-01  2.7166156842e+00  4.3907160976e-01 -6.8099806052e-01  1.6947920297e+00  1.6526801167e+00 -2.3611696234e+00 -9.6668580160e-01 -3.6146159338e+00 -2.3744972204e+00  7.9205984490e-01 -3.7395176600e+00 -3.3733285376e-01  6.3857456669e-01 -2.1133077638e+00
ENERGY -4.993298781061e+02

JOB 3
COORDS -1.4403590975e+00 -7.5265809096e-01 -1.3121244450e+00  1.7895975571e+00 -1.0055787213e+00 -2.3005692169e-02  4.3286201459e-01 -1.7179625250e+00  1.2285836570e-01  1.4896632297e+00  3.8328996685e-01  5.3860808873e-01 -6.1643353848e-01 -5.8008913597e-01 -2.9010791241e-02 -6.9615646537e-01 -2.7495914659e-01 -4.7580458327e+00 -5.2834994292e-01  1.7891893074e+00  6.3354183755e-01 -1.6972335304e+00  5.0367024086e-02 -3.6463226957e+00  1.5912244806e-01  6.7620137634e-01 -6.1957670014e-03 -1.0725586564e+00  6.4930745216e-02 -2.3322884478e+00 -2.3283307599e+00 -1.6061366318e+00 -1.3798129029e+00  2.5970560637e+00 -1.5144090630e+00  5.1038287297e-01  2.0737488225e+00 -9.2556032151e-01 -1.0774238910e+00  2.7811021932e-01 -2.5163063624e+00 -6.0554543343e-01  3.4525004478e-01 -2.1638685810e+00  1.1177842143e+00  1.4828602584e+00  3.5764941890e-01  1.6443483284e+00  2.2074634234e+00  1.1496254769e+00  2.2599029607e-01 -1.3394449406e+00 -6.2847403221e-01  7.9664612326e-01  1.1539479777e-01  4.6103084454e-01 -4.7903158646e+00 -2.5392885316e-01 -1.2636749991e+00 -4.6008024799e+00 -1.1932129313e+00 -2.6953040142e-01 -5.7341796565e+00 -1.4863706990e+00  1.9706505830e+00  1.3619828377e-01  7.5523344909e-02  2.6983406421e+00  5.4550080219e-01 -7.2571902721e-01  1.6077054088e+00  1.7056282655e+00 -2.4898674801e+00 -6.9928282130e-01 -3.6055922696e+00 -2.1698445640e+00  1.0228190631e+00 -3.8368075184e+00 -3.3900088674e-01  7.3038456867e-01 -2.1020208547e+00
ENERGY -4.993301291033e+02

JOB 4
COORDS -1.4559276492e+00 -7.0671273884e-01 -1.3465936227e+00  1.7669063322e+00 -9.8556032434e-01 -4.0970859793e-02  4.1547685407e-01 -1.7156103830e+00  6.0851193539e-02  1.4482308384e+00  3.7463448572e-01  5.7789152524e-01 -6.4314536008e-01 -5.8142264612e-01 -5.1183200742e-02 -7.5615944480e-01 -4.0025663285e-01 -4.7111929427e+00 -5.8234785892e-01  1.7608895741e+00  7.0450191230e-01 -1.6988805303e+00  1.7530635771e-01 -3.6494586848e+00  1.2134310476e-01  6.7856090986e-01  3.1063453864e-02 -1.1078392532e+00  1.7415766832e-01 -2.3196550941e+00 -2.3253075678e+00 -1.5740543872e+00 -1.4640829894e+00  2.5741555133e+00 -1.5102719235e+00  4.7712852761e-01  2.0601318192e+00 -8.5632759634e-01 -1.0880453157e+00  2.7428688453e-01 -2.4836433183e+00 -7.0207080873e-01  3.2331951982e-01 -2.2042434872e+00  1.0350616714e+00  1.4298286677e+00  3.0000419677e-01  1.6813444543e+00  2.1619520916e+00  1.1605535927e+00  3.0741690093e-01 -1.3715654351e+00 -6.7179166435e-01  7.6641679322e-01  1.7374725720e-01  1.7657858173e-01 -4.7701412424e+00 -5.0148565741e-01 -1.4375941873e+00 -4.4736997221e+00 -1.2307813915e+00 -3.7843585913e-01 -5.6984836656e+00 -1.5357267442e+00  1.9537728804e+00  2.0271332664e-01  1.5259954540e-02  2.6772511901e+00  6.5864678580e-01 -7.9083403502e-01  1.5369948893e+00  1.7664659598e+00 -2.6122710718e+00 -4.1982398585e-01 -3.5876921426e+00 -1.9838973289e+00  1.2016719554e+00 -3.9102049182e+00 -3.6233387508e-01  8.1776490567e-01 -2.0683664185e+00
ENERGY -4.993303620203e+02

JOB 5
COORDS -1.4047215456e+00 -6.8127942182e-01 -1.3986392167e+00  1.8052417129e+00 -9.3157376508e-01 -5.6322547053e-02  4.7028533521e-01 -1.6962926312e+00 -9.8079835044e-04  1.4457559788e+00  3.9878620985e-01  6.0344701094e-01 -6.1332599744e-01 -5.8402659450e-01 -8.8102341806e-02 -8.2282630753e-01 -5.4797569102e-01 -4.6684231435e+00 -6.1975483607e-01  1.7284400508e+00  7.5577334075e-01 -1.6536920756e+00  2.6295415293e-01 -3.6681871315e+00  1.1879426236e-01  6.9075026810e-01  4.9667867904e-02 -1.0849668232e+00  2.5537281794e-01 -2.3275856395e+00 -2.2407901951e+00 -1.5727372611e+00 -1.5681929972e+00  2.6170245935e+00 -1.4544788457e+00  4.5649159656e-01  2.1112352212e+00 -7.6017727034e-01 -1.0936714896e+00  3.5848849045e-01 -2.4381714725e+00 -7.9407261129e-01  3.7601203129e-01 -2.2233316386e+00  9.5272220778e-01  1.4150072287e+00  2.8645387822e-01  1.7033864595e+00  2.1440649120e+00  1.2098136909e+00  3.6928997742e-01 -1.3505283351e+00 -7.2017862906e-01  7.1523858980e-01  1.9248327309e-01 -1.4592395404e-01 -4.7570346614e+00 -7.5531002902e-01 -1.5902881421e+00 -4.3438050493e+00 -1.2867443151e+00 -5.2577357486e-01 -5.6608989149e+00 -1.5723006238e+00  1.9161390333e+00  2.5055598199e-01 -4.5533611644e-02  2.6607502811e+00  7.5172113378e-01 -8.3330737482e-01  1.4585293946e+00  1.8059481541e+00 -2.6606796872e+00 -1.5455085416e-01 -3.5943426532e+00 -1.7443161207e+00  1.3038916649e+00 -3.9969634292e+00 -3.4976857993e-01  9.0083154180e-01 -2.0531743429e+00
ENERGY -4.993305160421e+02

JOB 6
COORDS -1.4836647048e+00  4.8952058318e-01 -1.6473596966e+00  5.7181379073e-01 -1.5363117818e+00  3.3382030421e-01 -8.9799049247e-01 -1.0808600229e+00  2.7333466556e-01  1.3108011794e+00 -2.2426711827e-01  5.9199584175e-01 -8.2822420494e-01  3.7700274948e-01 -2.6557555976e-01 -1.4194570505e+00 -8.3377702748e-01 -4.5560264697e+00  8.8131091756e-01  2.1261293088e+00  4.9038421142e-03 -1.0523408990e+00  5.7444335069e-01 -4.0759350772e+00  6.0657159178e-01  7.2400747970e-01 -2.7805427825e-01 -6.1636663408e-01  6.0525652013e-01 -2.6847170751e+00 -2.7108829089e+00  4.5150837539e-01 -1.7717036009e+00  7.5349771196e-01 -2.2858113050e+00  1.1088238576e+00  8.8732571959e-01 -1.9559630997e+00 -6.2710004897e-01 -1.5252061917e+00 -1.7177830682e+00 -3.5347535046e-01 -1.3364328660e+00 -1.0791498305e+00  1.2751398767e+00  1.2291892387e+00  5.9743690253e-02  1.6579533610e+00  2.3752929822e+00 -2.5983370748e-01  3.3563973227e-01 -1.4028296946e+00  1.0436004506e+00  3.9272156198e-01 -5.5944804527e-01 -1.5090678608e+00 -4.4888871133e+00 -2.2306246735e+00 -1.2376819469e+00 -3.9450422290e+00 -1.7536596991e+00 -8.0669393277e-01 -5.5991996538e+00  3.5538226870e-01  2.7607077577e+00 -7.1508190406e-01  1.9543102333e+00  2.3210346540e+00 -9.2921589625e-02  5.6704689903e-01  2.4237360361e+00  1.0217633212e+00 -1.9219594770e+00  1.2314072742e+00 -4.1681316993e+00 -2.4870547098e-01  9.9767196035e-01 -4.6867062771e+00  3.6630780892e-01  5.6230580529e-01 -2.4307351082e+00
ENERGY -4.993303688187e+02

JOB 7
COORDS -1.4686880541e+00  4.5605303191e-01 -1.6693565216e+00  6.4098463240e-01 -1.5350472850e+00  2.9397361113e-01 -8.4349202194e-01 -1.1312789021e+00  2.2400193013e-01  1.3297079036e+00 -2.0267523648e-01  5.8486424652e-01 -8.2036294592e-01  3.3929884629e-01 -2.8385078138e-01 -1.5774988645e+00 -8.1260664429e-01 -4.4955384923e+00  8.2445733851e-01  2.1416584764e+00  3.4614131413e-02 -9.8600200225e-01  5.4453602393e-01 -4.1003990086e+00  6.0135772708e-01  7.3606986716e-01 -2.7560183343e-01 -5.9550384482e-01  6.2536708603e-01 -2.6946441376e+00 -2.6933531247e+00  3.8129227575e-01 -1.8015956199e+00  8.4038990382e-01 -2.2920130268e+00  1.0572791668e+00  9.8249838985e-01 -1.9252896045e+00 -6.7045734205e-01 -1.4396165214e+00 -1.7773670504e+00 -4.2348713164e-01 -1.2938544070e+00 -1.1662997722e+00  1.2198665850e+00  1.2265376694e+00  5.8231450304e-02  1.6548373633e+00  2.3974620756e+00 -1.9549823046e-01  3.4003234961e-01 -1.4236306178e+00  9.7141679743e-01  3.8265272954e-01 -8.5647479369e-01 -1.6193900756e+00 -4.3227938878e+00 -2.4784147336e+00 -1.0157300098e+00 -3.9138848081e+00 -1.8409765720e+00 -8.1071285746e-01 -5.5590381979e+00  2.8377078816e-01  2.7702732800e+00 -6.7957497854e-01  1.8909296689e+00  2.3751488723e+00 -4.8846130979e-02  4.9029880439e-01  2.4098222843e+00  1.0532808118e+00 -1.7217284503e+00  1.3311047950e+00 -4.3004876760e+00 -9.6572828351e-02  7.7038588612e-01 -4.6960059425e+00  3.8258307549e-01  5.9962940913e-01 -2.4202921618e+00
ENERGY -4.993293723844e+02

JOB 8
COORDS -1.4667735732e+00  3.4414251295e-01 -1.6776183404e+00  7.3961806724e-01 -1.5424524353e+00  2.7324521432e-01 -7.6397896710e-01 -1.2166927960e+00  2.1049087206e-01  1.3565060247e+00 -1.7913238040e-01  5.8154466567e-01 -8.1919782473e-01  2.5615695624e-01 -2.8750820214e-01 -1.7111602050e+00 -8.1946441679e-01 -4.4834413472e+00  7.2408535853e-01  2.1420316654e+00  6.1630258687e-02 -9.0822617515e-01  4.3255232548e-01 -4.1177341566e+00  5.7840727397e-01  7.3050685454e-01 -2.6668116548e-01 -5.9189186824e-01  5.5712569096e-01 -2.6936506734e+00 -2.6870021454e+00  2.1502642829e-01 -1.8069341027e+00  9.8016669732e-01 -2.2979574670e+00  1.0260711646e+00  1.0998097524e+00 -1.9009060531e+00 -6.9675073519e-01 -1.3288590146e+00 -1.8889792048e+00 -4.3836159212e-01 -1.2071512739e+00 -1.2808870543e+00  1.2082397146e+00  1.2403359844e+00  6.1898162983e-02  1.6547677385e+00  2.4221863467e+00 -1.1170256246e-01  3.3679282551e-01 -1.4610753954e+00  8.4949077829e-01  3.7812411623e-01 -1.1787971371e+00 -1.7278316449e+00 -4.1794312504e+00 -2.6858649188e+00 -8.1004725259e-01 -3.9958064348e+00 -1.8545546359e+00 -8.5500601291e-01 -5.5690354914e+00  1.5162431858e-01  2.7493030429e+00 -6.4626206637e-01  1.7764664670e+00  2.4341298080e+00 -1.5987784851e-02  3.7370769251e-01  2.3789397030e+00  1.0825238349e+00 -1.4666642563e+00  1.3209887267e+00 -4.4384508082e+00  4.6282558013e-02  4.4527711093e-01 -4.6521751039e+00  3.7763469644e-01  5.9380475733e-01 -2.3896430084e+00
ENERGY -4.993274849589e+02

JOB 9
COORDS -1.4677353476e+00  2.0068130304e-01 -1.6421350654e+00  8.3929852608e-01 -1.5383741348e+00  3.2000059029e-01 -6.7918953237e-01 -1.2896562646e+00  2.7055836060e-01  1.3885007739e+00 -1.4271553990e-01  6.1120679133e-01 -8.1346464132e-01  1.6962425013e-01 -2.5002384367e-01 -1.8957736594e+00 -7.3217852409e-01 -4.4944301097e+00  6.2728128544e-01  2.1384360990e+00  8.4391765537e-02 -8.4635291950e-01  3.0787404042e-01 -4.0959980792e+00  5.5668066806e-01  7.1940260854e-01 -2.3609188610e-01 -5.9487171988e-01  4.2519960663e-01 -2.6571845352e+00 -2.6821739999e+00  1.6974787582e-02 -1.7557032560e+00  1.1257805288e+00 -2.2740741665e+00  1.0763674526e+00  1.2072595774e+00 -1.8862728413e+00 -6.5092543540e-01 -1.2175990043e+00 -1.9998169189e+00 -3.6017904144e-01 -1.1062737614e+00 -1.3591823347e+00  1.2750758051e+00  1.2703628384e+00  1.0102225085e-01  1.6835017310e+00  2.4469775668e+00 -2.2957807997e-02  3.5533643744e-01 -1.4869686830e+00  7.3834924506e-01  4.0522973897e-01 -1.6364012240e+00 -1.7216086329e+00 -4.1032969359e+00 -2.8821522576e+00 -4.6897890987e-01 -4.1154381101e+00 -1.9312117070e+00 -7.9455071290e-01 -5.5877674242e+00  1.9111449759e-02  2.7102218955e+00 -6.2339927175e-01  1.6618452112e+00  2.4868365385e+00 -3.5154677805e-04  2.6963851587e-01  2.3616200060e+00  1.1057849204e+00 -1.1461559485e+00  1.2876569426e+00 -4.4927268438e+00  1.1495348307e-01  6.1481935700e-02 -4.5589357060e+00  3.6121416853e-01  5.4892211965e-01 -2.3318734343e+00
ENERGY -4.993253922043e+02

JOB 10
COORDS -1.4458462499e+00  2.3061330635e-02 -1.6503493656e+00  9.3162301511e-01 -1.5320837197e+00  3.8080304104e-01 -5.9686263214e-01 -1.3598776986e+00  3.1888032712e-01  1.4104053881e+00 -1.0258292837e-01  6.2906583958e-01 -7.9949149931e-01  7.1521580745e-02 -2.5307934412e-01 -2.0402008035e+00 -5.5032546255e-01 -4.5697458002e+00  5.3566441804e-01  2.1204287490e+00  3.5769598183e-02 -7.7398152160e-01  1.7336623649e-01 -4.1108606443e+00  5.4077933729e-01  6.9155923265e-01 -2.4672556187e-01 -5.6944144150e-01  2.4986515749e-01 -2.6618499687e+00 -2.6484079019e+00 -2.2819961141e-01 -1.7563116557e+00  1.2506694009e+00 -2.2281627834e+00  1.1612686452e+00  1.3203433546e+00 -1.8923320281e+00 -5.7743199739e-01 -1.0973797312e+00 -2.1167013818e+00 -2.8825688024e-01 -1.0242254984e+00 -1.4152835039e+00  1.3242259643e+00  1.2757726003e+00  1.6846015479e-01  1.6927694797e+00  2.4628618105e+00  6.0984052671e-02  3.7254228028e-01 -1.5071270672e+00  6.2776458887e-01  3.7622574284e-01 -2.0790235360e+00 -1.5715763911e+00 -4.1818980316e+00 -2.9429071373e+00 -3.7690972558e-02 -4.2396941158e+00 -2.0306766340e+00 -5.9485855287e-01 -5.6646848042e+00 -9.5834213005e-02  2.6412277767e+00 -6.9081101972e-01  1.5514919955e+00  2.5196295993e+00 -5.1673776944e-02  1.5895752171e-01  2.3518770432e+00  1.0484156956e+00 -7.7505715578e-01  1.1928008347e+00 -4.5217393566e+00  1.0466243188e-01 -3.3192306472e-01 -4.5299512175e+00  3.6817708113e-01  4.5449710982e-01 -2.3212279080e+00
ENERGY -4.993238544730e+02

JOB 11
COORDS -1.3766568218e+00 -1.4451740081e-01 -1.7234719212e+00  1.0142971226e+00 -1.5140970936e+00  4.2383649289e-01 -5.1819294230e-01 -1.4137473669e+00  3.1963329837e-01  1.4218467619e+00 -5.6043795795e-02  6.3019693063e-01 -7.6947444092e-01 -1.6108910313e-02 -3.1310166019e-01 -2.0552486972e+00 -3.1270010966e-01 -4.6762374532e+00  4.6427520549e-01  2.1011921757e+00 -6.9993599251e-02 -6.5311869780e-01  3.1274277652e-02 -4.1741844854e+00  5.4068432130e-01  6.6452489707e-01 -2.9607551046e-01 -4.8061017223e-01  7.4472820763e-02 -2.7195636096e+00 -2.5632263024e+00 -4.5574644716e-01 -1.8467252214e+00  1.3442687484e+00 -2.1664841415e+00  1.2368232797e+00  1.4428649016e+00 -1.8901539685e+00 -5.1103103643e-01 -9.7033383967e-01 -2.2152688752e+00 -2.6770188232e-01 -9.6668974881e-01 -1.4486733946e+00  1.3167346478e+00  1.2472296211e+00  2.4700877659e-01  1.6793664596e+00  2.4722548043e+00  1.4627632303e-01  3.9363347137e-01 -1.5191273746e+00  5.2953360312e-01  2.7565617809e-01 -2.3760715336e+00 -1.2986707539e+00 -4.3372305616e+00 -2.7969777363e+00  4.1014094020e-01 -4.3333883738e+00 -2.0336594671e+00 -3.0475349239e-01 -5.7719656078e+00 -1.7025266172e-01  2.5646674639e+00 -8.3198100458e-01  1.4631841157e+00  2.5429295196e+00 -1.4736615433e-01  5.0365587189e-02  2.3536312433e+00  9.2294788863e-01 -3.5755916126e-01  1.0098103952e+00 -4.5757948717e+00  6.1498314799e-02 -7.0003097010e-01 -4.5752482420e+00  4.3574476637e-01  3.3739955909e-01 -2.3605826169e+00
ENERGY -4.993233192631e+02

JOB 12
COORDS -1.3325687427e+00 -2.7423295728e-01 -1.7408938835e+00  1.0857603745e+00 -1.4882349327e+00  4.7287245628e-01 -4.4806552051e-01 -1.4510056217e+00  3.4741523779e-01  1.4340675530e+00 -9.5542211282e-03  6.3731774872e-01 -7.4511818615e-01 -8.3418927649e-02 -3.3010358189e-01 -2.0842672232e+00 -6.0661089307e-03 -4.6646032905e+00  4.0571534140e-01  2.0853079238e+00 -1.4752857435e-01 -6.3280853167e-01 -7.5877931758e-02 -4.1882982838e+00  5.3846007242e-01  6.4580162837e-01 -3.2270641391e-01 -4.3323384893e-01 -6.4818548996e-02 -2.7361394761e+00 -2.5052016871e+00 -6.3328513238e-01 -1.8691738782e+00  1.4298493540e+00 -2.1014445545e+00  1.3101322451e+00  1.5407288928e+00 -1.8763109265e+00 -4.4439056703e-01 -8.6101483673e-01 -2.2865578120e+00 -2.2098153005e-01 -9.0790633430e-01 -1.4738677312e+00  1.3396793497e+00  1.2334470837e+00  3.1956604941e-01  1.6739602867e+00  2.4789554066e+00  2.2610735322e-01  4.0737089424e-01 -1.5204724256e+00  4.5096213321e-01  2.3558433303e-01 -2.6559840462e+00 -8.7897029374e-01 -4.3520911033e+00 -2.5911450643e+00  8.7946070544e-01 -4.2719875769e+00 -2.0827497334e+00  5.2470273534e-02 -5.7589121664e+00 -2.3598083249e-01  2.4981434732e+00 -9.3238021750e-01  1.3882844617e+00  2.5616403293e+00 -2.2853398941e-01 -3.0297489586e-02  2.3558320968e+00  8.3113294694e-01 -7.6266779505e-02  7.7855264485e-01 -4.5917355527e+00 -1.6386186927e-01 -9.7938713739e-01 -4.6025868843e+00  4.6883042632e-01  2.4660062052e-01 -2.3809136435e+00
ENERGY -4.993238960622e+02

JOB 13
COORDS -1.3210426821e+00 -3.9485530337e-01 -1.7042445179e+00  1.1509944959e+00 -1.4260028045e+00  5.3996860052e-01 -3.8272907854e-01 -1.4698047131e+00  4.1549005177e-01  1.4247364210e+00  7.2316421176e-02  6.6179688953e-01 -7.4790260785e-01 -1.3852464470e-01 -2.9983781632e-01 -2.1058289345e+00  2.4555450139e-01 -4.5599401441e+00  2.9063826349e-01  2.0898106736e+00 -1.7770299227e-01 -6.9854387436e-01 -1.9542755559e-01 -4.1503263377e+00  4.9748564092e-01  6.5493764527e-01 -3.1523660247e-01 -4.3155222883e-01 -1.8831948731e-01 -2.7089921563e+00 -2.4761203724e+00 -8.0839248660e-01 -1.8316749667e+00  1.5255479250e+00 -1.9969386850e+00  1.3938673931e+00  1.6244706064e+00 -1.8168063681e+00 -3.6665472791e-01 -7.5207131246e-01 -2.3405949496e+00 -1.2958222091e-01 -8.4167242131e-01 -1.4883412062e+00  1.4082257276e+00  1.2080131621e+00  4.2048433917e-01  1.6888963473e+00  2.4565624935e+00  3.5300987439e-01  4.2364148872e-01 -1.5493715768e+00  3.7204036070e-01  2.5136657148e-01 -2.8633359002e+00 -4.4233714332e-01 -4.1871706566e+00 -2.3343594494e+00  1.2432305886e+00 -4.1704836532e+00 -2.1572877284e+00  2.8467388156e-01 -5.6537363116e+00 -3.7072033456e-01  2.4485324782e+00 -9.7288328803e-01  1.2474292055e+00  2.6138138647e+00 -2.7178205887e-01 -1.5967012080e-01  2.3632730875e+00  7.9362181962e-01  4.5451806096e-02  4.6570332641e-01 -4.6066926999e+00 -5.1113392302e-01 -1.2028153572e+00 -4.5464448241e+00  4.4995172678e-01  1.9605056520e-01 -2.3763748728e+00
ENERGY -4.993254543645e+02

JOB 14
COORDS -1.3250588568e+00 -4.9424718578e-01 -1.6609723278e+00  1.2222013875e+00 -1.3411045298e+00  5.8228208959e-01 -3.0646601968e-01 -1.4812871400e+00  4.6457732003e-01  1.4048286540e+00  1.7334706511e-01  6.7201503101e-01 -7.5642838399e-01 -1.8523033212e-01 -2.6805576673e-01 -2.0760034304e+00  4.0315023507e-01 -4.4745392713e+00  1.5331940165e-01  2.1005430635e+00 -2.1293905568e-01 -7.9194125058e-01 -3.4482579159e-01 -4.1023749770e+00  4.4129854229e-01  6.7678815916e-01 -3.1335358695e-01 -4.4821863963e-01 -2.9772394195e-01 -2.6795200842e+00 -2.4675110568e+00 -9.4316696787e-01 -1.7849449452e+00  1.6325876148e+00 -1.8706673884e+00  1.4463160359e+00  1.7161552992e+00 -1.7208642369e+00 -3.1797062372e-01 -6.2179953819e-01 -2.3816301643e+00 -6.6340448143e-02 -7.6086900221e-01 -1.5136493104e+00  1.4589978103e+00  1.1706179579e+00  5.2948017785e-01  1.6926119743e+00  2.4169342514e+00  5.1088815439e-01  4.2335820401e-01 -1.5794324944e+00  2.8777592768e-01  2.8514111289e-01 -2.9389279430e+00 -3.8121765955e-02 -3.9759002180e+00 -2.0112882950e+00  1.4590843059e+00 -4.1885220874e+00 -2.2248421520e+00  3.5180951518e-01 -5.5588041296e+00 -5.3119640879e-01  2.3994610450e+00 -1.0133427479e+00  1.0781200600e+00  2.6755020522e+00 -3.2695660054e-01 -3.0769947841e-01  2.3743682784e+00  7.5328664649e-01  6.3581420378e-02  6.8136885114e-02 -4.6449183418e+00 -8.8923127394e-01 -1.3937734002e+00 -4.4087194131e+00  4.1019234149e-01  1.6072344575e-01 -2.3841396734e+00
ENERGY -4.993275404427e+02

JOB 15
COORDS -1.3642095160e+00 -5.7456931438e-01 -1.6086690357e+00  1.2761393132e+00 -1.3083127569e+00  5.7519901644e-01 -2.4700024688e-01 -1.5171338200e+00  4.8657450414e-01  1.3946434759e+00  2.1322044746e-01  6.5056451774e-01 -7.7005474468e-01 -2.4155914064e-01 -2.3420414857e-01 -2.0601278575e+00  4.8832021142e-01 -4.4360818219e+00  4.7399477880e-02  2.0783290962e+00 -2.2551009446e-01 -9.4061593795e-01 -4.8416932410e-01 -4.0491852210e+00  3.9102289739e-01  6.6638312143e-01 -3.1882429135e-01 -5.2022620254e-01 -3.7197720014e-01 -2.6539319101e+00 -2.5002960020e+00 -1.0446453156e+00 -1.7113680094e+00  1.7249198793e+00 -1.8126857354e+00  1.4352162959e+00  1.7697096268e+00 -1.6733172054e+00 -3.3126442101e-01 -5.2945613499e-01 -2.4301995020e+00 -4.1253819298e-02 -6.8146760430e-01 -1.5728837881e+00  1.4887207438e+00  1.1656496600e+00  5.6737699374e-01  1.6731057274e+00  2.3860992368e+00  5.9186016807e-01  3.7901261873e-01 -1.5931551714e+00  2.0102203101e-01  3.4365905736e-01 -2.9473121955e+00  3.0463453198e-01 -3.8276087296e+00 -1.7435143477e+00  1.5278197268e+00 -4.2936051967e+00 -2.3254659431e+00  3.5396959677e-01 -5.4906391656e+00 -6.6735616078e-01  2.3406253830e+00 -1.0122213075e+00  9.4499528660e-01  2.6891149031e+00 -3.6720197614e-01 -4.0174514061e-01  2.3435350491e+00  7.4871107393e-01 -5.2776045691e-02 -3.2350586921e-01 -4.6677901391e+00 -1.2789813120e+00 -1.5111075121e+00 -4.2235701434e+00  3.2980387540e-01  1.2809012397e-01 -2.4075298794e+00
ENERGY -4.993294145374e+02

JOB 16
COORDS -1.4115879719e+00 -6.1893707885e-01 -1.5758340287e+00  1.3014027078e+00 -1.2883486785e+00  5.3797529603e-01 -2.1632832923e-01 -1.5434558557e+00  4.8297092718e-01  1.3751844129e+00  2.3549565630e-01  6.2235591885e-01 -7.9533106324e-01 -2.7858204302e-01 -2.1361121922e-01 -1.9870396776e+00  5.7628288444e-01 -4.4852671091e+00 -4.7921762397e-02  2.0647991838e+00 -2.0724801860e-01 -1.0556799334e+00 -5.4710966764e-01 -4.0168935380e+00  3.3556836356e-01  6.6453672192e-01 -3.1957085567e-01 -6.0331624755e-01 -3.7777167084e-01 -2.6407990039e+00 -2.5354376365e+00 -1.1211120448e+00 -1.6587908127e+00  1.7853662668e+00 -1.7847514265e+00  1.3834363098e+00  1.7846172984e+00 -1.6316591376e+00 -3.8243855303e-01 -4.8261667256e-01 -2.4603169612e+00 -4.6721408730e-02 -6.2530969509e-01 -1.6214794815e+00  1.4942884012e+00  1.1599630871e+00  5.7521672171e-01  1.6527911078e+00  2.3479608648e+00  6.4620478911e-01  3.3056275397e-01 -1.6162668651e+00  1.3478200014e-01  3.8843744667e-01 -2.8752787061e+00  6.1590024755e-01 -3.8498202221e+00 -1.4829731304e+00  1.5484250770e+00 -4.4447787498e+00 -2.3084667322e+00  4.0111188644e-01 -5.5180797506e+00 -7.8885779258e-01  2.3109122415e+00 -9.7468442902e-01  8.2734386680e-01  2.7032796018e+00 -3.6565030887e-01 -4.8108921704e-01  2.3096547784e+00  7.7948797041e-01 -1.6815942109e-01 -6.0899617441e-01 -4.6544607370e+00 -1.5773693187e+00 -1.5061333890e+00 -4.0788037749e+00  2.4206035879e-01  1.4224690939e-01 -2.4224605462e+00
ENERGY -4.993303836287e+02

JOB 17
COORDS -1.5114282776e+00 -6.8482366802e-01 -1.4342144632e+00  1.2985370726e+00 -1.2868918702e+00  5.7097882605e-01 -2.1250947483e-01 -1.5839467979e+00  5.7157898328e-01  1.3323271428e+00  2.3794677658e-01  6.6292778399e-01 -8.5218522951e-01 -3.3209214804e-01 -9.5215208037e-02 -1.9500143880e+00  6.1819962486e-01 -4.4632555180e+00 -1.6788255573e-01  2.0309301496e+00 -1.0917327474e-01 -1.2306139350e+00 -6.0718211972e-01 -3.8891762803e+00  2.4782705999e-01  6.4148659804e-01 -2.3838938026e-01 -7.5810870791e-01 -3.9780421391e-01 -2.5276728521e+00 -2.6178938465e+00 -1.2288673011e+00 -1.4731742226e+00  1.8279870837e+00 -1.7747476312e+00  1.3938417307e+00  1.7559422566e+00 -1.6104660936e+00 -3.6960122192e-01 -4.7392189567e-01 -2.5054315503e+00  4.7561631776e-02 -5.8031137398e-01 -1.6775827589e+00  1.5972824766e+00  1.1443743781e+00  5.6521776302e-01  1.7027397712e+00  2.2817962777e+00  6.7844796407e-01  3.3954458114e-01 -1.6602168498e+00  5.5528410226e-02  5.4053421146e-01 -2.8216970305e+00  8.6516558652e-01 -3.8503669739e+00 -1.2867060644e+00  1.4899870061e+00 -4.4900393555e+00 -2.2924426548e+00  4.1956172211e-01 -5.4850289857e+00 -9.4112614159e-01  2.2587799228e+00 -8.4985281854e-01  6.8444993614e-01  2.6922882280e+00 -2.9620338445e-01 -5.7265568903e-01  2.2628525603e+00  8.9265408052e-01 -3.7144245183e-01 -8.7646847072e-01 -4.5132228096e+00 -1.9092821662e+00 -1.4628318372e+00 -3.8661869932e+00  8.9682918036e-02  1.2886326033e-01 -2.3355755103e+00
ENERGY -4.993305514907e+02

JOB 18
COORDS -1.5308180788e+00 -7.6044626863e-01 -1.3909467347e+00  1.3524876408e+00 -1.3152401122e+00  5.2465055103e-01 -1.5021431040e-01 -1.6497504353e+00  5.6355726581e-01  1.3514025618e+00  2.0878803794e-01  6.3466946118e-01 -8.3910133586e-01 -4.0597621879e-01 -6.8436464611e-02 -1.7948078088e+00  6.4918596929e-01 -4.5303336422e+00 -2.1307318839e-01  1.9732299467e+00 -7.2360784868e-02 -1.3135708270e+00 -6.4013786055e-01 -3.8571761162e+00  2.3223738720e-01  5.9595854913e-01 -2.3074601047e-01 -8.3038941236e-01 -4.1614946650e-01 -2.5029092784e+00 -2.6153046731e+00 -1.3480681725e+00 -1.3987847991e+00  1.9167243766e+00 -1.7993864216e+00  1.3263014870e+00  1.7913893467e+00 -1.6161479498e+00 -4.3217527861e-01 -4.0419103131e-01 -2.5707506195e+00  3.5119791556e-02 -4.8633439759e-01 -1.7653474741e+00  1.5978312034e+00  1.1848329245e+00  5.1889905463e-01  1.6833441203e+00  2.2802247521e+00  6.7671040503e-01  2.9050490462e-01 -1.6369438691e+00 -4.6085042152e-02  5.9592351240e-01 -2.6218011752e+00  1.0890168977e+00 -3.9645672503e+00 -9.8915139101e-01  1.3895655347e+00 -4.5926771901e+00 -2.1440549711e+00  4.4376993881e-01 -5.5483180431e+00 -1.0122057981e+00  2.1907687786e+00 -7.8815312444e-01  6.1738609155e-01  2.6574609054e+00 -2.7487254783e-01 -5.9456403482e-01  2.1830319665e+00  9.4337762793e-01 -5.1273310119e-01 -1.1012427508e+00 -4.4476966756e+00 -2.1307524388e+00 -1.3605864409e+00 -3.7835003039e+00  1.9874082869e-02  1.1198857975e-01 -2.3247712673e+00
ENERGY -4.993304012074e+02

JOB 19
COORDS -1.5581611977e+00 -7.7896392801e-01 -1.3708826014e+00  1.3876120862e+00 -1.2698521311e+00  4.6571351376e-01 -1.0428443927e-01 -1.6443356826e+00  5.4027188446e-01  1.3501983758e+00  2.5280534612e-01  5.8638360565e-01 -8.4177563530e-01 -4.1495502972e-01 -6.3728716260e-02 -1.6574428367e+00  6.7672814096e-01 -4.6151635984e+00 -2.8086576499e-01  1.9805141612e+00 -5.4215811553e-02 -1.4091361280e+00 -6.2173239095e-01 -3.8432415378e+00  1.9735888509e-01  6.1808363257e-01 -2.4419178305e-01 -9.1618921141e-01 -3.7371144291e-01 -2.4969967985e+00 -2.6131021335e+00 -1.4180584085e+00 -1.3539269094e+00  1.9845766271e+00 -1.7433735729e+00  1.2498196678e+00  1.8102250725e+00 -1.5540062338e+00 -5.0353028105e-01 -3.4744440139e-01 -2.5672510883e+00  1.0138918705e-02 -4.1069125464e-01 -1.7777673279e+00  1.5815597145e+00  1.2057311617e+00  5.5200642806e-01  1.6414210998e+00  2.2568913129e+00  7.4630624258e-01  2.1960243199e-01 -1.6319387919e+00 -8.1926949291e-02  6.2340463118e-01 -2.4103031004e+00  1.2889113799e+00 -4.1088750023e+00 -7.3898026258e-01  1.2685641960e+00 -4.7038523657e+00 -2.0133779843e+00  4.5797388820e-01 -5.6277356352e+00 -1.1065874849e+00  2.1845711095e+00 -7.4316248917e-01  5.2403502019e-01  2.6901650177e+00 -2.7195619398e-01 -6.3701690387e-01  2.1663761790e+00  9.7526303547e-01 -6.9119735177e-01 -1.2509813096e+00 -4.3854198602e+00 -2.3325969549e+00 -1.1941160438e+00 -3.7354737083e+00 -6.6535426996e-02  1.6105003340e-01 -2.3354683089e+00
ENERGY -4.993301665542e+02

JOB 20
COORDS -1.5873488192e+00 -8.1211395097e-01 -1.3438973036e+00  1.4166155427e+00 -1.2566499407e+00  4.0880377656e-01 -6.3510020204e-02 -1.6681865713e+00  5.1590206800e-01  1.3457819282e+00  2.6267082339e-01  5.5344140837e-01 -8.4520857028e-01 -4.4844952645e-01 -5.0993700082e-02 -1.5373252532e+00  6.5556866459e-01 -4.6757252752e+00 -3.4055360885e-01  1.9598431298e+00 -2.0150402825e-02 -1.5160120932e+00 -6.0900284813e-01 -3.8159227299e+00  1.6401115350e-01  6.1182386434e-01 -2.4257838849e-01 -1.0099159527e+00 -3.4003803802e-01 -2.4782813590e+00 -2.6099849623e+00 -1.5012085038e+00 -1.3104172304e+00  2.0451381391e+00 -1.7268368894e+00  1.1699107712e+00  1.8205447108e+00 -1.5162021700e+00 -5.7524887106e-01 -2.9877151161e-01 -2.5887386376e+00 -2.1764750527e-02 -3.3967690202e-01 -1.8241859966e+00  1.5624640243e+00  1.2202589894e+00  5.4232037165e-01  1.6162776579e+00  2.2308459889e+00  7.8385009736e-01  1.7243245625e-01 -1.6243997402e+00 -1.4395771668e-01  6.6170168258e-01 -2.1869587626e+00  1.4168130006e+00 -4.2321386495e+00 -5.3309054698e-01  1.0828198268e+00 -4.7804159934e+00 -1.9081547825e+00  4.2762294965e-01 -5.6804771626e+00 -1.1886416477e+00  2.1539711183e+00 -6.8420783938e-01  4.4176084832e-01  2.6911809741e+00 -2.4822707485e-01 -6.7335796916e-01  2.1226121077e+00  1.0210267125e+00 -9.0312091742e-01 -1.3824498289e+00 -4.2991957754e+00 -2.5197443088e+00 -1.0215216091e+00 -3.6952367186e+00 -1.5671338459e-01  1.9426426484e-01 -2.3345261587e+00
ENERGY -4.993299021047e+02

JOB 21
COORDS -1.6085252206e+00 -8.4406874797e-01 -1.3206390190e+00  1.4442496588e+00 -1.2270057022e+00  3.4064718499e-01 -1.8844802882e-02 -1.6821000766e+00  4.9144625540e-01  1.3355390030e+00  2.8660013642e-01  5.1839157707e-01 -8.5217911335e-01 -4.7961355356e-01 -3.6036208424e-02 -1.3857016811e+00  5.9467381557e-01 -4.7223042652e+00 -4.2127473448e-01  1.9428859023e+00  4.3781325628e-02 -1.6135326453e+00 -5.9003254768e-01 -3.7850415425e+00  1.1712817335e-01  6.1749065524e-01 -2.2895814880e-01 -1.0859381421e+00 -3.1600844115e-01 -2.4559001997e+00 -2.5985846880e+00 -1.5792254331e+00 -1.2838558930e+00  2.1122176238e+00 -1.6932477952e+00  1.0699303868e+00  1.8203187370e+00 -1.4563050562e+00 -6.6185887100e-01 -2.4700433084e-01 -2.6038394561e+00 -4.7214002016e-02 -2.5466778280e-01 -1.8550523309e+00  1.5453045450e+00  1.2403327934e+00  5.4198854051e-01  1.5903765013e+00  2.1917022879e+00  8.4004757196e-01  1.1725017115e-01 -1.6260450255e+00 -2.1485454761e-01  6.9787642450e-01 -1.8869435819e+00  1.4925122002e+00 -4.3463886591e+00 -3.1781523106e-01  8.1907451248e-01 -4.8297870249e+00 -1.7792025594e+00  3.7266653147e-01 -5.7192670631e+00 -1.2965831723e+00  2.1257944561e+00 -5.8728515013e-01  3.2990089282e-01  2.7040626856e+00 -1.9143621391e-01 -7.2381091444e-01  2.0701498841e+00  1.0990371017e+00 -1.1462597128e+00 -1.4945466727e+00 -4.1983175873e+00 -2.6784502962e+00 -8.0745233521e-01 -3.6730996979e+00 -2.4481581702e-01  2.4012755660e-01 -2.3252888703e+00
ENERGY -4.993296769864e+02

JOB 22
COORDS -1.5549238993e+00 -8.8318682072e-01 -1.3140933741e+00  1.5295622917e+00 -1.2033893774e+00  2.7285559278e-01  8.8206606047e-02 -1.7120122490e+00  4.5421469980e-01  1.3741124028e+00  2.9895071951e-01  5.0503498986e-01 -7.9846227395e-01 -5.2892122339e-01 -2.6900103773e-02 -1.1422653121e+00  4.9429215059e-01 -4.7603048942e+00 -4.5502916141e-01  1.9043615149e+00  1.3573929858e-01 -1.6265394591e+00 -5.5394183374e-01 -3.7617766828e+00  1.2439447104e-01  6.1087765356e-01 -1.9716264369e-01 -1.0714811599e+00 -3.0067225153e-01 -2.4386395838e+00 -2.5127404635e+00 -1.6607214158e+00 -1.2942605681e+00  2.2357909668e+00 -1.6698650806e+00  9.6499181634e-01  1.8802692329e+00 -1.3862453897e+00 -7.4825106286e-01 -1.2554974073e-01 -2.6318443810e+00 -9.3471161721e-02 -1.1053119105e-01 -1.9091017504e+00  1.5116713293e+00  1.3009435013e+00  5.1445944091e-01  1.5874916563e+00  2.1988909216e+00  8.9562045723e-01  1.0005750143e-01 -1.5733858421e+00 -3.1817984049e-01  7.2319121033e-01 -1.4500378788e+00  1.5000143371e+00 -4.4545466748e+00 -4.9924612665e-02  4.8323051601e-01 -4.8523076624e+00 -1.5612753818e+00  2.9695588662e-01 -5.7515947339e+00 -1.3512649611e+00  2.0771894432e+00 -4.6833544875e-01  2.6210346572e-01  2.7009877927e+00 -8.8214018158e-02 -7.3718512698e-01  1.9831335242e+00  1.2014206315e+00 -1.3461390544e+00 -1.5606254713e+00 -4.0978248196e+00 -2.7176217982e+00 -5.4492665119e-01 -3.6815327203e+00 -2.6046006415e-01  2.9744309939e-01 -2.3065612616e+00
ENERGY -4.993295209433e+02

JOB 23
COORDS -1.4961247636e+00 -8.7629097713e-01 -1.2952649798e+00  1.6482301923e+00 -1.1828301397e+00  1.7271648476e-01  2.2864694122e-01 -1.7430713553e+00  3.7334129392e-01  1.4584180132e+00  3.0127574188e-01  4.8300291036e-01 -7.0718356382e-01 -5.6427978363e-01 -1.7091898694e-02 -8.9869728745e-01  3.4672206991e-01 -4.7851380579e+00 -4.2732185236e-01  1.8667765590e+00  2.5399395490e-01 -1.6468946377e+00 -4.5449854752e-01 -3.7233565909e+00  1.7732773156e-01  6.0937691814e-01 -1.6243169370e-01 -1.0281530015e+00 -2.7437267672e-01 -2.4159068120e+00 -2.4566628946e+00 -1.6504302836e+00 -1.2784361489e+00  2.3894675268e+00 -1.6607393666e+00  8.1894935434e-01  1.9704830002e+00 -1.3060045396e+00 -8.6646910087e-01  2.4375994533e-02 -2.6394813909e+00 -2.1541926808e-01  7.0415782441e-02 -2.0008827583e+00  1.4245524027e+00  1.4159005178e+00  4.6300600490e-01  1.5763689740e+00  2.2519860073e+00  9.4054580392e-01  8.0688467670e-02 -1.4610429573e+00 -4.1263589360e-01  7.6761834130e-01 -9.1031215398e-01  1.4179709577e+00 -4.5538503193e+00  1.4541365304e-01  2.3915853523e-02 -4.8631680932e+00 -1.3674835552e+00  2.1054816537e-01 -5.7641629750e+00 -1.3491344252e+00  2.0414887520e+00 -3.0989124598e-01  2.5794565268e-01  2.6951065471e+00  4.5905341610e-02 -6.7418632876e-01  1.8846610988e+00  1.3310817284e+00 -1.6495293267e+00 -1.5212514947e+00 -3.9729002809e+00 -2.6972931720e+00 -1.4452170995e-01 -3.6732501077e+00 -2.5275418520e-01  3.6747821928e-01 -2.2763943106e+00
ENERGY -4.993294546063e+02

