JOB 0
COORDS -9.8301114136e-01  4.3772490206e-03 -7.2114741338e-01  4.0485595783e-01  4.5558720329e-01 -1.1831202102e+00  1.9757314874e-01 -7.8830021705e-02  2.0672779526e-01  7.5200245000e-01 -1.4271615040e+00  5.9960408583e-01  3.0304808126e-01  7.8992740238e-01  1.3262544235e+00  2.1252884925e+00 -1.3592409331e+00  9.7793344342e-01 -1.7246166852e+00  7.7794622451e-01 -5.3281711529e-01 -1.3975175801e+00 -9.1464785040e-01 -1.1275022902e+00  9.4053180796e-01 -1.5968861218e-01 -1.9001289514e+00  5.7137918246e-01  1.5238230968e+00 -1.2932891179e+00  6.9794003078e-01 -2.1152055736e+00 -2.4770382131e-01  1.4156478876e-01 -1.8352207440e+00  1.4185728543e+00 -2.5105702132e-01  1.5712196822e+00  1.1803037580e+00  2.1962037584e+00 -6.5803741262e-01  1.6465478249e+00
ENERGY -3.076956344720e+02

JOB 1
COORDS -9.7623520074e-01  2.2844761142e-02 -7.2172752704e-01  4.1135054155e-01  4.4657825698e-01 -1.2051756899e+00  2.1168638092e-01 -6.6175700331e-02  1.9490564467e-01  7.5698158684e-01 -1.4161747363e+00  5.9727089303e-01  3.4650434646e-01  8.2819164979e-01  1.2922373179e+00  2.1293422129e+00 -1.3510651510e+00  9.7889852819e-01 -1.7041356694e+00  8.1132203654e-01 -5.3996041076e-01 -1.4098719616e+00 -8.9650836342e-01 -1.1068798248e+00  9.2850814932e-01 -1.8667995651e-01 -1.9200486900e+00  5.9303530101e-01  1.5107270161e+00 -1.3246641782e+00  7.0284319429e-01 -2.1101926652e+00 -2.4545172154e-01  1.4358182562e-01 -1.8168167869e+00  1.4179595338e+00 -3.6371094930e-01  1.4856249981e+00  1.2603770418e+00  2.1998374463e+00 -6.5218253381e-01  1.6500919341e+00
ENERGY -3.076954919568e+02

JOB 2
COORDS -9.7785172043e-01  4.5256366421e-02 -7.3130346215e-01  4.1040048469e-01  4.4440141477e-01 -1.2279051562e+00  2.1385971191e-01 -4.8654939996e-02  1.7967260200e-01  7.5590876864e-01 -1.3971642374e+00  5.9393158101e-01  3.7229699224e-01  8.7761056599e-01  1.2487962649e+00  2.1257682494e+00 -1.3252985317e+00  9.8177506045e-01 -1.6934626581e+00  8.4634066498e-01 -5.5635827232e-01 -1.4246682954e+00 -8.7431042863e-01 -1.1004322581e+00  9.1444645506e-01 -2.0525590196e-01 -1.9373515132e+00  6.0678534533e-01  1.5045195562e+00 -1.3549758096e+00  7.0646632806e-01 -2.0989434649e+00 -2.4292988408e-01  1.4054678949e-01 -1.7934134769e+00  1.4159476739e+00 -4.4586761300e-01  1.3837579574e+00  1.3558936631e+00  2.1910358800e+00 -6.1217581838e-01  1.6387479927e+00
ENERGY -3.076958401670e+02

JOB 3
COORDS -9.7989631582e-01  5.9983098602e-02 -7.4515259061e-01  4.1228063720e-01  4.3721021220e-01 -1.2433505402e+00  2.1016376391e-01 -3.9533034751e-02  1.6813007014e-01  7.4899514593e-01 -1.3862047201e+00  5.9521253794e-01  3.8286799954e-01  9.1777710736e-01  1.2080574787e+00  2.1179646615e+00 -1.3081908003e+00  9.8314879745e-01 -1.6836433218e+00  8.7246982235e-01 -5.7753916721e-01 -1.4356206414e+00 -8.5896865557e-01 -1.1046627845e+00  9.1013342171e-01 -2.2611653586e-01 -1.9443161348e+00  6.2229349414e-01  1.4936684696e+00 -1.3757377526e+00  6.9910268506e-01 -2.0975289013e+00 -2.3377620380e-01  1.3440710999e-01 -1.7762065058e+00  1.4216350770e+00 -4.8597253253e-01  1.2573027822e+00  1.4679796727e+00  2.1826306650e+00 -5.7284842371e-01  1.6156814399e+00
ENERGY -3.076967263750e+02

JOB 4
COORDS -9.8246327157e-01  6.8880135492e-02 -7.6281990929e-01  4.1443668318e-01  4.3392437605e-01 -1.2539739552e+00  2.0301074404e-01 -2.9633540452e-02  1.5856201378e-01  7.3671588589e-01 -1.3731569489e+00  6.0288936126e-01  3.7711610881e-01  9.5625436444e-01  1.1706861410e+00  2.1064241973e+00 -1.2937685232e+00  9.8686334787e-01 -1.6799138974e+00  8.8736210745e-01 -6.0218730024e-01 -1.4393416290e+00 -8.5074630743e-01 -1.1190635017e+00  9.1426574734e-01 -2.3922895644e-01 -1.9439185614e+00  6.3218675477e-01  1.4879155151e+00 -1.3915119941e+00  6.8045899953e-01 -2.0971597993e+00 -2.1481965374e-01  1.2325028116e-01 -1.7507933035e+00  1.4367635942e+00 -4.8339022124e-01  1.1256608707e+00  1.5836121205e+00  2.1793299068e+00 -5.2520316085e-01  1.5780772909e+00
ENERGY -3.076978817232e+02

JOB 5
COORDS -9.8607807566e-01  7.3483738138e-02 -7.8206060779e-01  4.1491294610e-01  4.3667091828e-01 -1.2623413038e+00  1.9442487438e-01 -1.7304889019e-02  1.4930405243e-01  7.2098526227e-01 -1.3571345536e+00  6.1238653559e-01  3.6075071025e-01  9.9082090704e-01  1.1392042997e+00  2.0921901969e+00 -1.2816305927e+00  9.9160158330e-01 -1.6826531557e+00  8.9297196324e-01 -6.2708369968e-01 -1.4377952713e+00 -8.4848993701e-01 -1.1388576419e+00  9.2322442728e-01 -2.4090924989e-01 -1.9415308190e+00  6.3273659316e-01  1.4899588946e+00 -1.4046965081e+00  6.5504951348e-01 -2.0943967766e+00 -1.9273370627e-01  1.0736540498e-01 -1.7189130344e+00  1.4540972676e+00 -4.3398235096e-01  9.9762145097e-01  1.6964921716e+00  2.1799120527e+00 -4.7909511296e-01  1.5339166576e+00
ENERGY -3.076988441901e+02

JOB 6
COORDS -9.8198000566e-01  6.8916456758e-02 -8.0468081389e-01  4.2440869954e-01  4.3462442623e-01 -1.2685930688e+00  1.9013713305e-01 -9.9913843266e-03  1.4123796146e-01  7.0378665911e-01 -1.3459226897e+00  6.2715435424e-01  3.4041118327e-01  1.0153136314e+00  1.1145849531e+00  2.0753958642e+00 -1.2807275990e+00  1.0082842971e+00 -1.6808705481e+00  8.8728726684e-01 -6.5817003617e-01 -1.4246123511e+00 -8.5647700307e-01 -1.1640892548e+00  9.4593313315e-01 -2.4452161322e-01 -1.9360243896e+00  6.3891887018e-01  1.4880139519e+00 -1.4159673559e+00  6.2857358499e-01 -2.0964661857e+00 -1.6477807082e-01  8.4367999438e-02 -1.6880977571e+00  1.4737366563e+00 -3.3936305273e-01  8.7866284282e-01  1.7955027258e+00  2.1843151383e+00 -4.4475936560e-01  1.4932343150e+00
ENERGY -3.076991522363e+02

JOB 7
COORDS -1.0717051563e+00 -1.8612185089e-02 -7.7853642828e-01  2.8559209627e-01  5.3599831046e-01 -1.1969556274e+00  1.1025374644e-01 -3.6796291882e-02  1.7386500005e-01  7.4771027014e-01 -1.3537631191e+00  5.4357666771e-01  1.2818601467e-01  9.1175505294e-01  1.2171776372e+00  2.9468576108e-02 -1.9951413463e+00  1.6100876787e+00 -1.8568516374e+00  7.0202007062e-01 -5.7256918513e-01 -1.4042132841e+00 -9.5059999898e-01 -1.2302672391e+00  8.6988453260e-01 -2.0920944569e-02 -1.9240463480e+00  3.8425294975e-01  1.6152520707e+00 -1.2531182392e+00  1.7535716494e+00 -1.1803066447e+00  9.3381586099e-01  8.2002099866e-01 -2.0101525081e+00 -3.3441697091e-01 -3.6462690854e-01  5.1928671384e-01  1.9577540735e+00 -8.4920387095e-01 -2.2287169739e+00  1.2691217612e+00
ENERGY -3.076997724177e+02

JOB 8
COORDS -1.0699061787e+00 -2.6464979251e-02 -8.0478591514e-01  2.8683383670e-01  5.5228725431e-01 -1.1956473447e+00  9.9027272582e-02 -3.2744894749e-02  1.6612243893e-01  7.3803058891e-01 -1.3459606250e+00  5.4516415353e-01  7.3984131530e-02  9.0020452194e-01  1.2232635856e+00  3.9656650154e-02 -1.9492803844e+00  1.6473816219e+00 -1.8675864119e+00  6.8097178166e-01 -6.0208606432e-01 -1.3811818414e+00 -9.5816701109e-01 -1.2721180439e+00  8.9250583432e-01  1.1711025384e-02 -1.9178871166e+00  3.6962404158e-01  1.6335277250e+00 -1.2426541238e+00  1.7561633690e+00 -1.1789662333e+00  9.0658625806e-01  7.7877441155e-01 -2.0233726796e+00 -3.1804981814e-01 -2.2040826036e-01  4.0769046517e-01  2.0096426636e+00 -8.5143684182e-01 -2.1791170337e+00  1.3366190192e+00
ENERGY -3.077000100136e+02

JOB 9
COORDS -1.0678396347e+00 -4.0810594886e-02 -8.3971350654e-01  2.9162845065e-01  5.5868156828e-01 -1.1917288703e+00  7.5233672728e-02 -3.7866215806e-02  1.6093237758e-01  7.1972308450e-01 -1.3467278215e+00  5.4785104440e-01 -9.9749329358e-03  8.7911322442e-01  1.2307665089e+00  5.0362739929e-02 -1.9257858476e+00  1.6798522560e+00 -1.8782895653e+00  6.5558990380e-01 -6.5003701259e-01 -1.3559327187e+00 -9.7269789988e-01 -1.3212706945e+00  9.2249221015e-01  3.1600248017e-02 -1.9026539863e+00  3.6095521175e-01  1.6413202536e+00 -1.2296818638e+00  1.7490209497e+00 -1.1824156724e+00  8.7936671478e-01  7.3389276937e-01 -2.0382974080e+00 -3.0444214186e-01 -9.0045995787e-02  3.4186808681e-01  2.0387313983e+00 -8.5971781114e-01 -2.1306209740e+00  1.4081681693e+00
ENERGY -3.076992349806e+02

JOB 10
COORDS -1.0624107137e+00 -4.6134390712e-02 -8.6675750002e-01  2.9922035605e-01  5.6901336394e-01 -1.1830860249e+00  5.3859492892e-02 -4.4330236387e-02  1.5964396092e-01  7.1152032264e-01 -1.3496361004e+00  5.4004905332e-01 -9.1193305964e-02  8.5302264570e-01  1.2426580567e+00  7.3841285207e-02 -1.9350910750e+00  1.6845569820e+00 -1.8835001891e+00  6.4056908666e-01 -6.8719015695e-01 -1.3327916362e+00 -9.7598715852e-01 -1.3621540215e+00  9.5015097988e-01  5.5098894132e-02 -1.8859345728e+00  3.5943846850e-01  1.6526058178e+00 -1.2081636834e+00  1.7477887253e+00 -1.1816804375e+00  8.4964862640e-01  7.1424765196e-01 -2.0385823951e+00 -3.1451005335e-01  5.1587406410e-02  3.3426924838e-01  2.0527014683e+00 -8.5666192884e-01 -2.0934317464e+00  1.4534827468e+00
ENERGY -3.076977336960e+02

JOB 11
COORDS -1.0594506913e+00 -5.2750119217e-02 -8.8030097709e-01  3.0569657365e-01  5.6701283495e-01 -1.1707744574e+00  3.1771733549e-02 -5.7856877144e-02  1.6604058355e-01  7.0502578972e-01 -1.3578183231e+00  5.3900075433e-01 -1.6546973591e-01  8.2556519328e-01  1.2548853229e+00  8.2776899731e-02 -1.9738662697e+00  1.6725529986e+00 -1.8857998278e+00  6.3032207006e-01 -7.1074438750e-01 -1.3200819942e+00 -9.8164946694e-01 -1.3822613185e+00  9.6843659435e-01  5.9037144390e-02 -1.8671247247e+00  3.6298166432e-01  1.6508741939e+00 -1.1867429515e+00  1.7401730799e+00 -1.1777033499e+00  8.4824347873e-01  7.2240285385e-01 -2.0318765173e+00 -3.2786435043e-01  1.8894833850e-01  3.9142483576e-01  2.0476645112e+00 -8.6145240678e-01 -2.0792194803e+00  1.4691989277e+00
ENERGY -3.076962451486e+02

JOB 12
COORDS -1.0581829368e+00 -5.9751762909e-02 -8.8256906519e-01  3.0924596769e-01  5.6035485602e-01 -1.1580748961e+00  1.4360362454e-02 -7.2495149071e-02  1.7623097887e-01  7.0357334365e-01 -1.3666004948e+00  5.4158515823e-01 -2.2318049873e-01  7.9985422553e-01  1.2661824555e+00  7.9102995631e-02 -2.0286602090e+00  1.6445299334e+00 -1.8869563924e+00  6.2208178038e-01 -7.1959192075e-01 -1.3145556552e+00 -9.8835134977e-01 -1.3867090089e+00  9.7744127410e-01  5.3852535125e-02 -1.8503143921e+00  3.6565713772e-01  1.6442026251e+00 -1.1692593957e+00  1.7306590455e+00 -1.1711375486e+00  8.7037209622e-01  7.5418465129e-01 -2.0168522059e+00 -3.4283953271e-01  3.1799236987e-01  4.9910332585e-01  2.0129988866e+00 -8.7186529718e-01 -2.0841990102e+00  1.4547716788e+00
ENERGY -3.076954999454e+02

JOB 13
COORDS -1.0838150604e+00 -8.9951487605e-02 -8.3056957150e-01  2.4759833475e-01  4.6952732044e-01 -1.3241547782e+00  6.4670054413e-02  5.5287666856e-02  1.1873048495e-01  7.7854116100e-01 -1.1652876537e+00  6.4052086465e-01 -5.0088338288e-02  1.0863512103e+00  1.0763218446e+00  2.0295653858e+00 -7.1953342735e-01  1.1949671547e+00 -1.9004750639e+00  6.1269367710e-01 -6.9653941215e-01 -1.3824508286e+00 -1.0859611229e+00 -1.1477243769e+00  8.5997904620e-01 -1.4761177940e-01 -1.9761228589e+00  2.9444153025e-01  1.5367160913e+00 -1.5148339021e+00  9.4194648733e-01 -1.8854178834e+00 -1.7123707243e-01  1.6925493026e-01 -1.6433536695e+00  1.4211509996e+00  7.2761860619e-01  9.9638676104e-01  1.6546463351e+00  2.3816970482e+00 -1.4206295247e+00  1.7636302622e+00
ENERGY -3.076969116303e+02

JOB 14
COORDS -1.0797477288e+00 -8.9476767006e-02 -8.4150529132e-01  2.5628834765e-01  4.8597167942e-01 -1.2999884234e+00  4.9781023159e-02  4.1509501825e-02  1.3140521882e-01  7.6265139656e-01 -1.1825081645e+00  6.4276483028e-01 -1.0583542001e-01  1.0427709998e+00  1.1128806695e+00  2.0383047705e+00 -7.4527358942e-01  1.1471449642e+00 -1.9023873180e+00  6.0613475307e-01 -7.0836989735e-01 -1.3663522905e+00 -1.0809616483e+00 -1.1820980545e+00  8.8487121263e-01 -1.1626632287e-01 -1.9502126331e+00  2.9975021925e-01  1.5565205657e+00 -1.4717507072e+00  8.9223734743e-01 -1.9156890457e+00 -1.6399199094e-01  1.7098642235e-01 -1.6396752867e+00  1.4480296514e+00  7.5727980387e-01  1.1071482289e+00  1.5585481270e+00  2.3867999122e+00 -1.4284100932e+00  1.7392179047e+00
ENERGY -3.076983649384e+02

JOB 15
COORDS -1.0699110428e+00 -9.6443307911e-02 -8.4797734299e-01  2.6782047985e-01  4.9743143262e-01 -1.2734099525e+00  4.3164186981e-02  2.8808717195e-02  1.4654791288e-01  7.4970934759e-01 -1.2016983391e+00  6.4903251834e-01 -1.5071850619e-01  1.0077668783e+00  1.1435125542e+00  2.0515312437e+00 -7.8878643163e-01  1.1027910052e+00 -1.9005464461e+00  5.8985274086e-01 -7.1777923579e-01 -1.3402433941e+00 -1.0851428103e+00 -1.2086545204e+00  9.1512810088e-01 -8.9911240158e-02 -1.9185464635e+00  3.0364366693e-01  1.5704074227e+00 -1.4323047114e+00  8.3641493362e-01 -1.9481034841e+00 -1.5215233007e-01  1.7262156952e-01 -1.6342257901e+00  1.4775082080e+00  7.3810461242e-01  1.2493073966e+00  1.4560370646e+00  2.3985118315e+00 -1.4668424059e+00  1.7014650608e+00
ENERGY -3.076986876572e+02

JOB 16
COORDS -1.0552432448e+00 -1.0302085904e-01 -8.4375408796e-01  2.8038207128e-01  5.1090605690e-01 -1.2426492531e+00  4.7439563365e-02  2.0903854940e-02  1.6681706346e-01  7.4779876207e-01 -1.2182250013e+00  6.5657662144e-01 -1.7296956973e-01  9.8049999831e-01  1.1781750409e+00  2.0737850097e+00 -8.3847500139e-01  1.0626735063e+00 -1.8942896725e+00  5.7257263480e-01 -7.1310785067e-01 -1.3090704526e+00 -1.0891877707e+00 -1.2224817334e+00  9.4531738707e-01 -6.0242278562e-02 -1.8840715866e+00  3.0508809557e-01  1.5859507921e+00 -1.3916931885e+00  7.8881672729e-01 -1.9731176535e+00 -1.4100969368e-01  1.8496785656e-01 -1.6298574899e+00  1.5049411964e+00  6.8563808206e-01  1.3999374749e+00  1.3523541512e+00  2.4184422686e+00 -1.5183526664e+00  1.6605483361e+00
ENERGY -3.076980169737e+02

JOB 17
COORDS -1.0662713709e+00 -6.2279193895e-02 -7.7813700109e-01  2.6621063651e-01  5.1466590906e-01 -1.2426477392e+00  1.1340219667e-01 -4.2713361463e-02  1.4910312402e-01  7.7427296424e-01 -1.3466547125e+00  5.3979979012e-01  3.5278707414e-02  8.7761450191e-01  1.2265345461e+00  2.0866974338e+00 -1.1503823321e+00  1.0755302475e+00 -1.8628395874e+00  6.4056055076e-01 -5.5622287571e-01 -1.3895799385e+00 -1.0163687469e+00 -1.1859463120e+00  8.5569526701e-01 -4.9042651774e-02 -1.9601444863e+00  3.2509575960e-01  1.5942682606e+00 -1.3478688497e+00  8.9283880089e-01 -1.9897611134e+00 -3.3631823707e-01  1.3772102677e-01 -1.8703463493e+00  1.2667346270e+00  8.4599026119e-01  1.4102561402e+00  1.2057949517e+00  1.9743173736e+00 -7.4856438983e-01  1.9513256405e+00
ENERGY -3.076979806187e+02

JOB 18
COORDS -1.0527633131e+00 -5.8520598126e-02 -7.7030676511e-01  2.8809225264e-01  5.1321659813e-01 -1.2183675877e+00  1.2546849427e-01 -6.0773524188e-02  1.6273674180e-01  7.6781601664e-01 -1.3768591036e+00  5.4169663511e-01  6.8906825364e-02  8.3583258700e-01  1.2647069787e+00  2.0897603447e+00 -1.2079305573e+00  1.0555474014e+00 -1.8443857371e+00  6.4845710684e-01 -5.4367537578e-01 -1.3819737926e+00 -1.0033195659e+00 -1.1946906176e+00  8.8026624516e-01 -4.4637361185e-02 -1.9381002533e+00  3.5492407125e-01  1.5938113511e+00 -1.3156084749e+00  8.5707271818e-01 -2.0231231477e+00 -3.3545024319e-01  1.2995621172e-01 -1.8851170867e+00  1.2792147492e+00  7.5145838722e-01  1.5104412595e+00  1.1295147307e+00  2.0004784913e+00 -6.8845446011e-01  1.8709901392e+00
ENERGY -3.076977541661e+02

JOB 19
COORDS -1.0432774257e+00 -4.4865656477e-02 -7.6496421457e-01  3.0624259096e-01  5.2047576599e-01 -1.1988630748e+00  1.3263025466e-01 -6.6861632042e-02  1.7328336603e-01  7.6433967895e-01 -1.3905897541e+00  5.4082183830e-01  1.0172789441e-01  8.0430104506e-01  1.2984966871e+00  2.0956185293e+00 -1.2370089892e+00  1.0293109678e+00 -1.8308450073e+00  6.6658427990e-01 -5.3725724850e-01 -1.3787913441e+00 -9.8098827450e-01 -1.2035152962e+00  8.9983364948e-01 -3.2623084846e-02 -1.9210228713e+00  3.8209348151e-01  1.6017743885e+00 -1.2891316531e+00  8.2629550794e-01 -2.0384834072e+00 -3.3737642996e-01  1.3203414288e-01 -1.8884375240e+00  1.2907166869e+00  6.0963907606e-01  1.5989609747e+00  1.0786629513e+00  2.0331784010e+00 -6.3706090763e-01  1.7910215304e+00
ENERGY -3.076973338444e+02

JOB 20
COORDS -1.0312961082e+00 -4.7913645870e-02 -7.5553819439e-01  3.3375800876e-01  4.9507142030e-01 -1.1743975546e+00  1.3626979630e-01 -9.1104615166e-02  1.9403575064e-01  7.4948632418e-01 -1.4216573179e+00  5.6354318883e-01  1.3284669624e-01  7.6410149717e-01  1.3320487225e+00  2.0942285490e+00 -1.2877399307e+00  1.0173183080e+00 -1.8101900767e+00  6.7700426621e-01 -5.3892522458e-01 -1.3799870413e+00 -9.7607664044e-01 -1.2007469375e+00  9.2680805445e-01 -6.4927330086e-02 -1.8916017041e+00  4.2979109018e-01  1.5753077903e+00 -1.2637738753e+00  7.7535334926e-01 -2.0810016922e+00 -3.0773351215e-01  1.2486695039e-01 -1.8961704802e+00  1.3349531326e+00  4.3910155256e-01  1.6413732067e+00  1.0599281541e+00  2.0691802044e+00 -6.3090984051e-01  1.7332865553e+00
ENERGY -3.076969415577e+02

JOB 21
COORDS -1.0186141678e+00 -4.2805299199e-02 -7.4221444368e-01  3.5847828705e-01  4.7665484791e-01 -1.1584407098e+00  1.4580946159e-01 -1.0242240018e-01  2.1046005582e-01  7.4293364832e-01 -1.4381655574e+00  5.8404841139e-01  1.7060657794e-01  7.4314458107e-01  1.3544168851e+00  2.0982534558e+00 -1.3219336181e+00  1.0093023161e+00 -1.7886902540e+00  6.9495658067e-01 -5.3558526528e-01 -1.3816666251e+00 -9.6549126713e-01 -1.1875355722e+00  9.4334820203e-01 -9.4256780269e-02 -1.8737056934e+00  4.7548488949e-01  1.5547275162e+00 -1.2501983526e+00  7.4005930225e-01 -2.1059688397e+00 -2.8092538242e-01  1.2477913190e-01 -1.8931920723e+00  1.3722768017e+00  2.5523152432e-01  1.6630687869e+00  1.0633240804e+00  2.1060672897e+00 -6.3131541048e-01  1.6932000335e+00
ENERGY -3.076966461910e+02

JOB 22
COORDS -1.0056724354e+00 -2.9460817739e-02 -7.3187675377e-01  3.7891472327e-01  4.6774081534e-01 -1.1556780364e+00  1.6018635113e-01 -1.0064477962e-01  2.1709438151e-01  7.4293599631e-01 -1.4410935797e+00  5.9577649709e-01  2.1216350703e-01  7.4308498487e-01  1.3598472458e+00  2.1073373964e+00 -1.3423370148e+00  9.9586660834e-01 -1.7675231675e+00  7.1982528174e-01 -5.3321209002e-01 -1.3843778072e+00 -9.4921453312e-01 -1.1701998511e+00  9.5008356382e-01 -1.1641751518e-01 -1.8713510122e+00  5.1530688155e-01  1.5428369948e+00 -1.2514339868e+00  7.1576618527e-01 -2.1168857546e+00 -2.6246198635e-01  1.3099196298e-01 -1.8780027582e+00  1.3988488399e+00  6.9103134222e-02  1.6608747276e+00  1.0836249766e+00  2.1444755286e+00 -6.3735225689e-01  1.6636990437e+00
ENERGY -3.076963633581e+02

JOB 23
COORDS -9.9343478189e-01 -1.1863666604e-02 -7.2678954881e-01  3.9364622598e-01  4.6663556992e-01 -1.1651524923e+00  1.7764310109e-01 -8.7699371180e-02  2.1456908222e-01  7.4812540317e-01 -1.4310758576e+00  6.0007474370e-01  2.5240650348e-01  7.6391680526e-01  1.3494159469e+00  2.1204159258e+00 -1.3486583610e+00  9.7850503455e-01 -1.7482587466e+00  7.4703032535e-01 -5.3441243685e-01 -1.3867834139e+00 -9.3135405616e-01 -1.1526047099e+00  9.5028402140e-01 -1.3072287638e-01 -1.8813586272e+00  5.4368885461e-01  1.5388574397e+00 -1.2659268265e+00  7.0000875108e-01 -2.1153305928e+00 -2.5048696986e-01  1.4236884713e-01 -1.8500675353e+00  1.4170230798e+00 -1.1007530075e-01  1.6333795271e+00  1.1212308666e+00  2.1826320892e+00 -6.3981607068e-01  1.6400565611e+00
ENERGY -3.076960082863e+02

