JOB 0
COORDS  2.5191874720e+00  1.0750298153e+00 -3.2327957634e-01  1.5131018673e+00  2.5320251117e-01 -8.3182742186e-01  5.8854536615e-01 -4.1060154921e+00 -1.5197728606e+00  2.2660067127e+00  1.7668363507e+00  8.6439500468e-01  1.5952390954e+00 -2.6943472741e+00 -8.1676130100e-02  4.7309065409e-01 -2.8253633562e+00 -8.6224887547e-01  3.2211856952e-01  1.0907957253e-01 -1.1726268468e-01  1.4906838725e-01  9.1198373098e-01  1.0364100854e+00  1.7603542340e+00 -4.6389099659e+00 -1.0846648981e+00 -7.3484515388e-01 -1.9778040809e+00 -1.0471713255e+00 -2.0638733503e+00 -6.9146004110e-02 -2.6183603700e-01 -2.1179539527e+00  1.4914187024e-01  1.2442512870e+00  1.0998026282e+00  1.7054362328e+00  1.5183594613e+00 -7.6622238488e-01 -6.7676477251e-01 -5.6519279464e-01 -1.7234995492e+00 -2.4605748296e+00 -1.6018481587e+00  2.3884320709e+00 -3.7988919292e+00 -2.0430467756e-01 -1.0279125170e+00  9.6428188386e-01  1.7164941211e+00  2.6287755361e+00 -6.2535105491e+00 -1.4655548852e+00  3.4651944444e+00  1.1905563966e+00 -8.4261746769e-01  1.6492997843e+00 -2.9038060253e-01 -1.7614420209e+00 -1.2668002567e-01 -4.5380222384e+00 -2.2035553680e+00  3.0237281651e+00  2.4131253448e+00  1.3034958852e+00  1.9612894759e+00 -1.9422906097e+00  5.9830895274e-01 -2.8535316571e+00 -7.4576509488e-01 -5.8589627017e-01 -2.1637478994e+00  8.7870072813e-01 -8.0132916559e-01 -3.0276662918e+00  6.7670221109e-01  1.5402418858e+00 -2.0816537367e+00 -8.1679936340e-01  1.7606584364e+00
ENERGY -3.371678758022e+03

JOB 1
COORDS  2.5273176307e+00  9.7986909926e-01 -3.7791374702e-01  1.5023801123e+00  1.6531117077e-01 -8.5892117109e-01  6.7244092100e-01 -4.0192308222e+00 -1.6652691749e+00  2.2909763377e+00  1.7175397384e+00  7.8518130224e-01  1.4512526376e+00 -2.7821624512e+00  4.8116562992e-02  4.4066901490e-01 -2.8329815666e+00 -8.7735047122e-01  3.0610967905e-01  7.6519150007e-02 -1.4356178712e-01  1.5647866015e-01  9.1427753511e-01  9.8813736055e-01  1.8063168400e+00 -4.5767022259e+00 -1.1626942969e+00 -7.8671174422e-01 -2.0086426679e+00 -1.0270935760e+00 -2.0882068323e+00 -7.8447328464e-02 -2.4866129670e-01 -2.1129363722e+00  1.8065128097e-01  1.2513308526e+00  1.1254419338e+00  1.7017962051e+00  1.4426984321e+00 -8.0096480143e-01 -7.0160785964e-01 -5.6283175890e-01 -1.7945072491e+00 -2.5112712902e+00 -1.5253028586e+00  2.2949959388e+00 -3.8438547189e+00 -1.1428357641e-01 -1.0141328750e+00  1.0077173399e+00  1.6769383316e+00  2.7696461517e+00 -6.1117594105e+00 -1.6336650552e+00  3.4759091419e+00  1.0545020579e+00 -8.9999097069e-01  1.6270965562e+00 -4.1148567805e-01 -1.7695492733e+00  5.5375037289e-02 -4.3843473645e+00 -2.4728259010e+00  3.0629713098e+00  2.3620950121e+00  1.2013754869e+00  1.7043740313e+00 -2.1082250307e+00  8.5163107991e-01 -2.8871817451e+00 -7.5896880774e-01 -5.4028577177e-01 -2.1929319483e+00  8.5597059587e-01 -8.1023253428e-01 -3.0164821944e+00  7.1694876694e-01  1.5501807769e+00 -2.0677073996e+00 -7.7106144346e-01  1.7933149449e+00
ENERGY -3.371679582177e+03

JOB 2
COORDS  2.5166489789e+00  9.2656000141e-01 -4.4116953705e-01  1.4780230373e+00  1.1288904040e-01 -8.9320297894e-01  7.7898024366e-01 -3.8624369375e+00 -1.8233090707e+00  2.2956088373e+00  1.7055932214e+00  6.9722999023e-01  1.3265361369e+00 -2.8657779167e+00  1.1956911962e-01  4.2100655548e-01 -2.8098815914e+00 -9.0546643679e-01  2.8001659002e-01  6.8561310246e-02 -1.7643692754e-01  1.5036677098e-01  9.3949760965e-01  9.3245877452e-01  1.8860765357e+00 -4.4484221171e+00 -1.2910586690e+00 -8.3593491785e-01 -2.0217132404e+00 -1.0067233440e+00 -2.1214521248e+00 -7.6148081605e-02 -2.3940101377e-01 -2.1160425951e+00  2.2432606487e-01  1.2525743735e+00  1.1324938572e+00  1.7261466366e+00  1.3587547597e+00 -8.4145164120e-01 -7.0773327324e-01 -5.6546931253e-01 -1.8608182718e+00 -2.5567591597e+00 -1.4279685217e+00  2.2341580640e+00 -3.8634079146e+00 -1.0426245890e-01 -1.0135513389e+00  1.0682319522e+00  1.6290054521e+00  2.9620440840e+00 -5.8641223647e+00 -1.8780176876e+00  3.4651914690e+00  9.6777613132e-01 -9.6700048796e-01  1.5933680872e+00 -4.9313078197e-01 -1.7855345928e+00  2.6269695718e-01 -4.1325258997e+00 -2.7328426134e+00  3.0780670799e+00  2.3522910072e+00  1.0899178462e+00  1.4670113858e+00 -2.3002387339e+00  1.0283153898e+00 -2.9256026310e+00 -7.6456557954e-01 -4.9635193557e-01 -2.2374253279e+00  8.4324698382e-01 -8.2309957682e-01 -3.0159846812e+00  7.6450622040e-01  1.5549528002e+00 -2.0553336311e+00 -7.1186728622e-01  1.8199417363e+00
ENERGY -3.371679310407e+03

JOB 3
COORDS  2.5355576696e+00  8.2521602879e-01 -4.5840117467e-01  1.4810827890e+00  1.1300824548e-02 -8.7183914184e-01  8.9675340827e-01 -3.7128645087e+00 -1.8415364787e+00  2.3245199777e+00  1.6740979866e+00  6.3020873032e-01  1.1914139930e+00 -3.0201287746e+00  2.7800261532e-01  3.9745104399e-01 -2.8307489894e+00 -8.1758827376e-01  2.7571590829e-01  3.9593626338e-02 -1.6656231236e-01  1.6116856003e-01  9.7154129730e-01  8.9367848235e-01  1.9733101539e+00 -4.3380540742e+00 -1.2877530057e+00 -8.7769671651e-01 -2.0641849034e+00 -8.9810940221e-01 -2.1324513890e+00 -6.9469400697e-02 -2.1434621942e-01 -2.1128643810e+00  3.0946564264e-01  1.2590089867e+00  1.1583453167e+00  1.7585859821e+00  1.2811795403e+00 -8.6284256893e-01 -7.3261858762e-01 -5.1776348912e-01 -1.9176979256e+00 -2.6248887687e+00 -1.2379995678e+00  2.1691176180e+00 -3.9389894275e+00  3.3685280805e-03 -1.0013744820e+00  1.1626314915e+00  1.5795401430e+00  3.1714648427e+00 -5.6053528706e+00 -1.9695305909e+00  3.4891300569e+00  8.1170024572e-01 -9.7653641028e-01  1.5910297552e+00 -6.4625930022e-01 -1.7272622360e+00  4.9544554168e-01 -3.8559207917e+00 -2.8343966482e+00  3.1188154996e+00  2.3249209188e+00  9.9097215793e-01  1.2102541302e+00 -2.5955407913e+00  1.2706804033e+00 -2.9456823140e+00 -7.6190292857e-01 -4.2857286367e-01 -2.2421963187e+00  8.1924561040e-01 -8.4480037258e-01 -3.0060663249e+00  8.7260389991e-01  1.5383549981e+00 -2.0562765720e+00 -5.9592234012e-01  1.8750809813e+00
ENERGY -3.371678033559e+03

JOB 4
COORDS  2.5307832143e+00  7.6258038192e-01 -4.9610760693e-01  1.4598323897e+00 -4.1327124365e-02 -8.8701851882e-01  9.4254169029e-01 -3.5421199278e+00 -1.8545941148e+00  2.3377880994e+00  1.6464912578e+00  5.6717500834e-01  1.0684366540e+00 -3.1764246710e+00  3.6027500314e-01  3.4635886634e-01 -2.8394750492e+00 -7.4684098201e-01  2.5493411903e-01  3.3255719466e-02 -1.8543833268e-01  1.6158138900e-01  9.9349605921e-01  8.5182436942e-01  2.0000228423e+00 -4.2207366288e+00 -1.3251320593e+00 -9.4203103329e-01 -2.0837566265e+00 -7.8494123093e-01 -2.1558383264e+00 -3.2359577435e-02 -2.1632626006e-01 -2.1197300514e+00  3.7843498402e-01  1.2478699045e+00  1.1744011462e+00  1.7709268881e+00  1.2168389404e+00 -9.0084401702e-01 -7.2649101798e-01 -5.1446211816e-01 -2.0006733466e+00 -2.6673472655e+00 -1.0039995164e+00  2.0963122706e+00 -4.0186901341e+00  1.9242058595e-02 -9.9420561410e-01  1.2236300017e+00  1.5375862171e+00  3.2796154612e+00 -5.3441342065e+00 -2.1047088423e+00  3.4839279945e+00  7.1411166652e-01 -1.0129115296e+00  1.5576502224e+00 -7.2385846967e-01 -1.7237791668e+00  6.1767070875e-01 -3.5423041827e+00 -2.8852694422e+00  3.1447978013e+00  2.2921159840e+00  9.0861383206e-01  1.0049952473e+00 -2.9089794476e+00  1.4045824778e+00 -2.9835900553e+00 -7.1345713518e-01 -4.0960128216e-01 -2.2491547458e+00  8.4459720704e-01 -8.6516322641e-01 -3.0027830143e+00  9.5945852762e-01  1.5226122880e+00 -2.0696975915e+00 -5.1405091580e-01  1.8831622632e+00
ENERGY -3.371676267413e+03

JOB 5
COORDS  2.5460940359e+00  6.7128739350e-01 -5.3175319511e-01  1.4564225676e+00 -1.1536774307e-01 -9.0724820498e-01  9.1877025461e-01 -3.4089667404e+00 -1.8524985997e+00  2.3732321652e+00  1.5799998349e+00  5.1331642324e-01  9.7074306450e-01 -3.3846225993e+00  3.9456759084e-01  2.7766991732e-01 -2.8912918894e+00 -6.6992831559e-01  2.5373909582e-01  6.1653810501e-04 -2.0908440441e-01  1.8295722929e-01  9.8200227708e-01  8.1115068180e-01  1.9655095693e+00 -4.1561863588e+00 -1.3984508321e+00 -1.0047453091e+00 -2.1208101133e+00 -6.2727272035e-01 -2.1554236754e+00  1.0069796616e-04 -2.3868939515e-01 -2.1148572640e+00  4.3551090543e-01  1.2176333291e+00  1.2133062603e+00  1.7434552683e+00  1.1605650369e+00 -9.2237851394e-01 -7.4139038898e-01 -5.2052669659e-01 -2.0853180736e+00 -2.7023105208e+00 -6.7335376181e-01  2.0208379813e+00 -4.1571214780e+00 -3.8427265642e-02 -9.6467721425e-01  1.2514689323e+00  1.4952153612e+00  3.2755681793e+00 -5.1443090884e+00 -2.3014341369e+00  3.4979635710e+00  5.9017888854e-01 -1.0468192012e+00  1.5397206014e+00 -8.1494144063e-01 -1.7305492019e+00  6.2956992609e-01 -3.2536129491e+00 -2.8823148606e+00  3.1945883553e+00  2.2140448304e+00  8.4215693570e-01  8.7160063715e-01 -3.2807736002e+00  1.4647908204e+00 -3.0061640891e+00 -6.5427452074e-01 -4.2262879258e-01 -2.2097795447e+00  8.6766818670e-01 -9.0378348562e-01 -2.9806412187e+00  1.0481157474e+00  1.4785225078e+00 -2.0942443725e+00 -4.4655358868e-01  1.8686446503e+00
ENERGY -3.371674685228e+03

JOB 6
COORDS  2.2992637170e+00  1.6724723634e+00 -1.5177793438e-01  1.6470379599e+00  4.8591782096e-01  1.8389432954e-01  1.0466455069e+00 -1.6630102816e+00 -2.2964406706e+00  1.5206193041e+00  2.7660034680e+00 -5.3454380815e-01  2.0106598950e+00 -2.8991604910e+00 -6.8364974687e-01  8.6926364030e-01 -2.2134434918e+00 -9.7673594659e-01  2.5634595864e-01  4.1785404183e-01  9.0213731893e-02 -4.3293785891e-01  1.6007753998e+00 -2.7388353428e-01  2.2784226436e+00 -2.0845357662e+00 -2.7000277593e+00 -3.1229131515e-01 -2.0128156845e+00 -8.4329744720e-02 -1.8230529663e+00 -4.0874446561e-01  9.7900216002e-01 -2.5388516458e+00  4.8049484118e-01 -2.6314267635e-02  1.8329008819e-01  2.7368578374e+00 -5.7938074186e-01 -5.0603781756e-01 -7.3703256130e-01  4.2497082743e-01 -1.1123466023e+00 -2.9198313282e+00  1.3078183165e-01  2.8874646400e+00 -2.8346069153e+00 -1.7387589596e+00 -1.7931973798e+00  1.6780122320e+00 -3.0514077280e-01  3.2254474188e+00 -1.8143330201e+00 -4.2923221288e+00  3.3808475894e+00  1.7491467258e+00 -1.0508558630e-01  2.2067885044e+00 -3.8340540263e-01  5.0941745218e-01  3.5869898756e-01 -1.0448433311e+00 -2.8550468081e+00  1.9848843735e+00  3.7117042046e+00 -8.0809858081e-01  2.3406170402e+00 -3.4675962564e+00  1.7330049879e-01 -1.6916573674e+00  1.0859734296e-01  1.9344441841e+00 -2.3748134518e+00 -1.3337679147e+00  1.1397834255e+00 -2.6953219478e+00 -6.8724423138e-02 -9.6241558776e-01 -3.5065264861e+00  8.1748418366e-01  3.5193218560e-01
ENERGY -3.371675965268e+03

JOB 7
COORDS  2.1881431833e+00  1.7482372549e+00 -4.2953188582e-01  1.5683604588e+00  5.3768007632e-01 -1.1948107532e-01  8.0147876433e-01 -1.3922227672e+00 -2.5432346009e+00  1.3815824214e+00  2.8709429104e+00 -6.2292589442e-01  1.7751612084e+00 -2.9532419549e+00 -1.2477098777e+00  6.9900003686e-01 -2.1155192804e+00 -1.2998876608e+00  1.7494055485e-01  4.7770187281e-01 -5.2275167447e-02 -5.3921705513e-01  1.6890061582e+00 -2.2687789799e-01  1.9240561102e+00 -1.8718776088e+00 -3.1476515358e+00 -3.4034910554e-01 -1.9698131025e+00 -2.4060378579e-01 -1.7973085124e+00 -4.3112979821e-01  9.9420257102e-01 -2.6104505261e+00  5.4872605659e-01  1.6171388342e-01  4.8205127830e-02  2.8460538010e+00 -5.0784730373e-01 -5.5177247387e-01 -6.9885081880e-01  2.7146701770e-01 -1.0294224775e+00 -2.9255806893e+00  1.1097373400e-01  2.5386964784e+00 -2.8172384752e+00 -2.3786430163e+00 -1.8922029620e+00  1.7697440735e+00 -8.1982333313e-02  2.7253834157e+00 -1.4623742465e+00 -4.7896577658e+00  3.2683684272e+00  1.8196573569e+00 -5.0631526092e-01  2.1551551946e+00 -3.5544127680e-01  6.3449655262e-02  1.3832555770e-01 -6.2981569790e-01 -2.9250463557e+00  1.8197226434e+00  3.8360512147e+00 -8.7032849208e-01  2.1198685408e+00 -3.6757424848e+00 -5.2282823509e-01 -1.5663563808e+00 -1.0230452681e-02  1.9782625147e+00 -2.3327544752e+00 -1.3708877557e+00  1.1230354150e+00 -2.8724740129e+00  9.1206523888e-02 -7.9983653018e-01 -3.5282154005e+00  8.4459544823e-01  6.7465233338e-01
ENERGY -3.371678067658e+03

JOB 8
COORDS  2.1027436984e+00  2.2827272270e+00  3.6280883309e-01  1.6585752182e+00  9.6501351658e-01  4.7337496980e-01  1.8273491218e+00 -8.1768527117e-01 -2.0651212571e+00  1.1653771540e+00  3.2706429769e+00  5.5962083816e-02  2.6322414838e+00 -2.5340170359e+00 -8.5064329447e-01  1.5436625266e+00 -1.7172737577e+00 -9.7195822630e-01  3.1416854899e-01  6.7235761098e-01  2.3391225180e-01 -5.5471034975e-01  1.7614983822e+00 -2.3905311164e-02  3.0608755283e+00 -1.1765527803e+00 -2.5157976549e+00  3.2909734813e-01 -1.8118131522e+00 -1.1722674640e-01 -1.6287959876e+00 -6.3996581108e-01  7.9082010662e-01 -2.4226546908e+00  2.6575380326e-01 -1.3925870179e-01 -1.3821299173e-01  3.0186231468e+00 -1.1590876732e-01 -2.3853693016e-01 -6.2956060647e-01  3.3226923841e-01 -1.8566684550e-01 -2.9017995727e+00  1.3075163891e-01  3.5759791903e+00 -2.2126409672e+00 -1.7883435773e+00 -1.9020011050e+00  1.6057297604e+00 -1.5919336163e-01  4.1232302337e+00 -5.0672601410e-01 -3.9048137678e+00  3.1456622672e+00  2.5363874636e+00  5.2354943137e-01  2.3452543693e+00  1.6727901501e-01  7.3451681463e-01  1.2056323632e+00 -2.6188355318e-02 -2.4561445397e+00  1.4659682125e+00  4.3117100673e+00 -4.5738266503e-02  2.8715683487e+00 -3.3524160919e+00 -1.8803006971e-01 -1.6805308884e+00 -2.8109886850e-01  1.8242698385e+00 -2.0002784202e+00 -1.6632712329e+00  7.5120424578e-01 -2.4022381015e+00 -1.3876238729e-01 -1.1582437227e+00 -3.4616683301e+00  3.5900473862e-01  1.8425099491e-01
ENERGY -3.371679746717e+03

JOB 9
COORDS  2.3137157671e+00  1.7516533244e+00  2.6143204295e-01  1.6642347414e+00  5.4827490946e-01  5.3773410800e-01  1.9238487016e+00 -1.6904061960e+00 -1.5396998182e+00  1.5832687107e+00  2.7671256537e+00 -3.5883881352e-01  2.0959541967e+00 -3.4443768009e+00 -1.3823033650e-01  1.3037931134e+00 -2.3655421190e+00 -4.2134240827e-01  3.3375961116e-01  3.8319284368e-01  1.4688616638e-01 -3.2230369191e-01  1.4995004945e+00 -4.2802585012e-01  3.0376269291e+00 -2.4175315998e+00 -1.8272595841e+00  2.2277002789e-02 -2.1031468593e+00  2.8428928755e-01 -1.8332222998e+00 -5.3380859404e-01  6.5081018342e-01 -2.3737651264e+00  2.6140697045e-01 -5.2903236214e-01  2.8825509008e-01  2.6512550509e+00 -6.7925491018e-01 -4.1658738838e-01 -7.9252574774e-01  3.9000111807e-01 -6.5242044652e-01 -3.0356234862e+00  7.2306471572e-01  3.1693498434e+00 -3.4851755025e+00 -9.8185790661e-01 -1.6498235760e+00  1.4876701833e+00 -7.3383039078e-01  4.3653934209e+00 -2.2016139403e+00 -3.1301341142e+00  3.3537582337e+00  1.9012665330e+00  5.3303488165e-01  2.1824658011e+00 -2.6201435837e-01  1.0394412122e+00  1.5899416740e+00 -8.0389253898e-01 -2.0565993445e+00  2.0490109879e+00  3.7209314027e+00 -5.9932981786e-01  2.0247415391e+00 -4.2349492872e+00  5.9372203732e-01 -1.9434575611e+00  2.7285155285e-02  1.5850848629e+00 -2.3499034074e+00 -1.4879028888e+00  7.4885033591e-01 -2.3128367515e+00 -3.4146005208e-01 -1.4426518124e+00 -3.4127617391e+00  5.5744748440e-01 -3.6779221512e-01
ENERGY -3.371680582496e+03

JOB 10
COORDS  2.1435999980e+00  2.1379945968e+00  5.5153417743e-01  1.6069399594e+00  8.6333469409e-01  7.3632910644e-01  2.1545351831e+00 -1.2532491741e+00 -1.3923293783e+00  1.3291644788e+00  3.1196017054e+00 -1.6389079937e-02  2.2635829621e+00 -3.2101082846e+00 -2.8424305116e-01  1.5226414949e+00 -2.0611824237e+00 -3.7015665302e-01  3.0463173064e-01  5.9965822904e-01  3.0602873729e-01 -4.4841809190e-01  1.6878854319e+00 -2.0089539833e-01  3.2290910615e+00 -1.9750312014e+00 -1.8108261858e+00  2.3944178199e-01 -1.9101268892e+00  3.6325575516e-01 -1.7683145771e+00 -5.4075315183e-01  7.3371401745e-01 -2.3809191205e+00  2.7949705261e-01 -3.9260535248e-01  5.4303441058e-02  2.9051476840e+00 -3.6602518736e-01 -3.3548864199e-01 -6.5207124768e-01  4.5774154840e-01 -3.2316181990e-01 -2.8980232053e+00  8.3926110806e-01  3.3210175284e+00 -3.1671116405e+00 -1.1444489125e+00 -1.7674084867e+00  1.5748046276e+00 -5.2062461447e-01  4.5469968492e+00 -1.6190307276e+00 -3.0930758536e+00  3.1604115860e+00  2.3660783039e+00  8.5478012333e-01  2.1930934799e+00  7.4117929021e-02  1.1953888891e+00  1.8568202908e+00 -2.8652210049e-01 -1.7665848749e+00  1.7060415264e+00  4.1262901082e+00 -1.8659197392e-01  2.1583376161e+00 -4.1035250542e+00  3.1252323171e-01 -1.9288106860e+00 -5.9047131558e-02  1.7046155102e+00 -2.1975422377e+00 -1.5416348200e+00  7.6437166879e-01 -2.2734099477e+00 -2.5602245797e-01 -1.3429104623e+00 -3.4405868075e+00  4.7368795873e-01 -2.1192485130e-01
ENERGY -3.371680226144e+03

JOB 11
COORDS  2.4059680798e+00  1.8800189381e+00 -4.1451444598e-01  1.5972463864e+00  8.1867108817e-01 -8.2316321922e-01  2.1312312284e+00 -1.9298631913e+00  3.8164088910e-01  1.9295758491e+00  2.7177639155e+00  5.9615064822e-01  1.3887270387e+00 -3.6127301037e+00 -9.1436286241e-01  1.0961092244e+00 -2.3214194918e+00 -5.5558038363e-01  3.7722493236e-01  5.9832096325e-01 -1.8064583611e-01 -3.2055297364e-02  1.5513533070e+00  7.8474221665e-01  2.9672312389e+00 -2.9994291394e+00  4.6854916567e-01 -2.1148018423e-01 -1.7240840350e+00 -9.3756325653e-01 -1.9245555904e+00 -3.3940317147e-02 -4.3051604782e-01 -2.1485737571e+00  4.3997699362e-01  9.9888347914e-01  7.2772510531e-01  2.5699206049e+00  1.1683960830e+00 -5.2028040585e-01 -4.3350207667e-01 -5.3435445558e-01 -1.0283314342e+00 -2.3917346889e+00 -1.5756164638e+00  2.5380491914e+00 -4.0343906076e+00 -3.1709392643e-01 -1.2637093464e+00  1.5158301513e+00  1.3634344902e+00  4.5413405335e+00 -3.2749442806e+00  1.4456872800e+00  3.3700106375e+00  2.0611195250e+00 -8.7903454361e-01  1.9121019004e+00  1.5258101271e-01 -1.6202761728e+00  2.2460156898e+00 -1.0010287023e+00  9.1596209661e-01  2.5270559054e+00  3.5540974678e+00  9.5389310047e-01  8.8407245662e-01 -4.3204299716e+00 -1.5543420057e+00 -2.5530049498e+00 -8.9386156073e-01 -6.5950383083e-01 -2.1440484678e+00  7.6334161328e-01 -1.1492875515e+00 -3.1587817001e+00  8.3311725258e-01  1.1341386215e+00 -1.9930491641e+00 -3.9241259747e-01  1.6945644598e+00
ENERGY -3.371678509763e+03

JOB 12
COORDS  2.4400909009e+00  1.7676533328e+00 -4.2112205490e-01  1.6065452866e+00  7.1651597008e-01 -8.0488402851e-01  2.0177319228e+00 -2.0075597907e+00  5.0818655255e-01  1.9772161444e+00  2.6530458964e+00  5.5415983163e-01  1.4925111882e+00 -3.5225821501e+00 -1.0722989819e+00  1.0552105577e+00 -2.3484963035e+00 -5.1851424730e-01  3.7159477235e-01  5.5600760758e-01 -1.7256720547e-01 -1.8750405648e-02  1.5497185872e+00  7.5935349026e-01  2.9574046931e+00 -2.9903125021e+00  4.6357755356e-01 -2.6668754932e-01 -1.7698741300e+00 -8.7207568661e-01 -1.9468769463e+00 -3.8773680935e-02 -3.9883734660e-01 -2.1580971380e+00  4.9339805336e-01  1.0114051561e+00  7.6588791800e-01  2.5585792028e+00  1.1174091942e+00 -5.5063869827e-01 -4.6622113880e-01 -4.9526966621e-01 -1.1103525556e+00 -2.4572756909e+00 -1.4506331866e+00  2.6633631432e+00 -3.9201266964e+00 -4.9692241648e-01 -1.2544806514e+00  1.5665537189e+00  1.3314985969e+00  4.5205463677e+00 -3.2663969327e+00  1.4576270632e+00  3.4149058229e+00  1.9039158690e+00 -8.7834904158e-01  1.9124816842e+00  1.7011009455e-02 -1.5757539227e+00  2.0138112847e+00 -1.1656408036e+00  1.1823105708e+00  2.5946226382e+00  3.4836909553e+00  8.9069926138e-01  1.0884576100e+00 -4.1608186331e+00 -1.8435287359e+00 -2.5896582721e+00 -8.9717235559e-01 -5.9103053289e-01 -2.1574796173e+00  7.3307502585e-01 -1.1474199944e+00 -3.1610964441e+00  9.0867328673e-01  1.1331375875e+00 -2.0159319811e+00 -3.1448390375e-01  1.7383894781e+00
ENERGY -3.371680224498e+03

JOB 13
COORDS  2.5486426810e+00  1.3730757435e+00 -3.2024598170e-01  1.6239380203e+00  4.1538043061e-01 -7.3741781039e-01  1.7692023039e+00 -2.3445540188e+00  5.8911843201e-01  2.1668339730e+00  2.2632194623e+00  6.8539873893e-01  1.3228319415e+00 -3.6176237178e+00 -1.2136931746e+00  8.3568255607e-01 -2.5612619875e+00 -4.9371862566e-01  3.7803381267e-01  3.4808889124e-01 -1.1021871676e-01  8.1000940005e-02  1.3350161330e+00  8.6178043835e-01  2.7393464576e+00 -3.2841541821e+00  4.2226296979e-01 -4.6578154392e-01 -1.9124002690e+00 -8.0056941339e-01 -1.9868015402e+00 -4.1324302143e-02 -3.2569482173e-01 -2.1340635447e+00  4.4866489298e-01  1.1077348139e+00  9.5300249404e-01  2.2573743065e+00  1.2508765724e+00 -6.3238808267e-01 -5.7736730277e-01 -4.6659543188e-01 -1.3866789732e+00 -2.5618320972e+00 -1.2979358759e+00  2.4946997682e+00 -4.0657020825e+00 -6.7384523088e-01 -1.1446189107e+00  1.4361868544e+00  1.4479294890e+00  4.2903522846e+00 -3.6623945153e+00  1.4011877408e+00  3.5328608861e+00  1.4350877336e+00 -7.7335745891e-01  1.8651482253e+00 -2.8270934933e-01 -1.5319705283e+00  1.7234330124e+00 -1.6078657738e+00  1.3763870025e+00  2.8561890666e+00  3.0237851587e+00  1.0471107543e+00  9.6097635778e-01 -4.1394993786e+00 -2.0869291704e+00 -2.7006255764e+00 -8.3521498280e-01 -5.4268653731e-01 -2.1393825058e+00  7.7725611061e-01 -1.0374067735e+00 -3.0996658699e+00  9.3426254695e-01  1.2657397748e+00 -2.0425183384e+00 -3.9602502398e-01  1.8005288802e+00
ENERGY -3.371680583009e+03

JOB 14
COORDS  2.5045451218e+00  1.6394127775e+00 -2.5444524159e-01  1.6796212697e+00  5.7650446750e-01 -6.2281827471e-01  1.8254464073e+00 -2.0282572640e+00  1.0704771734e+00  1.9828752871e+00  2.6140057871e+00  5.9795977366e-01  1.8319551847e+00 -3.2759638114e+00 -8.0336327189e-01  1.0768535853e+00 -2.3677686742e+00 -1.1651505445e-01  3.8714139917e-01  4.9843447762e-01 -9.9403760637e-02 -5.0959212817e-02  1.5688603541e+00  7.1914239954e-01  2.9649868251e+00 -2.7700227987e+00  1.0019954682e+00 -2.5775282228e-01 -1.8825744348e+00 -5.6101126095e-01 -1.9270467444e+00 -8.5263655260e-02 -4.3390530131e-01 -2.2154415224e+00  5.5789027092e-01  9.1459360294e-01  7.2666122336e-01  2.5892001771e+00  1.0603909055e+00 -5.3304587303e-01 -5.3153485329e-01 -4.1858974648e-01 -1.1085651555e+00 -2.6669866778e+00 -9.7985257944e-01  2.9973484206e+00 -3.5313312632e+00 -1.3266858353e-01 -1.3265182178e+00  1.6534142936e+00  1.1917068821e+00  4.4340889082e+00 -2.9063377062e+00  2.1551133181e+00  3.5199793789e+00  1.7149579452e+00 -6.3001067838e-01  2.0330629599e+00 -1.9074161423e-01 -1.3028014792e+00  1.5540043525e+00 -1.3380246346e+00  1.8552252152e+00  2.5906026574e+00  3.4586929610e+00  9.1684902842e-01  1.6834986481e+00 -3.8097803322e+00 -1.7302460181e+00 -2.5672221455e+00 -9.5133352075e-01 -5.9791203280e-01 -2.0791102055e+00  6.2976667053e-01 -1.2495403507e+00 -3.2219418640e+00  9.8085643136e-01  9.4745079738e-01 -2.1172595708e+00 -1.8903947157e-01  1.7112766043e+00
ENERGY -3.371679743136e+03

JOB 15
COORDS  2.5375667845e+00  1.2446911117e+00  3.9568379498e-01  1.6619614090e+00  2.4547804608e-01 -2.9241165150e-02  9.7393052764e-01 -2.0886219938e+00  2.0360592573e+00  1.9963140223e+00  2.3878592934e+00  9.8613063172e-01  1.4097775978e+00 -3.4085887459e+00  2.6660270841e-01  5.3131814254e-01 -2.4659800306e+00  7.1645965222e-01  2.9040677430e-01  3.9946471353e-01  1.8256428864e-01 -1.4829706568e-01  1.6192542901e+00  7.5479457443e-01  2.0743423296e+00 -2.8537267460e+00  2.2794965541e+00 -6.2774604273e-01 -1.9230721103e+00 -4.8646479319e-02 -1.9640664283e+00  5.8067328955e-02 -5.9974063309e-01 -2.4290303516e+00  9.0870203471e-01  5.7269330113e-01  6.8125877248e-01  2.5787286674e+00  1.1472756623e+00 -6.8455594820e-01 -5.4912850994e-01 -2.2599929559e-01 -1.5308840337e+00 -2.6584051638e+00 -4.4300427883e-01  2.3652407918e+00 -3.6602337703e+00  1.2175578875e+00 -1.4679572411e+00  1.9217097157e+00  9.1359827960e-01  3.2030661447e+00 -2.9724964693e+00  3.7687590214e+00  3.6096005513e+00  1.1432290036e+00  2.6030285553e-01  2.0345301116e+00 -6.4917825825e-01 -5.1529602316e-01  5.3707937174e-01 -1.3564697816e+00  2.6993281907e+00  2.6402419479e+00  3.1922616380e+00  1.3367107842e+00  1.4878642187e+00 -3.9742047998e+00 -6.5005465122e-01 -2.6773110637e+00 -7.3757407032e-01 -8.1109154963e-01 -1.8303309545e+00  6.7006559067e-01 -1.4977482318e+00 -3.3510698351e+00  1.4449697378e+00  3.3782284167e-01 -2.6016892859e+00  2.7165325182e-01  1.4484480742e+00
ENERGY -3.371678067169e+03

JOB 16
COORDS  2.5869763212e+00  1.2436846115e+00 -9.5054453393e-02  1.6576238512e+00  3.0238389115e-01 -5.3798479174e-01  1.2503166081e+00 -2.4057686782e+00  1.3538875763e+00  2.1455350923e+00  2.2492666337e+00  7.6674236639e-01  1.5458421209e+00 -3.2071014431e+00 -7.2673205235e-01  6.6108034059e-01 -2.5118937360e+00  4.3251872529e-02  3.4102848970e-01  3.7143152140e-01 -8.0722705317e-02 -2.3103214710e-03  1.4564198717e+00  7.6285923593e-01  2.4369876232e+00 -3.0710282933e+00  1.2704012985e+00 -6.3362552738e-01 -1.9108341958e+00 -3.9847043413e-01 -2.0067771117e+00  1.0888962235e-01 -5.4157589172e-01 -2.2840750487e+00  7.2028992425e-01  8.2341028113e-01  8.7592765307e-01  2.3636353606e+00  1.1745860296e+00 -6.8705280459e-01 -5.2715328906e-01 -4.8445604591e-01 -1.6230654607e+00 -2.6072855963e+00 -6.1056272039e-01  2.6434793959e+00 -3.5651336659e+00  1.7030036787e-02 -1.2763768120e+00  1.6773437895e+00  1.1932993627e+00  3.7696386769e+00 -3.4016161174e+00  2.5432382769e+00  3.6217832957e+00  1.2044932775e+00 -4.1989264215e-01  1.9467693137e+00 -4.8416825431e-01 -1.2256529557e+00  8.4642527008e-01 -1.9090750078e+00  2.2242890170e+00  2.8347018552e+00  3.0041733136e+00  1.1407689054e+00  1.5455321273e+00 -3.5293448881e+00 -1.7575191253e+00 -2.7500969513e+00 -6.4864327928e-01 -7.8556447532e-01 -2.0001524350e+00  8.7821783288e-01 -1.3199094025e+00 -3.2290212944e+00  1.2679816888e+00  8.3504993140e-01 -2.3221216248e+00 -6.9532499475e-02  1.5830909538e+00
ENERGY -3.371675962510e+03

JOB 17
COORDS  2.4650247250e+00  1.0389798861e+00  2.5645498530e-01  1.6230907317e+00 -2.8452256633e-02  5.7101141153e-01  1.8252228363e+00 -3.4911564226e+00  5.8946036382e-01  1.9216649457e+00  2.1263898074e+00 -4.2919251848e-01  1.3593175161e+00 -2.8847809459e+00 -1.5242600647e+00  8.6007908719e-01 -2.8361574384e+00 -2.5726358706e-01  2.8973235344e-01  5.6200709594e-03  1.6074683830e-01 -1.6091181561e-01  1.1767760605e+00 -4.9827297431e-01  2.8425119538e+00 -3.8604397923e+00 -2.4054782030e-01 -5.0064806823e-01 -2.3680104095e+00  1.5424652824e-01 -2.0200795397e+00 -5.0940817754e-01  6.1290210369e-01 -2.3795699839e+00  2.8086416520e-01 -6.3543423618e-01  6.3376296252e-01  2.2013067821e+00 -7.8524967297e-01 -6.5676109642e-01 -1.0215421887e+00  4.4342293323e-01 -1.4402626486e+00 -3.1560457800e+00  2.1761751891e-01  2.5858823374e+00 -3.5032055316e+00 -1.5286689771e+00 -1.4615875239e+00  1.3637357937e+00 -8.6008954731e-01  4.4591569954e+00 -4.7473919417e+00  8.7764638408e-02  3.5101338708e+00  1.0316194547e+00  5.4906309612e-01  1.9978257714e+00 -8.8083327505e-01  1.1252569786e+00  1.7581326571e+00 -3.6676986708e+00  1.6537093236e+00  2.5395613527e+00  2.9814311567e+00 -6.9730610637e-01  1.0041793359e+00 -2.5349452617e+00 -2.4821137540e+00 -2.0534176461e+00  1.2871695405e-01  1.5015324702e+00 -2.6961676352e+00 -1.3529070580e+00  7.4410526023e-01 -2.3732501644e+00 -3.8161613153e-01 -1.5091376217e+00 -3.3652404599e+00  7.4331797694e-01 -5.4871536595e-01
ENERGY -3.371674685226e+03

JOB 18
COORDS  2.4511456673e+00  1.0718763368e+00  2.3773574402e-01  1.6083131897e+00  8.6195816806e-03  5.6209585129e-01  1.7870685368e+00 -3.6542203319e+00  5.6775342895e-01  1.9141283082e+00  2.1443347382e+00 -4.7671609209e-01  1.3704281765e+00 -2.7278830601e+00 -1.4382708391e+00  8.7328679208e-01 -2.8208136799e+00 -1.7142227309e-01  2.7996386097e-01  3.1564462120e-02  1.3245627697e-01 -1.6525252143e-01  1.1887101569e+00 -5.5286085412e-01  2.7816063793e+00 -3.9672912491e+00 -3.1097135153e-01 -4.6371572803e-01 -2.3542942424e+00  3.0541296219e-01 -2.0351222763e+00 -4.9166203441e-01  5.6285472514e-01 -2.3759078438e+00  2.7785621161e-01 -7.0422487008e-01  6.3065819119e-01  2.2092156537e+00 -8.5021442403e-01 -6.6444148315e-01 -9.8978100744e-01  4.2580258580e-01 -1.3606342372e+00 -3.1623739525e+00  5.3326409209e-01  2.5505364264e+00 -3.4205876489e+00 -1.5377822773e+00 -1.4632399049e+00  1.3642736609e+00 -9.3142241420e-01  4.3379779486e+00 -4.9915180952e+00 -1.2191879139e-01  3.4922017821e+00  1.0734802768e+00  5.4452756017e-01  1.9770339867e+00 -8.3304389576e-01  1.1375811740e+00  1.7021931562e+00 -3.9729293775e+00  1.5968601454e+00  2.5336684195e+00  2.9952367098e+00 -7.5384261030e-01  1.0432879539e+00 -2.2230394995e+00 -2.3350582254e+00 -2.1003261583e+00  1.5665484224e-01  1.4427473365e+00 -2.7021237367e+00 -1.3430086526e+00  6.9242010390e-01 -2.3497533778e+00 -3.9767491603e-01 -1.5677093282e+00 -3.3664507257e+00  7.3364062905e-01 -6.4130822328e-01
ENERGY -3.371676267869e+03

JOB 19
COORDS  2.4150444028e+00  1.2002900195e+00  2.3456333188e-01  1.6193918318e+00  1.0503134367e-01  5.7021306836e-01  1.8489056387e+00 -3.7790703635e+00  4.9449922292e-01  1.8338650234e+00  2.2343025921e+00 -5.0247968356e-01  1.5425928400e+00 -2.5238138628e+00 -1.3466552657e+00  9.9997291357e-01 -2.7914241037e+00 -1.2172656580e-01  2.9514678829e-01  5.7594462601e-02  1.2832406912e-01 -1.9917039319e-01  1.1832377775e+00 -5.7472934583e-01  2.8535684375e+00 -4.0014264562e+00 -3.9865569614e-01 -3.2515820704e-01 -2.3569619766e+00  4.0306109317e-01 -1.9930434094e+00 -5.6436121750e-01  5.6569954244e-01 -2.3679798720e+00  1.7292446349e-01 -7.1124901602e-01  5.5114431070e-01  2.2346008338e+00 -8.8395340425e-01 -6.0159807994e-01 -1.0002697406e+00  4.3283492430e-01 -1.1619099938e+00 -3.1917589210e+00  7.4137500486e-01  2.6859936813e+00 -3.2551121899e+00 -1.5298197450e+00 -1.5026611105e+00  1.2937473702e+00 -9.5831004655e-01  4.3553498607e+00 -5.1184432499e+00 -3.3999816491e-01  3.4521966384e+00  1.2561293675e+00  5.4945645627e-01  2.0206087792e+00 -7.1043424428e-01  1.1620248959e+00  1.7114846965e+00 -4.2511832884e+00  1.4565315811e+00  2.4158581189e+00  3.1076614668e+00 -7.9083159198e-01  1.2693360146e+00 -1.8664070983e+00 -2.1585605121e+00 -2.0907956945e+00  9.0608847130e-02  1.4379326150e+00 -2.6203311547e+00 -1.4436522051e+00  7.0734214209e-01 -2.3156038347e+00 -5.1265583677e-01 -1.5654806471e+00 -3.3766506725e+00  5.8761373208e-01 -6.5135814066e-01
ENERGY -3.371678032819e+03

JOB 20
COORDS  2.3769950459e+00  1.2970138718e+00  2.5131420064e-01  1.6059455284e+00  1.9517276673e-01  6.2083479122e-01  1.7540994735e+00 -3.9406482438e+00  4.5369797196e-01  1.7857016858e+00  2.2757544040e+00 -5.5127759463e-01  1.6851619604e+00 -2.3900716243e+00 -1.1768888245e+00  1.0395460840e+00 -2.7889232069e+00 -3.7640100074e-02  2.9733592603e-01  8.3878074908e-02  1.4533120230e-01 -2.1353701667e-01  1.1610104708e+00 -6.1873779449e-01  2.7870031502e+00 -4.1251455225e+00 -4.1313061174e-01 -2.6654617160e-01 -2.3354380259e+00  5.0990818340e-01 -1.9753190765e+00 -5.7450335716e-01  5.8530147616e-01 -2.3563347763e+00  9.0255966242e-02 -7.2970048111e-01  5.1331554040e-01  2.2188343221e+00 -9.6195435857e-01 -5.7352793849e-01 -9.8406440351e-01  4.8109566302e-01 -1.0741331074e+00 -3.1634834201e+00  9.2972581366e-01  2.7615992667e+00 -3.1975586841e+00 -1.4185265426e+00 -1.5112567391e+00  1.2148606002e+00 -1.0304401153e+00  4.1721193593e+00 -5.3841740695e+00 -4.6552652314e-01  3.4026808905e+00  1.4017107687e+00  5.9033125162e-01  2.0130247541e+00 -5.7987495430e-01  1.2614744035e+00  1.5062772467e+00 -4.5358482425e+00  1.3203392439e+00  2.3496382968e+00  3.1508889354e+00 -8.6873124497e-01  1.5264371050e+00 -1.5954842045e+00 -1.8902096982e+00 -2.0944208042e+00  1.2012122053e-01  1.4236044020e+00 -2.5846016983e+00 -1.4590506046e+00  7.6683181854e-01 -2.2839949723e+00 -6.3599683724e-01 -1.5478528167e+00 -3.3733136030e+00  4.8750696964e-01 -6.9704144895e-01
ENERGY -3.371679310547e+03

JOB 21
COORDS  2.3646736262e+00  1.3654501515e+00  2.0588922529e-01  1.6132972384e+00  2.5837399837e-01  5.9982665176e-01  1.6398675052e+00 -4.0707271783e+00  2.7871010016e-01  1.7594093876e+00  2.3082048118e+00 -6.2937753952e-01  1.8085132460e+00 -2.3033155622e+00 -1.1065358282e+00  1.0554595399e+00 -2.7994687826e+00 -7.3538405910e-02  3.1348645803e-01  1.0497841425e-01  1.1232734392e-01 -2.1651195465e-01  1.1524767876e+00 -6.7939348531e-01  2.7009643256e+00 -4.2302783637e+00 -5.5655920270e-01 -2.1683267103e-01 -2.3180857796e+00  5.2476887898e-01 -1.9412138900e+00 -5.7214034351e-01  5.8748824056e-01 -2.3465242196e+00  4.9360785066e-02 -7.4186396532e-01  4.9117515397e-01  2.2155196738e+00 -1.0465592670e+00 -5.3648003226e-01 -9.6928615134e-01  4.7340261253e-01 -9.9531808169e-01 -3.1315281666e+00  1.0235452994e+00  2.8195113645e+00 -3.1688519996e+00 -1.4134806981e+00 -1.5134597637e+00  1.1697123665e+00 -1.0930890311e+00  3.9696984351e+00 -5.5960855589e+00 -7.3296530187e-01  3.3844199299e+00  1.5025714869e+00  5.5125563192e-01  2.0290169938e+00 -4.9175456162e-01  1.2646383103e+00  1.2866135865e+00 -4.7508588957e+00  1.0395346322e+00  2.3082843659e+00  3.1850899664e+00 -9.6768489090e-01  1.7654710285e+00 -1.4094580744e+00 -1.7090794548e+00 -2.0568904856e+00  1.4462495939e-01  1.4074496497e+00 -2.5389108205e+00 -1.4569432707e+00  8.0288762535e-01 -2.2809982086e+00 -7.0126352432e-01 -1.5379916619e+00 -3.3655152674e+00  4.4143473265e-01 -7.0641216443e-01
ENERGY -3.371679582196e+03

JOB 22
COORDS  2.3109729217e+00  1.4476325994e+00  1.9627546492e-01  1.5855105025e+00  3.3082521615e-01  6.1191319902e-01  1.5058573912e+00 -4.1589153928e+00  8.8222707165e-02  1.6915280863e+00  2.3458935025e+00 -6.7717173668e-01  1.9465055957e+00 -2.2315441267e+00 -9.9059832448e-01  1.0577646359e+00 -2.8005222991e+00 -1.1176885079e-01  3.0158312927e-01  1.2457412496e-01  1.0368723536e-01 -2.5071860187e-01  1.1351279497e+00 -7.2015297626e-01  2.6191894542e+00 -4.2969866530e+00 -6.7835715946e-01 -1.9216175682e-01 -2.3076864533e+00  5.2591080583e-01 -1.9313244638e+00 -5.7919133243e-01  6.1094475517e-01 -2.3646733951e+00 -6.1070397377e-03 -7.3169434356e-01  4.3219346411e-01  2.2068401931e+00 -1.1088613952e+00 -5.2241950387e-01 -9.6028772569e-01  4.8759259145e-01 -9.4854422155e-01 -3.1192333203e+00  1.0621621506e+00  2.9042535185e+00 -3.1369028404e+00 -1.3476664415e+00 -1.5429470333e+00  1.1040927340e+00 -1.1430760180e+00  3.7823121801e+00 -5.7363767838e+00 -9.6419348524e-01  3.3202050708e+00  1.6262064578e+00  5.5339557777e-01  2.0098106501e+00 -3.8921627909e-01  1.3047026724e+00  1.0323614587e+00 -4.9000000207e+00  7.1456748106e-01  2.2211621259e+00  3.2269408535e+00 -1.0347975849e+00  2.0370666809e+00 -1.2637542319e+00 -1.4564581400e+00 -2.0440195057e+00  1.6059987084e-01  1.4104518848e+00 -2.5142656521e+00 -1.4643720480e+00  8.6207073571e-01 -2.3115719935e+00 -7.8359592343e-01 -1.5020927051e+00 -3.3843398242e+00  3.8408726274e-01 -6.8994918561e-01
ENERGY -3.371678754110e+03

JOB 23
COORDS  2.2837965315e+00  1.5319743785e+00  1.7645181957e-01  1.5823312835e+00  4.0953893564e-01  6.1930596772e-01  1.3945100004e+00 -4.2120158051e+00 -3.7339524240e-02  1.6546966822e+00  2.3801601698e+00 -7.3900132240e-01  2.1135471401e+00 -2.2182413438e+00 -7.9846437913e-01  1.0918129837e+00 -2.7991288777e+00 -8.6150591795e-02  3.1584451007e-01  1.4525737383e-01  9.5951216202e-02 -2.5296829895e-01  1.1150687947e+00 -7.6533428795e-01  2.5522705151e+00 -4.3679580947e+00 -7.2973427495e-01 -1.3999181093e-01 -2.2859846322e+00  5.7578580517e-01 -1.9000855864e+00 -5.7783812915e-01  6.3136067806e-01 -2.3481187902e+00 -6.2824757015e-02 -7.3023031471e-01  4.0577951647e-01  2.1910017134e+00 -1.1822488804e+00 -4.8605567399e-01 -9.4304580733e-01  5.1152468430e-01 -8.7837186732e-01 -3.0868520789e+00  1.1523685836e+00  3.0074828886e+00 -3.1678566913e+00 -1.2044111165e+00 -1.5401364407e+00  1.0376912103e+00 -1.1948054862e+00  3.5915077356e+00 -5.8748364703e+00 -1.1250172835e+00  3.2802192166e+00  1.7536116572e+00  5.4527408464e-01  2.0117636381e+00 -2.7069752041e-01  1.3487260418e+00  8.0259260082e-01 -4.9702850166e+00  4.5244332560e-01  2.1654137566e+00  3.2624320988e+00 -1.1203440698e+00  2.3446910439e+00 -1.2155486839e+00 -1.1168000265e+00 -2.0186594868e+00  1.8932983580e-01  1.4036632962e+00 -2.4694894450e+00 -1.4607814476e+00  9.1852479458e-01 -2.2924772142e+00 -8.6994070293e-01 -1.4690494376e+00 -3.3712935484e+00  3.1914842927e-01 -6.9675291792e-01
ENERGY -3.371677034075e+03

