JOB 0
COORDS  1.3338830409e+00 -3.4864590337e-01  1.4709649949e+00  1.5391258395e+00 -8.0201912279e-01  2.7746960089e+00  5.0506620157e-02 -3.5243800596e-01  9.1424963140e-01 -9.7432249010e-01 -8.3136572910e-01  1.7424528957e+00  4.1896588575e-01 -1.2490937462e+00  3.4766722148e+00 -2.1287823633e-01  1.2803321401e-01 -4.9160654180e-01 -8.0742098327e-01 -1.2656208097e+00  2.9811902704e+00  1.0220033104e+00  5.2238154010e-01 -1.0866885755e+00 -2.6246310247e+00 -8.6874190036e-01  1.1255511628e+00  6.3599737808e-01 -1.8862635106e+00  5.2773859688e+00  2.1618220615e+00  1.2324214917e-02  8.7063646264e-01  2.5234841547e+00 -8.0954405769e-01  3.2283923372e+00 -6.8829708361e-01 -6.7709778622e-01 -1.0691785436e+00 -9.2298329429e-01  9.6592375188e-01 -4.5591960187e-01  8.2441117171e-01  1.0423638821e+00 -1.8796282673e+00
ENERGY -3.395537547766e+03

JOB 1
COORDS  1.3357774003e+00 -3.6249113181e-01  1.4607487087e+00  1.5390436468e+00 -8.0321065550e-01  2.7691393187e+00  5.1839001281e-02 -3.6546250001e-01  9.0577526190e-01 -9.7480460520e-01 -8.3064815350e-01  1.7397330804e+00  4.1759921694e-01 -1.2367430300e+00  3.4776014211e+00 -2.0967563462e-01  1.0187555687e-01 -5.0640149040e-01 -8.0931951381e-01 -1.2518493709e+00  2.9832330796e+00  1.0236366712e+00  4.7470952119e-01 -1.1206277781e+00 -2.6259931170e+00 -8.6459840316e-01  1.1247492839e+00  6.3325844575e-01 -1.8550769770e+00  5.2850924682e+00  2.1644298263e+00 -1.2699301215e-02  8.5459642920e-01  2.5238173777e+00 -8.1169191761e-01  3.2218933618e+00 -6.9472746718e-01 -7.0303240502e-01 -1.0749242399e+00 -9.1243667233e-01  9.4516808620e-01 -4.7746953344e-01  8.4660483346e-01  1.1718444643e+00 -1.7680181067e+00
ENERGY -3.395537067248e+03

JOB 2
COORDS  1.3350305271e+00 -3.7638856999e-01  1.4471862564e+00  1.5407601645e+00 -8.0487736592e-01  2.7592705867e+00  4.9098581689e-02 -3.7581001009e-01  8.9731651870e-01 -9.7685351460e-01 -8.2672925073e-01  1.7400206128e+00  4.1945946219e-01 -1.2240569780e+00  3.4767020507e+00 -2.1303710807e-01  7.5257858267e-02 -5.2228534726e-01 -8.0945570206e-01 -1.2364141728e+00  2.9871993812e+00  1.0118211772e+00  4.4198255666e-01 -1.1586739747e+00 -2.6303908448e+00 -8.5718652563e-01  1.1311559459e+00  6.3854541113e-01 -1.8255123097e+00  5.2894252316e+00  2.1630909007e+00 -4.0031774378e-02  8.3236462103e-01  2.5273025580e+00 -8.1558196288e-01  3.2081339778e+00 -6.9088450897e-01 -7.3909002150e-01 -1.0816470010e+00 -9.2357205329e-01  9.1104048303e-01 -5.0713263891e-01  8.8079111150e-01  1.2750333304e+00 -1.6317144008e+00
ENERGY -3.395536623382e+03

JOB 3
COORDS  1.3483246613e+00 -3.9891204425e-01  1.4312321499e+00  1.5456696423e+00 -8.1841439294e-01  2.7475256413e+00  6.4306094716e-02 -3.8574865152e-01  8.7748017940e-01 -9.6929052688e-01 -8.1720626448e-01  1.7210433282e+00  4.1676813158e-01 -1.2157574976e+00  3.4656306637e+00 -1.8590967944e-01  5.7208058899e-02 -5.4910845311e-01 -8.1074362088e-01 -1.2176974772e+00  2.9724734585e+00  1.0305513803e+00  4.4579854513e-01 -1.1884806364e+00 -2.6204160208e+00 -8.3831800469e-01  1.1054424273e+00  6.2275498062e-01 -1.8009840434e+00  5.2850643581e+00  2.1824767919e+00 -8.0693795608e-02  8.1457422745e-01  2.5309355388e+00 -8.3888060179e-01  3.1988805749e+00 -6.2810586456e-01 -7.7268684383e-01 -1.1130243237e+00 -9.2211719328e-01  8.6950403351e-01 -5.5471987441e-01  9.6045791332e-01  1.3704226769e+00 -1.4621224515e+00
ENERGY -3.395536529050e+03

JOB 4
COORDS  1.3409636566e+00 -4.1422530699e-01  1.4115020078e+00  1.5472266684e+00 -8.1948466989e-01  2.7308463119e+00  5.1574467527e-02 -3.9028567703e-01  8.7063823711e-01 -9.7833479523e-01 -8.0017397381e-01  1.7295002039e+00  4.2080049615e-01 -1.1929318563e+00  3.4656143856e+00 -2.0437392700e-01  3.5889788940e-02 -5.6198213138e-01 -8.1141424670e-01 -1.1869266705e+00  2.9843696816e+00  9.8978254899e-01  4.6806282957e-01 -1.2128043214e+00 -2.6349388684e+00 -8.1708975425e-01  1.1290906704e+00  6.3806043291e-01 -1.7559494745e+00  5.2906057595e+00  2.1735223249e+00 -1.1675081121e-01  7.8199396603e-01  2.5368933794e+00 -8.4733579630e-01  3.1720676638e+00 -5.9573463641e-01 -8.1789332462e-01 -1.1259689682e+00 -9.8052152741e-01  8.0937711210e-01 -5.8590750665e-01  9.7767690183e-01  1.4331915998e+00 -1.2801990331e+00
ENERGY -3.395536864568e+03

JOB 5
COORDS  1.3466872687e+00 -4.3660227683e-01  1.3844350787e+00  1.5520040975e+00 -8.3059879334e-01  2.7072202692e+00  5.5986214670e-02 -3.9821123682e-01  8.4669567054e-01 -9.7660827822e-01 -7.8644641279e-01  1.7128138344e+00  4.2241781554e-01 -1.1786195875e+00  3.4497411893e+00 -1.9507038447e-01  1.9826141950e-02 -5.9035684519e-01 -8.1071804163e-01 -1.1616632679e+00  2.9715032499e+00  9.7768424553e-01  5.1392578516e-01 -1.2323810636e+00 -2.6344730183e+00 -7.9725784381e-01  1.1169579242e+00  6.3688818089e-01 -1.7214046244e+00  5.2808764769e+00  2.1831090630e+00 -1.6071446002e-01  7.4977116327e-01  2.5427666907e+00 -8.6897866332e-01  3.1451906938e+00 -5.2210644432e-01 -8.5109966253e-01 -1.1674259192e+00 -1.0133599716e+00  7.4817071714e-01 -6.2993807289e-01  1.0285895819e+00  1.4707318505e+00 -1.0888223315e+00
ENERGY -3.395537375141e+03

JOB 6
COORDS  1.3487951572e+00 -4.5806068758e-01  1.3512814530e+00  1.5559972011e+00 -8.4071937181e-01  2.6769025009e+00  5.5946057708e-02 -4.0616389730e-01  8.1828378284e-01 -9.7746739903e-01 -7.7506364496e-01  1.6926907959e+00  4.2538442606e-01 -1.1649625649e+00  3.4286012824e+00 -1.9257289050e-01  5.7931196857e-03 -6.2117209378e-01 -8.0915231224e-01 -1.1385738452e+00  2.9547154039e+00  9.5303778046e-01  5.7684552226e-01 -1.2455127611e+00 -2.6378835702e+00 -7.8241985852e-01  1.1056623488e+00  6.4075590209e-01 -1.6878642409e+00  5.2650531388e+00  2.1880964527e+00 -2.0316349932e-01  7.1118700144e-01  2.5484976428e+00 -8.8851682127e-01  3.1099573040e+00 -4.4968082965e-01 -8.7638411074e-01 -1.2152553071e+00 -1.0535465936e+00  6.8315198385e-01 -6.7052466075e-01  1.0700689228e+00  1.4770642409e+00 -9.0338276720e-01
ENERGY -3.395537602940e+03

JOB 7
COORDS  1.5252972160e+00 -9.3132759121e-01  1.2517576214e+00  1.5761514572e+00 -1.2878318604e+00  2.5992827443e+00  3.3387199310e-01 -4.7948969699e-01  6.7045166479e-01 -7.6574011326e-01 -4.0693231558e-01  1.5400931279e+00  3.9277628815e-01 -1.1680187279e+00  3.3304120859e+00  2.6189345686e-01 -8.2520518731e-02 -7.8896122493e-01 -7.5001659536e-01 -7.3737889913e-01  2.8204401546e+00  1.6785344302e-01  1.3272804814e+00 -9.9242936717e-01 -2.3145863844e+00  1.7681524306e-01  9.2289585262e-01  3.8890973076e-01 -1.6453103955e+00  5.1892439961e+00  2.4213931121e+00 -1.0039018227e+00  6.4028940803e-01  2.4887971237e+00 -1.6413392429e+00  3.0648193963e+00  1.1807916414e+00 -3.9062244520e-01 -1.2917284766e+00 -5.7675990532e-01 -6.0254822263e-01 -1.2702804075e+00 -6.3910408473e-01  1.6420803978e+00 -5.5272387282e-01
ENERGY -3.395537226541e+03

JOB 8
COORDS  1.5205781878e+00 -8.9147765792e-01  1.2568745957e+00  1.5833820782e+00 -1.2270287350e+00  2.6087085115e+00  3.1541283806e-01 -4.8305649304e-01  6.6998953603e-01 -7.8570535580e-01 -4.2574606103e-01  1.5400400814e+00  3.9697062467e-01 -1.1308510030e+00  3.3391259483e+00  2.3505869625e-01 -1.1220156574e-01 -7.9407398213e-01 -7.5731310086e-01 -7.3840836201e-01  2.8256910264e+00  1.7236453176e-01  1.2975000197e+00 -1.0267367425e+00 -2.3464406765e+00  1.1647370878e-01  9.2251853817e-01  4.0813406966e-01 -1.5845480452e+00  5.2037810797e+00  2.4170617331e+00 -9.4769592038e-01  6.4439846927e-01  2.5060164387e+00 -1.5480136277e+00  3.0780902156e+00  1.1350555703e+00 -4.5779734767e-01 -1.3069394321e+00 -6.2878059319e-01 -6.1270759255e-01 -1.2504544913e+00 -4.6581506706e-01  1.6835279034e+00 -4.0543890798e-01
ENERGY -3.395536117037e+03

JOB 9
COORDS  1.5037265256e+00 -8.8213992206e-01  1.2335060200e+00  1.5679307282e+00 -1.2238361614e+00  2.5832377896e+00  2.9065984049e-01 -5.0030195307e-01  6.4349837557e-01 -8.1956943918e-01 -4.7461575598e-01  1.5052255633e+00  3.7466907112e-01 -1.1611934081e+00  3.3066574193e+00  2.1584126349e-01 -1.1774348037e-01 -8.1539560841e-01 -7.8642176727e-01 -7.9534453024e-01  2.7900447634e+00  2.0443318515e-01  1.2986419377e+00 -1.0356286607e+00 -2.3886845248e+00  2.9484711373e-02  8.8620929534e-01  3.8745209546e-01 -1.6259556398e+00  5.1686855972e+00  2.4035964929e+00 -9.1262557107e-01  6.2419522129e-01  2.4953749228e+00 -1.5253946113e+00  3.0559723041e+00  1.0955546205e+00 -5.0186419992e-01 -1.3377780726e+00 -6.7396932292e-01 -5.7086552380e-01 -1.2690073960e+00 -2.1614606322e-01  1.7300745866e+00 -2.7588826615e-01
ENERGY -3.395534737326e+03

JOB 10
COORDS  1.4922946415e+00 -8.8709565455e-01  1.2080454544e+00  1.5581426322e+00 -1.2436290313e+00  2.5537832874e+00  2.7687749558e-01 -5.1100271866e-01  6.1869165453e-01 -8.3716098163e-01 -5.1073131804e-01  1.4774947912e+00  3.6232346977e-01 -1.2035559240e+00  3.2746616524e+00  2.0698448215e-01 -1.0849970303e-01 -8.3357588794e-01 -8.0180393182e-01 -8.4705713583e-01  2.7589610777e+00  2.1092004129e-01  1.3130658691e+00 -1.0317005877e+00 -2.4111591369e+00 -2.7514005053e-02  8.6228621712e-01  3.7639411473e-01 -1.6894951623e+00  5.1314010566e+00  2.3934622965e+00 -9.0066089087e-01  5.9999639370e-01  2.4879244807e+00 -1.5403646976e+00  3.0249579512e+00  1.0770837904e+00 -5.1045608448e-01 -1.3615631485e+00 -6.9393517929e-01 -5.3003448021e-01 -1.2927333696e+00  2.0719342857e-02  1.7497245996e+00 -1.8797020323e-01
ENERGY -3.395533661768e+03

JOB 11
COORDS  1.3938764855e+00 -1.9099171884e-01  1.5837637356e+00  1.6873232670e+00 -8.9088282536e-01  2.7530366279e+00  1.6762817651e-01 -3.6444156622e-01  9.2649963871e-01 -7.1677894404e-01 -1.2826534774e+00  1.5226719716e+00  7.0475273077e-01 -1.7634422943e+00  3.2261231886e+00 -1.3860178493e-01  3.7567577143e-01 -3.5118230742e-01 -4.6170457964e-01 -1.9580957378e+00  2.6344599033e+00  5.3537085504e-02 -4.2171869398e-01 -1.5296453312e+00 -2.2772213917e+00 -1.5964257497e+00  7.8285186878e-01  1.0374567067e+00 -2.7569520394e+00  4.8344026344e+00  2.1223556992e+00  5.0300013680e-01  1.1715517215e+00  2.6283928944e+00 -7.6757709891e-01  3.2762021182e+00 -1.1748093307e+00  7.2761693050e-01 -3.4544968208e-01  5.1739825182e-01  1.2507885251e+00 -4.1981756490e-01  3.5105793747e-01 -1.3055048291e+00 -1.2677035874e+00
ENERGY -3.395533189823e+03

JOB 12
COORDS  1.4016798472e+00 -1.9199733020e-01  1.5905128771e+00  1.6874445016e+00 -8.9274697707e-01  2.7608832240e+00  1.8010994871e-01 -3.6556373143e-01  9.2437011020e-01 -7.0309180299e-01 -1.2894381600e+00  1.5116515442e+00  7.0360547203e-01 -1.7683380326e+00  3.2263610813e+00 -1.2391270357e-01  3.7916669450e-01 -3.5192387857e-01 -4.5659900506e-01 -1.9665409546e+00  2.6239701219e+00  1.0191133477e-01 -4.0145461688e-01 -1.5350313852e+00 -2.2539899094e+00 -1.6159018874e+00  7.5161635489e-01  1.0255216299e+00 -2.7609536245e+00  4.8372070438e+00  2.1322602515e+00  5.0293427144e-01  1.1838964247e+00  2.6245823897e+00 -7.6853592720e-01  3.2908768805e+00 -1.1646883725e+00  7.2117685741e-01 -3.4354200143e-01  5.2223420986e-01  1.2598051865e+00 -4.1801814743e-01  1.8212031820e-01 -1.3345752152e+00 -1.2869146660e+00
ENERGY -3.395533661766e+03

JOB 13
COORDS  1.4194841238e+00 -1.3277463888e-01  1.6274762863e+00  1.7040556781e+00 -8.1330666176e-01  2.8101321106e+00  2.1945524806e-01 -3.5415612346e-01  9.3741682289e-01 -6.3981184106e-01 -1.3057634520e+00  1.5134729597e+00  7.4255040737e-01 -1.7198119932e+00  3.2627180711e+00 -9.1068836539e-02  3.7271158158e-01 -3.4950244840e-01 -3.9567546288e-01 -1.9654941123e+00  2.6358200024e+00  1.5197306804e-01 -4.1193630331e-01 -1.5237698968e+00 -2.1588188661e+00 -1.6994412376e+00  7.1484136838e-01  1.0635689072e+00 -2.6861741816e+00  4.8895136070e+00  2.1345295793e+00  5.8345213563e-01  1.2304159790e+00  2.6247601325e+00 -6.5179472331e-01  3.3585789246e+00 -1.1347543110e+00  7.0964217262e-01 -3.3786147299e-01  5.4852183223e-01  1.2550781777e+00 -4.3218786753e-01  1.1135647644e-02 -1.3471923348e+00 -1.3099755876e+00
ENERGY -3.395534739520e+03

JOB 14
COORDS  1.4206181222e+00 -9.8144574566e-02  1.6536767073e+00  1.6871047958e+00 -7.6545393326e-01  2.8485213667e+00  2.4498735231e-01 -3.4926333314e-01  9.3358991909e-01 -6.0639319960e-01 -1.3154318002e+00  1.4942523034e+00  7.3419709927e-01 -1.6899117408e+00  3.2817762865e+00 -5.3621345192e-02  3.6455876915e-01 -3.6590704277e-01 -3.8125783444e-01 -1.9641319967e+00  2.6256291359e+00  1.6079625856e-01 -4.4273142130e-01 -1.5268118133e+00 -2.0958055410e+00 -1.7458381768e+00  6.5309001052e-01  1.0321520188e+00 -2.6398910410e+00  4.9224162336e+00  2.1317120257e+00  6.3019725331e-01  1.2718003930e+00  2.5894154522e+00 -5.8115645486e-01  3.4199004074e+00 -1.0851018055e+00  7.3967923538e-01 -3.4761533380e-01  6.1516439690e-01  1.2211763524e+00 -4.7261715487e-01 -2.2709325656e-01 -1.3183551059e+00 -1.3682805523e+00
ENERGY -3.395536116968e+03

JOB 15
COORDS  1.4317153831e+00 -1.0122477012e-01  1.6751882668e+00  1.6981991222e+00 -7.7263505907e-01  2.8683487455e+00  2.6916221664e-01 -3.6965641391e-01  9.4166422156e-01 -5.7003019159e-01 -1.3527122552e+00  1.4893753496e+00  7.5907949087e-01 -1.7177147796e+00  3.2857587931e+00 -3.2863558394e-02  3.4472078611e-01 -3.5871072168e-01 -3.4598967843e-01 -2.0060775829e+00  2.6170985789e+00  1.4378327424e-01 -4.7549649325e-01 -1.5137605231e+00 -2.0510604331e+00 -1.7946575847e+00  6.3399831813e-01  1.0593717419e+00 -2.6760261269e+00  4.9211796260e+00  2.1340001489e+00  6.4210194658e-01  1.3058498240e+00  2.5914928989e+00 -5.7610244452e-01  3.4497373096e+00 -1.0502982429e+00  7.5582857325e-01 -3.2470161196e-01  6.6190553096e-01  1.1779119291e+00 -4.8177115726e-01 -4.5698782772e-01 -1.2351372255e+00 -1.4385710718e+00
ENERGY -3.395537226736e+03

JOB 16
COORDS  1.3059251241e+00 -1.6256597638e-01  1.4682079355e+00  1.5323282516e+00 -7.0505857453e-01  2.7335459026e+00  3.4530117732e-02 -2.1778698656e-01  8.8620018095e-01 -9.6315312495e-01 -8.2755801562e-01  1.6617104150e+00  4.4210659888e-01 -1.2932935460e+00  3.3768691433e+00 -2.3474538352e-01  3.6702118439e-01 -4.8819876495e-01 -7.7494753039e-01 -1.3528052140e+00  2.8624891185e+00  9.5445628065e-01  7.0388782799e-01 -1.1957617837e+00 -2.6071272858e+00 -9.1066162908e-01  1.0355590009e+00  6.8962517805e-01 -2.0702698867e+00  5.1168178496e+00  2.1106974319e+00  3.1803738846e-01  9.2004316718e-01  2.5085927245e+00 -6.7275512324e-01  3.2033776397e+00 -8.6322954926e-01 -3.1983488268e-01 -1.0676669262e+00 -7.9721327019e-01  1.2999289881e+00 -3.8535348742e-01  1.3622868065e+00 -1.1640165923e-01 -1.5150586887e+00
ENERGY -3.395537602929e+03

JOB 17
COORDS  1.3136668609e+00 -1.9975299607e-01  1.4787375842e+00  1.5345772152e+00 -7.3301010120e-01  2.7491692539e+00  3.9929407058e-02 -2.4193866462e-01  9.0223727055e-01 -9.6344189911e-01 -8.3262671611e-01  1.6842126337e+00  4.3750670722e-01 -1.2984282827e+00  3.4012137545e+00 -2.2974108109e-01  3.3642707170e-01 -4.7459904371e-01 -7.8136303168e-01 -1.3482154396e+00  2.8898639242e+00  9.6120873021e-01  7.4602879403e-01 -1.1421032617e+00 -2.6068551968e+00 -9.0694385104e-01  1.0538832700e+00  6.7783122765e-01 -2.0582671476e+00  5.1500809883e+00  2.1223460186e+00  2.6181716851e-01  9.2060720007e-01  2.5123861689e+00 -7.1094074151e-01  3.2163996496e+00 -8.0220466098e-01 -3.8002374315e-01 -1.0751251981e+00 -8.5334357306e-01  1.2305973856e+00 -3.7429394726e-01  1.3011967091e+00 -2.6086130397e-03 -1.6545825362e+00
ENERGY -3.395537375123e+03

JOB 18
COORDS  1.3176071415e+00 -2.3527109320e-01  1.4833744909e+00  1.5357180671e+00 -7.5797726625e-01  2.7587843890e+00  4.0520353353e-02 -2.6436701549e-01  9.1432177494e-01 -9.6738396221e-01 -8.3384829583e-01  1.7056402375e+00  4.3345600411e-01 -1.2990015186e+00  3.4224740024e+00 -2.3101041261e-01  3.0369848024e-01 -4.6523513870e-01 -7.8807946233e-01 -1.3383790012e+00  2.9162102132e+00  9.6108637483e-01  7.7020244434e-01 -1.0957817543e+00 -2.6119321476e+00 -9.0015085459e-01  1.0762308422e+00  6.6992254887e-01 -2.0395825791e+00  5.1804631923e+00  2.1295041710e+00  2.0637955210e-01  9.1443851730e-01  2.5159620039e+00 -7.4606523030e-01  3.2212381765e+00 -7.4722291110e-01 -4.4342643722e-01 -1.0789121282e+00 -9.1081150088e-01  1.1579805585e+00 -3.7438555102e-01  1.2224659611e+00  1.3647750457e-01 -1.7785952729e+00
ENERGY -3.395536864468e+03

JOB 19
COORDS  1.3309324565e+00 -2.5603257644e-01  1.4892822882e+00  1.5362388305e+00 -7.6957833697e-01  2.7705632903e+00  5.4551204124e-02 -2.6827577729e-01  9.1813496173e-01 -9.6453330204e-01 -8.1447757948e-01  1.7113562765e+00  4.2313792241e-01 -1.2846443531e+00  3.4366696045e+00 -2.0609211229e-01  2.8585308142e-01 -4.6714957713e-01 -7.9741382508e-01 -1.3099091919e+00  2.9271763514e+00  9.9630601223e-01  7.7944628951e-01 -1.0589318751e+00 -2.6066413763e+00 -8.6668684639e-01  1.0738825383e+00  6.4211553295e-01 -2.0099466147e+00  5.2033782699e+00  2.1515218765e+00  1.6362049644e-01  9.1668566652e-01  2.5154053471e+00 -7.7024588257e-01  3.2354479391e+00 -6.7298131236e-01 -4.8817051759e-01 -1.0874311677e+00 -9.2571415980e-01  1.1101789995e+00 -3.9722579209e-01  1.1675497590e+00  2.9214410085e-01 -1.8762064168e+00
ENERGY -3.395536529015e+03

JOB 20
COORDS  1.3241410304e+00 -2.8731873664e-01  1.4835922932e+00  1.5371686517e+00 -7.8921293689e-01  2.7682016574e+00  4.1638723941e-02 -2.9296626347e-01  9.2587093783e-01 -9.7468747410e-01 -8.2249245436e-01  1.7337868037e+00  4.2579418333e-01 -1.2858099943e+00  3.4507997922e+00 -2.2901283756e-01  2.4552208138e-01 -4.6119580165e-01 -7.9977333404e-01 -1.3060899085e+00  2.9531521411e+00  9.7335521407e-01  7.6124033794e-01 -1.0338896553e+00 -2.6222148535e+00 -8.7335886853e-01  1.1101731728e+00  6.5480382866e-01 -1.9919597351e+00  5.2240895758e+00  2.1432762286e+00  1.1669752309e-01  8.9824620454e-01  2.5209958669e+00 -7.9496725978e-01  3.2230844771e+00 -6.5664409720e-01 -5.5413996842e-01 -1.0787540946e+00 -9.8260557284e-01  1.0411748585e+00 -4.0321374465e-01  1.0419725552e+00  4.5143320907e-01 -1.9472613684e+00
ENERGY -3.395536622908e+03

JOB 21
COORDS  1.3335235903e+00 -3.0272513520e-01  1.4868497654e+00  1.5368212681e+00 -7.9496748381e-01  2.7767390607e+00  5.2702426761e-02 -3.0467713601e-01  9.2465533619e-01 -9.7043599763e-01 -8.2050193114e-01  1.7327314852e+00  4.1958910600e-01 -1.2780219590e+00  3.4593786927e+00 -2.1045143745e-01  2.2171332907e-01 -4.6628508202e-01 -8.0396228251e-01 -1.2945598133e+00  2.9568924495e+00  1.0072626771e+00  7.0910410529e-01 -1.0293043710e+00 -2.6158333434e+00 -8.6521577458e-01  1.1031173458e+00  6.3673647585e-01 -1.9697613577e+00  5.2398786309e+00  2.1591189740e+00  8.7418992972e-02  9.0151169600e-01  2.5188128728e+00 -8.0411405732e-01  3.2354719945e+00 -6.3808543877e-01 -5.8445249138e-01 -1.0769941242e+00 -9.6029286074e-01  1.0229638965e+00 -4.1870580014e-01  9.6921383712e-01  5.9616374497e-01 -1.9896541259e+00
ENERGY -3.395537066209e+03

JOB 22
COORDS  1.3364731518e+00 -3.2115397345e-01  1.4839344907e+00  1.5373067874e+00 -8.0097367595e-01  2.7788574512e+00  5.5113646639e-02 -3.1995275788e-01  9.2250145030e-01 -9.7100745103e-01 -8.2073661075e-01  1.7361165679e+00  4.1691241551e-01 -1.2686396313e+00  3.4669098303e+00 -2.0575179570e-01  1.9081453164e-01 -4.7317524352e-01 -8.0704367825e-01 -1.2820291610e+00  2.9654218431e+00  1.0199706330e+00  6.5683840100e-01 -1.0344510584e+00 -2.6171005380e+00 -8.6071102853e-01  1.1081459873e+00  6.2997730092e-01 -1.9422508126e+00  5.2548212860e+00  2.1652127883e+00  5.6424723894e-02  8.9504078482e-01  2.5195632978e+00 -8.1245162633e-01  3.2369680278e+00 -6.3551880779e-01 -6.2125968486e-01 -1.0760625233e+00 -9.5199882255e-01  9.9667567902e-01 -4.3348401043e-01  8.9765919894e-01  7.5677027222e-01 -1.9901164125e+00
ENERGY -3.395537548337e+03

JOB 23
COORDS  1.3371239093e+00 -3.3661251020e-01  1.4791256629e+00  1.5377059681e+00 -8.0331512645e-01  2.7788823254e+00  5.5711880651e-02 -3.3565616274e-01  9.1786323106e-01 -9.7132161693e-01 -8.2393481871e-01  1.7377645061e+00  4.1591283366e-01 -1.2586939223e+00  3.4728298537e+00 -2.0370960940e-01  1.6031487121e-01 -4.8271225052e-01 -8.0843014977e-01 -1.2717204164e+00  2.9722349887e+00  1.0290603255e+00  5.9472162298e-01 -1.0526287082e+00 -2.6186647903e+00 -8.6108176445e-01  1.1130914865e+00  6.2734192358e-01 -1.9138874225e+00  5.2678444745e+00  2.1672594384e+00  3.1348309361e-02  8.8616430925e-01  2.5204412212e+00 -8.1432316649e-01  3.2359753880e+00 -6.5153886625e-01 -6.4984028856e-01 -1.0755598845e+00 -9.3460096084e-01  9.8050834597e-01 -4.4613442270e-01  8.5111988641e-01  9.1089178647e-01 -1.9511161832e+00
ENERGY -3.395537749649e+03

