JOB 0
COORDS -3.5193250310e+00 -2.0008580534e+00 -5.6467442451e+00 -4.3972418268e+00 -1.0626175460e+00 -6.2074798870e+00 -3.0564926706e+00  7.3237672355e-01 -5.2400788990e+00 -2.1787538396e+00 -2.0642512568e-01 -4.6830017138e+00 -2.4345968851e+00 -1.5726149961e+00 -4.9018275258e+00 -4.1484944054e+00  2.8880915150e-01 -5.9938553150e+00  2.6624922151e+00  2.0249795337e+00 -3.0301924924e+00  1.9529972347e+00  3.2741130165e+00 -2.4935142181e+00  4.7298942065e-01  1.5304895028e+00 -2.8677756496e+00 -8.0247280204e-01  1.4683928567e+00 -3.6877369277e+00  1.6038133584e+00  1.3235751767e+00 -3.6872971116e+00  5.9449232905e-01  2.8400927242e+00 -2.3074513466e+00 -1.0835268778e+00  9.1915039488e-02 -3.9370563764e+00 -1.5908508700e+00 -2.4811359596e+00 -4.3627833269e+00 -5.3294545324e+00  1.5969492730e+00 -6.7554664254e+00 -3.6730952434e+00 -3.0665575665e+00 -5.7862740843e+00 -5.2492969551e+00 -1.3868601639e+00 -6.7940292894e+00 -2.8990209062e+00  1.7935189801e+00 -5.0959661295e+00  3.4406550522e+00  2.2352538911e+00 -3.7656848897e+00  3.0796767277e+00  1.4153785932e+00 -2.2167137610e+00  2.3567188755e+00  3.6189527077e+00 -1.5370345624e+00  1.9697656449e+00  4.0976793123e+00 -3.2159615373e+00  4.4711020657e-01  7.8626430894e-01 -2.0562510286e+00 -6.5302713718e-01  2.0176946454e+00 -4.6240442123e+00 -1.6145964554e+00  1.9294390050e+00 -3.1137134724e+00
ENERGY -3.286392271182e+03

JOB 1
COORDS -3.4792806213e+00 -1.0422439505e+00 -7.2143279237e+00 -3.9801160783e+00  4.0706210990e-02 -7.9504554643e+00 -2.5299310644e+00  1.5397508977e+00 -6.6810942313e+00 -2.0285395966e+00  4.5605562853e-01 -5.9488793759e+00 -2.5234125866e+00 -8.2928730830e-01 -6.2367211314e+00 -3.4940817900e+00  1.3129740763e+00 -7.6692918807e+00  2.6713772769e+00  1.9136738397e+00 -3.1174803204e+00  1.9283416028e+00  3.1136113257e+00 -2.5139775249e+00  4.8669563144e-01  1.6425394255e+00 -3.5739994612e+00 -5.6138684117e-01  1.8284450949e+00 -4.6597322097e+00  1.7711403754e+00  1.4683821277e+00 -4.1353235370e+00  5.4299296766e-01  2.8176128444e+00 -2.7611346941e+00 -1.0933632293e+00  5.3857773146e-01 -4.9671642974e+00 -2.0430224861e+00 -1.8771086846e+00 -5.5298902376e+00 -4.1549426339e+00  2.8154590468e+00 -8.6647670803e+00 -3.8275497795e+00 -2.0541911123e+00 -7.3974250676e+00 -4.7278065847e+00 -1.1403592629e-01 -8.7200234193e+00 -2.1808219900e+00  2.5466992431e+00 -6.4923055349e+00  3.6219118034e+00  2.1687096193e+00 -3.5887332245e+00  2.8301075519e+00  1.1207609846e+00 -2.3735865537e+00  2.0923388080e+00  3.2193488209e+00 -1.4374128363e+00  2.1867405310e+00  4.0519898537e+00 -3.0168386466e+00  2.2462440306e-01  7.7859777654e-01 -2.9433551001e+00 -9.7680790924e-02  2.2859573426e+00 -5.5403813445e+00 -1.3522786519e+00  2.4820210740e+00 -4.2753681745e+00
ENERGY -3.286391473527e+03

JOB 2
COORDS -3.7408126959e+00 -1.5910797078e+00 -6.1057434499e+00 -4.3916550707e+00 -5.9802676129e-01 -6.8513847886e+00 -2.8400637868e+00  1.0567868478e+00 -5.9514679616e+00 -2.1891863542e+00  6.3705542278e-02 -5.2083328679e+00 -2.6629687093e+00 -1.2576860063e+00 -5.3047029340e+00 -3.9275328738e+00  7.0969168684e-01 -6.7604606163e+00  2.7194631674e+00  2.2001537281e+00 -3.0797978030e+00  1.8514807976e+00  3.1093014610e+00 -2.1895723467e+00  5.8316820775e-01  1.5553001184e+00 -3.3370556629e+00 -6.1411384896e-01  1.5981713210e+00 -4.2786388021e+00  1.7912030521e+00  1.7222403088e+00 -4.0553472087e+00  5.1220344373e-01  2.6356697644e+00 -2.4071708365e+00 -1.1253799969e+00  2.6704345409e-01 -4.3882937364e+00 -2.0377572539e+00 -2.2191007713e+00 -4.5880752391e+00 -4.7936212368e+00  2.0916839244e+00 -7.7732106739e+00 -4.0666913905e+00 -2.6260438691e+00 -6.1445983249e+00 -5.2362776167e+00 -8.4783409777e-01 -7.4833612585e+00 -2.5117790120e+00  2.0870926192e+00 -5.9077206614e+00  3.5228597286e+00  2.7241096147e+00 -3.6001294248e+00  3.1390175386e+00  1.3601671324e+00 -2.5093686849e+00  2.1086023201e+00  3.0258911566e+00 -1.1287299762e+00  1.9012228233e+00  4.1598804427e+00 -2.4937071438e+00  5.9650891115e-01  5.9986300103e-01 -2.7898273797e+00 -2.9401725915e-01  1.9751029426e+00 -5.2556976416e+00 -1.3755590547e+00  2.2619169974e+00 -3.8562089990e+00
ENERGY -3.286390330689e+03

JOB 3
COORDS -4.0794881542e+00 -5.0117225891e-01 -6.7046708670e+00 -4.5038207223e+00  5.9231618661e-01 -7.4727022325e+00 -2.7210004154e+00  1.9404879350e+00 -6.4901398648e+00 -2.2989627518e+00  8.4706153759e-01 -5.7232001165e+00 -2.9989688861e+00 -3.6685817410e-01 -5.8509063388e+00 -3.8147591914e+00  1.7940514727e+00 -7.3503334881e+00  2.6348138651e+00  2.3936435392e+00 -3.0224288519e+00  1.6597615460e+00  3.0094272104e+00 -1.9935735177e+00  5.4167483509e-01  1.8425263093e+00 -3.6346339925e+00 -5.4483023863e-01  2.0836312718e+00 -4.6769272938e+00  1.8125038635e+00  2.1662120067e+00 -4.1688286900e+00  3.5704345228e-01  2.7022653936e+00 -2.5139830915e+00 -1.2542468156e+00  8.5411700635e-01 -4.8548801158e+00 -2.5930819617e+00 -1.4242950433e+00 -5.1119949182e+00 -4.3701681301e+00  3.3094394289e+00 -8.3896653917e+00 -4.5855928646e+00 -1.4598226176e+00 -6.7655131193e+00 -5.3493484520e+00  4.9925985290e-01 -8.1447483358e+00 -2.2119500168e+00  2.8934265311e+00 -6.4261041442e+00  3.4485385444e+00  3.0597518327e+00 -3.3141416850e+00  3.0524321997e+00  1.4444150818e+00 -2.6608508573e+00  1.7831300155e+00  2.5729065151e+00 -9.9647121972e-01  1.7493671199e+00  4.0975758896e+00 -1.9251922860e+00  5.2314449020e-01  7.9108940259e-01 -3.3065782763e+00 -7.8551987248e-02  2.3962344908e+00 -5.6171717702e+00 -1.2197826849e+00  2.8677155108e+00 -4.3193588508e+00
ENERGY -3.286389804536e+03

JOB 4
COORDS -4.1783967353e+00 -3.9248494507e-01 -6.6364875631e+00 -4.5489295538e+00  6.8670462444e-01 -7.4510770283e+00 -2.6847987990e+00  1.9774563945e+00 -6.5449387530e+00 -2.3161736589e+00  8.9920330390e-01 -5.7305018556e+00 -3.0839147319e+00 -2.7808022320e-01 -5.7976681234e+00 -3.7936181656e+00  1.8527403878e+00 -7.3891246162e+00  2.6127807007e+00  2.5424331421e+00 -3.0003514717e+00  1.5593429650e+00  2.9023651663e+00 -1.9300025557e+00  6.0876095267e-01  1.8188476517e+00 -3.7293154857e+00 -4.7219096954e-01  2.0743564831e+00 -4.7715303717e+00  1.8367986742e+00  2.3581427099e+00 -4.1863761932e+00  3.1181846970e-01  2.4965707417e+00 -2.5130662203e+00 -1.2649363204e+00  8.8830216114e-01 -4.8700426856e+00 -2.7298079364e+00 -1.3213909722e+00 -5.0136973757e+00 -4.2776738823e+00  3.3488477663e+00 -8.4902478007e+00 -4.7368518789e+00 -1.3235449076e+00 -6.6492339045e+00 -5.4048174940e+00  6.1022942557e-01 -8.1119997436e+00 -2.1238445141e+00  2.9028754404e+00 -6.5286208023e+00  3.3400158073e+00  3.3339118871e+00 -3.1891199061e+00  3.1415966641e+00  1.6139352784e+00 -2.7465728403e+00  1.7297378729e+00  2.3707118726e+00 -9.8750798600e-01  1.5082545075e+00  3.9775350982e+00 -1.7337141715e+00  7.1029813195e-01  7.3801544577e-01 -3.5422908120e+00  5.3294719461e-03  2.2906360957e+00 -5.7333442185e+00 -1.0825512785e+00  2.9277745210e+00 -4.4593298450e+00
ENERGY -3.286390278965e+03

JOB 5
COORDS -5.6930633670e+00  1.7143649492e-01 -2.4547608082e+00 -6.2933059574e+00  1.4379822888e+00 -2.4911701530e+00 -4.0883601420e+00  2.4592760404e+00 -2.2552912930e+00 -3.4908240201e+00  1.1931130884e+00 -2.2162297300e+00 -4.3202719535e+00  6.1252853145e-02 -2.3196087174e+00 -5.4771955954e+00  2.5594697135e+00 -2.3904152939e+00  2.1297156632e+00  2.5843287223e+00 -1.3614729114e+00  1.4643061623e+00  2.2892653819e+00 -2.2075216244e-02  1.2180877480e-01  1.5565480466e+00 -1.7577459383e+00 -1.2945504158e+00  2.0886098296e+00 -1.9521818363e+00  1.0172014256e+00  2.5415501078e+00 -2.2613974278e+00  4.4533801411e-01  1.3482838856e+00 -3.8277010009e-01 -2.1587846481e+00  9.5956581950e-01 -2.0897852015e+00 -3.7465038903e+00 -1.1623833772e+00 -2.2851298171e+00 -6.2666113929e+00  4.3089640911e+00 -2.4340895779e+00 -6.2880400987e+00 -7.3368937085e-01 -2.5297390151e+00 -7.3678913170e+00  1.5363752205e+00 -2.5951831445e+00 -3.4897439032e+00  3.3580728574e+00 -2.1835155375e+00  2.5847320340e+00  3.5742300712e+00 -1.4310998585e+00  2.8675827391e+00  1.8144111602e+00 -1.6237510037e+00  2.1236092979e+00  1.8178181354e+00  7.1032427259e-01  1.0184132391e+00  3.1943142231e+00  4.1174675407e-01  2.4375570420e-01  5.9880810418e-01 -2.2804409392e+00 -1.3245963231e+00  2.6993189380e+00 -2.8620727423e+00 -1.5782742964e+00  2.6981202677e+00 -1.0870083935e+00
ENERGY -3.286391516028e+03

JOB 6
COORDS -5.3285537324e+00 -7.8677020424e-01 -2.4195142551e+00 -6.1167317331e+00  3.5610102347e-01 -2.6149331929e+00 -4.0982272330e+00  1.7274945644e+00 -2.5356415097e+00 -3.3128045440e+00  5.8478885517e-01 -2.3373019577e+00 -3.9566750960e+00 -6.6526255752e-01 -2.2841334480e+00 -5.4844798889e+00  1.5935059764e+00 -2.6689606846e+00  1.8165189349e+00  3.0164916379e+00 -1.2602759265e+00  1.0999832105e+00  2.4081480739e+00 -5.9888708827e-02  1.9660314932e-01  1.5479460793e+00 -1.9882953473e+00 -1.2818168771e+00  1.8311487147e+00 -2.2270603075e+00  9.1163793587e-01  2.7312711976e+00 -2.3353753380e+00  4.8596063549e-01  1.2460597842e+00 -6.2978153388e-01 -1.9625987749e+00  5.7828765205e-01 -2.1908741528e+00 -3.2019477331e+00 -1.7707128206e+00 -2.0963042635e+00 -6.5353433384e+00  3.1787108950e+00 -2.9316320505e+00 -5.7757714769e+00 -1.7749367789e+00 -2.3706061772e+00 -7.1924384477e+00  2.7312730491e-01 -2.7207806835e+00 -3.6462053782e+00  2.7095763895e+00 -2.5875234088e+00  1.9460226434e+00  4.0994472893e+00 -1.2034731312e+00  2.7859495447e+00  2.5337880820e+00 -1.4383939921e+00  1.7655552668e+00  2.0806322613e+00  7.4128649301e-01  3.4303738347e-01  3.0924449839e+00  3.4692907377e-01  5.2317849394e-01  6.9166690434e-01 -2.5913774496e+00 -1.4023171502e+00  2.3070695232e+00 -3.2078599262e+00 -1.6564898223e+00  2.5038901930e+00 -1.4463921927e+00
ENERGY -3.286392465673e+03

JOB 7
COORDS -5.5579249152e+00 -6.1374585220e-01 -2.0623169954e+00 -6.3503729620e+00  5.1782230953e-01 -2.3010631110e+00 -4.3258433173e+00  1.8778210878e+00 -2.4153621488e+00 -3.5357355788e+00  7.4626234783e-01 -2.1746891335e+00 -4.1806939039e+00 -4.9255951791e-01 -2.0017142084e+00 -5.7174452955e+00  1.7440073734e+00 -2.4728251909e+00  1.5516159100e+00  3.1071756383e+00 -1.1891411372e+00  8.7894858378e-01  2.2614356576e+00 -1.1197716693e-01 -8.8981229040e-04  1.6915583904e+00 -2.1427287194e+00 -1.4946237195e+00  1.9737992273e+00 -2.2813468617e+00  6.8408803074e-01  2.9290060696e+00 -2.3194759130e+00  3.4710715213e-01  1.1694296190e+00 -8.7228798454e-01 -2.1804923274e+00  7.4045255071e-01 -2.0872456583e+00 -3.4221650086e+00 -1.5872185028e+00 -1.7721272849e+00 -6.7763012201e+00  3.3123750143e+00 -2.7973833061e+00 -6.0057852878e+00 -1.5929004303e+00 -1.9225954764e+00 -7.4301580642e+00  4.3498747404e-01 -2.3501631747e+00 -3.8734700397e+00  2.8510190110e+00 -2.5564131576e+00  1.5958373707e+00  4.1735654729e+00 -9.5632637738e-01  2.5571066875e+00  2.7358598590e+00 -1.4233141770e+00  1.5669726507e+00  1.8529587959e+00  6.3058945762e-01  7.7078980677e-02  2.8142009140e+00  3.9573022506e-01  3.1810133132e-01  9.5492458267e-01 -2.8902590117e+00 -1.6935183312e+00  2.3840313338e+00 -3.2791748255e+00 -1.7986961076e+00  2.7080954716e+00 -1.5249647569e+00
ENERGY -3.286391767811e+03

JOB 8
COORDS -2.8015651192e+00 -3.4396168059e+00 -6.7537411456e-01 -2.5699873408e+00 -3.0618862053e+00  6.5344809635e-01 -1.8605497327e+00 -8.6139472559e-01 -1.3168286206e-01 -2.0864385162e+00 -1.2406520930e+00 -1.4597596815e+00 -2.5606792633e+00 -2.5417093648e+00 -1.7020831783e+00 -2.1011544698e+00 -1.7747174523e+00  8.9679408595e-01  1.7090249795e+00  1.9157023784e+00 -1.1230845442e+00  1.4216197842e+00  5.3172628324e-01 -5.4739920666e-01  1.2903088849e-01  9.0148419841e-01 -2.4258981053e+00 -1.4076103931e+00  8.6822019009e-01 -2.4135057927e+00  5.4450331470e-01  2.1612186418e+00 -1.9245555267e+00  7.1382804025e-01 -1.1329849451e-01 -1.6140141797e+00 -1.9124864437e+00 -4.5658698233e-01 -2.5594108057e+00 -2.7844107494e+00 -2.9186263833e+00 -2.9819075427e+00 -1.7399020726e+00 -1.2250820712e+00  2.7026191074e+00 -3.1674294994e+00 -4.4318548631e+00 -9.2130339069e-01 -2.7474864269e+00 -3.7570156201e+00  1.4661111260e+00 -1.4833284908e+00  1.2204330533e-01  1.1003865086e-01  1.7772356579e+00  2.7081471380e+00 -3.7544850518e-01  2.6112415279e+00  1.9141829429e+00 -1.7486962653e+00  2.3184131794e+00 -5.2347367589e-02 -3.2906353974e-01  7.9671138376e-01  5.8692137299e-01  3.5372227518e-01  5.0222169362e-01  7.4216188653e-01 -3.4475287333e+00 -1.7832606815e+00  1.4234770244e+00 -3.2758750857e+00 -1.7855988918e+00  1.3511669158e+00 -1.5080432996e+00
ENERGY -3.286389936533e+03

JOB 9
COORDS -2.8499696329e+00 -3.4202270035e+00 -7.9325619517e-01 -2.7046186267e+00 -2.9771089798e+00  5.2769618152e-01 -2.0796147004e+00 -7.7229014658e-01 -3.1553173709e-01 -2.2159295420e+00 -1.2189773928e+00 -1.6353935287e+00 -2.6068616550e+00 -2.5526496330e+00 -1.8450170780e+00 -2.3202153251e+00 -1.6566672707e+00  7.3825588353e-01  1.4670019554e+00  1.7117801114e+00 -9.1812472356e-01  1.2365959888e+00  2.2655909929e-01 -6.4549306363e-01 -1.3052714522e-02  9.3605109731e-01 -2.4609943036e+00 -1.5486813173e+00  8.6574724087e-01 -2.6229418963e+00  2.9507747652e-01  2.0674046163e+00 -1.6648514738e+00  5.3199688152e-01 -2.1164477219e-01 -1.8163746875e+00 -2.0284338647e+00 -4.6805673804e-01 -2.7555103066e+00 -2.7449576768e+00 -2.9926992788e+00 -3.1165922491e+00 -2.0780336019e+00 -1.0194624020e+00  2.5353322796e+00 -3.1480499977e+00 -4.4408356202e+00 -1.0131962323e+00 -2.8832293572e+00 -3.6482309853e+00  1.3600358313e+00 -1.7723639698e+00  2.4202554328e-01 -1.0003426476e-01  1.4980617806e+00  2.3341654666e+00 -2.2200657205e-02  2.3705646669e+00  1.8788198208e+00 -1.5197192896e+00  2.1591992352e+00 -3.5264533095e-01 -5.6005847114e-01  6.2008546014e-01  6.4857609518e-02  2.4731509279e-01  4.7230064690e-01  1.0137069762e+00 -3.4450955106e+00 -1.8378367953e+00  1.3670992879e+00 -3.5485584497e+00 -2.0288225834e+00  1.3867749530e+00 -1.7897187311e+00
ENERGY -3.286388728777e+03

JOB 10
COORDS -2.8202694922e+00 -3.4037059644e+00 -7.5897478130e-01 -2.6654407236e+00 -2.9114730544e+00  5.4367433961e-01 -2.0401507019e+00 -7.4113453819e-01 -3.8454484705e-01 -2.1876632719e+00 -1.2374165935e+00 -1.6858697169e+00 -2.5829197677e+00 -2.5767048176e+00 -1.8442196705e+00 -2.2771120814e+00 -1.5850394674e+00  7.0289179443e-01  1.2999141848e+00  1.5760875322e+00 -7.0578696716e-01  1.2691334532e+00  4.6759520621e-02 -7.6683041183e-01 -6.1641316162e-02  9.8353489064e-01 -2.4180980034e+00 -1.5743389722e+00  8.2756758552e-01 -2.7238267370e+00  8.4466408774e-02  1.9341432847e+00 -1.3753205767e+00  5.3678874632e-01 -2.2734725730e-01 -1.9717766926e+00 -1.9976203865e+00 -5.2625480003e-01 -2.8309814980e+00 -2.7314211395e+00 -3.0627324305e+00 -3.0977693096e+00 -2.0222912509e+00 -8.8173255538e-01  2.4733952487e+00 -3.1224930061e+00 -4.4310419538e+00 -9.3820701768e-01 -2.8406618327e+00 -3.5506172799e+00  1.4015411973e+00 -1.7233899588e+00  2.7920853886e-01 -2.1225377358e-01  1.2615387526e+00  1.9839528098e+00  3.0552026592e-01  2.1667653511e+00  1.9882064234e+00 -1.2400253897e+00  2.2625316171e+00 -4.0278017623e-01 -8.4708790004e-01  7.3716264792e-01 -3.8797517917e-01  8.6983024062e-02  4.8249109785e-01  1.3218479217e+00 -3.3131348837e+00 -1.7960354486e+00  1.2640609743e+00 -3.6990684256e+00 -2.1503123382e+00  1.3681792437e+00 -1.9666193773e+00
ENERGY -3.286388694437e+03

JOB 11
COORDS -3.1772397557e+00 -2.5146558020e+00 -1.7740535135e+00 -3.3624149764e+00 -1.8277823707e+00 -5.6649765926e-01 -2.2173437533e+00  1.0451209867e-01 -1.5271852768e+00 -2.0259484514e+00 -5.8729303541e-01 -2.7293829807e+00 -2.5214681865e+00 -1.8993295009e+00 -2.8272554331e+00 -2.8770279518e+00 -5.2760403027e-01 -4.7034979345e-01  1.1492034529e+00  1.7475839927e+00 -8.2285287313e-01  1.1338508436e+00  2.2570720677e-01 -9.9521001150e-01  4.6894632312e-01  1.2959265536e+00 -2.9421918682e+00 -8.3709822613e-01  1.2088834672e+00 -3.7769546588e+00  2.6008715031e-01  2.1886835275e+00 -1.8558348569e+00  8.4633563430e-01  4.3646083170e-02 -2.3912848874e+00 -1.4082546364e+00 -9.2433031813e-02 -3.8357519056e+00 -2.3460119040e+00 -2.5720490981e+00 -3.9872668008e+00 -3.0868616130e+00  4.4112038283e-01  1.1763165631e+00 -3.5376703715e+00 -3.5308292288e+00 -1.9021884523e+00 -3.8673127378e+00 -2.3011594341e+00  2.6792305524e-01 -1.8355390006e+00  1.1093813597e+00 -1.4011435009e+00  7.5128511147e-01  2.0891491695e+00  1.3409280131e-01  2.1525677596e+00  2.1664659297e+00 -9.7883486552e-01  2.0952076166e+00 -2.4276994889e-01 -7.6712818496e-01  3.4308432436e-01 -2.4640625338e-01 -4.0261003984e-01  1.2954896842e+00  1.6679950025e+00 -3.5673379746e+00 -6.2141407304e-01  1.4518869566e+00 -4.8182952802e+00 -1.5521024974e+00  1.9436394822e+00 -3.3914468750e+00
ENERGY -3.286389616672e+03

JOB 12
COORDS -3.1217804881e+00 -2.4543695733e+00 -1.7464025205e+00 -3.3743176270e+00 -1.7095519944e+00 -5.8615278107e-01 -2.2306715264e+00  1.9854016161e-01 -1.5993847857e+00 -1.9699049501e+00 -5.5134654699e-01 -2.7522198822e+00 -2.4330579205e+00 -1.8790869814e+00 -2.8009193749e+00 -2.9212912015e+00 -3.9519102098e-01 -5.3949016328e-01  1.0389472270e+00  1.6237126005e+00 -8.0267023402e-01  1.1942083565e+00  1.5228019913e-01 -1.1841875016e+00  5.1271275634e-01  1.3988477205e+00 -3.0171729505e+00 -7.5820809795e-01  1.2022503869e+00 -3.8822243396e+00  1.8408741120e-01  2.1244248716e+00 -1.8387776165e+00  1.1011633220e+00  1.7086382802e-01 -2.6176136929e+00 -1.3095230786e+00 -1.0962494250e-01 -3.8547875539e+00 -2.1917958822e+00 -2.6069309362e+00 -3.9144683149e+00 -3.2199271998e+00  6.5051388365e-01  1.0448234342e+00 -3.4545042949e+00 -3.4840441787e+00 -1.8358385984e+00 -3.9045650312e+00 -2.1506570642e+00  2.5025539219e-01 -1.8714214476e+00  1.2152529812e+00 -1.5125153612e+00  5.3772973966e-01  1.7833047844e+00  1.5380079464e-01  2.0007339005e+00  2.1535266371e+00 -8.1395215816e-01  2.1630870355e+00 -2.6986881188e-01 -9.0593241678e-01  3.8823767645e-01 -4.6184705602e-01 -7.6816116234e-01  1.2572024068e+00  1.9656757141e+00 -3.5970765593e+00 -4.9915226571e-01  1.3502382771e+00 -4.9317972567e+00 -1.4994822254e+00  1.9580295051e+00 -3.5982400980e+00
ENERGY -3.286390328070e+03

JOB 13
COORDS -2.8709731425e+00 -2.7174175232e+00 -1.1203724873e+00 -3.1020421769e+00 -2.0057192394e+00  6.4073954668e-02 -2.0048375761e+00 -5.7633611453e-02 -9.2370113883e-01 -1.7803621861e+00 -7.7068232215e-01 -2.1082104903e+00 -2.2236764682e+00 -2.1038056231e+00 -2.1800802646e+00 -2.6628001084e+00 -6.8715270647e-01  1.3632057265e-01  1.3094397762e+00  1.1330187528e+00 -6.2590853462e-01  1.6093495447e+00 -5.5393665929e-02 -1.5359672545e+00  4.9912328791e-01  1.5301938244e+00 -2.7682525107e+00 -8.6761165391e-01  1.1014734881e+00 -3.3390229011e+00  3.6139106985e-01  1.8939458915e+00 -1.3895463533e+00  1.4783843620e+00  5.1654871083e-01 -2.8437619811e+00 -1.1462687716e+00 -2.9370271476e-01 -3.2147398738e+00 -2.0059583014e+00 -2.7977817552e+00 -3.3201438589e+00 -2.9429186496e+00  3.0978397909e-01  1.7537611153e+00 -3.1943894464e+00 -3.7482598086e+00 -1.2282857458e+00 -3.6065531249e+00 -2.4745215443e+00  9.0134145008e-01 -1.6421063121e+00  9.5709760364e-01 -8.2005578560e-01  8.4117339308e-01  8.5179043600e-01  3.2065208712e-01  2.2041626979e+00  1.7373684636e+00 -4.3344826487e-01  2.6269192675e+00 -4.3919963097e-01 -1.4400528294e+00  8.9087155830e-01 -8.7023978522e-01 -1.3950430723e+00  8.6095373342e-01  2.3969508307e+00 -3.3370814529e+00 -8.5277554476e-01  1.2712358122e+00 -4.4187457768e+00 -1.6602805178e+00  1.7172704240e+00 -2.9017825776e+00
ENERGY -3.286391981647e+03

JOB 14
COORDS -2.8584364131e+00 -2.7129138978e+00 -1.0120296114e+00 -3.2142877184e+00 -1.9572466625e+00  1.1207103837e-01 -2.0411967243e+00 -3.5988761680e-02 -8.3824749416e-01 -1.6986591665e+00 -7.8966382148e-01 -1.9679907648e+00 -2.1169566683e+00 -2.1309374789e+00 -2.0275120121e+00 -2.7969333435e+00 -6.3066680682e-01  1.7559538189e-01  1.4613601167e+00  9.5959272438e-01 -6.8602520841e-01  1.8709710545e+00  1.3461431160e-02 -1.8140817018e+00  5.0177352869e-01  1.6188667200e+00 -2.6985280686e+00 -8.0672894764e-01  1.0553560505e+00 -3.2627008499e+00  4.1769303623e-01  1.7492615633e+00 -1.2781771743e+00  1.6173736786e+00  8.0147344799e-01 -2.9857829331e+00 -9.6495504349e-01 -3.4670701980e-01 -3.0282780948e+00 -1.7815821518e+00 -2.8661359121e+00 -3.1124034041e+00 -3.2525383927e+00  4.2313831788e-01  1.7150992709e+00 -3.1596768153e+00 -3.7514745340e+00 -1.1095452694e+00 -3.7969649306e+00 -2.3986248819e+00  9.1271831251e-01 -1.6882029044e+00  9.8191251794e-01 -7.3601143222e-01  1.0527680325e+00  4.4471006282e-01  1.8722208387e-01  2.2863142792e+00  1.6134963812e+00 -3.7957228626e-01  2.9319068842e+00 -2.4388372979e-01 -1.8072946372e+00  1.2650737741e+00 -8.9837763464e-01 -1.8270053575e+00  6.8029368668e-01  2.6051442039e+00 -3.1483577484e+00 -7.7855499816e-01  1.1563212354e+00 -4.3513199197e+00 -1.6577617923e+00  1.6282183717e+00 -2.8795303527e+00
ENERGY -3.286393705139e+03

JOB 15
COORDS -2.7345151245e+00 -2.4989583730e+00 -7.7205676006e-01 -3.1487374222e+00 -1.6573954552e+00  2.6771557453e-01 -2.0106026669e+00  2.0968859947e-01 -8.2310360983e-01 -1.6113209726e+00 -6.3006152361e-01 -1.8702451535e+00 -1.9827860157e+00 -1.9852731541e+00 -1.8162582502e+00 -2.7760332740e+00 -3.1685109950e-01  2.2072591425e-01  1.6878063943e+00  8.3292147337e-01 -9.6170198588e-01  2.1057417525e+00  1.4729827676e-01 -2.2663496282e+00  5.5485458849e-01  1.7446464914e+00 -2.7737531873e+00 -7.3644725718e-01  1.1184912576e+00 -3.3061380250e+00  6.0107593860e-01  1.6892969894e+00 -1.3530611214e+00  1.7124996367e+00  1.1002152411e+00 -3.2664477373e+00 -8.6897749150e-01 -2.6149813468e-01 -2.9525263039e+00 -1.5891903906e+00 -2.8037263148e+00 -2.8197562649e+00 -3.3085385970e+00  8.5364020802e-01  1.6464909434e+00 -2.9983429419e+00 -3.5521029140e+00 -7.8188394216e-01 -3.7404421811e+00 -2.0441632761e+00  1.0896912213e+00 -1.6899424298e+00  1.2420732106e+00 -7.9719394217e-01  1.3265469744e+00  1.3131526361e-01 -2.0495006378e-01  2.4922909348e+00  1.4471676530e+00 -5.4199206214e-01  3.1838346836e+00 -1.8755884146e-03 -2.3524108038e+00  1.5821929717e+00 -8.0182844960e-01 -2.4174876342e+00  5.9386379159e-01  2.7917279977e+00 -3.1040368088e+00 -7.0195390034e-01  1.1402000292e+00 -4.3986629827e+00 -1.6033071782e+00  1.6978810229e+00 -2.9699915005e+00
ENERGY -3.286393972196e+03

JOB 16
COORDS -2.6014075191e+00 -9.1600741995e-01 -5.3586056626e+00 -2.5029289704e+00 -2.2464393362e+00 -4.9350332307e+00 -2.1618754486e+00 -1.4694557053e+00 -2.6519737153e+00 -2.2591269209e+00 -1.4019090726e-01 -3.0753193984e+00 -2.4929712105e+00  1.1192952067e-01 -4.4334798102e+00 -2.2906314755e+00 -2.5021417455e+00 -3.5805238451e+00  1.4769878685e+00 -5.2096725799e-01 -2.0207892216e+00  1.1294776880e+00 -4.9118328659e-01 -3.5136041196e+00  2.3310632591e-01  1.3357855862e+00 -2.3908255555e+00 -1.1910090486e+00  1.8654091692e+00 -2.2722243128e+00  4.7800950117e-01  3.2290298202e-01 -1.4403783284e+00  4.7445307093e-01  7.7506982771e-01 -3.6835943358e+00 -2.1871455266e+00  8.4507330797e-01 -2.1273341323e+00 -2.6042795706e+00  1.3955117904e+00 -4.8551615558e+00 -2.1387778612e+00 -4.3175319630e+00 -2.9748878841e+00 -2.7714409873e+00 -6.7066781360e-01 -6.4025496673e+00 -2.5926066520e+00 -3.0586931146e+00 -5.6478024857e+00 -1.9727745419e+00 -1.6607883184e+00 -1.6017304975e+00  1.3896700891e+00 -1.5099179174e+00 -1.5675333529e+00  2.4792672188e+00 -1.1362760432e-01 -1.8285429123e+00  2.0123086429e+00 -5.2706827513e-01 -4.1584122817e+00  4.3834618425e-01 -1.2938052640e+00 -3.7899268360e+00  9.3079877843e-01  2.1802719220e+00 -2.2476191674e+00 -1.3948221113e+00  2.5031023369e+00 -3.1372953161e+00 -1.2753362494e+00  2.4599818026e+00 -1.3601042492e+00
ENERGY -3.286393690821e+03

JOB 17
COORDS -1.9473917744e+00 -9.7137289006e-01 -5.7175608280e+00 -1.6342525899e+00 -2.3068863800e+00 -5.4443163566e+00 -1.5680381795e+00 -1.7809038603e+00 -3.0672931775e+00 -1.8769260047e+00 -4.4405223121e-01 -3.3405971747e+00 -2.0769807336e+00 -6.4237807878e-02 -4.6742164857e+00 -1.4556855625e+00 -2.6929569158e+00 -4.1150371382e+00  1.7381135473e+00 -5.4524694369e-01 -2.3051571853e+00  1.5381716476e+00 -9.9191777958e-02 -3.7553602981e+00  3.3489759074e-01  1.2392005236e+00 -2.2862223434e+00 -1.1600389719e+00  1.5727786400e+00 -2.2734935603e+00  6.0208632370e-01  1.7178688163e-02 -1.6385330196e+00  8.3574697670e-01  1.1463959324e+00 -3.6263964198e+00 -2.0154772082e+00  4.2111701936e-01 -2.2867853269e+00 -2.3994841166e+00  1.2220933435e+00 -4.9552857087e+00 -1.0079326993e+00 -4.5162088254e+00 -3.7143952701e+00 -2.1030110887e+00 -6.2870240954e-01 -6.7359933146e+00 -1.5349503633e+00 -3.0249479031e+00 -6.2508078729e+00 -1.4008803388e+00 -2.0665087888e+00 -2.0352752743e+00  1.7077728527e+00 -1.6276878143e+00 -2.1676695445e+00  2.6672901184e+00 -1.4205597406e-01 -1.8797344749e+00  2.4785267750e+00  7.7776005420e-02 -4.2845157771e+00  9.2664008154e-01 -8.1184526081e-01 -4.3191765001e+00  8.7870004852e-01  2.0650917522e+00 -1.7963753170e+00 -1.3690307616e+00  2.2453672393e+00 -3.1094399840e+00 -1.4108497763e+00  2.0762432018e+00 -1.3373691972e+00
ENERGY -3.286392285462e+03

JOB 18
COORDS -1.9104974574e+00 -1.0235152083e+00 -5.7515766903e+00 -1.5484757969e+00 -2.3466709126e+00 -5.4831700240e+00 -1.4693601927e+00 -1.8191408505e+00 -3.1055239780e+00 -1.8205331582e+00 -4.9117034134e-01 -3.3735454777e+00 -2.0534575833e+00 -1.2074166294e-01 -4.7048737458e+00 -1.3403189835e+00 -2.7254925660e+00 -4.1553263732e+00  1.7325229033e+00 -6.0685544184e-01 -2.4165880765e+00  1.6256472901e+00  8.8927107083e-02 -3.7710660925e+00  3.8605593850e-01  1.2292278018e+00 -2.1820717980e+00 -1.1219090483e+00  1.5370740621e+00 -2.3316425720e+00  6.0783640008e-01 -7.8790228548e-02 -1.7014308560e+00  1.0809138794e+00  1.3714275942e+00 -3.4271601557e+00 -1.9658553431e+00  3.7570460953e-01 -2.3220622008e+00 -2.4252828068e+00  1.1536213296e+00 -4.9838505715e+00 -8.2903893530e-01 -4.5330740605e+00 -3.7610138832e+00 -2.0952875182e+00 -6.8656828397e-01 -6.7670721780e+00 -1.4361656487e+00 -3.0616805096e+00 -6.2906914072e+00 -1.2796057770e+00 -2.0993699830e+00 -2.0762140851e+00  1.6192417790e+00 -1.6918402479e+00 -2.4665348549e+00  2.6670352557e+00 -3.5107457601e-01 -1.8998138649e+00  2.5898391475e+00  2.4419176780e-01 -4.2608926629e+00  9.4890030912e-01 -4.4709337447e-01 -4.4472210906e+00  8.3013493391e-01  1.9708721618e+00 -1.5005853138e+00 -1.2628544140e+00  2.1337199203e+00 -3.2356694879e+00 -1.4631239641e+00  2.1135361545e+00 -1.4693870142e+00
ENERGY -3.286389386662e+03

JOB 19
COORDS -1.8085903847e+00 -1.1027244898e+00 -5.8269713393e+00 -1.4711853015e+00 -2.4299880269e+00 -5.5486962472e+00 -1.4063176766e+00 -1.8928364906e+00 -3.1730698410e+00 -1.7341763057e+00 -5.6013874002e-01 -3.4491062076e+00 -1.9470614754e+00 -1.9297068475e-01 -4.7854893343e+00 -1.2816431143e+00 -2.8062917103e+00 -4.2171196986e+00  1.7097528462e+00 -6.0983257131e-01 -2.6465409378e+00  1.6741915859e+00  4.2415702829e-01 -3.7676091029e+00  4.2671778449e-01  1.2100289098e+00 -2.0184914773e+00 -1.0669377535e+00  1.4769990480e+00 -2.3804283048e+00  6.6720089347e-01 -1.6574191546e-01 -1.7645219713e+00  1.3005455420e+00  1.6170627325e+00 -3.0663226535e+00 -1.8989343712e+00  3.0768707064e-01 -2.4043441073e+00 -2.2979155602e+00  1.0861502814e+00 -5.0754025008e+00 -8.0862097963e-01 -4.6211010827e+00 -3.8098660739e+00 -1.9809349911e+00 -7.6798595804e-01 -6.8454411919e+00 -1.3648428149e+00 -3.1511459165e+00 -6.3515122037e+00 -1.2322197529e+00 -2.1719345985e+00 -2.1406793927e+00  1.4700558285e+00 -1.6231805759e+00 -2.9776555165e+00  2.6714689476e+00 -6.0540296809e-01 -2.1190259292e+00  2.6402361676e+00  5.9992083158e-01 -4.2445568091e+00  9.2711858153e-01  1.6561620240e-01 -4.5294509600e+00  7.0516606220e-01  1.8052059684e+00 -1.1406912955e+00 -1.0997357754e+00  2.0081075935e+00 -3.3343627264e+00 -1.5196986288e+00  2.1101572055e+00 -1.6151056993e+00
ENERGY -3.286387346782e+03

JOB 20
COORDS -2.6084186588e+00 -6.5469533528e-01 -7.2670088907e+00 -3.1243236998e+00 -1.9337692068e+00 -7.4847737367e+00 -2.9773042587e+00 -2.3722067886e+00 -5.0929032639e+00 -2.4531979652e+00 -1.0917221177e+00 -4.8697807554e+00 -2.2958589176e+00 -2.4499443237e-01 -5.9756106540e+00 -3.3093575824e+00 -2.7738049060e+00 -6.3833737466e+00  5.6354299985e-01 -2.5271944537e+00 -5.1542542884e+00  1.2188309936e+00 -1.1508922850e+00 -5.2948890420e+00  2.4381759912e-01 -1.2395633310e+00 -3.2512356316e+00 -9.0549088899e-01 -1.8247967911e-01 -3.2596739026e+00 -1.4012790967e-01 -2.4423720428e+00 -3.9031968017e+00  1.3840574327e+00 -7.4237048357e-01 -3.9310966222e+00 -2.1991373962e+00 -7.1676202424e-01 -3.5802356642e+00 -1.8287785654e+00  1.0202003819e+00 -5.7931246344e+00 -4.0190493303e+00 -4.5350408894e+00 -6.6574785139e+00 -2.4649854470e+00  4.1723043252e-02 -8.0877408710e+00 -3.3814173563e+00 -2.2622259382e+00 -8.4856269103e+00 -3.0850514865e+00 -3.0341938247e+00 -4.2417375870e+00 -1.5241827841e-01 -2.7463986391e+00 -5.9514512816e+00  1.3051765171e+00 -3.3307483670e+00 -5.0903415822e+00  2.2045659819e+00 -1.1708107943e+00 -5.7623559111e+00  5.7233292256e-01 -4.4805394821e-01 -5.8360663330e+00  5.5158212207e-01 -1.4739743553e+00 -2.2282238604e+00 -6.3560437838e-01  6.2616986215e-01 -3.9412347564e+00 -1.0231793711e+00  2.3826378630e-01 -2.2595406584e+00
ENERGY -3.286387656446e+03

JOB 21
COORDS -2.4506814387e+00 -6.9849765404e-01 -7.3988135449e+00 -2.8724999328e+00 -2.0072445968e+00 -7.6433832501e+00 -2.7521240425e+00 -2.4664627951e+00 -5.2540413076e+00 -2.3248588878e+00 -1.1563404466e+00 -5.0039668109e+00 -2.1966891297e+00 -2.8625824868e-01 -6.0957283901e+00 -3.0242171118e+00 -2.8728391461e+00 -6.5571854390e+00  9.3564651945e-01 -2.2235360105e+00 -5.1896943973e+00  1.6428447441e+00 -8.7825736926e-01 -4.9624096196e+00  2.6831710963e-01 -1.2445657291e+00 -3.1981798749e+00 -8.5924419329e-01 -1.9159059721e-01 -3.3639806152e+00  7.5350724477e-02 -2.3650929988e+00 -4.0476195336e+00  1.5163318963e+00 -6.7213629704e-01 -3.5490337914e+00 -2.1275916514e+00 -7.7368919856e-01 -3.7048117868e+00 -1.8205795096e+00  1.0049938990e+00 -5.8855178732e+00 -3.6030705440e+00 -4.6756241658e+00 -6.8675601952e+00 -2.3367649121e+00  1.6670190961e-02 -8.2079833808e+00 -3.0832715361e+00 -2.3388453300e+00 -8.6540092434e+00 -2.8364999836e+00 -3.1460244140e+00 -4.4142337111e+00  3.3320506794e-01 -2.2340801601e+00 -6.1036573900e+00  1.6345911567e+00 -3.0656546127e+00 -5.2017386524e+00  2.7071023804e+00 -8.9146934295e-01 -5.2031112347e+00  1.1569372848e+00 -6.7282268493e-02 -5.5201286429e+00  3.3691171505e-01 -1.6019543665e+00 -2.1674999120e+00 -5.5917638038e-01  5.4902523416e-01 -4.1065183701e+00 -1.0223066102e+00  3.2508609130e-01 -2.4161910136e+00
ENERGY -3.286388751653e+03

JOB 22
COORDS -4.3468221212e-01 -5.9721079466e-01 -6.9007429714e+00 -2.3040193052e-01 -1.9774001486e+00 -6.9685784415e+00 -7.1596719823e-01 -2.1301764672e+00 -4.5871979252e+00 -9.1547643440e-01 -7.4550621394e-01 -4.5119851017e+00 -7.8504729937e-01 -4.1381050492e-03 -5.6950135596e+00 -3.8372198933e-01 -2.7258717888e+00 -5.8004375869e+00  2.3140342462e+00  1.0135860643e+00 -4.0488238719e+00  1.9031341509e+00  2.3888928284e+00 -3.5054304677e+00  7.2991583943e-01  8.0991902157e-01 -2.3652160163e+00 -7.3485723150e-01  9.8035745324e-01 -2.8103368015e+00  1.4807205447e+00  8.8902687933e-02 -3.3335294684e+00  1.3396078888e+00  2.0799820411e+00 -2.2222205509e+00 -1.3076277370e+00 -2.4154074270e-01 -3.3023147412e+00 -9.9766980584e-01  1.3440773693e+00 -5.6819618171e+00 -1.1255618087e-01 -4.6240039619e+00 -5.8612319617e+00 -3.4399351020e-01  2.8390780047e-02 -7.7837724108e+00  3.3546363270e-02 -2.4524530714e+00 -7.9066722403e+00 -8.1217952483e-01 -2.7104766201e+00 -3.6764115320e+00  2.1293114891e+00  9.1027031775e-01 -5.1225890616e+00  3.3617114702e+00  7.7831706515e-01 -3.8342440578e+00  2.7426213238e+00  3.0675992359e+00 -3.3450682456e+00  1.1613894918e+00  2.8749635837e+00 -4.1506271522e+00  7.9874009533e-01  2.8357245250e-01 -1.4088174579e+00 -8.0877407902e-01  1.7765751397e+00 -3.5510168390e+00 -1.3454685310e+00  1.2506818132e+00 -1.9465714633e+00
ENERGY -3.286390015589e+03

JOB 23
COORDS -3.4090690408e+00 -1.9791664598e+00 -5.8007899435e+00 -4.3402835189e+00 -1.0611563270e+00 -6.3058758912e+00 -3.1025633654e+00  7.4816102705e-01 -5.2278267554e+00 -2.1715780785e+00 -1.7041241724e-01 -4.7262410317e+00 -2.3507927740e+00 -1.5329954976e+00 -5.0287298225e+00 -4.1675355170e+00  2.8640325748e-01 -6.0090529418e+00  2.5955582716e+00  1.9012439110e+00 -3.0000696900e+00  1.9790994779e+00  3.2673270825e+00 -2.6771511169e+00  3.7577019676e-01  1.5980342442e+00 -2.7935749982e+00 -8.9167075342e-01  1.5127484652e+00 -3.6256213922e+00  1.4904343697e+00  1.1822541955e+00 -3.5518119524e+00  5.9133723752e-01  2.9677490090e+00 -2.4472252513e+00 -1.0928306671e+00  1.4304920650e-01 -3.9626573707e+00 -1.4565325969e+00 -2.4225348457e+00 -4.5431205620e+00 -5.4250797164e+00  1.5666643212e+00 -6.6903718091e+00 -3.5009648940e+00 -3.0417565878e+00 -6.0040978535e+00 -5.1735163817e+00 -1.3972029335e+00 -6.9125305212e+00 -3.0066499933e+00  1.8062696145e+00 -5.0207338877e+00  3.3877734864e+00  1.9347206939e+00 -3.7496893345e+00  2.9661520164e+00  1.4003273898e+00 -2.0949829588e+00  2.4017410475e+00  3.7280850452e+00 -1.7794476142e+00  2.0586525406e+00  3.9642866285e+00 -3.5186004782e+00  2.9004185346e-01  9.9412355049e-01 -1.8760594248e+00 -7.6022618914e-01  2.1217418154e+00 -4.5272145376e+00 -1.7337431343e+00  1.9015976050e+00 -3.0399590360e+00
ENERGY -3.286391693149e+03

