JOB 0
COORDS  4.4707180975e+00 -2.2942329408e+00 -1.9604427513e+00  4.4494841933e+00 -1.8224816969e+00 -3.2433235480e+00  2.8674804974e+00 -7.8170377465e-01 -1.6801587979e+00  3.8943955188e-01 -5.9638955820e-01 -1.3490346509e+00  1.8268027359e+00  1.5014172472e+00 -1.3340534754e+00  1.7686942730e+00  7.8223749284e-04 -1.0079357906e+00  3.5775462920e+00 -1.7047216384e+00 -1.0892286997e+00  3.2583217819e+00 -5.7037098649e-01 -3.3868449817e+00  5.1291737107e+00 -3.0759497024e+00 -1.5968046745e+00  5.0573482973e+00 -2.1247074432e+00 -4.0860318279e+00  1.7049468508e-01 -4.9077949983e-01 -2.4172824971e+00 -3.9695757540e-01 -7.9508167001e-02 -7.8858077072e-01  3.5147571537e-01 -1.6601069728e+00 -1.0969549794e+00  1.6336162129e+00  1.6868356087e+00 -2.3967898815e+00  2.8056810652e+00  1.9244068777e+00 -1.0890502813e+00  1.0653215969e+00  2.0409219782e+00 -7.6173666127e-01  1.9454762137e+00 -1.3600265942e-01  6.3973481153e-02
ENERGY -6.870272506650e+02

JOB 1
COORDS  4.3484697481e+00 -2.3957027090e+00 -2.0244526550e+00  4.5179503778e+00 -1.7543596492e+00 -3.2203584806e+00  2.8822853419e+00 -7.6246967025e-01 -1.6819552891e+00  4.2113183552e-01 -6.2484668084e-01 -1.2793940451e+00  1.7904335996e+00  1.5131656078e+00 -1.4013108569e+00  1.7903392324e+00  2.9807499616e-02 -1.0075519070e+00  3.4275768781e+00 -1.8319072039e+00 -1.1670391868e+00  3.4809278790e+00 -3.6711085491e-01 -3.2915530557e+00  4.8820355671e+00 -3.2891765702e+00 -1.7178917000e+00  5.1849431021e+00 -2.0054356845e+00 -4.0346139441e+00  1.7379425602e-01 -5.7810229440e-01 -2.3457663086e+00 -3.6620836333e-01 -1.0443486841e-01 -7.2340931689e-01  4.2645413123e-01 -1.6747676698e+00 -9.7447513872e-01  1.5666446918e+00  1.6449530768e+00 -2.4662869813e+00  2.7568537334e+00  1.9836846652e+00 -1.1961430981e+00  1.0216078308e+00  2.0507927498e+00 -8.3762240478e-01  1.9991602136e+00 -4.9799666627e-02  6.4955904767e-02
ENERGY -6.870271796362e+02

JOB 2
COORDS  4.2490037872e+00 -2.4637271444e+00 -2.0974403406e+00  4.6047554044e+00 -1.6962162052e+00 -3.1725898613e+00  2.8837840842e+00 -7.5846881080e-01 -1.6937583685e+00  4.3825954834e-01 -6.4356544489e-01 -1.2084167341e+00  1.7579342456e+00  1.5115137428e+00 -1.4701706884e+00  1.8020494936e+00  4.7477023004e-02 -1.0147654191e+00  3.2827027977e+00 -1.9295705429e+00 -1.2735166785e+00  3.6926172972e+00 -2.2310510775e-01 -3.1639879535e+00  4.6716847008e+00 -3.4345339823e+00 -1.8609170178e+00  5.3365121356e+00 -1.9058286659e+00 -3.9416631838e+00  1.5142256278e-01 -6.4092583838e-01 -2.2659723752e+00 -3.3817046445e-01 -1.1765599327e-01 -6.4239819109e-01  4.7915809501e-01 -1.6806398898e+00 -8.6648806549e-01  1.5050492891e+00  1.5922118208e+00 -2.5336898087e+00  2.7154417725e+00  2.0161500391e+00 -1.3071881139e+00  9.9025284346e-01  2.0539246665e+00 -9.0987478916e-01  2.0460826148e+00  2.4815737256e-02  5.3967464699e-02
ENERGY -6.870269487634e+02

JOB 3
COORDS  4.1613598720e+00 -2.5103133082e+00 -2.1791357835e+00  4.6931380552e+00 -1.6500712711e+00 -3.1006797674e+00  2.8797389820e+00 -7.5682604653e-01 -1.7083731174e+00  4.5102583018e-01 -6.5432301861e-01 -1.1320061832e+00  1.7257118148e+00  1.5047679320e+00 -1.5355972551e+00  1.8097080789e+00  6.1979567564e-02 -1.0222385012e+00  3.1446376294e+00 -1.9996593686e+00 -1.4033671887e+00  3.8898033385e+00 -1.1872157395e-01 -3.0028363159e+00  4.4826360454e+00 -3.5355652786e+00 -2.0281601535e+00  5.4897388357e+00 -1.8279242831e+00 -3.8110444128e+00  1.2164907170e-01 -6.9503957817e-01 -2.1762304146e+00 -3.0835120745e-01 -1.1668737212e-01 -5.5418695349e-01  5.2178586589e-01 -1.6770831364e+00 -7.5542648051e-01  1.4448573674e+00  1.5350845943e+00 -2.5944100462e+00  2.6754109119e+00  2.0367076414e+00 -1.4174941120e+00  9.6359128183e-01  2.0555102442e+00 -9.7598820729e-01  2.0917171935e+00  9.4177073419e-02  3.8069006248e-02
ENERGY -6.870266676586e+02

JOB 4
COORDS  4.0860044399e+00 -2.5359984986e+00 -2.2821670769e+00  4.7811383192e+00 -1.6165745319e+00 -3.0189253010e+00  2.8798186119e+00 -7.5539759195e-01 -1.7230888753e+00  4.6987844211e-01 -6.6649900858e-01 -1.0542614322e+00  1.6935637009e+00  1.4907324360e+00 -1.5979053035e+00  1.8193792777e+00  7.1134240548e-02 -1.0291095924e+00  3.0218906817e+00 -2.0437889764e+00 -1.5595876187e+00  4.0766070716e+00 -4.8514499869e-02 -2.8076789211e+00  4.3142570812e+00 -3.5956610146e+00 -2.2363774071e+00  5.6385499533e+00 -1.7719081514e+00 -3.6605293335e+00  1.0028820426e-01 -7.5524389523e-01 -2.0817174766e+00 -2.7209694871e-01 -1.1284923918e-01 -4.6920755419e-01  5.6796273545e-01 -1.6721760413e+00 -6.4100094601e-01  1.3824018035e+00  1.4700378368e+00 -2.6480325523e+00  2.6351744341e+00  2.0459311338e+00 -1.5306434675e+00  9.4032960355e-01  2.0514928712e+00 -1.0361780686e+00  2.1383689365e+00  1.5654261043e-01  1.8869863022e-02
ENERGY -6.870264787780e+02

JOB 5
COORDS  3.9981299398e+00 -2.5350454330e+00 -2.3995983118e+00  4.8419750746e+00 -1.5958859332e+00 -2.9245078439e+00  2.8725333855e+00 -7.3904791415e-01 -1.7301535887e+00  4.8442525302e-01 -6.6020837014e-01 -9.7494366831e-01  1.6530334593e+00  1.4859328047e+00 -1.6661926226e+00  1.8204411787e+00  9.5876596108e-02 -1.0339143854e+00  2.8964878040e+00 -2.0446846367e+00 -1.7323120438e+00  4.2380509931e+00 -9.5114233959e-03 -2.5775587497e+00  4.1366460675e+00 -3.6081871740e+00 -2.4782548037e+00  5.7530145730e+00 -1.7450361154e+00 -3.4891251719e+00  8.9475224753e-02 -8.2248004883e-01 -1.9833428244e+00 -2.4828475551e-01 -7.7545602154e-02 -4.0689641546e-01  6.0493641970e-01 -1.6363139637e+00 -5.0153113260e-01  1.3246536281e+00  1.4060807185e+00 -2.7079441756e+00  2.5832373198e+00  2.0635917661e+00 -1.6457150093e+00  8.9975836574e-01  2.0578648149e+00 -1.1156525681e+00  2.1726936191e+00  2.3856662675e-01 -2.2698584276e-03
ENERGY -6.870264003606e+02

JOB 6
COORDS  3.9224929763e+00 -2.5214948721e+00 -2.5309168500e+00  4.8959072003e+00 -1.6067432795e+00 -2.8201190371e+00  2.8779259756e+00 -7.3420554248e-01 -1.7199302746e+00  5.0907941384e-01 -6.6471558428e-01 -8.9824357291e-01  1.6197192492e+00  1.4611001698e+00 -1.7326777169e+00  1.8283314910e+00  1.0810621447e-01 -1.0301217386e+00  2.7946966126e+00 -2.0222852677e+00 -1.9133870329e+00  4.3881945807e+00 -3.1008462775e-02 -2.3063087271e+00  3.9800700701e+00 -3.5817711553e+00 -2.7532750708e+00  5.8515329044e+00 -1.7652852998e+00 -3.3025492162e+00  8.9508950592e-02 -8.8500534569e-01 -1.8848910908e+00 -2.1624540052e-01 -6.4662869809e-02 -3.3899587393e-01  6.5549600174e-01 -1.6150797696e+00 -3.8116581794e-01  1.2708090361e+00  1.3145298897e+00 -2.7602834200e+00  2.5399348025e+00  2.0532065611e+00 -1.7687023492e+00  8.6839476334e-01  2.0494160036e+00 -1.1964863293e+00  2.2035310792e+00  3.1426788815e-01 -1.7597718567e-02
ENERGY -6.870264072294e+02

JOB 7
COORDS  3.8674417809e+00 -2.4571489715e+00 -2.6760553805e+00  4.9394665494e+00 -1.6108221662e+00 -2.7199660889e+00  2.8914055256e+00 -7.1767652834e-01 -1.6950492090e+00  5.4208622646e-01 -6.6395277884e-01 -8.1712282034e-01  1.5803143313e+00  1.4327119815e+00 -1.8044566919e+00  1.8381892060e+00  1.3094824540e-01 -1.0207539391e+00  2.7226649114e+00 -1.9469001304e+00 -2.0986370119e+00  4.5111931778e+00 -8.7968090857e-02 -2.0095789542e+00  3.8621985133e+00 -3.4734694914e+00 -3.0554473006e+00  5.9281332511e+00 -1.7913513690e+00 -3.1212277303e+00  1.1147105508e-01 -9.5802618534e-01 -1.7785547700e+00 -1.8771004613e-01 -4.7844333599e-02 -2.8170693207e-01  7.2097821486e-01 -1.5762775975e+00 -2.4325899618e-01  1.2120567385e+00  1.2077703000e+00 -2.8109389812e+00  2.4873599576e+00  2.0371142982e+00 -1.9033750572e+00  8.2667845353e-01  2.0380226388e+00 -1.2903783196e+00  2.2283375878e+00  4.0768872362e-01 -3.1825056213e-02
ENERGY -6.870265073146e+02

JOB 8
COORDS  3.8355580158e+00 -2.3704147702e+00 -2.8352052550e+00  4.9748464496e+00 -1.6426107589e+00 -2.6331988280e+00  2.9100235355e+00 -7.1634475042e-01 -1.6758702302e+00  5.8186099686e-01 -6.5950597362e-01 -7.4255491518e-01  1.5603648315e+00  1.3896617068e+00 -1.8810828286e+00  1.8585929746e+00  1.4591596318e-01 -1.0188680712e+00  2.6811000991e+00 -1.8418310582e+00 -2.2948971331e+00  4.6015364559e+00 -2.1703838857e-01 -1.7186105932e+00  3.7867875947e+00 -3.3104473208e+00 -3.3745268543e+00  5.9841638259e+00 -1.8623886437e+00 -2.9555898874e+00  1.3833441463e-01 -1.0158962847e+00 -1.6758525121e+00 -1.4898636025e-01 -2.8998610794e-02 -2.2562433448e-01  7.9159447929e-01 -1.5337001749e+00 -1.2023547983e-01  1.1670587621e+00  1.0895605040e+00 -2.8578912883e+00  2.4590384003e+00  1.9916718193e+00 -2.0468757601e+00  8.1298336874e-01  2.0203925751e+00 -1.3883387461e+00  2.2638224185e+00  4.8874867418e-01 -5.8116233074e-02
ENERGY -6.870267353430e+02

JOB 9
COORDS  3.8281052559e+00 -2.2703184287e+00 -2.9471438914e+00  4.9911558504e+00 -1.6931620366e+00 -2.5174668828e+00  2.9099108097e+00 -7.1411971672e-01 -1.6562952714e+00  6.0782556746e-01 -6.6394368241e-01 -6.6141703685e-01  1.5123290250e+00  1.3409623049e+00 -1.9364833120e+00  1.8583806247e+00  1.5611797969e-01 -1.0120285390e+00  2.6644680152e+00 -1.7126422935e+00 -2.4601818205e+00  4.6259374757e+00 -3.8259473610e-01 -1.4420570762e+00  3.7686431446e+00 -3.1163441133e+00 -3.6236750614e+00  6.0104971668e+00 -1.9651995913e+00 -2.7578242016e+00  1.6686397311e-01 -1.0970055539e+00 -1.5627141662e+00 -1.3715417113e-01 -2.2112154193e-02 -1.7966655569e-01  8.5171461848e-01 -1.4843530708e+00  1.9991293377e-02  1.0903891188e+00  9.7537188193e-01 -2.8779890350e+00  2.3988906533e+00  1.9390708574e+00 -2.1693337714e+00  7.7444748426e-01  1.9930287777e+00 -1.4570253068e+00  2.2801913713e+00  5.5879513765e-01 -8.2881444648e-02
ENERGY -6.870270069879e+02

JOB 10
COORDS  3.8372280978e+00 -2.1725159789e+00 -3.0529920382e+00  4.9892611275e+00 -1.7764126094e+00 -2.4299494297e+00  2.9201775944e+00 -6.9348467220e-01 -1.6752245433e+00  6.5673212671e-01 -6.5674993520e-01 -6.0167495900e-01  1.4679661807e+00  1.3151737041e+00 -1.9893908799e+00  1.8735683416e+00  1.8028613852e-01 -1.0287778466e+00  2.6802417120e+00 -1.5579828288e+00 -2.6239166837e+00  4.6185341788e+00 -5.7263123766e-01 -1.2382747668e+00  3.7823760759e+00 -2.9198742990e+00 -3.8375537048e+00  6.0012960238e+00 -2.1211368113e+00 -2.5962954075e+00  1.9799967018e-01 -1.1333418208e+00 -1.4719793543e+00 -8.9568064273e-02 -1.7646994856e-02 -1.1806662140e-01  9.4589475342e-01 -1.4435940998e+00  1.0184278096e-01  1.0263057500e+00  8.9922125180e-01 -2.8998603550e+00  2.3330958020e+00  1.9215622559e+00 -2.2759015797e+00  7.3095979717e-01  1.9708283005e+00 -1.5133469670e+00  2.3172313996e+00  6.2964660395e-01 -1.3221452148e-01
ENERGY -6.870272180971e+02

JOB 11
COORDS  3.8564395493e+00 -2.0775804706e+00 -3.1207394414e+00  4.9559055872e+00 -1.8710842540e+00 -2.3323610381e+00  2.9207707115e+00 -6.5681443641e-01 -1.6953364043e+00  6.9845940607e-01 -6.4965378944e-01 -5.4780921792e-01  1.3960314777e+00  1.2972673145e+00 -2.0306932881e+00  1.8717135042e+00  2.1275152618e-01 -1.0472095296e+00  2.7181183113e+00 -1.3918773312e+00 -2.7557650967e+00  4.5558139824e+00 -7.6053706213e-01 -1.0624066024e+00  3.8296912054e+00 -2.7286544681e+00 -3.9882211943e+00  5.9458882964e+00 -2.2974075667e+00 -2.4264349114e+00  2.3001066793e-01 -1.1727838024e+00 -1.3861574553e+00 -5.5579338074e-02 -2.0211799013e-02 -6.3287312316e-02  1.0374858067e+00 -1.3989580700e+00  1.7453040345e-01  9.4611601369e-01  8.3565020017e-01 -2.9141164770e+00  2.2297640953e+00  1.9245907430e+00 -2.3616206521e+00  6.4889871118e-01  1.9404451144e+00 -1.5535723839e+00  2.3309828672e+00  7.0672631732e-01 -1.8267410156e-01
ENERGY -6.870272964668e+02

JOB 12
COORDS  3.9014085714e+00 -1.9933414248e+00 -3.1895128046e+00  4.9133277670e+00 -1.9883327176e+00 -2.2685055231e+00  2.9420949638e+00 -6.3228350253e-01 -1.7218626613e+00  7.6541956903e-01 -6.4577993515e-01 -4.9539285336e-01  1.3462348936e+00  1.2678414291e+00 -2.0679848155e+00  1.8928467584e+00  2.3411892142e-01 -1.0698006641e+00  2.7976239476e+00 -1.2303115456e+00 -2.8735716378e+00  4.4742316685e+00 -9.7539252069e-01 -9.3143298362e-01  3.9175328410e+00 -2.5425841480e+00 -4.1250140768e+00  5.8647362481e+00 -2.5022801303e+00 -2.3059254001e+00  2.7365865739e-01 -1.2015754171e+00 -1.2993192380e+00  1.6284551434e-02 -2.3978836804e-02  6.4430270829e-03  1.1547870282e+00 -1.3673556503e+00  2.2984244046e-01  8.7822367329e-01  7.6535438822e-01 -2.9185594750e+00  2.1466427309e+00  1.9080038813e+00 -2.4516711048e+00  5.9856007399e-01  1.9031051316e+00 -1.5814502089e+00  2.3678597347e+00  7.7098101593e-01 -2.3990348589e-01
ENERGY -6.870272180987e+02

JOB 13
COORDS  3.9684778328e+00 -1.8784711004e+00 -3.2456964471e+00  4.8520704253e+00 -2.0813536149e+00 -2.2217233194e+00  2.9480739410e+00 -6.0757244665e-01 -1.7374780249e+00  8.0920842727e-01 -6.2160404799e-01 -4.4126773280e-01  1.2886039846e+00  1.2363084792e+00 -2.1091736383e+00  1.8954249727e+00  2.5954351281e-01 -1.0908336853e+00  2.9013812410e+00 -1.0513360860e+00 -2.9640249043e+00  4.3357415947e+00 -1.1925793754e+00 -8.2495485045e-01  4.0565643888e+00 -2.3126457911e+00 -4.2360108538e+00  5.7555618575e+00 -2.6767526599e+00 -2.2157201818e+00  3.0318157298e-01 -1.2219301536e+00 -1.2039394094e+00  6.1918013924e-02  4.2151688092e-03  5.8179256461e-02  1.2374049070e+00 -1.3029024053e+00  3.0063890928e-01  8.0752971516e-01  6.9131805892e-01 -2.9251879399e+00  2.0575506201e+00  1.8814543777e+00 -2.5443499383e+00  5.4032152861e-01  1.8689021291e+00 -1.6203744980e+00  2.3818501274e+00  8.4257738629e-01 -2.9909532386e-01
ENERGY -6.870270069893e+02

JOB 14
COORDS  4.0525468947e+00 -1.7647149949e+00 -3.2966854526e+00  4.7800433059e+00 -2.1863264431e+00 -2.2189674817e+00  2.9428451651e+00 -6.2470534444e-01 -1.7456988983e+00  8.4730462050e-01 -6.0064025123e-01 -3.6472606582e-01  1.2387585146e+00  1.1740814587e+00 -2.1395303403e+00  1.8976980422e+00  2.5509137799e-01 -1.1020554485e+00  3.0224845319e+00 -8.8891385263e-01 -3.0209130101e+00  4.1572326541e+00 -1.4571760241e+00 -7.7379103068e-01  4.2329757548e+00 -2.0649930910e+00 -4.3234210449e+00  5.6268997502e+00 -2.8595727551e+00 -2.1958724337e+00  3.2686166013e-01 -1.2556071244e+00 -1.0711697398e+00  1.0513983899e-01  4.4649143411e-02  1.1692756669e-01  1.3055797285e+00 -1.2278913933e+00  4.0602522989e-01  7.1314270817e-01  5.8856334432e-01 -2.8982600745e+00  1.9823553405e+00  1.7900306743e+00 -2.6525170917e+00  5.1846429729e-01  1.8340430608e+00 -1.6450391392e+00  2.4052254806e+00  8.8345978674e-01 -3.5884732927e-01
ENERGY -6.870267353455e+02

JOB 15
COORDS  4.1668522526e+00 -1.6213895759e+00 -3.3128126496e+00  4.7089286722e+00 -2.2542793462e+00 -2.2297437845e+00  2.9214549976e+00 -6.3377315309e-01 -1.7589837115e+00  8.7068505060e-01 -5.4801249779e-01 -2.9539658965e-01  1.1830018578e+00  1.1250259153e+00 -2.1801113987e+00  1.8860330485e+00  2.6451685388e-01 -1.1225256232e+00  3.1645604630e+00 -7.1343145968e-01 -3.0383983011e+00  3.9333843481e+00 -1.7007467554e+00 -7.8085278184e-01  4.4673502578e+00 -1.7843091919e+00 -4.3423908825e+00  5.4965823095e+00 -2.9958846778e+00 -2.2035356667e+00  3.3053272576e-01 -1.2527505733e+00 -9.3633239781e-01  1.4067993327e-01  1.2325509455e-01  1.6843195156e-01  1.3564356502e+00 -1.1195493522e+00  5.0160451858e-01  6.3323933256e-01  4.9838734945e-01 -2.8881687930e+00  1.9008993309e+00  1.7171965930e+00 -2.7524886538e+00  4.7554417958e-01  1.8034842762e+00 -1.6921972034e+00  2.4174601470e+00  9.3559643381e-01 -4.3403539195e-01
ENERGY -6.870265073157e+02

JOB 16
COORDS  4.2869788504e+00 -1.5040837007e+00 -3.3060691014e+00  4.6382089246e+00 -2.3260133974e+00 -2.2721382294e+00  2.9089831800e+00 -6.4749269032e-01 -1.7860053411e+00  9.1519772275e-01 -5.0536812228e-01 -2.3447851685e-01  1.1293599287e+00  1.0666583916e+00 -2.2173455015e+00  1.8842423810e+00  2.6418794471e-01 -1.1490456527e+00  3.3165581505e+00 -5.6559974235e-01 -3.0232108658e+00  3.7101879448e+00 -1.9234752730e+00 -8.6449725554e-01  4.7094562124e+00 -1.5458245574e+00 -4.3044250333e+00  5.3626367451e+00 -3.1298878054e+00 -2.2629074005e+00  3.5187597739e-01 -1.2504100072e+00 -8.0612167396e-01  2.0134722616e-01  1.8754524687e-01  2.2202310187e-01  1.4373872688e+00 -1.0242488124e+00  5.7593204107e-01  5.4998946497e-01  4.0033017608e-01 -2.8641659939e+00  1.8174702932e+00  1.6282917368e+00 -2.8522245718e+00  4.4004757381e-01  1.7672290826e+00 -1.7346795157e+00  2.4400989517e+00  9.7460347854e-01 -5.2070226663e-01
ENERGY -6.870264072211e+02

JOB 17
COORDS  4.3988899711e+00 -1.4163971261e+00 -3.2518839247e+00  4.5544767013e+00 -2.3983353714e+00 -2.3131532346e+00  2.9031661536e+00 -6.5351886191e-01 -1.7953257544e+00  9.5433612598e-01 -4.6428379671e-01 -1.8037689348e-01  1.0820140963e+00  1.0078365438e+00 -2.2457948461e+00  1.8814536186e+00  2.6620097384e-01 -1.1636889564e+00  3.4703024642e+00 -4.4300096509e-01 -2.9526090416e+00  3.4869274591e+00 -2.1060531295e+00 -9.8026460484e-01  4.9414514840e+00 -1.3617478786e+00 -4.1897790897e+00  5.2108197820e+00 -3.2584033061e+00 -2.3361400378e+00  3.7596623362e-01 -1.2419170193e+00 -6.9050520907e-01  2.5028152673e-01  2.4503260050e-01  2.6549462552e-01  1.5091235764e+00 -9.3450840808e-01  6.3845656169e-01  4.9228824307e-01  3.0190199696e-01 -2.8399887835e+00  1.7449532877e+00  1.5457831819e+00 -2.9259048502e+00  3.9652901831e-01  1.7223132379e+00 -1.7781723055e+00  2.4505320946e+00  1.0141031101e+00 -5.9314122668e-01
ENERGY -6.870264003594e+02

JOB 18
COORDS  4.5114777942e+00 -1.3483688321e+00 -3.1870071634e+00  4.4812898479e+00 -2.4534946062e+00 -2.3813087776e+00  2.9184686303e+00 -6.4749026539e-01 -1.8053119371e+00  1.0085794498e+00 -4.2120232842e-01 -1.4125413252e-01  1.0469528372e+00  9.4428014418e-01 -2.2814846438e+00  1.8924613513e+00  2.7514637856e-01 -1.1845509794e+00  3.6316698537e+00 -3.4171870730e-01 -2.8563672481e+00  3.2925749197e+00 -2.2369117709e+00 -1.1404018224e+00  5.1643997780e+00 -1.2226746908e+00 -4.0443136645e+00  5.0700598965e+00 -3.3586709861e+00 -2.4516260519e+00  4.1735892389e-01 -1.2236047352e+00 -5.9581529681e-01  3.1281865756e-01  2.9997775186e-01  2.9825417087e-01  1.5974227625e+00 -8.5066436917e-01  6.7619702276e-01  4.4185829001e-01  1.9818984507e-01 -2.8081233678e+00  1.6840185586e+00  1.4430311786e+00 -3.0144141609e+00  3.7119319709e-01  1.6827515009e+00 -1.8372408730e+00  2.4625122018e+00  1.0613237450e+00 -6.7047214544e-01
ENERGY -6.870264787692e+02

JOB 19
COORDS  4.5976581100e+00 -1.2924701327e+00 -3.1069962362e+00  4.3944374382e+00 -2.4837874423e+00 -2.4655040468e+00  2.9237014567e+00 -6.3409049345e-01 -1.8018931742e+00  1.0499183940e+00 -3.8151424225e-01 -9.8490497106e-02  1.0009894320e+00  8.8078527514e-01 -2.3015767881e+00  1.8902765757e+00  2.8688890907e-01 -1.1936005654e+00  3.7673809201e+00 -2.6140559209e-01 -2.7277148130e+00  3.1009265629e+00 -2.3206405112e+00 -1.3252564389e+00  5.3488034724e+00 -1.1178515723e+00 -3.8701755621e+00  4.9190076438e+00 -3.4209419582e+00 -2.5973751893e+00  4.6028829421e-01 -1.2130627403e+00 -5.0066762625e-01  3.5012989968e-01  3.4321008915e-01  3.2856679278e-01  1.6716302885e+00 -7.6506890250e-01  7.1710553253e-01  4.0457185529e-01  9.4696069768e-02 -2.7779182010e+00  1.6102804366e+00  1.3611968928e+00 -3.0702293755e+00  3.1484568173e-01  1.6228307173e+00 -1.8794913950e+00  2.4551524775e+00  1.1086332775e+00 -7.3483115585e-01
ENERGY -6.870266676587e+02

JOB 20
COORDS  4.6787001478e+00 -1.2643085454e+00 -3.0112623436e+00  4.3157086378e+00 -2.5029850723e+00 -2.5579451003e+00  2.9324964319e+00 -6.2247502131e-01 -1.7973795614e+00  1.0953734222e+00 -3.3783526665e-01 -6.1203250954e-02  9.6121949675e-01  8.1616906949e-01 -2.3205614570e+00  1.8922370329e+00  2.9923458846e-01 -1.2065826425e+00  3.8967980438e+00 -2.1545219347e-01 -2.5794750119e+00  2.9256503081e+00 -2.3638703071e+00 -1.5330006327e+00  5.5205166516e+00 -1.0652038241e+00 -3.6660681686e+00  4.7797380923e+00 -3.4598879186e+00 -2.7576765429e+00  5.0688222761e-01 -1.1938936962e+00 -4.1102881851e-01  3.9457214234e-01  3.9125256337e-01  3.5686884902e-01  1.7495067885e+00 -6.7999231013e-01  7.4693029919e-01  3.7851243284e-01 -7.0332888442e-03 -2.7489265994e+00  1.5400670073e+00  1.2806430408e+00 -3.1226280269e+00  2.6173158982e-01  1.5568403666e+00 -1.9181636716e+00  2.4505362792e+00  1.1537639552e+00 -8.0616147015e-01
ENERGY -6.870269487619e+02

JOB 21
COORDS  4.7580182282e+00 -1.2525218564e+00 -2.8954275465e+00  4.2510655433e+00 -2.4992718622e+00 -2.6528397324e+00  2.9366711779e+00 -6.1063835579e-01 -1.7976420332e+00  1.1442966329e+00 -2.9034373686e-01 -2.7269111704e-02  9.1613916468e-01  7.5686913895e-01 -2.3320983375e+00  1.8919983947e+00  3.1358796911e-01 -1.2237663147e+00  4.0129731422e+00 -1.9789377345e-01 -2.4119663617e+00  2.7653939333e+00 -2.3643156310e+00 -1.7699408634e+00  5.6840097872e+00 -1.0506370257e+00 -3.4233951856e+00  4.6630131250e+00 -3.4622414617e+00 -2.9247207076e+00  5.5864364467e-01 -1.1686082271e+00 -3.2271062337e-01  4.4561183615e-01  4.4306295788e-01  3.8726055822e-01  1.8337871654e+00 -5.9280739366e-01  7.6681431326e-01  3.4568875395e-01 -9.8274209124e-02 -2.7113435309e+00  1.4583177717e+00  1.2054490704e+00 -3.1688518137e+00  2.0647873908e-01  1.4941037413e+00 -1.9413052056e+00  2.4454583956e+00  1.1959528138e+00 -8.8416235515e-01
ENERGY -6.870271796333e+02

JOB 22
COORDS  4.6941052514e+00 -2.0012145852e+00 -1.9392436659e+00  4.3244727857e+00 -1.9865547362e+00 -3.2552725582e+00  2.7919828488e+00 -8.8081467951e-01 -1.6873553330e+00  2.9528585416e-01 -5.0814003367e-01 -1.4799692045e+00  1.9277056118e+00  1.4219516930e+00 -1.2025202458e+00  1.6990860956e+00 -9.0584107894e-02 -1.0145831408e+00  3.8278022977e+00 -1.3764670838e+00 -1.0654480535e+00  2.8125321471e+00 -1.1552878941e+00 -3.4293145436e+00  5.5961815513e+00 -2.4632897941e+00 -1.5524314924e+00  4.8362854606e+00 -2.4147853467e+00 -4.1071309015e+00  1.3951951827e-01 -2.7341881918e-01 -2.5390978865e+00 -4.6687695550e-01  3.0355717317e-02 -9.0760972905e-01  1.3368164888e-01 -1.5816791439e+00 -1.3437757761e+00  1.8422749285e+00  1.7025974317e+00 -2.2580695159e+00  2.9221550772e+00  1.7129362248e+00 -8.5198268935e-01  1.1813868493e+00  1.9915074107e+00 -6.3832996906e-01  1.8030391814e+00 -3.2291679147e-01  5.0389193314e-02
ENERGY -6.870272506334e+02

JOB 23
COORDS  4.5928963836e+00 -2.1564683555e+00 -1.9368712788e+00  4.3818270992e+00 -1.8997261770e+00 -3.2626055398e+00  2.8276091629e+00 -8.2951343526e-01 -1.6905948253e+00  3.3699822163e-01 -5.5274278321e-01 -1.4145707347e+00  1.8763272270e+00  1.4668133528e+00 -1.2677438972e+00  1.7336489243e+00 -4.4628259608e-02 -1.0137888847e+00  3.7147259999e+00 -1.5511986035e+00 -1.0604058896e+00  3.0165433315e+00 -8.4579721456e-01 -3.4446888392e+00  5.3834371102e+00 -2.7872022397e+00 -1.5444169365e+00  4.9365805223e+00 -2.2600007237e+00 -4.1190440528e+00  1.4293775124e-01 -3.7901899179e-01 -2.4787719163e+00 -4.3494174781e-01 -2.7072799770e-02 -8.4277253114e-01  2.3802441220e-01 -1.6253504912e+00 -1.2228279777e+00  1.7306239710e+00  1.7057631672e+00 -2.3270436811e+00  2.8676499705e+00  1.8240497254e+00 -9.7328154581e-01  1.1255229201e+00  2.0193915517e+00 -6.9317611400e-01  1.8810509655e+00 -2.3483198876e-01  5.4200335484e-02
ENERGY -6.870272281666e+02

