JOB 0
COORDS  1.6466494260e+00 -1.2892505022e+00 -1.6000298063e-01  7.7181334087e-01 -2.1010877927e+00  5.6860001827e-01  2.5577830960e+00 -4.6998595807e-01  5.1812093275e-01  6.0595123750e-01 -7.5333369727e-01  6.2304523564e+00  1.7589263351e+00 -1.0795154993e+00  6.9533246809e+00  8.1082525636e-01 -2.0956233048e+00  1.9675800255e+00  2.5976890691e+00 -4.6815620559e-01  1.9136642491e+00  6.1968721087e-01 -8.5265302167e-01  4.8387946918e+00  2.8973562856e+00 -1.5222082411e+00  6.2841413123e+00  6.0868800717e+00 -3.1344296372e+00  4.1409925597e+00  5.3961760220e+00 -3.5445673007e+00  3.0182341298e+00  1.7274775270e+00 -1.2847526389e+00  2.6568493160e+00  1.7651236532e+00 -1.2750507504e+00  4.1462204540e+00  2.9167624864e+00 -1.6421602139e+00  4.8814739566e+00  4.1392310414e+00 -2.1943267106e+00  4.2723016255e+00  5.3008097800e+00 -2.3160878521e+00  4.9132300608e+00  4.1738460325e+00 -2.9149157051e+00  3.0984066731e+00  1.6182574508e+00 -1.2925673037e+00 -1.2464461229e+00  6.1388346216e-02 -2.7404052966e+00  5.0712941448e-02  3.2367913612e+00  1.6853739602e-01 -4.1039141722e-02 -2.9021866225e-01 -4.1451488104e-01  6.7435627740e+00  1.7666492882e+00 -9.9978271309e-01  8.0372906422e+00  1.3734397319e-01 -2.7343694663e+00  2.5335330538e+00  3.3104044989e+00  1.6227813174e-01  2.4382693861e+00 -2.5969021555e-01 -5.6973421623e-01  4.2660056734e+00  3.7914670653e+00 -1.8029462221e+00  6.8305814772e+00  7.0977290038e+00 -3.3892070698e+00  4.4324452528e+00  5.6714348990e+00 -4.1618592480e+00  2.1749375792e+00  3.4100194540e+00 -3.0077789201e+00  2.4411494668e+00
ENERGY -6.884502078044e+02

JOB 1
COORDS  1.6034416837e+00 -1.2555221119e+00 -1.7441516209e-01  7.3944456089e-01 -2.0705829243e+00  5.6373810848e-01  2.5191432045e+00 -4.3433779472e-01  4.9480639342e-01  6.2046523431e-01 -8.2418571497e-01  6.2376609389e+00  1.8041127938e+00 -1.0870198038e+00  6.9359487620e+00  7.9326058453e-01 -2.0670653868e+00  1.9618660344e+00  2.5742019187e+00 -4.3385920785e-01  1.8898121323e+00  6.1294287300e-01 -9.0721238417e-01  4.8448217079e+00  2.9567165781e+00 -1.4529836267e+00  6.2437314205e+00  6.0485567738e+00 -3.1647179394e+00  4.2230445325e+00  5.3463131911e+00 -3.6350308541e+00  3.1289823665e+00  1.7149530163e+00 -1.2536954158e+00  2.6424351432e+00  1.7710696893e+00 -1.2493535599e+00  4.1300465932e+00  2.9559897821e+00 -1.5561494370e+00  4.8404701067e+00  4.1897887243e+00 -2.0423523273e+00  4.1880362826e+00  5.3239148215e+00 -2.2026992918e+00  4.8768434485e+00  4.2121490303e+00 -2.8576631803e+00  3.0747681296e+00  1.5630197508e+00 -1.2579555112e+00 -1.2604921860e+00  2.5797510031e-02 -2.7120539701e+00  5.2988925981e-02  3.1895931490e+00  2.0757887261e-01 -7.0754631382e-02 -2.8483880352e-01 -5.4706524474e-01  6.7713354225e+00  1.8261160079e+00 -1.0195885452e+00  8.0205843739e+00  1.2907882410e-01 -2.7102257807e+00  2.5338114827e+00  3.2886681322e+00  2.0117418317e-01  2.4062306952e+00 -2.9248058551e-01 -6.7158472727e-01  4.2914483101e+00  3.8737639804e+00 -1.6890116209e+00  6.7720040786e+00  7.0229721399e+00 -3.4790967488e+00  4.5748462251e+00  5.5967056139e+00 -4.3425466183e+00  2.3509621722e+00  3.4446997353e+00 -2.9807005111e+00  2.4260081789e+00
ENERGY -6.884443293613e+02

JOB 2
COORDS  1.5879715601e+00 -1.2255466847e+00 -1.8027575137e-01  7.4870304524e-01 -2.0637655979e+00  5.6083083408e-01  2.4885209944e+00 -3.8510818568e-01  4.8517121004e-01  6.4354047447e-01 -8.9831470351e-01  6.2491257147e+00  1.8496655134e+00 -1.1037587911e+00  6.9272586237e+00  8.1187693053e-01 -2.0644464999e+00  1.9582213008e+00  2.5530160165e+00 -3.8829597710e-01  1.8799003347e+00  6.2140941884e-01 -9.6596924686e-01  4.8555089267e+00  3.0119195816e+00 -1.3988188380e+00  6.2163889652e+00  5.9802392919e+00 -3.2027349907e+00  4.3388371553e+00  5.2676605297e+00 -3.7065099981e+00  3.2623870731e+00  1.7187006237e+00 -1.2310520716e+00  2.6355046424e+00  1.7869619488e+00 -1.2337337297e+00  4.1219637858e+00  2.9967349249e+00 -1.4859802582e+00  4.8127105699e+00  4.2399610326e+00 -1.9083466102e+00  4.1203508621e+00  5.3362884949e+00 -2.1206769974e+00  4.8687503442e+00  4.2564370079e+00 -2.7989739174e+00  3.0599009701e+00  1.5398292853e+00 -1.2251442326e+00 -1.2660394154e+00  4.7334724112e-02 -2.7204612685e+00  5.2398744232e-02  3.1391106819e+00  2.7506169733e-01 -8.2581492181e-02 -2.6788767502e-01 -6.7826138614e-01  6.7987314598e+00  1.8836571572e+00 -1.0486381752e+00  8.0123218549e+00  1.6802176927e-01 -2.7263428777e+00  2.5320398551e+00  3.2538509125e+00  2.6396173720e-01  2.3933450058e+00 -3.0332815043e-01 -7.7446318572e-01  4.3172879058e+00  3.9454070186e+00 -1.5934886648e+00  6.7313225658e+00  6.9023528781e+00 -3.5808079990e+00  4.7624158723e+00  5.4906680620e+00 -4.4882421180e+00  2.5490746570e+00  3.4874250763e+00 -2.9267329056e+00  2.4126319414e+00
ENERGY -6.884337488470e+02

JOB 3
COORDS  1.5650718916e+00 -1.1926279577e+00 -2.0365070922e-01  7.5783454718e-01 -2.0598167513e+00  5.3987869050e-01  2.4492924091e+00 -3.3304127607e-01  4.5890439663e-01  6.8434810991e-01 -9.8425494829e-01  6.2395643277e+00  1.9087916927e+00 -1.1352069064e+00  6.8979465677e+00  8.3795261006e-01 -2.0691426362e+00  1.9361182856e+00  2.5304570252e+00 -3.4461810882e-01  1.8528425350e+00  6.4725936533e-01 -1.0358329488e+00  4.8455983002e+00  3.0765242962e+00 -1.3619588920e+00  6.1699775289e+00  5.8967527291e+00 -3.2353597460e+00  4.4274583607e+00  5.1553653700e+00 -3.7664978738e+00  3.3786367105e+00  1.7287474541e+00 -1.2162234853e+00  2.6112121196e+00  1.8163343510e+00 -1.2322019755e+00  4.0959831453e+00  3.0483122676e+00 -1.4339504397e+00  4.7657837417e+00  4.2976727442e+00 -1.7923738685e+00  4.0327413050e+00  5.3639866142e+00 -2.0489049992e+00  4.8272352927e+00  4.3001385960e+00 -2.7548490254e+00  3.0243821924e+00  1.5046887063e+00 -1.1850096563e+00 -1.2887707388e+00  6.9332123177e-02 -2.7321220727e+00  3.4230577606e-02  3.0745469708e+00  3.4955378929e-01 -1.1076620148e-01 -2.2952401791e-01 -8.1895169560e-01  6.8040801494e+00  1.9552459479e+00 -1.0919270539e+00  7.9831065300e+00  2.2001199338e-01 -2.7538974606e+00  2.5115567065e+00  3.2176073080e+00  3.2426246063e-01  2.3631062559e+00 -2.9292502777e-01 -8.8562564849e-01  4.3211134684e+00  4.0229517052e+00 -1.5153746882e+00  6.6738196763e+00  6.7594175773e+00 -3.6687382281e+00  4.9186115838e+00  5.3310122035e+00 -4.6233929203e+00  2.7414431491e+00  3.5132329775e+00 -2.8708647505e+00  2.3945712380e+00
ENERGY -6.884182803633e+02

JOB 4
COORDS  1.5519521168e+00 -1.1711575024e+00 -2.0942018360e-01  7.8399340122e-01 -2.0716757843e+00  5.3654653744e-01  2.4098296803e+00 -2.8334813879e-01  4.5012549452e-01  7.3261386456e-01 -1.0469542971e+00  6.2440108068e+00  1.9726758262e+00 -1.1381835578e+00  6.8831386442e+00  8.7742638912e-01 -2.0863480429e+00  1.9316486348e+00  2.5040165451e+00 -2.9978054168e-01  1.8434872324e+00  6.7939423720e-01 -1.0948902513e+00  4.8507110240e+00  3.1423270567e+00 -1.3056902439e+00  6.1414900449e+00  5.7720037803e+00 -3.2558698646e+00  4.5223145745e+00  5.0186251568e+00 -3.7776793109e+00  3.4693687744e+00  1.7427649845e+00 -1.2052480448e+00  2.6041926272e+00  1.8481761202e+00 -1.2280990878e+00  4.0871974937e+00  3.0994840421e+00 -1.3767708595e+00  4.7373966742e+00  4.3458795622e+00 -1.6776539386e+00  3.9530729626e+00  5.3650423513e+00 -1.9957537203e+00  4.8099779504e+00  4.3512197245e+00 -2.6863872949e+00  2.9806316053e+00  1.4812638249e+00 -1.1598323496e+00 -1.2938855101e+00  1.1626586574e-01 -2.7661756461e+00  3.3026751763e-02  3.0039750284e+00  4.2539597009e-01 -1.2091730685e-01 -1.8013221589e-01 -9.3019859141e-01  6.8222896881e+00  2.0326478879e+00 -1.0958456145e+00  7.9677120518e+00  2.9155257173e-01 -2.7976752791e+00  2.5083457084e+00  3.1695007972e+00  3.9212646155e-01  2.3514757652e+00 -2.7353074669e-01 -9.8912217517e-01  4.3384437229e+00  4.0981177881e+00 -1.4129359451e+00  6.6376587145e+00  6.5513528531e+00 -3.7495003049e+00  5.0906263159e+00  5.1432326858e+00 -4.6856369173e+00  2.8926184969e+00  3.5802565375e+00 -2.7661836659e+00  2.3241205599e+00
ENERGY -6.883977694929e+02

JOB 5
COORDS  1.3960307856e+00 -1.4156434128e+00 -1.7854042121e-01  1.1190153855e+00 -2.5359001367e+00  6.1357916148e-01  1.7919677605e+00 -2.2016016480e-01  4.3071980427e-01  1.1411436472e+00 -1.1847682846e-01  6.1924821933e+00  1.8963345328e+00 -1.0582624791e+00  6.9003105324e+00  1.2427487577e+00 -2.4637716133e+00  2.0028512230e+00  1.9138845923e+00 -1.4812225764e-01  1.8218356321e+00  1.0935069303e+00 -1.9232295711e-01  4.8001025381e+00  2.6193505098e+00 -2.0411937655e+00  6.2240772878e+00  5.5857241365e+00 -3.4318630129e+00  4.6099664019e+00  5.5891951494e+00 -2.6309061002e+00  3.4667585338e+00  1.6470003177e+00 -1.2698834669e+00  2.6267606738e+00  1.7859936431e+00 -1.1945361664e+00  4.1052739453e+00  2.5963812339e+00 -2.1130695819e+00  4.8195656745e+00  3.4713367268e+00 -3.0968462772e+00  4.0945016741e+00  4.3130410656e+00 -3.7089500510e+00  4.9838846804e+00  4.2899982617e+00 -2.6797553927e+00  3.0366087747e+00  1.3023139698e+00 -1.4733653849e+00 -1.2597782002e+00  8.0274035386e-01 -3.4663940850e+00  1.4929163660e-01  2.0109944200e+00  6.5462623886e-01 -1.7632200511e-01  5.8866225569e-01  6.5585949416e-01  6.7181365032e+00  1.9389760634e+00 -1.0192616601e+00  7.9858335975e+00  1.0249810115e+00 -3.3348594452e+00  2.6139483001e+00  2.2369505357e+00  7.7726710642e-01  2.2920423301e+00  4.8191562861e-01  5.0929951986e-01  4.2385537981e+00  3.2330234082e+00 -2.7461521104e+00  6.7696654029e+00  6.4386219673e+00 -3.7792704812e+00  5.1808505850e+00  6.4018980902e+00 -2.3263709314e+00  2.8191928786e+00  3.9249096157e+00 -2.0509420879e+00  2.3273155275e+00
ENERGY -6.883977682685e+02

JOB 6
COORDS  1.4244196809e+00 -1.4169350174e+00 -1.7299876684e-01  1.1786428037e+00 -2.5428339959e+00  6.2176149123e-01  1.7759531509e+00 -2.0674883846e-01  4.3398617049e-01  1.0603417994e+00 -1.1178633020e-01  6.1917500796e+00  1.8594674028e+00 -1.0054142811e+00  6.9117649919e+00  1.2896717562e+00 -2.4610132856e+00  2.0113222113e+00  1.8845432641e+00 -1.2509136015e-01  1.8259641763e+00  1.0242047145e+00 -1.9672449451e-01  4.7993733499e+00  2.6331982318e+00 -1.9542922424e+00  6.2440489196e+00  5.6300622744e+00 -3.5543637018e+00  4.5223845428e+00  5.6452485238e+00 -2.7591133579e+00  3.3827796673e+00  1.6486517517e+00 -1.2518707580e+00  2.6330492383e+00  1.7718478290e+00 -1.1647251470e+00  4.1128760278e+00  2.6185220190e+00 -2.0370323786e+00  4.8402274831e+00  3.5462845062e+00 -2.9874464023e+00  4.1592906708e+00  4.3597501178e+00 -3.6763022353e+00  4.9948036610e+00  4.3206043167e+00 -2.5944601575e+00  3.0690339688e+00  1.3407291722e+00 -1.4820295826e+00 -1.2546424444e+00  8.9731474796e-01 -3.4851862095e+00  1.5890628964e-01  1.9701539943e+00  6.7252108355e-01 -1.7501235197e-01  4.6505728319e-01  6.3635789398e-01  6.7085453609e+00  1.8940695568e+00 -9.5551663379e-01  7.9970933564e+00  1.0980577146e+00 -3.3368846310e+00  2.6246029584e+00  2.1716022060e+00  8.1274276578e-01  2.2949454377e+00  3.8106148553e-01  4.6988761236e-01  4.2305263169e+00  3.2817732223e+00 -2.6264790427e+00  6.7923426371e+00  6.4728320706e+00 -4.0107583498e+00  5.0270011191e+00  6.4368159821e+00 -2.5247785250e+00  2.6831084788e+00  3.9786614267e+00 -1.9357066888e+00  2.3774046588e+00
ENERGY -6.884182850499e+02

JOB 7
COORDS  1.4594296590e+00 -1.4131112853e+00 -1.5287208082e-01  1.2454510577e+00 -2.5445584676e+00  6.4354005105e-01  1.7658873436e+00 -1.9024015947e-01  4.5275751879e-01  9.6788884284e-01 -1.1952067311e-01  6.2042507864e+00  1.8039620875e+00 -9.6699990509e-01  6.9387542668e+00  1.3433992705e+00 -2.4557838276e+00  2.0335014020e+00  1.8610174597e+00 -1.0188899699e-01  1.8455569001e+00  9.5397642973e-01 -2.1032602155e-01  4.8118508703e+00  2.6331828901e+00 -1.8743491377e+00  6.2811979094e+00  5.6435135956e+00 -3.6561280121e+00  4.4479959908e+00  5.6529658209e+00 -2.9013252878e+00  3.2858905852e+00  1.6570482759e+00 -1.2335399632e+00  2.6538832954e+00  1.7609168350e+00 -1.1372889048e+00  4.1351737145e+00  2.6397625215e+00 -1.9625403993e+00  4.8774941936e+00  3.6212363351e+00 -2.8710448419e+00  4.2332704139e+00  4.4083231919e+00 -3.6144071026e+00  5.0301675010e+00  4.3424101643e+00 -2.5337558155e+00  3.1000190190e+00  1.3857823622e+00 -1.4840132903e+00 -1.2348832436e+00  9.9933392116e-01 -3.4969995784e+00  1.8126931517e-01  1.9348910331e+00  6.9354864875e-01 -1.5720967642e-01  3.2667622079e-01  5.9736144566e-01  6.7103271753e+00  1.8218519741e+00 -9.1224041399e-01  8.0242306971e+00  1.1780730180e+00 -3.3362793726e+00  2.6480128280e+00  2.1123137390e+00  8.4633970579e-01  2.3141530055e+00  2.8318849834e-01  4.1984799406e-01  4.2335458988e+00  3.3102146152e+00 -2.5127001753e+00  6.8366593840e+00  6.4662814816e+00 -4.1997171210e+00  4.8954564533e+00  6.4044262919e+00 -2.7597788347e+00  2.5210866811e+00  4.0205047941e+00 -1.8810764145e+00  2.3950063390e+00
ENERGY -6.884337501297e+02

JOB 8
COORDS  1.4951002115e+00 -1.4132797205e+00 -1.4437534730e-01  1.3078958655e+00 -2.5473100395e+00  6.5544457388e-01  1.7657257921e+00 -1.8053451525e-01  4.5789890112e-01  8.9237982019e-01 -1.3647694675e-01  6.2017888476e+00  1.7642860924e+00 -9.3469024610e-01  6.9502812934e+00  1.3972923035e+00 -2.4504824088e+00  2.0452756763e+00  1.8519608226e+00 -8.3978743382e-02  1.8510270606e+00  8.9976921975e-01 -2.3144715843e-01  4.8096720504e+00  2.6483899749e+00 -1.7967509903e+00  6.3046474029e+00  5.6372436341e+00 -3.7473213517e+00  4.3482836369e+00  5.6255967267e+00 -3.0182090742e+00  3.1737394596e+00  1.6753048038e+00 -1.2178448565e+00  2.6619286796e+00  1.7652021488e+00 -1.1131810774e+00  4.1442078178e+00  2.6761918960e+00 -1.8880553962e+00  4.9008638407e+00  3.7084379849e+00 -2.7519256918e+00  4.2907500551e+00  4.4664552518e+00 -3.5624678513e+00  5.0357446116e+00  4.3685325062e+00 -2.4617074869e+00  3.1138729933e+00  1.4283906148e+00 -1.4901990047e+00 -1.2264241825e+00  1.0900163234e+00 -3.5078372484e+00  1.9574746727e-01  1.9133630905e+00  7.0521874844e-01 -1.5472459511e-01  2.0611332085e-01  5.4523200263e-01  6.6972613515e+00  1.7648546793e+00 -8.7626089029e-01  8.0356765472e+00  1.2553506328e+00 -3.3329766697e+00  2.6629134530e+00  2.0743451474e+00  8.7259203228e-01  2.3173105802e+00  2.0199006567e-01  3.5906879318e-01  4.2215678803e+00  3.3514324304e+00 -2.3995900774e+00  6.8686138955e+00  6.4289988485e+00 -4.3770751133e+00  4.7337386163e+00  6.3262266488e+00 -2.9463762114e+00  2.3536314880e+00  4.0463977165e+00 -1.8088423251e+00  2.4102559504e+00
ENERGY -6.884443303461e+02

JOB 9
COORDS  1.5356686750e+00 -1.4168053686e+00 -1.3435078166e-01  1.3694217584e+00 -2.5509153327e+00  6.7026084799e-01  1.7795413450e+00 -1.7622700912e-01  4.6290403269e-01  8.2498085572e-01 -1.6276852794e-01  6.1985534064e+00  1.7348568963e+00 -9.0341744914e-01  6.9613813497e+00  1.4530528972e+00 -2.4452817396e+00  2.0597783060e+00  1.8598799838e+00 -7.1306565506e-02  1.8561062345e+00  8.5505056638e-01 -2.6292561722e-01  4.8073035085e+00  2.6764681260e+00 -1.7120123828e+00  6.3293816432e+00  5.6165970992e+00 -3.8151032696e+00  4.2647053563e+00  5.5683999131e+00 -3.1242936263e+00  3.0703415007e+00  1.7042116291e+00 -1.2044654626e+00  2.6714433453e+00  1.7817078955e+00 -1.0910286108e+00  4.1546252035e+00  2.7268595377e+00 -1.8080007200e+00  4.9258551761e+00  3.8095800378e+00 -2.6224078734e+00  4.3465644162e+00  4.5379702473e+00 -3.4889850600e+00  5.0491631616e+00  4.3999477196e+00 -2.3961643109e+00  3.1234836331e+00  1.4734169818e+00 -1.5000236438e+00 -1.2161990507e+00  1.1728957193e+00 -3.5179222052e+00  2.1451220068e-01  1.9103922165e+00  7.0959098816e-01 -1.5340248681e-01  9.1832562833e-02  4.7731001493e-01  6.6822589644e+00  1.7179642686e+00 -8.4151720231e-01  8.0464025976e+00  1.3300637223e+00 -3.3276395743e+00  2.6817694902e+00  2.0600730238e+00  8.9190570989e-01  2.3187310865e+00  1.2985041604e-01  2.8146509875e-01  4.2079807795e+00  3.4056744051e+00 -2.2729943710e+00  6.9041005928e+00  6.3685661487e+00 -4.5185427577e+00  4.5985207661e+00  6.2075209161e+00 -3.1236676650e+00  2.1988760939e+00  4.0615475323e+00 -1.7616028568e+00  2.4116205035e+00
ENERGY -6.884502073665e+02

JOB 10
COORDS  1.6591363971e+00 -1.3226300193e+00 -1.5406745059e-01  7.7324757556e-01 -2.1231139266e+00  5.7358603855e-01  2.5729299321e+00 -5.0763898888e-01  5.2585062376e-01  6.0119866614e-01 -6.5601322082e-01  6.2140418593e+00  1.7181615533e+00 -1.0524484340e+00  6.9585872337e+00  8.0304912822e-01 -2.1114513086e+00  1.9730494197e+00  2.6036185124e+00 -4.9928716984e-01  1.9217066831e+00  6.2678696942e-01 -7.7332673347e-01  4.8242607604e+00  2.8317769864e+00 -1.5803492840e+00  6.3113116220e+00  6.0895049158e+00 -3.0675287937e+00  4.0863694983e+00  5.4247972077e+00 -3.4113211424e+00  2.9268855517e+00  1.7224008554e+00 -1.3053484380e+00  2.6633026226e+00  1.7493214545e+00 -1.2846302596e+00  4.1537717718e+00  2.8644688017e+00 -1.7166795610e+00  4.9095698733e+00  4.0648521139e+00 -2.3421394871e+00  4.3318903227e+00  5.2434285029e+00 -2.4127563815e+00  4.9476476340e+00  4.1362819111e+00 -2.9537947989e+00  3.1018484686e+00  1.6373083865e+00 -1.3311810150e+00 -1.2406406469e+00  6.0343692280e-02 -2.7586039632e+00  5.4444523126e-02  3.2611720861e+00  1.2201340720e-01 -3.2095159886e-02 -2.7633257015e-01 -2.4912251315e-01  6.7095494143e+00  1.7160790880e+00 -9.5965490128e-01  8.0415329691e+00  1.1999855280e-01 -2.7407093337e+00  2.5381205788e+00  3.3195503336e+00  1.2580535449e-01  2.4484375001e+00 -2.2306176839e-01 -4.3904882473e-01  4.2347658261e+00  3.6987168573e+00 -1.9103480272e+00  6.8741363046e+00  7.1247890153e+00 -3.2532259142e+00  4.3419087706e+00  5.7347744486e+00 -3.9290722007e+00  2.0304885313e+00  3.3875466603e+00 -3.0115126600e+00  2.4240531013e+00
ENERGY -6.884515758143e+02

