JOB 0
COORDS  1.0370420225e+00 -3.4201117898e+00 -1.6982822569e+00  1.2864391434e-01  2.3926402174e+00  2.1807517218e+00  2.5208347025e-01  1.5815921157e+00  1.0350390335e+00  1.4497303372e+00 -3.9708008770e+00 -2.9056830835e+00 -1.2144168523e+00 -1.3348102369e-01  2.0082061499e+00  1.0562089618e+00 -1.8261775726e+00 -3.9863742683e+00  6.2371514279e-01 -2.0795672656e+00 -1.5893620392e+00 -6.5847262793e-01  1.9103167285e+00  3.2088300966e+00 -1.3121383240e+00  6.7983864753e-01  3.1207436956e+00 -4.0273452269e-01  3.5536596088e-01  9.6881170595e-01  6.4651731299e-01 -1.3063116657e+00 -2.7609214507e+00  1.4536842978e+00 -3.1605440719e+00 -4.0460947960e+00  2.2133819264e-01 -1.6122191021e+00 -2.3078763902e-01 -1.6475390570e+00  1.5019742874e+00  5.1733876922e+00  3.4274763247e-01 -2.2929054280e+00  7.6813689170e-01 -9.6843753781e-01  2.5128199234e+00  4.4111998971e+00 -2.0532941667e+00  4.6612696334e-01  4.2626178713e+00 -2.7571870792e-01 -3.4646473466e-01 -2.4051582525e-01  2.8029716984e-01 -1.0745475977e-02 -2.7554741249e+00  1.9679292687e+00 -3.8266476760e+00 -5.5782883714e+00  1.0271303995e+00 -4.0214976841e+00 -7.9519045889e-01  6.2678356220e-01  3.3539710722e+00  2.2500623120e+00  8.5214083724e-01  1.9033426901e+00  1.9039844085e-01  1.7635041826e+00 -5.0071483177e+00 -2.9685422332e+00 -1.7166995824e+00 -1.0902459366e+00  1.9433314325e+00  1.0594601543e+00 -1.1887262401e+00 -4.8637422520e+00 -9.5647708924e-01  1.0804501935e+00  5.9162269337e+00 -2.5320400062e+00  1.9359320190e+00  5.6436914525e+00
ENERGY -1.399366520327e+03

JOB 1
COORDS  8.1673690520e-01 -3.4998426103e+00 -1.7381903906e+00 -4.4442662245e-02  2.3985039632e+00  1.9483493375e+00 -3.6102242823e-02  1.5279564073e+00  8.4150195600e-01  1.3974495313e+00 -3.9740254301e+00 -2.9081864585e+00 -1.2479672334e+00 -1.9872318209e-01  2.1033546574e+00  1.3804302412e+00 -1.7110207749e+00 -3.8008261395e+00  4.9556425431e-01 -2.1416456672e+00 -1.5581140175e+00 -6.4713930989e-01  1.9391345931e+00  3.1044620826e+00 -1.2323741176e+00  6.7475151871e-01  3.1750070903e+00 -6.1916533442e-01  2.6567098754e-01  9.3311513140e-01  7.9435569703e-01 -1.2696650470e+00 -2.6169925196e+00  1.6742082331e+00 -3.0665668016e+00 -3.9364936754e+00 -1.0094568036e-01 -1.7586892214e+00 -2.4608910198e-01 -1.3287855999e+00  1.6020355744e+00  5.2085286301e+00 -1.1453120125e-01 -2.5002171066e+00  7.1617584451e-01 -8.1939223683e-01  2.5970221177e+00  4.3056271185e+00 -1.7924290205e+00  4.9231907733e-01  4.4211263444e+00 -6.0082935454e-01 -4.9276343226e-01 -2.4719241040e-01  5.4650588299e-01  5.2048022712e-02 -2.5325420734e+00  2.4060347276e+00 -3.6348495936e+00 -5.4185843907e+00  5.9769328529e-01 -4.1786080872e+00 -9.2041507496e-01  4.0091433008e-01  3.3864302257e+00  1.8948639234e+00  4.2016287782e-01  1.8256356290e+00 -9.6428832708e-02  1.6343308170e+00 -5.0256941452e+00 -3.0277030875e+00 -1.7013746745e+00 -1.1791959863e+00  2.1596705138e+00  1.5983997305e+00 -9.9783219876e-01 -4.5881986167e+00 -5.2011717561e-01  1.2634468945e+00  5.8707309175e+00 -2.1654601004e+00  2.0191274142e+00  5.7725047687e+00
ENERGY -1.399364313380e+03

JOB 2
COORDS -2.4916911982e+00 -2.6155693222e+00 -2.0773512423e+00  4.4709584623e-01  5.5342504322e-01  3.3383678865e+00  3.5429466153e-01  3.2058203089e-02  2.0336973243e+00 -2.3380061800e+00 -3.8323311870e+00 -2.7299334159e+00 -1.7139977822e+00  1.2908029648e+00  1.6022310714e+00 -7.6042092349e-02 -3.9881460729e+00 -1.8480534618e+00 -1.4635545180e+00 -2.0457491638e+00 -1.3025367500e+00 -5.4823906106e-01  1.4251861650e+00  3.7384649259e+00 -1.5976653180e+00  1.7793907508e+00  2.8908277451e+00 -7.0455751316e-01  3.9365053811e-01  1.2020289873e+00 -2.6084282292e-01 -2.7643831525e+00 -1.2095281792e+00 -1.1204566559e+00 -4.5111480816e+00 -2.6082507171e+00 -1.7652706074e+00 -7.5000983287e-01 -6.3042953441e-01 -1.7793213796e+00  2.9842372490e+00  4.7674189393e+00 -2.8879172977e+00 -2.9070088928e-01 -5.6162592819e-01 -7.1281211438e-01  2.0417772726e+00  4.9629264133e+00 -2.4565870552e+00  2.6335188283e+00  3.5487480600e+00 -6.6413224076e-01 -1.5439840989e-01 -8.8830970602e-02  7.7698218686e-01 -2.3135682450e+00 -4.7728312805e-01 -8.9992691764e-01 -6.0440766216e+00 -3.4177372056e+00 -3.4266696950e+00 -2.0694391388e+00 -2.1479311840e+00  1.2606360208e+00  2.7760063391e-01  4.0012680124e+00  1.1024249178e+00 -6.5565281459e-01  1.6557992821e+00 -3.1423395145e+00 -4.2532477927e+00 -3.3234633896e+00 -2.5276523672e+00  1.5652336432e+00  9.4472314297e-01  8.6888209842e-01 -4.5095076492e+00 -1.7414698590e+00 -2.4797779998e+00  2.9168889501e+00  5.6022816059e+00 -1.3590325705e+00  3.9947256991e+00  4.6697357598e+00
ENERGY -1.399361181806e+03

JOB 3
COORDS -2.4571016711e+00 -2.4824511773e+00 -2.1068994848e+00  5.7393443623e-01  6.4312799160e-01  3.1675864376e+00  5.1501525645e-01  2.1568258560e-01  1.8271050896e+00 -2.3875901723e+00 -3.7892604570e+00 -2.5721083026e+00 -1.7043990082e+00  1.2322792233e+00  1.5306409839e+00 -1.9853454939e-01 -4.0135357526e+00 -1.5332433443e+00 -1.4211936182e+00 -1.8993350878e+00 -1.3513838492e+00 -5.1312395439e-01  1.3439839107e+00  3.6543608319e+00 -1.6202048864e+00  1.6248265052e+00  2.8542824950e+00 -6.0105081540e-01  5.0436967607e-01  1.0430301463e+00 -2.9847720856e-01 -2.6992131990e+00 -1.0838680966e+00 -1.2485376095e+00 -4.5474917394e+00 -2.2777229367e+00 -1.6291884232e+00 -4.9920951583e-01 -8.8684792881e-01 -1.9023436142e+00  2.6509129419e+00  4.8221067586e+00 -2.6841218144e+00  8.6797331099e-02 -1.0220232579e+00 -7.2377337177e-01  1.8372028866e+00  4.9276453326e+00 -2.5629359340e+00  2.3088678710e+00  3.5913374397e+00 -5.3432662573e-01  5.8610430214e-02 -2.8472700290e-01  7.4186894854e-01 -2.2376883519e+00 -3.6319632744e-01 -1.1348978633e+00 -6.1944502425e+00 -2.8491150226e+00 -3.3290692400e+00 -1.8714075658e+00 -2.3156237318e+00  1.4327947122e+00  4.2226194908e-01  3.7928804270e+00  1.3314629301e+00 -3.4468547931e-01  1.3866352437e+00 -3.1966388591e+00 -4.2195311530e+00 -3.1524094622e+00 -2.5563195637e+00  1.4659220107e+00  9.0555923209e-01  6.8663033674e-01 -4.5937127913e+00 -1.2967476376e+00 -2.5676848468e+00  2.4359067643e+00  5.6606762496e+00 -1.6128582403e+00  3.7105484158e+00  4.7939631664e+00
ENERGY -1.399357869738e+03

JOB 4
COORDS -2.3923868822e+00 -2.3312791761e+00 -2.1793349809e+00  7.8222599725e-01  7.8988211085e-01  2.9761523758e+00  7.6093945614e-01  4.4436753799e-01  1.6112523861e+00 -2.4511577957e+00 -3.6870761575e+00 -2.4732924940e+00 -1.6297509914e+00  9.8295524736e-01  1.4445082086e+00 -4.2808902390e-01 -4.0320225871e+00 -1.1640733429e+00 -1.3677496779e+00 -1.7816164927e+00 -1.3839161837e+00 -4.0687767548e-01  1.2111536694e+00  3.5400059654e+00 -1.5786852480e+00  1.3002035111e+00  2.7901005904e+00 -4.1922465079e-01  5.4090860706e-01  8.7589676941e-01 -3.9572485255e-01 -2.6670348179e+00 -8.9083091773e-01 -1.4595327700e+00 -4.5303320992e+00 -1.9576561414e+00 -1.4202411449e+00 -3.1681076064e-01 -1.1250942608e+00 -1.9896591029e+00  2.1239242813e+00  4.8268437705e+00 -2.3460999720e+00  3.8132915611e-01 -1.4793690117e+00 -6.6938628201e-01  1.5618088869e+00  4.8519113500e+00 -2.6153474973e+00  1.7176579951e+00  3.5966218598e+00 -3.2270408343e-01  1.9748351863e-01 -4.7685818889e-01  6.1581815699e-01 -2.2375595967e+00 -1.1375149905e-01 -1.5121605170e+00 -6.2401981612e+00 -2.3098772525e+00 -3.1483913756e+00 -1.6533911287e+00 -2.5617776796e+00  1.6928289480e+00  7.1575943129e-01  3.5616449581e+00  1.6585500546e+00  9.4439724041e-02  1.1141743750e+00 -3.2471565793e+00 -4.0915164612e+00 -3.0890973589e+00 -2.5375102064e+00  1.0881166058e+00  8.6325218441e-01  3.4238557657e-01 -4.6775054181e+00 -7.5693624460e-01 -2.5654803866e+00  1.7362870026e+00  5.6693558424e+00 -1.9211390338e+00  3.2205584643e+00  4.8503306769e+00
ENERGY -1.399355459775e+03

JOB 5
COORDS -4.8587404886e-01  2.9330206112e+00 -2.6211247612e+00  1.6240163662e-01  2.1875695592e+00  3.1029942674e+00  2.6479478149e-01  1.8031923378e+00  1.7481389696e+00 -1.3520012100e+00  3.7915695465e+00 -3.2854038370e+00 -1.2782075265e+00 -7.0287004884e-02  2.1156807792e+00 -3.2038597750e+00  2.8826739204e+00 -1.9934466034e+00 -9.3461284066e-01  2.0331213868e+00 -1.6346677376e+00 -6.4865880805e-01  1.4303012325e+00  3.9221394935e+00 -1.3479431382e+00  3.2464298602e-01  3.4363359819e+00 -4.4828866992e-01  7.0042709155e-01  1.2790302183e+00 -2.3090683715e+00  2.0349867994e+00 -1.3462514295e+00 -2.7134940822e+00  3.7578463960e+00 -2.9607420589e+00  8.8269397157e-02  1.1627962509e+00 -9.9168161584e-01 -1.8181591318e+00  5.3939753028e-01  5.6261112823e+00  1.2548930206e+00  1.1654546615e+00 -1.3131321237e+00 -9.0853783666e-01  1.5918832724e+00  5.2690930751e+00 -2.0762885866e+00 -2.5150159007e-01  4.4502123717e+00 -3.8899706610e-01  2.7763495237e-01 -4.6594750528e-02 -2.8314165817e+00  1.2082380521e+00 -4.2174940857e-01 -3.8236085941e+00  4.8297113294e+00 -3.7788890795e+00  5.7430429162e-01  2.9362373350e+00 -2.8522454977e+00  7.1205457942e-01  3.0418608946e+00  3.4843167270e+00  9.2089515252e-01  2.3567235893e+00  1.0859044806e+00 -9.8703937856e-01  4.4779244113e+00 -4.0418256462e+00 -1.8314538386e+00 -9.1591128422e-01  1.7236807671e+00 -4.2566731803e+00  2.8471145045e+00 -1.7358480752e+00 -1.3586464742e+00 -9.4915673404e-02  6.3917682633e+00 -2.7593886524e+00  9.7510635294e-01  5.9789692551e+00
ENERGY -1.399355244332e+03

JOB 6
COORDS -4.6388953967e-01  2.9562789464e+00 -2.4586462717e+00  1.3780911747e-01  2.2647513908e+00  2.9140231005e+00  3.0333704332e-01  1.7799868591e+00  1.5987694837e+00 -1.3525724899e+00  3.8845191217e+00 -2.9866327582e+00 -1.2263861898e+00 -8.8973438185e-02  2.0396722533e+00 -3.1736403306e+00  2.7665268725e+00 -1.8210092950e+00 -8.8516783534e-01  1.9237393350e+00 -1.5995920909e+00 -6.9656086375e-01  1.5546253274e+00  3.7523619125e+00 -1.3572941681e+00  4.0238951037e-01  3.3227181701e+00 -3.7339430568e-01  6.3327905579e-01  1.1835816325e+00 -2.2554320221e+00  1.8562359419e+00 -1.3060282051e+00 -2.7088634440e+00  3.7804123657e+00 -2.6569644401e+00  1.5908472702e-01  9.8395898409e-01 -1.0993356448e+00 -1.9203976701e+00  7.6944218638e-01  5.4701015767e+00  1.2661825300e+00  9.1487483920e-01 -1.5822791648e+00 -1.0153041044e+00  1.8111302362e+00  5.0707117608e+00 -2.1188041416e+00 -1.0941070878e-01  4.3464269993e+00 -2.2582884066e-01  1.1448391333e-01 -1.0013309598e-01 -2.7504849712e+00  8.8257164948e-01 -5.1808705948e-01 -3.8463301977e+00  4.9366446737e+00 -3.3060818124e+00  5.9233057932e-01  3.0094841376e+00 -2.7016596245e+00  6.5809918046e-01  3.1543954654e+00  3.2532689951e+00  9.8010148312e-01  2.2914949258e+00  9.2275818512e-01 -1.0082765438e+00  4.6770935484e+00 -3.6421999274e+00 -1.7497896833e+00 -9.7114705395e-01  1.6896654147e+00 -4.2238885342e+00  2.6693586231e+00 -1.5687717870e+00 -1.4799234671e+00  2.0200720203e-01  6.2969417148e+00 -2.8816254289e+00  1.2112600935e+00  5.7543889876e+00
ENERGY -1.399356604018e+03

JOB 7
COORDS -4.4520961222e-01  2.9679922837e+00 -2.3131031229e+00  1.0932529985e-01  2.3196716113e+00  2.7660986547e+00  3.4038421948e-01  1.7716710751e+00  1.4868753734e+00 -1.3479000677e+00  3.9487322637e+00 -2.7089023651e+00 -1.1720429164e+00 -1.0385506460e-01  1.9567231245e+00 -3.1426989258e+00  2.6913682146e+00 -1.6488279829e+00 -8.4716263750e-01  1.8460102846e+00 -1.5674886904e+00 -7.4876524821e-01  1.6353194870e+00  3.6029808374e+00 -1.3681378678e+00  4.4878530203e-01  3.2062847558e+00 -2.9848713520e-01  5.9348793422e-01  1.1017259282e+00 -2.2098166294e+00  1.7349071952e+00 -1.2616649718e+00 -2.6963931424e+00  3.8003791290e+00 -2.3665297968e+00  2.0203737422e-01  8.4588117801e-01 -1.2062756673e+00 -2.0310755344e+00  9.1328452852e-01  5.3056607320e+00  1.2175662813e+00  7.0522956228e-01 -1.8485280691e+00 -1.1283997697e+00  1.9517339764e+00  4.8908364153e+00 -2.1623437890e+00 -2.6771387575e-02  4.2225353258e+00 -6.7018632291e-02  1.3736641289e-02 -1.4433265821e-01 -2.6788177590e+00  6.6042014404e-01 -5.9569260024e-01 -3.8507657346e+00  5.0189628628e+00 -2.8534683130e+00  6.0446465713e-01  3.0530904075e+00 -2.5754384428e+00  5.9828250964e-01  3.2352879535e+00  3.0818900288e+00  1.0354176234e+00  2.2606465066e+00  8.1230882268e-01 -1.0192750197e+00  4.8139453655e+00 -3.2744728875e+00 -1.6624388725e+00 -1.0136637892e+00  1.6307376703e+00 -4.1885110226e+00  2.5561226936e+00 -1.3956833919e+00 -1.6170787132e+00  3.9964053806e-01  6.1798506991e+00 -3.0118708556e+00  1.3495268283e+00  5.5238393672e+00
ENERGY -1.399358415524e+03

JOB 8
COORDS -4.2209288221e-01  2.8833517419e+00 -2.2418484646e+00  1.2410688316e-01  2.3660721401e+00  2.6334962398e+00  4.1673562418e-01  1.7682171797e+00  1.3905832075e+00 -1.3391375471e+00  3.8898410622e+00 -2.5291858315e+00 -1.0385163005e+00 -1.4100216953e-01  1.9016584036e+00 -3.0923890621e+00  2.5606325058e+00 -1.4888383403e+00 -7.9662480929e-01  1.7173184160e+00 -1.5551392405e+00 -7.3629882047e-01  1.6884883118e+00  3.4745151261e+00 -1.2976610277e+00  4.6173803660e-01  3.1164469606e+00 -1.6684842857e-01  5.5110480601e-01  1.0417951275e+00 -2.1450714543e+00  1.5822781478e+00 -1.2084956378e+00 -2.6724523642e+00  3.7189869617e+00 -2.1424645004e+00  2.5461907131e-01  6.8213569967e-01 -1.3044665989e+00 -2.0575459394e+00  1.0052627335e+00  5.1630950515e+00  1.1534867861e+00  4.6696010341e-01 -2.0851438105e+00 -1.1668916735e+00  2.0487437696e+00  4.7336024326e+00 -2.1047426381e+00  2.9178545696e-03  4.1303654441e+00  1.4144043770e-01 -7.5627060966e-02 -1.6654208703e-01 -2.5802756924e+00  4.5360989954e-01 -6.0950634198e-01 -3.8432854702e+00  4.9686819787e+00 -2.4956076582e+00  6.1491334295e-01  2.9872940381e+00 -2.5452696259e+00  5.6811016415e-01  3.3133230459e+00  2.9209674728e+00  1.1113823472e+00  2.2517590939e+00  7.1174810840e-01 -1.0320643760e+00  4.7917516069e+00 -3.0475901376e+00 -1.4828761440e+00 -1.0837815182e+00  1.6048280780e+00 -4.1282335897e+00  2.4052535807e+00 -1.2077626683e+00 -1.6723371674e+00  5.5566964257e-01  6.0840623891e+00 -3.0610343971e+00  1.4204185746e+00  5.3081107953e+00
ENERGY -1.399359946609e+03

JOB 9
COORDS -4.1587627165e-01  2.8641895855e+00 -2.1911635347e+00  5.3944264281e-02  2.4486268085e+00  2.5728259124e+00  4.0400400293e-01  1.8308073947e+00  1.3553526030e+00 -1.3151758748e+00  3.9053300623e+00 -2.4070650865e+00 -9.9236799481e-01 -1.1920672347e-01  1.8738191782e+00 -3.0717596522e+00  2.5806427558e+00 -1.3635624043e+00 -8.0271982274e-01  1.6862422692e+00 -1.5353864937e+00 -8.0598632758e-01  1.7595069444e+00  3.4057860954e+00 -1.3103182599e+00  5.0377298534e-01  3.0644492523e+00 -1.2479353718e-01  5.8540929478e-01  1.0212520960e+00 -2.1416188148e+00  1.5694440833e+00 -1.1543111826e+00 -2.6390301100e+00  3.7534585154e+00 -1.9831040377e+00  2.1703897418e-01  6.0247450553e-01 -1.3576362188e+00 -2.1416350815e+00  1.0645875889e+00  5.0783530216e+00  9.8831391862e-01  2.8932715243e-01 -2.2351539497e+00 -1.2876813012e+00  2.1356479936e+00  4.6408690014e+00 -2.1299142825e+00  4.0524184521e-02  4.0662271600e+00  2.5318288828e-01 -5.9567193030e-02 -1.5978020084e-01 -2.5790043962e+00  4.2197023955e-01 -5.9072038952e-01 -3.7854405362e+00  5.0474786545e+00 -2.2483870452e+00  6.1240756557e-01  2.9543316133e+00 -2.5274626898e+00  4.5301899533e-01  3.4191882185e+00  2.8481065816e+00  1.0963810757e+00  2.3230475513e+00  6.8068538263e-01 -1.0009783768e+00  4.8186600981e+00 -2.9006365924e+00 -1.3906403526e+00 -1.0862874572e+00  1.5900385746e+00 -4.1026581951e+00  2.4403195575e+00 -1.0574488686e+00 -1.7533897102e+00  6.5045216080e-01  6.0147125052e+00 -3.1634062201e+00  1.4405945264e+00  5.1985599167e+00
ENERGY -1.399360678000e+03

JOB 10
COORDS -4.0281212771e-01  2.8252972513e+00 -2.1800961251e+00 -2.8099235012e-03  2.5310838793e+00  2.5300421042e+00  4.0192209515e-01  1.9076731586e+00  1.3328760915e+00 -1.2797190482e+00  3.8940873963e+00 -2.3544624150e+00 -9.1160186142e-01 -9.6590996927e-02  1.8600940900e+00 -3.0421371839e+00  2.6047797329e+00 -1.2768532055e+00 -8.0508141853e-01  1.6519820381e+00 -1.5276437496e+00 -8.4886457140e-01  1.8176656640e+00  3.3573926743e+00 -1.2858889649e+00  5.3322519329e-01  3.0308868957e+00 -6.1187730041e-02  6.3343463204e-01  1.0122927656e+00 -2.1338449618e+00  1.5666131561e+00 -1.1103479074e+00 -2.5939985604e+00  3.7737555784e+00 -1.8932407955e+00  1.8172814005e-01  5.3001518372e-01 -1.3888465376e+00 -2.1904043690e+00  1.0938721889e+00  5.0129292771e+00  8.2319510682e-01  1.1295932243e-01 -2.3249986411e+00 -1.3752623228e+00  2.1943442857e+00  4.5734725348e+00 -2.1039488919e+00  5.0364841722e-02  4.0246971559e+00  3.7918709057e-01 -1.2409772080e-02 -1.4887878462e-01 -2.5790457165e+00  4.2017590452e-01 -5.4828098345e-01 -3.7102489217e+00  5.1037849166e+00 -2.1074117254e+00  6.1672044834e-01  2.8937283556e+00 -2.5470928000e+00  3.4327595067e-01  3.5247005068e+00  2.7944969185e+00  1.0812824571e+00  2.4192564693e+00  6.5957918123e-01 -9.5477918008e-01  4.8047420481e+00 -2.8460133382e+00 -1.2561073989e+00 -1.0875348575e+00  1.5883297250e+00 -4.0670454507e+00  2.4890021777e+00 -9.4172260679e-01 -1.8086607884e+00  7.1855712484e-01  5.9680368714e+00 -3.2312827599e+00  1.4243756088e+00  5.0981461433e+00
ENERGY -1.399360549900e+03

JOB 11
COORDS -1.6633530599e+00 -2.7003762861e+00  2.9297684131e-01  9.4051054925e-01  1.2145700559e+00  3.3124845906e+00  1.2230804412e+00  7.0237157900e-01  2.0305717347e+00 -2.2856838590e+00 -3.5403082065e+00  1.2159086956e+00 -1.1625833654e+00  6.6473129871e-01  1.4545164381e+00 -2.7390155198e-01 -3.5031886290e+00  2.5873680581e+00 -3.6373678931e-01 -2.2256360598e+00  5.0736450857e-01 -3.8823290335e-01  1.4253287272e+00  3.6286711293e+00 -1.4129885861e+00  1.1582185994e+00  2.7200666429e+00  1.8965212718e-01  4.2988911756e-01  1.1417350658e+00  3.0771644725e-01 -2.6602021913e+00  1.6484778182e+00 -1.5836403255e+00 -3.9284005084e+00  2.3603966647e+00  2.7164791387e-01 -1.3223227016e+00 -5.1239750828e-01 -2.3458612807e+00  1.9525959432e+00  4.6065951254e+00  5.0445797420e-01 -1.6715065061e+00 -1.6444401726e+00 -9.2207106013e-01  1.9086657201e+00  4.8029402942e+00 -2.6300675942e+00  1.4627644595e+00  3.2821831383e+00  5.1940811474e-01 -2.8307783229e-02 -1.4275534104e-01  1.5871955579e+00 -2.2674348272e+00  1.8468137176e+00 -2.3506676756e+00 -4.9808419158e+00  3.5299164316e+00 -2.1930753885e+00 -2.3992558545e+00 -6.0591974402e-01  1.7324904906e+00  1.4305199028e+00  4.0218216903e+00  2.2452483481e+00  5.0544710665e-01  1.7273982739e+00 -3.2979126049e+00 -3.8930185426e+00  1.0502492377e+00 -1.9554983623e+00  4.6775932381e-01  7.4179078769e-01  2.8893584824e-01 -3.8176073490e+00  3.4594354836e+00 -2.8338306653e+00  1.3050251792e+00  5.3424651537e+00 -2.6922806055e+00  2.9882698452e+00  4.6897788261e+00
ENERGY -1.399359746867e+03

JOB 12
COORDS  2.9806457796e+00 -1.9079241779e+00  3.0590001054e-02  9.4924828997e-01  1.0759102143e+00  3.0975547939e+00  1.2615600891e+00  9.1711245406e-01  1.7326664847e+00  3.3115892255e+00 -3.0011358999e+00  8.2873548830e-01 -1.1150463732e+00  7.5801532938e-01  1.1438633898e+00  9.4359427662e-01 -3.4171806171e+00  1.2150323293e+00  1.6465537572e+00 -1.5247380183e+00 -1.6320944659e-01 -3.8880728501e-01  1.0738334885e+00  3.4423373827e+00 -1.3942224662e+00  9.2463167560e-01  2.4861743335e+00  2.4601088214e-01  7.4774025866e-01  7.9411155090e-01  6.5527503577e-01 -2.3125806767e+00  4.2305308669e-01  2.2848326575e+00 -3.7433407789e+00  1.4198723316e+00  1.3559008810e+00 -3.4936657742e-01 -1.0497037468e+00 -2.3747438601e+00  1.1535724718e+00  4.4979797040e+00  1.8328462235e+00 -2.3913420055e-01 -2.1552255340e+00 -9.5099232543e-01  1.2164765494e+00  4.6919059874e+00 -2.6271650669e+00  9.6619857200e-01  3.0929168961e+00  5.4698421346e-01  6.4322045744e-01 -5.6892066664e-01 -6.4485665420e-01 -2.0204957430e+00  1.9333702143e-01  2.6812875576e+00 -5.1217985433e+00  2.4216334696e+00  3.7636390195e+00 -1.3299678838e+00 -4.5076326520e-01  1.7263949926e+00  1.2036989625e+00  3.8436767531e+00  2.2968963601e+00  9.3195350823e-01  1.4095043973e+00  4.3477515741e+00 -3.2804155900e+00  9.8643865978e-01 -1.8862114828e+00  6.2587352939e-01  3.9396405927e-01  1.3820150110e-01 -4.0030602891e+00  1.6442633990e+00 -2.7793241249e+00  3.0098580258e-01  5.0536577018e+00 -2.8272431432e+00  2.0963445232e+00  4.8232377113e+00
ENERGY -1.399360549023e+03

JOB 13
COORDS  3.0047546944e+00 -1.9357989316e+00  5.1949828965e-02  9.0558096984e-01  1.1686305599e+00  3.0595188415e+00  1.1994688255e+00  9.5369184558e-01  1.6979349463e+00  3.3215799649e+00 -3.0611685469e+00  8.0857315726e-01 -1.1822718676e+00  7.1017990376e-01  1.1600219261e+00  9.4685975016e-01 -3.4806160417e+00  1.1463651241e+00  1.6747175851e+00 -1.5371616304e+00 -1.4646329713e-01 -4.2566410893e-01  1.1523752777e+00  3.4278980756e+00 -1.4427325097e+00  9.3422785298e-01  2.4974655501e+00  1.7268008326e-01  7.1732250971e-01  7.8574464185e-01  6.7137186328e-01 -2.3434131211e+00  3.9646924369e-01  2.2834367003e+00 -3.8218462770e+00  1.3554095982e+00  1.4126922793e+00 -3.2588512575e-01 -9.8918283835e-01 -2.3952486071e+00  1.2335963967e+00  4.5135576386e+00  2.0101982666e+00 -1.1212026204e-01 -2.0188691844e+00 -9.7096629343e-01  1.3424109710e+00  4.6790867113e+00 -2.6661217844e+00  9.7518657881e-01  3.1232008501e+00  4.4745225911e-01  5.5221386567e-01 -5.7474108631e-01 -6.2570846179e-01 -2.0439574178e+00  1.6513220203e-01  2.6597087656e+00 -5.2413229912e+00  2.3054641007e+00  3.7946283505e+00 -1.3406988355e+00 -3.9586772122e-01  1.6919390270e+00  1.3505647540e+00  3.7844802364e+00  2.2291346405e+00  9.8295247584e-01  1.3576497498e+00  4.3544018337e+00 -3.3508864092e+00  9.6934404241e-01 -1.9620127012e+00  5.2274222727e-01  4.3113896921e-01  1.3341383429e-01 -4.0797572769e+00  1.5406797048e+00 -2.7678654198e+00  3.9725498292e-01  5.1145661414e+00 -2.8674972700e+00  2.1782120198e+00  4.8034097848e+00
ENERGY -1.399360677803e+03

JOB 14
COORDS  3.0372730581e+00 -1.9735697352e+00  3.0510125633e-02  8.6000232558e-01  1.2804998858e+00  3.0314213801e+00  1.1467252395e+00  1.0011684818e+00  1.6795185693e+00  3.3510389161e+00 -3.1422166330e+00  7.1779831715e-01 -1.2361055868e+00  6.9280340792e-01  1.1784231228e+00  9.7636754486e-01 -3.5608898022e+00  1.0478430987e+00  1.7089455141e+00 -1.5524622504e+00 -1.4183520595e-01 -4.6687841247e-01  1.2635491174e+00  3.4133177217e+00 -1.4882989807e+00  9.8190465454e-01  2.5047008368e+00  1.1547945430e-01  7.0441429351e-01  7.8954113003e-01  7.0242066014e-01 -2.3805167495e+00  3.6605120714e-01  2.3104989163e+00 -3.9260404540e+00  1.2270819412e+00  1.4667545320e+00 -2.9040017015e-01 -9.0867891617e-01 -2.4277790800e+00  1.3652801799e+00  4.5128187405e+00  2.1629225838e+00  4.8502096201e-02 -1.8383015976e+00 -1.0048885301e+00  1.5095321178e+00  4.6585082655e+00 -2.7067005215e+00  1.0354987458e+00  3.1391555158e+00  3.7579710285e-01  4.6503768136e-01 -5.6062455267e-01 -5.9567316911e-01 -2.0658946255e+00  1.7098397829e-01  2.6803384483e+00 -5.4003276642e+00  2.0913613977e+00  3.8273799994e+00 -1.3569508350e+00 -3.8634094843e-01  1.6498996723e+00  1.5117864917e+00  3.7382667716e+00  2.1732904744e+00  1.0337288127e+00  1.3298443075e+00  4.3827012118e+00 -3.4473750611e+00  8.5575398269e-01 -2.0189506575e+00  4.5401751007e-01  4.6812086568e-01  1.6058208590e-01 -4.1739411423e+00  1.4149687338e+00 -2.7784184720e+00  5.5150284259e-01  5.1567139472e+00 -2.9162164590e+00  2.3132045354e+00  4.7621259404e+00
ENERGY -1.399359944500e+03

JOB 15
COORDS  3.0921842352e+00 -2.0595584931e+00  2.2642759610e-02  7.6706280546e-01  1.3549693370e+00  3.0986024476e+00  1.0625421607e+00  9.9431988296e-01  1.7671657837e+00  3.4404906634e+00 -3.2716216261e+00  6.0825169236e-01 -1.3147683752e+00  6.2085097042e-01  1.2826519737e+00  1.0840068901e+00 -3.7231014311e+00  1.0197315093e+00  1.7551195144e+00 -1.6342253827e+00 -6.5085426197e-02 -5.5990447767e-01  1.3447132286e+00  3.4781844014e+00 -1.5744290522e+00  9.9128522835e-01  2.5867359884e+00  3.7872771213e-02  6.2954886056e-01  8.9446261600e-01  7.7358547221e-01 -2.4993134989e+00  4.3581798386e-01  2.4250754547e+00 -4.0945991889e+00  1.1075538489e+00  1.4910334107e+00 -3.2086874605e-01 -7.2605510237e-01 -2.5262290058e+00  1.4935488619e+00  4.5627117287e+00  2.2435213906e+00  1.6201315700e-01 -1.5410097085e+00 -1.1060041936e+00  1.6610573564e+00  4.7047717736e+00 -2.7954327176e+00  1.0671910517e+00  3.2136967099e+00  2.9702699823e-01  2.9687957603e-01 -4.3390051386e-01 -5.3381583664e-01 -2.1841072611e+00  3.3913857843e-01  2.8371999056e+00 -5.6235735564e+00  1.8471558921e+00  3.8594157763e+00 -1.4076967819e+00 -3.8270882264e-01  1.5520391916e+00  1.6414559784e+00  3.7906240642e+00  2.0899797421e+00  1.0237719732e+00  1.4197284302e+00  4.4780816419e+00 -3.5798798175e+00  6.7781991946e-01 -2.0920691773e+00  3.2568606635e-01  5.8753415094e-01  2.8766004839e-01 -4.3622289063e+00  1.3850302425e+00 -2.8730222930e+00  7.2266635979e-01  5.2592368761e+00 -3.0251976015e+00  2.4516036131e+00  4.7437808472e+00
ENERGY -1.399358415690e+03

JOB 16
COORDS  3.1588435480e+00 -2.1436531335e+00 -6.8918024275e-02  6.7763706052e-01  1.4817241358e+00  3.1563443764e+00  1.0035598248e+00  1.0292538795e+00  1.8596836224e+00  3.5365486721e+00 -3.3996287740e+00  3.8935912391e-01 -1.3629634992e+00  6.1732056569e-01  1.3523639536e+00  1.2163152323e+00 -3.8602126342e+00  9.6329981127e-01  1.8233435414e+00 -1.7013559466e+00 -2.0073477264e-02 -6.5643421978e-01  1.4958415387e+00  3.5074917833e+00 -1.6506520974e+00  1.0773736935e+00  2.6213645789e+00 -2.1346041770e-03  6.0456270445e-01  9.9164551111e-01  8.7349603819e-01 -2.5934889082e+00  4.9981336014e-01  2.5532894576e+00 -4.2503383822e+00  9.0755830171e-01  1.5376448927e+00 -3.3536666955e-01 -5.4580209768e-01 -2.6461509340e+00  1.7141316345e+00  4.5362112126e+00  2.3252652594e+00  2.8623414012e-01 -1.2217544002e+00 -1.2302220500e+00  1.8955339181e+00  4.6976448910e+00 -2.8851007804e+00  1.1920156000e+00  3.2153376733e+00  2.7605871124e-01  1.6525238985e-01 -3.0005568114e-01 -4.3152365937e-01 -2.2651775531e+00  5.5528061149e-01  3.0027905328e+00 -5.8339951970e+00  1.4923877136e+00  3.8990434048e+00 -1.4654814796e+00 -4.8083835561e-01  1.4477674947e+00  1.8167729802e+00  3.8432906132e+00  2.0387217796e+00  1.0388447204e+00  1.5356661174e+00  4.5718313260e+00 -3.7206626854e+00  3.4925577727e-01 -2.1249189928e+00  2.7155690182e-01  6.6348412449e-01  4.4468403334e-01 -4.5158694711e+00  1.3516097593e+00 -3.0079035272e+00  9.9372876627e-01  5.2778022660e+00 -3.1507719710e+00  2.6810696240e+00  4.6373428748e+00
ENERGY -1.399356604146e+03

JOB 17
COORDS  3.1772594264e+00 -2.2502983391e+00 -2.1083203256e-01  5.5921089658e-01  1.6192395076e+00  3.2412238929e+00  9.2932949356e-01  1.0684077859e+00  1.9948330503e+00  3.5760213431e+00 -3.5452100710e+00  9.3690894085e-02 -1.4197319492e+00  6.1489739736e-01  1.4457774044e+00  1.3325368163e+00 -4.0167368740e+00  9.1202501890e-01  1.8662403827e+00 -1.7948235769e+00  3.0133010326e-02 -7.8474684845e-01  1.6579012327e+00  3.5486449936e+00 -1.7490726566e+00  1.1695790713e+00  2.6659734923e+00 -4.8077310400e-02  5.7765038326e-01  1.1296968721e+00  9.6500230129e-01 -2.7119818996e+00  5.9481933035e-01  2.6415172056e+00 -4.4218392735e+00  6.5799768554e-01  1.5571904627e+00 -3.8549078345e-01 -3.3782568162e-01 -2.8066576230e+00  1.9478301869e+00  4.4932233013e+00  2.3580151168e+00  3.4969861748e-01 -8.6935003049e-01 -1.3973699764e+00  2.1453204355e+00  4.6866665164e+00 -3.0025164616e+00  1.3251737629e+00  3.2091233054e+00  2.5819114329e-01  2.0603826217e-02 -1.0944650594e-01 -3.0961932964e-01 -2.3695056833e+00  8.5771149339e-01  3.1181669097e+00 -6.0548690584e+00  1.0537249345e+00  3.8793083203e+00 -1.5488701228e+00 -6.4961624837e-01  1.3073439020e+00  2.0067842370e+00  3.9249176854e+00  1.9748576676e+00  1.0549784466e+00  1.7082947022e+00  4.5905191853e+00 -3.8771424229e+00 -9.8857455874e-02 -2.1591798296e+00  2.1575869578e-01  7.6113097923e-01  6.0052130292e-01 -4.6883371781e+00  1.3469325771e+00 -3.1925316705e+00  1.2852855697e+00  5.2755847389e+00 -3.3152225153e+00  2.9180386048e+00  4.5032560919e+00
ENERGY -1.399355244366e+03

JOB 18
COORDS -2.0154803936e+00 -3.1736017752e+00 -1.1558975132e+00 -1.7206871286e-01  2.4872367595e+00  2.1205886635e+00  1.8214529186e-01  1.4362726897e+00  1.2532249745e+00 -2.7777087620e+00 -3.3022617330e+00 -2.3093444045e+00 -9.5686238794e-01 -2.1059234113e-01  2.6762064916e+00 -2.1646548705e+00 -1.0309502618e+00 -2.9370681000e+00 -1.3098366873e+00 -1.9925892530e+00 -8.5250954757e-01 -9.1969719332e-01  2.1613665616e+00  3.2361718711e+00 -1.3011362665e+00  8.4678610803e-01  3.4995110934e+00 -2.0656614664e-01  1.2689299386e-01  1.5330996169e+00 -1.4073908852e+00 -9.3582134352e-01 -1.7723455373e+00 -2.8443468225e+00 -2.2198183253e+00 -3.1948362087e+00 -5.4087352094e-01 -1.9693977601e+00  4.2201727504e-01 -1.9256336088e+00  2.1152620817e+00  5.2315700305e+00 -5.6245591417e-01 -2.8820289864e+00  1.2198878767e+00 -1.4308414749e+00  2.9967185871e+00  4.2128737766e+00 -2.0552055472e+00  8.0446382593e-01  4.6521281951e+00  2.2048906626e-01 -8.4235467851e-01  6.1965183272e-01 -7.7580659420e-01  2.3477767985e-01 -1.5670803841e+00 -3.7978574696e+00 -2.3550709937e+00 -4.6518103689e+00 -1.9460720743e+00 -3.9942700312e+00 -4.4950330402e-01  1.2047583522e-01  3.5114244853e+00  1.9133556338e+00  7.5698630081e-01  1.6287300569e+00  3.5451053115e-01 -3.3136482567e+00 -4.2200734847e+00 -2.5257353212e+00 -1.2295281108e+00 -1.2327941554e+00  2.9081764879e+00 -2.2122976030e+00 -1.8616605243e-01 -3.6154257309e+00 -1.2052007489e+00  2.0722685852e+00  6.0603366745e+00 -2.9061200503e+00  2.4602258308e+00  5.5654171659e+00
ENERGY -1.399355454701e+03

JOB 19
COORDS -2.1687882428e+00 -3.1469775693e+00 -1.2202260223e+00 -4.6965262496e-01  2.5379783443e+00  2.1709082869e+00 -2.0433885719e-01  1.4851865710e+00  1.2740134128e+00 -2.7376400829e+00 -3.3416954743e+00 -2.4722073956e+00 -8.9707937127e-01 -1.9154775217e-01  2.9336601327e+00 -1.8623138634e+00 -1.1823230008e+00 -3.1751632052e+00 -1.4383561939e+00 -1.9857799221e+00 -9.0077978210e-01 -9.5127294279e-01  2.1960264678e+00  3.4202966279e+00 -1.1604636394e+00  8.6639174157e-01  3.7848827503e+00 -4.2119731476e-01  1.6189902414e-01  1.6555257797e+00 -1.3025191314e+00 -1.0193738203e+00 -1.9104815057e+00 -2.5764712168e+00 -2.3481453305e+00 -3.4447862040e+00 -9.0366874049e-01 -1.8841284725e+00  4.8603489375e-01 -1.5426698837e+00  2.1500870857e+00  5.5767142021e+00 -1.1792680675e+00 -2.6854997651e+00  1.3557466073e+00 -1.3233240333e+00  3.0261702346e+00  4.4601265392e+00 -1.6646494582e+00  8.1106277547e-01  5.0665443523e+00 -9.0237999642e-02 -8.0356929483e-01  6.9394229166e-01 -6.2906878621e-01  1.2876157631e-01 -1.7031990610e+00 -3.2823137248e+00 -2.5659904768e+00 -5.0278524323e+00 -2.2799584402e+00 -3.8972963193e+00 -4.4439166699e-01 -3.1123656353e-01  3.5734734482e+00  1.8879432399e+00  1.6827041150e-01  1.6863172361e+00  2.7636597605e-01 -3.2967909368e+00 -4.2432906589e+00 -2.6978869901e+00 -1.0434521923e+00 -1.2239316042e+00  3.2232017544e+00 -1.7345980425e+00 -4.0532906798e-01 -3.9208416144e+00 -6.7979138380e-01  2.2006262807e+00  6.2551668379e+00 -2.4698801217e+00  2.4301604295e+00  6.0806541820e+00
ENERGY -1.399357869717e+03

JOB 20
COORDS -2.3078319650e+00 -3.1365364274e+00 -1.3131034308e+00 -6.7389145439e-01  2.6049070792e+00  2.2135800205e+00 -5.1044462050e-01  1.5702759562e+00  1.2727274525e+00 -2.6921195009e+00 -3.4380536858e+00 -2.6136120575e+00 -9.2718004904e-01 -1.4465461429e-01  2.9862036195e+00 -1.6786229397e+00 -1.3577689380e+00 -3.3661377060e+00 -1.6049121239e+00 -1.9592323082e+00 -9.9387797731e-01 -9.6495820946e-01  2.2346926418e+00  3.5132419507e+00 -1.0884685404e+00  8.9575141472e-01  3.8831352062e+00 -6.4257841411e-01  2.3763488786e-01  1.6607015451e+00 -1.3045609225e+00 -1.0868607998e+00 -2.0522967905e+00 -2.3693110558e+00 -2.5379181445e+00 -3.6352141540e+00 -1.2760400176e+00 -1.7400430562e+00  4.4335760920e-01 -1.2502823574e+00  2.1481719578e+00  5.7300854286e+00 -1.7518617105e+00 -2.4117348794e+00  1.3369374499e+00 -1.2068818295e+00  3.0424867596e+00  4.6067140540e+00 -1.4076738974e+00  8.1260157767e-01  5.2215704893e+00 -4.1356947696e-01 -7.0326769419e-01  6.4600316756e-01 -6.5145411293e-01  7.4208811407e-02 -1.8477107292e+00 -2.8411477767e+00 -2.8916099353e+00 -5.2801897040e+00 -2.5494700283e+00 -3.8118927289e+00 -4.9889822860e-01 -5.8135872152e-01  3.6476475053e+00  1.9282007321e+00 -2.7974563578e-01  1.7915341608e+00  2.3670828194e-01 -3.2319658894e+00 -4.3513809614e+00 -2.8390396076e+00 -1.0229447561e+00 -1.1829807155e+00  3.2731495561e+00 -1.4299759751e+00 -6.5042660350e-01 -4.1496670499e+00 -3.0440945523e-01  2.2146302452e+00  6.2852787987e+00 -2.1066810383e+00  2.3983906477e+00  6.3594588127e+00
ENERGY -1.399361182036e+03

JOB 21
COORDS -2.4529837446e+00 -3.0498953954e+00 -1.3500725214e+00 -8.8794770417e-01  2.6961904462e+00  2.3237275895e+00 -8.0208951705e-01  1.7127627447e+00  1.3192735378e+00 -2.6716983913e+00 -3.4820169065e+00 -2.6525068555e+00 -9.0098971201e-01 -9.3948741354e-02  2.9836756047e+00 -1.4044941598e+00 -1.5721753446e+00 -3.4692297753e+00 -1.7122928601e+00 -1.8887595653e+00 -1.0611056450e+00 -9.7885910611e-01  2.2532880366e+00  3.6299355540e+00 -9.8392718960e-01  8.9452024039e-01  3.9466008035e+00 -8.1555811802e-01  3.6054522093e-01  1.6544401930e+00 -1.1999629180e+00 -1.1687840434e+00 -2.1520134284e+00 -2.1390345743e+00 -2.7324495083e+00 -3.7069514942e+00 -1.5723722417e+00 -1.5216240224e+00  3.7742520832e-01 -9.6101097834e-01  2.0563468481e+00  5.8588375473e+00 -2.2216325087e+00 -2.0458095753e+00  1.2603251780e+00 -1.1101026916e+00  2.9983881069e+00  4.7843471011e+00 -1.1144099226e+00  7.3665898303e-01  5.3094971070e+00 -6.6299964636e-01 -5.2910871338e-01  5.7981640906e-01 -4.9641551020e-01 -3.2686188493e-02 -1.9793612973e+00 -2.3992127255e+00 -3.2519293986e+00 -5.3554458069e+00 -2.8596795600e+00 -3.6059895431e+00 -5.1172863261e-01 -8.8580756404e-01  3.7539364547e+00  2.0821066631e+00 -7.1706247586e-01  1.9914900324e+00  2.7444737717e-01 -3.2434984761e+00 -4.3813813442e+00 -2.8539835675e+00 -9.1628052202e-01 -1.1474270409e+00  3.2289878354e+00 -9.9407167624e-01 -9.8002759603e-01 -4.2797794479e+00  4.4242716918e-02  2.1536833459e+00  6.2914234764e+00 -1.7400910534e+00  2.2304069332e+00  6.6037821492e+00
ENERGY -1.399364280540e+03

JOB 22
COORDS -2.5864377864e+00 -2.9278997223e+00 -1.4038748186e+00 -1.0818486472e+00  2.7830724408e+00  2.4710053007e+00 -1.0660957685e+00  1.8890575967e+00  1.3822295306e+00 -2.6865046846e+00 -3.4856144500e+00 -2.6728438707e+00 -9.0044415756e-01 -4.7334658578e-02  2.8853131040e+00 -1.1523664582e+00 -1.7920187508e+00 -3.5074000074e+00 -1.7805570784e+00 -1.8046882073e+00 -1.1413389350e+00 -1.0052109224e+00  2.2323786771e+00  3.7360620139e+00 -9.1566315448e-01  8.5348782033e-01  3.9330201916e+00 -9.8198497446e-01  5.1646962820e-01  1.5990345333e+00 -1.0726156863e+00 -1.2580737457e+00 -2.2234867620e+00 -1.9611593346e+00 -2.9068523529e+00 -3.7197138968e+00 -1.7774682843e+00 -1.2984966903e+00  2.6219143380e-01 -7.3214299210e-01  1.8566391970e+00  5.9253068922e+00 -2.4995807860e+00 -1.7463118494e+00  1.1305141724e+00 -1.0379035437e+00  2.8735026728e+00  4.9576988626e+00 -8.8578706981e-01  5.7932461116e-01  5.2831132190e+00 -8.9542120837e-01 -2.8039750064e-01  4.4684344703e-01 -2.8292360100e-01 -1.7765615139e-01 -2.0744806618e+00 -2.0677529122e+00 -3.5874485290e+00 -5.3263751591e+00 -3.1399575010e+00 -3.3516865318e+00 -5.7238689790e-01 -1.1525467326e+00  3.8554207891e+00  2.3220816706e+00 -1.1088397541e+00  2.2570484300e+00  3.6256923941e-01 -3.3129432798e+00 -4.3523276078e+00 -2.8539135436e+00 -8.4571749986e-01 -1.1168602513e+00  3.0418041298e+00 -5.8867204763e-01 -1.3337252987e+00 -4.3125656594e+00  3.0863032975e-01  1.9716455016e+00  6.2577846169e+00 -1.4330989451e+00  1.9281318678e+00  6.7594527815e+00
ENERGY -1.399366474699e+03

JOB 23
COORDS  1.1412255895e+00 -3.3561641591e+00 -1.6262891298e+00  1.8642447263e-01  2.4374002651e+00  2.3729849815e+00  4.3757688423e-01  1.6759080918e+00  1.2136723988e+00  1.3775252359e+00 -3.9899872688e+00 -2.8403319155e+00 -1.1601411330e+00 -4.9972389736e-02  1.9192192159e+00  7.2911063769e-01 -1.9516970218e+00 -3.9996061374e+00  6.9707625784e-01 -2.0231925318e+00 -1.5525109584e+00 -7.2654967709e-01  1.9249924447e+00  3.2741495283e+00 -1.3814680057e+00  7.1233044131e-01  3.0493746305e+00 -2.2255482620e-01  4.6906325106e-01  1.0088200434e+00  5.0176765939e-01 -1.3455758672e+00 -2.7662964678e+00  1.1660739281e+00 -3.2747621731e+00 -4.0238781031e+00  4.8269961897e-01 -1.4660795129e+00 -1.8499863309e-01 -1.9510512848e+00  1.4457829240e+00  5.0835297888e+00  6.9198265259e-01 -2.0983159078e+00  8.3089411868e-01 -1.1738986911e+00  2.4785021774e+00  4.4569396999e+00 -2.2589157472e+00  4.6124984543e-01  4.0814932550e+00  2.5041396703e-02 -1.8560488958e-01 -2.0814130570e-01  8.4515847515e-02 -6.6273825183e-02 -2.7969644834e+00  1.4539784870e+00 -4.0481776557e+00 -5.5650620797e+00  1.2963485117e+00 -3.8841867333e+00 -6.9116694073e-01  6.8594722064e-01  3.3845451624e+00  2.5475584438e+00  1.1432325343e+00  2.0231596956e+00  4.6630818633e-01  1.7188211971e+00 -5.0188937560e+00 -2.8756759540e+00 -1.6655579284e+00 -9.9288593544e-01  1.7495627682e+00  5.6370217361e-01 -1.3876156883e+00 -4.9109527778e+00 -1.3582717472e+00  9.7683164458e-01  5.8808650950e+00 -2.8795700117e+00  1.8730831684e+00  5.4669036941e+00
ENERGY -1.399367277086e+03

