JOB 0
COORDS  1.2221841870e-01  1.2489709646e+00 -2.8259554031e+00 -2.1374419913e-01  7.7268013669e-03 -1.1286657549e+00  2.9947100157e-01  2.4785066508e+00 -3.6560455893e+00 -4.4419918716e-01 -5.2306103204e-01  2.6723689851e-01 -1.1967554801e-01  1.2856269643e+00 -1.4718956012e+00  1.8195140724e-01  2.2391996422e-02 -3.3345399025e+00 -3.5486341855e-02 -7.5912173608e-01 -2.2330957670e+00 -9.4519997531e-01  4.6082635925e-01  1.2242744919e+00  1.1439958259e+00  3.0702420821e+00 -3.2891489906e+00  4.8035600492e-01  2.2067783053e+00 -4.6976288262e+00 -5.9277071702e-01  3.1101215265e+00 -3.6011621239e+00 -1.1428118649e+00 -1.3669651208e+00  2.2672361368e-01  5.0008165148e-01 -9.2731813199e-01  6.5229842068e-01 -5.0227247761e-02 -1.7664133911e+00 -2.3281964934e+00 -1.8363211888e+00  8.2343618350e-01  8.8719612684e-01 -3.1770738435e-01  1.2644095313e+00  1.2165774594e+00
ENERGY -3.763069037634e+02

JOB 1
COORDS  1.1903938602e-01  1.2570235881e+00 -2.8317165976e+00 -1.9288189602e-01  2.4898498533e-02 -1.1238533924e+00  3.3563721738e-01  2.4782866672e+00 -3.6646781676e+00 -3.6507547721e-01 -4.9968406959e-01  2.8071094431e-01 -1.8872345911e-02  1.2957199854e+00 -1.4643283421e+00  4.0165465711e-02  3.5584235483e-02 -3.3524779783e+00 -1.6063291538e-01 -7.3874983932e-01 -2.2437452291e+00 -1.0349554976e+00  4.1819200782e-01  1.2026080331e+00  1.2508710684e+00  2.9940229369e+00 -3.3576095909e+00  4.1631815244e-01  2.2058765183e+00 -4.7185790541e+00 -4.9483505193e-01  3.1801476065e+00 -3.5392330084e+00 -9.1729289812e-01 -1.4460518955e+00  2.5368016614e-01  6.2402064425e-01 -7.3289750386e-01  6.9262861584e-01 -2.7229711926e-01 -1.7395266372e+00 -2.3437714315e+00 -1.9637743245e+00  6.3263470211e-01  8.4116136436e-01 -5.3290946854e-01  1.3056518808e+00  1.1891558255e+00
ENERGY -3.763070332618e+02

JOB 2
COORDS  1.2677028313e-01  1.2659382928e+00 -2.8321887981e+00 -1.5114265049e-01  4.2536869733e-02 -1.1126132507e+00  3.7701163451e-01  2.4746596811e+00 -3.6740352262e+00 -2.8670032042e-01 -4.7585165610e-01  2.9609413016e-01  9.5499702222e-02  1.3003067128e+00 -1.4592097455e+00 -8.6350595261e-02  5.9137943403e-02 -3.3520412262e+00 -2.6518860845e-01 -7.0803602585e-01 -2.2357868046e+00 -1.1092592103e+00  3.5404519048e-01  1.1813596205e+00  1.3508179043e+00  2.9130738401e+00 -3.4345048868e+00  3.5672942116e-01  2.2074467575e+00 -4.7321481527e+00 -3.8306692088e-01  3.2388191757e+00 -3.4833870349e+00 -6.9819116581e-01 -1.4912458460e+00  2.7500597590e-01  7.1208312817e-01 -5.5449812251e-01  7.3947517170e-01 -4.5423977379e-01 -1.6977088502e+00 -2.3305999103e+00 -2.0442167107e+00  4.4285201075e-01  7.8461394891e-01 -7.2344722694e-01  1.2979698546e+00  1.1821615022e+00
ENERGY -3.763070535558e+02

JOB 3
COORDS  1.3850879782e-01  1.2730458377e+00 -2.8308864995e+00 -1.0113722619e-01  6.1110846877e-02 -1.0970495670e+00  4.2062385953e-01  2.4632970900e+00 -3.6888619951e+00 -2.1100611887e-01 -4.4598494442e-01  3.1610126550e-01  2.1497884160e-01  1.2991459807e+00 -1.4601603710e+00 -2.0935879004e-01  9.0353896655e-02 -3.3346864332e+00 -3.6266793917e-01 -6.6839221242e-01 -2.2098007199e+00 -1.1679647541e+00  2.8403348058e-01  1.1578573928e+00  1.4427981321e+00  2.8189396835e+00 -3.5259679296e+00  2.9592126113e-01  2.2065295047e+00 -4.7424158648e+00 -2.5694889192e-01  3.2855501637e+00 -3.4383579706e+00 -4.8780263533e-01 -1.5060470561e+00  3.0579484859e-01  7.7357051497e-01 -3.8190052878e-01  7.8966561700e-01 -6.1926204620e-01 -1.6439542217e+00 -2.2919824533e+00 -2.0947686419e+00  2.3630487800e-01  7.3574491452e-01 -9.1142488552e-01  1.2709882978e+00  1.1534928860e+00
ENERGY -3.763069730937e+02

JOB 4
COORDS  1.5067783515e-01  1.2782977913e+00 -2.8326537938e+00 -5.8048096037e-02  8.3910610680e-02 -1.0827510329e+00  4.6499571767e-01  2.4446652890e+00 -3.7120040109e+00 -1.4393361062e-01 -4.0779365177e-01  3.3583804992e-01  3.2896076343e-01  1.2939990963e+00 -1.4713429903e+00 -3.2488625978e-01  1.2814207180e-01 -3.3070874917e+00 -4.5672820159e-01 -6.1926173468e-01 -2.1725065518e+00 -1.2234879605e+00  1.9653689021e-01  1.1315768874e+00  1.5212332296e+00  2.7172431018e+00 -3.6231191676e+00  2.4564853509e-01  2.2015217044e+00 -4.7532573154e+00 -1.2526614537e-01  3.3177378574e+00 -3.4164621060e+00 -2.7213814381e-01 -1.4958394828e+00  3.4324382813e-01  8.0521672482e-01 -1.9489251944e-01  8.3486597183e-01 -7.9018082873e-01 -1.5728540948e+00 -2.2344053645e+00 -2.1183120071e+00  4.3338512743e-02  6.6776893737e-01 -1.0858505429e+00  1.2065989150e+00  1.1505161749e+00
ENERGY -3.763067611575e+02

JOB 5
COORDS  1.5711464753e-01  1.2945930815e+00 -2.8341738592e+00 -3.1452676235e-02  1.1355924027e-01 -1.0717305696e+00  5.1103140723e-01  2.4327337472e+00 -3.7351262731e+00 -8.9570627757e-02 -3.6784723562e-01  3.5128144344e-01  4.2591226238e-01  1.2896535219e+00 -1.4872005812e+00 -4.4508526503e-01  1.9120310507e-01 -3.2732261486e+00 -5.6446190036e-01 -5.4747813853e-01 -2.1314273988e+00 -1.2674622740e+00  8.6879777537e-02  1.1088927336e+00  1.5906510293e+00  2.6117301567e+00 -3.7190673355e+00  2.0085596993e-01  2.2140233783e+00 -4.7585781284e+00  2.0849061281e-02  3.3526813078e+00 -3.4014417101e+00 -6.7461685638e-02 -1.4630207158e+00  3.7642046273e-01  8.0722698411e-01 -1.5790009575e-02  8.6606350062e-01 -9.5974318307e-01 -1.4781647612e+00 -2.1755839840e+00 -2.1199656560e+00 -2.0359457438e-01  6.3175279368e-01 -1.2798920113e+00  1.1062833129e+00  1.1176351892e+00
ENERGY -3.763063006102e+02

JOB 6
COORDS  2.3621054171e-01  1.2279837064e+00 -2.9124470289e+00 -2.8816104407e-02  1.5929777927e-01 -1.0923137607e+00  6.8054541525e-01  2.2793185425e+00 -3.8767277119e+00 -2.3465148152e-02 -2.9815696212e-01  3.3369565755e-01  5.4409828987e-01  1.2565372912e+00 -1.5731968534e+00 -4.9075646714e-01  1.7487796722e-01 -3.2801444395e+00 -6.3869641701e-01 -5.0133008533e-01 -2.1057351743e+00 -1.3406765646e+00 -4.8984106981e-02  9.5144768189e-01  1.7732781607e+00  2.3352906236e+00 -3.9079329442e+00  3.0708717094e-01  2.0538657813e+00 -4.8773765148e+00  3.1000415724e-01  3.2623769635e+00 -3.5696785494e+00  1.6998388225e-01 -1.3758118189e+00  3.7329713763e-01  8.1581626223e-01  2.0946001259e-01  8.2796214362e-01 -1.2281012876e+00 -1.3228699595e+00 -2.0617042741e+00 -1.5139846200e+00  9.5530184083e-01  9.6809867699e-01 -1.3221701771e+00 -3.5824778444e-01  1.9223756382e+00
ENERGY -3.763063984480e+02

JOB 7
COORDS  2.2081732715e-01  1.2089333351e+00 -2.8936304727e+00 -6.3711964963e-02  2.1111403920e-01 -1.0379020064e+00  7.1308132055e-01  2.1974380414e+00 -3.9002751754e+00 -1.5411510778e-02 -2.4992652625e-01  3.8642743537e-01  5.8186298231e-01  1.2434283576e+00 -1.5670476643e+00 -6.0761477384e-01  2.1483313402e-01 -3.2059594718e+00 -7.6398654497e-01 -4.2116127070e-01 -2.0099693728e+00 -1.3739601117e+00 -2.6124750352e-01  9.6179147363e-01  1.8042429432e+00  2.1568095278e+00 -3.9774659507e+00  2.7926356761e-01  1.9851948778e+00 -4.8792681447e+00  4.4277676886e-01  3.2152691609e+00 -3.6020399179e+00  3.7520384927e-01 -1.2730250138e+00  4.2569174565e-01  7.0165731638e-01  3.9812738019e-01  9.0763063850e-01 -1.4281969720e+00 -1.1786216546e+00 -1.9115918311e+00 -1.7198903133e+00  6.9503081874e-01  1.0276812865e+00 -1.3390341628e+00 -6.2707280719e-01  1.9119661488e+00
ENERGY -3.763074931308e+02

JOB 8
COORDS  2.3070732803e-01  1.2208093713e+00 -2.8971349076e+00 -6.1774419702e-02  2.8953312691e-01 -1.0103732490e+00  7.6128538746e-01  2.1449162339e+00 -3.9447181893e+00  1.4229678700e-02 -1.7250005108e-01  4.1253364840e-01  6.4688206530e-01  1.2526257493e+00 -1.5864708880e+00 -6.9222333636e-01  2.9601103687e-01 -3.1533808280e+00 -8.5364584138e-01 -2.9924264555e-01 -1.9369424614e+00 -1.3433834529e+00 -4.2312373816e-01  9.3018456609e-01  1.8426090919e+00  2.0176796959e+00 -4.0576282746e+00  2.7755611168e-01  1.9450944760e+00 -4.9027257545e+00  5.8114910486e-01  3.1873160861e+00 -3.6635299539e+00  5.7026463349e-01 -1.1161601683e+00  4.5504839204e-01  5.9557493812e-01  5.7397014891e-01  9.7000979422e-01 -1.5653443088e+00 -1.0033840891e+00 -1.7863827861e+00 -1.8331567811e+00  4.6282030422e-01  1.0461075305e+00 -1.2871007073e+00 -8.5168564128e-01  1.8521863276e+00
ENERGY -3.763088235358e+02

JOB 9
COORDS  2.4656409325e-01  1.2268159951e+00 -2.8857367074e+00 -5.5078869999e-02  3.4123022105e-01 -9.8004120822e-01  8.1287402524e-01  2.0939433253e+00 -3.9630057680e+00  2.0935138994e-02 -1.0883931482e-01  4.4743480079e-01  7.0830414250e-01  1.2392736274e+00 -1.5903908569e+00 -7.5734050460e-01  3.7797736970e-01 -3.0990206672e+00 -9.2898952131e-01 -1.8396643474e-01 -1.8680640802e+00 -1.3061105643e+00 -5.6554376118e-01  8.9710742719e-01  1.8775966986e+00  1.8836111115e+00 -4.1054318885e+00  2.8639134453e-01  1.9184790060e+00 -4.9030997520e+00  7.2045858299e-01  3.1508069123e+00 -3.6933882834e+00  7.1062331186e-01 -9.5821361350e-01  5.1425239421e-01  4.5913366465e-01  7.0690725893e-01  1.0380119022e+00 -1.6608557828e+00 -8.5930797554e-01 -1.6851362016e+00 -1.9085683374e+00  2.3899776466e-01  1.0640624825e+00 -1.2207534442e+00 -1.0578024801e+00  1.7838368954e+00
ENERGY -3.763097152802e+02

JOB 10
COORDS  2.6521720559e-01  1.2284973705e+00 -2.8707291860e+00 -5.4417654131e-02  3.6979620941e-01 -9.5685695692e-01  8.7125634476e-01  2.0452969432e+00 -3.9656127219e+00  3.5522067744e-03 -5.5501846891e-02  4.8037718440e-01  7.6131649309e-01  1.2048364043e+00 -1.5887799561e+00 -8.0988725367e-01  4.6386917682e-01 -3.0550644636e+00 -9.9847742804e-01 -7.3888330818e-02 -1.8154560121e+00 -1.2677137936e+00 -6.9117808494e-01  8.6893974614e-01  1.9135026825e+00  1.7540261851e+00 -4.1299140498e+00  3.1183966214e-01  1.9059813248e+00 -4.8926524786e+00  8.6529126520e-01  3.1074825457e+00 -3.7010208681e+00  8.0328087098e-01 -7.9633798972e-01  5.9111808662e-01  2.9223332844e-01  8.1238492807e-01  1.0885854701e+00 -1.7422717363e+00 -7.3270954414e-01 -1.6207740950e+00 -1.9585179420e+00  2.3165568127e-02  1.0932161895e+00 -1.1354524787e+00 -1.2440398320e+00  1.7125008257e+00
ENERGY -3.763096734189e+02

JOB 11
COORDS  1.4066077691e-01  1.3405171220e+00 -2.9213244701e+00  2.2967258844e-01  4.6872180030e-01 -9.8909270414e-01  7.5752788455e-02  2.3724370208e+00 -4.0002883517e+00  3.3039617930e-01  1.8911783413e-01  4.8245560696e-01  1.8799357800e-01  1.6546719927e+00 -1.5837318418e+00  1.6022426860e-01  3.3552539758e-02 -3.1773042453e+00  2.3199199084e-01 -5.0512838943e-01 -1.9251777229e+00  4.2791404092e-01 -1.2619485609e+00  7.2368489743e-01  9.4832986053e-01  3.0318413613e+00 -3.9546872393e+00  4.3812127114e-02  1.8911584258e+00 -4.9796376415e+00 -8.1456865295e-01  2.9977373381e+00 -3.8800157840e+00  1.1628457374e+00  7.7418543023e-01  8.9617882634e-01 -5.7919665749e-01  5.6443466465e-01  9.6259665424e-01  1.8331214205e-01 -1.5038867627e+00 -1.7664303670e+00  5.8287661917e-02 -1.4885768688e+00  1.6431252722e+00  1.4036539684e+00 -1.5528265379e+00  7.2318680630e-01
ENERGY -3.763087072903e+02

JOB 12
COORDS  1.4541343457e-01  1.3294285987e+00 -2.9340873493e+00  2.0144633503e-01  4.6452861936e-01 -9.9728528209e-01  1.4755358768e-01  2.3566252595e+00 -4.0194737314e+00  2.6188477404e-01  1.8412018975e-01  4.7504493479e-01  2.4581929153e-01  1.6463566332e+00 -1.6000247645e+00  5.1527081584e-02  2.3669110409e-02 -3.1802310411e+00  9.2774238691e-02 -5.1094815638e-01 -1.9256784922e+00  5.4612686002e-01 -1.2432867545e+00  7.0439509627e-01  1.0689014195e+00  2.9468063407e+00 -3.9879845612e+00  6.6897984582e-02  1.8732994414e+00 -4.9949984398e+00 -6.9039234996e-01  3.0496653110e+00 -3.8939757208e+00  9.7965633895e-01  8.7863384161e-01  9.3209097474e-01 -7.1680439464e-01  4.1146391458e-01  9.1231884452e-01  2.0178804509e-02 -1.5073698306e+00 -1.7612040162e+00  2.8758398027e-01 -1.5004027467e+00  1.6539892041e+00  1.5460958689e+00 -1.4166846020e+00  6.1650065533e-01
ENERGY -3.763096732197e+02

JOB 13
COORDS  1.4720583003e-01  1.3185172991e+00 -2.9397278455e+00  1.7208983925e-01  4.4546342934e-01 -1.0049433931e+00  2.1456525044e-01  2.3456106791e+00 -4.0230653846e+00  2.0240249369e-01  1.6016240722e-01  4.6605405724e-01  3.0012470096e-01  1.6214115180e+00 -1.6070320689e+00 -6.0310641974e-02  2.6083709339e-02 -3.1855487703e+00 -4.8556583549e-02 -5.1303056301e-01 -1.9326923446e+00  6.7671259554e-01 -1.2156853267e+00  6.9719285059e-01  1.1802522381e+00  2.8605933106e+00 -4.0041201644e+00  8.1136180884e-02  1.8733153298e+00 -4.9981933653e+00 -5.6373789560e-01  3.1026462643e+00 -3.8838391704e+00  7.9491643398e-01  9.4665945235e-01  9.5239643207e-01 -8.1680142691e-01  2.3654951171e-01  8.6236690608e-01 -1.4362676407e-01 -1.5090630298e+00 -1.7776511221e+00  5.0390724916e-01 -1.4839602175e+00  1.6636255791e+00  1.6845067991e+00 -1.2611476831e+00  5.5463587140e-01
ENERGY -3.763097153781e+02

JOB 14
COORDS  1.4519715624e-01  1.3060760739e+00 -2.9387053038e+00  1.2486601493e-01  4.1029732825e-01 -1.0125624450e+00  2.8504786940e-01  2.3369380963e+00 -4.0113984023e+00  1.4411488644e-01  1.1444585470e-01  4.5578748905e-01  3.4293795243e-01  1.5778560626e+00 -1.6049068864e+00 -1.7867023743e-01  4.0212972053e-02 -3.1945529407e+00 -2.0208007848e-01 -5.1208396442e-01 -1.9477541974e+00  8.1740802120e-01 -1.1745868045e+00  6.9777055395e-01  1.2907290727e+00  2.7688167477e+00 -3.9994294916e+00  1.0039732925e-01  1.8893429893e+00 -4.9898021193e+00 -4.2520885941e-01  3.1547975754e+00 -3.8536441115e+00  5.9675163171e-01  9.7897507629e-01  9.5944036547e-01 -8.8659948660e-01  2.9247003140e-02  8.1899250363e-01 -3.3995506106e-01 -1.5063454612e+00 -1.8157648052e+00  7.2207245403e-01 -1.4348842266e+00  1.6775937932e+00  1.8149392086e+00 -1.0783902760e+00  5.1374630375e-01
ENERGY -3.763088237072e+02

JOB 15
COORDS  1.3495012828e-01  1.2936272608e+00 -2.9293510679e+00  5.0554414406e-02  3.7068529316e-01 -1.0158667537e+00  3.5502665113e-01  2.3266406961e+00 -3.9863559256e+00  8.4804845693e-02  5.5040905693e-02  4.4796791403e-01  3.6531201730e-01  1.5239551812e+00 -1.5932312700e+00 -3.0334397200e-01  6.6535069290e-02 -3.2018449334e+00 -3.6640820973e-01 -5.0221778496e-01 -1.9641524188e+00  9.7209355819e-01 -1.0970519125e+00  6.9739952726e-01  1.3952882963e+00  2.6670066904e+00 -3.9792118740e+00  1.2123794301e-01  1.9143896166e+00 -4.9697497700e+00 -2.7786210566e-01  3.2014916502e+00 -3.8067024794e+00  3.7077598837e-01  9.7935797746e-01  9.6726953699e-01 -9.2162809212e-01 -2.1585396017e-01  7.8643302315e-01 -5.8231955140e-01 -1.4855200523e+00 -1.8587949915e+00  9.4693377690e-01 -1.3392148738e+00  1.6866428608e+00  1.9332568561e+00 -8.3457048995e-01  4.8353090324e-01
ENERGY -3.763074929960e+02

JOB 16
COORDS  1.4143572496e-01  1.2618755001e+00 -2.9162871169e+00 -1.3145671475e-02  3.2315696218e-01 -1.0137225108e+00  4.4462690691e-01  2.2855928840e+00 -3.9615761502e+00  5.2716554573e-02 -2.0023689988e-02  4.4250971701e-01  4.0326743531e-01  1.4497307409e+00 -1.5801577167e+00 -4.1359131051e-01  8.5495614079e-02 -3.2006488465e+00 -5.1482549660e-01 -4.9388954729e-01 -1.9708572722e+00  1.1391668279e+00 -9.8875438154e-01  6.8705329169e-01  1.5122862951e+00  2.5266321913e+00 -3.9638013734e+00  1.6127410511e-01  1.9119958117e+00 -4.9473539894e+00 -1.0104103874e-01  3.2130316508e+00 -3.7609963064e+00  1.5434904041e-01  9.2736434116e-01  9.8888211124e-01 -8.8992556388e-01 -4.8363560090e-01  7.5371536904e-01 -8.3765312042e-01 -1.4490091703e+00 -1.8826252771e+00  1.1789935012e+00 -1.2073325072e+00  1.6817016341e+00  2.0297774512e+00 -5.5473792174e-01  4.4756638377e-01
ENERGY -3.763063982855e+02

JOB 17
COORDS  3.2571258694e-01  1.2892330168e+00 -2.8555407035e+00 -1.8185397052e-03  2.7004228564e-01 -1.0142433002e+00  7.0809591400e-01  2.3625652995e+00 -3.8220164783e+00  1.1338084101e-02 -1.6221479790e-01  4.2557243849e-01  4.4965740275e-01  1.4236370754e+00 -1.4942307930e+00 -1.7099941219e-01  1.1646946623e-01 -3.2438607676e+00 -3.6613249652e-01 -5.2375067697e-01 -2.0540493830e+00  1.2833849668e+00 -7.4600864536e-01  8.8300785454e-01  1.7671879744e+00  2.6165651757e+00 -3.7136793757e+00  5.2332505819e-01  2.0315690433e+00 -4.8456368411e+00  1.3110498758e-01  3.2727068898e+00 -3.6307108816e+00 -2.0866108411e-01  7.1056109711e-01  1.0444838021e+00 -7.8514103931e-01 -8.9332432077e-01  6.0342829647e-01 -7.8561713771e-01 -1.4447797066e+00 -2.0432998843e+00  2.0266615323e+00 -6.0917278064e-02  7.5031804439e-01  1.5270703849e+00 -1.5460487502e+00  3.0046706541e-01
ENERGY -3.763063005154e+02

JOB 18
COORDS  3.1849792351e-01  1.2733856109e+00 -2.8530152860e+00 -8.2456642225e-03  2.3091573245e-01 -1.0257831762e+00  7.5220930953e-01  2.3360209194e+00 -3.8096594704e+00  1.4827808986e-02 -2.2855426995e-01  4.0596343408e-01  5.1986728443e-01  1.3551301351e+00 -1.4972975655e+00 -3.0313070229e-01  1.6285628866e-01 -3.2459662111e+00 -4.9785872901e-01 -4.9210730401e-01 -2.0642828239e+00  1.3385281831e+00 -6.4011085209e-01  8.9820351761e-01  1.8347117602e+00  2.4866618414e+00 -3.7504358256e+00  4.8632905890e-01  2.0554564700e+00 -4.8304591046e+00  2.7427090094e-01  3.2896527216e+00 -3.5647181683e+00 -3.4320633182e-01  5.8830197048e-01  1.0382643905e+00 -6.8167649437e-01 -1.0639150612e+00  5.3779958416e-01 -9.7846837926e-01 -1.3827868427e+00 -2.0562363805e+00  1.9786820565e+00  1.4787394963e-01  8.0435041286e-01  1.7117595288e+00 -1.3781429903e+00  3.0212820560e-01
ENERGY -3.763067611689e+02

JOB 19
COORDS  3.2330695532e-01  1.2604987643e+00 -2.8527911759e+00  3.4272458810e-04  1.8426798052e-01 -1.0447309579e+00  7.9996843538e-01  2.3153098967e+00 -3.7975496829e+00  2.6948887622e-02 -3.0264335824e-01  3.7948659094e-01  6.0121747323e-01  1.2744897691e+00 -1.5081832068e+00 -4.1170509794e-01  2.2206332684e-01 -3.2465573682e+00 -6.0331596552e-01 -4.5562519682e-01 -2.0767099968e+00  1.3709390480e+00 -5.4059479488e-01  9.2207410625e-01  1.8931276903e+00  2.3694452499e+00 -3.7916277805e+00  4.5910292404e-01  2.0955195070e+00 -4.8109375133e+00  4.2097518592e-01  3.2973237209e+00 -3.4977721029e+00 -4.6722115937e-01  4.3984304933e-01  1.0137521796e+00 -5.5557481228e-01 -1.2268127031e+00  4.6299780828e-01 -1.1559107719e+00 -1.3035195185e+00 -2.0710175964e+00  1.9109904284e+00  3.1947981794e-01  8.2989391704e-01  1.8503877348e+00 -1.2324251183e+00  3.4681289059e-01
ENERGY -3.763069725441e+02

JOB 20
COORDS  3.1769520795e-01  1.2470025196e+00 -2.8518481363e+00  1.1753230329e-02  1.3788214984e-01 -1.0607555765e+00  8.2904872240e-01  2.2897539871e+00 -3.7918335016e+00  4.8241262493e-02 -3.7299825975e-01  3.5675440400e-01  6.7449245471e-01  1.1899804325e+00 -1.5264295690e+00 -5.2556673187e-01  2.8915441596e-01 -3.2304917577e+00 -7.0627704788e-01 -4.1094124255e-01 -2.0711856429e+00  1.3864181174e+00 -4.4315565289e-01  9.5126831834e-01  1.9211929605e+00  2.2495082531e+00 -3.8516868010e+00  4.1120306104e-01  2.1360447157e+00 -4.7884302962e+00  5.5601582778e-01  3.2894982480e+00 -3.4399008788e+00 -5.6576855246e-01  2.8351458761e-01  9.8314614277e-01 -4.1359419296e-01 -1.3657258544e+00  4.0063065583e-01 -1.3166136390e+00 -1.2181378767e+00 -2.0610354529e+00  1.8158784425e+00  4.7893028617e-01  8.7850762313e-01  1.9710092403e+00 -1.0607407418e+00  3.8886517222e-01
ENERGY -3.763070550991e+02

JOB 21
COORDS  3.0679522865e-01  1.2353313568e+00 -2.8467350454e+00  1.5620105222e-02  9.5775174617e-02 -1.0725302917e+00  8.5029030634e-01  2.2618182453e+00 -3.7865406796e+00  7.3224672577e-02 -4.4576106051e-01  3.3495651788e-01  7.3656580535e-01  1.1036894962e+00 -1.5475019961e+00 -6.3577100847e-01  3.6526684297e-01 -3.1988369930e+00 -8.0807193092e-01 -3.5593960648e-01 -2.0501493645e+00  1.3830164697e+00 -3.4470702646e-01  9.7955841717e-01  1.9293261779e+00  2.1307288894e+00 -3.9149402294e+00  3.6250183478e-01  2.1777584393e+00 -4.7593989164e+00  6.8651477128e-01  3.2688590851e+00 -3.3903367851e+00 -6.5224984635e-01  9.8589438599e-02  9.5121910128e-01 -2.4657307788e-01 -1.4940613641e+00  3.3799888038e-01 -1.4798257071e+00 -1.1124420610e+00 -2.0278454090e+00  1.6892778182e+00  6.2654640898e-01  9.2698297982e-01  2.0644091576e+00 -8.6841533251e-01  4.3104773546e-01
ENERGY -3.763070344636e+02

JOB 22
COORDS  3.1450892836e-01  1.2326083019e+00 -2.8464512769e+00  2.7460628192e-02  6.8004781935e-02 -1.0869286903e+00  8.9371984896e-01  2.2358825815e+00 -3.7899524605e+00  1.1348333454e-01 -5.2241233915e-01  3.0138685841e-01  8.0643868120e-01  1.0225005636e+00 -1.5786994339e+00 -7.2149699458e-01  4.6206564327e-01 -3.1621584214e+00 -8.9089683949e-01 -2.7690938433e-01 -2.0235302620e+00  1.3666324819e+00 -2.5891972180e-01  1.0050371621e+00  1.9464139081e+00  2.0118174485e+00 -3.9891525128e+00  3.4311821574e-01  2.2282066179e+00 -4.7324140654e+00  8.4773102184e-01  3.2401815440e+00 -3.3572329558e+00 -7.1073206765e-01 -1.2505498305e-01  9.0647453570e-01 -4.2809985403e-02 -1.6062063848e+00  2.4800575456e-01 -1.6267086822e+00 -9.7019929888e-01 -1.9807898692e+00  1.5298691939e+00  7.4751996388e-01  1.0039940703e+00  2.1367424083e+00 -6.4784952851e-01  4.6201956946e-01
ENERGY -3.763069037480e+02

JOB 23
COORDS  2.9974639963e-01  1.2017848650e+00 -2.8570947275e+00  2.5791608540e-02  3.2039971766e-02 -1.0985793168e+00  9.0301168601e-01  2.1702003621e+00 -3.8217207019e+00  1.6731352324e-01 -6.2104459555e-01  2.5760807943e-01  8.5446100157e-01  9.2160794397e-01 -1.6288244632e+00 -8.2121745154e-01  5.3551596661e-01 -3.1118546705e+00 -9.8159218774e-01 -2.0837980861e-01 -1.9746529122e+00  1.3375577465e+00 -2.0144973463e-01  1.0234214965e+00  1.9164075933e+00  1.8590748756e+00 -4.0942687921e+00  2.9366149881e-01  2.2306350963e+00 -4.7253266111e+00  9.7468123128e-01  3.1653946227e+00 -3.3717456545e+00 -7.3144412331e-01 -4.1617493986e-01  8.5201945996e-01  2.0498354370e-01 -1.7097698562e+00  1.3052573329e-01 -1.7759467114e+00 -8.2950982183e-01 -1.8908101890e+00  1.3103150369e+00  8.1218499716e-01  1.1290830820e+00  2.1718591705e+00 -3.7890122018e-01  4.6497844674e-01
ENERGY -3.763068131613e+02

