JOB 0
COORDS  2.0545281656e+00 -5.9016951979e-01 -1.7239538238e+00  1.1641948219e+00  2.6244292404e-01 -2.4660246462e+00  3.1639838808e-01 -4.4722130293e-01 -3.2884836518e+00  1.8648474837e+00 -1.9140519471e+00 -2.0035227322e+00  1.7484141937e+00  2.4741126278e+00 -1.1835898757e+00  2.4429557902e+00  2.5406945193e+00 -2.5211455966e+00  1.1510275011e+00  1.7462268926e+00 -2.3740042959e+00 -7.4743025509e-01  8.1008982168e-02 -4.2117532603e+00  5.9915719254e-01 -2.1681444072e+00 -3.1645162172e+00  2.8107478319e+00 -3.3771957344e+00 -1.2578610350e+00  2.7989707126e+00 -2.4130578175e-01 -1.0172622128e+00  2.2012852254e+00  1.8795090898e+00 -3.9644075398e-01  1.2294281953e+00  3.3597801578e+00 -8.2914180467e-01  2.4097762944e+00  3.4719003784e+00 -3.0793353394e+00  3.3559871796e+00  1.9667296123e+00 -2.6493722040e+00  2.6468756147e-01  2.2118264936e+00 -2.7943645637e+00 -1.2227927205e+00 -7.2334313506e-01 -4.7793493450e+00 -1.5363196396e+00  5.9938120913e-01 -3.6546358951e+00 -3.2604634698e-01  7.8898839886e-01 -4.9337586036e+00
ENERGY -3.282138596990e+03

JOB 1
COORDS  1.1897396187e+00 -8.2179482470e-01 -2.0656270490e+00  6.6457295747e-01  3.6930801802e-01 -2.6781405050e+00 -2.4743639499e-01  9.2959084194e-02 -3.6742404978e+00  6.6597883844e-01 -1.9618673521e+00 -2.6070409853e+00  1.9946143672e+00  2.0519249894e+00 -1.1549578484e+00  2.4729185235e+00  2.2578014097e+00 -2.5714705134e+00  1.0569570601e+00  1.7582836821e+00 -2.3084911518e+00 -1.0159411431e+00  1.0607005655e+00 -4.5298143602e+00 -4.8108269646e-01 -1.6286471455e+00 -3.8674898291e+00  1.0707097196e+00 -3.7445604602e+00 -2.1076928325e+00  1.9151095554e+00 -8.3454364035e-01 -1.2607628629e+00  2.4037694610e+00  1.2178588680e+00 -5.9431385579e-01  1.7809673289e+00  2.9290923936e+00 -5.5154826721e-01  2.5987967959e+00  3.2726890562e+00 -2.9378844401e+00  3.1756220487e+00  1.5360514579e+00 -2.9773103542e+00  2.7294188457e-01  2.4959963333e+00 -2.4537361354e+00 -1.3069166038e+00  6.1197721427e-01 -5.4839378735e+00 -1.9320689336e+00  1.4022977956e+00 -4.0324370063e+00 -4.0568864963e-01  1.9407281302e+00 -4.7524517384e+00
ENERGY -3.282138142831e+03

JOB 2
COORDS  1.1613957655e+00 -8.6125280170e-01 -2.0071258628e+00  6.7227893126e-01  3.4126375844e-01 -2.6253631112e+00 -1.5743945432e-01  8.5792543065e-02 -3.6960277714e+00  6.9263656377e-01 -1.9907295874e+00 -2.6179629859e+00  2.1325490904e+00  2.0060450342e+00 -1.2078994301e+00  2.3183008802e+00  2.3755206056e+00 -2.6604647638e+00  1.0199528726e+00  1.7269445006e+00 -2.1939273126e+00 -8.5809786305e-01  1.0791675008e+00 -4.5780467039e+00 -3.5742638095e-01 -1.6304426596e+00 -3.9540475730e+00  1.0756471812e+00 -3.7842108513e+00 -2.1404232050e+00  1.8174772755e+00 -8.8569291997e-01 -1.1452324974e+00  2.7056460358e+00  1.1676788982e+00 -8.2538395326e-01  1.9777447693e+00  2.8044411244e+00 -4.8838713058e-01  2.2941028288e+00  3.4254151397e+00 -2.9382660933e+00  2.9868243202e+00  1.7597484076e+00 -3.2547915897e+00  1.7129879597e-01  2.4043925619e+00 -2.1370928494e+00 -1.0189329840e+00  6.8470398042e-01 -5.5856137870e+00 -1.8377624002e+00  1.3612285057e+00 -4.1727980387e+00 -2.5724991228e-01  1.9887906239e+00 -4.6676735539e+00
ENERGY -3.282138161646e+03

JOB 3
COORDS  1.0177472196e+00 -8.8400059008e-01 -1.8928594900e+00  6.1342671532e-01  3.2527056261e-01 -2.5570913451e+00 -1.4529544589e-01  8.5186460531e-02 -3.6819575897e+00  5.5691870151e-01 -2.0048264238e+00 -2.5252835137e+00  2.2156219801e+00  1.9648035342e+00 -1.2875901683e+00  2.1475268957e+00  2.4342190585e+00 -2.7229619577e+00  9.6699566957e-01  1.7018377408e+00 -2.0980265746e+00 -7.5294548815e-01  1.0939080283e+00 -4.6130085903e+00 -3.8159868792e-01 -1.6263551255e+00 -3.9382414148e+00  8.4511955383e-01 -3.8050728162e+00 -2.0078358863e+00  1.6075654663e+00 -9.1290020642e-01 -9.8404872799e-01  2.8663532176e+00  1.1236499413e+00 -1.0687791912e+00  2.1625823948e+00  2.7082901702e+00 -4.9804366745e-01  2.0444794079e+00  3.4984812566e+00 -2.9149528050e+00  2.7331617373e+00  1.8901456417e+00 -3.4577915773e+00  1.1487465145e-01  2.3365745335e+00 -1.8635184340e+00 -8.6650644130e-01  6.9767683911e-01 -5.6264091430e+00 -1.7440487781e+00  1.4139252583e+00 -4.2689009700e+00 -1.1534050732e-01  1.9811614496e+00 -4.6671838110e+00
ENERGY -3.282138523670e+03

JOB 4
COORDS  1.1068662659e-01 -6.1163224365e-01 -1.4237528093e+00  7.8723862678e-02  5.1232723989e-01 -2.3214868763e+00 -6.6719214653e-01  2.6852660455e-01 -3.4536291011e+00 -6.0392165543e-01 -1.6757128545e+00 -1.8954521937e+00  2.1374864355e+00  1.8264014364e+00 -1.3996158197e+00  1.9805078681e+00  2.2321476182e+00 -2.8474317720e+00  7.6508376030e-01  1.8098120325e+00 -2.0390210508e+00 -9.4494903571e-01  1.1931609981e+00 -4.6026443741e+00 -1.3395031883e+00 -1.3461946394e+00 -3.4367486603e+00 -8.2497627513e-01 -3.3622688147e+00 -1.0599826097e+00  6.4112497239e-01 -6.1629286610e-01 -4.7828002578e-01  2.6106353633e+00  8.6968624599e-01 -1.1988823669e+00  2.3516493211e+00  2.5988698382e+00 -6.6710649920e-01  2.0828970119e+00  3.2826291474e+00 -3.1046592154e+00  2.3365636536e+00  1.5391873779e+00 -3.6038789898e+00  1.0346226226e-01  2.6221147886e+00 -1.7436295851e+00 -7.4044610018e-01  7.1584341338e-01 -5.5670443554e+00 -1.9897347660e+00  1.5250283526e+00 -4.6124023172e+00 -3.1143857413e-01  2.0793705591e+00 -4.5226997049e+00
ENERGY -3.282138884365e+03

JOB 5
COORDS -1.7375692466e-03 -5.6780679250e-01 -1.3358744720e+00  5.4772280811e-02  5.2192124918e-01 -2.2751822616e+00 -6.3338172335e-01  2.5790634602e-01 -3.4388897325e+00 -7.1552735700e-01 -1.6302002012e+00 -1.8098729461e+00  2.1946343516e+00  1.7825141562e+00 -1.4921953144e+00  1.8639879253e+00  2.3277032903e+00 -2.8629862746e+00  7.5522838509e-01  1.8063520073e+00 -1.9690975374e+00 -8.5929569271e-01  1.1493354729e+00 -4.6255189587e+00 -1.3461843575e+00 -1.3410355743e+00 -3.4053086811e+00 -1.0254270203e+00 -3.2813565979e+00 -9.3288014398e-01  4.7973738511e-01 -5.5099523998e-01 -3.6442403517e-01  2.6889836160e+00  8.1657329028e-01 -1.4453091658e+00  2.4873802646e+00  2.4816421792e+00 -7.1446462099e-01  1.9312293040e+00  3.3998969975e+00 -3.0238170405e+00  2.1407001181e+00  1.7206174092e+00 -3.7197529448e+00  1.3192283085e-01  2.5659847925e+00 -1.5000036311e+00 -6.2288854673e-01  6.4243744300e-01 -5.5673487170e+00 -1.9019739906e+00  1.4828352438e+00 -4.6820619670e+00 -2.2901422813e-01  2.0371360369e+00 -4.5483674402e+00
ENERGY -3.282138831486e+03

JOB 6
COORDS  1.1576762741e-01 -7.5535560988e-01 -1.4817808053e+00  1.5685268146e-01  3.9422073917e-01 -2.3489163748e+00 -4.9355846196e-01  1.8220111124e-01 -3.5441839639e+00 -5.3973641273e-01 -1.8120910294e+00 -2.0434736219e+00  2.3055707551e+00  1.7037319306e+00 -1.6834728467e+00  1.7084414014e+00  2.4560852483e+00 -2.8495628215e+00  8.0378248442e-01  1.6718042723e+00 -1.9237567185e+00 -7.0290951800e-01  1.1239084761e+00 -4.6969067795e+00 -1.1374696000e+00 -1.4441855744e+00 -3.6350043466e+00 -8.1510417793e-01 -3.5241229299e+00 -1.2786296688e+00  5.7108499240e-01 -7.8348318312e-01 -4.9785451306e-01  2.8628821855e+00  7.9770926045e-01 -1.9019657513e+00  2.6719339231e+00  2.2728220149e+00 -8.3412629945e-01  1.6732428670e+00  3.5407449153e+00 -2.8031811058e+00  1.8833545782e+00  2.0536413757e+00 -3.8422111449e+00  2.2537835206e-01  2.2543938895e+00 -1.2083628306e+00  4.1765909322e-02  9.7105835352e-01 -5.4874977598e+00 -1.6916917573e+00  9.9019368722e-01 -5.1463280414e+00 -6.2637009356e-01  2.1583763515e+00 -4.3569641119e+00
ENERGY -3.282138285961e+03

JOB 7
COORDS  2.7982048979e-01 -1.0128316713e+00 -1.7717615346e+00  3.0660509065e-01  2.1789988742e-01 -2.5217323853e+00 -2.7179660221e-01  9.2483163378e-02 -3.7658728078e+00 -2.8082050772e-01 -2.0420937077e+00 -2.4693889856e+00  2.3715732558e+00  1.6421616700e+00 -1.8211667943e+00  1.5507866566e+00  2.5478469949e+00 -2.7072671437e+00  8.5989997604e-01  1.4625838701e+00 -1.9114523800e+00 -5.1512921205e-01  1.1270841638e+00 -4.8303294202e+00 -8.1027225023e-01 -1.5512384469e+00 -4.0507648843e+00 -4.9662287956e-01 -3.8331891444e+00 -1.8887187682e+00  6.7849581097e-01 -1.1137744627e+00 -7.6803982887e-01  2.9891747878e+00  8.9203338372e-01 -2.3059208640e+00  2.7804762443e+00  2.0459770693e+00 -8.9953588359e-01  1.3997023295e+00  3.5780988996e+00 -2.3982495077e+00  1.6521031317e+00  2.4119938909e+00 -3.7781490364e+00  3.3920448120e-01  1.7826437888e+00 -1.0105236914e+00  3.0749315585e-01  1.1727903796e+00 -5.5542830088e+00 -1.4305874294e+00  9.0940360979e-01 -5.3885626985e+00 -6.2738584392e-01  2.1156990403e+00 -4.3814772355e+00
ENERGY -3.282137138996e+03

JOB 8
COORDS  1.2728970445e-01 -9.3036575317e-01 -1.6126627023e+00  2.6263653940e-01  2.5129257282e-01 -2.4275711111e+00 -2.8059339015e-01  8.8435227597e-02 -3.6844086750e+00 -4.8099549864e-01 -1.9600873005e+00 -2.2689246459e+00  2.4103480174e+00  1.6804064236e+00 -2.0079834421e+00  1.4337887239e+00  2.6407166429e+00 -2.6418213215e+00  9.0616731543e-01  1.4662286522e+00 -1.8483006997e+00 -4.2061942696e-01  1.0566601864e+00 -4.8291178637e+00 -9.2339019210e-01 -1.5289900166e+00 -3.8911786745e+00 -8.4174280525e-01 -3.6924629532e+00 -1.5904550186e+00  4.8679682077e-01 -1.0000741454e+00 -5.9147149153e-01  2.9349431197e+00  9.9391507303e-01 -2.6657494449e+00  2.9752797954e+00  2.0036360238e+00 -1.1384757193e+00  1.3214601610e+00  3.6273939211e+00 -2.2018475291e+00  1.3527609031e+00  2.6247694696e+00 -3.7212174745e+00  5.5315843704e-01  1.6984691203e+00 -8.4554962673e-01  5.2363443923e-01  1.1946518385e+00 -5.3684464766e+00 -1.1585942008e+00  7.0134715404e-01 -5.5539265604e+00 -7.5540423597e-01  2.0340053451e+00 -4.4726552785e+00
ENERGY -3.282135647513e+03

JOB 9
COORDS  7.8763688555e-02 -1.0124185533e+00 -1.6530878935e+00  2.8531202100e-01  1.7926493445e-01 -2.4368028774e+00 -1.9693922044e-01  4.8229004601e-02 -3.7235123520e+00 -5.4349769851e-01 -2.0083895327e+00 -2.3486612902e+00  2.4034054929e+00  1.7229969127e+00 -2.2542791586e+00  1.2541381622e+00  2.6782060436e+00 -2.4653281591e+00  9.9600636020e-01  1.3343040592e+00 -1.8141493330e+00 -2.2132798206e-01  1.0167475298e+00 -4.8773622727e+00 -8.9928066671e-01 -1.5360810442e+00 -3.9782872654e+00 -1.0056632992e+00 -3.7311485273e+00 -1.7087969873e+00  3.9021375112e-01 -1.1121149365e+00 -6.1864751947e-01  2.7964606610e+00  1.2088293321e+00 -3.1264688096e+00  3.1385122638e+00  1.9455801878e+00 -1.4863738307e+00  1.1906557197e+00  3.5511980808e+00 -1.8222254503e+00  9.1647056506e-01  2.8525955573e+00 -3.4780582813e+00  8.3916789774e-01  1.3861634947e+00 -7.3944300773e-01  7.8596497661e-01  1.3429781045e+00 -5.1564073750e+00 -6.6666359904e-01  5.5694121271e-01 -5.7640015573e+00 -8.1464388901e-01  1.9051603571e+00 -4.6392521656e+00
ENERGY -3.282134840463e+03

JOB 10
COORDS  1.0500622144e-03 -1.1673694142e+00 -1.8856288813e+00  3.2110892781e-01  4.4756834792e-02 -2.5950787651e+00 -9.8157054348e-02  5.6939256197e-03 -3.9104082388e+00 -6.4994905000e-01 -2.0844266780e+00 -2.6600255996e+00  2.3396448038e+00  1.7403786219e+00 -2.4363042549e+00  1.0938235611e+00  2.5843398068e+00 -2.3150081121e+00  1.0604710191e+00  1.1288846046e+00 -1.8842823423e+00 -1.3307235192e-02  1.0340404219e+00 -5.0082710889e+00 -8.9038120780e-01 -1.5118559518e+00 -4.2780230061e+00 -1.2502847996e+00 -3.8024698146e+00 -2.1326230165e+00  2.5187610712e-01 -1.3387831263e+00 -8.4420369624e-01  2.6490529726e+00  1.4234968199e+00 -3.4275115757e+00  3.1579224627e+00  1.9159887093e+00 -1.7441299856e+00  1.0564471397e+00  3.3317481857e+00 -1.5278417762e+00  5.7411925219e-01  2.8699465689e+00 -3.2210782758e+00  1.0591189607e+00  9.8906423784e-01 -8.0658500693e-01  9.7152930008e-01  1.5066197115e+00 -5.0455242384e+00 -1.8689943757e-01  5.7759471349e-01 -5.9869953945e+00 -7.6350697626e-01  1.8224799634e+00 -4.8796689826e+00
ENERGY -3.282135142607e+03

JOB 11
COORDS -9.6657318507e-02 -1.1321259897e+00 -1.8675495843e+00  3.4290535082e-01  2.0614770297e-02 -2.6126307053e+00 -8.7160291526e-02 -1.2097462004e-02 -3.9247795964e+00 -8.3283165153e-01 -2.0047561755e+00 -2.6156275840e+00  2.2984905545e+00  1.8203450191e+00 -2.5486806660e+00  1.0229745326e+00  2.5583601533e+00 -2.2200707042e+00  1.1342873293e+00  1.0755700377e+00 -1.9131102551e+00  4.4461813206e-02  9.8928815918e-01 -5.0421201473e+00 -1.0206497566e+00 -1.4588102333e+00 -4.2501924548e+00 -1.5850784723e+00 -3.6464725429e+00 -2.0420946073e+00  1.3754457670e-01 -1.2966306636e+00 -8.2121468243e-01  2.5305045295e+00  1.6139217789e+00 -3.5876788222e+00  3.1708252319e+00  1.9996477157e+00 -1.9270770885e+00  1.0263329717e+00  3.2482950240e+00 -1.3811855352e+00  3.7404286816e-01  2.8522693301e+00 -3.0378744055e+00  1.2954513763e+00  8.3776467853e-01 -8.6531345361e-01  9.5609532813e-01  1.5806753051e+00 -4.9521934390e+00  7.7648839175e-02  4.9189267031e-01 -6.0164172505e+00 -8.0465519290e-01  1.6830921143e+00 -5.0583347614e+00
ENERGY -3.282134949429e+03

JOB 12
COORDS -3.3024583382e-01 -1.0695866627e+00 -1.9638834697e+00  2.4580990533e-01  3.1667334855e-02 -2.6922456760e+00 -1.2952994971e-01  3.1244427012e-02 -4.0213652061e+00 -1.1115026626e+00 -1.8753800629e+00 -2.7414918809e+00  2.1086685876e+00  1.9415639074e+00 -2.6229393525e+00  8.4898563786e-01  2.5141683528e+00 -2.0191917647e+00  1.1019846326e+00  1.0146941793e+00 -1.9656393643e+00  2.3837212913e-01  9.5223962126e-01 -5.1555252524e+00 -1.1809786614e+00 -1.3216290955e+00 -4.3822971374e+00 -2.0542527077e+00 -3.4246790489e+00 -2.1926978646e+00 -1.6492894171e-01 -1.2428055994e+00 -9.0581000968e-01  2.2022762526e+00  1.9245540616e+00 -3.7016702345e+00  3.0462211177e+00  2.1011343424e+00 -2.0983705822e+00  9.2332383857e-01  3.0752987916e+00 -1.0923074313e+00  6.9529710274e-02  2.8587077499e+00 -2.6917782114e+00  1.4136628658e+00  6.4695352069e-01 -9.9166844060e-01  1.2418874663e+00  7.3659737316e-01 -5.5397036634e+00 -4.5927152528e-01  8.4325045758e-01 -5.9909029237e+00  2.1107663943e-01  2.0012805925e+00 -4.8504935856e+00
ENERGY -3.282135142380e+03

JOB 13
COORDS -5.2365706155e-01 -9.6931199464e-01 -2.0270339804e+00  1.9247770092e-01  3.9957250409e-02 -2.7656241344e+00 -1.4773312717e-01  4.8055720232e-02 -4.1032765730e+00 -1.3797441306e+00 -1.6942649132e+00 -2.8046199651e+00  2.0059772307e+00  2.0106215439e+00 -2.6477402797e+00  8.1027713454e-01  2.4117726842e+00 -1.8182221348e+00  1.1320098247e+00  9.3687820481e-01 -2.0310522611e+00  3.4266065928e-01  8.9878640990e-01 -5.2459608599e+00 -1.3481519442e+00 -1.1769103629e+00 -4.4588610839e+00 -2.5099388351e+00 -3.1089057196e+00 -2.2456057059e+00 -4.0156738576e-01 -1.1335912073e+00 -9.6162914060e-01  1.9658991586e+00  2.1821764828e+00 -3.7149917152e+00  2.9939705885e+00  2.1407014464e+00 -2.2157216877e+00  9.7211145322e-01  2.8367778419e+00 -8.3191239663e-01 -5.8465741946e-02  2.7977856837e+00 -2.3435155552e+00  1.5743231889e+00  4.5161830516e-01 -1.1643084362e+00  1.4143273589e+00  7.5650143200e-01 -5.4174064707e+00 -1.7205217498e-01  6.3933123098e-01 -6.1752866528e+00  1.6362441405e-01  1.9638917301e+00 -5.0661871586e+00
ENERGY -3.282134840874e+03

JOB 14
COORDS -7.0537039841e-01 -7.9465239421e-01 -2.0800424924e+00  1.1943031160e-01  1.1704804576e-01 -2.8332811659e+00 -1.6976206535e-01  9.6101105633e-02 -4.1812518246e+00 -1.6101278482e+00 -1.4571071770e+00 -2.8569486272e+00  1.8564722913e+00  2.1375750462e+00 -2.6766071770e+00  8.2487893828e-01  2.3036737818e+00 -1.5876294451e+00  1.1624141564e+00  9.1316270477e-01 -2.1233884296e+00  4.6657248271e-01  8.2465396917e-01 -5.3352823905e+00 -1.4835667466e+00 -1.0105028577e+00 -4.5296247137e+00 -2.8970248526e+00 -2.7246263893e+00 -2.2832728573e+00 -6.2809233783e-01 -9.2671363665e-01 -1.0060250342e+00  1.5932580174e+00  2.4886692927e+00 -3.6662650564e+00  2.9033221302e+00  2.2729189601e+00 -2.4206043079e+00  1.1558630590e+00  2.5588099433e+00 -5.8513508656e-01 -1.3898241468e-01  2.7159171802e+00 -1.8707335377e+00  1.7440150166e+00  3.2202548920e-01 -1.4188352714e+00  1.5563211993e+00  8.0306216840e-01 -5.2551378722e+00  1.9830434948e-01  3.5882830367e-01 -6.2877585751e+00  1.4835239680e-01  1.8723899365e+00 -5.3853990390e+00
ENERGY -3.282135646562e+03

JOB 15
COORDS  1.9717853319e+00  3.9128573075e-01  1.4585457100e-01  1.2565531828e+00  8.0959323908e-01 -1.0333260690e+00  1.1989915601e-01  6.2999346081e-02 -1.2552502550e+00  1.3519334985e+00 -6.3111810623e-01  8.0286374535e-01  9.2642280235e-01  2.8453722151e+00 -2.6929045649e+00  1.6440299260e+00  3.3505115294e+00 -1.4642633461e+00  1.7979803928e+00  1.8970200886e+00 -1.9004048466e+00 -8.7339851943e-01  1.2302433456e-01 -2.3836506216e+00 -1.0930158872e-01 -1.1315774043e+00  6.1492811536e-03  1.9189565517e+00 -1.4705688828e+00  2.4046330173e+00  2.8923433045e+00  8.5317983591e-01  4.8620279245e-01 -1.4956842425e-01  2.7327866242e+00 -2.6239535001e+00  1.2826685592e+00  3.1627818966e+00 -3.6686440190e+00  2.4939346260e+00  4.0145425342e+00 -1.5920907017e+00  1.0454858865e+00  3.5389634594e+00 -5.7802821596e-01  2.7781131984e+00  1.6787964204e+00 -2.3210745494e+00 -1.6752891640e+00  8.4418439901e-01 -2.1853034242e+00 -3.7915488124e-01  4.1327671634e-01 -3.3131768200e+00 -1.3434721832e+00 -8.5120274834e-01 -2.5470086939e+00
ENERGY -3.282137143052e+03

JOB 16
COORDS  2.0453793117e+00  4.1381120811e-01  7.0209830279e-02  1.3127897319e+00  7.8272266128e-01 -1.1139674372e+00  2.0924817904e-01 -1.3527276637e-02 -1.3258936918e+00  1.4732020480e+00 -6.3074844512e-01  7.3609053332e-01  8.1871531736e-01  2.9167299605e+00 -2.5658716601e+00  1.7948418243e+00  3.3140857192e+00 -1.4835945050e+00  1.7761974742e+00  1.8859701210e+00 -2.0081123897e+00 -7.9084778735e-01  2.0231969081e-02 -2.4474895769e+00  3.6505150822e-02 -1.2079068997e+00 -5.6480369688e-02  2.0773708510e+00 -1.4293613407e+00  2.3450939557e+00  2.9422983612e+00  9.2282270668e-01  4.0582769195e-01 -2.2670364784e-01  2.8356911536e+00 -2.2857187394e+00  9.8733357385e-01  3.2797987404e+00 -3.5756261878e+00  2.6381542589e+00  3.9431807446e+00 -1.7529478030e+00  1.3987137203e+00  3.4819083723e+00 -4.8654429095e-01  2.6279859645e+00  1.6306250507e+00 -2.6365325923e+00 -1.6917794548e+00  5.8197663211e-01 -2.1723421453e+00 -3.5351826329e-01  4.9427126200e-01 -3.3281456326e+00 -1.1062315034e+00 -9.8865127511e-01 -2.7308298951e+00
ENERGY -3.282138284164e+03

JOB 17
COORDS  1.3500045677e+00  9.8869211588e-01  5.3876915999e-01  9.4381073795e-01  1.1125585472e+00 -8.3631014197e-01 -1.3675306626e-01  3.1670195528e-01 -1.1460576087e+00  5.6613708436e-01  1.1740585956e-01  1.2391856025e+00  9.0780285133e-01  3.0732336920e+00 -2.5710995752e+00  1.8788011654e+00  3.4583970420e+00 -1.4782456176e+00  1.6544425630e+00  1.9954939588e+00 -1.8107981324e+00 -8.5521856375e-01  1.7330763195e-01 -2.4573660374e+00 -6.8128725615e-01 -5.8497274822e-01  2.5109942529e-01  7.2492909813e-01 -3.4570264236e-01  3.0700077722e+00  2.1810094103e+00  1.5334352613e+00  9.7297027580e-01 -1.5153123553e-01  3.1885114804e+00 -2.3622747725e+00  1.1888205366e+00  3.2611438792e+00 -3.6034416551e+00  2.8256611444e+00  3.9074749572e+00 -1.7629514466e+00  1.4620073583e+00  3.8262596806e+00 -5.4529184157e-01  2.4683279260e+00  1.5154268114e+00 -2.3521425823e+00 -1.7842979303e+00  7.5570382861e-01 -2.4734148473e+00 -2.2253191340e-01  5.2989075145e-01 -3.2727685628e+00 -1.1154267991e+00 -8.6978958272e-01 -2.6629961697e+00
ENERGY -3.282138849427e+03

JOB 18
COORDS  1.7980351631e+00  6.9517399063e-01  2.0619946688e-01  1.1844800143e+00  9.0374104562e-01 -1.0778255085e+00  1.2347013809e-01  5.4380678078e-02 -1.3046821530e+00  1.1908661043e+00 -2.9897180663e-01  9.1977761082e-01  8.1800714720e-01  3.1480952872e+00 -2.3731024000e+00  2.1094689270e+00  3.2883942772e+00 -1.5995555460e+00  1.6605001962e+00  1.9203054616e+00 -2.0643987181e+00 -7.3437283370e-01 -5.2873158822e-02 -2.5314837767e+00 -1.3805298374e-01 -1.0133354315e+00  5.5028860169e-02  1.6479816097e+00 -8.9941960741e-01  2.6581164574e+00  2.6494788216e+00  1.2599562742e+00  5.6874643488e-01 -1.1078183646e-01  3.2609528343e+00 -1.8218053299e+00  7.8857128849e-01  3.5037763459e+00 -3.3990456746e+00  2.9614950458e+00  3.7422742032e+00 -2.0968764856e+00  2.0344247362e+00  3.5107322847e+00 -5.3917518666e-01  2.2070024349e+00  1.5139338367e+00 -2.9136684072e+00 -1.7845747238e+00 -2.3291812564e-01 -2.2806958059e+00 -6.7614115303e-01  8.7564396647e-01 -3.1047535898e+00 -4.0425823868e-01 -8.7071098118e-01 -3.1832710273e+00
ENERGY -3.282138887030e+03

JOB 19
COORDS  2.6391540355e+00  9.9368028769e-02 -8.4696510168e-01  1.6137722969e+00  4.9944645273e-01 -1.7718261101e+00  6.5963483449e-01 -4.7666977128e-01 -1.9617561191e+00  2.4412460345e+00 -1.1634290231e+00 -3.6282748636e-01  6.9582036904e-01  2.9448639435e+00 -1.8991986678e+00  2.2023789923e+00  3.0518331320e+00 -1.8433903850e+00  1.5648443921e+00  1.8259051317e+00 -2.4572894757e+00 -5.4460580617e-01 -4.2574415899e-01 -2.8563456827e+00  1.0101649357e+00 -1.9029859203e+00 -1.0156034328e+00  3.5321236078e+00 -2.0925710539e+00  8.7735207111e-01  3.4838992970e+00  7.1861359258e-01 -5.6840650903e-01  1.7077506399e-01  2.7445401162e+00 -9.6995772314e-01  1.5758223691e-01  3.5730935129e+00 -2.6032706506e+00  2.6946033192e+00  3.7552215236e+00 -2.5082396418e+00  2.6739001181e+00  2.9476706095e+00 -8.7104577104e-01  1.5940611496e+00  1.7762794379e+00 -3.5439027591e+00 -1.3900566726e+00 -9.7688591227e-01 -2.4334262876e+00 -8.5583505367e-01  6.1297416297e-01 -2.9977779551e+00 -3.3300204274e-01 -8.5085534795e-01 -3.8451209104e+00
ENERGY -3.282138542515e+03

JOB 20
COORDS  2.4458110187e+00  2.9937891654e-01 -5.5752728176e-01  1.5075327327e+00  5.9603762409e-01 -1.6057628611e+00  6.1671659417e-01 -4.3283964749e-01 -1.8248222499e+00  2.2467052145e+00 -9.3854511302e-01 -1.2849491613e-02  7.4353067414e-01  3.0903436172e+00 -1.8032764188e+00  2.2462519107e+00  3.0951956536e+00 -1.9534060202e+00  1.4619697547e+00  1.8731943917e+00 -2.3762533361e+00 -4.9468382080e-01 -4.9149150106e-01 -2.8332413559e+00  9.2224197809e-01 -1.7810240884e+00 -7.5670413333e-01  3.2441814861e+00 -1.7395551851e+00  1.3852974221e+00  3.2376579747e+00  9.6510069657e-01 -2.3542073849e-01  3.3858330124e-01  2.9915343784e+00 -8.0056718782e-01  1.5005111385e-01  3.6988391153e+00 -2.4797110157e+00  2.6850916975e+00  3.7069598476e+00 -2.7358808138e+00  2.8412642328e+00  3.0384045670e+00 -1.0475711074e+00  1.3477344551e+00  1.7456576144e+00 -3.4499835517e+00 -1.3189426057e+00 -1.1248116917e+00 -2.4923398510e+00 -8.9480256807e-01  5.1145616657e-01 -3.0077787852e+00 -1.4851075837e-01 -8.8828906866e-01 -3.7956269289e+00
ENERGY -3.282138162180e+03

JOB 21
COORDS  2.7644064712e+00  4.4838447148e-01 -7.2648406640e-01  1.7105867863e+00  5.7892374734e-01 -1.6958087348e+00  1.0016474051e+00 -5.9116203398e-01 -1.8650479678e+00  2.8257710406e+00 -8.0585967960e-01 -1.8610035881e-01  8.2072754835e-01  3.0390079349e+00 -1.6978631384e+00  2.2026669600e+00  3.0906770517e+00 -2.3025732308e+00  1.3783180985e+00  1.8271183075e+00 -2.4368781476e+00 -1.6082107132e-01 -8.4336786613e-01 -2.7844423587e+00  1.6171062562e+00 -1.8659907182e+00 -8.4143271799e-01  4.0536412535e+00 -1.4199491523e+00  1.1203524265e+00  3.4476346769e+00  1.2412969892e+00 -4.4576948937e-01  7.4499592350e-01  2.9571959527e+00 -6.1762886393e-01  2.2590125323e-02  3.6041097163e+00 -2.1707620193e+00  2.3507324845e+00  3.6870752942e+00 -3.1979112627e+00  3.0541159760e+00  3.0842974871e+00 -1.6297515436e+00  9.5960256122e-01  1.6586173561e+00 -3.4252846499e+00 -6.4692611460e-01 -1.7984787976e+00 -2.5683502464e+00 -9.1432380424e-01 -5.5946996009e-02 -2.6789079178e+00  1.5584680025e-01 -8.6542745955e-01 -3.8342227757e+00
ENERGY -3.282138140071e+03

JOB 22
COORDS  2.6436575876e+00  5.5732253781e-01 -6.1142295406e-01  1.6236577452e+00  6.2338760317e-01 -1.6242611713e+00  1.0239769901e+00 -5.9682018723e-01 -1.8484863774e+00  2.7897571341e+00 -6.9991633824e-01 -9.7175044323e-02  9.4096836364e-01  3.1471834357e+00 -1.5990153384e+00  2.1885852634e+00  3.0494762825e+00 -2.4411377013e+00  1.2460844343e+00  1.8615248277e+00 -2.3560359515e+00 -6.5742642982e-02 -9.3464892939e-01 -2.8287782542e+00  1.7030644900e+00 -1.8418227716e+00 -8.2514295537e-01  4.0070365954e+00 -1.2382406786e+00  1.2517130912e+00  3.2379495301e+00  1.4000241698e+00 -2.7672061732e-01  1.0517926768e+00  3.1146748996e+00 -5.1907718626e-01  1.2144140725e-01  3.7663174966e+00 -1.9524467701e+00  2.2190726071e+00  3.5948115436e+00 -3.3797860092e+00  3.1472507153e+00  2.9774526077e+00 -1.9371780337e+00  6.5262921615e-01  1.6890065322e+00 -3.2487294044e+00 -4.7433105143e-01 -1.9323189963e+00 -2.6469529222e+00 -8.9360661699e-01 -2.2223585436e-01 -2.7527540790e+00  3.0271025113e-01 -9.1338724525e-01 -3.8613409540e+00
ENERGY -3.282138609748e+03

JOB 23
COORDS  2.1733839283e+00 -5.4273026455e-01 -1.7851708110e+00  1.2333394658e+00  2.7317009224e-01 -2.5073684521e+00  3.3368361241e-01 -4.7493936180e-01 -3.2347088648e+00  1.9653928948e+00 -1.8784096183e+00 -1.9816609664e+00  1.5958963626e+00  2.5148553729e+00 -1.2116190432e+00  2.5288979263e+00  2.5407614814e+00 -2.3964581952e+00  1.2264509067e+00  1.7584453669e+00 -2.4779366157e+00 -7.9172585902e-01  5.8038886441e-03 -4.1101238457e+00  6.2727388061e-01 -2.1887093237e+00 -3.0439216522e+00  2.9609258530e+00 -3.3035815327e+00 -1.2272754177e+00  2.9635717761e+00 -1.5906002777e-01 -1.1491468000e+00  1.8808387798e+00  1.9249336615e+00 -3.4550855344e-01  1.0323792235e+00  3.4134130301e+00 -9.7785256028e-01  2.6045904026e+00  3.4569556519e+00 -2.9747745847e+00  3.4498655240e+00  1.9684391298e+00 -2.3381821633e+00  4.4795476900e-01  2.2150367366e+00 -3.0811661921e+00 -1.3349498142e+00 -8.2940280546e-01 -4.5600220391e+00 -1.5148136661e+00  5.9691561904e-01 -3.5370870202e+00 -4.1850943338e-01  6.3234557850e-01 -4.9279964300e+00
ENERGY -3.282138913118e+03

