JOB 0
COORDS -1.5722406838e+00 -2.7828424231e+00  2.0388880943e+00 -9.6242053145e-01 -1.6115280748e+00  1.5748433175e+00 -1.0241142008e+00 -3.4548307229e+00  3.1359117384e+00  4.4468052659e+00 -3.5531856310e+00  6.1596510691e+00  4.2355013102e+00 -3.8919448046e+00  4.8171442404e+00  1.8716093073e-01 -1.1181842843e+00  2.1959986307e+00  1.2372929213e-01 -2.9706576996e+00  3.7718949112e+00  3.7930875594e+00 -2.4572469696e+00  6.7281067158e+00  3.3592373561e+00 -3.1307658485e+00  4.0383414629e+00  7.2253363784e-01 -1.8019026340e+00  3.2911783186e+00  2.9310955609e+00 -1.6811316006e+00  5.9469159023e+00  2.7065368381e+00 -2.0402280090e+00  4.6095973822e+00  2.2920523126e+00 -6.0754141563e-01  6.5032204975e+00  1.8355116033e+00 -1.2228369476e+00  3.8915794244e+00 -2.4638271319e+00 -3.1667998895e+00  1.5512744891e+00 -1.3784089529e+00 -1.0809792387e+00  7.2238610495e-01 -1.4923688370e+00 -4.3625841012e+00  3.5075129350e+00  5.1197871571e+00 -4.1483770126e+00  6.7707108746e+00  4.7479879468e+00 -4.7427215786e+00  4.3778109458e+00  6.7791487419e-01 -2.1411650140e-01  1.8477864126e+00  5.4664101288e-01 -3.4942741936e+00  4.6229994409e+00  3.9413233344e+00 -2.1846835876e+00  7.7688952762e+00  3.1683693822e+00 -3.3801248869e+00  2.9985025580e+00  1.5743611783e+00 -3.4977146527e-01  5.8974375583e+00
ENERGY -6.138418212588e+02

JOB 1
COORDS -1.8246534404e+00 -2.4298357372e+00  2.4977214953e+00 -1.1525426569e+00 -1.3781681595e+00  1.8603690621e+00 -1.1236074825e+00 -3.2563359208e+00  3.3784481352e+00  4.3350879151e+00 -3.3770283618e+00  6.3672223372e+00  4.6405225498e+00 -3.7541089036e+00  5.0549690268e+00  2.0166927852e-01 -1.1509395488e+00  2.1038183299e+00  2.3807518286e-01 -3.0459924476e+00  3.6305371578e+00  3.3093847934e+00 -2.4624148927e+00  6.6199876127e+00  3.9117423502e+00 -3.2094467146e+00  3.9933517211e+00  8.9366133176e-01 -1.9870403151e+00  2.9905040139e+00  2.5933711556e+00 -1.8957306711e+00  5.5609992723e+00  2.8995300970e+00 -2.2860007670e+00  4.2450885860e+00  1.6165180096e+00 -9.7673460664e-01  5.8485406623e+00  2.2351771970e+00 -1.7005921118e+00  3.1714264191e+00 -2.8804604732e+00 -2.6006809962e+00  2.3082525585e+00 -1.6868642706e+00 -7.2770631688e-01  1.1729347222e+00 -1.6317274689e+00 -4.0780091676e+00  3.8763124287e+00  4.8900608452e+00 -3.8009517929e+00  7.1996339589e+00  5.4346245228e+00 -4.4681502473e+00  4.8573647966e+00  7.3805710821e-01 -3.3785489014e-01  1.6237036435e+00  7.8059825296e-01 -3.7006742780e+00  4.3048644536e+00  3.0538568262e+00 -2.1620273086e+00  7.6319965457e+00  4.1194047811e+00 -3.4815083114e+00  2.9624269647e+00  9.1840742404e-01 -1.0160011995e+00  5.1724268887e+00
ENERGY -6.138400448316e+02

JOB 2
COORDS -1.8369020322e+00 -2.3752599099e+00  2.5329509743e+00 -1.1459588251e+00 -1.3516129630e+00  1.8699248136e+00 -1.1431005811e+00 -3.2128899114e+00  3.4083627114e+00  4.3547759117e+00 -3.3425231367e+00  6.3625493843e+00  4.6925515662e+00 -3.7137783133e+00  5.0570350085e+00  2.1832813859e-01 -1.1611672471e+00  2.0849921955e+00  2.2967750568e-01 -3.0405368713e+00  3.6310674029e+00  3.2939202363e+00 -2.4619507449e+00  6.5926493232e+00  3.9616795404e+00 -3.2009837706e+00  3.9811524245e+00  9.0356563090e-01 -2.0065860176e+00  2.9679192160e+00  2.5790078503e+00 -1.9204402072e+00  5.5205187733e+00  2.9143865699e+00 -2.3105080796e+00  4.2108776188e+00  1.5741913877e+00 -1.0183592065e+00  5.7824108280e+00  2.2546560699e+00 -1.7641340187e+00  3.1164000358e+00 -2.9008933260e+00 -2.5162002959e+00  2.3662238789e+00 -1.6745848474e+00 -6.9292516406e-01  1.1859130762e+00 -1.6644616566e+00 -4.0152905164e+00  3.9236943874e+00  4.9103364558e+00 -3.7442708330e+00  7.2054572602e+00  5.5132788896e+00 -4.4015023483e+00  4.8748049888e+00  7.6800444343e-01 -3.6765047728e-01  1.5877284175e+00  7.6808844706e-01 -3.7113269268e+00  4.2934069374e+00  3.0120121848e+00 -2.1637436623e+00  7.5983116036e+00  4.1934812253e+00 -3.4733905197e+00  2.9555130137e+00  7.8957972532e-01 -1.2365541923e+00  5.2485342564e+00
ENERGY -6.138387102571e+02

JOB 3
COORDS -1.8338001953e+00 -2.3595003597e+00  2.5503811269e+00 -1.1413494210e+00 -1.3440883482e+00  1.8764295891e+00 -1.1378112879e+00 -3.2020754858e+00  3.4195015054e+00  4.3453811629e+00 -3.3375551774e+00  6.3596905693e+00  4.6991297338e+00 -3.7091731059e+00  5.0588022256e+00  2.2697910059e-01 -1.1648952112e+00  2.0756362383e+00  2.3895708351e-01 -3.0397026647e+00  3.6251690422e+00  3.2797666376e+00 -2.4572642943e+00  6.5727847842e+00  3.9801239891e+00 -3.2028281739e+00  3.9715588437e+00  9.1497417376e-01 -2.0128296305e+00  2.9528936578e+00  2.5787688092e+00 -1.9199642343e+00  5.4905044401e+00  2.9266667478e+00 -2.3152810301e+00  4.1858552676e+00  1.5683735241e+00 -1.0093005145e+00  5.7216282618e+00  2.2697648635e+00 -1.7861835929e+00  3.0842250209e+00 -2.9008193704e+00 -2.4912729538e+00  2.3960245872e+00 -1.6720723425e+00 -6.8241797920e-01  1.1968612188e+00 -1.6597476227e+00 -4.0001561884e+00  3.9411441002e+00  4.8923584294e+00 -3.7359674963e+00  7.2097434187e+00  5.5240500667e+00 -4.3950868117e+00  4.8883336395e+00  7.7721613613e-01 -3.7636869035e-01  1.5712638031e+00  7.8043456196e-01 -3.7182340449e+00  4.2774412459e+00  2.9871121000e+00 -2.1535699081e+00  7.5737890186e+00  4.2241750333e+00 -3.4810108812e+00  2.9503592666e+00  7.2903563164e-01 -1.3565784555e+00  5.3699340476e+00
ENERGY -6.138370763519e+02

JOB 4
COORDS -1.8334762068e+00 -2.3508244834e+00  2.5589037626e+00 -1.1411912712e+00 -1.3298312592e+00  1.8941754555e+00 -1.1320867247e+00 -3.2151772477e+00  3.4029795533e+00  4.3342992524e+00 -3.3311837095e+00  6.3568857842e+00  4.6995583670e+00 -3.7171064600e+00  5.0634411720e+00  2.3162792110e-01 -1.1649918266e+00  2.0780144042e+00  2.4805820891e-01 -3.0676276149e+00  3.5922833524e+00  3.2702050077e+00 -2.4433299541e+00  6.5475106114e+00  3.9928159036e+00 -3.2239137697e+00  3.9622443996e+00  9.2290055714e-01 -2.0335275046e+00  2.9304303956e+00  2.5794874490e+00 -1.9213955309e+00  5.4516284830e+00  2.9355254208e+00 -2.3351680548e+00  4.1552504941e+00  1.5709046226e+00 -9.9491717500e-01  5.6439425928e+00  2.2837412323e+00 -1.8297071417e+00  3.0425639863e+00 -2.9035809491e+00 -2.4711654856e+00  2.4166571899e+00 -1.6754538133e+00 -6.5145098673e-01  1.2340980911e+00 -1.6537453740e+00 -4.0192327921e+00  3.9158527740e+00  4.8738629448e+00 -3.7189896156e+00  7.2164979657e+00  5.5255899352e+00 -4.4056603256e+00  4.9091869756e+00  7.8124832597e-01 -3.7118082110e-01  1.5813656049e+00  7.9379022413e-01 -3.7615497741e+00  4.2248019560e+00  2.9747008883e+00 -2.1202825749e+00  7.5417672295e+00  4.2457638381e+00 -3.5173375866e+00  2.9475338376e+00  7.0581780063e-01 -1.4218793062e+00  5.5151813247e+00
ENERGY -6.138354318038e+02

JOB 5
COORDS -1.8339000259e+00 -2.3469417711e+00  2.5588372139e+00 -1.1438817895e+00 -1.3147501044e+00  1.9101172328e+00 -1.1293296745e+00 -3.2283627691e+00  3.3834542978e+00  4.3202898173e+00 -3.3141229851e+00  6.3680094268e+00  4.6896618423e+00 -3.7162284986e+00  5.0806130334e+00  2.3050975838e-01 -1.1553150901e+00  2.0906500243e+00  2.5113947478e-01 -3.0859467813e+00  3.5683510498e+00  3.2627843001e+00 -2.4148711152e+00  6.5420734954e+00  3.9917342798e+00 -3.2322634651e+00  3.9698908669e+00  9.2315889764e-01 -2.0403724728e+00  2.9232066441e+00  2.5751198043e+00 -1.9096647755e+00  5.4365411752e+00  2.9346015038e+00 -2.3392392458e+00  4.1467565332e+00  1.5733518140e+00 -9.6673329992e-01  5.5933168862e+00  2.2879028533e+00 -1.8485544739e+00  3.0269816821e+00 -2.9048147154e+00 -2.4637465736e+00  2.4192133367e+00 -1.6804444948e+00 -6.2339638740e-01  1.2654815048e+00 -1.6500538967e+00 -4.0416678639e+00  3.8827184432e+00  4.8559103464e+00 -3.6920278758e+00  7.2344492423e+00  5.5135028005e+00 -4.4100756068e+00  4.9385813594e+00  7.7880489443e-01 -3.5271732878e-01  1.6068281650e+00  7.9937666253e-01 -3.7890476759e+00  4.1884448059e+00  2.9728276503e+00 -2.0716065052e+00  7.5314332758e+00  4.2485284637e+00 -3.5393086391e+00  2.9602118063e+00  7.1786854951e-01 -1.4133559948e+00  5.7088900922e+00
ENERGY -6.138341874230e+02

JOB 6
COORDS -1.8334039844e+00 -2.3641675966e+00  2.5330390456e+00 -1.1486146202e+00 -1.3174048268e+00  1.9028432392e+00 -1.1267071475e+00 -3.2529430604e+00  3.3483941979e+00  4.3162742973e+00 -3.3136613275e+00  6.3621084250e+00  4.6731841516e+00 -3.7310268758e+00  5.0760269291e+00  2.2401467563e-01 -1.1516793532e+00  2.0922849929e+00  2.5123405591e-01 -3.1033384166e+00  3.5419241385e+00  3.2743284039e+00 -2.3965773539e+00  6.5362966721e+00  3.9756258195e+00 -3.2457096777e+00  3.9657987507e+00  9.1785437912e-01 -2.0441231360e+00  2.9152007725e+00  2.5802010679e+00 -1.8998660317e+00  5.4305484104e+00  2.9286481181e+00 -2.3405137134e+00  4.1416887045e+00  1.5933042961e+00 -9.3933931684e-01  5.5668702263e+00  2.2828840415e+00 -1.8470605863e+00  3.0236787496e+00 -2.9027630281e+00 -2.4868928515e+00  2.3863075020e+00 -1.6871362642e+00 -6.2045691770e-01  1.2658315757e+00 -1.6444946201e+00 -4.0768916250e+00  3.8332092778e+00  4.8544373347e+00 -3.6888064231e+00  7.2281490088e+00  5.4876782950e+00 -4.4359745585e+00  4.9350142020e+00  7.6911950712e-01 -3.3838918851e-01  1.6228405213e+00  8.0082634725e-01 -3.8079033901e+00  4.1588714137e+00  3.0035585181e+00 -2.0375141980e+00  7.5258632105e+00  4.2233549628e+00 -3.5623922991e+00  2.9568262381e+00  7.8837615168e-01 -1.3445744809e+00  5.9276813307e+00
ENERGY -6.138336581882e+02

JOB 7
COORDS -1.8210873704e+00 -2.3988444664e+00  2.4935536211e+00 -1.1422630634e+00 -1.3388701686e+00  1.8793256633e+00 -1.1126148162e+00 -3.2840348899e+00  3.3113101468e+00  4.3159586035e+00 -3.3383631900e+00  6.3587816159e+00  4.6566801337e+00 -3.7633438230e+00  5.0710486529e+00  2.2613369064e-01 -1.1585040125e+00  2.0859370357e+00  2.6074830352e-01 -3.1186997344e+00  3.5222357536e+00  3.2913717148e+00 -2.4028776289e+00  6.5377710816e+00  3.9591834246e+00 -3.2664089329e+00  3.9655976237e+00  9.2167216545e-01 -2.0483459806e+00  2.9100733397e+00  2.5903186803e+00 -1.9035811787e+00  5.4366732139e+00  2.9266950676e+00 -2.3460873272e+00  4.1455991868e+00  1.6176323961e+00 -9.3109773550e-01  5.5626725702e+00  2.2838790478e+00 -1.8352911967e+00  3.0337491076e+00 -2.8870665481e+00 -2.5340163138e+00  2.3333269375e+00 -1.6818039541e+00 -6.4383256337e-01  1.2410168183e+00 -1.6260315772e+00 -4.1169752621e+00  3.7853612070e+00  4.8550636794e+00 -3.7184382153e+00  7.2221208944e+00  5.4589633463e+00 -4.4810127541e+00  4.9250718312e+00  7.6662665583e-01 -3.3545108496e-01  1.6282405380e+00  8.1057354385e-01 -3.8174392224e+00  4.1452067278e+00  3.0395701648e+00 -2.0373007035e+00  7.5304078976e+00  4.1959583887e+00 -3.5861095450e+00  2.9549640152e+00  9.0649504043e-01 -1.2522525261e+00  6.1387626899e+00
ENERGY -6.138338825555e+02

JOB 8
COORDS -1.8207010822e+00 -2.4389519291e+00  2.4385193708e+00 -1.1517038373e+00 -1.3697931218e+00  1.8293723469e+00 -1.1096307932e+00 -3.2989876784e+00  3.2802047212e+00  4.3137494242e+00 -3.3489823227e+00  6.3328744142e+00  4.6261563605e+00 -3.7725801417e+00  5.0379042887e+00  2.0756409446e-01 -1.1571741561e+00  2.0629129533e+00  2.5481057911e-01 -3.1015090902e+00  3.5196007788e+00  3.3107461545e+00 -2.3955637953e+00  6.5383337093e+00  3.9195578072e+00 -3.2524706936e+00  3.9485610072e+00  9.0523149891e-01 -2.0238239771e+00  2.9100819420e+00  2.5974144556e+00 -1.8781868016e+00  5.4528452625e+00  2.9085381275e+00 -2.3148166222e+00  4.1533476240e+00  1.6390054350e+00 -8.9861466215e-01  5.5897941481e+00  2.2591035577e+00 -1.7747018438e+00  3.0587313291e+00 -2.8797003386e+00 -2.5996971475e+00  2.2567846793e+00 -1.6921719251e+00 -6.9293117333e-01  1.1725702068e+00 -1.6146801303e+00 -4.1377049303e+00  3.7530268201e+00  4.8595982995e+00 -3.7447735394e+00  7.1848321929e+00  5.4118920224e+00 -4.5043494716e+00  4.8738855037e+00  7.3971991835e-01 -3.2738729611e-01  1.6074608883e+00  8.0451127026e-01 -3.7800263894e+00  4.1642442589e+00  3.0855094931e+00 -2.0367700612e+00  7.5403432196e+00  4.1335304160e+00 -3.5666453454e+00  2.9310768884e+00  1.0634651970e+00 -1.1105759838e+00  6.3408065549e+00
ENERGY -6.138346536289e+02

JOB 9
COORDS -1.8175353498e+00 -2.4631778597e+00  2.4092070473e+00 -1.1553656133e+00 -1.3822556275e+00  1.8136539693e+00 -1.1073956831e+00 -3.3186301228e+00  3.2564452424e+00  4.3091933552e+00 -3.3614753864e+00  6.3372434677e+00  4.6066993890e+00 -3.7842885947e+00  5.0392138468e+00  1.9812724128e-01 -1.1540735433e+00  2.0656443591e+00  2.5113581283e-01 -3.1053050803e+00  3.5137956658e+00  3.3147790240e+00 -2.4010700987e+00  6.5533408635e+00  3.8946537935e+00 -3.2526575066e+00  3.9581797525e+00  8.9492232599e-01 -2.0169512782e+00  2.9171695716e+00  2.5971606204e+00 -1.8737603660e+00  5.4751713958e+00  2.8943246968e+00 -2.3067950566e+00  4.1704832373e+00  1.6453686904e+00 -8.9503638685e-01  5.6145738249e+00  2.2444752222e+00 -1.7518872060e+00  3.0829032905e+00 -2.8720380208e+00 -2.6363073081e+00  2.2132111252e+00 -1.6960511674e+00 -7.0915075420e-01  1.1531397185e+00 -1.6084558482e+00 -4.1649379494e+00  3.7198935703e+00  4.8572395720e+00 -3.7642130765e+00  7.1845154971e+00  5.3838831655e+00 -4.5228586636e+00  4.8660228604e+00  7.2605977333e-01 -3.1599265508e-01  1.6205112815e+00  8.0058558713e-01 -3.7772685071e+00  4.1653561790e+00  3.1001859956e+00 -2.0492227195e+00  7.5607995979e+00  4.0982025071e+00 -3.5639695240e+00  2.9376821598e+00  1.2292634941e+00 -9.7597061567e-01  6.4866606266e+00
ENERGY -6.138355994719e+02

JOB 10
COORDS -1.8163057109e+00 -2.4923892541e+00  2.3703938347e+00 -1.1580577348e+00 -1.4119161927e+00  1.7694165979e+00 -1.1106492486e+00 -3.3201941629e+00  3.2479335378e+00  4.3067058582e+00 -3.3778475649e+00  6.3188411423e+00  4.5865339303e+00 -3.7839240943e+00  5.0119069486e+00  1.8608800752e-01 -1.1582996217e+00  2.0449161616e+00  2.3880133414e-01 -3.0811889500e+00  3.5302073297e+00  3.3192635570e+00 -2.4164996993e+00  6.5618928412e+00  3.8646911332e+00 -3.2308814941e+00  3.9478136501e+00  8.7866961840e-01 -1.9947616144e+00  2.9264191045e+00  2.5967678611e+00 -1.8623364536e+00  5.5003613469e+00  2.8761167364e+00 -2.2798284380e+00  4.1863835405e+00  1.6360977276e+00 -8.9973150003e-01  5.6640242115e+00  2.2184163103e+00 -1.6994284554e+00  3.1168183364e+00 -2.8636728493e+00 -2.6856963329e+00  2.1558283323e+00 -1.6946439133e+00 -7.5953743903e-01  1.0851756804e+00 -1.6084245982e+00 -4.1648895111e+00  3.7177560358e+00  4.8597113598e+00 -3.7983506615e+00  7.1541672395e+00  5.3561713364e+00 -4.5252963327e+00  4.8186248822e+00  7.1070111740e-01 -3.2106530973e-01  1.5942261521e+00  7.8311446169e-01 -3.7315620063e+00  4.2072304985e+00  3.1134868777e+00 -2.0875360768e+00  7.5792788742e+00  4.0538887692e+00 -3.5272917057e+00  2.9200967599e+00  1.3871878593e+00 -8.5565752101e-01  6.6004459426e+00
ENERGY -6.138363188375e+02

JOB 11
COORDS  2.3459938919e+00  3.0281975930e+00  3.9130121818e+00  1.0531026845e+00  2.5731379698e+00  4.2016594642e+00  3.4058626664e+00  2.1173289092e+00  3.9065761631e+00  4.5780818465e+00 -3.7628474037e+00  5.6027326487e+00  3.9082755486e+00 -3.8216212464e+00  4.3783864855e+00  8.2226882180e-01  1.2265020432e+00  4.4845122093e+00  3.1892215666e+00  7.6305446249e-01  4.1837716878e+00  4.2587953360e+00 -2.7682136029e+00  6.5337736272e+00  2.9204813333e+00 -2.8737445914e+00  4.0867835497e+00  1.8934497828e+00  3.2692553109e-01  4.4751139385e+00  3.2645638150e+00 -1.8264743791e+00  6.2487881978e+00  2.5998849706e+00 -1.8821828555e+00  5.0100464699e+00  2.8988332124e+00 -8.3140068120e-01  7.1146964217e+00  1.5745860763e+00 -9.9682910871e-01  4.7296625336e+00  2.5229669229e+00  4.0778861344e+00  3.6957115314e+00  2.1940333467e-01  3.2706953248e+00  4.2107499098e+00  4.4137228365e+00  2.4568945520e+00  3.6809857629e+00  5.3494612893e+00 -4.4897404497e+00  5.8414700131e+00  4.1510918242e+00 -4.5936024020e+00  3.6542621631e+00 -1.7195915541e-01  8.5670667152e-01  4.7171350675e+00  4.0156761745e+00  6.0010652347e-02  4.1721453370e+00  4.7773955420e+00 -2.7274460284e+00  7.4905514575e+00  2.3830740071e+00 -2.8878144424e+00  3.1429270798e+00  3.4336115052e+00 -9.0152291771e-01  7.9211111366e+00
ENERGY -6.138365276515e+02

JOB 12
COORDS  2.3471203165e+00  3.0248951892e+00  3.9243562117e+00  1.0529415130e+00  2.5696303003e+00  4.2069790386e+00  3.4059631194e+00  2.1128507454e+00  3.9171710124e+00  4.5738567190e+00 -3.7644443589e+00  5.6050693991e+00  3.9119442235e+00 -3.8210921373e+00  4.3761546842e+00  8.2028655049e-01  1.2219771198e+00  4.4833253228e+00  3.1873175466e+00  7.5755314757e-01  4.1882262437e+00  4.2419563659e+00 -2.7772122611e+00  6.5395625718e+00  2.9217747448e+00 -2.8768644566e+00  4.0811861174e+00  1.8903229867e+00  3.2093726506e-01  4.4739239626e+00  3.2530280707e+00 -1.8324317000e+00  6.2469074049e+00  2.5940846141e+00 -1.8884593067e+00  5.0055436441e+00  2.8622671818e+00 -8.5481931238e-01  7.1233448582e+00  1.5694993339e+00 -1.0031994398e+00  4.7222531267e+00  2.5256964935e+00  4.0752874295e+00  3.7118524695e+00  2.1975387407e-01  3.2677920062e+00  4.2164424696e+00  4.4147090588e+00  2.4522526719e+00  3.6952260093e+00  5.3440216234e+00 -4.4915525416e+00  5.8470872093e+00  4.1625444095e+00 -4.5895923670e+00  3.6509430179e+00 -1.7495623967e-01  8.5222672499e-01  4.7115615828e+00  4.0129754676e+00  5.3586584121e-02  4.1742036779e+00  4.7459294987e+00 -2.7440266691e+00  7.5042012588e+00  2.3907093875e+00 -2.8897200456e+00  3.1337300169e+00  3.5200106172e+00 -7.8281934582e-01  7.8325851297e+00
ENERGY -6.138363164794e+02

JOB 13
COORDS  2.3528207975e+00  3.0306582121e+00  3.9781289421e+00  1.0599025792e+00  2.5717334146e+00  4.2601594814e+00  3.4081521636e+00  2.1154323018e+00  3.9314901562e+00  4.5607569718e+00 -3.7632511031e+00  5.6269419493e+00  3.9108118246e+00 -3.8424531117e+00  4.3924903565e+00  8.2368948027e-01  1.2173195837e+00  4.4987313345e+00  3.1859387397e+00  7.5361862079e-01  4.1635092631e+00  4.2163750635e+00 -2.7615712565e+00  6.5411355093e+00  2.9235625386e+00 -2.9049891542e+00  4.0693883372e+00  1.8901340857e+00  3.1386952196e-01  4.4508744355e+00  3.2344077251e+00 -1.8196345447e+00  6.2183827953e+00  2.5881914699e+00 -1.8981528250e+00  4.9719407215e+00  2.8196579093e+00 -8.4035134188e-01  7.0866476689e+00  1.5693104371e+00 -1.0175766388e+00  4.6567688214e+00  2.5332555858e+00  4.0863597670e+00  3.7956339372e+00  2.3004132955e-01  3.2727489070e+00  4.2998295872e+00  4.4155947295e+00  2.4574779022e+00  3.7075848038e+00  5.3269929435e+00 -4.4871280501e+00  5.8902066488e+00  4.1690398624e+00 -4.6241667727e+00  3.6841440982e+00 -1.7036344979e-01  8.4485891945e-01  4.7276592114e+00  4.0074966849e+00  4.6004933308e-02  4.1168651344e+00  4.7016298110e+00 -2.7145869213e+00  7.5142874416e+00  2.4033350998e+00 -2.9350982803e+00  3.1163620384e+00  3.5540113952e+00 -5.9959629120e-01  7.6723805724e+00
ENERGY -6.138356014145e+02

JOB 14
COORDS  2.3569085039e+00  3.0347865472e+00  4.0306360963e+00  1.0650500826e+00  2.5699241470e+00  4.3072827024e+00  3.4090225207e+00  2.1182917738e+00  3.9464677651e+00  4.5420114680e+00 -3.7676068647e+00  5.6462164517e+00  3.9009455755e+00 -3.8706615293e+00  4.4083053809e+00  8.2703462220e-01  1.2091013227e+00  4.5050381797e+00  3.1855156759e+00  7.5024609906e-01  4.1366579322e+00  4.1902264619e+00 -2.7461645996e+00  6.5350003507e+00  2.9198254831e+00 -2.9383595745e+00  4.0553230751e+00  1.8905286746e+00  3.0525264192e-01  4.4211028293e+00  3.2147348125e+00 -1.8081764421e+00  6.1835248697e+00  2.5805282366e+00 -1.9098080960e+00  4.9331159990e+00  2.7889510659e+00 -8.1887223458e-01  7.0418074268e+00  1.5707344230e+00 -1.0323345281e+00  4.5836662567e+00  2.5388704475e+00  4.0953025112e+00  3.8804064770e+00  2.3749603353e-01  3.2714019591e+00  4.3758609990e+00  4.4152637436e+00  2.4647837802e+00  3.7240260902e+00  5.3030520206e+00 -4.4887993725e+00  5.9310923468e+00  4.1623122265e+00 -4.6686151917e+00  3.7193096812e+00 -1.6594213470e-01  8.3222377443e-01  4.7312143810e+00  4.0040123130e+00  4.1630414883e-02  4.0579220072e+00  4.6599033369e+00 -2.6798209296e+00  7.5140214095e+00  2.4093139193e+00 -2.9875801637e+00  3.0978934985e+00  3.5563599503e+00 -4.0926236948e-01  7.4701453800e+00
ENERGY -6.138346558448e+02

JOB 15
COORDS  2.3623979547e+00  3.0291434500e+00  4.0769828460e+00  1.0693329610e+00  2.5580482397e+00  4.3371159605e+00  3.4158970043e+00  2.1160124764e+00  3.9745202347e+00  4.5386402175e+00 -3.7741703495e+00  5.6557190929e+00  3.8960963825e+00 -3.8989966088e+00  4.4202036943e+00  8.3161198480e-01  1.1928151188e+00  4.5024295713e+00  3.1907823597e+00  7.4396511046e-01  4.1319784112e+00  4.1888851484e+00 -2.7346245741e+00  6.5240162622e+00  2.9176958581e+00 -2.9721584971e+00  4.0472079942e+00  1.8951604058e+00  2.9075160440e-01  4.4024977611e+00  3.2125398668e+00 -1.8049435233e+00  6.1557364961e+00  2.5808827278e+00 -1.9258929103e+00  4.9058664958e+00  2.7900626614e+00 -8.0422122576e-01  7.0087793064e+00  1.5783705745e+00 -1.0505086849e+00  4.5329684264e+00  2.5443485165e+00  4.0929356237e+00  3.9524757484e+00  2.4134128628e-01  3.2575937553e+00  4.4188496129e+00  4.4225500405e+00  2.4677766946e+00  3.7623429784e+00  5.2980798523e+00 -4.4918389165e+00  5.9534313343e+00  4.1556288548e+00 -4.7108328848e+00  3.7467187993e+00 -1.6189153419e-01  8.1070399685e-01  4.7168465055e+00  4.0089882416e+00  3.6954954479e-02  4.0355934647e+00  4.6552952797e+00 -2.6466658788e+00  7.5023440444e+00  2.4090907166e+00 -3.0388027161e+00  3.0898521168e+00  3.5416080703e+00 -2.3950397501e-01  7.2474482158e+00
ENERGY -6.138338812862e+02

JOB 16
COORDS  2.3683077752e+00  3.0240860964e+00  4.1209817688e+00  1.0729625697e+00  2.5466366153e+00  4.3575141976e+00  3.4246048638e+00  2.1145183378e+00  4.0159899885e+00  4.5411077601e+00 -3.7779785246e+00  5.6626243638e+00  3.8881325524e+00 -3.9231380137e+00  4.4345823953e+00  8.3485806044e-01  1.1788416342e+00  4.4988296958e+00  3.1996915437e+00  7.3955935479e-01  4.1484858544e+00  4.2032523369e+00 -2.7197376546e+00  6.5129695699e+00  2.9113968136e+00 -2.9998204753e+00  4.0493870450e+00  1.9012415702e+00  2.8015371191e-01  4.3974318735e+00  3.2213203391e+00 -1.7994057778e+00  6.1385624738e+00  2.5843265998e+00 -1.9378682553e+00  4.8930374373e+00  2.8173920747e+00 -7.8480375855e-01  6.9886619470e+00  1.5874813576e+00 -1.0628948692e+00  4.5044498241e+00  2.5497838886e+00  4.0900057101e+00  4.0159774474e+00  2.4304734633e-01  3.2436969212e+00  4.4403920394e+00  4.4329136990e+00  2.4709512407e+00  3.8202664686e+00  5.3016224291e+00 -4.4920347012e+00  5.9661807477e+00  4.1399780644e+00 -4.7483251815e+00  3.7743737259e+00 -1.6037314468e-01  7.9197392809e-01  4.6957832632e+00  4.0192282480e+00  3.4744972280e-02  4.0451476546e+00  4.6778995898e+00 -2.6086262145e+00  7.4844864443e+00  2.3976317347e+00 -3.0816351836e+00  3.0959705278e+00  3.4969436348e+00 -9.2328534907e-02  7.0192760224e+00
ENERGY -6.138336604957e+02

JOB 17
COORDS  2.3739365835e+00  3.0212174707e+00  4.1474002336e+00  1.0749997106e+00  2.5417601120e+00  4.3604315048e+00  3.4318888842e+00  2.1122478518e+00  4.0603449954e+00  4.5452790154e+00 -3.7816146637e+00  5.6700581129e+00  3.8784050731e+00 -3.9344594062e+00  4.4504198594e+00  8.3501564974e-01  1.1740859922e+00  4.4970517498e+00  3.2061900419e+00  7.3631853826e-01  4.1879302577e+00  4.2233089464e+00 -2.7128814364e+00  6.5135239625e+00  2.9016288566e+00 -3.0102731070e+00  4.0672594943e+00  1.9034300080e+00  2.7509753663e-01  4.4139406723e+00  3.2334955191e+00 -1.7979099279e+00  6.1482393249e+00  2.5859252608e+00 -1.9432334477e+00  4.9086460387e+00  2.8589209296e+00 -7.7617348361e-01  7.0044170030e+00  1.5890027797e+00 -1.0663324739e+00  4.5211735206e+00  2.5563592931e+00  4.0873377152e+00  4.0467739544e+00  2.4318870229e-01  3.2380341245e+00  4.4290451908e+00  4.4432892297e+00  2.4690086394e+00  3.8824140533e+00  5.3090090970e+00 -4.4941281596e+00  5.9691562664e+00  4.1205975502e+00 -4.7655350191e+00  3.7939434669e+00 -1.6331205614e-01  7.8656111836e-01  4.6760885977e+00  4.0275858090e+00  3.2395726888e-02  4.0921782010e+00  4.7132747953e+00 -2.5871551063e+00  7.4752239847e+00  2.3783567419e+00 -3.0970397866e+00  3.1194435264e+00  3.4079250261e+00  8.5234617027e-03  6.8385464709e+00
ENERGY -6.138341858004e+02

JOB 18
COORDS  2.3763760788e+00  3.0204405061e+00  4.1542351815e+00  1.0744124922e+00  2.5408491702e+00  4.3504421284e+00  3.4367493144e+00  2.1132764065e+00  4.0905313143e+00  4.5481820598e+00 -3.7921760905e+00  5.6686954705e+00  3.8679633460e+00 -3.9412369257e+00  4.4560983865e+00  8.3398429892e-01  1.1743728842e+00  4.4934007178e+00  3.2108343002e+00  7.3725443347e-01  4.2248572704e+00  4.2455596921e+00 -2.7191010395e+00  6.5136572484e+00  2.8933759952e+00 -3.0100482513e+00  4.0839197486e+00  1.9048289408e+00  2.7510032248e-01  4.4335461597e+00  3.2514533402e+00 -1.8026436216e+00  6.1641021881e+00  2.5903323617e+00 -1.9441504613e+00  4.9305922139e+00  2.9128522181e+00 -7.8079937877e-01  7.0322937903e+00  1.5894535674e+00 -1.0634388773e+00  4.5550736090e+00  2.5587915938e+00  4.0860501100e+00  4.0491844685e+00  2.4079957246e-01  3.2364751666e+00  4.4008122207e+00  4.4505378617e+00  2.4697372503e+00  3.9266887742e+00  5.3131031718e+00 -4.5073789920e+00  5.9582328208e+00  4.0984715516e+00 -4.7730494244e+00  3.7964129736e+00 -1.6657747672e-01  7.8672436275e-01  4.6591761885e+00  4.0345532552e+00  3.4302705053e-02  4.1427054894e+00  4.7529138004e+00 -2.5883222087e+00  7.4653480033e+00  2.3590523836e+00 -3.0931965443e+00  3.1419466340e+00  3.2824101123e+00  5.9294350714e-02  6.7083675668e+00
ENERGY -6.138354313907e+02

JOB 19
COORDS  2.3749942965e+00  3.0231124925e+00  4.1410700058e+00  1.0719122223e+00  2.5426309522e+00  4.3302860610e+00  3.4383412894e+00  2.1188936657e+00  4.1026372210e+00  4.5540297452e+00 -3.8030356496e+00  5.6626189062e+00  3.8632042464e+00 -3.9401586151e+00  4.4545826683e+00  8.3366987040e-01  1.1780952656e+00  4.4899829809e+00  3.2155596424e+00  7.4359063549e-01  4.2541481964e+00  4.2700189145e+00 -2.7314443563e+00  6.5152095783e+00  2.8919811436e+00 -2.9993097519e+00  4.0982318044e+00  1.9082575581e+00  2.8049991670e-01  4.4540308360e+00  3.2768947946e+00 -1.8068212022e+00  6.1829419356e+00  2.6018001379e+00 -1.9390164401e+00  4.9555435467e+00  2.9736312707e+00 -7.9124451033e-01  7.0661066151e+00  1.5934169582e+00 -1.0550601860e+00  4.5994303182e+00  2.5554561739e+00  4.0876394679e+00  4.0229361701e+00  2.3589695960e-01  3.2364435786e+00  4.3613831455e+00  4.4530614295e+00  2.4758504824e+00  3.9465344768e+00  5.3178986020e+00 -4.5239710601e+00  5.9405904703e+00  4.0822381628e+00 -4.7689028065e+00  3.7873290640e+00 -1.6762976867e-01  7.8956444506e-01  4.6493032622e+00  4.0426471797e+00  4.2781433249e-02  4.1913889471e+00  4.7924674886e+00 -2.6045230464e+00  7.4590523209e+00  2.3464555036e+00 -3.0731498297e+00  3.1618872343e+00  3.1305499126e+00  7.0248713506e-02  6.6395466300e+00
ENERGY -6.138370779894e+02

JOB 20
COORDS  2.3764342386e+00  3.0274886342e+00  4.1157904523e+00  1.0743613718e+00  2.5475416676e+00  4.3135218844e+00  3.4414278986e+00  2.1250264716e+00  4.0900148130e+00  4.5573836363e+00 -3.8163593872e+00  5.6490229762e+00  3.8624182354e+00 -3.9368094052e+00  4.4411852938e+00  8.3913835858e-01  1.1849656651e+00  4.4921106108e+00  3.2223722802e+00  7.5148101262e-01  4.2606170510e+00  4.2868601544e+00 -2.7517273473e+00  6.5133371228e+00  2.8965339998e+00 -2.9852074142e+00  4.1002585370e+00  1.9160909598e+00  2.8859849498e-01  4.4667134412e+00  3.3003711105e+00 -1.8142653130e+00  6.1945040670e+00  2.6164748753e+00 -1.9333808873e+00  4.9707756721e+00  3.0278195921e+00 -8.0797128739e-01  7.0916526217e+00  1.6011834939e+00 -1.0451206344e+00  4.6360511189e+00  2.5548151752e+00  4.0905897704e+00  3.9826167847e+00  2.3699751564e-01  3.2400106750e+00  4.3355381733e+00  4.4555037058e+00  2.4820146190e+00  3.9304679690e+00  5.3173826377e+00 -4.5451219033e+00  5.9171153672e+00  4.0728587861e+00 -4.7601508647e+00  3.7647458561e+00 -1.6146433062e-01  7.9632370376e-01  4.6560557131e+00  4.0517625223e+00  5.2654497209e-02  4.2144543719e+00  4.8172551985e+00 -2.6361228095e+00  7.4541028729e+00  2.3434943384e+00 -3.0458151405e+00  3.1673318492e+00  2.9584123197e+00  4.1499703070e-02  6.6207250516e+00
ENERGY -6.138387102736e+02

JOB 21
COORDS -1.7121425895e+00 -2.6147065142e+00  2.2618773201e+00 -1.0966136542e+00 -1.4671622035e+00  1.7463203164e+00 -1.0506342998e+00 -3.3672049910e+00  3.2357329614e+00  4.3901174971e+00 -3.5372316057e+00  6.2728407490e+00  4.4612693843e+00 -3.8463670976e+00  4.9090890301e+00  1.6518026603e-01 -1.0772925208e+00  2.1971421532e+00  2.1459507066e-01 -2.9890820052e+00  3.6998801310e+00  3.5325018384e+00 -2.5333772086e+00  6.7314241618e+00  3.6685749635e+00 -3.1436560846e+00  3.9960503197e+00  8.1355219970e-01 -1.8419376706e+00  3.1731158465e+00  2.7129833874e+00 -1.8537928559e+00  5.8255224763e+00  2.8035622002e+00 -2.1554101393e+00  4.4586190304e+00  1.8556408733e+00 -8.8358018333e-01  6.2759867356e+00  2.0613016600e+00 -1.3770478930e+00  3.5735958652e+00 -2.6939582712e+00 -2.9166488625e+00  1.9083597979e+00 -1.5989465131e+00 -8.7311173521e-01  9.8726313160e-01 -1.5190245354e+00 -4.2580726338e+00  3.6460983287e+00  5.0167265943e+00 -4.0691326974e+00  6.9836123878e+00  5.1371166332e+00 -4.6197765364e+00  4.5561183915e+00  6.5934202248e-01 -1.9310846566e-01  1.8048829389e+00  7.2087862460e-01 -3.5753387797e+00  4.4590192985e+00  3.4763639986e+00 -2.2711280021e+00  7.7838288329e+00  3.7110609570e+00 -3.3488292185e+00  2.9300858553e+00  1.7448447781e+00 -2.2933439034e-01  5.5644407319e+00
ENERGY -6.138406705874e+02

JOB 22
COORDS -1.6635675235e+00 -2.6827103464e+00  2.1846143335e+00 -1.0589123876e+00 -1.5209083450e+00  1.6889918891e+00 -1.0319912578e+00 -3.4045615628e+00  3.2009332571e+00  4.3958553912e+00 -3.5534534563e+00  6.2456306435e+00  4.3765406792e+00 -3.8686986565e+00  4.8809214756e+00  1.6493585923e-01 -1.0866104099e+00  2.2005438074e+00  1.9389129881e-01 -2.9810655221e+00  3.7269638581e+00  3.6089999719e+00 -2.5149373048e+00  6.7498012407e+00  3.5621192324e+00 -3.1357241693e+00  4.0125148341e+00  7.8354835524e-01 -1.8209198771e+00  3.2176691123e+00  2.7763726411e+00 -1.7957373002e+00  5.8863028462e+00  2.7689909113e+00 -2.1098507623e+00  4.5197510128e+00  1.9941306719e+00 -7.8782776628e-01  6.3778062538e+00  1.9872414567e+00 -1.3066118849e+00  3.6897425557e+00 -2.6149051965e+00 -3.0198020974e+00  1.7828660087e+00 -1.5388886029e+00 -9.5118739007e-01  8.9755962534e-01 -1.4937020714e+00 -4.3056212815e+00  3.5962933320e+00  5.0355634405e+00 -4.1132493744e+00  6.9224843677e+00  4.9971803035e+00 -4.6713221168e+00  4.4936264401e+00  6.5158770509e-01 -1.9121032012e-01  1.8248271362e+00  6.7857062364e-01 -3.5432395936e+00  4.5178725011e+00  3.6210007546e+00 -2.2532952948e+00  7.8037948710e+00  3.5303718912e+00 -3.3500500097e+00  2.9479759037e+00  1.6839154858e+00 -2.6375634424e-01  5.6175440484e+00
ENERGY -6.138424521525e+02

JOB 23
COORDS -1.6190806456e+00 -2.7127204998e+00  2.1272463946e+00 -1.0141472836e+00 -1.5448334394e+00  1.6472170674e+00 -1.0219330251e+00 -3.4127573930e+00  3.1795027110e+00  4.4145216450e+00 -3.5630451863e+00  6.2105793996e+00  4.3076336193e+00 -3.8828970957e+00  4.8507947456e+00  1.7746301468e-01 -1.0838300372e+00  2.2098991433e+00  1.7021934383e-01 -2.9616017844e+00  3.7568257103e+00  3.6951283032e+00 -2.4953014463e+00  6.7522934148e+00  3.4701192288e+00 -3.1266234757e+00  4.0258694007e+00  7.6199529393e-01 -1.7959229361e+00  3.2618313551e+00  2.8555469861e+00 -1.7377915191e+00  5.9288606639e+00  2.7477179312e+00 -2.0675395767e+00  4.5701786843e+00  2.1452428221e+00 -6.9695111282e-01  6.4564898093e+00  1.9260657304e+00 -1.2498380598e+00  3.7939504399e+00 -2.5444556654e+00 -3.0717727832e+00  1.6858392788e+00 -1.4675136951e+00 -9.9203821351e-01  8.2857790380e-01 -1.4852887408e+00 -4.3181544511e+00  3.5628070590e+00  5.0646622119e+00 -4.1478810311e+00  6.8555054848e+00  4.8742354873e+00 -4.7105124960e+00  4.4343941523e+00  6.6487366119e-01 -1.8323045375e-01  1.8480767999e+00  6.2921174940e-01 -3.5072120598e+00  4.5744380188e+00  3.7698687592e+00 -2.2353232600e+00  7.8041124042e+00  3.3637883232e+00 -3.3520534267e+00  2.9685235156e+00  1.6289570063e+00 -3.0308267153e-01  5.7299052231e+00
ENERGY -6.138428531031e+02

