JOB 0
COORDS  1.0671412304e+00  2.2029284717e+00  7.8956333979e-01  2.7493696104e-02  1.2479297657e+00  6.7471931035e-01  2.4262281766e+00  2.1735537071e+00  2.0762389151e-01 -1.4870304899e+00  3.6479578112e+00  2.7206691306e+00  4.4740982978e+00  3.3087155758e+00 -1.5341385040e-02  6.0623692175e-01  3.2121588156e+00  1.5529672847e+00 -1.0374261751e+00  1.6765109111e+00  1.3546888349e+00 -6.3171298756e-01  2.8527699619e+00  1.8518190909e+00  2.8460130496e+00  1.2554586567e+00 -4.7307259653e-01  3.1353455172e+00  3.2762844927e+00  5.2165020112e-01 -1.6041654501e-02 -3.8623315809e-01 -2.4739245399e-01 -1.5216455706e+00  3.2032735623e+00  3.7187589306e+00 -1.0651071579e+00  4.6505623545e+00  2.7725628326e+00 -2.4914513213e+00  3.6755946240e+00  2.2969356141e+00  4.8987864891e+00  4.2515632438e+00  3.2795247297e-01  4.4476842661e+00  3.2708738720e+00 -1.1068715807e+00  5.0554976891e+00  2.4631670346e+00  3.5963396913e-01
ENERGY -3.082601147041e+03

JOB 1
COORDS  1.0493557688e+00  2.1799508109e+00  7.6834801631e-01  4.4438094040e-03  1.2332040667e+00  6.3508067692e-01  2.4110230376e+00  2.1488121968e+00  1.9210404494e-01 -1.4987825789e+00  3.6145059993e+00  2.7120391359e+00  4.4704414145e+00  3.2684935184e+00  7.9182285661e-04  5.9078972447e-01  3.1828320411e+00  1.5410867114e+00 -1.0618414377e+00  1.6603149613e+00  1.3138483892e+00 -6.5127295342e-01  2.8284523973e+00  1.8270562782e+00  2.8254860145e+00  1.2403248165e+00 -5.0452480690e-01  3.1290462889e+00  3.2380807203e+00  5.3133859905e-01 -4.4849158740e-02 -3.8826205331e-01 -3.0894889313e-01 -1.3299348854e+00  3.3215194909e+00  3.7518452797e+00 -1.2498427969e+00  4.6668800639e+00  2.5779824954e+00 -2.5373672642e+00  3.4288253542e+00  2.4404036710e+00  4.9030055618e+00  4.1994374916e+00  3.6601526476e-01  4.4483870044e+00  3.2543504447e+00 -1.0914082866e+00  5.0416720376e+00  2.4092493094e+00  3.5989837971e-01
ENERGY -3.082601052319e+03

JOB 2
COORDS  1.0575526181e+00  2.2057225429e+00  7.7419727395e-01  4.4904292344e-03  1.2708071459e+00  6.2364161949e-01  2.4197010100e+00  2.1719186008e+00  1.9885389591e-01 -1.4816308223e+00  3.6410932285e+00  2.7283530221e+00  4.4902262276e+00  3.2747254521e+00  3.3021069485e-02  6.0829304813e-01  3.1978245180e+00  1.5659673939e+00 -1.0583841292e+00  1.6949481810e+00  1.3097997111e+00 -6.3595131556e-01  2.8484558404e+00  1.8467583485e+00  2.8276663960e+00  1.2734335567e+00 -5.1436846875e-01  3.1475170947e+00  3.2472735448e+00  5.6042387492e-01 -5.8412759239e-02 -3.3428613699e-01 -3.4721032262e-01 -1.1537150686e+00  3.5238443994e+00  3.7642337288e+00 -1.4138682188e+00  4.6898005688e+00  2.4362407124e+00 -2.5029937160e+00  3.2805640675e+00  2.6173938490e+00  4.9312525621e+00  4.1939986809e+00  4.1717762532e-01  4.4701900723e+00  3.2821469852e+00 -1.0592854598e+00  5.0521814673e+00  2.4029777409e+00  3.7628195454e-01
ENERGY -3.082600907866e+03

JOB 3
COORDS  1.1110295983e+00  2.1651468508e+00  8.7756460340e-01  2.8592684637e-01  1.0593753810e+00  1.1966065077e+00  2.4134136781e+00  2.1815241011e+00  1.7669109895e-01 -1.5874100423e+00  3.7116081997e+00  2.5093180857e+00  4.1787250031e+00  3.5151231201e+00 -6.2118106649e-01  4.9776300333e-01  3.2732787746e+00  1.3348885623e+00 -8.0269258713e-01  1.4958111667e+00  1.8331795649e+00 -6.1744272331e-01  2.8227217826e+00  1.8844679537e+00  2.9663106300e+00  1.1787613367e+00 -2.3700787305e-01  2.9068841973e+00  3.4299730928e+00  5.4803242814e-02  5.2995372528e-01 -7.7034293761e-01  8.5661117412e-01 -1.1139844311e+00  4.2457770234e+00  3.3355857781e+00 -1.9549753711e+00  4.4279107479e+00  1.7717027748e+00 -2.4056971869e+00  3.0954352329e+00  2.8776124111e+00  4.4284256102e+00  4.5756377581e+00 -6.3140983939e-01  4.0956009353e+00  3.1273101330e+00 -1.6391602274e+00  4.9367510398e+00  2.9442213375e+00 -7.9864712761e-02
ENERGY -3.082600835934e+03

JOB 4
COORDS  1.0993094429e+00  2.1366582680e+00  8.7087948060e-01  2.6480970688e-01  1.0319767556e+00  1.1691887463e+00  2.4018321740e+00  2.1543356857e+00  1.7046214120e-01 -1.5978131724e+00  3.6771279811e+00  2.5070008303e+00  4.1827110149e+00  3.4859664587e+00 -5.9548277706e-01  4.9794361819e-01  3.2409527664e+00  1.3524110842e+00 -8.1777038868e-01  1.4648660215e+00  1.8180160237e+00 -6.1831333928e-01  2.7881451411e+00  1.8981654025e+00  2.9422911996e+00  1.1557330470e+00 -2.6894033861e-01  2.9104879686e+00  3.3993256239e+00  7.9595588972e-02  4.9416201172e-01 -7.9313149031e-01  7.9582997718e-01 -1.0803929750e+00  4.3754769320e+00  3.1661315443e+00 -2.1299748707e+00  4.2321405948e+00  1.7303426617e+00 -2.2955691641e+00  3.0626950753e+00  3.0734822718e+00  4.4448904148e+00  4.5434037460e+00 -5.8009172569e-01  4.0942609849e+00  3.1241191405e+00 -1.6225297527e+00  4.9343756451e+00  2.8931615868e+00 -6.9038519655e-02
ENERGY -3.082600906483e+03

JOB 5
COORDS  1.0801164429e+00  2.0683447537e+00  8.6552853179e-01  2.3723431337e-01  9.6464197043e-01  1.1444751707e+00  2.3832815912e+00  2.0892238418e+00  1.6659932480e-01 -1.6164936232e+00  3.5986909648e+00  2.5113579718e+00  4.1786985061e+00  3.4200108844e+00 -5.6638874645e-01  4.8751636605e-01  3.1679469033e+00  1.3681230819e+00 -8.4125995774e-01  1.3934564987e+00  1.8023090685e+00 -6.3100414035e-01  2.7129907173e+00  1.9084325573e+00  2.9134183425e+00  1.0957158611e+00 -2.9632658838e-01  2.9052298421e+00  3.3306120537e+00  1.0597290186e-01  4.5562499299e-01 -8.5557489636e-01  7.4187527929e-01 -1.0889032064e+00  4.4352883434e+00  2.9689231273e+00 -2.3045693850e+00  3.9701126911e+00  1.7469940830e+00 -2.1668645650e+00  3.0338103828e+00  3.2628159645e+00  4.4521007409e+00  4.4739189344e+00 -5.2532416673e-01  4.0870351845e+00  3.0840870187e+00 -1.6019246287e+00  4.9237218416e+00  2.8066987507e+00 -5.4188891541e-02
ENERGY -3.082601051159e+03

JOB 6
COORDS  1.0594912279e+00  1.9837342115e+00  8.5814622308e-01  2.0495693385e-01  8.8237825403e-01  1.1091461502e+00  2.3681755285e+00  2.0073068820e+00  1.7010634954e-01 -1.6347108516e+00  3.4988175352e+00  2.5258529876e+00  4.1702971434e+00  3.3417912418e+00 -5.3900104434e-01  4.7102860108e-01  3.0786853036e+00  1.3760374431e+00 -8.7428132814e-01  1.3074093044e+00  1.7681536504e+00 -6.5519082962e-01  2.6227002891e+00  1.9001296808e+00  2.9022653993e+00  1.0176213735e+00 -2.9652736574e-01  2.8910524281e+00  3.2488766390e+00  1.2176171796e-01  4.0990141532e-01 -9.3095916474e-01  6.7043189794e-01 -1.1368701815e+00  4.4395827611e+00  2.7561448829e+00 -2.4690507876e+00  3.6743636571e+00  1.8417139861e+00 -2.0009444032e+00  3.0248777642e+00  3.4371911945e+00  4.4432283812e+00  4.3954958778e+00 -4.9019393575e-01  4.0878292488e+00  3.0111082238e+00 -1.5769870125e+00  4.9109049124e+00  2.7259929054e+00 -2.3362618238e-02
ENERGY -3.082601146572e+03

JOB 7
COORDS  1.0598696770e+00  2.0194882687e+00  8.4751372226e-01  1.9425745947e-01  9.2337317777e-01  1.0830293256e+00  2.3732074809e+00  2.0388902972e+00  1.6850331181e-01 -1.6211127084e+00  3.5371930506e+00  2.5364380598e+00  4.1960184895e+00  3.3626169193e+00 -5.0768602278e-01  4.7386528626e-01  3.1159708159e+00  1.3654952611e+00 -8.8997776121e-01  1.3534300597e+00  1.7306556101e+00 -6.6449694679e-01  2.6667196363e+00  1.8688620917e+00  2.8981876132e+00  1.0495836541e+00 -3.0915183409e-01  2.9116415321e+00  3.2746193488e+00  1.4368397092e-01  3.8702538512e-01 -8.8783337659e-01  6.3015946565e-01 -1.2117295057e+00  4.5457844863e+00  2.5182863302e+00 -2.5757924565e+00  3.5040792040e+00  2.0073578338e+00 -1.7628174874e+00  3.2026989451e+00  3.5663338128e+00  4.4821219030e+00  4.4116911524e+00 -4.3862366400e-01  4.1156586777e+00  3.0514567435e+00 -1.5518684505e+00  4.9255120490e+00  2.7282739470e+00  1.2431840586e-03
ENERGY -3.082601168076e+03

JOB 8
COORDS  1.0466836293e+00  1.9876369441e+00  8.3554154149e-01  1.7132664138e-01  8.9420022953e-01  1.0466146815e+00  2.3665959320e+00  2.0067432974e+00  1.6915106947e-01 -1.6230906631e+00  3.4953946412e+00  2.5476887481e+00  4.2012795733e+00  3.3284964898e+00 -4.7780734482e-01  4.6133432051e-01  3.0818234759e+00  1.3586939267e+00 -9.1900697940e-01  1.3239270664e+00  1.6840506776e+00 -6.8851927893e-01  2.6349929041e+00  1.8371279053e+00  2.8933517945e+00  1.0194359681e+00 -3.1066373323e-01  2.9098405298e+00  3.2404687953e+00  1.5948601605e-01  3.5482989416e-01 -9.1127057956e-01  5.6751740093e-01 -1.3668085103e+00  4.5275020549e+00  2.3131712899e+00 -2.6360725012e+00  3.2655112934e+00  2.2156110177e+00 -1.5424673099e+00  3.3243770556e+00  3.6243726117e+00  4.4910140361e+00  4.3757206548e+00 -3.9690024499e-01  4.1303931412e+00  3.0265204765e+00 -1.5253703295e+00  4.9228066680e+00  2.6867598783e+00  3.3195646160e-02
ENERGY -3.082601146102e+03

JOB 9
COORDS  1.0345063301e+00  1.9556696467e+00  8.2346352843e-01  1.4980912230e-01  8.6547998100e-01  1.0096253268e+00  2.3590222511e+00  1.9762099559e+00  1.6590785029e-01 -1.6292930275e+00  3.4539876128e+00  2.5521362475e+00  4.2047591139e+00  3.2955148614e+00 -4.5390197481e-01  4.5336676789e-01  3.0449902958e+00  1.3610649750e+00 -9.4274621854e-01  1.2926253120e+00  1.6453542703e+00 -7.0349443888e-01  2.5994274032e+00  1.8226730266e+00  2.8838874377e+00  9.9091068193e-01 -3.2002256522e-01  2.9081624386e+00  3.2072834200e+00  1.7282923662e-01  3.2190017218e-01 -9.3235030316e-01  4.9874733498e-01 -1.5558279281e+00  4.4627992887e+00  2.1468334930e+00 -2.6348431140e+00  3.0564977123e+00  2.4192598285e+00 -1.3734050473e+00  3.4619984684e+00  3.6152534331e+00  4.4988773288e+00  4.3404375567e+00 -3.6015340216e-01  4.1402443635e+00  3.0045177607e+00 -1.5049756533e+00  4.9193388398e+00  2.6450966187e+00  5.5889359048e-02
ENERGY -3.082601052027e+03

JOB 10
COORDS  1.0051581228e+00  1.8718990108e+00  8.0181930225e-01  1.1243146075e-01  7.8413350049e-01  9.6178964713e-01  2.3326146557e+00  1.8966772567e+00  1.5005973265e-01 -1.6589494565e+00  3.3598508527e+00  2.5388923236e+00  4.1878640876e+00  3.2168093173e+00 -4.3884381693e-01  4.3097765464e-01  2.9532270441e+00  1.3622896484e+00 -9.7819235699e-01  1.2051431197e+00  1.6050211379e+00 -7.2865283792e-01  2.5057208293e+00  1.8139044174e+00  2.8537788893e+00  9.1752557376e-01 -3.5196610922e-01  2.8882359009e+00  3.1243954326e+00  1.8102334934e-01  2.7356682590e-01 -1.0039426824e+00  4.1409231191e-01 -1.7721317922e+00  4.3005606960e+00  1.9986196486e+00 -2.6109240489e+00  2.8349925324e+00  2.5989923752e+00 -1.2774187163e+00  3.5562181799e+00  3.5441105179e+00  4.4860028559e+00  4.2588651593e+00 -3.2756997343e-01  4.1266832705e+00  2.9423928054e+00 -1.4945496108e+00  4.8974471034e+00  2.5554940366e+00  6.3881804175e-02
ENERGY -3.082600908273e+03

JOB 11
COORDS  1.0157644189e+00  1.9170181739e+00  8.0309008916e-01  1.1255267086e-01  8.3578031983e-01  9.4601709077e-01  2.3429023741e+00  1.9391413036e+00  1.5046857215e-01 -1.6423266080e+00  3.4090714975e+00  2.5467064225e+00  4.2154182331e+00  3.2472706718e+00 -4.0946145364e-01  4.5449269206e-01  2.9934503242e+00  1.3855928155e+00 -9.7032673595e-01  1.2548289220e+00  1.6035993004e+00 -7.0599642160e-01  2.5483446652e+00  1.8370977898e+00  2.8490997583e+00  9.6583846867e-01 -3.7757611540e-01  2.9158701046e+00  3.1577243108e+00  2.1097669445e-01  2.5698573812e-01 -9.4539275158e-01  3.7194835868e-01 -1.9396952992e+00  4.2370778301e+00  1.8999218741e+00 -2.5089080307e+00  2.8042615981e+00  2.8077709517e+00 -1.1669831911e+00  3.8001152850e+00  3.4485260788e+00  4.5297153288e+00  4.2812168406e+00 -2.7047811037e-01  4.1476785975e+00  3.0029386490e+00 -1.4721506269e+00  4.9158818442e+00  2.5616232790e+00  7.3026262939e-02
ENERGY -3.082600835716e+03

JOB 12
COORDS  1.0000354929e+00  1.8793049427e+00  7.8948780753e-01  8.8365695682e-02  8.0257005009e-01  9.1209903742e-01  2.3270044735e+00  1.9045563545e+00  1.3674549555e-01 -1.6587634516e+00  3.3640009653e+00  2.5386160380e+00  4.2138393450e+00  3.2062712719e+00 -3.8966668455e-01  4.4949902366e-01  2.9470347817e+00  1.3978293702e+00 -9.8921138049e-01  1.2162219874e+00  1.5817065663e+00 -7.1225294643e-01  2.5010827787e+00  1.8456743313e+00  2.8217780028e+00  9.3939320647e-01 -4.1646553069e-01  2.9137403805e+00  3.1146230128e+00  2.2929263477e-01  2.1962839343e-01 -9.6869026226e-01  3.0517305428e-01 -2.1286905180e+00  4.0476916678e+00  1.8270191191e+00 -2.4140764761e+00  2.7264127395e+00  2.9950416351e+00 -1.1265481963e+00  3.9351575987e+00  3.3002716886e+00  4.5390333388e+00  4.2330098071e+00 -2.2471732139e-01  4.1430408448e+00  2.9896807820e+00 -1.4581478844e+00  4.9073269227e+00  2.5013328520e+00  7.4773246798e-02
ENERGY -3.082600908289e+03

JOB 13
COORDS  9.7140510634e-01  1.7830173949e+00  7.7367624264e-01  5.2800451362e-02  7.0975256016e-01  8.7494414865e-01  2.2988751657e+00  1.8125009918e+00  1.2228212948e-01 -1.6901655013e+00  3.2526928764e+00  2.5301413047e+00  4.1956148669e+00  3.1115051082e+00 -3.7319709695e-01  4.2718269412e-01  2.8421823672e+00  1.4022031109e+00 -1.0222168364e+00  1.1167281217e+00  1.5522507298e+00 -7.3672435296e-01  2.3935859331e+00  1.8429499230e+00  2.7873899727e+00  8.5667163022e-01 -4.5224314696e-01  2.8946224984e+00  3.0157369766e+00  2.4270194861e-01  1.7629587032e-01 -1.0512430577e+00  2.3733053264e-01 -2.3257310278e+00  3.7644221084e+00  1.8021796354e+00 -2.3035486396e+00  2.6284937290e+00  3.1789532938e+00 -1.1326733103e+00  3.9851055140e+00  3.1133817006e+00  4.5305513249e+00  4.1303331671e+00 -1.8088260291e-01  4.1232433237e+00  2.9244043232e+00 -1.4471724355e+00  4.8823460256e+00  2.3878365664e+00  7.2114684990e-02
ENERGY -3.082601051921e+03

JOB 14
COORDS  9.9076074165e-01  1.8779407822e+00  7.7815453789e-01  5.4783152902e-02  8.1778041253e-01  8.5737664259e-01  2.3229480018e+00  1.8963799421e+00  1.3665947392e-01 -1.6550190844e+00  3.3548699468e+00  2.5540286843e+00  4.2358721981e+00  3.1784109961e+00 -3.4200621825e-01  4.5926871542e-01  2.9357766210e+00  1.4200628748e+00 -1.0179334168e+00  1.2311881505e+00  1.5342819316e+00 -7.1465096177e-01  2.4985354870e+00  1.8461657739e+00  2.8063086764e+00  9.3741774071e-01 -4.3711401039e-01  2.9290631408e+00  3.0938396472e+00  2.6362309786e-01  1.5241840020e-01 -9.3331419975e-01  1.8882697555e-01 -2.4476534852e+00  3.6796079902e+00  1.8748525998e+00 -2.0895371869e+00  2.7929015689e+00  3.3814577635e+00 -1.1030995591e+00  4.2178162061e+00  2.9236432851e+00  4.5758592839e+00  4.1958470733e+00 -1.5120200644e-01  4.1713103125e+00  2.9869070020e+00 -1.4156485656e+00  4.9139577633e+00  2.4522832175e+00  1.1246033874e-01
ENERGY -3.082601146588e+03

JOB 15
COORDS  9.7794920214e-01  1.8520909185e+00  7.5987585842e-01  3.6321242024e-02  7.9582346635e-01  8.2284279394e-01  2.3141625361e+00  1.8705617322e+00  1.2705644735e-01 -1.6632286508e+00  3.3145859804e+00  2.5564059254e+00  4.2419413454e+00  3.1440914686e+00 -3.1292276128e-01  4.4458497626e-01  2.9082324240e+00  1.4030709111e+00 -1.0427563157e+00  1.2107635181e+00  1.4883922240e+00 -7.3882511689e-01  2.4758338546e+00  1.8078124274e+00  2.7938333562e+00  9.1902987282e-01 -4.6200730083e-01  2.9306585336e+00  3.0592875602e+00  2.8292314088e-01  1.3053712466e-01 -9.4939895611e-01  1.3872647583e-01 -2.5953727603e+00  3.4201365015e+00  1.9974391522e+00 -1.8683410161e+00  2.8565521155e+00  3.5262408032e+00 -1.1883706775e+00  4.2853663433e+00  2.6884061021e+00  4.5913192353e+00  4.1532050999e+00 -9.6583279349e-02  4.1818053475e+00  2.9783164282e+00 -1.3911125463e+00  4.9097243114e+00  2.4005086865e+00  1.2834322433e-01
ENERGY -3.082601167284e+03

JOB 16
COORDS  9.8068437554e-01  1.8875975791e+00  7.5573402606e-01  2.6724748227e-02  8.4135621769e-01  7.9531959084e-01  2.3230144957e+00  1.8982858260e+00  1.3559925225e-01 -1.6449659181e+00  3.3462674377e+00  2.5751277531e+00  4.2652567000e+00  3.1572771866e+00 -2.8214475963e-01  4.5106753410e-01  2.9431506437e+00  1.4027655942e+00 -1.0563217461e+00  1.2616016168e+00  1.4510875378e+00 -7.4374584085e-01  2.5213185045e+00  1.7840508479e+00  2.7994426089e+00  9.4387301770e-01 -4.5139918744e-01  2.9475505300e+00  3.0815604433e+00  3.0060245072e-01  1.0701577172e-01 -8.9475983556e-01  8.6704738263e-02 -2.6572936616e+00  3.2376085263e+00  2.1843893436e+00 -1.6187275294e+00  3.0299011654e+00  3.6211719988e+00 -1.3092041442e+00  4.3786154753e+00  2.4889205857e+00  4.6205936214e+00  4.1629801696e+00 -5.9730130749e-02  4.2143603796e+00  2.9947323658e+00 -1.3612997957e+00  4.9226430993e+00  2.4071833650e+00  1.6368810912e-01
ENERGY -3.082601146705e+03

JOB 17
COORDS  9.8567739790e-01  1.9171225603e+00  7.5517158670e-01  2.0062837283e-02  8.8118885628e-01  7.7329810133e-01  2.3315707652e+00  1.9224529225e+00  1.4221531632e-01 -1.6271411790e+00  3.3762044136e+00  2.5913247128e+00  4.2863268523e+00  3.1694992027e+00 -2.5131296761e-01  4.6358385848e-01  2.9688618275e+00  1.4142935322e+00 -1.0622740411e+00  1.3035958334e+00  1.4292140804e+00 -7.3796924696e-01  2.5553025652e+00  1.7820822292e+00  2.8042710140e+00  9.7093273224e-01 -4.5242122447e-01  2.9646194289e+00  3.0987221646e+00  3.2299609812e-01  8.3654166785e-02 -8.4398552992e-01  3.6795407137e-02 -2.6529895545e+00  3.0768199598e+00  2.3798253429e+00 -1.4088811249e+00  3.2313180180e+00  3.6529395498e+00 -1.4675487140e+00  4.4199691442e+00  2.3218426751e+00  4.6487572550e+00  4.1697582703e+00 -1.6198719179e-02  4.2403501704e+00  3.0187807861e+00 -1.3324048672e+00  4.9347573661e+00  2.4091948467e+00  1.9032061430e-01
ENERGY -3.082601051536e+03

JOB 18
COORDS  1.0224815232e+00  2.0174210551e+00  7.7998718893e-01  4.4528637597e-02  9.9305541248e-01  7.7954847412e-01  2.3691344961e+00  2.0182121250e+00  1.6831986207e-01 -1.5782078150e+00  3.4845756344e+00  2.6288377948e+00  4.3378217414e+00  3.2500847626e+00 -2.0389833670e-01  5.1345759990e-01  3.0626169772e+00  1.4595014187e+00 -1.0317286755e+00  1.4160994666e+00  1.4454360040e+00 -6.9149443880e-01  2.6565901447e+00  1.8232450938e+00  2.8308958601e+00  1.0709520126e+00 -4.4147871008e-01  3.0148972935e+00  3.1844343994e+00  3.6824882098e-01  8.6843143849e-02 -7.1968414644e-01  1.2841732243e-02 -2.5687625179e+00  3.0336511817e+00  2.6003230494e+00 -1.2143727896e+00  3.5277542353e+00  3.6585532529e+00 -1.6032693180e+00  4.4901659142e+00  2.2071515952e+00  4.7101078689e+00  4.2431473489e+00  4.5864371696e-02  4.2914408817e+00  3.1152742040e+00 -1.2870586263e+00  4.9780581304e+00  2.4770120499e+00  2.2742090434e-01
ENERGY -3.082600906975e+03

JOB 19
COORDS  1.0299866121e+00  2.0485430617e+00  7.7988951688e-01  4.2881334480e-02  1.0333962930e+00  7.6101218483e-01  2.3765627099e+00  2.0471498640e+00  1.6798151610e-01 -1.5666148929e+00  3.5169307950e+00  2.6342759648e+00  4.3604366850e+00  3.2626677845e+00 -1.7569013573e-01  5.3244688912e-01  3.0841307476e+00  1.4821956020e+00 -1.0272455606e+00  1.4520195833e+00  1.4395457571e+00 -6.7354850656e-01  2.6802759876e+00  1.8444434236e+00  2.8255121807e+00  1.1096824890e+00 -4.6603487772e-01  3.0373484790e+00  3.1996199521e+00  3.9636341361e-01  7.0519354198e-02 -6.6662298853e-01 -3.4112088160e-02 -2.4846662024e+00  2.9545232959e+00  2.7948980178e+00 -1.0952939259e+00  3.7535914692e+00  3.5903679487e+00 -1.7781249410e+00  4.4399928123e+00  2.0907710707e+00  4.7453909133e+00  4.2445896557e+00  9.7779429835e-02  4.3113509961e+00  3.1549142980e+00 -1.2617546323e+00  4.9913188234e+00  2.4713314732e+00  2.3584944365e-01
ENERGY -3.082600835790e+03

JOB 20
COORDS  1.0348415855e+00  2.0723489632e+00  7.7862535583e-01  3.8348679024e-02  1.0667392432e+00  7.4118643076e-01  2.3814720599e+00  2.0699444005e+00  1.6694520088e-01 -1.5576014694e+00  3.5398781143e+00  2.6374153975e+00  4.3790944011e+00  3.2706400416e+00 -1.4822792126e-01  5.4859041649e-01  3.0974801608e+00  1.5037422813e+00 -1.0256336963e+00  1.4795978463e+00  1.4325994493e+00 -6.5872377230e-01  2.6949569058e+00  1.8634899168e+00  2.8195066521e+00  1.1429907586e+00 -4.8976004682e-01  3.0555192728e+00  3.2088939381e+00  4.2282480378e-01  5.1754637263e-02 -6.1943094931e-01 -8.3180161992e-02 -2.3730825029e+00  2.9131845450e+00  2.9947961629e+00 -1.0083082593e+00  3.9659874766e+00  3.4779199618e+00 -1.9502924735e+00  4.3418642079e+00  2.0074115041e+00  4.7752010685e+00  4.2413238433e+00  1.4845770424e-01  4.3285547938e+00  3.1894648212e+00 -1.2365340118e+00  5.0010876839e+00  2.4626130645e+00  2.4395871377e-01
ENERGY -3.082600908791e+03

JOB 21
COORDS  1.0429638689e+00  2.1054474519e+00  7.8140563576e-01  3.5946914039e-02  1.1110974017e+00  7.2584860482e-01  2.3902385938e+00  2.0990613290e+00  1.7150813900e-01 -1.5446774930e+00  3.5703787491e+00  2.6488017964e+00  4.4013796329e+00  3.2831087341e+00 -1.1969813499e-01  5.6744674050e-01  3.1219980584e+00  1.5255150606e+00 -1.0236478744e+00  1.5222901192e+00  1.4246378898e+00 -6.4347828904e-01  2.7242653215e+00  1.8798448797e+00  2.8190463457e+00  1.1795518393e+00 -5.0158031521e-01  3.0764124895e+00  3.2258031044e+00  4.4856267958e-01  3.3605119604e-02 -5.6105728606e-01 -1.2659385468e-01 -2.2262382016e+00  2.9252156034e+00  3.2021236347e+00 -9.4752164676e-01  4.1730787457e+00  3.3326052142e+00 -2.1128769862e+00  4.2208637679e+00  1.9783116908e+00  4.8077895295e+00  4.2438578679e+00  1.9486269153e-01  4.3515077429e+00  3.2220604534e+00 -1.2093489011e+00  5.0138564143e+00  2.4613359258e+00  2.5866602600e-01
ENERGY -3.082601052195e+03

JOB 22
COORDS  1.0305011216e+00  2.0811288088e+00  7.6548501004e-01  1.7876528920e-02  1.0931509266e+00  6.9374386660e-01  2.3795627706e+00  2.0753754716e+00  1.5998424044e-01 -1.5555686443e+00  3.5323470085e+00  2.6458140921e+00  4.4028979978e+00  3.2466536856e+00 -9.6667318925e-02  5.5764532410e-01  3.0915570591e+00  1.5195444301e+00 -1.0429776168e+00  1.5026897058e+00  1.3910744473e+00 -6.5802012118e-01  2.6967337025e+00  1.8618814389e+00  2.8034292040e+00  1.1673325478e+00 -5.3157463744e-01  3.0753796558e+00  3.1888112257e+00  4.6554012645e-01  9.9188828005e-03 -5.6805153605e-01 -1.7985578635e-01 -2.0557858388e+00  2.9108324649e+00  3.3893254228e+00 -9.5387543486e-01  4.2997079450e+00  3.1306333414e+00 -2.3003359185e+00  3.9952314999e+00  1.9930860304e+00  4.8180909120e+00  4.1948534791e+00  2.4348041488e-01  4.3562322521e+00  3.2138518760e+00 -1.1876899245e+00  5.0055555361e+00  2.4092377155e+00  2.6264475636e-01
ENERGY -3.082601146313e+03

JOB 23
COORDS  1.0362243829e+00  2.1168520856e+00  7.6388890934e-01  1.3166305161e-02  1.1414918846e+00  6.7155877908e-01  2.3900722269e+00  2.1025401062e+00  1.6969396902e-01 -1.5390902267e+00  3.5597522201e+00  2.6664846917e+00  4.4269751909e+00  3.2552322842e+00 -6.4343792721e-02  5.6637865607e-01  3.1263868186e+00  1.5212134988e+00 -1.0513512511e+00  1.5578567824e+00  1.3591835991e+00 -6.5962873356e-01  2.7448950789e+00  1.8413058612e+00  2.8094330332e+00  1.1927230746e+00 -5.2228320726e-01  3.0942715493e+00  3.2077339325e+00  4.8637378671e-01 -6.4235693078e-03 -5.0811379779e-01 -2.2355034490e-01 -1.8107651300e+00  3.0058627790e+00  3.5674815528e+00 -9.9393131971e-01  4.4651190753e+00  2.9281668632e+00 -2.4414920554e+00  3.8081356312e+00  2.1039118751e+00  4.8485647175e+00  4.1976108222e+00  2.8403508114e-01  4.3892303567e+00  3.2282964779e+00 -1.1558737327e+00  5.0183514325e+00  2.4101617994e+00  2.9578330125e-01
ENERGY -3.082601166105e+03

