JOB 0
COORDS -3.1876907275e-01 -2.2654029558e-01 -1.3345954590e+00  4.4435077839e-01 -3.1471256450e-01  6.9083159343e-01  1.6876914200e-01  1.1911303862e+00 -9.5543930274e-01  1.5264748191e+00  1.9384056742e+00  1.0884194844e+00 -1.0666763338e-01 -1.0698143573e+00 -2.3265923326e-01  6.5210152135e-01  9.9118738844e-01  4.0883125785e-01  8.3636890591e-01 -8.8265986012e-01  1.9187029787e+00 -8.1872055221e-01 -5.2698172433e-01 -2.4008044732e+00  7.2790450370e-02  1.1184756955e+00  3.5252671231e+00  2.3620338453e-01 -3.3848968436e-01  3.4011997693e+00  1.5637301526e+00 -1.1937376395e+00  4.6999043452e+00 -1.4902645794e+00 -1.3983134042e+00  3.7351724836e+00  9.7595238106e-01  1.5191434083e+00 -1.6186041551e+00 -6.4868308975e-01  1.9171529395e+00 -1.0032838344e+00  2.1316895119e+00  1.4199265548e+00  1.8313848576e+00  9.5041774805e-01  2.7144187918e+00  1.5973041327e+00  2.1932172972e+00  2.3963514667e+00  3.5072410166e-01  8.4765875104e-01 -1.8992294954e+00  1.8238132032e+00
ENERGY -1.732576963469e+03

JOB 1
COORDS -5.6556627568e-01 -2.8208305039e-01 -1.3291780342e+00  4.4350101427e-01 -5.1279150862e-01  5.7389731618e-01  1.6976632452e-02  1.0960727668e+00 -9.3706581566e-01  1.6363137272e+00  1.6844234600e+00  9.6691951788e-01 -2.4816090469e-01 -1.1944833804e+00 -3.1184047089e-01  6.6567905747e-01  7.9941870963e-01  3.3783892535e-01  9.7019444961e-01 -1.1673258687e+00  1.7015359989e+00 -1.2050664271e+00 -5.0359317988e-01 -2.3389075566e+00  3.3156144995e-01  7.4716382816e-01  3.4573199417e+00  6.7974516316e-01 -6.7241437017e-01  3.2883714730e+00  2.3895966473e+00 -1.2615704997e+00  4.2473084859e+00 -7.1926523681e-01 -1.9895029106e+00  4.0070719311e+00  7.4231497631e-01  1.4420266413e+00 -1.6806872516e+00 -7.7443078099e-01  1.8450790389e+00 -8.3506053316e-01  2.3486235824e+00  1.1017732062e+00  1.5526846243e+00  1.1494863322e+00  2.4027912700e+00  1.6302590123e+00  2.1873502959e+00  2.2159654004e+00  1.8505267492e-01  9.3518873792e-01 -2.1764063239e+00  1.5544667353e+00
ENERGY -1.732576509033e+03

JOB 2
COORDS -2.9575958390e-01 -1.7969265948e-01 -1.4656692788e+00  3.4415577672e-01 -3.4511480767e-01  5.9817266527e-01  2.8418966912e-01  1.1911671173e+00 -1.0440879246e+00  1.5523653051e+00  1.8215070541e+00  1.1010165819e+00 -2.1832525531e-01 -1.0432528654e+00 -3.6366118972e-01  6.8594091461e-01  9.3571639052e-01  3.3692622120e-01  6.1434763182e-01 -9.5728405661e-01  1.8321470039e+00 -7.5429832113e-01 -4.3028990619e-01 -2.5633860515e+00 -3.3354669522e-01  1.0661516121e+00  3.3081400059e+00  1.7763877118e-01 -3.1364932299e-01  3.3288553393e+00  1.8633432932e+00 -5.6151496671e-01  4.4695135357e+00 -1.0993350951e+00 -1.7189480397e+00  4.1013254850e+00  1.1436572519e+00  1.4632385890e+00 -1.6651274736e+00 -4.7282970392e-01  1.9784311667e+00 -1.1159098161e+00  2.1619230931e+00  1.2417642978e+00  1.7973194423e+00  9.7548661190e-01  2.5549991358e+00  1.6692493084e+00  2.2263610430e+00  2.3355440614e+00  4.0978267504e-01  5.2145230031e-01 -1.9689617011e+00  1.7443195032e+00
ENERGY -1.732576261766e+03

JOB 3
COORDS -1.9181323709e-01 -8.9306590655e-01 -1.1027561699e+00  7.9447219643e-03 -3.5168009039e-01  9.8539849955e-01  2.6320853375e-01  5.8442132220e-01 -1.0435674084e+00  4.6135476583e-01  2.1402451356e+00  9.9350361470e-01 -3.0252669297e-01 -1.3683472863e+00  2.1168387624e-01  3.3690296898e-01  8.1892907900e-01  3.9608576090e-01 -6.1228670900e-02 -4.9703361462e-01  2.3796740497e+00 -3.9010931871e-01 -1.5166989800e+00 -2.1273260078e+00  2.2983245452e+00  6.7158466470e-01  2.8613714572e+00  1.1642895002e+00 -5.8847721449e-02  3.4497134819e+00  1.6281235965e+00 -1.8217805284e+00  4.3852245993e+00  1.8263453385e-01  9.7890620362e-01  4.9224109632e+00  1.2317859229e+00  7.1939167484e-01 -1.5352192655e+00 -4.7322018350e-01  1.2418144272e+00 -1.5168462927e+00  1.5073362873e+00  2.4127780624e+00  1.1528650915e+00 -5.7735936244e-02  2.1688137043e+00  1.9540783913e+00 -1.4685013496e-02  2.8699034660e+00  3.3234703198e-01 -5.7462256207e-01 -1.3453367886e+00  2.6163786462e+00
ENERGY -1.732576245961e+03

JOB 4
COORDS  2.4048285026e-02 -1.1159414906e+00 -9.3759556543e-01 -2.5725510472e-01 -3.8629312858e-01  1.0826912362e+00  4.8196409414e-01  3.6115785285e-01 -9.0448048573e-01  2.0332107424e-01  2.0995229941e+00  9.6603297101e-01 -4.0116077320e-01 -1.4692234738e+00  3.5163944679e-01  2.3420163879e-01  7.2388142858e-01  4.8883489214e-01 -6.6179241652e-01 -3.9545536659e-01  2.4290870893e+00  5.9373060638e-02 -1.8315986778e+00 -1.9195697958e+00  1.4780396088e+00  9.0977499866e-01  3.3651086362e+00  3.4280147041e-01  4.0640382837e-02  3.7124515911e+00  8.5482694307e-01 -1.7347726867e+00  4.6039574350e+00 -9.8032161372e-01  8.4239771401e-01  5.0539760630e+00  1.5381858055e+00  4.5382558428e-01 -1.1756171739e+00 -1.1700081564e-01  9.7337421995e-01 -1.5865432055e+00  1.1904664927e+00  2.4294393620e+00  1.2973030735e+00 -4.9025824284e-01  2.1891308897e+00  1.8036363600e+00 -1.5106471770e-01  2.7448283876e+00  1.5663726232e-01 -1.2485848372e+00 -1.2120663218e+00  2.6015973384e+00
ENERGY -1.732576467737e+03

JOB 5
COORDS -3.6166121490e-01 -6.3908515886e-01 -1.1196823951e+00  9.9057853877e-02 -1.9329059415e-01  9.4966302877e-01  2.2218212255e-01  7.9191047566e-01 -1.0663929729e+00  7.1611202253e-01  2.2613181223e+00  9.7930730407e-01 -3.7719460374e-01 -1.1516366290e+00  1.8709345001e-01  4.7826713762e-01  9.6323656398e-01  3.6171224229e-01  1.6267066380e-01 -3.7352878505e-01  2.3451760336e+00 -7.1451757988e-01 -1.2082335675e+00 -2.1338944839e+00  2.5505192382e+00  7.7024146177e-01  2.7463157011e+00  1.6100196897e+00 -2.6285495376e-01  3.2077247970e+00  2.3945051235e+00 -2.1600018771e+00  3.2298067253e+00  9.1771780393e-01 -3.9972202195e-02  5.1202171162e+00  1.1365675808e+00  8.6834892768e-01 -1.6629465427e+00 -5.0360132859e-01  1.5261528020e+00 -1.4309411772e+00  1.7759592336e+00  2.5241495379e+00  9.5585942229e-01  3.9069969309e-01  2.2439697848e+00  2.0194060809e+00  1.3469605713e-01  3.0185050681e+00  4.4392956744e-01 -4.1654199094e-01 -1.1738377679e+00  2.6026945099e+00
ENERGY -1.732576901207e+03

JOB 6
COORDS -3.0490432986e-01 -6.4844112548e-01 -1.0400181424e+00  1.1892911533e-01 -1.4250336540e-01  1.0232093562e+00  3.3561561980e-01  7.5839220837e-01 -1.0240294100e+00  7.7445346337e-01  2.2991586620e+00  9.7458380268e-01 -3.7669967614e-01 -1.1085989044e+00  2.8518292847e-01  5.7538442342e-01  9.7119796596e-01  4.0254554426e-01  1.4630755315e-01 -2.7415485125e-01  2.4253896919e+00 -6.5202201915e-01 -1.2437111778e+00 -2.0407466381e+00  2.4423424470e+00  9.7675905868e-01  3.0372062392e+00  1.5933192645e+00 -1.9610267177e-01  3.2988642902e+00  2.5555810781e+00 -1.9814502104e+00  2.9818184850e+00  8.7815906172e-01 -3.7932038477e-01  5.2039059610e+00  1.2612486155e+00  7.7865243820e-01 -1.6071075143e+00 -3.5444435251e-01  1.5074591204e+00 -1.4260852516e+00  1.8245718002e+00  2.5952401546e+00  9.2457059215e-01  4.7006560113e-01  2.3048649638e+00  2.0197678508e+00  1.6202722845e-01  3.0196942962e+00  4.2237352915e-01 -4.4505571543e-01 -1.0638471864e+00  2.6891439709e+00
ENERGY -1.732577278610e+03

JOB 7
COORDS -3.3282122447e-01 -6.1058702012e-01 -9.7212082210e-01  1.0299060355e-01 -1.0634940461e-01  1.0884642894e+00  3.9465281692e-01  7.5284249311e-01 -9.6713913745e-01  8.5069605619e-01  2.3057763102e+00  1.0118331486e+00 -4.4229103987e-01 -1.0496172628e+00  3.5851428853e-01  6.3951680235e-01  9.6922768756e-01  4.5916209000e-01  1.2689124311e-01 -2.2992744481e-01  2.4905151518e+00 -7.0921556412e-01 -1.1962639557e+00 -1.9674638407e+00  2.3289228517e+00  1.0766476382e+00  3.3324582239e+00  1.5898186445e+00 -1.9589249318e-01  3.3466148918e+00  2.7062205560e+00 -1.7666710336e+00  2.6391085572e+00  9.4028376159e-01 -8.2948784603e-01  5.1758453152e+00  1.3236669987e+00  7.0702131254e-01 -1.5431678900e+00 -2.4335531376e-01  1.5389045016e+00 -1.3839301765e+00  1.8960357784e+00  2.6069229940e+00  9.1136631443e-01  5.9629644849e-01  2.3187972649e+00  2.0693950739e+00  2.1221606423e-01  3.0198945887e+00  4.8025710207e-01 -4.7241662849e-01 -1.0143004948e+00  2.7518130219e+00
ENERGY -1.732577176487e+03

JOB 8
COORDS -6.9264392809e-01 -5.9489739869e-01 -7.9827256796e-01  1.5680200002e-01  4.0039732118e-01  9.2788038502e-01  2.5733643186e-02  6.7628798915e-01 -1.2987228507e+00  7.9452479896e-01  2.6768053296e+00  5.6863749179e-02 -5.3099188684e-01 -6.6363424504e-01  5.9837654516e-01  5.8089846344e-01  1.2335604444e+00 -6.2585630264e-02  4.5843963509e-01  6.5120754213e-01  2.2778663311e+00 -1.2676856521e+00 -1.3985946438e+00 -1.5034952912e+00  2.6607630635e+00  2.1827982903e+00  2.6028596270e+00  2.0598736169e+00  8.5409268138e-01  2.8076756787e+00  3.1508304477e+00 -6.3664176203e-01  1.9165525172e+00  1.8654300145e+00  2.7539416004e-01  4.7568704046e+00  8.0503866862e-01  4.3392928294e-01 -2.0266463376e+00 -6.8739882828e-01  1.3687322957e+00 -1.7586755005e+00  1.5418004645e+00  2.9883373920e+00 -6.7662699013e-01  1.1690678335e+00  2.9294448650e+00  1.0459600747e+00 -1.4107130995e-01  3.2189532264e+00 -1.3206668119e-01 -6.6330443979e-02 -1.3702211843e-02  2.8472284094e+00
ENERGY -1.732576400594e+03

JOB 9
COORDS -5.1562861020e-01 -6.6940973312e-01 -8.4586801850e-01  1.9522034763e-01  2.0471548552e-01  1.0044221215e+00  1.8466685352e-01  6.6452623087e-01 -1.1980088451e+00  1.0536893872e+00  2.5041859278e+00  3.6923631376e-01 -4.3530863003e-01 -8.5096682701e-01  5.4383211065e-01  6.0306439158e-01  1.1418737884e+00  1.1682627426e-01  4.1761518236e-01  3.4472163682e-01  2.3828324208e+00 -1.0188190918e+00 -1.4236378215e+00 -1.6546918092e+00  2.3190276649e+00  2.0207127516e+00  3.3388384325e+00  1.9544616924e+00  6.2204099220e-01  3.0591156726e+00  3.2878429129e+00 -2.8395317058e-01  1.7891326675e+00  1.8690741430e+00 -5.8358797034e-01  4.7068082359e+00  1.0337713897e+00  5.0032180748e-01 -1.8688329825e+00 -5.1426752725e-01  1.3622276852e+00 -1.6709470610e+00  2.1078199742e+00  2.6274326118e+00  1.0083061373e-01  9.3481027064e-01  2.7542068883e+00  1.4228878175e+00  4.5211941843e-01  3.1989999732e+00 -2.2552649905e-01 -9.9866651476e-02 -3.9244310081e-01  2.8619573440e+00
ENERGY -1.732574784217e+03

JOB 10
COORDS -5.2554215380e-01 -6.8640176431e-01 -8.2994895819e-01  1.8403842987e-01  2.2516056062e-01  1.0023547485e+00  1.9312579176e-01  6.3061867627e-01 -1.2119771763e+00  1.0983530798e+00  2.4841118821e+00  3.2390941196e-01 -4.5647411110e-01 -8.3423577329e-01  5.6470159895e-01  6.0459053440e-01  1.1354098986e+00  9.3635957245e-02  3.8291858332e-01  4.2227117177e-01  2.3759548293e+00 -1.0339667636e+00 -1.4538224054e+00 -1.6228222192e+00  2.1571518264e+00  2.0051644215e+00  3.6639177078e+00  1.8933388435e+00  6.6115936745e-01  3.1242159486e+00  3.2884904191e+00  9.3324287109e-02  1.7331784002e+00  1.8963757970e+00 -8.2183366278e-01  4.5345990434e+00  1.0456717358e+00  4.3869208822e-01 -1.8711952603e+00 -4.9396964823e-01  1.3232481887e+00 -1.7091843957e+00  2.1487967430e+00  2.5759624243e+00  2.9107329523e-02  1.0083139140e+00  2.7439667027e+00  1.3794764213e+00  5.0271274599e-01  3.1954726465e+00 -2.5741490315e-01 -1.9373792159e-01 -2.5319019460e-01  2.8785722022e+00
ENERGY -1.732572904213e+03

JOB 11
COORDS -5.4710821028e-01 -5.9458572208e-01 -8.3811108118e-01  9.3250505034e-02  3.6017385837e-01  9.9763834538e-01  2.1523682347e-01  6.9588703162e-01 -1.2255508469e+00  1.0246175742e+00  2.5982689052e+00  2.9823848677e-01 -5.4824585519e-01 -6.9897910041e-01  5.6333490401e-01  5.8447785840e-01  1.2291000579e+00  8.1545149109e-02  2.2137100988e-01  6.1878022293e-01  2.3704243704e+00 -1.0302118906e+00 -1.3787132733e+00 -1.6300117613e+00  1.8618689499e+00  1.9698402857e+00  4.0256222666e+00  1.6793349323e+00  7.3676551925e-01  3.2430581908e+00  3.1600279334e+00  4.2300800538e-01  1.8654757993e+00  1.6665107228e+00 -9.6490356154e-01  4.3863110478e+00  1.0885947556e+00  4.6805902479e-01 -1.8445770613e+00 -4.3630660190e-01  1.3884755033e+00 -1.7687997173e+00  2.0643135200e+00  2.7295575173e+00 -1.6817996186e-02  9.4433199240e-01  2.8541922190e+00  1.3555755830e+00  3.8983381662e-01  3.2868823996e+00 -2.7035178414e-01 -4.5911581876e-01  4.3595384281e-02  2.8693456080e+00
ENERGY -1.732570936114e+03

JOB 12
COORDS -2.3154845664e-01 -6.5260456400e-01 -1.2636877867e+00 -2.5356094326e-01 -2.0149619404e-01  8.5435373940e-01  2.1187234458e-01  8.2029990209e-01 -1.1041113097e+00  7.7258143930e-01  2.0893515145e+00  1.0411214043e+00 -4.8863205691e-01 -1.1753186275e+00  1.1197096681e-02  7.0937550202e-02  1.0252522374e+00  3.3766044687e-01 -3.8281566353e-01 -3.5609360809e-01  2.2256088342e+00 -3.3919947881e-01 -1.2304515457e+00 -2.3270032788e+00  5.0453926408e-01 -1.3156133281e+00  4.4739343135e+00 -7.6258540018e-02 -1.7282423725e+00  3.1824298629e+00  1.0048617498e+00 -3.0390067007e+00  2.0772766045e+00 -1.8866124465e+00 -2.6549620092e+00  3.3359591634e+00  1.2517304990e+00  9.4167232766e-01 -1.4284947568e+00 -4.2601069205e-01  1.4950895134e+00 -1.6813698341e+00  1.8157312913e+00  1.8284342157e+00  1.2654459946e+00  2.6072925011e-01  2.3517724374e+00  1.9718974343e+00  7.6262279642e-01  2.9836180632e+00  4.1553489780e-01 -1.8810553974e-01  4.7201118419e-01  2.7835187731e+00
ENERGY -1.732571775507e+03

JOB 13
COORDS -2.6521125891e-01 -6.5087550014e-01 -1.2321638302e+00 -1.9884244216e-01 -1.8838861306e-01  8.8252236831e-01  1.7185802604e-01  8.2728812643e-01 -1.0991012839e+00  7.8919964205e-01  2.1220298609e+00  1.0190435316e+00 -4.6212880291e-01 -1.1690521566e+00  5.4516234472e-02  9.0941322288e-02  1.0371810210e+00  3.4638620253e-01 -2.5696351187e-01 -3.4697578332e-01  2.2553255055e+00 -4.0922184166e-01 -1.2357486411e+00 -2.2872971320e+00  3.0988761738e-01 -1.4594472697e+00  4.5271703340e+00 -1.2239186954e-01 -1.7811741951e+00  3.1543362573e+00  1.0790462543e+00 -3.0538726359e+00  2.1208826131e+00 -1.9538311845e+00 -2.6555538954e+00  3.0117873202e+00  1.1942265461e+00  9.5887431952e-01 -1.4712376077e+00 -4.9987394666e-01  1.4919263028e+00 -1.6492144293e+00  1.8485713287e+00  1.8935079300e+00  1.1987416438e+00  3.0747357086e-01  2.3680529821e+00  1.9702573214e+00  7.2598620242e-01  3.0155596985e+00  3.9535952781e-01  7.1210026695e-03  4.4877363982e-01  2.8300566345e+00
ENERGY -1.732574697409e+03

JOB 14
COORDS -2.9281848017e-01 -6.5381727625e-01 -1.2100382176e+00 -1.3991476775e-01 -2.0756366870e-01  9.0402339590e-01  9.8486223665e-02  8.3758738861e-01 -1.0827928233e+00  7.7757305641e-01  2.1305996169e+00  1.0155779529e+00 -4.0115755396e-01 -1.1916194562e+00  7.9117242286e-02  7.6490389757e-02  1.0331834601e+00  3.6688482421e-01 -1.1760620955e-01 -3.8497083848e-01  2.2727135377e+00 -4.7109154269e-01 -1.2333377931e+00 -2.2628043347e+00  1.2437214211e-01 -1.5619684869e+00  4.5644471185e+00 -1.4866764447e-01 -1.8395192245e+00  3.1419735435e+00  1.1665158219e+00 -3.1007186478e+00  2.2384134119e+00 -1.9617733382e+00 -2.6694162227e+00  2.7520400859e+00  1.0970439527e+00  1.0083061801e+00 -1.5009923558e+00 -6.2131262817e-01  1.4820670654e+00 -1.5946481586e+00  1.8528565952e+00  1.9352854109e+00  1.1274814999e+00  3.4613745408e-01  2.3434008788e+00  1.9983523291e+00  6.4716941766e-01  3.0316497751e+00  4.1339583823e-01  1.2380569849e-01  4.0181123068e-01  2.8678111415e+00
ENERGY -1.732576488500e+03

JOB 15
COORDS -3.1042988445e-01 -6.2795237259e-01 -1.2311248418e+00 -6.1981881154e-02 -2.1601543467e-01  8.8141037867e-01  2.7896875887e-02  8.7543657038e-01 -1.0923073187e+00  7.6117306461e-01  2.1568732222e+00  9.9452237205e-01 -3.2319431395e-01 -1.1949086854e+00  4.9899354009e-02  7.3343181318e-02  1.0427526974e+00  3.6039437299e-01  6.7410809167e-02 -4.2449158700e-01  2.2390708325e+00 -5.2351478622e-01 -1.1934805106e+00 -2.2850412734e+00 -2.2480522047e-02 -1.5907499130e+00  4.5457888797e+00 -1.7665144894e-01 -1.8612938761e+00  3.1040507946e+00  1.1479846607e+00 -3.1967477011e+00  2.3336323559e+00 -1.9971054588e+00 -2.5801728745e+00  2.5588587032e+00  9.9648173044e-01  1.0932018119e+00 -1.5568729054e+00 -7.4136046159e-01  1.5006248225e+00 -1.5533840280e+00  1.8486673685e+00  2.0085672585e+00  1.0393936994e+00  3.8073380376e-01  2.3264137264e+00  2.0062985206e+00  5.5448710381e-01  3.0643181729e+00  4.2409161628e-01  2.0556640556e-01  3.7233450783e-01  2.8531246203e+00
ENERGY -1.732576789146e+03

JOB 16
COORDS -1.9400008784e-01 -9.6869311032e-01 -8.2026070898e-01 -1.2510401197e-01 -2.5585333091e-01  1.2248451349e+00  1.3617815440e-01  5.4190351452e-01 -8.7057836534e-01  6.8976462808e-01  2.1182854140e+00  1.0613271821e+00 -3.1075398034e-01 -1.3472143709e+00  5.2347345247e-01  5.4739077972e-02  9.1703401476e-01  5.4126840940e-01 -1.0215752985e-01 -2.6892865629e-01  2.6063985211e+00 -3.2180098895e-01 -1.6809205449e+00 -1.7961570792e+00 -8.7909773766e-01 -9.0332039523e-01  4.9917069409e+00 -7.2154030745e-01 -1.4687091850e+00  3.6381051015e+00  6.0786470097e-01 -3.0018123435e+00  3.5160111035e+00 -2.4296181049e+00 -2.1868783214e+00  2.8086561999e+00  1.1425724486e+00  6.9925238155e-01 -1.2755659811e+00 -5.8734574580e-01  1.0878713435e+00 -1.4816800940e+00  1.7726189380e+00  1.9947650135e+00  1.1980899259e+00  2.4116725900e-01  2.4172036625e+00  2.0133216136e+00  5.1544319949e-01  2.9365445675e+00  3.6006273308e-01 -5.4245744230e-02  6.2381697605e-01  3.0897641309e+00
ENERGY -1.732575563965e+03

JOB 17
COORDS -9.6915570965e-03 -1.2830297817e+00  1.5957427471e-01  4.6361982574e-01  2.3517813614e-01  1.6300500424e+00 -7.9127937450e-02  8.6806199596e-02 -5.5708871180e-01  5.5966227488e-01  2.3982010138e+00  3.4048569955e-01  3.5561760322e-01 -1.0639677314e+00  1.4935992178e+00  1.6214749742e-01  1.0147720070e+00  5.4673880603e-01  8.8728696027e-01  8.2246387551e-01  2.8097376799e+00 -2.3387416048e-01 -2.3520003665e+00 -3.7295755197e-01  5.8033909741e-01  1.3798238608e+00  5.3203964217e+00  7.1271025414e-01  2.3443196815e-01  4.3991484026e+00  2.3898332532e+00 -8.7529684196e-01  4.7170855364e+00 -8.1868134996e-01 -1.0895058217e+00  4.4436777558e+00  6.9846256624e-01  1.5639679350e-01 -1.3265211544e+00 -1.0575870150e+00  2.4567204461e-01 -1.0183190298e+00  1.6369539515e+00  2.5027059066e+00  1.5352575468e-01  2.8272810691e-01  3.0178999180e+00  1.1990377011e+00  1.5686371421e-02  2.7921295664e+00 -5.1993981580e-01  8.5818606931e-01  1.8389956661e+00  2.8404043052e+00
ENERGY -1.732572901667e+03

JOB 18
COORDS -3.8876357455e-03 -4.9470697134e-01 -1.5473495688e+00  8.9093950205e-01 -3.8501354524e-01  4.2220369223e-01  1.1689316797e-01  1.0026188320e+00 -1.1734694476e+00  1.3581443774e+00  2.0637974596e+00  8.0804787911e-01  4.9890493494e-01 -1.2555125761e+00 -4.7781826781e-01  7.2235781166e-01  9.3215188187e-01  1.5227241182e-01  1.5202834860e+00 -7.9689226587e-01  1.6068304930e+00 -4.7883955763e-01 -9.1455954465e-01 -2.5833867802e+00  1.9120673079e+00  1.6034559868e-02  4.1434102037e+00  9.4854601028e-01 -5.6126868524e-01  3.1930055035e+00  2.7180802522e-01 -2.4242438600e+00  3.7254467500e+00 -7.7410714173e-01  5.2454376824e-01  2.9842830348e+00  7.6494983187e-01  1.5323576923e+00 -1.8796807354e+00 -8.6466846936e-01  1.4864991529e+00 -1.1583166713e+00  1.9959343153e+00  1.7140053222e+00  1.6208961516e+00  6.1035676417e-01  2.7493881618e+00  1.2180896042e+00  1.9837451707e+00  2.6059009455e+00  9.0209700375e-02  1.8518567032e+00 -1.7544380178e+00  1.4790231660e+00
ENERGY -1.732570587776e+03

JOB 19
COORDS -1.5339361347e-02 -5.4652512617e-01 -1.5590914620e+00  7.2795148926e-01 -3.8489132741e-01  4.6825703433e-01  1.5911463627e-01  9.5957743716e-01 -1.2452667601e+00  1.2467519235e+00  2.0669210146e+00  8.0534437573e-01  3.5783898615e-01 -1.2779972583e+00 -4.1989938821e-01  6.6459849956e-01  9.2220061589e-01  1.2281165441e-01  1.2191295288e+00 -7.8172435538e-01  1.7198531527e+00 -4.2762581731e-01 -9.9176861456e-01 -2.6115440572e+00  1.4517272129e+00  5.3300074963e-01  4.0725828167e+00  5.8651490343e-01 -3.0400190636e-01  3.2262167673e+00  5.8543648980e-02 -2.1044569167e+00  4.0506830098e+00 -1.2191144863e+00  5.7246202998e-01  2.8033605804e+00  8.8215429668e-01  1.4217144792e+00 -1.9254895641e+00 -7.9424064481e-01  1.4919568505e+00 -1.3221504693e+00  1.8507608106e+00  1.7344230779e+00  1.6508210907e+00  4.6949989772e-01  2.7438868706e+00  1.1744337830e+00  1.8961840012e+00  2.6143544465e+00  1.1434910107e-01  1.4034942843e+00 -1.7848976642e+00  1.6837991355e+00
ENERGY -1.732572386537e+03

JOB 20
COORDS -4.7575199514e-02 -4.9531299258e-01 -1.5939026674e+00  7.0305049008e-01 -3.9964129172e-01  4.3661200471e-01  1.6388276978e-01  9.9712880794e-01 -1.2436440340e+00  1.2939236580e+00  2.0343064708e+00  8.1749798182e-01  3.0867144025e-01 -1.2611417581e+00 -4.7265486691e-01  6.6848578813e-01  9.1666333384e-01  1.2406384277e-01  1.1605953838e+00 -8.5067093266e-01  1.6834536673e+00 -4.7440598741e-01 -9.0511437664e-01 -2.6551156934e+00  1.3056660187e+00  7.3048718255e-01  3.8803013751e+00  5.3849598901e-01 -3.0645334981e-01  3.1714171393e+00  3.3558817143e-01 -2.0770829940e+00  4.1755067308e+00 -1.3946302393e+00  2.6670461186e-01  2.7798310213e+00  8.9783560354e-01  1.4579859352e+00 -1.9127860183e+00 -7.7601389065e-01  1.5545256381e+00 -1.3061124339e+00  1.9199427400e+00  1.6727442865e+00  1.6330188579e+00  5.4116418671e-01  2.7131043027e+00  1.2312581624e+00  1.9243763921e+00  2.5891505468e+00  1.1516221793e-01  1.2450688477e+00 -1.8664484897e+00  1.6401837832e+00
ENERGY -1.732574365730e+03

JOB 21
COORDS  1.5851885143e-01 -5.2217418969e-01 -1.6439043965e+00  7.3329717795e-01 -3.9355797700e-01  4.4098007961e-01  3.0120634909e-01  9.7422822205e-01 -1.2897866499e+00  1.4171059978e+00  2.0180419373e+00  7.4120597809e-01  4.3834147545e-01 -1.2705907598e+00 -4.8613947796e-01  6.5720191402e-01  9.2853180633e-01  1.2974477435e-01  1.1033001794e+00 -8.2859225044e-01  1.7250506286e+00 -1.6585606856e-01 -9.5628118381e-01 -2.7305705509e+00  7.0523728908e-01  9.7674175582e-01  3.6986976438e+00  2.8462067512e-01 -3.1052517664e-01  3.1211999283e+00  5.4683942259e-01 -1.9498005482e+00  4.3151550394e+00 -1.7143988078e+00 -3.5294040608e-01  2.6603209713e+00  1.0965185875e+00  1.4394568948e+00 -1.8819568575e+00 -6.3321447826e-01  1.5155247066e+00 -1.4632308923e+00  1.7077281438e+00  1.7603847495e+00  1.7570740531e+00  7.9662555595e-01  2.9166999721e+00  7.8403043400e-01  2.3159616170e+00  2.2311314122e+00  1.4898031760e-01  1.2216004978e+00 -1.8416078046e+00  1.6901694965e+00
ENERGY -1.732576083895e+03

JOB 22
COORDS  1.9742526089e-01 -2.2569772695e-01 -1.3898917700e+00  6.2503407501e-01 -5.0282154727e-02  7.2632563832e-01  4.9298815683e-01  1.2610301494e+00 -1.0938554974e+00  1.5554270096e+00  2.2845114704e+00  9.7925997498e-01  2.9931855133e-01 -9.3771857089e-01 -1.8133092927e-01  7.3801096986e-01  1.2501564087e+00  3.4891081192e-01  8.3311259643e-01 -4.5409104132e-01  2.0587842090e+00 -9.7456867534e-02 -6.7629152855e-01 -2.4783490684e+00  1.8024318864e-01  1.6203950119e+00  3.6540429391e+00 -7.7804204486e-02  2.0884061840e-01  3.3268273824e+00  3.4436297949e-01 -1.1405259579e+00  4.8016967359e+00 -2.0451679992e+00 -1.5397596124e-01  2.8734412652e+00  1.3789121019e+00  1.5975617402e+00 -1.6428886240e+00 -3.5444463563e-01  1.8975959343e+00 -1.3642119558e+00  1.8149691104e+00  1.9960501373e+00  1.9943807978e+00  9.9770834747e-01  3.2229171142e+00  1.0285153813e+00  2.4726453213e+00  2.4385143471e+00  3.9770054260e-01  8.6175781050e-01 -1.4744782026e+00  2.0803062171e+00
ENERGY -1.732577090936e+03

JOB 23
COORDS -1.7940912631e-01 -2.3347882238e-01 -1.2845220787e+00  4.5189428592e-01 -2.1231910611e-01  7.8726994637e-01  2.1118611274e-01  1.2189767171e+00 -9.2854100087e-01  1.4566474452e+00  2.0800764161e+00  1.1353691692e+00  1.0993355456e-03 -1.0260148103e+00 -1.3844967257e-01  6.0039587912e-01  1.0982560753e+00  4.7591554121e-01  7.8108095602e-01 -7.1255530019e-01  2.0621337182e+00 -5.9456326059e-01 -5.9755446850e-01 -2.3666755809e+00  1.0330748323e-01  1.3302760059e+00  3.6688573726e+00  3.9349335248e-02 -1.2552930082e-01  3.4651872407e+00  9.7733220983e-01 -1.2700486593e+00  4.8745447490e+00 -1.8790003101e+00 -8.5583501661e-01  3.4548616467e+00  1.0494860915e+00  1.5612050402e+00 -1.5442601950e+00 -6.3304098077e-01  1.9009258816e+00 -1.0674774859e+00  1.9928612055e+00  1.6142406881e+00  1.9600488359e+00  8.6702810915e-01  2.9068296738e+00  1.5375521471e+00  2.1825136153e+00  2.4643867040e+00  4.1084433525e-01  8.0834921258e-01 -1.7322561671e+00  2.0131967698e+00
ENERGY -1.732577295895e+03

