JOB 0
COORDS -2.1058416493e+00 -5.8230323485e-01  2.1741574772e+00 -3.2931563179e+00 -2.1081910746e-01  2.7598125735e+00 -1.3791714376e+00  3.9893281754e-01  1.4548693751e+00 -3.6942625129e+00  1.1305033019e+00  2.5816920624e+00  7.3077586060e-01  1.1803516703e+00  1.7238574249e-01 -4.3172703394e-02  2.5562479353e-01 -7.4252957929e-01 -9.7511506807e-02  5.2114728494e-02  7.6525865383e-01 -2.4991599298e-01 -1.9708880306e+00 -1.9316657022e+00 -5.2637910748e+00  2.8769370145e+00  2.9586112662e+00  6.3754885885e-01 -7.5198167264e-01 -1.6472299522e+00 -1.8295168031e+00  1.6464804547e+00  1.3232696718e+00 -2.9924772573e+00  2.0139959552e+00  1.8828710470e+00  5.4318921410e-01 -1.1334822640e+00  1.3367592662e+00 -4.8590929602e+00  1.5103499787e+00  3.1569012072e+00 -1.7303511419e+00 -1.5982311258e+00  2.2361728300e+00 -3.9156978641e+00 -8.9627022967e-01  3.3267821155e+00  1.8104647516e+00  1.0496184840e+00  2.1185212516e-01  3.7484436617e-01  2.1962965875e+00  3.0403050102e-01 -9.5543734102e-01  6.8352097609e-01 -1.1539844719e+00 -4.8939318530e-01 -2.4932667040e+00 -1.0006152669e+00  2.4678049374e-01 -2.6768115517e+00 -2.6064104365e+00 -1.1924143970e+00 -1.6667377178e+00 -2.4012058890e+00 -6.2098169758e+00  2.9720430896e+00  3.4927521447e+00 -5.3979399620e+00  3.0913661584e+00  1.8951434052e+00 -4.5192141449e+00  3.5652906592e+00  3.3668879725e+00  9.0548065697e-01 -2.5251173990e-01 -2.5872433116e+00  1.5855218741e+00 -1.0834252937e+00 -1.2066050414e+00  1.5070669010e+00 -1.1779161548e+00  1.0110651510e+00  6.3426152397e-01 -9.7804677228e-01  2.3430109670e+00
ENERGY -6.296193303966e+02

JOB 1
COORDS -2.0742430275e+00  1.5550224024e+00  3.7295904548e-01 -3.2288700422e+00  2.0539810755e+00  9.2224638890e-01 -1.2956670393e+00  6.5281625439e-01  1.1425764655e+00 -3.5490945049e+00  1.6230642501e+00  2.2297647869e+00  9.4511307920e-01  9.9076023900e-01 -1.0788946995e-01  1.8926345051e-01 -8.6863291091e-02 -8.5265077469e-01 -1.0133614936e-02  6.5361871695e-02  6.5046156407e-01 -7.2559380831e-02 -2.5121665393e+00 -1.5070497682e+00 -5.0039089898e+00  1.6635714370e+00  4.1090798956e+00  8.8342552236e-01 -1.3176169391e+00 -1.4016253499e+00 -1.6619239743e+00  3.0747459910e-01  2.3762246798e+00 -2.7908566117e+00  7.8891905816e-01  2.9243927411e+00  4.9837407474e-01 -9.8566085489e-01  1.5094035149e+00 -4.6879874627e+00  2.1065476327e+00  2.7764479056e+00 -1.7709965250e+00  1.8517310873e+00 -6.2576405656e-01 -3.8809344465e+00  2.7481421219e+00  4.0138009061e-01  2.0070613551e+00  8.2940829890e-01  6.5492951420e-02  6.7005154207e-01  2.0333582952e+00 -2.4656106023e-01 -6.3566439034e-01  2.5219983175e-01 -1.4766607669e+00 -4.6290045426e-01 -2.7676190659e+00 -5.1797754568e-01  4.3485695659e-01 -3.3915852471e+00 -1.9186002514e+00 -9.2091489264e-01 -2.2803949915e+00 -2.1619316605e+00 -5.9445698334e+00  2.1570383126e+00  4.3555595794e+00 -4.2186695093e+00  1.9565558423e+00  4.8108042423e+00 -5.1181088436e+00  5.7692404138e-01  4.1387955538e+00  1.3047830477e+00 -1.0766720714e+00 -2.3862843200e+00  1.7315496623e+00 -1.5881787912e+00 -7.6363579097e-01  1.5120436362e+00 -1.0251064155e+00  1.4748358988e+00  2.0243414049e-01 -8.0069267809e-01  2.4662209396e+00
ENERGY -6.296179640353e+02

JOB 2
COORDS -2.0094348476e+00  1.6288411126e+00  4.1363765312e-01 -3.1723413238e+00  2.1047705155e+00  9.6498590726e-01 -1.2503088477e+00  6.8340897419e-01  1.1514078356e+00 -3.5246451621e+00  1.6042667753e+00  2.2395923868e+00  9.5718045906e-01  9.9022741496e-01 -1.7728636587e-01  1.6550754753e-01 -9.4654738228e-02 -8.6829897583e-01  3.1963487773e-02  1.0089094562e-01  6.4525422142e-01 -1.4755087776e-01 -2.5289095926e+00 -1.4509036917e+00 -5.0232859892e+00  1.5494968054e+00  4.0838013906e+00  8.2885587851e-01 -1.3478979642e+00 -1.3996442921e+00 -1.6484204587e+00  2.7121982147e-01  2.3539167446e+00 -2.7883060738e+00  7.2634571736e-01  2.9025291504e+00  5.9581668416e-01 -9.1987375171e-01  1.5073627289e+00 -4.6729887738e+00  2.0647543402e+00  2.7861471677e+00 -1.6834677495e+00  1.9758174962e+00 -5.6157193078e-01 -3.8086542644e+00  2.8315398804e+00  4.6972559080e-01  2.0243080004e+00  8.2288751898e-01 -4.5431469070e-02  6.8866394469e-01  2.0330306578e+00 -3.2628579764e-01 -6.8333754264e-01  2.3733350676e-01 -1.4638798573e+00 -5.1430300234e-01 -2.7532652638e+00 -4.4525285027e-01  3.3602102361e-01 -3.4268115517e+00 -1.8510432583e+00 -1.0098303389e+00 -2.3020716667e+00 -2.0892930690e+00 -5.9654112638e+00  2.0368129414e+00  4.3367364052e+00 -4.2521599474e+00  1.7946022153e+00  4.8187338819e+00 -5.1469774860e+00  4.6403510613e-01  4.0486395276e+00  1.2340642402e+00 -1.1417530831e+00 -2.3990797676e+00  1.6791735403e+00 -1.6128513878e+00 -7.6323751756e-01  1.5938737189e+00 -7.8170222319e-01  1.6297330420e+00  1.3759750045e-01 -8.6817973788e-01  2.4158700133e+00
ENERGY -6.296190055115e+02

JOB 3
COORDS -1.9374929576e+00  1.7230007984e+00  4.3183845688e-01 -3.1109433591e+00  2.1866601418e+00  9.7114231245e-01 -1.2062478744e+00  7.4052035341e-01  1.1495809809e+00 -3.5041328243e+00  1.6338005258e+00  2.2117748804e+00  9.8152490807e-01  9.8446916451e-01 -2.4014749021e-01  1.5209602628e-01 -1.0544823849e-01 -8.7184499462e-01  7.3109321007e-02  1.4859977061e-01  6.4422086127e-01 -2.2128327350e-01 -2.5494110335e+00 -1.3653595565e+00 -5.0558234903e+00  1.5126988616e+00  4.0084029329e+00  7.7788279105e-01 -1.3866852605e+00 -1.3777592736e+00 -1.6432300884e+00  2.7859333776e-01  2.3200775201e+00 -2.7957113699e+00  7.1882022894e-01  2.8546746175e+00  6.8089747055e-01 -8.3530207134e-01  1.5171931598e+00 -4.6638819749e+00  2.0810034894e+00  2.7453265001e+00 -1.5812663668e+00  2.1073630949e+00 -5.1860726520e-01 -3.7263218109e+00  2.9412079326e+00  4.9114089345e-01  2.0482044167e+00  7.9729084070e-01 -1.3537526035e-01  7.3122646976e-01  2.0277645132e+00 -4.1380566683e-01 -7.1390769864e-01  2.2340368056e-01 -1.4443741683e+00 -5.6325409451e-01 -2.7376525421e+00 -3.4338030000e-01  2.3395239094e-01 -3.4686463071e+00 -1.7499016601e+00 -1.0983714124e+00 -2.3269644044e+00 -1.9848929114e+00 -5.9997153886e+00  1.9989856701e+00  4.2566949142e+00 -4.3032696209e+00  1.7161211533e+00  4.7746510577e+00 -5.1895797616e+00  4.3133777515e-01  3.9214414743e+00  1.1616746943e+00 -1.2221816967e+00 -2.3933582467e+00  1.6343973055e+00 -1.6436297936e+00 -7.4729283274e-01  1.6106450968e+00 -5.3983580969e-01  1.7991757856e+00  1.0129176903e-01 -9.3391846154e-01  2.3493144736e+00
ENERGY -6.296203605096e+02

JOB 4
COORDS -1.9008875810e+00  1.7866449849e+00  4.7646341949e-01 -3.0760028317e+00  2.2425806734e+00  1.0194396371e+00 -1.1884448793e+00  7.6965029909e-01  1.1642280091e+00 -3.4904118261e+00  1.6457287901e+00  2.2321639401e+00  9.7759139669e-01  9.8120149581e-01 -2.7436556030e-01  1.2777127404e-01 -1.1365996661e-01 -8.6594961516e-01  8.6287746323e-02  1.7287626815e-01  6.4802022496e-01 -2.6612737087e-01 -2.5656243261e+00 -1.3106752664e+00 -5.0643447545e+00  1.4718663430e+00  4.0050718892e+00  7.3442714558e-01 -1.4053026826e+00 -1.3677997221e+00 -1.6471889922e+00  2.6316775063e-01  2.3078557549e+00 -2.8016559123e+00  6.9517473273e-01  2.8446921456e+00  7.3840191327e-01 -7.8249842332e-01  1.5182536053e+00 -4.6504097948e+00  2.0862648293e+00  2.7709633661e+00 -1.5289784271e+00  2.2025808710e+00 -4.5460871586e-01 -3.6771927526e+00  3.0223323603e+00  5.6219401039e-01  2.0436562531e+00  7.8451937457e-01 -1.8717087977e-01  7.3250728413e-01  2.0228126630e+00 -4.6330877858e-01 -7.5377253678e-01  2.1225034857e-01 -1.4163423134e+00 -5.8096663937e-01 -2.7417625371e+00 -2.7756924610e-01  1.7667339507e-01 -3.4910647570e+00 -1.6947486272e+00 -1.1608449693e+00 -2.3510490718e+00 -1.9072920833e+00 -6.0042479436e+00  1.9607770184e+00  4.2631808822e+00 -4.3177992918e+00  1.6327603447e+00  4.7871625008e+00 -5.2119178734e+00  3.9700641845e-01  3.8720322341e+00  1.0885597609e+00 -1.2579116387e+00 -2.3967746849e+00  1.6067088519e+00 -1.6510862327e+00 -7.5557232762e-01  1.5541384733e+00 -3.5850783496e-01  1.9527623724e+00  8.8826732525e-02 -1.0413040491e+00  2.2595356746e+00
ENERGY -6.296218483674e+02

JOB 5
COORDS -1.8947591421e+00  1.7939291622e+00  4.6635284409e-01 -3.0688245870e+00  2.2502797999e+00  1.0115168080e+00 -1.1852565476e+00  7.7130425512e-01  1.1491060637e+00 -3.4848961241e+00  1.6487973896e+00  2.2211161801e+00  9.7573084124e-01  9.8016957496e-01 -2.9785534147e-01  1.3434925258e-01 -1.2543060368e-01 -8.7912800785e-01  8.9019432137e-02  1.7187231093e-01  6.3074367999e-01 -2.3764387745e-01 -2.5841998734e+00 -1.3212783822e+00 -5.0584735277e+00  1.4707776377e+00  3.9939273894e+00  7.5033298820e-01 -1.4130222800e+00 -1.3812895064e+00 -1.6467521685e+00  2.5752367832e-01  2.2887419486e+00 -2.7999507860e+00  6.9149283504e-01  2.8275212753e+00  7.7112066868e-01 -7.6159259568e-01  1.4995960263e+00 -4.6428797450e+00  2.0908339510e+00  2.7632444441e+00 -1.5218125602e+00  2.2131074491e+00 -4.6292116247e-01 -3.6683002817e+00  3.0333153850e+00  5.5760981000e-01  2.0419541704e+00  7.9114373845e-01 -2.0369565264e-01  7.1992386612e-01  2.0171898253e+00 -4.9623635500e-01 -7.5167646019e-01  1.9178715903e-01 -1.4275926137e+00 -5.4865036231e-01 -2.7680379866e+00 -2.8803926589e-01  2.1334482888e-01 -3.5043784192e+00 -1.7083382582e+00 -1.1375052912e+00 -2.3788759405e+00 -1.9132990426e+00 -5.9956862776e+00  1.9626723130e+00  4.2561697855e+00 -4.3102845809e+00  1.6229939670e+00  4.7761799167e+00 -5.2115001215e+00  3.9749121448e-01  3.8544014148e+00  1.0959444811e+00 -1.2621777645e+00 -2.4126476313e+00  1.6287227686e+00 -1.6470651145e+00 -7.7394951303e-01  1.4284696561e+00 -2.5444927080e-01  2.0893006243e+00  8.4823765228e-02 -1.1793308656e+00  2.1265705438e+00
ENERGY -6.296230432465e+02

JOB 6
COORDS -1.9103166040e+00  1.7908708290e+00  4.7922667165e-01 -3.0772195174e+00  2.2538899922e+00  1.0342963418e+00 -1.1971348200e+00  7.6868745788e-01  1.1589535100e+00 -3.4814675435e+00  1.6612180851e+00  2.2519871210e+00  9.5757427742e-01  9.8456593413e-01 -2.9329359524e-01  1.2683360158e-01 -1.2860904652e-01 -8.7384795742e-01  7.3613234293e-02  1.6638882801e-01  6.3277536501e-01 -2.1922245134e-01 -2.5908511736e+00 -1.3334759743e+00 -5.0352641854e+00  1.4993823477e+00  4.0440611405e+00  7.5525158705e-01 -1.4077057386e+00 -1.3844339936e+00 -1.6471508209e+00  2.6206218684e-01  2.3066775444e+00 -2.7923317700e+00  7.0515965071e-01  2.8559931835e+00  7.7607046323e-01 -7.5633516275e-01  1.4958412915e+00 -4.6318698016e+00  2.1101892197e+00  2.8047431364e+00 -1.5463128304e+00  2.2037196775e+00 -4.5643914637e-01 -3.6794480321e+00  3.0358014942e+00  5.8207378028e-01  2.0236709009e+00  8.0247653633e-01 -1.9106471875e-01  6.9218849351e-01  2.0184192854e+00 -4.9488301434e-01 -7.6320414427e-01  1.8138607400e-01 -1.4200573896e+00 -5.3014902972e-01 -2.7905186148e+00 -3.0286536865e-01  2.4224862622e-01 -3.5021248184e+00 -1.7289444810e+00 -1.1219639498e+00 -2.3909776683e+00 -1.9228383488e+00 -5.9678663787e+00  1.9960106122e+00  4.3137959645e+00 -4.2777054176e+00  1.6541697716e+00  4.8167246298e+00 -5.1932659585e+00  4.2571192681e-01  3.9133487087e+00  1.0952112142e+00 -1.2458289227e+00 -2.4159694540e+00  1.6390454791e+00 -1.6343572896e+00 -7.8258233246e-01  1.2454966824e+00 -2.2529740410e-01  2.2286849655e+00  8.7792210421e-02 -1.3304111340e+00  1.9815466066e+00
ENERGY -6.296237084890e+02

JOB 7
COORDS -1.9981709193e+00  1.7491742992e+00  5.3944675334e-01 -3.1383354066e+00  2.2277632559e+00  1.1348137278e+00 -1.2510438283e+00  7.4752867678e-01  1.2141677830e+00 -3.4797469460e+00  1.6729091737e+00  2.3891770336e+00  8.8264814118e-01  1.0026529512e+00 -2.5013242928e-01  5.8733380761e-02 -9.8512403640e-02 -8.6115306218e-01  2.7815579603e-03  1.4413915468e-01  6.4987756426e-01 -2.7322580975e-01 -2.5423375834e+00 -1.4336287296e+00 -4.9426200843e+00  1.5662596951e+00  4.2597687727e+00  6.9661884600e-01 -1.3540881168e+00 -1.4195639781e+00 -1.6410967847e+00  2.7738927857e-01  2.3988549792e+00 -2.7587821640e+00  7.3872970809e-01  2.9898424083e+00  7.1745834458e-01 -8.0331463760e-01  1.4763497860e+00 -4.6032668531e+00  2.1373010353e+00  2.9828858457e+00 -1.6806148428e+00  2.1337071335e+00 -4.2480490262e-01 -3.7647033851e+00  2.9935936630e+00  6.8784964696e-01  1.9494111400e+00  8.2612214073e-01 -1.5033012255e-01  6.0373908164e-01  2.0389158620e+00 -4.1845018665e-01 -8.3481230195e-01  2.1991988157e-01 -1.3965226751e+00 -6.0425944913e-01 -2.7885484981e+00 -4.1910951289e-01  1.9925440970e-01 -3.4347245057e+00 -1.8579179129e+00 -1.1663953643e+00 -2.3219198669e+00 -2.0300771006e+00 -5.8628483163e+00  2.0690819924e+00  4.5589326521e+00 -4.1485557760e+00  1.7480166777e+00  4.9886451246e+00 -5.1023952473e+00  4.8849321257e-01  4.1718426571e+00  1.0450433574e+00 -1.1460911390e+00 -2.4398474828e+00  1.5769660869e+00 -1.6024388849e+00 -8.2154256935e-01  9.9390789667e-01 -3.3133672862e-01  2.3376061684e+00  6.0338642772e-02 -1.5203618095e+00  1.7840734177e+00
ENERGY -6.296237621111e+02

JOB 8
COORDS -2.0581567656e+00  1.6754083119e+00  5.2061727150e-01 -3.1881209370e+00  2.1701497079e+00  1.1220743395e+00 -1.2808344575e+00  7.1746351921e-01  1.2241937671e+00 -3.4870805750e+00  1.6789015879e+00  2.4133515597e+00  8.6399362534e-01  1.0050442752e+00 -2.0135527833e-01  7.3360281703e-02 -1.0236529533e-01 -8.4396811676e-01 -2.4753329822e-02  1.1388081308e-01  6.6491972245e-01 -2.0755928903e-01 -2.5350799840e+00 -1.4974374668e+00 -4.8941509608e+00  1.6565619859e+00  4.3290669880e+00  7.4702939114e-01 -1.3372422068e+00 -1.4091253187e+00 -1.6307448741e+00  3.0769451482e-01  2.4432497519e+00 -2.7359395060e+00  7.8828729598e-01  3.0423824307e+00  6.8371542616e-01 -8.3740358908e-01  1.4938781051e+00 -4.5996503542e+00  2.1609317387e+00  3.0135617591e+00 -1.7713498800e+00  2.0147613884e+00 -4.6984372583e-01 -3.8368664741e+00  2.9037612483e+00  6.5352490560e-01  1.9303584065e+00  8.4681298293e-01 -7.3787659811e-02  5.6587976755e-01  2.0370223401e+00 -3.6363684008e-01 -8.1084295294e-01  2.0737526431e-01 -1.3994547493e+00 -5.8803554615e-01 -2.8109740482e+00 -5.0782324811e-01  2.9490371810e-01 -3.4123333321e+00 -1.9186441863e+00 -1.0728539119e+00 -2.3093478331e+00 -2.1316296545e+00 -5.8130835520e+00  2.1625336066e+00  4.6268775997e+00 -4.0826766910e+00  1.8890358079e+00  5.0235480476e+00 -5.0399149969e+00  5.7350498076e-01  4.3048913002e+00  1.1324748692e+00 -1.0976253414e+00 -2.4088152995e+00  1.6082700861e+00 -1.5920395437e+00 -7.8631609897e-01  7.3212988876e-01 -4.5517474365e-01  2.4387524960e+00  9.8241458733e-02 -1.6669126914e+00  1.5997282517e+00
ENERGY -6.296231762671e+02

JOB 9
COORDS -2.0949054955e+00  1.6392485804e+00  5.1704804630e-01 -3.2191231051e+00  2.1430644796e+00  1.1216481202e+00 -1.3027885682e+00  7.0308279357e-01  1.2330422565e+00 -3.4958928045e+00  1.6856055150e+00  2.4303307979e+00  8.4383631056e-01  1.0121715531e+00 -1.7389371941e-01  7.5655231974e-02 -1.0284043745e-01 -8.3074007023e-01 -4.5920383800e-02  1.0049033308e-01  6.7542932298e-01 -1.6912973914e-01 -2.5332954868e+00 -1.5156038522e+00 -4.8725148250e+00  1.7105351445e+00  4.3681156114e+00  7.7101718436e-01 -1.3261892609e+00 -1.3965916457e+00 -1.6321144186e+00  3.2641255527e-01  2.4680529303e+00 -2.7294200326e+00  8.1755978530e-01  3.0721981308e+00  6.6000736321e-01 -8.4754216299e-01  1.5144338457e+00 -4.6020003600e+00  2.1779422883e+00  3.0338994151e+00 -1.8240972806e+00  1.9546304820e+00 -4.8570314337e-01 -3.8791887334e+00  2.8600864111e+00  6.4333446460e-01  1.9091985795e+00  8.6610172076e-01 -2.6443416704e-02  5.3376464099e-01  2.0404029467e+00 -3.3844774779e-01 -8.0357944695e-01  1.9848022566e-01 -1.3987298393e+00 -5.6745286781e-01 -2.8276579687e+00 -5.3815824026e-01  3.4958481777e-01 -3.3997651335e+00 -1.9392638684e+00 -1.0250858619e+00 -2.3073884183e+00 -2.1621240523e+00 -5.7901202779e+00  2.2191722171e+00  4.6654244845e+00 -4.0519308824e+00  1.9685975877e+00  5.0425537791e+00 -5.0112414710e+00  6.2633285700e-01  4.3779005065e+00  1.1688039607e+00 -1.0725504638e+00 -2.3877630023e+00  1.6287861908e+00 -1.5779978240e+00 -7.6713637951e-01  4.8567483179e-01 -5.8521105973e-01  2.4853694360e+00  2.0181461801e-01 -1.7556015523e+00  1.4266698598e+00
ENERGY -6.296221364557e+02

JOB 10
COORDS -2.0923389695e+00  1.6354285351e+00  5.2709539319e-01 -3.2141121983e+00  2.1384806864e+00  1.1365766387e+00 -1.2987648335e+00  6.9741576277e-01  1.2389418292e+00 -3.4865948356e+00  1.6803588744e+00  2.4461386402e+00  8.3383408780e-01  1.0175317783e+00 -1.7778245990e-01  7.3680662050e-02 -1.0687909148e-01 -8.2877976120e-01 -4.4524033065e-02  9.6467151336e-02  6.7671994939e-01 -1.5146617990e-01 -2.5378996868e+00 -1.5211884791e+00 -4.8561002691e+00  1.7054705284e+00  4.3889974471e+00  7.7961542792e-01 -1.3240004139e+00 -1.3958868854e+00 -1.6258828081e+00  3.1929320101e-01  2.4737010598e+00 -2.7191400341e+00  8.1036298478e-01  3.0839500549e+00  6.6585350694e-01 -8.3651226890e-01  1.5339904715e+00 -4.5895906264e+00  2.1737481263e+00  3.0541956642e+00 -1.8253857960e+00  1.9517442224e+00 -4.7632735787e-01 -3.8760810335e+00  2.8555934249e+00  6.6108920677e-01  1.9001436852e+00  8.8065658748e-01 -2.8339640534e-02  5.1576224743e-01  2.0426278322e+00 -3.4709256241e-01 -8.1021460535e-01  1.8236346057e-01 -1.3960866628e+00 -5.6645630776e-01 -2.8279049756e+00 -5.4918112263e-01  3.7824700710e-01 -3.4042576942e+00 -1.9311146903e+00 -9.9762395931e-01 -2.3196376493e+00 -2.1828281784e+00 -5.7714403603e+00  2.2157907002e+00  4.6903044865e+00 -4.0323898272e+00  1.9610438628e+00  5.0605375869e+00 -4.9972524950e+00  6.2157271561e-01  4.3980483145e+00  1.1779046000e+00 -1.0650006584e+00 -2.3852207954e+00  1.6424080743e+00 -1.5713294130e+00 -7.7034128827e-01  2.9483964259e-01 -7.1613656059e-01  2.4778693461e+00  3.9102005647e-01 -1.7857455285e+00  1.2808569889e+00
ENERGY -6.296206923500e+02

JOB 11
COORDS -2.0441254914e+00  1.6992899188e+00  5.3386363617e-01 -3.1766261812e+00  2.1854199657e+00  1.1369618588e+00 -1.2701393745e+00  7.3274269416e-01  1.2286540710e+00 -3.4799192754e+00  1.6819297512e+00  2.4230130401e+00  8.4161285633e-01  1.0421323315e+00 -2.2431400399e-01  7.0302780162e-02 -9.5359248298e-02 -8.4127520477e-01 -1.5672016595e-02  1.3761328748e-01  6.6496435292e-01 -1.5662228796e-01 -2.5447211849e+00 -1.4645972239e+00 -4.8900266861e+00  1.6454935039e+00  4.3361316426e+00  7.6618220405e-01 -1.3193083489e+00 -1.4049915296e+00 -1.6277990857e+00  3.1080043783e-01  2.4403687812e+00 -2.7315608049e+00  7.8427651640e-01  3.0447139289e+00  7.0263564893e-01 -7.6121879718e-01  1.5549397880e+00 -4.5932315743e+00  2.1594186708e+00  3.0246508989e+00 -1.7548822421e+00  2.0497194644e+00 -4.5176818841e-01 -3.8249912779e+00  2.9224073450e+00  6.7336169549e-01  1.9106295237e+00  9.0729783540e-01 -9.1453748074e-02  5.2615497789e-01  2.0650836293e+00 -4.1073095740e-01 -8.2680571777e-01  1.8143783657e-01 -1.3941655378e+00 -5.3716650841e-01 -2.8085320446e+00 -4.7142600340e-01  3.6663064197e-01 -3.4178731292e+00 -1.8683494322e+00 -1.0256228716e+00 -2.3506961877e+00 -2.1035163247e+00 -5.8079827223e+00  2.1512785946e+00  4.6370698317e+00 -4.0784995579e+00  1.8708804595e+00  5.0328333579e+00 -5.0383961319e+00  5.6302138597e-01  4.3032630954e+00  1.1249233189e+00 -1.0807463624e+00 -2.4142565008e+00  1.6599169385e+00 -1.5448834307e+00 -8.1375135854e-01  1.7300100413e-01 -8.0182740385e-01  2.4272061302e+00  6.6657739166e-01 -1.7076490509e+00  1.1804522806e+00
ENERGY -6.296190964745e+02

JOB 12
COORDS -1.9643244934e+00  1.7986562561e+00  5.8762720825e-01 -3.1091616508e+00  2.2660298720e+00  1.1825742160e+00 -1.2269464062e+00  7.8150264935e-01  1.2478452509e+00 -3.4623798731e+00  1.6901386205e+00  2.4245106777e+00  8.5616773552e-01  1.0353110311e+00 -2.7151778783e-01  3.4680835126e-02 -1.0013679966e-01 -8.3125952002e-01  2.0569883434e-02  1.8281605900e-01  6.7577001661e-01 -2.5926960381e-01 -2.5687776980e+00 -1.3272723203e+00 -4.9363124833e+00  1.5596559604e+00  4.2848553351e+00  6.7735223787e-01 -1.3541083832e+00 -1.3896689768e+00 -1.6297858930e+00  2.9319446187e-01  2.4199608121e+00 -2.7474958421e+00  7.4484050480e-01  3.0144927138e+00  7.3875187909e-01 -6.8247147384e-01  1.5962455335e+00 -4.5894013389e+00  2.1464532758e+00  3.0169974705e+00 -1.6379815845e+00  2.2029529327e+00 -3.6509715580e-01 -3.7302892981e+00  3.0411655598e+00  7.4468429848e-01  1.9273613952e+00  8.7833799260e-01 -1.8300408992e-01  5.6648901613e-01  2.0621613447e+00 -4.7717599579e-01 -8.7868890762e-01  1.8307994805e-01 -1.3533530173e+00 -5.6567345767e-01 -2.7806613199e+00 -2.9714058344e-01  2.2248559402e-01 -3.4656772577e+00 -1.7307807055e+00 -1.1709146984e+00 -2.3889454612e+00 -1.9080422037e+00 -5.8568220369e+00  2.0606732812e+00  4.5860238230e+00 -4.1452848707e+00  1.7303630306e+00  5.0196280028e+00 -5.0982168347e+00  4.8351420941e-01  4.1821146081e+00  9.6791576525e-01 -1.1636391166e+00 -2.4306162229e+00  1.6124507624e+00 -1.5687768460e+00 -8.5930280175e-01  1.0662579908e-01 -9.0053533244e-01  2.3670583461e+00  9.6831044504e-01 -1.5652796253e+00  1.1472305487e+00
ENERGY -6.296179905460e+02

JOB 13
COORDS -1.8943741085e+00  1.9129466844e+00  5.5436818593e-01 -3.0512529934e+00  2.3664296830e+00  1.1379677685e+00 -1.2015734756e+00  8.4185008016e-01  1.1737663151e+00 -3.4620298847e+00  1.7174683210e+00  2.3242763017e+00  8.6587645646e-01  1.0350708575e+00 -3.9385528517e-01  3.1354296389e-03 -9.8242763044e-02 -9.0030933367e-01  4.3416950919e-02  2.4022528358e-01  6.0155464771e-01 -3.5086398314e-01 -2.5792713820e+00 -1.2608975213e+00 -5.0066676537e+00  1.4946294418e+00  4.1172724257e+00  5.9695211842e-01 -1.3849231288e+00 -1.4354387562e+00 -1.6583548986e+00  2.8267570656e-01  2.2937758235e+00 -2.7898375599e+00  7.1713283925e-01  2.8734797378e+00  7.6199826482e-01 -5.8634880264e-01  1.5521339478e+00 -4.6005980111e+00  2.1586730948e+00  2.9063874294e+00 -1.5245201330e+00  2.3704559968e+00 -3.5744563318e-01 -3.6394184939e+00  3.1830880790e+00  7.3117177460e-01  1.9366832393e+00  8.5720387987e-01 -3.3717361076e-01  6.0104822769e-01  2.0625292331e+00 -6.2697176586e-01 -9.1751097885e-01  1.9457097918e-01 -1.4040323689e+00 -5.9161161252e-01 -2.7370261229e+00 -2.0433621524e-01  9.1072750984e-02 -3.5013788931e+00 -1.6532264621e+00 -1.2946934138e+00 -2.4087764236e+00 -1.7907408389e+00 -5.9264555266e+00  1.9960476516e+00  4.4200464672e+00 -4.2396468957e+00  1.5948440883e+00  4.8895306851e+00 -5.1882830611e+00  4.3236261969e-01  3.9342671368e+00  8.3443679511e-01 -1.2480204074e+00 -2.4981388411e+00  1.5575384421e+00 -1.5936550617e+00 -9.4855642961e-01  8.4356127595e-02 -9.9066429185e-01  2.1976414697e+00  1.2415998257e+00 -1.3478674159e+00  1.0804153013e+00
ENERGY -6.296176330399e+02

JOB 14
COORDS -1.0089454916e+00  1.7004641603e+00  2.5423782612e+00 -2.0666676093e+00  2.0732898796e+00  3.3375384940e+00 -1.2885602486e+00  1.0358751949e+00  1.3218153414e+00 -3.3575936928e+00  1.7677657023e+00  2.8555667480e+00 -1.0362845577e-01  1.2914591551e+00 -9.6079448442e-01 -5.3571433854e-01 -1.5593866486e-01 -8.5194699353e-01 -1.7562869902e-01  6.2933698582e-01  4.0377406419e-01  9.0681728707e-02 -2.5969534450e+00 -5.9763935300e-01 -5.7200756080e+00  1.8224576374e+00  3.1207365570e+00  3.4433615239e-01 -1.2836233746e+00 -1.3502419421e+00 -2.5383755062e+00  7.9246298162e-01  9.3052243529e-01 -3.5775403757e+00  1.1629973603e+00  1.6949713277e+00  1.0764072912e+00  4.0881069874e-01  1.1192459532e+00 -4.4082963387e+00  2.1252459993e+00  3.6295203450e+00  1.7642300316e-02  1.9189264582e+00  2.8176683616e+00 -1.9450427165e+00  2.5884725114e+00  4.2855239056e+00  8.9467416531e-01  1.4998050925e+00 -1.3406158766e+00 -8.5193535211e-01  2.0410105928e+00 -1.2011760333e+00 -1.6015540483e+00 -3.2988961957e-01 -9.6906882526e-01  2.9644726217e-01 -2.4820603449e+00  4.7230333042e-01  7.2022762429e-01 -3.4076206144e+00 -9.8045999594e-01 -9.5521503784e-01 -2.9063047396e+00 -6.9790393035e-01 -6.4099114643e+00  2.1881836499e+00  3.8820612474e+00 -5.8408204781e+00  7.4579896440e-01  2.9755909371e+00 -5.8928355243e+00  2.3294236569e+00  2.1678343913e+00  1.5554496318e-01 -1.4284510868e+00 -2.4213182258e+00  1.4061006726e+00 -1.0125775299e+00 -1.2797626056e+00  8.9995911963e-01 -1.3811786157e-01  1.9605532761e+00  1.7404480861e+00 -1.0498423378e-01  5.4748257407e-01
ENERGY -6.296179596373e+02

JOB 15
COORDS -1.0343024830e+00  1.5873840133e+00  2.5887604928e+00 -2.0962230469e+00  1.9485604732e+00  3.3847619689e+00 -1.3110597026e+00  1.0421989429e+00  1.3109865844e+00 -3.3857756296e+00  1.7520123318e+00  2.8474305277e+00 -1.7718247094e-01  1.2606515495e+00 -1.0006895381e+00 -5.6712581100e-01 -1.9163723275e-01 -8.4226034869e-01 -2.0118072087e-01  6.4342802178e-01  3.8510929401e-01  1.0760205738e-01 -2.6136211700e+00 -5.4000369159e-01 -5.7495269138e+00  1.9062085184e+00  3.0572071285e+00  3.3154702321e-01 -1.3121850919e+00 -1.3218154179e+00 -2.5605437564e+00  8.9715681740e-01  8.6963687306e-01 -3.6016990613e+00  1.2561714780e+00  1.6351723676e+00  1.0683781959e+00  4.8397965975e-01  1.0775636274e+00 -4.4402950475e+00  2.0992455638e+00  3.6219173055e+00 -6.2685226827e-03  1.7261790672e+00  2.9049469749e+00 -1.9769247950e+00  2.3757227468e+00  4.3758510812e+00  8.0372653756e-01  1.4862171522e+00 -1.4152510370e+00 -9.5268463094e-01  1.9820289715e+00 -1.2394834377e+00 -1.6314396937e+00 -3.9123192805e-01 -9.3154716873e-01  3.2438591188e-01 -2.4741182924e+00  5.2492662873e-01  7.4635983328e-01 -3.4215990079e+00 -9.1305978723e-01 -9.3395279447e-01 -2.9427348149e+00 -6.2161815765e-01 -6.4428479689e+00  2.2430853096e+00  3.8286890583e+00 -5.9185625395e+00  8.5255735709e-01  2.8200803609e+00 -5.8699663723e+00  2.4973838310e+00  2.1456117657e+00  1.4065674291e-01 -1.4842659332e+00 -2.3886078186e+00  1.3874705309e+00 -1.0195931325e+00 -1.2579020067e+00  9.8534358427e-01 -2.3826525261e-01  1.7926545003e+00  1.8027223856e+00  2.0099649908e-01  4.3571104423e-01
ENERGY -6.296201431018e+02

JOB 16
COORDS -1.0582387517e+00  1.5380287587e+00  2.6160366986e+00 -2.1219330634e+00  1.8932623067e+00  3.4126779574e+00 -1.3306533503e+00  1.0791631981e+00  1.3047630939e+00 -3.4073344019e+00  1.7760717311e+00  2.8434586766e+00 -2.3721618087e-01  1.2635324899e+00 -1.0269794827e+00 -5.9113450679e-01 -1.9002122968e-01 -8.2919032694e-01 -2.2227750240e-01  6.8184789307e-01  3.7490916990e-01  1.0453843877e-01 -2.6023786683e+00 -5.0364046849e-01 -5.7677165724e+00  2.0025952215e+00  3.0236665803e+00  3.2394806146e-01 -1.3038890174e+00 -1.2918094961e+00 -2.5762904893e+00  1.0042985628e+00  8.3486868534e-01 -3.6186036322e+00  1.3566515558e+00  1.6019353490e+00  1.0611183198e+00  5.6252601781e-01  1.0451643002e+00 -4.4633404345e+00  2.1185310735e+00  3.6190162665e+00 -3.1224394484e-02  1.6136483344e+00  2.9549276008e+00 -2.0065411198e+00  2.2567668724e+00  4.4293284148e+00  7.2892652350e-01  1.5019163373e+00 -1.4686206111e+00 -1.0350630317e+00  1.9603615102e+00 -1.2639421435e+00 -1.6533339774e+00 -4.1069129927e-01 -8.9460312247e-01  3.0504252967e-01 -2.4550256715e+00  5.6368350393e-01  7.5797076489e-01 -3.4051132158e+00 -8.6217036309e-01 -9.3171595899e-01 -2.9451034651e+00 -5.9637847410e-01 -6.4631021619e+00  2.3208724219e+00  3.8012384484e+00 -5.9684779327e+00  9.7000941360e-01  2.7260335864e+00 -5.8518518692e+00  2.6463785721e+00  2.1441502348e+00  1.4717443957e-01 -1.4866564216e+00 -2.3593291388e+00  1.3743850283e+00 -9.9768671589e-01 -1.2125494196e+00  1.0949194030e+00 -2.9417169392e-01  1.5969712526e+00  1.8235667569e+00  5.2857803077e-01  3.7593745058e-01
ENERGY -6.296216162399e+02

JOB 17
COORDS -1.0660625411e+00  1.4299646727e+00  2.6394089875e+00 -2.1284558198e+00  1.7774900631e+00  3.4412077362e+00 -1.3353431950e+00  1.0584231806e+00  1.3007332942e+00 -3.4088476844e+00  1.7385321853e+00  2.8501496280e+00 -2.8932631142e-01  1.2197811532e+00 -1.0515601909e+00 -6.0306314697e-01 -2.3411418803e-01 -8.2012340254e-01 -2.2978096854e-01  6.6708480780e-01  3.6318621472e-01  1.3421415094e-01 -2.6327594515e+00 -4.8110121966e-01 -5.7624755168e+00  2.0365417401e+00  3.0148738392e+00  3.2954214050e-01 -1.3352060905e+00 -1.2774627720e+00 -2.5760545669e+00  1.0519107855e+00  8.1202222012e-01 -3.6173213315e+00  1.3952132009e+00  1.5852134846e+00  1.0676453474e+00  5.7306626025e-01  1.0081305370e+00 -4.4634273450e+00  2.0756117057e+00  3.6308731684e+00 -4.1521514743e-02  1.4427084468e+00  2.9930148506e+00 -2.0158281490e+00  2.0764581395e+00  4.4790128520e+00  6.6085082236e-01  1.4714804458e+00 -1.5195303665e+00 -1.1106890236e+00  1.8913970610e+00 -1.2799998247e+00 -1.6616070718e+00 -4.7933712181e-01 -8.5589521726e-01  3.2806585060e-01 -2.4773823974e+00  5.8662418484e-01  8.0444380822e-01 -3.4243818683e+00 -8.3306639409e-01 -8.9469056746e-01 -2.9969971327e+00 -5.7368977022e-01 -6.4575073745e+00  2.3364250965e+00  3.8001018681e+00 -5.9939717355e+00  1.0288843755e+00  2.6595380144e+00 -5.8131405433e+00  2.7288713364e+00  2.1703133037e+00  1.5359059709e-01 -1.5285825858e+00 -2.3432089010e+00  1.3730227982e+00 -1.0067838552e+00 -1.1996700284e+00  1.2323179622e+00 -3.6748559926e-01  1.3623197270e+00  1.8193989843e+00  7.9887763719e-01  3.6524177765e-01
ENERGY -6.296223538187e+02

JOB 18
COORDS -1.0944261380e+00  1.3580293038e+00  2.6581288035e+00 -2.1552172024e+00  1.7033461499e+00  3.4628928415e+00 -1.3565796049e+00  1.0723082850e+00  1.2974829624e+00 -3.4269424186e+00  1.7460678070e+00  2.8532813941e+00 -3.4606551263e-01  1.2124766994e+00 -1.0701075092e+00 -6.2944208544e-01 -2.3960090519e-01 -8.1020301399e-01 -2.5230757892e-01  6.8410823371e-01  3.5548697400e-01  1.6046304493e-01 -2.6205661083e+00 -4.4876864969e-01 -5.7697077647e+00  2.1255745900e+00  3.0027079386e+00  3.1127850399e-01 -1.3325225369e+00 -1.2703909332e+00 -2.5890564820e+00  1.1379463179e+00  7.9268426907e-01 -3.6293855692e+00  1.4768950641e+00  1.5698215627e+00  1.0529407446e+00  5.9908526963e-01  9.8413228426e-01 -4.4797491578e+00  2.0833971263e+00  3.6368761971e+00 -7.5766242425e-02  1.3048143218e+00  3.0244640216e+00 -2.0480367027e+00  1.9395661267e+00  4.5173413275e+00  5.9340729931e-01  1.4697094155e+00 -1.5557258120e+00 -1.1840790280e+00  1.8646315980e+00 -1.2938608826e+00 -1.6845208300e+00 -5.0255073098e-01 -8.1935346317e-01  3.7379123900e-01 -2.4465926902e+00  6.1248506494e-01  8.3813691941e-01 -3.4042845617e+00 -8.0396671419e-01 -8.6275066836e-01 -3.0063689511e+00 -5.1230577242e-01 -6.4648401644e+00  2.4117767863e+00  3.7929769941e+00 -6.0337641201e+00  1.1468927651e+00  2.5931293503e+00 -5.7815481410e+00  2.8612042138e+00  2.1940360315e+00  1.1008258123e-01 -1.5472271486e+00 -2.3274784856e+00  1.3492061744e+00 -9.8118058424e-01 -1.2276149205e+00  1.3426108139e+00 -3.6578833049e-01  1.1217255614e+00  1.7659495208e+00  1.0658235553e+00  4.3351128692e-01
ENERGY -6.296225646938e+02

JOB 19
COORDS -1.1289935752e+00  1.2689360716e+00  2.6856059146e+00 -2.1891109254e+00  1.6076761455e+00  3.4939186721e+00 -1.3784339564e+00  1.0795729799e+00  1.3059241239e+00 -3.4474503895e+00  1.7391979067e+00  2.8691774671e+00 -3.9572601737e-01  1.2027837700e+00 -1.0761454980e+00 -6.5232775473e-01 -2.4759132806e-01 -7.8694393116e-01 -2.7509808477e-01  6.9875225295e-01  3.5930956356e-01  1.9261152485e-01 -2.6071036620e+00 -3.9277484100e-01 -5.7753848696e+00  2.2044082557e+00  3.0069331378e+00  2.9004577704e-01 -1.3377611751e+00 -1.2512666683e+00 -2.5986619042e+00  1.2238264450e+00  7.8800631259e-01 -3.6388678646e+00  1.5543065879e+00  1.5693790660e+00  1.0333572517e+00  6.1902416611e-01  9.8132241953e-01 -4.4991051549e+00  2.0727297024e+00  3.6561704893e+00 -1.2045636435e-01  1.1458304356e+00  3.0629427951e+00 -2.0915075400e+00  1.7727357064e+00  4.5627453825e+00  5.3688235772e-01  1.4617375246e+00 -1.5731251557e+00 -1.2469340164e+00  1.8366851700e+00 -1.3020286843e+00 -1.7036794888e+00 -5.2556078942e-01 -7.7196574152e-01  4.3957628930e-01 -2.4036175513e+00  6.5570942986e-01  8.7081508683e-01 -3.3876500467e+00 -7.5379851365e-01 -8.2514715859e-01 -3.0116739330e+00 -4.1058525265e-01 -6.4718949426e+00  2.4720906574e+00  3.8024787818e+00 -6.0713172011e+00  1.2629379247e+00  2.5364336816e+00 -5.7442103310e+00  2.9858768327e+00  2.2429838400e+00  5.1087141578e-02 -1.5822482975e+00 -2.2938878023e+00  1.3224482939e+00 -9.6782326139e-01 -1.2625819294e+00  1.4402411795e+00 -3.0763534361e-01  8.9944963981e-01  1.6822337555e+00  1.2849825479e+00  5.7351893836e-01
ENERGY -6.296224489489e+02

JOB 20
COORDS -1.9879030343e+00 -4.6055586118e-01  2.4750416181e+00 -3.1673233659e+00 -4.8072266753e-02  3.0500037494e+00 -1.3814696773e+00  3.8769136711e-01  1.5185152673e+00 -3.6761751208e+00  1.1992951582e+00  2.6300630219e+00  7.7540501000e-01  1.1317042109e+00  3.0473237695e-01 -1.7203190065e-02  3.0219664523e-01 -6.6531084239e-01 -1.0235974319e-01 -1.1110404189e-03  8.3290023036e-01 -2.8919706463e-01 -1.7978065965e+00 -2.0644952720e+00 -5.3458860494e+00  2.8881099659e+00  2.7536728423e+00  6.4119614867e-01 -6.5245891691e-01 -1.6395218039e+00 -1.9242850088e+00  1.5555399216e+00  1.1731497569e+00 -3.0765795916e+00  1.9645756502e+00  1.7271855763e+00  5.0240760003e-01 -1.2079133399e+00  1.3668944298e+00 -4.8372744786e+00  1.6161027747e+00  3.1908904304e+00 -1.5131759083e+00 -1.4025363321e+00  2.7241257105e+00 -3.7026730367e+00 -6.3326174844e-01  3.7917083488e+00  1.8485785571e+00  9.6021363763e-01  3.5160107786e-01  4.4325956699e-01  2.1458980163e+00  5.0043959816e-01 -9.1528347895e-01  7.8573330532e-01 -1.0431404921e+00 -6.0723564872e-01 -2.3956488568e+00 -1.2029228004e+00  2.0085201615e-01 -2.4669257462e+00 -2.7798432930e+00 -1.1957488475e+00 -1.4059606407e+00 -2.5383132393e+00 -6.2688030893e+00  3.0330278358e+00  3.3166062346e+00 -5.5476246657e+00  2.8776652589e+00  1.6791999643e+00 -4.6324695983e+00  3.6875647035e+00  2.9708230378e+00  9.5014605268e-01 -8.2067739347e-02 -2.5245080894e+00  1.5687092102e+00 -1.0553093114e+00 -1.2139853999e+00  8.1262799417e-01 -1.8343546626e+00  6.3117370322e-01  1.3092386804e+00 -9.8634787942e-01  1.9445885443e+00
ENERGY -6.296223043135e+02

JOB 21
COORDS -2.0459608414e+00 -5.2705388803e-01  2.3896887833e+00 -3.2318088684e+00 -1.2801585276e-01  2.9608623870e+00 -1.4022278506e+00  3.6543357908e-01  1.4995869145e+00 -3.7103425618e+00  1.1502598785e+00  2.6027571702e+00  7.4611827823e-01  1.1288803731e+00  2.7531644386e-01 -4.0624528988e-02  2.7293465492e-01 -6.8117301212e-01 -1.1744913217e-01 -7.3036138917e-03  8.1867544050e-01 -2.8422244258e-01 -1.8668981117e+00 -2.0243492756e+00 -5.3536100303e+00  2.8593157659e+00  2.7876136687e+00  6.2232625185e-01 -6.8580096510e-01 -1.6493994510e+00 -1.9186836577e+00  1.5598601298e+00  1.2091211640e+00 -3.0781441934e+00  1.9547083775e+00  1.7578523642e+00  4.8863748929e-01 -1.2132227618e+00  1.3572874036e+00 -4.8766005421e+00  1.5549548690e+00  3.1611036268e+00 -1.5970331552e+00 -1.4929253141e+00  2.5909297989e+00 -3.7948076405e+00 -7.4652447365e-01  3.6533922942e+00  1.8207598584e+00  9.6704077106e-01  3.2185326501e-01  4.0582463235e-01  2.1434904576e+00  4.5346012005e-01 -9.4575832001e-01  7.3967172802e-01 -1.0636093011e+00 -5.5898853183e-01 -2.4509728855e+00 -1.1394436293e+00  2.0693980997e-01 -2.5371713531e+00 -2.7379499381e+00 -1.2136347203e+00 -1.5120422674e+00 -2.4829648049e+00 -6.2860012023e+00  2.9885120798e+00  3.3385807338e+00 -5.5317720702e+00  2.9143272658e+00  1.7103754961e+00 -4.6314293096e+00  3.6315573465e+00  3.0656606520e+00  8.9544493988e-01 -1.2634696643e-01 -2.5530638619e+00  1.5722677359e+00 -1.0529813715e+00 -1.2402893959e+00  1.0172151580e+00 -1.7080006802e+00  6.4542903917e-01  1.1434658450e+00 -9.7354890641e-01  2.0997430148e+00
ENERGY -6.296221388428e+02

JOB 22
COORDS -2.0584651682e+00 -5.5837829609e-01  2.3169632923e+00 -3.2468233663e+00 -1.7301653335e-01  2.8921187433e+00 -1.3874768966e+00  3.7193724317e-01  1.4869480506e+00 -3.7016252446e+00  1.1295769290e+00  2.5961912589e+00  7.5064080371e-01  1.1527504912e+00  2.5098061003e-01 -3.2874362458e-02  2.7924735806e-01 -6.9772084698e-01 -1.0257475071e-01  1.4513990501e-02  8.0221862847e-01 -2.5800139876e-01 -1.8921393521e+00 -1.9904305027e+00 -5.3241748484e+00  2.8499710864e+00  2.8465510646e+00  6.3242716649e-01 -6.8687563084e-01 -1.6577910806e+00 -1.8830476699e+00  1.5873561829e+00  1.2529998473e+00 -3.0458981466e+00  1.9681352799e+00  1.8037914879e+00  5.0696453111e-01 -1.1923521057e+00  1.3412555013e+00 -4.8699748966e+00  1.5212089215e+00  3.1583569750e+00 -1.6320979367e+00 -1.5434161424e+00  2.4693688333e+00 -3.8298563201e+00 -8.2004757099e-01  3.5405468440e+00  1.8267064605e+00  9.9945999043e-01  2.9565670351e-01  4.0563921749e-01  2.1675042679e+00  4.1828477312e-01 -9.4124584555e-01  7.3608470748e-01 -1.0848453253e+00 -4.9932239252e-01 -2.4600659946e+00 -1.0861230434e+00  2.3203493562e-01 -2.5668878025e+00 -2.7007314226e+00 -1.2032120789e+00 -1.5646546483e+00 -2.4373421334e+00 -6.2626392562e+00  2.9634192772e+00  3.3905456740e+00 -5.4858333139e+00  2.9629872446e+00  1.7712687268e+00 -4.5958004984e+00  3.5963855961e+00  3.1743715415e+00  8.8173652588e-01 -1.4114067433e-01 -2.5767319649e+00  1.5950867923e+00 -1.0303395697e+00 -1.2575761889e+00  1.2235309129e+00 -1.5375141376e+00  7.0831241733e-01  9.9008881779e-01 -9.6115825396e-01  2.2098100036e+00
ENERGY -6.296217801521e+02

JOB 23
COORDS -2.0886632380e+00 -5.6751118551e-01  2.2536183882e+00 -3.2762255646e+00 -1.8400370069e-01  2.8312546073e+00 -1.3815167734e+00  3.8894252513e-01  1.4844246983e+00 -3.6952571964e+00  1.1431350766e+00  2.5974933761e+00  7.4830835945e-01  1.1611154632e+00  2.2769542122e-01 -3.2409801294e-02  2.6214085204e-01 -7.0430991735e-01 -9.8770595548e-02  3.1737829344e-02  7.9922350257e-01 -2.4683136822e-01 -1.9491830660e+00 -1.9262849992e+00 -5.2818369771e+00  2.8863631216e+00  2.9116633497e+00  6.3778089205e-01 -7.2926079215e-01 -1.6353111859e+00 -1.8459338957e+00  1.6255170838e+00  1.3048063491e+00 -3.0085223350e+00  2.0045399584e+00  1.8575720431e+00  5.1654388602e-01 -1.1677689648e+00  1.3578850607e+00 -4.8616073747e+00  1.5336393059e+00  3.1634546249e+00 -1.6935370481e+00 -1.5718973454e+00  2.3589140058e+00 -3.8853771690e+00 -8.5017740524e-01  3.4346591805e+00  1.8254028972e+00  1.0142104340e+00  2.7287197733e-01  4.0172078880e-01  2.1784519325e+00  3.7361457011e-01 -9.4007513329e-01  7.0724786505e-01 -1.1070164642e+00 -4.7495238862e-01 -2.4885783882e+00 -1.0018418734e+00  2.4402934338e-01 -2.6417674624e+00 -2.6188069944e+00 -1.1968259813e+00 -1.6420150559e+00 -2.3779287909e+00 -6.2253877700e+00  2.9940273144e+00  3.4478868278e+00 -5.4251615800e+00  3.0554485335e+00  1.8411906803e+00 -4.5419598855e+00  3.5987720673e+00  3.2859181181e+00  8.8459050369e-01 -2.1206104086e-01 -2.5713597603e+00  1.5998502436e+00 -1.0580031680e+00 -1.2224687600e+00  1.3816133180e+00 -1.3682465399e+00  8.6091156039e-01  8.0905599880e-01 -9.5758804307e-01  2.3140608750e+00
ENERGY -6.296208949554e+02

