JOB 0
COORDS  1.2864647495e+00 -2.6873919235e+00  1.4795971151e-01 -2.2402507403e-01 -3.7753410817e+00  7.3428610032e+00  6.0118463220e+00 -4.0650394220e-01  5.3381922369e+00  3.2271482592e-01 -1.7530225961e+00  5.4442549645e-01  2.3412943197e+00 -3.0112354540e+00  1.0079015177e+00  1.3995694284e-01 -4.2138953286e+00  6.0665417260e+00 -7.1484530939e-02 -2.4261932437e+00  7.6847171958e+00  5.2743816304e+00 -1.4754457858e+00  5.8566102551e+00  5.3818280810e+00  5.5259740297e-01  4.5354513930e+00  4.0519908512e-01 -1.1483004793e+00  1.8012386890e+00  2.4284055279e+00 -2.4074031843e+00  2.2658017341e+00  6.6334309352e-01 -3.3103749459e+00  5.1349582732e+00  4.4576215557e-01 -1.5245578754e+00  6.7526221751e+00  3.9098224482e+00 -1.5909425066e+00  5.5698434937e+00  4.0194829375e+00  4.4073257800e-01  4.2509280495e+00  1.4561132079e+00 -1.4805526006e+00  2.6682729979e+00  8.2807525606e-01 -1.9599277945e+00  5.4737905602e+00  3.2761113656e+00 -6.3608429851e-01  4.7613606493e+00  7.3405207448e-01  6.7393113527e-01  4.1809368571e+00  1.4977955124e+00 -7.0305906005e-01  4.3091527434e+00  1.2206611215e+00 -3.1552896362e+00 -8.3117901333e-01 -6.3103312331e-01 -4.4777516505e+00  8.0657289520e+00  7.0718900207e+00 -3.1738240028e-01  5.5623698578e+00 -4.9092481453e-01 -1.4921003780e+00 -1.2758206892e-01  3.0991286876e+00 -3.7262099837e+00  6.9796081905e-01  1.3082772187e-02 -5.2580907613e+00  5.7918923520e+00 -3.6071016296e-01 -2.0774498940e+00  8.6728252280e+00  5.7587136119e+00 -2.2174296516e+00  6.4865340113e+00  5.9519135870e+00  1.3873408869e+00  4.1354599442e+00 -3.2051811405e-01 -4.0625737771e-01  2.1199098854e+00  3.2586592661e+00 -2.6493239154e+00  2.9237618417e+00  9.3438720207e-01 -3.6604617652e+00  4.1436041003e+00  5.4953993925e-01 -4.7560483644e-01  7.0212513830e+00  3.3417038580e+00 -2.4205225529e+00  5.9807319931e+00  3.5183135319e+00  1.1860988499e+00  3.6383267520e+00  6.8448411561e-01  1.2308654558e+00  5.0317894163e+00
ENERGY -1.091756593494e+03

JOB 1
COORDS  1.2119034050e+00 -2.5846585596e+00  1.5638466535e-01 -2.2885886233e-01 -3.8208366177e+00  7.3305731816e+00  6.0514873708e+00 -4.8289655022e-01  5.3221530781e+00  2.5203094164e-01 -1.6684031847e+00  6.0216918556e-01  2.2914194501e+00 -2.9211761395e+00  9.7952175950e-01  4.0612019336e-01 -4.2726508727e+00  6.1685185539e+00 -3.4467922982e-01 -2.4475322495e+00  7.5705879506e+00  5.2692151103e+00 -1.4253213915e+00  5.9954010886e+00  5.4610016819e+00  3.6966702760e-01  4.3803221089e+00  3.6313117056e-01 -1.0950910412e+00  1.8710954523e+00  2.4066828459e+00 -2.3491466835e+00  2.2501768789e+00  9.3300099601e-01 -3.3554120569e+00  5.2546593211e+00  1.7743307956e-01 -1.5315494236e+00  6.6530529697e+00  3.8994199460e+00 -1.5236421180e+00  5.7247594850e+00  4.0943174542e+00  2.7739281394e-01  4.1141397205e+00  1.4389050121e+00 -1.4405415694e+00  2.7020108127e+00  8.2981405886e-01 -1.9768796764e+00  5.4948944099e+00  3.3047936970e+00 -6.7699988722e-01  4.7788079578e+00  7.7303816004e-01  6.8871549328e-01  4.2836338462e+00  1.5182764322e+00 -7.0216484521e-01  4.3600844253e+00  1.1238643301e+00 -3.0275824608e+00 -8.3256061939e-01 -6.3961470265e-01 -4.5348609043e+00  8.0398675776e+00  7.1155606680e+00 -4.0853917355e-01  5.5320318187e+00 -5.8067135447e-01 -1.3966679285e+00 -4.1629504162e-02  3.0470748578e+00 -3.6206686396e+00  6.3119705245e-01  4.8627943456e-01 -5.3385899067e+00  5.9705207510e+00 -8.4781392972e-01 -2.0904664409e+00  8.4655640326e+00  5.7222168495e+00 -2.0837108363e+00  6.7324080316e+00  6.0655607716e+00  1.1071130964e+00  3.8583979774e+00 -3.5924383630e-01 -3.6586759424e-01  2.2251296837e+00  3.2595897076e+00 -2.5962724415e+00  2.8767906045e+00  1.4139341984e+00 -3.7173275205e+00  4.3508356897e+00  6.3490427806e-02 -4.6430090502e-01  6.8271203037e+00  3.2989593452e+00 -2.2575570458e+00  6.2535836589e+00  3.6281694964e+00  9.4516229844e-01  3.3939637736e+00  8.3791996599e-01  1.2673290116e+00  5.1187242981e+00
ENERGY -1.091756499194e+03

JOB 2
COORDS  1.1101348257e+00 -2.4774997374e+00  1.5941345360e-01 -2.3203642730e-01 -3.8842621842e+00  7.2691095279e+00  6.1129453954e+00 -5.0858990288e-01  5.3070773610e+00  1.9832266978e-01 -1.5328676395e+00  6.4463684932e-01  2.1916551138e+00 -2.8750160854e+00  9.5220704961e-01  6.4340570802e-01 -4.3025646776e+00  6.2591760052e+00 -5.5872785316e-01 -2.5305137517e+00  7.3905642091e+00  5.2932102645e+00 -1.2782882396e+00  6.1367597039e+00  5.5585790159e+00  1.6892695129e-01  4.2131138528e+00  3.5947392225e-01 -9.9210794406e-01  1.9224717682e+00  2.3561611391e+00 -2.3367459320e+00  2.2318733213e+00  1.1965621468e+00 -3.3683904919e+00  5.3809020886e+00 -8.0831912277e-03 -1.5964121067e+00  6.5067280095e+00  3.9226446373e+00 -1.3803337138e+00  5.8715307824e+00  4.1914190596e+00  7.4549936188e-02  3.9523854816e+00  1.4368380211e+00 -1.3986999382e+00  2.7229471154e+00  8.7983748824e-01 -2.0062314004e+00  5.5041965253e+00  3.3636575763e+00 -7.1033227271e-01  4.7744530400e+00  8.2763796778e-01  6.8868301472e-01  4.3879664796e+00  1.5694426854e+00 -7.0635804245e-01  4.3984706336e+00  9.8365167869e-01 -2.8952613051e+00 -8.3627866720e-01 -6.6316644563e-01 -4.6126716890e+00  7.9512329220e+00  7.1778859125e+00 -4.3262384516e-01  5.5117328630e+00 -6.3587041984e-01 -1.2137843605e+00  2.4922489014e-02  2.9108515164e+00 -3.5966318770e+00  5.7314217472e-01  8.9074583373e-01 -5.3559761516e+00  6.1543269354e+00 -1.2467020823e+00 -2.2025595535e+00  8.1657069776e+00  5.7176081288e+00 -1.8005069112e+00  6.9905450893e+00  6.1917447749e+00  7.7266626991e-01  3.5679566993e+00 -3.2483523348e-01 -2.4204338954e-01  2.3073413942e+00  3.2134824512e+00 -2.6304851393e+00  2.8317613478e+00  1.8684548526e+00 -3.7054841809e+00  4.5969670583e+00 -2.7995485090e-01 -5.4600079317e-01  6.5758327528e+00  3.2938016505e+00 -1.9815516063e+00  6.5211279932e+00  3.7581591048e+00  6.1049036213e-01  3.1116286189e+00  9.7447566998e-01  1.2652301237e+00  5.2140743708e+00
ENERGY -1.091756625458e+03

JOB 3
COORDS  1.0120247265e+00 -2.3417551698e+00  1.4367936224e-01 -2.1714810188e-01 -3.9802151220e+00  7.2329727696e+00  6.1193028559e+00 -4.8707419789e-01  5.2926184694e+00  2.1298610074e-01 -1.3005531029e+00  6.2834860337e-01  2.0100485716e+00 -2.8915684742e+00  9.5583475705e-01  8.7035212202e-01 -4.3169712860e+00  6.4167705261e+00 -7.4260363176e-01 -2.6857912179e+00  7.1928769424e+00  5.2715610680e+00 -1.0453414051e+00  6.2536485721e+00  5.5933464402e+00 -4.3065603578e-02  4.0728682150e+00  4.0340501644e-01 -8.1194133047e-01  1.9236885221e+00  2.2017362939e+00 -2.4069516458e+00  2.2521209219e+00  1.4310461447e+00 -3.3603755688e+00  5.5688521572e+00 -1.8258425546e-01 -1.7293016845e+00  6.3389851843e+00  3.9023192061e+00 -1.1688814954e+00  5.9951408254e+00  4.2266202800e+00 -1.5946790948e-01  3.8167442335e+00  1.3962728241e+00 -1.3685301296e+00  2.7418436438e+00  9.0910907239e-01 -2.0575137972e+00  5.5256364952e+00  3.3708201241e+00 -7.3418002661e-01  4.7720496452e+00  8.0800834929e-01  6.5582637721e-01  4.4859875656e+00  1.5691230914e+00 -7.2830698199e-01  4.4356517070e+00  8.6372081503e-01 -2.7186404071e+00 -8.6522898767e-01 -6.5214119968e-01 -4.7256817001e+00  7.8939270982e+00  7.1839579802e+00 -3.9548096741e-01  5.4922086907e+00 -5.5631251639e-01 -8.6533242058e-01 -4.5147386710e-03  2.6422395353e+00 -3.6914707012e+00  5.7887804894e-01  1.2805634416e+00 -5.3234082678e+00  6.4431868260e+00 -1.5896088124e+00 -2.4212712558e+00  7.8208837317e+00  5.6739075848e+00 -1.3865012938e+00  7.2041501727e+00  6.2479210630e+00  3.9579858845e-01  3.3241799283e+00 -1.9181450684e-01  8.2084870362e-03  2.3136626363e+00  2.9958889670e+00 -2.8235069094e+00  2.8654449070e+00  2.2793502358e+00 -3.6326117468e+00  4.9475130152e+00 -5.9386303294e-01 -7.2439323755e-01  6.2824050292e+00  3.2520332577e+00 -1.6060776428e+00  6.7472412080e+00  3.8199595996e+00  1.9595866934e-01  2.8734916214e+00  9.7749538025e-01  1.2128722305e+00  5.3210942794e+00
ENERGY -1.091756830359e+03

JOB 4
COORDS  9.8688853290e-01 -2.1521413918e+00  1.1338637819e-01 -8.6047222946e-02 -4.1295230407e+00  7.2068672800e+00  6.1059963132e+00 -4.3584107965e-01  5.2491333098e+00  4.8638028237e-01 -9.1658651078e-01  5.3621548827e-01  1.6581358391e+00 -2.9811702734e+00  1.0201070068e+00  1.1676850604e+00 -4.2964817721e+00  6.6064724599e+00 -8.1246505211e-01 -2.9547988279e+00  6.9882523993e+00  5.2298411197e+00 -6.8622149084e-01  6.3109828713e+00  5.6060268135e+00 -3.2263332445e-01  3.9473972676e+00  6.5719996709e-01 -5.0481635046e-01  1.8614782304e+00  1.8274432189e+00 -2.5741532672e+00  2.3451430812e+00  1.6903524378e+00 -3.2933950293e+00  5.7870453933e+00 -2.9045386512e-01 -1.9516791321e+00  6.1658334073e+00  3.8609693613e+00 -8.2863522095e-01  6.0710191392e+00  4.2364852574e+00 -4.6059117047e-01  3.7072132256e+00  1.3308587729e+00 -1.3330200166e+00  2.7690995147e+00  9.5991435698e-01 -2.1168495343e+00  5.5543272103e+00  3.3532424100e+00 -7.2314469654e-01  4.7658037157e+00  7.5011447627e-01  6.1996170723e-01  4.5895399717e+00  1.5416550494e+00 -7.4349024825e-01  4.4771004821e+00  8.5425605668e-01 -2.4703256112e+00 -9.1770624930e-01 -4.9033064043e-01 -4.9096544950e+00  7.8470183351e+00  7.1716838599e+00 -3.2941050480e-01  5.4352656100e+00 -3.7128160704e-02 -2.7225652663e-01 -1.6560202799e-01  2.0469652247e+00 -3.9431251698e+00  6.9616454081e-01  1.7402698304e+00 -5.2036114634e+00  6.7831748258e+00 -1.7834531246e+00 -2.8191051554e+00  7.4579159907e+00  5.6121943835e+00 -7.7311174053e-01  7.3248759723e+00  6.2819201914e+00 -1.2662251984e-01  3.1188869881e+00  2.7951918822e-01  4.4964885491e-01  2.2157955519e+00  2.3489206277e+00 -3.2254273234e+00  3.0401799016e+00  2.6770302045e+00 -3.4217013739e+00  5.3503941936e+00 -8.4356731807e-01 -1.0334123774e+00  5.9836694260e+00  3.1890410772e+00 -1.0295359773e+00  6.9016824279e+00  3.8549873124e+00 -3.6781511879e-01  2.6942251611e+00  9.1418236803e-01  1.1440870050e+00  5.4469488292e+00
ENERGY -1.091757389166e+03

JOB 5
COORDS  8.8290585255e-01 -2.0605078601e+00  1.7213928838e-01 -3.7399850125e-02 -4.2145056253e+00  7.0948838838e+00  6.1554398314e+00 -4.3210807212e-01  5.1929569107e+00  5.4509611562e-01 -7.6441006777e-01  5.7562349210e-01  1.4204992878e+00 -2.9633092686e+00  1.0972525646e+00  1.3079606979e+00 -4.2271805532e+00  6.7116199748e+00 -8.5882766370e-01 -3.1442321169e+00  6.7225560496e+00  5.2789672727e+00 -4.6630243769e-01  6.2842001397e+00  5.6495266805e+00 -5.1939514177e-01  3.8924754540e+00  7.4878667643e-01 -3.6461697510e-01  1.8997928627e+00  1.6217113599e+00 -2.5687303107e+00  2.4218983453e+00  1.8313370630e+00 -3.1737638289e+00  5.9557954361e+00 -3.3642532783e-01 -2.0903384184e+00  5.9690853559e+00  3.9046586539e+00 -5.9084933165e-01  6.0725499191e+00  4.2727510204e+00 -6.4248998141e-01  3.6800269477e+00  1.2921068687e+00 -1.2663343088e+00  2.8245600860e+00  1.0123055624e+00 -2.0972344519e+00  5.5816472737e+00  3.3895935982e+00 -6.8593036192e-01  4.7684711205e+00  7.8812532800e-01  6.6687438495e-01  4.6813401974e+00  1.5710597829e+00 -6.9808455879e-01  4.5280086426e+00  7.2369265566e-01 -2.3693114861e+00 -8.5805617305e-01 -4.4306450035e-01 -5.0336028995e+00  7.6834454671e+00  7.2258621511e+00 -3.3747951090e-01  5.3567591950e+00  1.2128371608e-01 -6.4581179098e-02 -1.4018064537e-01  1.6764787292e+00 -3.9736765289e+00  7.8880207255e-01  1.9500398640e+00 -5.0549795201e+00  7.0023116219e+00 -1.9043593925e+00 -3.1311237311e+00  7.0200722957e+00  5.6660557957e+00 -3.9767089702e-01  7.2976844099e+00  6.3256088114e+00 -4.9165225657e-01  3.0416758347e+00  4.8832918156e-01  6.3278417490e-01  2.2410886472e+00  2.0288616605e+00 -3.2773804279e+00  3.1377690600e+00  2.8787005391e+00 -3.1893814070e+00  5.6672664791e+00 -9.6156943518e-01 -1.2492145629e+00  5.6793383169e+00  3.2318088249e+00 -6.2278222201e-01  6.9265761658e+00  3.8882611699e+00 -7.0773150357e-01  2.6663581171e+00  9.5040227290e-01  1.1612882207e+00  5.5567832316e+00
ENERGY -1.091757478841e+03

JOB 6
COORDS  7.9645727781e-01 -1.9657655439e+00  1.9350368275e-01  2.2112583753e-02 -4.3069542750e+00  7.0033035200e+00  6.1874202321e+00 -4.9200220685e-01  5.1565803928e+00  5.6246968360e-01 -6.4827317637e-01  6.0232401355e-01  1.2576989270e+00 -2.9130178649e+00  1.1150921346e+00  1.4033610017e+00 -4.1430343126e+00  6.8653990483e+00 -8.5210835458e-01 -3.3785835936e+00  6.4236102409e+00  5.3113200091e+00 -2.6443666837e-01  6.2252407343e+00  5.6757152534e+00 -8.0686936605e-01  3.8948030869e+00  7.9531891222e-01 -2.7156807253e-01  1.9282101954e+00  1.4882135456e+00 -2.5412184272e+00  2.4419780888e+00  1.9131816748e+00 -3.0546833824e+00  6.1480405146e+00 -3.4480388839e-01 -2.2899119247e+00  5.7131553235e+00  3.9325631648e+00 -3.5400897354e-01  6.0284005451e+00  4.2933111537e+00 -9.0001719218e-01  3.6983362425e+00  1.2634258746e+00 -1.2180280053e+00  2.8495294278e+00  1.0426992456e+00 -2.1169085315e+00  5.5741614602e+00  3.4106116898e+00 -6.8048812118e-01  4.7647698589e+00  8.1234421119e-01  6.7752188346e-01  4.7524657469e+00  1.5866903578e+00 -6.8684126328e-01  4.5558788271e+00  6.1400952786e-01 -2.2562646993e+00 -8.3816598035e-01 -3.7299170993e-01 -5.1537811268e+00  7.5588627662e+00  7.2614533359e+00 -4.2080534281e-01  5.3079578308e+00  1.9592039781e-01  8.5713233265e-02 -1.1085847998e-01  1.4306679421e+00 -3.9397110801e+00  8.0282944453e-01  2.0853306451e+00 -4.8621655211e+00  7.3123275416e+00 -1.9269463699e+00 -3.5047176453e+00  6.5265395902e+00  5.7025504733e+00 -1.5958997768e-02  7.2085294459e+00  6.3508585325e+00 -9.7925082048e-01  3.0603957554e+00  6.0930318954e-01  7.4095592719e-01  2.2735042445e+00  1.8331272776e+00 -3.2823171875e+00  3.1582336928e+00  2.9873791977e+00 -2.9425456013e+00  6.0358166785e+00 -1.0167610949e+00 -1.5595068887e+00  5.2692278572e+00  3.2602125068e+00 -1.7464226972e-01  6.8647996458e+00  3.9063800150e+00 -1.1419506417e+00  2.7131321164e+00  9.3692344142e-01  1.1221290169e+00  5.6602123807e+00
ENERGY -1.091756600169e+03

JOB 7
COORDS  8.1228645868e-01 -1.5665378485e+00  1.5881778942e-01  1.1657533847e-01 -4.5116232621e+00  6.9841938651e+00  6.2046095503e+00 -5.8068355643e-01  5.0190420192e+00  6.8806793086e-01 -2.7922909441e-01  6.9381209870e-01  1.1445599883e+00 -2.6394495691e+00  9.9259190585e-01  1.4477084121e+00 -4.1093474865e+00  7.1219459400e+00 -7.4095724082e-01 -3.8048865025e+00  6.1308825135e+00  5.3918265190e+00  4.5281324755e-01  5.4932306906e+00  5.6247470628e+00 -1.7029553838e+00  4.4137916948e+00  9.0396183006e-01 -6.0003350728e-02  2.0565351203e+00  1.3626801595e+00 -2.4244122942e+00  2.3563583231e+00  1.9264872198e+00 -3.0087429280e+00  6.4019506452e+00 -2.6637885838e-01 -2.7033135371e+00  5.4187389379e+00  4.0014206984e+00  3.6318943305e-01  5.3661838770e+00  4.2369623009e+00 -1.7934514468e+00  4.2916884381e+00  1.2485995957e+00 -1.1330294071e+00  2.8907824951e+00  1.0764003413e+00 -2.3035572381e+00  5.5385232326e+00  3.4149314325e+00 -7.6308624575e-01  4.7758236899e+00  8.3152491499e-01  5.6027156111e-01  5.0030964556e+00  1.5787525660e+00 -7.8484820108e-01  4.6445184018e+00  6.4190297588e-01 -1.7347248930e+00 -9.0166329067e-01 -2.5417558154e-01 -5.3685454794e+00  7.5409307538e+00  7.2854469274e+00 -5.1115525253e-01  5.1124886104e+00  4.1828324750e-01  5.5374462500e-01  4.9507964502e-02  1.2264783742e+00 -3.6434800521e+00  5.8409397831e-01  2.1150203007e+00 -4.6494016197e+00  7.7888895047e+00 -1.7787069742e+00 -4.1107251797e+00  6.0253419980e+00  5.8382379717e+00  1.3306346721e+00  5.9535652228e+00  6.2544296034e+00 -2.5039633254e+00  4.0346433466e+00  7.9156833757e-01  9.2725321430e-01  2.4944058144e+00  1.5935306110e+00 -3.2675529303e+00  3.0020372797e+00  2.9616233071e+00 -2.7024504328e+00  6.5175196324e+00 -9.3506753471e-01 -2.1473711297e+00  4.7663746145e+00  3.3603595947e+00  1.1728234127e+00  5.7061346579e+00  3.7994110368e+00 -2.6657339405e+00  3.8146071844e+00  7.7089972600e-01  7.7215025424e-01  5.9968803001e+00
ENERGY -1.091756697431e+03

JOB 8
COORDS  7.0358004284e-01 -1.3849031896e+00  1.8758888160e-01  4.7290597170e-02 -4.5227949190e+00  6.9593513966e+00  6.2528148790e+00 -6.9625488584e-01  4.9178233034e+00  3.5134194269e-01 -1.9964800724e-01  8.4139033137e-01  1.3289190043e+00 -2.4156045554e+00  8.9902504019e-01  1.2736361425e+00 -3.9593551073e+00  7.3246406659e+00 -6.7058813329e-01 -3.9890445353e+00  5.8822658430e+00  5.4844601592e+00  4.5886849039e-01  5.0898294079e+00  5.6221059792e+00 -1.9245383777e+00  4.6845171378e+00  6.2449040901e-01 -3.9447426468e-02  2.2030726287e+00  1.6055396664e+00 -2.2575163710e+00  2.2586990228e+00  1.7867837108e+00 -2.8720511922e+00  6.6106795988e+00 -1.6151269267e-01 -2.9002867334e+00  5.1726009020e+00  4.0891268423e+00  3.8731280453e-01  5.0271493519e+00  4.2289338394e+00 -1.9960569798e+00  4.6245041601e+00  1.2560068910e+00 -1.0682121203e+00  2.9143341329e+00  1.0800193902e+00 -2.3419582396e+00  5.5203078259e+00  3.4515663166e+00 -8.3921442022e-01  4.7972464461e+00  9.1466904781e-01  5.5269309586e-01  5.0872579553e+00  1.6146588885e+00 -8.0407644623e-01  4.6781495345e+00  4.8866475359e-01 -1.5084362308e+00 -8.7095657958e-01 -3.4956228798e-01 -5.3704070773e+00  7.5122991126e+00  7.3375411879e+00 -6.4245461871e-01  4.9656826550e+00 -1.3949077839e-01  5.9976069828e-01  2.9200791678e-01  1.5974584822e+00 -3.3413840600e+00  3.9666817647e-01  1.8315342106e+00 -4.3644483073e+00  8.1651092626e+00 -1.6277050571e+00 -4.4190122129e+00  5.5982946822e+00  5.9699153376e+00  1.4147773711e+00  5.2697864891e+00  6.2158051077e+00 -2.8256577014e+00  4.5523875502e+00  3.4976144624e-01  8.6549164232e-01  2.7366944497e+00  2.0785402225e+00 -3.0687718761e+00  2.8048743393e+00  2.7386101913e+00 -2.4394998615e+00  6.9055672941e+00 -7.2664399673e-01 -2.4836600765e+00  4.3429870607e+00  3.4781323765e+00  1.2785367423e+00  5.1482893289e+00  3.7529174568e+00 -2.9579117437e+00  4.4562234174e+00  9.0803149034e-01  7.4986407173e-01  6.0861957122e+00
ENERGY -1.091757090520e+03

JOB 9
COORDS  5.9569283426e-01 -1.2777413549e+00  2.4322972578e-01  3.5965253382e-02 -4.4912331827e+00  6.9497736752e+00  6.2892266008e+00 -8.5964450338e-01  4.8839089018e+00  4.4353561034e-02 -2.3306006471e-01  9.9209740523e-01  1.4868693650e+00 -2.1744505482e+00  8.4481507683e-01  1.1115806597e+00 -3.7663504873e+00  7.4751978482e+00 -5.2114829630e-01 -4.1171464091e+00  5.7224246540e+00  5.5813602458e+00  3.4689045428e-01  4.8901127834e+00  5.5958949612e+00 -2.0748562146e+00  4.8463402705e+00  3.7654693724e-01 -8.3926000009e-02  2.3421186123e+00  1.8237482805e+00 -2.0259966164e+00  2.1919118620e+00  1.6303914649e+00 -2.6762180453e+00  6.7727170485e+00 -4.7644013396e-03 -3.0242391538e+00  5.0210296010e+00  4.1841205382e+00  3.3890494984e-01  4.8552908845e+00  4.1990461199e+00 -2.0833518082e+00  4.8120132832e+00  1.2657488319e+00 -9.8314019600e-01  2.9454174645e+00  1.0818151846e+00 -2.3004345125e+00  5.5353184247e+00  3.4836546626e+00 -8.7524490764e-01  4.8139879453e+00  9.9919944995e-01  6.0605316067e-01  5.1495777820e+00  1.6507189576e+00 -7.6516813800e-01  4.7092663300e+00  3.3555026314e-01 -1.3926856490e+00 -8.0611321191e-01 -3.6579179555e-01 -5.3418370392e+00  7.4944703121e+00  7.3759658639e+00 -8.5431555047e-01  4.9126794684e+00 -6.4460473069e-01  4.6655783363e-01  5.2556337227e-01  1.9209026053e+00 -2.9848459371e+00  2.6484710906e-01  1.5467632354e+00 -4.0505158057e+00  8.4299679995e+00 -1.3582785443e+00 -4.6753255839e+00  5.3109325800e+00  6.1168079358e+00  1.2924415805e+00  4.9226109192e+00  6.1424447950e+00 -3.0146862259e+00  4.8486933120e+00 -3.5434335354e-02  7.1894201371e-01  2.9461740030e+00  2.5206354012e+00 -2.7226223381e+00  2.6489232710e+00  2.4687198539e+00 -2.1215329965e+00  7.1870041654e+00 -4.4467102708e-01 -2.7376130697e+00  4.0699426827e+00  3.6196424388e+00  1.2682158934e+00  4.8614772929e+00  3.6703546312e+00 -3.0326254898e+00  4.8005386526e+00  1.0109112025e+00  7.8651869152e-01  6.1516542417e+00
ENERGY -1.091757540690e+03

JOB 10
COORDS  5.4014044022e-01 -1.2025432433e+00  2.5731080928e-01  8.7649646253e-02 -4.4975026545e+00  6.9252661214e+00  6.2983587432e+00 -9.8997171960e-01  4.8525777141e+00 -8.7905351067e-02 -2.4060800972e-01  1.0555485277e+00  1.5341407836e+00 -2.0235680729e+00  8.0266490998e-01  9.6943083894e-01 -3.6115327839e+00  7.5565427287e+00 -3.0053680543e-01 -4.2662166269e+00  5.6024760400e+00  5.6375181100e+00  2.4013958224e-01  4.7593558916e+00  5.5590674391e+00 -2.1757534493e+00  4.9236608749e+00  2.6921099196e-01 -1.0112009430e-01  2.3999564849e+00  1.8961758918e+00 -1.8843421158e+00  2.1446178609e+00  1.4594468620e+00 -2.5030045398e+00  6.8642473182e+00  1.8971594850e-01 -3.1546490450e+00  4.9087069626e+00  4.2412818454e+00  2.8444320078e-01  4.7339641949e+00  4.1619975798e+00 -2.1325256108e+00  4.8980654424e+00  1.2593574480e+00 -9.2752076770e-01  2.9483877753e+00  1.0758568023e+00 -2.2658197073e+00  5.5332241152e+00  3.4948536585e+00 -9.0158862580e-01  4.7998813278e+00  1.0525569066e+00  6.4655163445e-01  5.1676662452e+00  1.6666889900e+00 -7.3587713538e-01  4.7089123954e+00  2.6105292355e-01 -1.3093826800e+00 -7.8800552865e-01 -2.9303136154e-01 -5.3624148571e+00  7.4624821159e+00  7.3847365358e+00 -1.0243492826e+00  4.8748384686e+00 -8.5442767754e-01  4.0289715458e-01  6.3117927821e-01  2.0304584568e+00 -2.7657000309e+00  1.8264460756e-01  1.2760116845e+00 -3.7863678181e+00  8.5847136728e+00 -9.8501623462e-01 -4.9507590916e+00  5.1078538282e+00  6.2097404056e+00  1.1630637685e+00  4.7083627428e+00  6.0691445662e+00 -3.1325373331e+00  5.0036172550e+00 -1.9571211444e-01  6.4383274915e-01  3.0386633051e+00  2.6769805335e+00 -2.5162350019e+00  2.5583672491e+00  2.1524457249e+00 -1.8259189901e+00  7.3589609238e+00 -1.1875909429e-01 -2.9827816635e+00  3.8817759739e+00  3.7141684777e+00  1.2332354113e+00  4.6689565016e+00  3.5947972363e+00 -3.0568313446e+00  4.9670600529e+00  1.1013753347e+00  8.3133495072e-01  6.1679058527e+00
ENERGY -1.091757455862e+03

JOB 11
COORDS  4.7233403469e-01 -1.1305114124e+00  2.9232480778e-01  1.2886073061e-01 -4.5032363327e+00  6.9249185984e+00  6.3042590838e+00 -1.1082500104e+00  4.8217764347e+00 -2.0940964256e-01 -2.5065426824e-01  1.1403258542e+00  1.5482311621e+00 -1.8796198738e+00  7.8170035388e-01  7.8796316333e-01 -3.4818674081e+00  7.6206971009e+00 -6.1441792712e-02 -4.3920942602e+00  5.5450102829e+00  5.6817230610e+00  1.3471607512e-01  4.6566760507e+00  5.5288968804e+00 -2.2620140810e+00  4.9782924465e+00  1.7491659536e-01 -1.2325909118e-01  2.4779887894e+00  1.9373666867e+00 -1.7529362765e+00  2.1179528694e+00  1.2526605717e+00 -2.3583491897e+00  6.9356120989e+00  4.0696100285e-01 -3.2661652221e+00  4.8578915598e+00  4.2877429361e+00  2.2281604490e-01  4.6447493104e+00  4.1331593148e+00 -2.1753082577e+00  4.9657419347e+00  1.2465359584e+00 -8.8055880125e-01  2.9715348446e+00  1.0680678710e+00 -2.2408064345e+00  5.5475871120e+00  3.5049533676e+00 -9.3245536101e-01  4.7943536658e+00  1.1074770063e+00  6.7615257492e-01  5.2081392678e+00  1.6821655366e+00 -7.1531725345e-01  4.7272815064e+00  1.7184585474e-01 -1.2270009501e+00 -7.4805411571e-01 -2.3446718558e-01 -5.3784872973e+00  7.4573525512e+00  7.3892075888e+00 -1.1764167185e+00  4.8339492126e+00 -1.0387289341e+00  3.3961310142e-01  7.5887498491e-01  2.0879943359e+00 -2.5551294062e+00  1.2300338747e-01  9.3893207696e-01 -3.5622349928e+00  8.6941967812e+00 -5.7486916172e-01 -5.1804105275e+00  5.0002335069e+00  6.2824129521e+00  1.0332861316e+00  4.5401423277e+00  6.0094483860e+00 -3.2276427104e+00  5.1146856320e+00 -3.2874993986e-01  5.6480332121e-01  3.1501314026e+00  2.7828090311e+00 -2.3257663832e+00  2.4886822090e+00  1.7687923286e+00 -1.5729154499e+00  7.4837697744e+00  2.5091634408e-01 -3.1885593043e+00  3.7862439825e+00  3.7915350310e+00  1.1830723512e+00  4.5268605672e+00  3.5366687632e+00 -3.0736767960e+00  5.0986363084e+00  1.2097797825e+00  8.7136352445e-01  6.2022990855e+00
ENERGY -1.091757002224e+03

JOB 12
COORDS  7.8790788460e-01 -1.8093020452e+00  1.2380763201e-01  4.0142579691e-01 -4.5950659366e+00  7.0184721877e+00  6.0763174772e+00 -3.7056369258e-01  5.0585282679e+00  1.9632681687e+00 -2.2396289360e+00  7.4869787063e-01 -1.5134314047e-01 -1.0597392220e+00  8.4136087980e-01  5.1524797750e-01 -3.3433111169e+00  7.6351090702e+00  6.0409606152e-01 -4.7107878063e+00  5.6402161640e+00  5.4730013997e+00 -1.5807866116e+00  5.4142903004e+00  5.2930540217e+00  6.8594011027e-01  4.5773669260e+00  2.1958843310e+00 -1.9274543767e+00  2.0913734389e+00  7.6215777574e-02 -7.4692061154e-01  2.1839403125e+00  8.3242140848e-01 -2.2164126472e+00  6.8740954510e+00  9.2739630608e-01 -3.5819089259e+00  4.8792512630e+00  4.0889586311e+00 -1.7397635426e+00  5.2849991366e+00  3.9113232312e+00  5.3080741016e-01  4.4506405462e+00  1.2489520573e+00 -1.1874287278e+00  2.8140669033e+00  1.0479530987e+00 -2.3262459288e+00  5.4912495187e+00  3.3018891547e+00 -6.8611479764e-01  4.7976507969e+00  6.4149596896e-01  5.1195249271e-01  4.8618281192e+00  1.4827375294e+00 -7.9349823498e-01  4.5716524822e+00  6.0884802618e-01 -2.0499322292e+00 -9.2118378917e-01  1.5014801945e-01 -5.4725637217e+00  7.6087620093e+00  7.1517665169e+00 -2.4826356106e-01  5.1601977395e+00  2.7013797178e+00 -2.8101270919e+00  1.9076923970e-01 -1.0594599851e+00 -7.1482431741e-01  3.5347377799e-01  3.5250670778e-01 -3.2454452518e+00  8.7054113981e+00  5.0771803187e-01 -5.6785300285e+00  5.1543686490e+00  6.0774507387e+00 -2.4000742660e+00  5.7955149556e+00  5.7593280057e+00  1.6294650395e+00  4.3051053935e+00  3.1184220637e+00 -2.2482908120e+00  2.5675811950e+00 -6.2999717304e-01 -1.4981378028e-01  2.7528036689e+00  9.0836163230e-01 -1.2456100605e+00  7.3588530265e+00  1.0753798495e+00 -3.6826424638e+00  3.8083978819e+00  3.6261627677e+00 -2.6805350296e+00  5.5687004844e+00  3.2926283913e+00  1.3485436689e+00  4.0892670671e+00  6.8386898273e-01  8.5925699295e-01  5.8179468728e+00
ENERGY -1.091756583320e+03

JOB 13
COORDS  7.0232187433e-01 -1.7263222755e+00  1.6600226882e-01  3.7263916655e-01 -4.6213984329e+00  6.9859724135e+00  6.1264500185e+00 -4.2144279932e-01  5.0059070876e+00  1.9083865384e+00 -2.1392853138e+00  7.4124784284e-01 -2.3122248870e-01 -1.0183600691e+00  9.3214427693e-01  2.2695550364e-01 -3.3490581933e+00  7.5489276381e+00  8.5404225253e-01 -4.7525236064e+00  5.6787726672e+00  5.4990805997e+00 -1.5545642806e+00  5.5311271930e+00  5.3627941043e+00  5.7120627828e-01  4.3781937145e+00  2.1775473074e+00 -1.8525836845e+00  2.0830914352e+00  3.3291792335e-02 -7.3014065860e-01  2.2730406413e+00  5.6662032912e-01 -2.2139691696e+00  6.8075300018e+00  1.1989383791e+00 -3.6167504638e+00  4.9404463327e+00  4.1113065883e+00 -1.7026185816e+00  5.4244412785e+00  3.9784031607e+00  4.2825452898e-01  4.2766976746e+00  1.2375309729e+00 -1.1538002114e+00  2.8540096999e+00  1.0662307238e+00 -2.3384919955e+00  5.5036129391e+00  3.3433220875e+00 -7.1513999533e-01  4.7918171051e+00  7.0126699952e-01  5.1434690332e-01  4.9537306857e+00  1.5186868880e+00 -7.9353902835e-01  4.6123238752e+00  4.9443971077e-01 -1.9472104312e+00 -8.7800001078e-01  1.0312770395e-01 -5.5051670917e+00  7.5586603194e+00  7.2045405087e+00 -3.0835889348e-01  5.0881742442e+00  2.6423707979e+00 -2.6761134910e+00  1.4566876031e-01 -1.1636242985e+00 -6.8622625733e-01  4.8267826573e-01 -1.5850149119e-01 -3.2403559976e+00  8.5594873207e+00  9.5547586081e-01 -5.7382729182e+00  5.2317145721e+00  6.0872076870e+00 -2.3235621514e+00  6.0257088607e+00  5.8468317180e+00  1.4561629884e+00  3.9728714973e+00  3.1256323693e+00 -2.1559936549e+00  2.5192276191e+00 -6.6877181041e-01 -1.6269717654e-01  2.8764225688e+00  4.2763221451e-01 -1.2242988557e+00  7.2359469360e+00  1.5608445987e+00 -3.7297918484e+00  3.9228411465e+00  3.6320855192e+00 -2.5852326113e+00  5.8370069642e+00  3.3790808871e+00  1.2013203357e+00  3.8023164116e+00  8.5850119246e-01  9.0040718210e-01  5.8824441386e+00
ENERGY -1.091756499041e+03

JOB 14
COORDS  6.0763000966e-01 -1.6129874866e+00  2.1522773231e-01  3.7333015644e-01 -4.6668496903e+00  6.9125085502e+00  6.2035983473e+00 -4.2872986784e-01  4.9664761655e+00  1.8065307725e+00 -2.0964526387e+00  7.4925817108e-01 -2.6479792016e-01 -8.6877306693e-01  1.0177665724e+00 -1.0413433204e-02 -3.4054535779e+00  7.3768979554e+00  1.1315694536e+00 -4.7769987950e+00  5.7402094273e+00  5.5538923594e+00 -1.4169496543e+00  5.7108301638e+00  5.4616049333e+00  4.1611242277e-01  4.1305453639e+00  2.1280633617e+00 -1.8447425119e+00  2.0861966290e+00  5.3072817581e-02 -6.1442260996e-01  2.3540222944e+00  3.6669109075e-01 -2.2564034093e+00  6.6737263346e+00  1.5120891694e+00 -3.6291428949e+00  5.0420108348e+00  4.1658044808e+00 -1.5691613211e+00  5.6151603368e+00  4.0771590644e+00  2.7049759072e-01  4.0403973357e+00  1.2491264414e+00 -1.1089425754e+00  2.8939470138e+00  1.1407175587e+00 -2.3590296404e+00  5.5111549272e+00  3.4190604998e+00 -7.3151280335e-01  4.7749960453e+00  7.8324527105e-01  5.0040026132e-01  5.0595933010e+00  1.5910671999e+00 -7.9467334978e-01  4.6516443805e+00  3.5866053374e-01 -1.8074175815e+00 -8.2502983506e-01  7.6397709777e-02 -5.5612528335e+00  7.4543854874e+00  7.2821649744e+00 -3.1336508169e-01  5.0381551049e+00  2.4944150525e+00 -2.6612162718e+00  1.2514065507e-01 -1.1910962425e+00 -4.8192270036e-01  6.0057152496e-01 -6.0994201532e-01 -3.3155676954e+00  8.2792145036e+00  1.4211072583e+00 -5.7567458440e+00  5.3685764164e+00  6.1244691859e+00 -2.0706093930e+00  6.3657859935e+00  5.9626741190e+00  1.1890913870e+00  3.5534365475e+00  3.0739443198e+00 -2.1999733186e+00  2.4864811342e+00 -6.0018242748e-01 -2.0502454820e-02  2.9860796721e+00  4.6241546027e-02 -1.2737548448e+00  7.0110045555e+00  2.0934073687e+00 -3.7278523305e+00  4.1299389260e+00  3.6696366061e+00 -2.3405638891e+00  6.1961962559e+00  3.4994004282e+00  9.3367105214e-01  3.4014526591e+00  1.0187727596e+00  8.9167139260e-01  5.9694161826e+00
ENERGY -1.091756628219e+03

JOB 15
COORDS  4.8556436623e-01 -1.4781670378e+00  2.6543215418e-01  4.0240835669e-01 -4.7457304789e+00  6.8524917786e+00  6.2276871702e+00 -3.9406575995e-01  4.9424425884e+00  1.6081804540e+00 -2.1293045005e+00  7.8892619947e-01 -2.6595498676e-01 -6.2202087045e-01  1.0774847880e+00 -1.9738907288e-01 -3.5244517539e+00  7.1719027031e+00  1.3977338604e+00 -4.7980478313e+00  5.8682441177e+00  5.5635483909e+00 -1.2040293665e+00  5.8680787128e+00  5.5017582648e+00  2.4877046075e-01  3.9318219163e+00  1.9724009277e+00 -1.9310927998e+00  2.1229626090e+00  9.6578217616e-02 -4.1986755580e-01  2.4119498762e+00  1.9648202020e-01 -2.3568646713e+00  6.5092587233e+00  1.7932421295e+00 -3.6315956939e+00  5.2114028014e+00  4.1785722026e+00 -1.3795630179e+00  5.7802313859e+00  4.1192156723e+00  7.9428474183e-02  3.8474136965e+00  1.2154667294e+00 -1.0787600276e+00  2.9398860926e+00  1.1992858859e+00 -2.4003191693e+00  5.5325117973e+00  3.4468939778e+00 -7.4577739838e-01  4.7650619044e+00  8.0446912905e-01  4.5686456704e-01  5.1647962523e+00  1.6165547711e+00 -8.1479167978e-01  4.6944097328e+00  2.0314743656e-01 -1.6323618919e+00 -7.7302700954e-01  9.5602296447e-02 -5.6546030534e+00  7.3639843232e+00  7.3046210560e+00 -2.6132562047e-01  5.0081033873e+00  2.2026933732e+00 -2.7853784926e+00  1.5828093678e-01 -1.1328043960e+00 -1.0764734733e-01  6.7035491356e-01 -9.7476801722e-01 -3.4804452548e+00  7.9305454491e+00  1.8640909450e+00 -5.7466934905e+00  5.6143283812e+00  6.1213747829e+00 -1.7010765275e+00  6.6577056603e+00  6.0132729830e+00  8.8311080686e-01  3.2123960773e+00  2.8599711886e+00 -2.4219180518e+00  2.5123245595e+00 -4.6063779304e-01  2.5418749733e-01  3.0555134347e+00 -2.7710172154e-01 -1.4036082510e+00  6.7310904321e+00  2.5722415887e+00 -3.6848892085e+00  4.4562932001e+00  3.6716170487e+00 -2.0125607766e+00  6.5028286092e+00  3.5578159152e+00  5.8813650843e-01  3.0680633824e+00  1.0647836430e+00  8.2247735410e-01  6.0786456878e+00
ENERGY -1.091756910895e+03

JOB 16
COORDS  4.1271237196e-01 -1.3093526283e+00  3.1264521693e-01  5.3021525250e-01 -4.8900197195e+00  6.7587190853e+00  6.2131382963e+00 -3.5613687932e-01  4.8960743501e+00  1.2462744341e+00 -2.2673203188e+00  9.0217455795e-01 -5.6801303440e-02 -2.3182703050e-01  1.0704823243e+00 -2.7819581173e-01 -3.7597886992e+00  6.9164149162e+00  1.7054635752e+00 -4.8071921918e+00  6.0025510915e+00  5.5276126333e+00 -8.8725827618e-01  5.9942311317e+00  5.5085970937e+00 -1.3281626891e-02  3.7370785671e+00  1.6082926369e+00 -2.1464226313e+00  2.2454315764e+00  3.0666046072e-01 -1.0596576118e-01  2.4147964895e+00  8.4346543303e-02 -2.5506608981e+00  6.3154204305e+00  2.0692291236e+00 -3.5986068070e+00  5.4040623302e+00  4.1453526475e+00 -1.0794725927e+00  5.9308741850e+00  4.1253810131e+00 -2.0128575144e-01  3.6744806909e+00  1.1430455623e+00 -1.0630511858e+00  3.0047115717e+00  1.2602626395e+00 -2.4611503181e+00  5.5574915431e+00  3.4328922868e+00 -7.4354092300e-01  4.7680983948e+00  7.7765847400e-01  3.9576235278e-01  5.2850750244e+00  1.6013740055e+00 -8.4328733095e-01  4.7514280368e+00  1.2998270093e-01 -1.4051775572e+00 -7.3276247850e-01  2.4930644600e-01 -5.8307967823e+00  7.2254968689e+00  7.2893382233e+00 -2.1049808382e-01  4.9435282342e+00  1.6112685804e+00 -3.1077940574e+00  3.1748269565e-01 -7.0639082861e-01  5.1170935053e-01  6.1555479045e-01 -1.1904472689e+00 -3.8201167673e+00  7.5046147560e+00  2.3399358173e+00 -5.6820051956e+00  5.8837257711e+00  6.0690285098e+00 -1.1539917389e+00  6.8983503990e+00  6.0357740371e+00  4.0093831374e-01  2.8814044592e+00  2.2534446632e+00 -2.8962774014e+00  2.6934183466e+00 -4.3353781306e-02  7.2066943838e-01  3.0258014237e+00 -5.3619676620e-01 -1.6642751030e+00  6.4231588473e+00  2.9962214556e+00 -3.5398414311e+00  4.8401342134e+00  3.6225384887e+00 -1.4987559395e+00  6.7869519027e+00  3.5847639356e+00  7.0598428119e-02  2.7722241895e+00  1.0529882597e+00  7.3137559522e-01  6.2061418229e+00
ENERGY -1.091757445128e+03

JOB 17
COORDS  3.3715444921e-01 -1.1970529676e+00  3.6789072032e-01  5.5493100584e-01 -4.9694965830e+00  6.6725785105e+00  6.2145355552e+00 -4.0816976815e-01  4.8979573981e+00  1.0278283948e+00 -2.2553722218e+00  9.7019736113e-01  2.0111029120e-02 -5.5684400981e-02  1.1120597876e+00 -3.7347593923e-01 -3.9224248784e+00  6.6411600909e+00  1.8352325330e+00 -4.7822409438e+00  6.1411435432e+00  5.5018098896e+00 -7.2137561989e-01  6.0617877979e+00  5.5350585646e+00 -2.6566234240e-01  3.6845596239e+00  1.4028996880e+00 -2.1698089741e+00  2.3130213547e+00  3.9751130901e-01  3.5199356644e-02  2.4551702035e+00 -2.2793268094e-02 -2.6929491524e+00  6.0786817807e+00  2.1866533855e+00 -3.5523715238e+00  5.5759714175e+00  4.1176186709e+00 -8.9363298985e-01  6.0079475215e+00  4.1478898780e+00 -4.3706734536e-01  3.6305061539e+00  1.0939687561e+00 -1.0215263201e+00  3.0566286676e+00  1.2573778565e+00 -2.5015978195e+00  5.5360769157e+00  3.4286788508e+00 -7.5886575786e-01  4.7903570513e+00  7.8763635538e-01  3.7165196351e-01  5.3808032552e+00  1.5965671274e+00 -8.5369920725e-01  4.7944794096e+00  4.2867049454e-02 -1.2654713367e+00 -6.7648679470e-01  2.8346115644e-01 -5.9253333187e+00  7.1136712712e+00  7.2926655512e+00 -2.7561677045e-01  4.9384923712e+00  1.2681732859e+00 -3.1470838201e+00  3.9697547372e-01 -5.2243089954e-01  7.6368491815e-01  6.4725918862e-01 -1.3675673942e+00 -4.0633655974e+00  7.0579934242e+00  2.5613328130e+00 -5.5909144886e+00  6.1699808432e+00  6.0241674230e+00 -8.3223476947e-01  7.0086505774e+00  6.0832767043e+00 -2.0583558305e-02  2.7784046065e+00  1.9287413772e+00 -2.9989158095e+00  2.7786548595e+00  1.5697742468e-01  9.0604564008e-01  3.0575671280e+00 -7.3042509154e-01 -1.8676881477e+00  6.0595718784e+00  3.1851610164e+00 -3.4141419922e+00  5.1708237530e+00  3.5732027552e+00 -1.1425878483e+00  6.9161684662e+00  3.6281954126e+00 -3.2219600814e-01  2.6838415552e+00  1.0487638244e+00  6.4974218715e-01  6.3250990602e+00
ENERGY -1.091757412201e+03

JOB 18
COORDS  2.5493964899e-01 -1.0948240463e+00  4.0950506127e-01  6.2767976540e-01 -5.0355168613e+00  6.5969322596e+00  6.2303319457e+00 -4.7470195216e-01  4.8496028127e+00  8.7448721687e-01 -2.2028923066e+00  9.9881197581e-01  3.3324976871e-02  6.4634082450e-02  1.1609214604e+00 -3.7693942217e-01 -4.0925867341e+00  6.3439685491e+00  1.9605493593e+00 -4.7284307791e+00  6.3093254182e+00  5.4982943119e+00 -4.9570391500e-01  6.0435714279e+00  5.5657785565e+00 -5.8832782646e-01  3.6257531992e+00  1.2759488813e+00 -2.1482888865e+00  2.3360730258e+00  4.3629439919e-01  1.2373247245e-01  2.4980133996e+00 -4.8840966050e-02 -2.8474678017e+00  5.8061430312e+00  2.2915635087e+00 -3.4824182546e+00  5.7646039463e+00  4.1100311946e+00 -6.3218260702e-01  6.0086516584e+00  4.1737422427e+00 -7.2914701767e-01  3.5899999461e+00  1.0641943628e+00 -9.8227361468e-01  3.0864497116e+00  1.2881853122e+00 -2.5381524530e+00  5.5034441193e+00  3.4361550360e+00 -7.5824169442e-01  4.7813473106e+00  8.0188526074e-01  3.4023093555e-01  5.4559108588e+00  1.6028582742e+00 -8.6298795139e-01  4.8161589746e+00 -6.0671185263e-02 -1.1384741466e+00 -6.2995565360e-01  3.7148633359e-01 -6.0035608737e+00  7.0201573635e+00  7.3115608663e+00 -3.6602626609e-01  4.8756376427e+00  1.0382369346e+00 -3.1088861253e+00  4.2096824567e-01 -4.5632565704e-01  9.2210197201e-01  7.0629378499e-01 -1.4136905468e+00 -4.3274934842e+00  6.5713455321e+00  2.7435885628e+00 -5.4555467134e+00  6.5095895681e+00  6.0091794609e+00 -4.0384167877e-01  6.9986622242e+00  6.1283602974e+00 -5.6601096783e-01  2.6958240988e+00  1.7435521029e+00 -3.0154710391e+00  2.7951148501e+00  2.6255183525e-01  1.0064006180e+00  3.1060380286e+00 -8.2081004284e-01 -2.1038854500e+00  5.6239727281e+00  3.3287748045e+00 -3.2539082809e+00  5.5385530334e+00  3.5499188600e+00 -6.4648335234e-01  6.9413406085e+00  3.6671475624e+00 -8.1239204104e-01  2.6333287471e+00  1.0159004513e+00  5.3904717844e-01  6.4314674085e+00
ENERGY -1.091756570753e+03

JOB 19
COORDS  1.9616498884e-01 -7.5474590071e-01  5.4189141672e-01  6.6540970680e-01 -5.2166774155e+00  6.4618044826e+00  6.1982911394e+00 -4.5019447861e-01  4.7610783294e+00  6.7406660506e-01 -1.9627675945e+00  1.0601774200e+00  1.1737155533e-01  3.7537218497e-01  1.3639345433e+00 -3.5389436055e-01 -4.3679858830e+00  6.0103493902e+00  1.9926078549e+00 -4.7798185763e+00  6.4454507288e+00  5.4207703552e+00  3.3509717296e-01  5.6170116688e+00  5.5833671798e+00 -1.3977910722e+00  3.9331113722e+00  1.0817381015e+00 -2.0384554863e+00  2.3951969415e+00  5.2330323318e-01  3.0366743025e-01  2.6986401941e+00 -4.3756107141e-02 -3.0902393692e+00  5.5444923821e+00  2.3060818840e+00 -3.5006999271e+00  5.9710739327e+00  4.0318848739e+00  1.7039515168e-01  5.6488608928e+00  4.1975670693e+00 -1.5644699461e+00  3.9694894006e+00  1.0137519517e+00 -9.0383279498e-01  3.2162291548e+00  1.2912358753e+00 -2.6495848569e+00  5.5123773254e+00  3.4125284339e+00 -7.8723537652e-01  4.8362039836e+00  8.2013739611e-01  2.2785587170e-01  5.7022950258e+00  1.5805065892e+00 -9.3089507666e-01  4.9433638733e+00 -1.2247318854e-01 -6.9678115966e-01 -4.9591125176e-01  4.2354870085e-01 -6.2114827175e+00  6.8273522896e+00  7.2771628492e+00 -3.2026055630e-01  4.7310093021e+00  7.2177672119e-01 -2.8469586485e+00  4.2962203425e-01 -2.6542300660e-01  1.3117754108e+00  9.6598417039e-01 -1.3882242022e+00 -4.7019945878e+00  6.0255032479e+00  2.7860495284e+00 -5.4321627981e+00  6.8013613719e+00  5.8923456995e+00  1.0804855255e+00  6.2524008868e+00  6.1832223453e+00 -2.0019829132e+00  3.2571075991e+00  1.4257333408e+00 -2.9873248553e+00  2.7982430624e+00  4.4891154897e-01  1.1635219911e+00  3.3575030226e+00 -8.3478175473e-01 -2.4261692020e+00  5.2052167849e+00  3.3400644568e+00 -3.1700310746e+00  5.9645470042e+00  3.4161145200e+00  7.9665788721e-01  6.2896400109e+00  3.7311613360e+00 -2.2958358099e+00  3.3157171900e+00  9.1559259153e-01  2.1760878348e-01  6.7158933297e+00
ENERGY -1.091756613549e+03

JOB 20
COORDS  1.3427525055e-01 -6.1601238725e-01  6.0346900497e-01  6.4316604760e-01 -5.2410402178e+00  6.4529440264e+00  6.2306283928e+00 -5.0296833236e-01  4.6580310880e+00  7.6025946038e-01 -1.7954239547e+00  1.0222452736e+00 -5.5623518777e-02  4.3293577102e-01  1.5095344407e+00 -3.1210364391e-01 -4.4812513295e+00  5.7659227100e+00  1.9218763394e+00 -4.7196738677e+00  6.6689163290e+00  5.4477843807e+00  4.4066587532e-01  5.3289029301e+00  5.6245148623e+00 -1.6193160449e+00  4.0677543538e+00  1.2029272048e+00 -1.9208005001e+00  2.3413571977e+00  3.8407202671e-01  3.0951111759e-01  2.8303855684e+00  1.2864437108e-02 -3.2082743590e+00  5.2961671904e+00  2.2505424239e+00 -3.4459508813e+00  6.1925646661e+00  4.0617051978e+00  2.6927676302e-01  5.4108863487e+00  4.2419210270e+00 -1.7913617481e+00  4.1536400802e+00  1.0203202451e+00 -8.6722433803e-01  3.2486021284e+00  1.3010268081e+00 -2.6830848171e+00  5.4972329234e+00  3.4504212886e+00 -8.4961548957e-01  4.8310790622e+00  9.0695995155e-01  2.0773641609e-01  5.7612919316e+00  1.6170106262e+00 -9.5821697614e-01  4.9646570487e+00 -2.1046030476e-01 -5.1896502705e-01 -4.2301552973e-01  3.8962520732e-01 -6.2325626614e+00  6.8194242508e+00  7.3075426765e+00 -3.7032439274e-01  4.5912061103e+00  8.9817496709e-01 -2.6180629720e+00  3.2520611833e-01 -5.5039302707e-01  1.3462228846e+00  1.1887652233e+00 -1.3091702240e+00 -4.8806773334e+00  5.5989037583e+00  2.6653617790e+00 -5.3027128951e+00  7.2065364159e+00  5.9134086507e+00  1.3115449488e+00  5.7834065101e+00  6.2294689364e+00 -2.3539142718e+00  3.5421039957e+00  1.6668380643e+00 -2.8492224831e+00  2.6627751236e+00  2.3062646606e-01  1.1028277512e+00  3.5557307374e+00 -7.3320757179e-01 -2.6174802884e+00  4.7709751119e+00  3.2466228297e+00 -3.0499349570e+00  6.3665253426e+00  3.4374454601e+00  1.0046276596e+00  5.9126428759e+00  3.7855923634e+00 -2.6644532787e+00  3.6959326090e+00  1.0134782999e+00  1.6588263592e-01  6.7730081662e+00
ENERGY -1.091756874001e+03

JOB 21
COORDS  1.8064543855e-02 -5.1642888541e-01  7.0251487625e-01  6.0877867119e-01 -5.2314316537e+00  6.4431747055e+00  6.2815089375e+00 -6.5076240584e-01  4.5629283463e+00  9.5298615148e-01 -1.5211399901e+00  9.7948732848e-01 -4.0305832840e-01  3.4353953593e-01  1.7217820135e+00 -2.1921869947e-01 -4.5685195497e+00  5.5303394748e+00  1.7827480037e+00 -4.6170103112e+00  6.8916753228e+00  5.5177481890e+00  4.2446346948e-01  5.0274601813e+00  5.6566776144e+00 -1.8604888972e+00  4.2371333077e+00  1.4642743969e+00 -1.6617291412e+00  2.2713050935e+00  1.0495399668e-01  2.0162940649e-01  3.0168809490e+00  1.2567018643e-01 -3.2971143943e+00  5.0661127741e+00  2.1305409282e+00 -3.3469383662e+00  6.4237985071e+00  4.1323549035e+00  2.9194459826e-01  5.1619494543e+00  4.2730231867e+00 -1.9935564607e+00  4.3733687527e+00  1.0410533832e+00 -8.0279437616e-01  3.2956897655e+00  1.3069170693e+00 -2.6777720748e+00  5.5043023981e+00  3.5001055207e+00 -9.1585937993e-01  4.8354455405e+00  1.0125086222e+00  2.2283884782e-01  5.8270668272e+00  1.6668963607e+00 -9.5300725448e-01  4.9975000257e+00 -3.7876772491e-01 -4.0590417111e-01 -3.0362407053e-01  3.4022055895e-01 -6.2213091114e+00  6.8032676425e+00  7.3588659807e+00 -5.4981256019e-01  4.4583276475e+00  1.2834689039e+00 -2.1922495894e+00  1.9087860378e-01 -1.1284559234e+00  1.1249191704e+00  1.5095000971e+00 -1.1328674771e+00 -5.0416065870e+00  5.1795231822e+00  2.4284836230e+00 -5.1264253633e+00  7.6025034290e+00  5.9992865279e+00  1.3647152607e+00  5.2841105259e+00  6.2480078250e+00 -2.7008928261e+00  3.8821249645e+00  2.1884878590e+00 -2.4449997906e+00  2.4750601614e+00 -2.0757844395e-01  8.5391043830e-01  3.8268157495e+00 -5.2232000718e-01 -2.7864737975e+00  4.3589432253e+00  3.0456734513e+00 -2.8787066164e+00  6.7763689033e+00  3.5237976344e+00  1.1196303113e+00  5.5181840699e+00  3.8034310358e+00 -2.9442576024e+00  4.1365630305e+00  1.1477063920e+00  1.6494152866e-01  6.8346301405e+00
ENERGY -1.091757393355e+03

JOB 22
COORDS -5.7734648288e-02 -4.4190041047e-01  7.5991858782e-01  6.1037420195e-01 -5.2167474156e+00  6.4471245645e+00  6.2940369948e+00 -7.7258365181e-01  4.4806566275e+00  1.0201556541e+00 -1.3123008112e+00  9.6079421193e-01 -5.8421427322e-01  2.7832412501e-01  1.8372916126e+00 -4.7470711915e-02 -4.6757031242e+00  5.3383789060e+00  1.6167060742e+00 -4.4823943670e+00  7.0861017227e+00  5.5563971577e+00  3.6624936373e-01  4.8224884224e+00  5.6440028334e+00 -1.9999922622e+00  4.3101198600e+00  1.5672252406e+00 -1.4633758810e+00  2.2370598817e+00 -4.1407412361e-02  1.2676014266e-01  3.1167932561e+00  2.9793292643e-01 -3.4051834749e+00  4.8668595985e+00  1.9632852475e+00 -3.2150990635e+00  6.6140520688e+00  4.1718436413e+00  2.7901183574e-01  4.9897958667e+00  4.2592018217e+00 -2.0884868895e+00  4.4775409288e+00  1.0336683855e+00 -7.4901616920e-01  3.3195417673e+00  1.3110140445e+00 -2.6675217532e+00  5.4962178193e+00  3.5143617536e+00 -9.4768312022e-01  4.8154596496e+00  1.0656606601e+00  2.3205495621e-01  5.8659374950e+00  1.6859377988e+00 -9.3990168539e-01  5.0052904448e+00 -4.8133100065e-01 -3.2279074999e-01 -2.3425352140e-01  3.4145173527e-01 -6.2045610426e+00  6.8125103723e+00  7.3715115370e+00 -7.0557172710e-01  4.3524369872e+00  1.4368400865e+00 -1.8676189701e+00  1.2443902616e-01 -1.4168928833e+00  9.5964206727e-01  1.6817079969e+00 -8.3047432931e-01 -5.2412286944e+00  4.8395612272e+00  2.1310381789e+00 -4.8974235546e+00  7.9491951708e+00  6.0595506562e+00  1.3200957654e+00  4.9597472839e+00  6.2152547383e+00 -2.8882626101e+00  4.0519586652e+00  2.4101558514e+00 -2.1327725399e+00  2.3832361286e+00 -4.2652526867e-01  6.7896651470e-01  3.9687571566e+00 -2.2018239205e-01 -2.9911186558e+00  4.0067534613e+00  2.7514083271e+00 -2.6547542386e+00  7.1119769376e+00  3.5858247449e+00  1.1540329370e+00  5.2604121063e+00  3.7644968330e+00 -3.0486709074e+00  4.3581197796e+00  1.2444187461e+00  1.7360619522e-01  6.8667857893e+00
ENERGY -1.091757576815e+03

JOB 23
COORDS -1.2645497879e-01 -3.7247105382e-01  8.2288347441e-01  6.5040366101e-01 -5.2174923680e+00  6.4328782875e+00  6.3077280797e+00 -8.8776044562e-01  4.4092984849e+00  1.0251772805e+00 -1.1537763775e+00  9.7096192158e-01 -6.9683561005e-01  2.4978603065e-01  1.9387481242e+00  2.1554223162e-01 -4.7876201374e+00  5.1763710874e+00  1.4130914123e+00 -4.3603965780e+00  7.2362732092e+00  5.5978710913e+00  2.9228974836e-01  4.6606573452e+00  5.6312653282e+00 -2.1110948296e+00  4.3554639149e+00  1.6011596371e+00 -1.3162716118e+00  2.2336536263e+00 -1.2526384853e-01  8.7002901144e-02  3.2038663841e+00  5.4315231389e-01 -3.5064515021e+00  4.7178676173e+00  1.7383266621e+00 -3.0824744924e+00  6.7796874482e+00  4.2150639512e+00  2.4923920993e-01  4.8538884967e+00  4.2469265479e+00 -2.1549213508e+00  4.5484457250e+00  1.0227188806e+00 -7.0305739272e-01  3.3545294022e+00  1.3142540229e+00 -2.6471498914e+00  5.5125368899e+00  3.5300699540e+00 -9.7412681942e-01  4.7944206337e+00  1.1312954092e+00  2.5623829341e-01  5.9056760198e+00  1.7082779416e+00 -9.2067058926e-01  5.0226687627e+00 -5.7267848258e-01 -2.4370053891e-01 -1.6011828977e-01  3.9533560657e-01 -6.2128170950e+00  6.7875876042e+00  7.3842920747e+00 -8.5470558757e-01  4.2615681633e+00  1.4778493018e+00 -1.6293147906e+00  1.0465896389e-01 -1.5856475485e+00  8.6497169024e-01  1.8235783469e+00 -3.8162087322e-01 -5.4467361848e+00  4.5512452622e+00  1.7514714692e+00 -4.6877269682e+00  8.2160775185e+00  6.1222661960e+00  1.2433950360e+00  4.7081675671e+00  6.1807613920e+00 -3.0303954136e+00  4.1685923752e+00  2.5036297894e+00 -1.9117459575e+00  2.3403170392e+00 -5.4147622065e-01  5.7086230918e-01  4.0822334081e+00  1.9449751547e-01 -3.1801101049e+00  3.7427955737e+00  2.3348227967e+00 -2.4250608946e+00  7.4088589536e+00  3.6528684999e+00  1.1571126455e+00  5.0585637108e+00  3.7291927753e+00 -3.1097854152e+00  4.5177021331e+00  1.3670581289e+00  2.1563577830e-01  6.8954359989e+00
ENERGY -1.091757086897e+03

