JOB 0
COORDS  3.1627979149e-01  1.7753631154e+00  2.2695972375e+00  1.4235077765e+00  1.1436718091e-01  7.2267067648e-01 -7.9046705965e-01  1.1162925126e+00  9.9793547251e-02  1.1783423640e+00 -9.4746953962e-01 -3.4943909963e-01 -9.3971983232e-01  4.4592059557e-03 -9.4116094576e-01  8.2572998105e-02  6.3785244772e-01  1.2764200218e+00 -4.0265712667e-02  4.8649979120e+00  2.6848940139e+00 -8.1283487914e-02 -2.2021570987e+00 -4.6085222784e+00  1.1868268590e+00  3.9708530731e+00  2.5952317777e+00 -1.9604553778e-01 -1.0247061653e+00 -3.6513145819e+00  3.9557344291e-01 -3.6535035181e-01 -1.4489625516e+00 -3.6162579579e-02  1.7086504479e+00  3.4378788937e+00 -5.9065479302e-01 -4.1642297927e-01  1.9592062459e+00  9.4223982519e-01  2.8277757998e+00  1.7250357748e+00  2.3876769496e-01 -1.4806033966e+00 -2.3703164442e+00  2.0047598144e+00 -3.2155752938e-01  1.5413721700e+00  1.9925390791e+00  9.4526140225e-01  2.9652096031e-01 -3.3089230938e-01  1.9937747497e+00 -3.6330051659e-01 -1.7787734853e+00  1.3990818536e+00  4.7591160499e-01  2.1300944551e+00 -1.2872666591e+00 -7.6621603344e-01  6.6103978821e-01 -1.8161611385e+00  8.2512645013e-02 -1.4501736448e+00 -8.6713219495e-01 -5.0699372007e-01 -1.5410916268e+00  3.7917153756e-01 -1.7730337797e+00 -3.5515961517e-01  5.1924399630e+00  1.6895647924e+00 -8.6901149261e-01  4.3418430914e+00  3.1677814044e+00  1.9801279563e-01  5.7533491792e+00  3.2797241594e+00  9.5584946156e-01 -2.5428917546e+00 -4.6804668479e+00 -6.9676616131e-01 -3.0400564706e+00 -4.2669890139e+00 -4.2214020574e-01 -1.9077924417e+00 -5.6067073927e+00  1.4894596181e+00  3.6037584127e+00  3.5778138624e+00  2.0262670932e+00  4.4847059497e+00  2.1234971027e+00 -1.2372576458e+00 -6.7521976477e-01 -3.6088739780e+00  4.3406670495e-01 -1.8367867189e-01 -3.9694969352e+00 -6.9443259259e-01 -1.2306126947e-01  2.8843477543e+00
ENERGY -7.482679337420e+02

JOB 1
COORDS  3.1712289342e-01  1.7420812901e+00  2.1819261356e+00  1.3383307100e+00  1.5335220514e-02  6.4515477916e-01 -9.9990823964e-01  8.3897865807e-01  2.3146596101e-01  1.0383801637e+00 -1.1473896193e+00 -3.0256718581e-01 -1.1990307886e+00 -3.6624963110e-01 -6.8971451975e-01  4.2900753422e-02  5.1042487419e-01  1.3199833323e+00 -1.8427699330e-01  4.8340982737e+00  2.3621896086e+00  7.7079793421e-01 -9.3170222894e-01 -4.2275583305e+00  1.0800234206e+00  4.0006174686e+00  2.2201134980e+00 -4.4357797575e-01 -1.4839924241e+00 -3.4882535911e+00  8.5965916000e-02 -7.0329146427e-01 -1.3276353537e+00  9.4008175031e-02  1.7647798971e+00  3.3832346856e+00 -4.6891519550e-01 -5.1728039554e-01  2.1641950712e+00  8.1849298627e-01  2.7704869895e+00  1.4838717242e+00 -1.4563933198e-01 -1.8815342713e+00 -2.1461319562e+00  2.0414662271e+00 -3.1372142703e-01  1.4167644942e+00  1.7952629215e+00  8.3668313427e-01  8.6243393309e-02 -6.6047637778e-01  1.6985476276e+00 -3.5321918801e-01 -1.9500008152e+00  1.0966630100e+00  7.1024649874e-01  1.9528086799e+00 -1.4617391369e+00 -8.1258519839e-01  6.4258737292e-01 -2.0070201008e+00  2.5741578570e-01 -1.5928652461e+00 -1.2228122664e+00 -1.2503927030e-01 -1.9180225675e+00 -1.1095498767e-01 -1.4731722556e+00 -6.1831139904e-01  5.0507534802e+00  1.3815066274e+00 -9.2591569286e-01  4.3156116023e+00  2.9744594125e+00  5.8012727429e-02  5.7850979542e+00  2.8486546599e+00  1.1451969578e+00 -3.6450388635e-02 -3.7241490091e+00  1.5724764355e+00 -1.6765936942e+00 -4.2585192129e+00  5.0351723193e-01 -6.6767508978e-01 -5.2575357145e+00  1.5031750347e+00  3.7427832960e+00  3.1928555826e+00  1.8338418722e+00  4.5113803213e+00  1.6183334745e+00 -8.0974334186e-01 -2.4017234205e+00 -3.9599941235e+00 -1.2655507434e+00 -7.5589040531e-01 -3.4941356101e+00 -5.0697004818e-01 -1.4102658953e-01  3.0640365204e+00
ENERGY -7.482700754821e+02

JOB 2
COORDS  3.5816481803e-01  1.7265124780e+00  2.1629842432e+00  1.3095215247e+00  5.0486699666e-02  5.2863028927e-01 -1.0722664156e+00  8.2423556001e-01  2.9477755712e-01  9.7250620854e-01 -1.1094801661e+00 -4.1074449373e-01 -1.3132283543e+00 -3.7140725893e-01 -6.2905946154e-01  5.3010436368e-02  5.0227334014e-01  1.3007654983e+00 -1.9768179803e-01  4.8025380046e+00  2.4270511935e+00  9.3446922745e-01 -1.0495587683e+00 -4.1282138771e+00  1.0724865759e+00  4.0008502620e+00  2.1879865007e+00 -4.2527911203e-01 -1.4231334491e+00 -3.5478023582e+00 -6.9983989506e-02 -6.8093586154e-01 -1.3503325468e+00  2.1484995636e-01  1.7262874071e+00  3.3766398180e+00 -3.7303673595e-01 -5.5143904467e-01  2.1602872250e+00  7.8985450740e-01  2.7763355561e+00  1.4503096727e+00 -3.5366418495e-01 -1.8358203567e+00 -2.1783996727e+00  2.0748530676e+00 -2.6751779771e-01  1.2436708372e+00  1.7027879045e+00  8.9062515339e-01 -5.0459948799e-02 -7.9164693751e-01  1.6986693291e+00 -2.9907584657e-01 -1.9902143211e+00  1.0561991139e+00  8.4421788527e-01  1.8537525719e+00 -1.3884068938e+00 -9.9437554669e-01  6.4898923472e-01 -1.9878903490e+00  1.6646108416e-01 -1.6607170818e+00 -1.2395530585e+00 -5.1366270837e-02 -2.0798361800e+00 -1.2121740386e-01 -1.3682750462e+00 -7.0048101291e-01  5.0239610880e+00  1.4808900488e+00 -8.8540472971e-01  4.2577017573e+00  3.0781327080e+00  5.5254844028e-02  5.7513619373e+00  2.9123481328e+00  1.3572388875e+00 -1.9989837177e-01 -3.5849011251e+00  1.6286304376e+00 -1.8932659116e+00 -4.0576781625e+00  8.3535421010e-01 -7.7059009083e-01 -5.1838325138e+00  1.5648536503e+00  3.7381769729e+00  3.1262586939e+00  1.7732702270e+00  4.5379511787e+00  1.5463410752e+00 -8.5073276029e-01 -2.2892018331e+00 -4.0658171771e+00 -1.1313254726e+00 -5.8768349405e-01 -3.6458307867e+00 -3.6083781662e-01 -1.8964238354e-01  3.0667431341e+00
ENERGY -7.482713185440e+02

JOB 3
COORDS  4.0194744748e-01  1.7285509049e+00  2.1323085543e+00  1.2701640605e+00  1.0156514995e-01  4.0700832957e-01 -1.1350359672e+00  8.3406245109e-01  3.4535658442e-01  8.9219523583e-01 -1.0516825854e+00 -5.2484210003e-01 -1.4185030977e+00 -3.4694719243e-01 -5.8522955700e-01  5.9701541254e-02  5.1530259635e-01  1.2686296216e+00 -1.9435098892e-01  4.7859274213e+00  2.5008768126e+00  1.0648996494e+00 -1.1821547814e+00 -4.0034901615e+00  1.0710113775e+00  4.0167589971e+00  2.1536411549e+00 -3.8806306032e-01 -1.4057787252e+00 -3.5970824942e+00 -2.2027211064e-01 -6.2852696065e-01 -1.3862466513e+00  3.4784281375e-01  1.7013930944e+00  3.3528683539e+00 -2.8937043571e-01 -5.6164377519e-01  2.1342381388e+00  7.6025820134e-01  2.8010415586e+00  1.4126763615e+00 -5.5502750826e-01 -1.7626675338e+00 -2.2205214231e+00  2.0886798889e+00 -2.1026573932e-01  1.0635257314e+00  1.6060990698e+00  9.5802265344e-01 -1.8431259924e-01 -9.0930078628e-01  1.7247019268e+00 -2.4778638678e-01 -2.0186146157e+00  1.0387730765e+00  9.5835523587e-01  1.7390571952e+00 -1.3070710717e+00 -1.1659293325e+00  6.2228716187e-01 -1.9430163130e+00  5.9823360300e-02 -1.7212155716e+00 -1.2291750715e+00 -3.0509823230e-03 -2.2299487815e+00 -9.4786681127e-02 -1.2736457229e+00 -7.6906052892e-01  5.0148533871e+00  1.5984593139e+00 -8.2172769134e-01  4.2136675139e+00  3.1883528135e+00  7.3971925604e-02  5.7303479077e+00  2.9865141030e+00  1.4888059881e+00 -3.2925504926e-01 -3.4662260747e+00  1.6695935185e+00 -2.0702669919e+00 -3.7927691353e+00  1.1244405424e+00 -9.7206367448e-01 -5.0778913816e+00  1.6356425111e+00  3.7465954146e+00  3.0480713053e+00  1.7121520097e+00  4.5814418262e+00  1.4744060525e+00 -8.1713177942e-01 -2.2539850345e+00 -4.1412594661e+00 -9.8995798897e-01 -5.1449816177e-01 -3.8195176005e+00 -2.1866556820e-01 -2.1711311684e-01  3.0447385885e+00
ENERGY -7.482713515856e+02

JOB 4
COORDS -1.7296750012e-01  1.9039419712e+00  2.1824735674e+00  5.1191523264e-01 -1.6184310049e-01  8.9286205066e-01 -8.0380759011e-01  1.6583054909e+00 -2.4127541580e-01  1.3697200159e-01 -1.0847371993e+00 -2.6865081645e-01 -1.1212318086e+00  6.6589605595e-01 -1.3618496647e+00 -5.7588373020e-01  9.1254724674e-01  1.0915941922e+00  7.5847549623e-01  4.8629958410e+00  2.6430082314e+00  2.9393185173e-01 -2.3995273303e+00 -4.4784448401e+00  1.4277661534e+00  3.5205833996e+00  2.8947037024e+00  7.3207384807e-01 -1.4219156255e+00 -3.3989211888e+00 -1.1101123045e-02 -2.8296404509e-01 -1.4912474189e+00 -8.5805006337e-01  2.1001590726e+00  3.1752203649e+00 -1.7873392236e+00  2.7875400697e-01  1.4933035330e+00  9.8743676679e-01  2.5240004254e+00  1.9269727023e+00 -3.9493109207e-01 -1.1939220568e+00 -2.5474091311e+00  6.1000482792e-01 -7.4772302391e-01  1.8121572140e+00  1.4695599782e+00  3.2306801502e-01  6.8489092637e-01  9.4040421814e-02  2.2277749682e+00 -4.9767407203e-01 -1.6376412521e+00  2.3578867522e+00 -1.2352894160e-01  9.3520393516e-01 -1.8137453910e+00 -4.3593222960e-01 -7.8881234718e-01 -1.6320747300e+00 -4.0344168178e-02 -2.0673423030e+00  1.4503440070e-01 -1.1531809228e+00 -1.2220880133e+00  1.1935772607e+00 -2.3141105419e+00  9.4423362758e-01  5.2033049713e+00  1.6199163193e+00 -3.1965668905e-01  4.7977057672e+00  2.8075812752e+00  1.1663070355e+00  5.6094491711e+00  3.3331182604e+00 -2.8326740774e-02 -3.3475373878e+00 -4.0368878023e+00 -5.3890124925e-01 -1.9892454535e+00 -5.0578241416e+00  1.1255119343e+00 -2.6001719995e+00 -5.1621009529e+00  1.2181727380e+00  3.1488485673e+00  3.8995281015e+00  2.5073718469e+00  3.5740333953e+00  2.7435076872e+00  1.0639670227e+00 -4.6857806884e-01 -3.8307845846e+00  1.5660305597e+00 -1.8343042227e+00 -2.8138183595e+00 -2.0510273190e+00  6.9690634128e-01  2.3349179167e+00
ENERGY -7.482709777483e+02

JOB 5
COORDS -1.7001373919e-01  1.8964390993e+00  2.1721283772e+00  5.4570038793e-01 -1.1975840739e-01  8.2188047107e-01 -8.4583035155e-01  1.6839497318e+00 -2.4241407332e-01  1.7327567686e-01 -1.0296151639e+00 -3.5102280367e-01 -1.1568527191e+00  7.0761839466e-01 -1.3779307168e+00 -5.6775209151e-01  9.1701587685e-01  1.0685742034e+00  6.9452053679e-01  4.8683400592e+00  2.6770822488e+00  2.5935887274e-01 -2.4201391289e+00 -4.4790945187e+00  1.4028053402e+00  3.5389247268e+00  2.8874118071e+00  7.4205151250e-01 -1.5480738185e+00 -3.3298329581e+00 -2.3370250510e-02 -2.0464118580e-01 -1.5529507885e+00 -8.4061523885e-01  2.0555959985e+00  3.1812853053e+00 -1.7513967222e+00  2.3948919413e-01  1.4818385383e+00  9.6901268962e-01  2.5512043566e+00  1.9076977809e+00 -4.1760515659e-01 -1.0818841804e+00 -2.6372382324e+00  6.8250417973e-01 -7.2275226264e-01  1.7249927351e+00  1.4838007755e+00  3.9755357719e-01  6.0340383751e-01  2.8411476958e-02  2.2868278186e+00 -5.0387292812e-01 -1.6985253056e+00  2.3539913497e+00 -9.2706142995e-02  9.9099172973e-01 -1.7301141890e+00 -5.4005852595e-01 -7.3205672125e-01 -1.6080709956e+00 -1.1682455967e-01 -2.0820941337e+00  1.5324823341e-01 -1.1614158033e+00 -1.2934594120e+00  1.2513976374e+00 -2.3162873133e+00  8.5102514813e-01  5.2342572408e+00  1.6579521217e+00 -3.7806580992e-01  4.7717266464e+00  2.8612501698e+00  1.0969321736e+00  5.6107858102e+00  3.3746592967e+00 -3.0861520031e-01 -3.2773417894e+00 -4.1048802657e+00 -3.8470663615e-01 -1.8484017505e+00 -5.1541339631e+00  1.1154681998e+00 -2.7941132534e+00 -5.0503304439e+00  1.2228899384e+00  3.1412635510e+00  3.8880638643e+00  2.4774596714e+00  3.6234802455e+00  2.7164306134e+00  1.3208959899e+00 -6.8795327551e-01 -3.6910789662e+00  1.3861592245e+00 -2.1287529423e+00 -2.6546736193e+00 -2.0082587824e+00  6.3143296131e-01  2.3380562011e+00
ENERGY -7.482697436448e+02

JOB 6
COORDS -9.3896637705e-02  1.9025175105e+00  2.2134983310e+00  6.4368192689e-01 -7.8221683440e-02  8.2352815527e-01 -8.2247844204e-01  1.6926285929e+00 -1.8610506404e-01  2.7141412804e-01 -9.9196356505e-01 -3.4693678709e-01 -1.1378853231e+00  7.1547811473e-01 -1.3187118909e+00 -4.9164172994e-01  9.2275612161e-01  1.1103300283e+00  7.0037362574e-01  4.8924704803e+00  2.7275280132e+00  2.4333447522e-01 -2.3080104531e+00 -4.5174493457e+00  1.4500137121e+00  3.5813653042e+00  2.9070963319e+00  6.9648932125e-01 -1.7380855217e+00 -3.1811020262e+00  1.2390917073e-02 -1.6532460868e-01 -1.5357898507e+00 -7.4430086439e-01  2.0333749000e+00  3.2397815943e+00 -1.6443320421e+00  2.0739826975e-01  1.5461401527e+00  1.0198143474e+00  2.5911705056e+00  1.9282302519e+00 -4.0873964905e-01 -1.0202806938e+00 -2.6324719451e+00  8.2359821373e-01 -6.8505183660e-01  1.7164469772e+00  1.5596253892e+00  4.6902525644e-01  5.8513995033e-01  2.8845923357e-02  2.3199079011e+00 -4.6495583237e-01 -1.6882298737e+00  2.3390735027e+00 -9.9283150234e-03  1.1134256146e+00 -1.6556046378e+00 -5.5690204911e-01 -6.0390943718e-01 -1.6083399349e+00 -9.2607579116e-02 -2.0416250721e+00  1.3526490675e-01 -1.0801799773e+00 -1.3153228101e+00  1.2608409745e+00 -2.2492238965e+00  8.2168319203e-01  5.2722690631e+00  1.7086874217e+00 -3.6429015615e-01  4.7643469546e+00  2.9367042067e+00  1.0992238138e+00  5.6391095458e+00  3.4226702413e+00 -6.2180468495e-01 -2.9648151109e+00 -4.3843277754e+00 -3.5799539605e-02 -1.5050620921e+00 -5.2060231375e+00  1.0523814913e+00 -2.8914211246e+00 -4.9696062118e+00  1.3057342481e+00  3.1693659414e+00  3.9077262187e+00  2.5174046765e+00  3.6974215683e+00  2.7109606999e+00  1.5466342201e+00 -1.0537506202e+00 -3.3028003043e+00  1.0037529799e+00 -2.5531709911e+00 -2.5106873241e+00 -1.8927095765e+00  5.8588812898e-01  2.4108628641e+00
ENERGY -7.482674526143e+02

JOB 7
COORDS -6.1152603105e-02  1.8905363367e+00  2.2182605011e+00  7.0751355533e-01 -3.5682343404e-02  7.7115550994e-01 -8.1885459307e-01  1.7152756828e+00 -1.7612092887e-01  3.4605334985e-01 -9.3791717916e-01 -4.1231273765e-01 -1.1243216057e+00  7.5256814400e-01 -1.3230225600e+00 -4.4956880985e-01  9.2656575625e-01  1.0979846712e+00  6.5891533492e-01  4.8878810246e+00  2.7950159317e+00  2.3446404533e-01 -2.3294898691e+00 -4.5032045334e+00  1.4474175722e+00  3.5942261314e+00  2.9288134390e+00  6.1603843934e-01 -1.8458702793e+00 -3.1112068551e+00  4.4245782144e-02 -9.3281100756e-02 -1.5768786740e+00 -6.9772335581e-01  1.9778149070e+00  3.2577808585e+00 -1.5761796402e+00  1.7049994582e-01  1.5333108390e+00  1.0280179336e+00  2.6169699975e+00  1.9323168273e+00 -3.8045307967e-01 -9.1026422933e-01 -2.7086354058e+00  9.2025158473e-01 -6.5630957317e-01  1.6472331389e+00  1.6033913967e+00  5.4229682872e-01  5.2926600980e-01  1.0913995218e-02  2.3715745827e+00 -4.5281691320e-01 -1.6997538388e+00  2.3332062270e+00  2.5208882351e-02  1.2088768377e+00 -1.5663876334e+00 -6.4224720448e-01 -5.0374744400e-01 -1.5891647071e+00 -1.5425056622e-01 -2.0085293174e+00  1.4332056945e-01 -1.0840067889e+00 -1.3301837455e+00  1.3110980242e+00 -2.2398361876e+00  7.5222405029e-01  5.2962802139e+00  1.7843339999e+00 -3.9805731449e-01  4.7248193959e+00  3.0183767857e+00  1.0489228080e+00  5.6277440379e+00  3.5023159400e+00 -7.5607538387e-01 -2.7944976547e+00 -4.4919421184e+00  2.1636752382e-01 -1.4953089364e+00 -5.2104952404e+00  9.5967181749e-01 -3.0714715240e+00 -4.8538786873e+00  1.3317499254e+00  3.1534963587e+00  3.9208881877e+00  2.5076637413e+00  3.7449787730e+00  2.7181155571e+00  1.5995427758e+00 -1.3547077228e+00 -3.1199896570e+00  6.5920035429e-01 -2.6966333262e+00 -2.4171438617e+00 -1.8197213990e+00  5.2009576481e-01  2.4114794932e+00
ENERGY -7.482646367027e+02

JOB 8
COORDS -4.6857509873e-02  1.8870534107e+00  2.2062573107e+00  7.6798326355e-01  1.2956357622e-02  7.1653138081e-01 -8.0269302152e-01  1.7449730119e+00 -1.9105927360e-01  4.2751976899e-01 -8.7549574081e-01 -4.8443093215e-01 -1.0802733303e+00  7.9878822470e-01 -1.3586752581e+00 -4.1223716629e-01  9.3850996489e-01  1.0652250775e+00  5.9257516265e-01  4.8898151943e+00  2.8430129857e+00  1.6161290183e-01 -2.3951387213e+00 -4.4737802011e+00  1.4161138405e+00  3.6156758080e+00  2.9508186789e+00  5.4836877565e-01 -1.9001700691e+00 -3.0868251381e+00  1.1128611567e-01 -9.3137271947e-03 -1.6272476214e+00 -6.8369755158e-01  1.9351136028e+00  3.2481980829e+00 -1.5182015697e+00  1.4382342989e-01  1.4849999372e+00  1.0224979286e+00  2.6476597124e+00  1.9349534187e+00 -2.8244548054e-01 -7.7815361533e-01 -2.8122867217e+00  9.9708347076e-01 -6.2072962058e-01  1.5790479888e+00  1.6487105207e+00  6.1735290937e-01  4.8437737199e-01  9.0919082099e-03  2.4291486869e+00 -4.5291701424e-01 -1.7002386736e+00  2.3340068408e+00  2.2922253138e-02  1.3048658700e+00 -1.4798247514e+00 -7.2179131518e-01 -4.0749195892e-01 -1.5487717583e+00 -2.3185333619e-01 -1.9488605849e+00  1.6111250747e-01 -1.1368431406e+00 -1.2981868343e+00  1.3718013970e+00 -2.2636665831e+00  6.7399310512e-01  5.3206453791e+00  1.8406564241e+00 -4.5942501312e-01  4.6935524083e+00  3.0631881600e+00  9.6267655078e-01  5.6257922549e+00  3.5648958230e+00 -8.9802262108e-01 -2.6663879856e+00 -4.5037741123e+00  3.4149659919e-01 -1.6204643922e+00 -5.2246361645e+00  7.5306407861e-01 -3.2795113511e+00 -4.7333777369e+00  1.3131380036e+00  3.1521563458e+00  3.9338615977e+00  2.4716909999e+00  3.7993210863e+00  2.7429075095e+00  1.6072814065e+00 -1.6015901620e+00 -3.0652710873e+00  3.9738257529e-01 -2.6977446513e+00 -2.3471956432e+00 -1.7718294817e+00  4.7022678939e-01  2.3692391918e+00
ENERGY -7.482612104007e+02

JOB 9
COORDS -2.6821517592e-02  1.8656945418e+00  2.2286222397e+00  8.4341990048e-01  3.9032420956e-02  7.1165572130e-01 -7.6531447831e-01  1.7482795716e+00 -1.7586815798e-01  5.2832602391e-01 -8.3671887286e-01 -5.0599251734e-01 -1.0044738318e+00  8.1755671131e-01 -1.3648278545e+00 -3.6170326450e-01  9.2964521626e-01  1.0680018502e+00  5.3445253628e-01  4.8735731579e+00  2.9182170137e+00  7.9410859772e-02 -2.4224664721e+00 -4.4323153675e+00  1.3879683208e+00  3.6180997539e+00  3.0106338728e+00  4.9909205817e-01 -1.9382749225e+00 -3.0509247598e+00  2.1424927294e-01  4.9787192335e-02 -1.6327620347e+00 -6.6841751439e-01  1.8780555292e+00  3.2687870679e+00 -1.4502934273e+00  1.0030792378e-01  1.4666565512e+00  1.0237823434e+00  2.6580576219e+00  1.9764055210e+00 -1.2107607458e-01 -6.7016147641e-01 -2.8721233535e+00  1.0810470090e+00 -6.0413075888e-01  1.5648014255e+00  1.7109750123e+00  6.6709367672e-01  4.9388749209e-01  2.8690384550e-02  2.4598943282e+00 -4.1824965425e-01 -1.6810965286e+00  2.3070245983e+00  4.1857946217e-02  1.4146972414e+00 -1.4274142482e+00 -7.4393452496e-01 -3.0032851091e-01 -1.5211864186e+00 -2.6313488210e-01 -1.8578135280e+00  1.5171935282e-01 -1.1668100147e+00 -1.2274712166e+00  1.4030704132e+00 -2.2603630223e+00  6.1159801084e-01  5.3225531773e+00  1.9235147929e+00 -5.1383725638e-01  4.6482914296e+00  3.1281347393e+00  8.8200804787e-01  5.6064235035e+00  3.6543375975e+00 -1.0095382042e+00 -2.5070557812e+00 -4.4951814348e+00  4.1749692948e-01 -1.7260354606e+00 -5.2050286502e+00  5.1787080042e-01 -3.4059208772e+00 -4.6318859056e+00  1.2903975993e+00  3.1359660565e+00  3.9852278263e+00  2.4399918034e+00  3.8305695607e+00  2.8124043384e+00  1.5947434266e+00 -1.8441381383e+00 -2.9994033154e+00  1.7674842421e-01 -2.6566523259e+00 -2.2866232735e+00 -1.7140061530e+00  4.0198366389e-01  2.3567474557e+00
ENERGY -7.482579618353e+02

JOB 10
COORDS -3.4824074025e-02  1.8440132406e+00  2.2248119549e+00  8.9666841154e-01  5.0915692267e-02  7.0352610400e-01 -7.4978042533e-01  1.7242572700e+00 -1.8650589832e-01  6.1044609796e-01 -8.2282712153e-01 -5.2285722332e-01 -9.4813640530e-01  7.9820081859e-01 -1.3873168141e+00 -3.3451748869e-01  9.0760785488e-01  1.0549582252e+00  4.4762023814e-01  4.8607806327e+00  2.9379322185e+00  7.6322330483e-03 -2.4299709597e+00 -4.4246777775e+00  1.3286041062e+00  3.6247434305e+00  3.0340334718e+00  4.1383189735e-01 -1.9906159904e+00 -3.0242110322e+00  2.9763569348e-01  6.9300816165e-02 -1.6450701419e+00 -6.8925015414e-01  1.8331931107e+00  3.2569831815e+00 -1.4045259734e+00  4.7086646941e-02  1.4384708099e+00  9.9921510175e-01  2.6628878057e+00  1.9898695828e+00  3.1422917827e-02 -6.2176126892e-01 -2.9191154512e+00  1.1421852929e+00 -5.9251412187e-01  1.5543676481e+00  1.7500781733e+00  7.0155087541e-01  4.9703970641e-01  2.5916393544e-02  2.4601944486e+00 -4.1513427941e-01 -1.6833455214e+00  2.2547111336e+00  2.6634583636e-02  1.5074570713e+00 -1.3993605912e+00 -7.5697785881e-01 -2.0899060513e-01 -1.5190405996e+00 -2.8607697220e-01 -1.7864735804e+00  1.0793072094e-01 -1.2073363783e+00 -1.1749487431e+00  1.3872707731e+00 -2.2792909663e+00  5.2667847985e-01  5.3171913426e+00  1.9467794775e+00 -5.9773343157e-01  4.6102887498e+00  3.1335277578e+00  7.6913066377e-01  5.5970915605e+00  3.6823919941e+00 -1.0727857042e+00 -2.3276066299e+00 -4.5625587015e+00  5.1195897997e-01 -1.8207958769e+00 -5.1803217376e+00  2.8257569310e-01 -3.4785023375e+00 -4.5809594505e+00  1.2301572563e+00  3.1347277818e+00  4.0045909111e+00  2.3778194054e+00  3.8624320239e+00  2.8500567380e+00  1.5005927853e+00 -2.1050862504e+00 -2.8971424630e+00 -9.0035218096e-02 -2.6116863091e+00 -2.2732016885e+00 -1.6839720777e+00  3.3589089570e-01  2.3280698272e+00
ENERGY -7.482557606070e+02

JOB 11
COORDS -1.2495798060e-02  1.8347724981e+00  2.2105280492e+00  9.7124945552e-01  7.4880348778e-02  6.8346529766e-01 -7.1248130484e-01  1.7098720627e+00 -2.0524863329e-01  7.1080045228e-01 -8.0035441907e-01 -5.4762753429e-01 -8.8223394500e-01  7.8500038011e-01 -1.4116569156e+00 -2.8277071554e-01  8.9790238084e-01  1.0339517912e+00  3.8156594269e-01  4.8575778710e+00  2.9462476840e+00 -4.7601901751e-02 -2.4203879279e+00 -4.4278710425e+00  1.2984189927e+00  3.6473343588e+00  3.0352257205e+00  2.7078788149e-01 -2.0228575777e+00 -2.9928090991e+00  3.8340243919e-01  8.6451070649e-02 -1.6700549367e+00 -6.6935550396e-01  1.7994040483e+00  3.2406218384e+00 -1.3326442041e+00  8.3135831209e-03  1.4072030859e+00  9.9910180269e-01  2.6833512351e+00  1.9839066449e+00  1.5685318566e-01 -5.9976208095e-01 -2.9510351546e+00  1.2299187505e+00 -5.6622447662e-01  1.5321941204e+00  1.8086854967e+00  7.4770872285e-01  4.8302733300e-01  4.6245487782e-02  2.4653136367e+00 -4.2726069793e-01 -1.6594871861e+00  2.2167894660e+00  5.9999526380e-03  1.6240970340e+00 -1.3521295625e+00 -7.8125257295e-01 -8.9196915671e-02 -1.5180099461e+00 -3.1409707798e-01 -1.7065417236e+00  7.6123737243e-02 -1.2375225342e+00 -1.1186989241e+00  1.3736578839e+00 -2.3011277251e+00  4.4846649952e-01  5.3229936587e+00  1.9583965868e+00 -6.5621559957e-01  4.5751296604e+00  3.1385817051e+00  6.8030339585e-01  5.5978331127e+00  3.6962623849e+00 -1.0648520595e+00 -2.1195768787e+00 -4.6950473856e+00  6.4828895423e-01 -1.9406495966e+00 -5.1222504677e+00  3.7758555287e-02 -3.5062659328e+00 -4.5422241923e+00  1.2129354137e+00  3.1479204432e+00  4.0022215894e+00  2.3404536495e+00  3.9170032139e+00  2.8546626449e+00  1.2882796212e+00 -2.3457760222e+00 -2.7333212036e+00 -4.3282906347e-01 -2.5065206421e+00 -2.3027233582e+00 -1.6203664250e+00  2.8189011893e-01  2.2989968898e+00
ENERGY -7.482554415408e+02

JOB 12
COORDS  1.8604800318e-02  1.8244205615e+00  2.1991314617e+00  1.0521896970e+00  1.0461220477e-01  6.5982561244e-01 -6.6969088895e-01  1.7017088489e+00 -2.2061097669e-01  8.1696137753e-01 -7.6879886738e-01 -5.7702424836e-01 -8.1744891363e-01  7.8076941829e-01 -1.4327162674e+00 -2.2383957478e-01  8.9140700994e-01  1.0135869747e+00  3.2332207738e-01  4.8491841052e+00  2.9649111639e+00 -9.4860131849e-02 -2.4209209006e+00 -4.3994362019e+00  1.2760478607e+00  3.6661373905e+00  3.0419520572e+00  1.1179492709e-01 -2.0077203341e+00 -2.9490406592e+00  4.6521858463e-01  1.1058529143e-01 -1.6981373723e+00 -6.3707286292e-01  1.7599225611e+00  3.2285840646e+00 -1.2519684224e+00 -2.8006078524e-02  1.3754752210e+00  1.0052982836e+00  2.7039408126e+00  1.9812420056e+00  2.7123303363e-01 -5.8469685119e-01 -2.9696778879e+00  1.3272511007e+00 -5.3492881432e-01  1.5045916958e+00  1.8714629042e+00  8.0125922062e-01  4.6575671579e-01  7.3379925488e-02  2.4742386939e+00 -4.3687997689e-01 -1.6273927291e+00  2.1876478617e+00 -8.1197431635e-03  1.7471143609e+00 -1.2907457699e+00 -8.1770631181e-01  4.0999709005e-02 -1.5129720612e+00 -3.4908112754e-01 -1.6272707945e+00  5.5022997071e-02 -1.2598483287e+00 -1.0666441835e+00  1.3690832434e+00 -2.3187795171e+00  3.7592348025e-01  5.3260456365e+00  1.9816630916e+00 -7.0546750569e-01  4.5339607186e+00  3.1545836179e+00  6.0007799806e-01  5.5906642896e+00  3.7221065571e+00 -9.9472966398e-01 -1.9536993835e+00 -4.8100078129e+00  7.6069830751e-01 -2.1174446907e+00 -5.0099134815e+00 -2.0379236812e-01 -3.5085954592e+00 -4.4669109250e+00  1.2059499164e+00  3.1549010961e+00  4.0039975938e+00  2.3094565791e+00  3.9686125703e+00  2.8638936808e+00  1.0037851259e+00 -2.4994768381e+00 -2.5410578660e+00 -7.5517185797e-01 -2.3060023424e+00 -2.3430906670e+00 -1.5456607686e+00  2.2707002906e-01  2.2708170349e+00
ENERGY -7.482574096288e+02

JOB 13
COORDS  3.7388329351e-02  1.8149981383e+00  2.1890899684e+00  1.1242249831e+00  1.2305486634e-01  6.5568690952e-01 -6.2876901194e-01  1.6833906034e+00 -2.3643173251e-01  9.1482309162e-01 -7.5297619067e-01 -5.8316904672e-01 -7.5283004843e-01  7.6220296350e-01 -1.4516666128e+00 -1.7336362397e-01  8.7997809943e-01  9.9905350328e-01  2.6135858732e-01  4.8431547144e+00  2.9702471838e+00 -1.5832937181e-01 -2.3977790544e+00 -4.3681148150e+00  1.2430949903e+00  3.6840681751e+00  3.0470216116e+00  1.0382215418e-02 -1.9628997729e+00 -2.9197886512e+00  5.4410052068e-01  1.1625977877e-01 -1.7046294735e+00 -6.2244890263e-01  1.7295118802e+00  3.2143788713e+00 -1.1836018260e+00 -6.3490897439e-02  1.3498825240e+00  1.0023347835e+00  2.7203921458e+00  1.9804165644e+00  4.2008763959e-01 -5.8769081446e-01 -2.9667598964e+00  1.4068321875e+00 -5.0965098233e-01  1.5031225385e+00  1.9284133255e+00  8.3883927534e-01  4.6829496576e-01  1.0087023040e-01  2.4698237633e+00 -4.4797143303e-01 -1.5963277765e+00  2.1510055943e+00 -2.7309987908e-02  1.8546636854e+00 -1.2549132692e+00 -8.3204607606e-01  1.5609500783e-01 -1.5154259211e+00 -3.5711501856e-01 -1.5550598056e+00  2.7345460410e-02 -1.2817814104e+00 -1.0032145788e+00  1.3478231828e+00 -2.3392944307e+00  3.0730938216e-01  5.3259489113e+00  1.9895628712e+00 -7.6019496246e-01  4.5012949529e+00  3.1527601581e+00  5.1530480479e-01  5.5876780038e+00  3.7324345123e+00 -9.3177110147e-01 -1.8031187537e+00 -4.8629081286e+00  7.7885072325e-01 -2.2700171425e+00 -4.9180152572e+00 -4.4663205955e-01 -3.4533978913e+00 -4.4123753809e+00  1.1807076298e+00  3.1666444164e+00  4.0062850866e+00  2.2695144421e+00  4.0132312292e+00  2.8760376266e+00  7.7064582586e-01 -2.5796667230e+00 -2.4244291786e+00 -9.3603377209e-01 -2.0775118133e+00 -2.3731506325e+00 -1.4870201310e+00  1.7958649823e-01  2.2453480040e+00
ENERGY -7.482604494845e+02

JOB 14
COORDS  4.8624159576e-02  1.8068288335e+00  2.1883305552e+00  1.1856547109e+00  1.3166425304e-01  6.7545759483e-01 -5.9789670085e-01  1.6497091494e+00 -2.4155981281e-01  1.0056254392e+00 -7.5410062546e-01 -5.6052648790e-01 -7.0315161746e-01  7.1797577369e-01 -1.4513951982e+00 -1.3280883720e-01  8.6207500879e-01  1.0010532615e+00  1.8408714288e-01  4.8415830162e+00  2.9661175809e+00 -1.7125205290e-01 -2.3414357107e+00 -4.3760295802e+00  1.1994053712e+00  3.7117973515e+00  3.0427755081e+00 -5.4602214329e-02 -1.9138602554e+00 -2.9208549738e+00  6.0576111064e-01  9.6281802951e-02 -1.6842277232e+00 -6.0750312472e-01  1.7030402317e+00  3.2143402949e+00 -1.1262773883e+00 -1.0034660377e-01  1.3482674330e+00  9.8558503957e-01  2.7405488360e+00  1.9773324812e+00  5.7187644116e-01 -6.1789659017e-01 -2.9338133763e+00  1.4740337639e+00 -4.8789548391e-01  1.5306638417e+00  1.9747768339e+00  8.6485965566e-01  4.9080330829e-01  1.1841503806e-01  2.4473140683e+00 -4.5579851159e-01 -1.5743830345e+00  2.1007990206e+00 -3.7546385941e-02  1.9570321566e+00 -1.2293252142e+00 -8.1805897100e-01  2.7024547228e-01 -1.5394691295e+00 -3.3189043986e-01 -1.4991068792e+00 -2.1449640879e-02 -1.2735363322e+00 -9.5645022799e-01  1.2926464097e+00 -2.3458172159e+00  2.1478435531e-01  5.3245774301e+00  1.9849305680e+00 -8.2680717260e-01  4.4701094189e+00  3.1501184582e+00  4.1698427517e-01  5.5939522168e+00  3.7273211168e+00 -8.0190665810e-01 -1.6436689625e+00 -4.9347274995e+00  8.1544265487e-01 -2.3668558087e+00 -4.8482739077e+00 -6.1257879969e-01 -3.3416524374e+00 -4.4409783557e+00  1.1533286500e+00  3.1936789911e+00  4.0025811860e+00  2.2155558925e+00  4.0706609245e+00  2.8702089863e+00  5.5811368314e-01 -2.6312512139e+00 -2.3600867116e+00 -1.0457834433e+00 -1.8690060613e+00 -2.4512769065e+00 -1.4293377107e+00  1.3012204710e-01  2.2472018751e+00
ENERGY -7.482628553909e+02

JOB 15
COORDS  7.8925099093e-02  1.8138336068e+00  2.2036647810e+00  1.2210458018e+00  1.4487620674e-01  6.8863949212e-01 -6.1705403124e-01  1.6157328381e+00 -2.0898345034e-01  1.0396024235e+00 -7.5408547626e-01 -5.3769475733e-01 -7.3409652152e-01  6.6513708558e-01 -1.4034408075e+00 -1.0670500890e-01  8.5138324860e-01  1.0313127946e+00  1.6711187143e-01  4.8607869695e+00  2.9439204180e+00 -7.1812463837e-02 -2.3287132217e+00 -4.4058044691e+00  1.2065697377e+00  3.7526089793e+00  3.0117665462e+00 -2.0510693608e-01 -1.8232828393e+00 -2.9775215612e+00  5.8295143649e-01  7.5704811129e-02 -1.6536149261e+00 -5.5266035911e-01  1.7078432461e+00  3.2447199697e+00 -1.0723459660e+00 -1.2745552510e-01  1.4103372080e+00  9.9034439198e-01  2.7652079148e+00  1.9618981103e+00  6.0956036468e-01 -6.3678013731e-01 -2.8968725817e+00  1.5363120063e+00 -4.6001159804e-01  1.5449135456e+00  1.9908335653e+00  8.9317500130e-01  4.8403599733e-01  7.8347455231e-02  2.4236513153e+00 -4.5093278452e-01 -1.5970374539e+00  2.0496376132e+00  1.4739592267e-02  1.9970545642e+00 -1.1992863977e+00 -8.2283355300e-01  3.3621609182e-01 -1.5627939842e+00 -2.8675264318e-01 -1.5088506248e+00 -8.6339234115e-02 -1.1874115613e+00 -1.0249565342e+00  1.2195091629e+00 -2.2998946054e+00  1.6754182171e-01  5.3328272834e+00  1.9569340398e+00 -8.3195989753e-01  4.4711769806e+00  3.1532901794e+00  4.0042794326e-01  5.6265153495e+00  3.6915548033e+00 -4.3915237616e-01 -1.5817076375e+00 -5.1157037567e+00  9.7515154198e-01 -2.5414863883e+00 -4.6418188789e+00 -6.5137442283e-01 -3.2487201693e+00 -4.5360345935e+00  1.1910436406e+00  3.2447534320e+00  3.9780125056e+00  2.2114052996e+00  4.1298420393e+00  2.8139207624e+00  1.4567639225e-01 -2.5826889148e+00 -2.2674023883e+00 -1.2526749513e+00 -1.5949420121e+00 -2.7458300009e+00 -1.3604391839e+00  1.0657597598e-01  2.3132567150e+00
ENERGY -7.482636106635e+02

JOB 16
COORDS  1.1389477734e-01  1.7894710803e+00  2.2011242820e+00  1.2834149086e+00  1.7269879999e-01  6.5248520720e-01 -6.1429556118e-01  1.5886148720e+00 -2.0291088555e-01  1.1126937380e+00 -7.2631133139e-01 -5.7511412212e-01 -7.3227365706e-01  6.3914063726e-01 -1.3982057117e+00 -6.0812973230e-02  8.3197288163e-01  1.0230750297e+00  1.0570619401e-01  4.8294297918e+00  2.9772057994e+00  1.3475419089e-02 -2.4598657034e+00 -4.3133713930e+00  1.1870336667e+00  3.7603101777e+00  3.0060507042e+00 -3.7171046864e-01 -1.6807289616e+00 -3.0653278302e+00  5.9116714253e-01  8.3574266459e-02 -1.6779712597e+00 -4.8796313249e-01  1.6478417269e+00  3.2554656091e+00 -9.8916170343e-01 -1.7977124352e-01  1.4083980026e+00  9.8217351343e-01  2.7778500250e+00  1.9492440078e+00  6.2936533838e-01 -6.5638717033e-01 -2.9056884268e+00  1.6370450108e+00 -4.2396748269e-01  1.4994483077e+00  2.0221556365e+00  9.4916349348e-01  4.3765366304e-01  5.5269855777e-02  2.4150062351e+00 -4.5464406789e-01 -1.6006918699e+00  1.9963831307e+00  4.1068139378e-02  2.0821698462e+00 -1.1219744964e+00 -8.8867031706e-01  4.5699642639e-01 -1.5716961601e+00 -3.1458467039e-01 -1.4836323161e+00 -1.3160295151e-01 -1.1680030428e+00 -1.0583321958e+00  1.1914508973e+00 -2.2845355256e+00  6.4510949499e-02  5.3128726464e+00  1.9966121190e+00 -8.7278153816e-01  4.4001988923e+00  3.2054587180e+00  3.2856175668e-01  5.5944589504e+00  3.7287442865e+00  6.5868241459e-02 -1.7938739364e+00 -5.1799821138e+00  9.9027836784e-01 -2.9357643381e+00 -4.1861807468e+00 -7.3061694294e-01 -3.2369020383e+00 -4.5180552923e+00  1.2140277306e+00  3.2409161726e+00  3.9658833368e+00  2.1719930938e+00  4.1773045949e+00  2.7889858681e+00 -4.0036541833e-01 -2.3414240837e+00 -2.1898507258e+00 -1.3650266306e+00 -1.2298469772e+00 -3.1867154306e+00 -1.2604753978e+00  3.0371095248e-02  2.3223208783e+00
ENERGY -7.482633859843e+02

JOB 17
COORDS  1.2954661132e-01  1.7874973402e+00  2.2104574980e+00  1.3326553537e+00  1.8196678596e-01  6.7538274760e-01 -5.9369234597e-01  1.5476736395e+00 -1.9035019983e-01  1.1814932162e+00 -7.3319761579e-01 -5.4208615905e-01 -7.0656525876e-01  5.8363891773e-01 -1.3752992073e+00 -2.4788436886e-02  8.1439392804e-01  1.0422890813e+00  5.7934964449e-02  4.8321159350e+00  2.9588111717e+00 -5.0919402160e-02 -2.4529339058e+00 -4.3226520972e+00  1.1624750685e+00  3.7872308424e+00  2.9961102377e+00 -4.4258765048e-01 -1.5948916773e+00 -3.1292311658e+00  6.1947768747e-01  3.9292961665e-02 -1.6510048383e+00 -4.7089881391e-01  1.6454847983e+00  3.2655514992e+00 -9.3184748285e-01 -2.1241781801e-01  1.4376856244e+00  9.7827566680e-01  2.7903861725e+00  1.9490100490e+00  6.9124773840e-01 -7.5603176223e-01 -2.8494727989e+00  1.7043761170e+00 -3.9641035057e-01  1.5271921644e+00  2.0513850474e+00  9.7424507411e-01  4.4996532208e-01  6.2146246245e-02  2.3810246924e+00 -4.5464005068e-01 -1.5855768578e+00  1.9431334111e+00  5.1712400292e-02  2.1612864691e+00 -1.0955165374e+00 -8.6204092633e-01  5.5950141941e-01 -1.6028819470e+00 -2.7470003957e-01 -1.4543530801e+00 -1.8744861078e-01 -1.1356183010e+00 -1.0409605925e+00  1.1316198714e+00 -2.2614927662e+00  4.9395043774e-03  5.3053648416e+00  1.9738123377e+00 -9.1058548806e-01  4.3836846370e+00  3.1925173563e+00  2.6489847048e-01  5.6088381057e+00  3.7028599054e+00  2.1741228750e-01 -1.8224028506e+00 -5.1757039322e+00  8.0725270718e-01 -3.0862287240e+00 -4.0793805081e+00 -8.8803307537e-01 -3.0952956646e+00 -4.6159289526e+00  1.2018977486e+00  3.2776984430e+00  3.9607962155e+00  2.1378302366e+00  4.2236071495e+00  2.7738713808e+00 -6.8753663600e-01 -2.2254011034e+00 -2.2634928539e+00 -1.3229794639e+00 -9.8581738529e-01 -3.3704610934e+00 -1.2089652591e+00  1.8079227780e-03  2.3488874568e+00
ENERGY -7.482614317397e+02

JOB 18
COORDS  1.5459310268e-01  1.8012108624e+00  2.2244182848e+00  1.3669836591e+00  1.8104174301e-01  7.1280078758e-01 -5.8882564081e-01  1.4910423482e+00 -1.6295074813e-01  1.2167546945e+00 -7.6170704188e-01 -4.8279548759e-01 -7.0188360211e-01  4.9893285280e-01 -1.3254103731e+00  3.4327241606e-03  7.9861119973e-01  1.0810977476e+00  3.3917259265e-02  4.8579754298e+00  2.9128349184e+00 -8.2261650240e-02 -2.4174808058e+00 -4.3813892323e+00  1.1602159984e+00  3.8365806588e+00  2.9510665677e+00 -4.8549575071e-01 -1.5318077278e+00 -3.2114321136e+00  6.3071273777e-01 -2.7669423441e-02 -1.6057115937e+00 -4.2588129084e-01  1.6706344355e+00  3.2920643896e+00 -8.8267590713e-01 -2.3274401832e-01  1.5100969410e+00  9.7863867582e-01  2.8148667500e+00  1.9276967291e+00  7.1992461216e-01 -8.9670121229e-01 -2.7658777358e+00  1.7575510395e+00 -3.7373348361e-01  1.5718356730e+00  2.0704585980e+00  9.7993752200e-01  4.6350805781e-01  5.1202353750e-02  2.3273961393e+00 -4.5497375505e-01 -1.5844792059e+00  1.8774125666e+00  7.8270717125e-02  2.1986874842e+00 -1.1162099716e+00 -8.0431271869e-01  6.1005153293e-01 -1.6361621885e+00 -1.9614713704e-01 -1.4352377884e+00 -2.7796173325e-01 -1.0618059656e+00 -1.0585168287e+00  1.0325738354e+00 -2.2109319414e+00 -4.6041557156e-02  5.3101654843e+00  1.9197858966e+00 -9.2095748906e-01  4.3949738955e+00  3.1727639386e+00  2.3798079269e-01  5.6535657878e+00  3.6375025488e+00  3.8590047075e-01 -1.8204006706e+00 -5.1696324583e+00  6.2976744175e-01 -3.1831809247e+00 -4.0599004487e+00 -9.6511650744e-01 -2.9137676830e+00 -4.7980900189e+00  1.2269485905e+00  3.3477287663e+00  3.9249150981e+00  2.1223418921e+00  4.2880403247e+00  2.7028415054e+00 -9.3509834717e-01 -2.1367184864e+00 -2.4113928454e+00 -1.2236720832e+00 -7.8831558350e-01 -3.5373938420e+00 -1.1472082939e+00 -6.0312415576e-03  2.4219886416e+00
ENERGY -7.482580679063e+02

JOB 19
COORDS  2.2000121336e-01  1.8037881064e+00  2.2258624119e+00  1.3981755974e+00  1.5611688813e-01  7.1947789639e-01 -5.9951645578e-01  1.4174304959e+00 -1.2859728479e-01  1.2222682500e+00 -8.0281639695e-01 -4.5925540749e-01 -7.2074022539e-01  3.9411175333e-01 -1.2632418317e+00  4.0053031510e-02  7.6973308753e-01  1.1152854972e+00  6.3355710333e-02  4.8731465494e+00  2.8535523032e+00 -1.0650943467e-01 -2.4143734332e+00 -4.4269782880e+00  1.2127311646e+00  3.8770433470e+00  2.8571544805e+00 -5.1329556766e-01 -1.4266368635e+00 -3.3419423001e+00  6.2746990129e-01 -7.9148948195e-02 -1.5876877158e+00 -3.0288316134e-01  1.6839144050e+00  3.3240719225e+00 -8.2139579120e-01 -2.5730751639e-01  1.6007442601e+00  1.0033969105e+00  2.8291815127e+00  1.8660562716e+00  7.0273878543e-01 -1.0214393868e+00 -2.7107597595e+00  1.8134253447e+00 -3.8530289370e-01  1.5754305087e+00  2.0911154065e+00  9.5491150470e-01  4.4165401786e-01  1.3184773798e-02  2.2596468847e+00 -4.5961951155e-01 -1.5969332709e+00  1.7875094273e+00  1.2984101194e-01  2.1962090384e+00 -1.1743228445e+00 -7.8613257181e-01  6.0620753354e-01 -1.6655134644e+00 -1.6026493155e-01 -1.4007903770e+00 -4.1093464382e-01 -9.4745137278e-01 -1.1450377285e+00  8.9266137269e-01 -2.1376707277e+00 -7.5605608895e-02  5.3014218058e+00  1.8564087509e+00 -8.6695092256e-01  4.3957689143e+00  3.1703761676e+00  2.8503380077e-01  5.6887753329e+00  3.5502315926e+00  5.7756094474e-01 -1.9425088442e+00 -5.1383263946e+00  3.9455609336e-01 -3.2830944765e+00 -3.9900468311e+00 -9.9293538070e-01 -2.7583057351e+00 -4.9705264653e+00  1.3384564607e+00  3.4115995575e+00  3.8366145466e+00  2.1510542593e+00  4.3432012335e+00  2.5515898991e+00 -1.1974476458e+00 -1.9076791483e+00 -2.6305037288e+00 -1.0294946117e+00 -5.6840489015e-01 -3.7930195711e+00 -1.0333846935e+00 -2.4269707315e-02  2.5246870593e+00
ENERGY -7.482554842963e+02

JOB 20
COORDS  2.2807895055e-01  1.8033830736e+00  2.2503509643e+00  1.4100274606e+00  1.4981798306e-01  7.5120697131e-01 -6.3511413615e-01  1.3443812462e+00 -7.5573582330e-02  1.2305752201e+00 -8.2178038240e-01 -4.1596129366e-01 -7.3870678249e-01  2.9875774406e-01 -1.1910281841e+00  4.8209706985e-02  7.4074476217e-01  1.1670892449e+00  1.8560518544e-02  4.8848351659e+00  2.8071896630e+00 -1.2485880786e-01 -2.3712731270e+00 -4.4509773592e+00  1.1876239414e+00  3.9119442708e+00  2.8133753280e+00 -4.7991255978e-01 -1.2909757901e+00 -3.4378088101e+00  6.2634462428e-01 -1.1178447651e-01 -1.5520310862e+00 -2.7028462545e-01  1.6979124285e+00  3.3613468920e+00 -7.7646228585e-01 -2.9571920131e-01  1.6945049880e+00  9.8153789918e-01  2.8367455596e+00  1.8513665219e+00  6.8229624259e-01 -1.1162012107e+00 -2.6320081786e+00  1.8490713378e+00 -3.7764260803e-01  1.6039327012e+00  2.0844927143e+00  9.5793928956e-01  4.5559824887e-01 -5.9715839449e-02  2.2026103981e+00 -4.3186603149e-01 -1.6404346069e+00  1.6828537209e+00  1.9503827044e-01  2.2043237317e+00 -1.1951573014e+00 -7.4239365273e-01  6.1564179232e-01 -1.6820845882e+00 -1.1235129471e-01 -1.3591981921e+00 -5.4094791476e-01 -8.4311572168e-01 -1.2198572015e+00  7.5963947120e-01 -2.0559733635e+00 -1.4674641347e-01  5.2861425535e+00  1.8028695364e+00 -8.9616891263e-01  4.3969888529e+00  3.1522079421e+00  2.3613325060e-01  5.7212424813e+00  3.4801258403e+00  7.3656778039e-01 -2.0661627988e+00 -5.0520099190e+00  1.2154709491e-01 -3.3090668303e+00 -3.9443956003e+00 -9.7329440796e-01 -2.5478354165e+00 -5.1206313803e+00  1.3402488415e+00  3.4727844739e+00  3.8011003999e+00  2.1107420905e+00  4.3890403214e+00  2.4796322516e+00 -1.3450450575e+00 -1.6047292294e+00 -2.8405617184e+00 -7.3864881850e-01 -3.5820564167e-01 -3.9606590404e+00 -9.7738650266e-01 -4.4808959487e-02  2.6162373015e+00
ENERGY -7.482557895687e+02

JOB 21
COORDS  2.5033660513e-01  1.7701347439e+00  2.2633932373e+00  1.4251760548e+00  1.0990943195e-01  7.6740253036e-01 -6.5510222483e-01  1.2517302007e+00 -3.5469784954e-02  1.2330161041e+00 -8.8515546664e-01 -3.7650765728e-01 -7.5639390685e-01  1.9000758224e-01 -1.1353062016e+00  6.3001137678e-02  6.8516307053e-01  1.2039081624e+00 -4.7125766369e-03  4.8569880223e+00  2.7766902282e+00 -1.2685751419e-01 -2.3062941153e+00 -4.5243720623e+00  1.1828193850e+00  3.9068097265e+00  2.7633599543e+00 -4.3694267226e-01 -1.2225153596e+00 -3.5004715038e+00  6.0989499595e-01 -2.0473466981e-01 -1.5232437252e+00 -2.1133731767e-01  1.6727186663e+00  3.3908056558e+00 -7.3274147950e-01 -3.5422920039e-01  1.7681038054e+00  9.6926175653e-01  2.8123058743e+00  1.8251140365e+00  6.1669129576e-01 -1.2684319564e+00 -2.5448246165e+00  1.8921025649e+00 -3.9605801589e-01  1.6182936844e+00  2.0800255269e+00  9.2323741448e-01  4.4311998624e-01 -1.0518806539e-01  2.1169604288e+00 -4.1474422156e-01 -1.6623869304e+00  1.5738949236e+00  2.4710437597e-01  2.2031798259e+00 -1.2648713309e+00 -7.0743950597e-01  6.2304357149e-01 -1.7390453083e+00 -4.9160551435e-02 -1.3499557577e+00 -6.6455852053e-01 -7.7566369044e-01 -1.2638188300e+00  6.3474298579e-01 -1.9935532957e+00 -2.0752897753e-01  5.2384000896e+00  1.7714857548e+00 -8.9909653972e-01  4.3574924016e+00  3.1566209705e+00  2.1625091537e-01  5.7084245656e+00  3.4293703449e+00  8.2927882946e-01 -2.1092774870e+00 -5.0175157848e+00 -7.1573446118e-02 -3.2866825834e+00 -4.0417596003e+00 -9.1397993423e-01 -2.3369746771e+00 -5.2851761720e+00  1.3731883314e+00  3.4869410467e+00  3.7529122849e+00  2.0861481857e+00  4.3959031165e+00  2.3946154483e+00 -1.4120332930e+00 -1.4133473836e+00 -3.0342869181e+00 -4.7215892492e-01 -2.3711466272e-01 -3.9894671605e+00 -9.0439814218e-01 -9.7240575013e-02  2.6940210464e+00
ENERGY -7.482583832851e+02

JOB 22
COORDS  2.8128914225e-01  1.7599983535e+00  2.2749377639e+00  1.4336291852e+00  8.8847773601e-02  7.7340999293e-01 -6.8659663148e-01  1.1844033690e+00  1.5591762024e-02  1.2197194866e+00 -9.3435445300e-01 -3.4081377427e-01 -8.0302736376e-01  1.0383126694e-01 -1.0634417156e+00  7.7330883286e-02  6.5227913855e-01  1.2424318280e+00 -4.0553472215e-03  4.8524039131e+00  2.7340192915e+00 -9.2646071101e-02 -2.2285621000e+00 -4.5841002774e+00  1.1966648291e+00  3.9192748789e+00  2.7050933807e+00 -3.9826926495e-01 -1.1671202270e+00 -3.5361642906e+00  5.5443287533e-01 -2.9208531108e-01 -1.4861726489e+00 -1.4519141444e-01  1.6786196930e+00  3.4173372038e+00 -6.8404604189e-01 -3.8769949822e-01  1.8507753446e+00  9.7242663502e-01  2.8030085438e+00  1.7954853309e+00  4.9483357680e-01 -1.3968410780e+00 -2.4515257349e+00  1.9356004639e+00 -3.9193964334e-01  1.6189336501e+00  2.0652143149e+00  9.0480873700e-01  4.1161441087e-01 -1.6200652500e-01  2.0518176292e+00 -3.9384686711e-01 -1.6897471779e+00  1.4971203167e+00  3.2229553117e-01  2.1835666416e+00 -1.3125881511e+00 -6.9174739007e-01  6.2886246409e-01 -1.7856119005e+00  2.5246813763e-02 -1.3764141554e+00 -7.5625044868e-01 -6.8506673136e-01 -1.3352607920e+00  5.3130847972e-01 -1.9155789672e+00 -2.4162393783e-01  5.2100079749e+00  1.7276661434e+00 -8.7949613058e-01  4.3480689913e+00  3.1499642597e+00  2.2294490796e-01  5.7202431258e+00  3.3625751199e+00  9.3644878153e-01 -2.1332610738e+00 -4.9420830046e+00 -2.2127103443e-01 -3.2311230798e+00 -4.1648638903e+00 -7.7234683458e-01 -2.1201665379e+00 -5.4359271430e+00  1.4217864122e+00  3.5224763256e+00  3.6968659658e+00  2.0815682123e+00  4.4136916663e+00  2.3004846927e+00 -1.4446638391e+00 -1.2489596420e+00 -3.2127569315e+00 -2.3914756020e-01 -1.5906733415e-01 -3.9468614188e+00 -8.3221667222e-01 -1.1485524805e-01  2.7761753347e+00
ENERGY -7.482619314212e+02

JOB 23
COORDS  3.0344296456e-01  1.7665381578e+00  2.2671406353e+00  1.4305318995e+00  9.3659261372e-02  7.4678877311e-01 -7.3693807623e-01  1.1424016981e+00  5.4635640497e-02  1.1961610421e+00 -9.5483343001e-01 -3.3972789738e-01 -8.7432602516e-01  4.3265040418e-02 -1.0021740292e+00  8.2640265748e-02  6.4015569307e-01  1.2585387348e+00 -1.0339341663e-02  4.8607611170e+00  2.6859068849e+00 -3.6939772692e-02 -2.1851735010e+00 -4.6233329404e+00  1.2021529239e+00  3.9438381706e+00  2.6365929953e+00 -3.3535130295e-01 -1.1068279302e+00 -3.5911086507e+00  4.7042591492e-01 -3.4930664858e-01 -1.4669034247e+00 -9.0345182856e-02  1.6992639580e+00  3.4221063571e+00 -6.3502339579e-01 -4.0476960443e-01  1.9097196772e+00  9.6786724644e-01  2.8098878993e+00  1.7517280746e+00  3.5171870421e-01 -1.4703909519e+00 -2.3959915442e+00  1.9740290573e+00 -3.6148199925e-01  1.5807667935e+00  2.0314496129e+00  9.1501790499e-01  3.4690976575e-01 -2.4278521100e-01  2.0125801434e+00 -3.8603843679e-01 -1.7324595314e+00  1.4440259329e+00  3.9543791025e-01  2.1531181510e+00 -1.3184604379e+00 -7.2335668956e-01  6.4018826992e-01 -1.8113655032e+00  6.6947442342e-02 -1.4220151225e+00 -8.2004167233e-01 -5.9586052423e-01 -1.4379522621e+00  4.4682927015e-01 -1.8463982390e+00 -2.8214976203e-01  5.1987245844e+00  1.6814322189e+00 -8.6606174451e-01  4.3513044364e+00  3.1352656331e+00  2.2254622240e-01  5.7416982304e+00  3.2937513912e+00  1.0363226643e+00 -2.2377033635e+00 -4.8279245299e+00 -3.6854585036e-01 -3.1646027311e+00 -4.2650694095e+00 -5.6225705430e-01 -1.9644425300e+00 -5.5586080741e+00  1.4615017669e+00  3.5663482350e+00  3.6275565341e+00  2.0678823583e+00  4.4437748996e+00  2.1986520978e+00 -1.4185813872e+00 -1.0441333475e+00 -3.4170091340e+00  1.8070034735e-02 -1.2345557986e-01 -3.9313934904e+00 -7.6716278208e-01 -1.1444780894e-01  2.8322098472e+00
ENERGY -7.482652872746e+02

