JOB 0
COORDS -4.3038313280e-01 -7.9347272592e-01  2.6989253423e+00 -1.3824359863e+00 -1.2999285806e+00  3.5526026653e+00 -8.3279605378e-01 -3.5861152623e-01  1.4118657376e+00 -2.7062071488e+00 -1.3437010929e+00  3.0681568995e+00 -3.5913330025e-01  9.6311349855e-01 -7.7569204355e-01  2.7460043178e-01 -3.9019332488e-01 -9.7338315072e-01  1.6091640260e-01  2.0367713862e-01  4.3343807812e-01 -6.4270089916e-01 -1.6041270686e+00 -2.9822323955e+00 -5.0014448087e+00 -1.8756377510e+00  3.3892356748e+00 -5.2871808065e-01 -1.5821231552e+00 -1.4516897147e+00 -2.1127982284e+00 -4.2593008540e-01  1.0349464791e+00 -3.0485685795e+00 -9.2303639480e-01  1.8572110597e+00  1.4237738812e+00  6.9405181647e-01  9.5156080861e-01 -3.6549593070e+00 -1.8380768267e+00  3.8965231526e+00  6.0764149605e-01 -7.3071361051e-01  3.0088577511e+00 -1.1542636897e+00 -1.6532318191e+00  4.5535782324e+00  2.0713622716e-01  1.8452141361e+00 -1.0560187337e+00 -1.4375704942e+00  1.0247383597e+00 -8.7524132609e-01  1.3008128357e+00 -3.6179996709e-01 -1.3355384391e+00 -1.1443916401e+00 -7.0117536724e-01 -3.3468065900e+00 -1.2185381675e+00 -2.4714862631e+00 -3.3228543096e+00  3.4465779524e-01 -1.6502936314e+00 -3.4565003584e+00 -5.5964808591e+00 -2.3008961200e+00  4.1980945403e+00 -5.0616398383e+00 -2.5020594499e+00  2.4954357123e+00 -5.3503129071e+00 -8.6998608838e-01  3.1407689506e+00 -4.8378221991e-02 -2.5070508981e+00 -1.1048601921e+00 -1.5280001960e+00 -1.5590463614e+00 -1.0103142007e+00  1.9912630298e+00 -5.9760215239e-02  1.3341371303e+00  1.2767968318e+00  1.3859366205e+00  1.6849641369e+00
ENERGY -6.296208950141e+02

JOB 1
COORDS -8.8496926484e-01  7.1643466308e-02  2.7059523394e+00 -1.5416063369e+00 -6.5978084507e-01  3.6689208540e+00 -1.0506088016e+00 -2.8965555518e-01  1.3460363995e+00 -2.3438189272e+00 -1.7265722615e+00  3.2165822487e+00 -1.0936585901e+00  5.4695292936e-01 -1.1103443730e+00  2.1430683237e-01 -1.9221098502e-01 -9.8169329143e-01 -3.9581458388e-01  4.9489869320e-01  2.4212492161e-01  4.7467079907e-01 -2.0585693702e+00 -2.6505931640e+00 -3.8104382815e+00 -3.5419956997e+00  3.6728109097e+00  3.1977097203e-01 -1.6920129837e+00 -1.1679757560e+00 -1.8522339575e+00 -1.3027060572e+00  1.0018791371e+00 -2.4892667867e+00 -2.0270329485e+00  1.9319423703e+00  2.8708436778e-01  1.7244505149e+00  5.9671726226e-01 -2.9920093890e+00 -2.4592148446e+00  4.1515678565e+00 -2.5157867248e-01  9.0559184579e-01  2.9889340280e+00 -1.4656261681e+00 -4.4432115251e-01  4.7303667127e+00 -1.0999060774e+00  1.5128656642e+00 -1.6051712252e+00 -1.9923586065e+00 -5.4171601176e-02 -1.2035719882e+00  1.0762808603e+00  3.6386024448e-01 -1.3456196566e+00 -3.9143864819e-01 -1.7166688052e+00 -3.2278239888e+00  5.6048943587e-01 -3.1427350556e+00 -2.7816938969e+00  1.3681453599e+00 -1.5967139361e+00 -3.0871641670e+00 -4.2329775793e+00 -3.9951730932e+00  4.5701846070e+00 -3.2084331578e+00 -4.2684754163e+00  3.1207615011e+00 -4.6030462895e+00 -3.1692531099e+00  3.0188428012e+00  1.1855326387e+00 -2.0652526138e+00 -6.0446591419e-01 -5.6280786177e-01 -2.1832547978e+00 -7.5418240284e-01  1.0903240910e+00  1.5461895037e+00  1.1968885012e+00 -3.3657426409e-01  2.3687209536e+00  1.0805098435e+00
ENERGY -6.296199511012e+02

JOB 2
COORDS -1.0269149608e+00  1.7243692915e-01  2.7277985580e+00 -1.7300416796e+00 -5.2416488646e-01  3.6836203174e+00 -1.0001141936e+00 -3.2773416828e-01  1.4018134820e+00 -2.3837462103e+00 -1.6979693072e+00  3.2586298284e+00 -1.0540136653e+00  5.5963161315e-01 -1.0331570081e+00  2.2642817085e-01 -2.3608426850e-01 -9.6812256832e-01 -3.1618274307e-01  4.3053610205e-01  2.9582157566e-01  4.2953183483e-01 -2.0040200688e+00 -2.7432811984e+00 -3.7388372711e+00 -3.5925145282e+00  3.7363957691e+00  2.8243492155e-01 -1.7260589490e+00 -1.2406710943e+00 -1.6758724861e+00 -1.4343689456e+00  1.0783742430e+00 -2.3561720823e+00 -2.1258961793e+00  2.0026434619e+00  4.2741684052e-01  1.6236695089e+00  6.5718788732e-01 -3.0716389596e+00 -2.4001246259e+00  4.1884728498e+00 -4.9924847696e-01  1.0822037133e+00  2.9929926743e+00 -1.7970702602e+00 -2.0448829319e-01  4.7191021280e+00 -1.0414327365e+00  1.5404083167e+00 -1.4984394679e+00 -1.9784335252e+00 -3.8340635198e-03 -1.1155343262e+00  1.0951129913e+00  3.0853139095e-01 -1.3328928230e+00 -4.2386108718e-01 -1.6000070535e+00 -3.2993114007e+00  4.8104455866e-01 -3.0802103234e+00 -2.9412754764e+00  1.3382479482e+00 -1.5450092057e+00 -3.1506964315e+00 -4.2221746064e+00 -4.0001058874e+00  4.6248970749e+00 -3.0204665656e+00 -4.3070118100e+00  3.3260829150e+00 -4.4798070239e+00 -3.3549097907e+00  2.9686912428e+00  1.1363908352e+00 -2.1580418798e+00 -7.0181902136e-01 -6.1151786200e-01 -2.2140043595e+00 -8.5146797640e-01  1.1975662449e+00  1.4039761764e+00  1.2867024207e+00 -1.6960597924e-01  2.3127049952e+00  1.1114023147e+00
ENERGY -6.296181875064e+02

JOB 3
COORDS -1.2129222902e+00  2.6461076198e-01  2.6863364281e+00 -1.9580947525e+00 -4.0666718296e-01  3.6268402271e+00 -9.7902005221e-01 -3.5427962866e-01  1.4313736491e+00 -2.4411626467e+00 -1.6797315427e+00  3.2601829159e+00 -9.6550252199e-01  6.0853630826e-01 -9.7773772353e-01  2.5274121131e-01 -2.8307206150e-01 -9.4966756602e-01 -2.3495489850e-01  3.7161125125e-01  3.4134483368e-01  3.9947470685e-01 -1.9380077730e+00 -2.8314115352e+00 -3.6526269003e+00 -3.6559704112e+00  3.7895084814e+00  2.0195416937e-01 -1.7529032410e+00 -1.3202283793e+00 -1.4975320455e+00 -1.5526622617e+00  1.1572838257e+00 -2.2213268068e+00 -2.2197246011e+00  2.0688921888e+00  5.9472348128e-01  1.4971561550e+00  7.3880002567e-01 -3.1645564452e+00 -2.3592710710e+00  4.1795516840e+00 -8.1046826806e-01  1.2472682513e+00  2.9079388415e+00 -2.1813458863e+00  1.8478603608e-03  4.6077524688e+00 -8.8816301865e-01  1.6025210051e+00 -1.4084990434e+00 -1.9288402012e+00  1.1698978864e-01 -1.0796132056e+00  1.1573713357e+00  2.1748589622e-01 -1.2885657012e+00 -3.9090355478e-01 -1.4281263002e+00 -3.3940226859e+00  3.7528683678e-01 -2.9988000503e+00 -3.1039333589e+00  1.3604650935e+00 -1.5289897256e+00 -3.1657702454e+00 -4.1957680286e+00 -4.0269395377e+00  4.6592915245e+00 -2.8235508829e+00 -4.3228550952e+00  3.5389980696e+00 -4.3166172495e+00 -3.5763118576e+00  2.9248741103e+00  9.9051971859e-01 -2.2898765444e+00 -7.7710577222e-01 -7.4158781059e-01 -2.1935356739e+00 -1.0005888708e+00  1.2858363586e+00  1.2180099005e+00  1.4330779543e+00  3.7246915864e-02  2.2536647997e+00  1.1307024395e+00
ENERGY -6.296161886278e+02

JOB 4
COORDS -1.4460312546e+00  3.5770488691e-01  2.5717859083e+00 -2.1994802390e+00 -2.9710784671e-01  3.5149829864e+00 -9.9362671379e-01 -3.6407840307e-01  1.4358115197e+00 -2.4633029555e+00 -1.6629719395e+00  3.2726505744e+00 -8.6168642009e-01  6.8154086597e-01 -9.4681103568e-01  2.6150842354e-01 -3.2762887260e-01 -9.2534455996e-01 -1.8292544901e-01  3.3333825019e-01  3.7458308930e-01  2.8970411248e-01 -1.9022175920e+00 -2.8774688230e+00 -3.4648305179e+00 -3.7149794647e+00  3.9348414989e+00  5.4051435615e-02 -1.7647116400e+00 -1.3667657473e+00 -1.2901379238e+00 -1.6531978353e+00  1.2824796765e+00 -2.0281140840e+00 -2.3049923274e+00  2.1982243744e+00  7.4595259652e-01  1.3575888355e+00  8.2854625806e-01 -3.1981076986e+00 -2.3244992334e+00  4.1955377995e+00 -1.2091764353e+00  1.4101234640e+00  2.6927627033e+00 -2.5862552960e+00  1.8549980618e-01  4.4073929697e+00 -6.8224398373e-01  1.6763915825e+00 -1.3445474589e+00 -1.8661281508e+00  2.9152289984e-01 -1.0884390665e+00  1.2176111602e+00  8.6877483350e-02 -1.2380679234e+00 -4.0545329277e-01 -1.2702942864e+00 -3.4423317286e+00  1.4568977816e-01 -2.9375498572e+00 -3.2053914948e+00  1.3077265889e+00 -1.6031302363e+00 -3.1544813398e+00 -4.0605659924e+00 -4.0523982533e+00  4.7835674854e+00 -2.5329234250e+00 -4.2820834781e+00  3.8670192741e+00 -4.0205525381e+00 -3.8341827963e+00  3.0011726110e+00  7.4237129450e-01 -2.4201809926e+00 -8.2029580854e-01 -9.4847127097e-01 -2.1042488784e+00 -1.1061016260e+00  1.3760887808e+00  9.8377056069e-01  1.5364940564e+00  2.5866768915e-01  2.1551499422e+00  1.2320776903e+00
ENERGY -6.296152454055e+02

JOB 5
COORDS -1.7011566156e+00  4.3794182599e-01  2.3224068085e+00 -2.4721857877e+00 -1.9654484584e-01  3.2639374600e+00 -1.0080245144e+00 -3.4675550132e-01  1.3634335554e+00 -2.5011589755e+00 -1.6083982430e+00  3.2001809672e+00 -6.6593571050e-01  7.9740772470e-01 -9.6387511156e-01  3.3304484789e-01 -3.3542717194e-01 -9.2382640346e-01 -1.0025373913e-01  3.3077276732e-01  3.7076925093e-01  1.4250600464e-01 -1.8373015821e+00 -2.9278939818e+00 -3.2839412264e+00 -3.6882362085e+00  4.0450737792e+00 -5.1278192482e-02 -1.7205304336e+00 -1.4097471872e+00 -1.0718537532e+00 -1.6758409472e+00  1.3842383321e+00 -1.8305264469e+00 -2.3101851698e+00  2.2983169103e+00  9.0862321628e-01  1.2186426324e+00  9.3192942950e-01 -3.2565903848e+00 -2.2505520735e+00  4.1194638075e+00 -1.6369522220e+00  1.5225405583e+00  2.2958229140e+00 -3.0391767265e+00  3.2936869614e-01  4.0260413546e+00 -3.5173898537e-01  1.7758794488e+00 -1.3157041999e+00 -1.6983102825e+00  5.3245471206e-01 -1.1784536288e+00  1.3440481061e+00 -3.7971952143e-02 -1.1945173163e+00 -4.7540635540e-01 -1.1058802182e+00 -3.4615869950e+00 -1.3266855796e-01 -2.8358681334e+00 -3.2847480523e+00  1.1861485110e+00 -1.6577371069e+00 -3.2122753600e+00 -3.9415946521e+00 -4.0005318909e+00  4.8568651596e+00 -2.2811936513e+00 -4.1019270441e+00  4.1787582251e+00 -3.6774074224e+00 -4.0182310482e+00  3.0802191977e+00  5.5095952581e-01 -2.4745694294e+00 -8.9228195413e-01 -1.0886780800e+00 -1.9402066948e+00 -1.1478997675e+00  1.4791463283e+00  7.1198872782e-01  1.6081116512e+00  4.7875980959e-01  2.0013051569e+00  1.4228101331e+00
ENERGY -6.296162314743e+02

JOB 6
COORDS -1.8975253089e+00  4.1966069015e-01  2.1080040416e+00 -2.6905676974e+00 -2.1005838076e-01  3.0356330596e+00 -9.9125392551e-01 -3.5986256995e-01  1.3457688264e+00 -2.5205544527e+00 -1.6081468521e+00  3.1551859233e+00 -5.2172395075e-01  8.8494656314e-01 -9.0500770295e-01  3.8143570134e-01 -3.2955470193e-01 -8.9460117909e-01 -2.3976368527e-02  3.1660476190e-01  4.1288009383e-01  5.8082490643e-05 -1.7674066866e+00 -2.9263835883e+00 -3.1196839640e+00 -3.6711909713e+00  4.1749771058e+00 -1.3247862567e-01 -1.6633895291e+00 -1.4010679983e+00 -8.7191016614e-01 -1.6728262881e+00  1.5354587159e+00 -1.6485898925e+00 -2.3024943146e+00  2.4362932692e+00  1.0317727494e+00  1.0875051481e+00  1.0546425448e+00 -3.2964570030e+00 -2.2467460881e+00  4.0595731766e+00 -1.9682566854e+00  1.4915879566e+00  1.9399245957e+00 -3.4159218963e+00  3.0839398479e-01  3.6552507514e+00 -1.1554855334e-01  1.8446825617e+00 -1.2102570204e+00 -1.5664389141e+00  7.1845336830e-01 -1.1572750467e+00  1.4171868314e+00 -1.1871174716e-01 -1.1526756923e+00 -5.6740406748e-01 -9.7429449442e-01 -3.4266791006e+00 -3.7240258285e-01 -2.7311188592e+00 -3.2906350641e+00  1.0459915717e+00 -1.6739480909e+00 -3.2413395875e+00 -3.8305072584e+00 -3.9826030866e+00  4.9409979913e+00 -2.0968434244e+00 -3.9112385813e+00  4.4761036777e+00 -3.3342809443e+00 -4.1659563330e+00  3.2243345149e+00  4.1609057493e-01 -2.4766969335e+00 -9.1512594693e-01 -1.1793968343e+00 -1.7961203501e+00 -1.1120331045e+00  1.5697665551e+00  4.7643848379e-01  1.6692111135e+00  6.3385219893e-01  1.8230455586e+00  1.6384999648e+00
ENERGY -6.296182669258e+02

JOB 7
COORDS -2.0599680385e+00  3.4449435885e-01  1.8626282944e+00 -2.8916641340e+00 -2.8927146777e-01  2.7554810138e+00 -9.7861648050e-01 -3.8311993481e-01  1.3118726394e+00 -2.5797161315e+00 -1.6342325210e+00  3.0525264546e+00 -4.1214744269e-01  9.4524063352e-01 -8.6376824028e-01  4.0286552625e-01 -3.3205300575e-01 -9.0133006950e-01  3.5214817165e-02  2.8760033673e-01  4.2720867809e-01 -1.1741134179e-01 -1.7111772423e+00 -2.9501937317e+00 -3.0659284231e+00 -3.6476821308e+00  4.2217929321e+00 -2.1721818017e-01 -1.6132578467e+00 -1.4224262891e+00 -7.3683126948e-01 -1.6483030361e+00  1.6579382418e+00 -1.5448260363e+00 -2.2792817287e+00  2.5261720446e+00  1.1324537462e+00  9.4885730575e-01  1.1184774352e+00 -3.3899068726e+00 -2.2766919301e+00  3.9234945742e+00 -2.2254326346e+00  1.3774167880e+00  1.5671036189e+00 -3.7474475346e+00  1.8958943054e-01  3.2215379403e+00  6.7959482737e-02  1.8824205223e+00 -1.1279019702e+00 -1.4628849190e+00  8.6665361606e-01 -1.1337341169e+00  1.4513681602e+00 -1.9458593764e-01 -1.1568777510e+00 -6.2728451178e-01 -8.6962246426e-01 -3.4328425546e+00 -5.7070035995e-01 -2.6380577497e+00 -3.3182616600e+00  9.2778837440e-01 -1.6973315322e+00 -3.2801801047e+00 -3.8313730611e+00 -3.9712172674e+00  4.9278012959e+00 -2.0714170785e+00 -3.7220405408e+00  4.6689782245e+00 -3.0931729002e+00 -4.2578781134e+00  3.3154645721e+00  2.7416432097e-01 -2.4721728811e+00 -9.5269850787e-01 -1.2686392159e+00 -1.6671614090e+00 -1.1196686078e+00  1.6257781636e+00  2.6158132829e-01  1.6888779422e+00  7.6908763149e-01  1.6573651112e+00  1.7564577720e+00
ENERGY -6.296200351837e+02

JOB 8
COORDS -2.1480119766e+00  2.3787309915e-01  1.6722719962e+00 -3.0092857231e+00 -4.1223868872e-01  2.5266630787e+00 -9.3165077536e-01 -3.9597954429e-01  1.3331897390e+00 -2.5888894926e+00 -1.6736590172e+00  2.9991189483e+00 -3.0473564515e-01  9.9881592606e-01 -7.8410377040e-01  4.2935106261e-01 -3.2433692467e-01 -8.7733463472e-01  1.1018488192e-01  2.6880991015e-01  4.7658981260e-01 -2.0895317299e-01 -1.6390531455e+00 -2.9400740590e+00 -2.9883334330e+00 -3.6173175562e+00  4.3109282558e+00 -2.7787418130e-01 -1.5538532650e+00 -1.4101392282e+00 -5.9614870368e-01 -1.5862087789e+00  1.8359960701e+00 -1.4271523707e+00 -2.2293536049e+00  2.6694687034e+00  1.2507254560e+00  8.2901852226e-01  1.1842925490e+00 -3.4256932435e+00 -2.3314470180e+00  3.8328299495e+00 -2.3882532814e+00  1.2133584593e+00  1.2586206953e+00 -3.9646671066e+00 -2.0289395105e-03  2.8394548224e+00  2.3300807142e-01  1.9118051560e+00 -1.0190960659e+00 -1.3580076422e+00  9.9687531152e-01 -1.0550393431e+00  1.4821846204e+00 -2.4782986470e-01 -1.1401764261e+00 -6.7307219965e-01 -7.6120517710e-01 -3.4036833821e+00 -7.2468965823e-01 -2.5311980374e+00 -3.3116772085e+00  8.2976045517e-01 -1.6854198273e+00 -3.2866715427e+00 -3.7958749172e+00 -3.9686845088e+00  4.9539451108e+00 -2.0572668852e+00 -3.5244961322e+00  4.8757900713e+00 -2.8299750307e+00 -4.3068736101e+00  3.4778471131e+00  1.6632390576e-01 -2.4492923909e+00 -9.5991234685e-01 -1.3267218018e+00 -1.5456627660e+00 -1.0912803195e+00  1.6948243012e+00  8.4451660931e-02  1.7226934454e+00  9.3160548837e-01  1.5271509882e+00  1.8566719498e+00
ENERGY -6.296211643677e+02

JOB 9
COORDS -2.2086941985e+00  1.0586093789e-01  1.4890557008e+00 -3.0878271890e+00 -5.5924063057e-01  2.3142417206e+00 -8.9908693493e-01 -4.0425241505e-01  1.3516872872e+00 -2.5932998195e+00 -1.7099917795e+00  2.9622306823e+00 -2.1679344138e-01  1.0411168759e+00 -7.2303064534e-01  4.3967940053e-01 -3.1704930780e-01 -8.6987678154e-01  1.6353845451e-01  2.4740547516e-01  5.0889261520e-01 -2.9023262292e-01 -1.5405065109e+00 -2.9600238334e+00 -2.9305162560e+00 -3.5539460928e+00  4.4269006801e+00 -3.3951794991e-01 -1.4904040813e+00 -1.4277776201e+00 -5.0096018531e-01 -1.4941733312e+00  2.0129933162e+00 -1.3463080050e+00 -2.1493652891e+00  2.8200402895e+00  1.3425301930e+00  7.1764186976e-01  1.2173894878e+00 -3.4457118956e+00 -2.3815996029e+00  3.7687746674e+00 -2.5064799371e+00  1.0049415280e+00  9.5824188786e-01 -4.1110112653e+00 -2.3604918405e-01  2.4799451343e+00  3.7350547283e-01  1.9284262470e+00 -9.2720417863e-01 -1.2664889149e+00  1.1122954812e+00 -9.9642982368e-01  1.4940266010e+00 -2.9403870355e-01 -1.1365877050e+00 -7.0905155088e-01 -6.2640708304e-01 -3.3956772220e+00 -8.5835333393e-01 -2.3927310096e+00 -3.3484621368e+00  7.4100498011e-01 -1.6351386100e+00 -3.3185949464e+00 -3.7654730356e+00 -3.9376302734e+00  5.0140109576e+00 -2.0889079358e+00 -3.2962399715e+00  5.0749027760e+00 -2.6001185060e+00 -4.2954121079e+00  3.6949976697e+00  6.0581085512e-02 -2.4212196775e+00 -1.0072860423e+00 -1.3837348517e+00 -1.4340539740e+00 -1.0980090829e+00  1.7365032508e+00 -6.9084058394e-02  1.7345593236e+00  1.0674807756e+00  1.4120527700e+00  1.9127978289e+00
ENERGY -6.296216202216e+02

JOB 10
COORDS -2.2417165075e+00 -7.4004475101e-02  1.3014945006e+00 -3.1287168073e+00 -7.4009105402e-01  2.1167238290e+00 -8.7675379923e-01 -4.3571778942e-01  1.3530313020e+00 -2.5901666141e+00 -1.7445940952e+00  2.9467971390e+00 -1.4173856010e-01  1.0601155919e+00 -6.8028758384e-01  4.4272873658e-01 -3.2114240885e-01 -8.8609550212e-01  2.0249993628e-01  2.0437825609e-01  5.2054225570e-01 -3.6149878588e-01 -1.4039312122e+00 -3.0255151225e+00 -2.8876059269e+00 -3.4362265000e+00  4.5923392830e+00 -3.9172143520e-01 -1.4308073395e+00 -1.4919245662e+00 -4.4354791877e-01 -1.3915684948e+00  2.1794414728e+00 -1.2964436947e+00 -2.0476634513e+00  2.9774181318e+00  1.4114450735e+00  5.9352000530e-01  1.2259507707e+00 -3.4494095955e+00 -2.4148572793e+00  3.7473528543e+00 -2.5804150423e+00  7.1948194592e-01  6.4350653442e-01 -4.1915588525e+00 -5.2022217757e-01  2.1440328074e+00  4.9502516126e-01  1.9222435892e+00 -8.4930684313e-01 -1.1843086836e+00  1.2022393718e+00 -9.5085591282e-01  1.4975635156e+00 -3.4131992531e-01 -1.1506968659e+00 -7.4814662874e-01 -4.5268024741e-01 -3.4079781420e+00 -9.6761934725e-01 -2.2119008430e+00 -3.4494283654e+00  6.6110799505e-01 -1.5201905299e+00 -3.4017199918e+00 -3.7355825455e+00 -3.8451891055e+00  5.1425607283e+00 -2.1514316732e+00 -3.0097647661e+00  5.2785216363e+00 -2.4053416412e+00 -4.2128479957e+00  3.9932220486e+00 -2.3400703099e-02 -2.3983066641e+00 -1.1280052762e+00 -1.4293243627e+00 -1.3523051915e+00 -1.1471432504e+00  1.7413972139e+00 -2.1557258193e-01  1.7531082708e+00  1.1794307969e+00  1.3070181476e+00  1.9178575039e+00
ENERGY -6.296216245746e+02

JOB 11
COORDS -2.2621686669e+00 -2.9014214420e-01  1.1447433630e+00 -3.1593320268e+00 -9.4706377601e-01  1.9542399559e+00 -8.7868572997e-01 -4.9212127486e-01  1.3647399617e+00 -2.6156854019e+00 -1.7847902479e+00  2.9503081345e+00 -1.0889178978e-01  1.0656412444e+00 -6.1356350234e-01  4.2237187138e-01 -3.2173717229e-01 -8.9670275876e-01  2.1291952552e-01  1.4036036568e-01  5.4233496388e-01 -4.1234731293e-01 -1.2421496419e+00 -3.0970620193e+00 -2.9183914567e+00 -3.2946013637e+00  4.7623138923e+00 -4.3929443998e-01 -1.3710803725e+00 -1.5682244745e+00 -4.4634302222e-01 -1.2961448101e+00  2.3395480331e+00 -1.3105189618e+00 -1.9439127504e+00  3.1338331625e+00  1.4457533413e+00  4.5913577545e-01  1.2396987259e+00 -3.4855445037e+00 -2.4433437141e+00  3.7492676079e+00 -2.6123760176e+00  3.8038049552e-01  3.6747359876e-01 -4.2352759335e+00 -8.3983167646e-01  1.8568844145e+00  5.5985419567e-01  1.9105421423e+00 -7.4112579126e-01 -1.1468024550e+00  1.2668946456e+00 -8.6262066129e-01  1.4765435014e+00 -3.6210029632e-01 -1.1612434894e+00 -7.8261383492e-01 -2.6061655357e-01 -3.4133009768e+00 -1.0342016251e+00 -2.0089531752e+00 -3.5715995451e+00  6.0697974407e-01 -1.3511225334e+00 -3.4839812242e+00 -3.7751763411e+00 -3.7234330283e+00  5.2829750542e+00 -2.2976172957e+00 -2.7161867007e+00  5.4513651535e+00 -2.3080719165e+00 -4.0808551494e+00  4.3105839467e+00 -8.7768173264e-02 -2.3680084853e+00 -1.2732849420e+00 -1.4744745455e+00 -1.2992586423e+00 -1.2175528713e+00  1.7377044619e+00 -3.7137135934e-01  1.7553955387e+00  1.2485022767e+00  1.1659819803e+00  1.9492138836e+00
ENERGY -6.296214827833e+02

JOB 12
COORDS -2.2556084888e+00 -5.5600730489e-01  1.0407666664e+00 -3.1542909418e+00 -1.1951000410e+00  1.8603855409e+00 -8.7933079699e-01 -5.9428523788e-01  1.3804564719e+00 -2.6249973068e+00 -1.8534376558e+00  2.9908608099e+00 -1.1122231268e-01  1.0351914617e+00 -5.3267882390e-01  3.9262811156e-01 -3.3741329043e-01 -9.1630531889e-01  2.1567036858e-01  2.8495711243e-02  5.5633230437e-01 -4.3172625335e-01 -1.0859572254e+00 -3.1813750358e+00 -2.9465194162e+00 -3.1560179857e+00  4.9537221261e+00 -4.6553706812e-01 -1.3348269075e+00 -1.6671420464e+00 -4.6305670870e-01 -1.2346894709e+00  2.4756524541e+00 -1.3317181236e+00 -1.8631572388e+00  3.2834688087e+00  1.4708943230e+00  2.8840901475e-01  1.2371132772e+00 -3.4988306300e+00 -2.4915973625e+00  3.8022295047e+00 -2.6049017970e+00 -1.4419544522e-02  1.6887602161e-01 -4.2237653607e+00 -1.2025301706e+00  1.6741065318e+00  5.6765665434e-01  1.8775582833e+00 -6.1550599017e-01 -1.1528123471e+00  1.2676951108e+00 -7.3517157396e-01  1.4453204214e+00 -3.6736925560e-01 -1.1878287810e+00 -8.0797432466e-01 -8.5393157149e-02 -3.4215754140e+00 -1.0451592341e+00 -1.8177495478e+00 -3.7180093588e+00  5.9037377161e-01 -1.1565465284e+00 -3.5697785987e+00 -3.8032944738e+00 -3.5993477088e+00  5.4621241623e+00 -2.4374715457e+00 -2.4416870878e+00  5.6059060185e+00 -2.2349922262e+00 -3.9285509366e+00  4.6509568988e+00 -1.0738102589e-01 -2.3493297733e+00 -1.4505943444e+00 -1.5026832840e+00 -1.3016961330e+00 -1.3207790358e+00  1.7570243356e+00 -5.6903997649e-01  1.7100942282e+00  1.2993710660e+00  9.5610807601e-01  1.9902221488e+00
ENERGY -6.296208729284e+02

JOB 13
COORDS -2.2766274129e+00 -8.6760756911e-01  1.0019312717e+00 -3.1807248199e+00 -1.4795712523e+00  1.8346627182e+00 -9.2751514962e-01 -7.4991796478e-01  1.4281473456e+00 -2.6875907422e+00 -1.9529439691e+00  3.0698417257e+00 -1.6010438017e-01  9.5782669542e-01 -3.9692727422e-01  3.2976761109e-01 -3.8254347562e-01 -8.9720524956e-01  1.7450681639e-01 -1.4156634996e-01  6.0206325386e-01 -4.0284507884e-01 -9.4291506372e-01 -3.2415264347e+00 -3.0550519529e+00 -3.0292673382e+00  5.1573533904e+00 -5.0086509746e-01 -1.3152323697e+00 -1.7552420085e+00 -5.4574185439e-01 -1.2228093261e+00  2.6170476787e+00 -1.4233622025e+00 -1.8178837683e+00  3.4425876387e+00  1.4480987764e+00  5.3774104422e-02  1.2704677665e+00 -3.5685269729e+00 -2.5608182396e+00  3.8967504872e+00 -2.6071714751e+00 -4.5526315079e-01  5.6161916042e-02 -4.2300420533e+00 -1.5982330399e+00  1.5828935843e+00  5.2120614555e-01  1.8018950546e+00 -4.2357479701e-01 -1.2070975414e+00  1.2053755300e+00 -5.5044112265e-01  1.3839870787e+00 -3.8440617411e-01 -1.1648739467e+00 -7.7021191610e-01  7.4674265281e-02 -3.4139708940e+00 -9.9212960267e-01 -1.6270296466e+00 -3.8615366278e+00  6.3483882338e-01 -9.8358094062e-01 -3.5907897968e+00 -3.9109894870e+00 -3.4787801107e+00  5.6617416227e+00 -2.6529611632e+00 -2.1993273544e+00  5.7441208193e+00 -2.2653708928e+00 -3.7690879721e+00  5.0030239052e+00 -1.4860594676e-01 -2.3441320043e+00 -1.6081101748e+00 -1.5519106713e+00 -1.3121470654e+00 -1.4575315507e+00  1.7569296446e+00 -8.4671757375e-01  1.6374851034e+00  1.2909764209e+00  6.2287054412e-01  2.1031920374e+00
ENERGY -6.296191857802e+02

JOB 14
COORDS -2.2367870101e+00 -1.1119179556e+00  9.3273815515e-01 -3.1185860748e+00 -1.7153269441e+00  1.7952422387e+00 -9.3024305285e-01 -8.0759849242e-01  1.3955083409e+00 -2.6480752648e+00 -1.9889842445e+00  3.0976734888e+00 -2.1805216346e-01  1.0470612769e+00 -3.0279496711e-01  2.2211163530e-01 -2.3963378814e-01 -9.6052111232e-01  1.4207015312e-01 -1.5782783335e-01  5.6152044241e-01 -2.1434539352e-01 -8.8587542261e-01 -3.3539988544e+00 -3.0168333460e+00 -2.8512328837e+00  5.2820450093e+00 -6.6523468828e-01 -1.0465249770e+00 -1.8950702389e+00 -5.6407821517e-01 -1.1080033513e+00  2.6441368052e+00 -1.4214697854e+00 -1.6908304791e+00  3.4992645606e+00  1.4538096039e+00 -4.7556579120e-02  1.1736659562e+00 -3.5090627793e+00 -2.5812337641e+00  3.9565876818e+00 -2.5484351489e+00 -8.6566940995e-01 -7.3807568261e-02 -4.1335286869e+00 -1.9784929200e+00  1.5137064633e+00  4.6926686786e-01  1.8859110228e+00 -2.6537456579e-01 -1.2709090474e+00  1.3080369460e+00 -3.7811896146e-01  1.2658716191e+00 -2.3681510457e-01 -1.2659885619e+00 -2.3383527594e-01  1.6738799646e-01 -3.6545589474e+00 -8.6694393856e-01 -1.4444524650e+00 -4.0333438625e+00  8.0823321931e-01 -1.2533040625e+00 -3.4932907002e+00 -3.8514547701e+00 -3.3210411051e+00  5.8034016635e+00 -2.7214934274e+00 -1.9250311783e+00  5.7817678725e+00 -2.1560259580e+00 -3.5239419354e+00  5.2459731950e+00 -6.4418459035e-01 -2.1084171015e+00 -1.6187872829e+00 -1.7085368702e+00 -7.2440036234e-01 -1.8246591416e+00  1.7973428764e+00 -9.8853953747e-01  1.3695118489e+00  1.3412478855e+00  3.7427855310e-01  2.0958561014e+00
ENERGY -6.296171839834e+02

JOB 15
COORDS -1.8965373298e+00 -1.7273282335e+00  1.0103705898e+00 -2.7661916770e+00 -2.2566456126e+00  1.9339909264e+00 -1.4103323673e+00 -4.1079548488e-01  1.2099311319e+00 -3.1158886998e+00 -1.4334474364e+00  3.0245364516e+00 -8.9851283587e-01  5.6332679940e-01 -1.1575507744e+00  3.0540186338e-01 -3.0256820409e-01 -8.7289887025e-01 -4.6639811882e-01  3.1879141738e-01  2.8670155040e-01  1.2428855528e+00 -1.9196094932e+00 -2.5555072108e+00 -4.3229888500e+00 -1.0887409357e+00  5.0435313147e+00  3.8273435513e-01 -1.7615408419e+00 -1.2933983909e+00 -1.7829268404e+00  2.9545513103e-01  2.2814140641e+00 -2.6379282018e+00 -2.0724144876e-01  3.1851831008e+00  2.4044641384e-01  1.4490363355e+00  8.6622561224e-01 -3.9764526556e+00 -1.9408298116e+00  3.9363284816e+00 -1.5946861185e+00 -2.3149637829e+00  1.5463368795e-01 -3.1745898991e+00 -3.2592956339e+00  1.8525497440e+00 -7.5628577112e-01  1.5697146216e+00 -1.5379075046e+00 -1.7989110084e+00  5.5219001629e-02 -1.4947408844e+00  1.2530343038e+00  2.1808292453e-01 -9.9155297943e-01  8.3698215244e-01 -1.3238329704e+00 -3.3802299571e+00  1.2822951206e+00 -2.9651216674e+00 -2.8791717788e+00  2.2704397755e+00 -1.5846330956e+00 -2.3765692973e+00 -5.0132982194e+00 -1.6777560289e+00  5.6482136042e+00 -4.8036060452e+00 -1.7228295974e-01  4.6915040283e+00 -3.4337719750e+00 -8.2300370358e-01  5.6209823778e+00  8.0352600281e-01 -2.3740140328e+00 -4.8551956161e-01 -6.1411295233e-01 -2.1586870261e+00 -1.5099129242e+00  8.7831184511e-01  1.0987283300e+00  1.5822900153e+00 -4.3757276193e-01  2.0149056886e+00  1.3771883793e+00
ENERGY -6.296159515403e+02

JOB 16
COORDS -1.5886307119e+00 -1.8427455932e+00  1.2050101755e+00 -2.4859884598e+00 -2.3650219308e+00  2.1087852183e+00 -1.3053692843e+00 -4.5712039346e-01  1.2548962350e+00 -3.0648873093e+00 -1.4639502639e+00  3.0242836901e+00 -8.3542853577e-01  5.8824674381e-01 -1.0917582406e+00  3.6120324570e-01 -3.0412140270e-01 -8.6578074884e-01 -3.7379437712e-01  2.8980449739e-01  3.3037254001e-01  1.0197972204e+00 -1.8212520130e+00 -2.7572524874e+00 -4.5359508526e+00 -1.0282171177e+00  4.8411830512e+00  3.7670621706e-01 -1.7388383140e+00 -1.3653916646e+00 -1.8862100291e+00  3.2438822840e-01  2.1717570894e+00 -2.7641510797e+00 -1.7087376083e-01  3.0535182227e+00  3.5531428124e-01  1.3937301043e+00  9.3585385532e-01 -3.9571443974e+00 -1.9614921602e+00  3.9104111651e+00 -1.0992768063e+00 -2.4906803513e+00  4.9153037442e-01 -2.7451031132e+00 -3.4188799863e+00  2.1406770936e+00 -6.8988010084e-01  1.6052321493e+00 -1.4418840504e+00 -1.7498484121e+00  1.0298111847e-01 -1.4244857939e+00  1.3166575180e+00  1.9897863766e-01 -9.9810548449e-01  4.7599231861e-01 -1.1960210263e+00 -3.4735230580e+00  1.0189689945e+00 -2.8496513899e+00 -3.1339456444e+00  2.0583520160e+00 -1.4733798790e+00 -2.7328739866e+00 -5.2159423089e+00 -1.6232228568e+00  5.4516432203e+00 -5.0801112609e+00 -2.4109125860e-01  4.3129114374e+00 -3.7618981101e+00 -5.6888207001e-01  5.4613298409e+00  9.3057545023e-01 -2.3841829349e+00 -6.7072439912e-01 -6.4140710851e-01 -2.1356043215e+00 -1.4330147282e+00  9.9684733392e-01  1.0183874288e+00  1.6354832578e+00 -3.1503475661e-01  1.9608851834e+00  1.4558129471e+00
ENERGY -6.296157665911e+02

JOB 17
COORDS -1.3106222625e+00 -1.8680544035e+00  1.4271610545e+00 -2.2211510618e+00 -2.3971240906e+00  2.3153286506e+00 -1.2200441529e+00 -4.6240129097e-01  1.3103800051e+00 -3.0010595205e+00 -1.4792558945e+00  3.0455332191e+00 -7.5772459867e-01  6.2882032692e-01 -1.0154352867e+00  3.9839398940e-01 -3.2541091099e-01 -8.2807149614e-01 -2.8753620045e-01  2.8341874136e-01  3.8762289420e-01  7.2307824483e-01 -1.8233447554e+00 -2.8209692972e+00 -4.6914214555e+00 -1.0317684895e+00  4.6580860482e+00  2.9730915101e-01 -1.7486207369e+00 -1.3477853037e+00 -1.9866595161e+00  3.4004392559e-01  2.0569084682e+00 -2.8733340598e+00 -1.6138486201e-01  2.9246512315e+00  4.8753151453e-01  1.3442314078e+00  1.0147289939e+00 -3.9079211270e+00 -1.9826033622e+00  3.9131511389e+00 -6.6142885107e-01 -2.5181311863e+00  8.5588318763e-01 -2.3435786066e+00 -3.4645736553e+00  2.4713320026e+00 -5.6685474449e-01  1.6423060507e+00 -1.3537612226e+00 -1.7008268694e+00  1.9676384053e-01 -1.3407133107e+00  1.3773644365e+00  1.2258801256e-01 -9.8472984256e-01  9.4633247427e-02 -1.1736641305e+00 -3.4393994889e+00  6.4038061585e-01 -2.8451364923e+00 -3.2065897372e+00  1.7620275421e+00 -1.4994392636e+00 -2.9476700168e+00 -5.3488812394e+00 -1.6363661371e+00  5.2836094583e+00 -5.2744960266e+00 -3.9794411998e-01  3.9850705129e+00 -4.0485774139e+00 -3.9745796488e-01  5.2737916705e+00  9.3201704007e-01 -2.4209032136e+00 -7.5480142905e-01 -7.3045575833e-01 -2.1165210959e+00 -1.2603198569e+00  1.0939962581e+00  9.3811475436e-01  1.7279910914e+00 -1.6367059006e-01  1.9544623743e+00  1.5100905901e+00
ENERGY -6.296167044353e+02

JOB 18
COORDS -1.0560715191e+00 -1.8054470402e+00  1.5798664154e+00 -1.9667732165e+00 -2.3606870223e+00  2.4511154223e+00 -1.1499063704e+00 -4.2391071341e-01  1.2976321791e+00 -2.9289060226e+00 -1.4879686861e+00  2.9977946030e+00 -6.6306804098e-01  7.2298506730e-01 -9.9124439503e-01  4.3441345227e-01 -3.0582201421e-01 -8.3649120299e-01 -2.0288636265e-01  3.2257604517e-01  3.9408367169e-01  4.6069389541e-01 -1.8068830896e+00 -2.8594587317e+00 -4.8085697962e+00 -1.1143820375e+00  4.4070514864e+00  2.0868504419e-01 -1.7171604056e+00 -1.3478785130e+00 -2.0878301500e+00  3.3890387150e-01  1.8669703681e+00 -2.9748268145e+00 -1.8801164635e-01  2.7209427550e+00  6.2630997373e-01  1.3210573407e+00  1.0541542942e+00 -3.8355587470e+00 -2.0176053231e+00  3.8497116497e+00 -2.7228593766e-01 -2.4076614429e+00  1.1360396520e+00 -1.9626240650e+00 -3.4111699008e+00  2.7254177738e+00 -4.0806004088e-01  1.7263792123e+00 -1.3170231053e+00 -1.6365088191e+00  3.6196856824e-01 -1.3127946302e+00  1.4387068811e+00  7.3882388627e-02 -1.0120534898e+00 -2.0728226420e-01 -1.1318727890e+00 -3.4048795396e+00  2.9456834115e-01 -2.8241151975e+00 -3.2300861155e+00  1.4905617232e+00 -1.5240621121e+00 -3.1043298079e+00 -5.4320887200e+00 -1.7344224466e+00  5.0519184613e+00 -5.4076196928e+00 -6.5442429109e-01  3.6170180842e+00 -4.3193781205e+00 -3.2614529783e-01  4.9849846828e+00  8.7399126664e-01 -2.4216060350e+00 -8.3061056248e-01 -8.1740183892e-01 -2.0379178645e+00 -1.1368496424e+00  1.1911415467e+00  8.7226878424e-01  1.7757401640e+00  9.5092456827e-03  1.9771166253e+00  1.5348671857e+00
ENERGY -6.296181539183e+02

JOB 19
COORDS -8.4775620574e-01 -1.6973016602e+00  1.7434367211e+00 -1.7519258719e+00 -2.2723372727e+00  2.6062788537e+00 -1.0937703311e+00 -3.8093844410e-01  1.2879899776e+00 -2.8621018766e+00 -1.4809052710e+00  2.9700128682e+00 -5.8825684581e-01  8.2147900645e-01 -9.6208317994e-01  4.3332908349e-01 -2.9114594046e-01 -8.5667938766e-01 -1.2987173998e-01  3.5587585468e-01  3.9817770939e-01  2.1730317662e-01 -1.8040859858e+00 -2.8655941711e+00 -4.8918093132e+00 -1.2153342958e+00  4.1818857524e+00  7.4522857097e-02 -1.6831231823e+00 -1.3422680492e+00 -2.1710266396e+00  3.0352234235e-01  1.6766945471e+00 -3.0555735893e+00 -2.4391510695e-01  2.5244943729e+00  7.7732660316e-01  1.2688026311e+00  1.0798196429e+00 -3.7615039419e+00 -2.0296283881e+00  3.8173635390e+00  3.8615426340e-02 -2.2320259657e+00  1.4174107475e+00 -1.6439437801e+00 -3.2777644107e+00  3.0015146553e+00 -2.5955718842e-01  1.8069297842e+00 -1.2760197086e+00 -1.5954695124e+00  5.4824737090e-01 -1.2641586460e+00  1.4589096446e+00  9.3314950576e-03 -1.0607250294e+00 -4.3741809930e-01 -1.0889416155e+00 -3.3747468134e+00 -4.3458329169e-02 -2.8104259546e+00 -3.2106990734e+00  1.2454639952e+00 -1.5962326283e+00 -3.1825201594e+00 -5.4816347726e+00 -1.8372397636e+00  4.8559930968e+00 -5.4742520679e+00 -9.4327614779e-01  3.2979937177e+00 -4.5650490480e+00 -3.0201010205e-01  4.6854999625e+00  7.1861727036e-01 -2.4300645465e+00 -8.5902809837e-01 -9.5446318157e-01 -1.9273946637e+00 -1.0549350846e+00  1.3177462525e+00  7.6197114524e-01  1.7813363982e+00  2.2260625195e-01  1.9632556538e+00  1.5815974758e+00
ENERGY -6.296194688272e+02

JOB 20
COORDS -6.7105989747e-01 -1.5449339408e+00  1.9452111025e+00 -1.5816506899e+00 -2.1307751244e+00  2.7908059580e+00 -1.0263760467e+00 -3.3398073483e-01  1.3021202262e+00 -2.8126384974e+00 -1.4550493550e+00  2.9477646178e+00 -5.0726104015e-01  9.0781416253e-01 -9.1779124850e-01  4.2121492066e-01 -2.8902078594e-01 -8.6972530985e-01 -4.3540309303e-02  3.7739268690e-01  4.1392207022e-01  1.3419404885e-04 -1.8086789794e+00 -2.8451652690e+00 -4.9738736864e+00 -1.3241949647e+00  3.9319747343e+00 -7.3722465982e-02 -1.6495502380e+00 -1.3207516509e+00 -2.2133475130e+00  2.3898480521e-01  1.4939333652e+00 -3.1107448274e+00 -3.2198854204e-01  2.3241196599e+00  9.5745121773e-01  1.1878978915e+00  1.0927571737e+00 -3.7196539410e+00 -2.0150203030e+00  3.7794285605e+00  2.9933051270e-01 -1.9965733866e+00  1.7570692416e+00 -1.3975261147e+00 -3.0620306890e+00  3.3177102415e+00 -1.0281772971e-01  1.8654891270e+00 -1.2286878711e+00 -1.5453507895e+00  7.3112070653e-01 -1.1828002269e+00  1.4605214125e+00 -7.4959878096e-02 -1.1110792309e+00 -6.0899541182e-01 -1.0475294083e+00 -3.3442265230e+00 -3.6048586132e-01 -2.7938274541e+00 -3.1602683794e+00  1.0295539728e+00 -1.6975022342e+00 -3.2041616658e+00 -5.5480492484e+00 -1.9331478360e+00  4.6309542966e+00 -5.4912786568e+00 -1.2450514804e+00  2.9725333922e+00 -4.8163977665e+00 -3.1985822806e-01  4.3332543058e+00  5.1911037625e-01 -2.4407521428e+00 -8.4192662025e-01 -1.1080321385e+00 -1.7973452471e+00 -9.8983090449e-01  1.4895563024e+00  6.1673136879e-01  1.7494256313e+00  4.8735561603e-01  1.9094768027e+00  1.6399581655e+00
ENERGY -6.296202867287e+02

JOB 21
COORDS -5.3354441494e-01 -1.3779778693e+00  2.1719022004e+00 -1.4432643933e+00 -1.9778399841e+00  3.0069375892e+00 -9.7115663232e-01 -3.1505481772e-01  1.3423116005e+00 -2.7609056941e+00 -1.4667792558e+00  2.9656087750e+00 -4.8929194953e-01  9.6669803914e-01 -8.6296565308e-01  3.5855026867e-01 -2.8813930901e-01 -8.9055478322e-01  6.2751897432e-03  3.7531256008e-01  4.3191469335e-01 -2.3977110434e-01 -1.7825033293e+00 -2.8407104435e+00 -5.0103309164e+00 -1.5219538119e+00  3.7347779633e+00 -2.4736162225e-01 -1.6109615510e+00 -1.3161607211e+00 -2.2350105675e+00  1.0168635942e-01  1.3509349718e+00 -3.1357834927e+00 -4.7584109564e-01  2.1683507598e+00  1.0955468955e+00  1.0973614547e+00  1.0721171723e+00 -3.6680377472e+00 -2.0405330476e+00  3.7877905235e+00  4.9861421574e-01 -1.7167733865e+00  2.1282831125e+00 -1.1974088676e+00 -2.8047730455e+00  3.6661016518e+00 -3.3449608993e-02  1.9018056699e+00 -1.1709772227e+00 -1.5490058589e+00  8.6672189051e-01 -1.0737258287e+00  1.3967233211e+00 -1.4015760614e-01 -1.1820089112e+00 -8.0976901329e-01 -9.8155261496e-01 -3.3236385291e+00 -6.8254215393e-01 -2.7401100351e+00 -3.1353897002e+00  7.8129468081e-01 -1.7489446039e+00 -3.2375263101e+00 -5.5699966192e+00 -2.1128192632e+00  4.4605270925e+00 -5.4312657066e+00 -1.6397980471e+00  2.7330342796e+00 -5.0268801082e+00 -4.6267702405e-01  4.0034132555e+00  3.0467599630e-01 -2.4385350808e+00 -8.4980721723e-01 -1.2766659557e+00 -1.6816968592e+00 -9.4726952011e-01  1.6521580762e+00  4.7253014496e-01  1.6545164444e+00  7.1389123632e-01  1.8182139378e+00  1.6844960003e+00
ENERGY -6.296206152137e+02

JOB 22
COORDS -4.3730024625e-01 -1.1798948959e+00  2.4007064986e+00 -1.3636879203e+00 -1.7685465714e+00  3.2258476812e+00 -8.9216659350e-01 -3.0503946166e-01  1.3819984943e+00 -2.7169914893e+00 -1.4411074300e+00  2.9841125092e+00 -4.1829749261e-01  9.8289395748e-01 -8.2398723763e-01  3.4159736234e-01 -3.2112577681e-01 -9.0632211564e-01  9.1691974655e-02  3.4081151301e-01  4.4529255783e-01 -4.1566625418e-01 -1.7448768769e+00 -2.8510797239e+00 -5.0178263148e+00 -1.6708110966e+00  3.5369218004e+00 -3.5733229853e-01 -1.5991116963e+00 -1.3247587871e+00 -2.1895670617e+00 -5.6040025363e-02  1.2117522424e+00 -3.1068654663e+00 -6.2542143228e-01  2.0146539007e+00  1.2604671322e+00  9.7283406586e-01  1.0332937264e+00 -3.6412578666e+00 -2.0054996483e+00  3.7939864637e+00  6.2248734573e-01 -1.3899856623e+00  2.5163353652e+00 -1.1013217534e+00 -2.4558940036e+00  4.0242724740e+00  8.8061459149e-02  1.8914916674e+00 -1.1321910891e+00 -1.4898697235e+00  9.5432833134e-01 -9.8853705563e-01  1.3766264883e+00 -2.3424343032e-01 -1.2324496278e+00 -9.5685391425e-01 -9.0509109598e-01 -3.3000206781e+00 -9.2370707400e-01 -2.6706222463e+00 -3.1422624422e+00  5.8991225500e-01 -1.7630736989e+00 -3.2868390273e+00 -5.5870023162e+00 -2.2203357320e+00  4.2873470292e+00 -5.3091970232e+00 -1.9780240108e+00  2.5292534805e+00 -5.1803012289e+00 -5.9488203336e-01  3.6398126201e+00  1.6464891701e-01 -2.4631665389e+00 -8.9137737332e-01 -1.3742531656e+00 -1.6146744911e+00 -9.1932932852e-01  1.8500939966e+00  2.9474939913e-01  1.5127745875e+00  9.7661676215e-01  1.6731703538e+00  1.7173035798e+00
ENERGY -6.296207405989e+02

JOB 23
COORDS -4.2661865608e-01 -9.7450782692e-01  2.5862021508e+00 -1.3666293518e+00 -1.5351433369e+00  3.4173259516e+00 -8.6464431961e-01 -3.1390823358e-01  1.4112503098e+00 -2.7157286926e+00 -1.4015132692e+00  3.0237883062e+00 -3.8988942899e-01  9.8600314347e-01 -7.9083799492e-01  2.9661409262e-01 -3.5016127527e-01 -9.2650701941e-01  1.2488891740e-01  2.8910651265e-01  4.5300599831e-01 -5.6070448819e-01 -1.6771048817e+00 -2.8936102625e+00 -5.0253707942e+00 -1.8010930389e+00  3.4222839928e+00 -4.6759087367e-01 -1.5828630349e+00 -1.3646349623e+00 -2.1619093873e+00 -2.3500282608e-01  1.1094326907e+00 -3.0895326478e+00 -7.8047616008e-01  1.9132691353e+00  1.3508012911e+00  8.4039571058e-01  9.9965431739e-01 -3.6535036887e+00 -1.9421754298e+00  3.8350579443e+00  6.3041481194e-01 -1.0409052420e+00  2.8250822318e+00 -1.1135159332e+00 -2.0602160110e+00  4.3333077792e+00  1.5391191670e-01  1.8762048385e+00 -1.0888854222e+00 -1.4662637578e+00  1.0108074732e+00 -9.2074946023e-01  1.3277118235e+00 -3.0464419804e-01 -1.2731262523e+00 -1.0750813161e+00 -8.0198933569e-01 -3.3051376260e+00 -1.1136365961e+00 -2.5709945449e+00 -3.2020361990e+00  4.3413776152e-01 -1.7238523964e+00 -3.3516198378e+00 -5.6069653889e+00 -2.2966468535e+00  4.2002963356e+00 -5.1896036774e+00 -2.2796989638e+00  2.4533895984e+00 -5.3007147941e+00 -7.4598939550e-01  3.3470382215e+00  2.7179419974e-02 -2.4804215049e+00 -9.6933782378e-01 -1.4751861248e+00 -1.5655386303e+00 -9.3956695951e-01  1.9438888845e+00  1.1662226448e-01  1.4006620930e+00  1.1486161411e+00  1.5227354754e+00  1.7288518034e+00
ENERGY -6.296209806268e+02

