JOB 0
COORDS -4.6962566335e+00  4.1406474970e+00  2.2484070042e+00 -4.1320866890e+00  4.0210854610e+00  3.5215948521e+00 -5.1153005120e+00  2.9980062106e+00  1.5657568297e+00 -4.0021636153e+00  2.7583076719e+00  4.1029061723e+00 -4.9890831028e+00  1.7125250711e+00  2.1165279776e+00 -4.4321451737e+00  1.6274481907e+00  3.4053050419e+00 -4.4654317219e+00 -6.3551154306e-01  1.0754058860e+00 -3.3417822049e-01  2.9356228983e-01  1.4076702567e+00 -1.3979285752e+00  1.3956599409e+00  1.2994294962e+00 -9.5942572777e-01 -1.0261852411e+00  1.8823608372e+00 -6.8239456054e+00 -3.2127975023e-02  1.8124999813e+00 -6.6516833860e+00  5.6465699971e-01  4.4833255085e-01 -2.5784006110e+00  9.1489179293e-01  4.5191022681e-01 -2.1573580050e+00 -1.4285702402e+00  1.0140203122e+00 -5.4518288460e+00  4.8540089955e-01  1.3886910161e+00 -3.1290359079e+00 -3.3167589141e-01  9.8808793981e-01 -4.8710388366e+00 -1.7973874149e+00  9.8588005641e-01 -4.2732782117e+00  6.8712387981e-02  4.2001828030e+00 -4.8053773891e+00  5.1181297503e+00  1.7865789360e+00 -3.7981632247e+00  4.9010069573e+00  4.0644566651e+00 -5.5338531067e+00  3.0955271249e+00  5.6804812482e-01 -3.5748520764e+00  2.6440956672e+00  5.0942033929e+00  4.6874355414e-01  6.0201237171e-01  2.0865658151e+00  1.2678574443e-01  1.4105676335e-01  4.2170901746e-01 -1.7662477834e+00  1.6658717073e+00  2.2950627371e+00 -9.7343516360e-01  2.3008847129e+00  8.4997944645e-01 -2.1589786954e-01 -1.8315084017e+00  1.8649053776e+00 -1.3036447463e+00 -9.2020770713e-01  2.9179730173e+00 -7.3357804021e+00  5.6116512204e-01  2.5633431253e+00 -6.9163956937e+00 -1.1083213911e+00  1.8936080562e+00 -6.6360999601e+00 -1.1536956541e-01 -3.9711494351e-01 -7.0836234507e+00  1.5400911265e+00  2.4941933665e-01 -3.3518610671e+00  1.6733825216e+00  3.8859214369e-01 -2.2336646504e+00  7.1957101899e-01 -5.7666515622e-01 -1.8280347584e+00 -1.6580249402e+00 -1.1269270475e-02 -2.6571418906e+00 -2.3146151293e+00  1.4027134291e+00
ENERGY -1.172709568518e+03

JOB 1
COORDS -4.8368579185e+00  4.1754501622e+00  2.0895957066e+00 -4.2289623439e+00  4.1184152689e+00  3.3473472701e+00 -5.2213172284e+00  2.9946086053e+00  1.4536332201e+00 -4.0219890460e+00  2.8820967808e+00  3.9622116465e+00 -5.0137418926e+00  1.7337390458e+00  2.0369381405e+00 -4.4182749503e+00  1.7119227699e+00  3.3106659977e+00 -4.4204691883e+00 -5.7418733937e-01  8.9479345556e-01 -2.5674149206e-01  1.5263998999e-01  1.4788871383e+00 -1.2759852797e+00  1.2994599679e+00  1.5093774981e+00 -9.4414572599e-01 -1.1903817487e+00  1.7600937735e+00 -6.7037019670e+00 -1.6406844068e-01  1.9189726517e+00 -6.7430989262e+00  4.6543307967e-01  5.6042867492e-01 -2.4587685936e+00  9.9022794904e-01  5.8811815767e-01 -2.1395240540e+00 -1.4202026873e+00  8.2880000490e-01 -5.4342400869e+00  4.7250713020e-01  1.3438345563e+00 -3.0742801206e+00 -2.9391941014e-01  9.4030653951e-01 -4.8294317859e+00 -1.7032432756e+00  6.0503936855e-01 -4.1574445820e+00  1.8680217286e-01  4.1439123266e+00 -5.0065457575e+00  5.1330789616e+00  1.6049946668e+00 -3.9211848476e+00  5.0287153292e+00  3.8543754539e+00 -5.6747495945e+00  3.0384541751e+00  4.6739424485e-01 -3.5608802973e+00  2.8189006958e+00  4.9429149656e+00  5.4503037597e-01  3.3226183659e-01  2.2038856919e+00  2.1541858790e-01  1.1695648289e-01  4.8711749316e-01 -1.6501088145e+00  1.4448106244e+00  2.5283510929e+00 -8.1086481303e-01  2.2404843774e+00  1.1936048504e+00 -2.3483874987e-01 -2.0177870749e+00  1.6421662155e+00 -1.3027644802e+00 -1.2113740515e+00  2.7960267908e+00 -7.1618776581e+00  3.7290419559e-01  2.7433127027e+00 -6.7067206892e+00 -1.2454251121e+00  1.9785764351e+00 -6.7747162475e+00 -2.0216547207e-01 -2.9385724377e-01 -7.2670200752e+00  1.4082223555e+00  4.4114924859e-01 -3.1944756283e+00  1.7862904875e+00  6.1904247412e-01 -2.1006479502e+00  9.2236380886e-01 -4.5232413883e-01 -1.7998155318e+00 -1.5199536616e+00 -2.1384146760e-01 -2.6760025434e+00 -2.3326026369e+00  1.0839312958e+00
ENERGY -1.172708067083e+03

JOB 2
COORDS -5.6036346436e+00  3.4890083274e+00 -7.0017697416e-01 -6.0319009897e+00  2.9055510747e+00 -1.8958820441e+00 -5.3756996709e+00  2.6873914633e+00  4.1923706963e-01 -6.2393317881e+00  1.5256758663e+00 -1.9529590902e+00 -5.5638756751e+00  1.2958440789e+00  3.9084237596e-01 -6.0149236003e+00  7.4061798768e-01 -8.1997134564e-01 -4.2977387926e+00 -6.8354454550e-01  1.5903077733e+00 -3.9708657293e-01 -4.7513947099e-01  8.6338963005e-01 -1.3083675546e+00  7.5938002643e-01  8.8897028479e-01 -1.1540399229e+00 -1.7201145279e+00  1.3470651420e+00 -5.6103391622e+00  1.0096080429e+00  2.9906616573e+00 -6.5925547922e+00  6.6418136835e-02  2.3752252237e+00 -2.6221684971e+00  5.0757391098e-01  1.3228875604e-01 -2.4599946534e+00 -1.8914579100e+00  5.6348226484e-01 -5.3273708121e+00  4.4142671333e-01  1.5987513815e+00 -3.3000701925e+00 -6.8860464561e-01  6.4290235912e-01 -4.4189555420e+00 -1.6128407704e+00  2.3953557719e+00 -6.3350553120e+00 -9.8249911851e-01 -9.3939492097e-01 -5.4420483219e+00  4.5618692145e+00 -6.4060068190e-01 -6.2102429982e+00  3.5147396753e+00 -2.7777563831e+00 -5.0194320288e+00  3.1428563753e+00  1.3387145917e+00 -6.5833599155e+00  1.0546686167e+00 -2.8684356882e+00  4.9532892293e-01 -3.0299346880e-01  1.4756088652e+00 -4.6796394410e-02 -6.4171745791e-01 -1.6500401557e-01 -1.5488985988e+00  1.0204052145e+00  1.9277355310e+00 -8.0140688558e-01  1.6253111641e+00  4.4621972359e-01 -5.3573758386e-01 -2.6178363327e+00  1.2300446604e+00 -1.3972112939e+00 -1.6279144953e+00  2.4118414341e+00 -5.8763454328e+00  2.0586599168e+00  3.0698674491e+00 -4.9857303272e+00  6.2696511511e-01  3.7909519963e+00 -6.6321227661e+00 -9.4904683542e-01  2.7495063123e+00 -7.5166945790e+00  4.8056724163e-01  1.9847972467e+00 -3.2698522654e+00  1.3736796855e+00  2.1182352159e-01 -2.4184323103e+00  3.5381947981e-01 -9.3579224190e-01 -2.2399438813e+00 -2.0600134649e+00 -4.9929525501e-01 -3.0372425539e+00 -2.7354999211e+00  9.3682494636e-01
ENERGY -1.172707769274e+03

JOB 3
COORDS -5.6821485796e+00  3.4463218519e+00 -8.1195045641e-01 -6.1782652405e+00  2.8343963537e+00 -1.9661447406e+00 -5.3966837414e+00  2.6731030125e+00  3.1414261424e-01 -6.3945608181e+00  1.4548925548e+00 -1.9784320806e+00 -5.5963786950e+00  1.2829427365e+00  3.3295635610e-01 -6.1123984026e+00  6.9964711001e-01 -8.3826056556e-01 -4.3515674126e+00 -7.2936213595e-01  1.4615306118e+00 -4.0984575223e-01 -4.9039254320e-01  1.0163849722e+00 -1.3165568042e+00  7.4251221455e-01  1.1331571011e+00 -1.1984887536e+00 -1.7759325429e+00  1.3041898522e+00 -5.3999864726e+00  1.0774323739e+00  2.9415992865e+00 -6.5063656286e+00  1.8875977237e-01  2.4592260870e+00 -2.5808822441e+00  5.9523163794e-01  2.7195226219e-01 -2.4544980891e+00 -1.8435488074e+00  4.2809020304e-01 -5.3129688744e+00  4.5269266330e-01  1.5495379404e+00 -3.2891303811e+00 -6.4694503343e-01  5.9300041848e-01 -4.5574549946e+00 -1.7418898800e+00  2.1362145946e+00 -6.4484916869e+00 -1.0232242140e+00 -8.9256568274e-01 -5.5121093834e+00  4.5193037984e+00 -7.8935902570e-01 -6.4014812010e+00  3.4222109352e+00 -2.8522465498e+00 -4.9905023864e+00  3.1532058400e+00  1.1997164880e+00 -6.7892952753e+00  9.6207712177e-01 -2.8614126100e+00  4.4430267650e-01 -4.0075133303e-01  1.6969938178e+00  1.8037395059e-03 -5.3856545886e-01 -1.5756748946e-03 -1.6209429268e+00  8.8015380108e-01  2.1788264038e+00 -7.7958656516e-01  1.6493778111e+00  8.2969068620e-01 -5.7613611649e-01 -2.6598311469e+00  1.1219077600e+00 -1.5060393563e+00 -1.8051142567e+00  2.3559535590e+00 -5.5850042594e+00  2.1436758189e+00  3.0201023024e+00 -4.7222342038e+00  6.7446371835e-01  3.6874996224e+00 -6.5755946182e+00 -8.1332940307e-01  2.8650513350e+00 -7.4375318662e+00  6.5910813260e-01  2.1600621547e+00 -3.2348047724e+00  1.4487789849e+00  4.1630684498e-01 -2.3112881293e+00  5.7185258143e-01 -7.9236901228e-01 -2.1701348306e+00 -1.8973832650e+00 -6.3143843638e-01 -3.0596639254e+00 -2.7156218250e+00  6.7019348383e-01
ENERGY -1.172708506250e+03

JOB 4
COORDS -5.7422269494e+00  3.4186811730e+00 -8.9695388321e-01 -6.3370416277e+00  2.8101778343e+00 -2.0050023615e+00 -5.4006213819e+00  2.6490886538e+00  2.1588525030e-01 -6.5922954849e+00  1.4377449614e+00 -1.9832464930e+00 -5.6396191247e+00  1.2659395531e+00  2.6951110195e-01 -6.2517047438e+00  6.8594185762e-01 -8.5665790063e-01 -4.3942856947e+00 -7.8048241603e-01  1.3074891866e+00 -4.3260167633e-01 -5.0037788806e-01  1.1843249011e+00 -1.3557343663e+00  7.1908904428e-01  1.3192361994e+00 -1.2280015484e+00 -1.8075003626e+00  1.3166157767e+00 -5.1801882959e+00  1.1019348467e+00  2.8484806426e+00 -6.3843010761e+00  2.6337578602e-01  2.5176479125e+00 -2.5484233009e+00  6.2588465799e-01  3.5518153469e-01 -2.4142989092e+00 -1.8181623999e+00  3.4529655481e-01 -5.2957787468e+00  4.4229602191e-01  1.4773873197e+00 -3.2652531303e+00 -6.3795321282e-01  5.3824494972e-01 -4.6778013174e+00 -1.8494804050e+00  1.8521453977e+00 -6.6338296902e+00 -1.0269480516e+00 -8.6983074960e-01 -5.5395206534e+00  4.4862105290e+00 -8.9953211775e-01 -6.6054260395e+00  3.3945708987e+00 -2.8807954255e+00 -4.9227186647e+00  3.1303319911e+00  1.0640662985e+00 -7.0613782098e+00  9.4656955059e-01 -2.8300036289e+00  3.6612756959e-01 -4.5786762464e-01  1.9333167630e+00  5.6367111126e-02 -4.7278981811e-01  2.0039601541e-01 -1.7399710634e+00  7.8178361458e-01  2.3455328736e+00 -8.0425850038e-01  1.6463739899e+00  1.1222818565e+00 -5.8406702320e-01 -2.6725273221e+00  1.1195463269e+00 -1.6134873119e+00 -1.9147477481e+00  2.3373373095e+00 -5.3014182174e+00  2.1774943365e+00  2.9245571721e+00 -4.4437471765e+00  6.8111898205e-01  3.5263786092e+00 -6.4639799789e+00 -7.2669785140e-01  2.9512018733e+00 -7.3186886926e+00  7.7997949810e-01  2.3232459341e+00 -3.2219465270e+00  1.4640995263e+00  4.9952936736e-01 -2.1952300643e+00  6.7195949694e-01 -6.8362010092e-01 -2.0513435813e+00 -1.7954542153e+00 -6.9100002551e-01 -3.0296293787e+00 -2.7063569025e+00  4.7914239518e-01
ENERGY -1.172708344069e+03

JOB 5
COORDS -5.6975969174e+00  3.4791382760e+00 -1.0173008797e+00 -6.4130546177e+00  2.9033720047e+00 -2.0698216109e+00 -5.3512457954e+00  2.7042339269e+00  9.0323066310e-02 -6.7824277635e+00  1.5592758745e+00 -1.9966193101e+00 -5.7011923050e+00  1.3477481454e+00  1.9488623221e-01 -6.4331747339e+00  8.0157497734e-01 -8.7608205896e-01 -4.4939420797e+00 -7.3157346291e-01  1.1975815292e+00 -4.4791801889e-01 -4.7275368367e-01  1.3339376354e+00 -1.3669728498e+00  7.4639481530e-01  1.4935224895e+00 -1.2542117222e+00 -1.7775744185e+00  1.4063447649e+00 -5.1263550518e+00  1.2123974323e+00  2.7447005172e+00 -6.3795558806e+00  4.0707491433e-01  2.4993246429e+00 -2.5381070839e+00  6.9534842102e-01  5.0082477461e-01 -2.4195402149e+00 -1.7521440460e+00  4.1023370265e-01 -5.3459318725e+00  5.2478266280e-01  1.4039272919e+00 -3.2607855640e+00 -5.6954644819e-01  6.1972973345e-01 -4.8923788456e+00 -1.8334162338e+00  1.5798677413e+00 -6.9624690550e+00 -8.6944551036e-01 -8.2593423733e-01 -5.4071645454e+00  4.5254241240e+00 -1.0577544023e+00 -6.6883315696e+00  3.4917594331e+00 -2.9408164711e+00 -4.7879199783e+00  3.1635761990e+00  8.9708266383e-01 -7.3472281940e+00  1.0941210608e+00 -2.7984351162e+00  3.3640029648e-01 -4.6116438997e-01  2.0990481683e+00  5.9706026724e-02 -4.1536237790e-01  3.6089067832e-01 -1.7728035691e+00  7.7290884155e-01  2.5128742318e+00 -8.0671746113e-01  1.6769521108e+00  1.3428646056e+00 -6.1188486564e-01 -2.6402398223e+00  1.1945790963e+00 -1.6597291555e+00 -1.9144636287e+00  2.4161321408e+00 -5.2108958790e+00  2.2926894905e+00  2.8028079922e+00 -4.3714241830e+00  7.8406072084e-01  3.3975351266e+00 -6.4729213648e+00 -5.6952535969e-01  2.9605826051e+00 -7.3060176263e+00  9.5221569100e-01  2.3500164934e+00 -3.2131814088e+00  1.5276685928e+00  6.6567663125e-01 -2.1599675513e+00  7.8456185329e-01 -5.2712026997e-01 -2.0321725297e+00 -1.7115872480e+00 -6.1733068080e-01 -3.0489921386e+00 -2.6347981339e+00  5.0987812374e-01
ENERGY -1.172706857702e+03

JOB 6
COORDS -7.3316274149e+00  1.0637575362e+00 -1.3863220983e+00 -8.2140769414e+00 -1.1382387186e-02 -1.2577564182e+00 -6.4298637342e+00  1.3445738528e+00 -3.5928121349e-01 -8.1938140141e+00 -7.8286850430e-01 -9.5013123835e-02 -6.3708368701e+00  5.7992245626e-01  8.1783002097e-01 -7.2880365967e+00 -4.8334645023e-01  9.2660332641e-01 -4.2930049890e+00 -1.3530303293e-01  2.1843436322e+00 -5.9267749456e-01  2.4816260418e-01  2.7219233065e-01 -1.7199203691e+00  1.2728446399e+00  9.1605033367e-02 -8.4876465265e-01 -6.1962463783e-01  1.5116369732e+00 -5.0162369909e+00  2.3516939821e+00  2.1739504773e+00 -5.9094263814e+00  1.6111200589e+00  3.1444469645e+00 -3.0971724570e+00  5.9471719084e-01  8.0239649979e-02 -2.2414001512e+00 -1.2556815709e+00  1.4549471922e+00 -5.3927868008e+00  9.0171238465e-01  1.9186154718e+00 -3.2763504897e+00 -2.3395926302e-01  1.2684741850e+00 -4.3039609790e+00 -8.1119716719e-01  3.2140979895e+00 -7.3549909184e+00 -1.4616936031e+00  2.3787655289e+00 -7.3444237359e+00  1.6818626790e+00 -2.2799086541e+00 -8.9212178435e+00 -2.4629818175e-01 -2.0486387489e+00 -5.7553239361e+00  2.1879506435e+00 -4.7049400632e-01 -8.8824059884e+00 -1.6122377292e+00  3.2405405950e-02  3.7556395228e-01  7.5535997350e-01  3.4843290106e-01 -5.4362852905e-01 -3.9589786768e-01 -6.1685756429e-01 -1.6931027359e+00  1.9984150808e+00  9.1457135855e-01 -1.5895533607e+00  1.8339071701e+00 -8.4129642244e-01 -9.3927102591e-02 -1.4101204027e+00  1.5932956446e+00 -7.7693707273e-01 -6.4507346908e-03  2.4184507350e+00 -5.4626489987e+00  3.1232561814e+00  1.5538047391e+00 -3.9933880386e+00  2.5535062907e+00  2.4791721304e+00 -5.4997725533e+00  1.2880165377e+00  4.0950210768e+00 -6.9643944531e+00  1.8657229016e+00  3.1540525962e+00 -3.8799741830e+00  1.3430487620e+00  3.5087430614e-02 -3.1951412659e+00 -3.6572377219e-02 -8.1547053595e-01 -2.2941592146e+00 -1.9593184184e+00  6.1074733471e-01 -2.4730954827e+00 -1.8000249851e+00  2.3688237485e+00
ENERGY -1.172704740143e+03

JOB 7
COORDS -7.3427466366e+00  8.9110868280e-01 -1.4433379900e+00 -8.3504083780e+00 -4.8681232347e-02 -1.2127015025e+00 -6.4108779128e+00  1.1651361984e+00 -4.4205492033e-01 -8.4226119181e+00 -6.9088849849e-01  2.3792256928e-02 -6.4427537323e+00  5.2387609086e-01  8.0785093192e-01 -7.4828488775e+00 -4.0274025009e-01  1.0186270027e+00 -4.3392347253e+00 -2.5643278631e-01  2.0392353340e+00 -5.1201094112e-01  2.5241604519e-01  2.7504404222e-01 -1.6022594476e+00  1.3249077369e+00  1.6116370796e-01 -7.9886779007e-01 -6.7422614635e-01  1.4632101018e+00 -5.0098767922e+00  2.2739840810e+00  2.1067499136e+00 -5.8465939121e+00  1.5284658748e+00  3.1216873308e+00 -3.0008431095e+00  6.9671996368e-01  1.1521498623e-01 -2.2109586271e+00 -1.2597925345e+00  1.3769428439e+00 -5.4069093215e+00  8.3005042267e-01  1.8593398896e+00 -3.2112476777e+00 -1.9249821725e-01  1.2554921371e+00 -4.4775448316e+00 -1.1242945359e+00  2.9011337683e+00 -7.6747054178e+00 -1.2156955182e+00  2.5586225053e+00 -7.2833399681e+00  1.4106524835e+00 -2.3958360822e+00 -9.0835769591e+00 -2.7614869970e-01 -1.9818246937e+00 -5.6414417538e+00  1.9074828043e+00 -6.2858613360e-01 -9.2085399661e+00 -1.4109175774e+00  2.2908169935e-01  4.7431995090e-01  7.1853173390e-01  3.7677774887e-01 -4.8908903800e-01 -3.4007584252e-01 -6.5008945272e-01 -1.5473190096e+00  1.9989549247e+00  1.0254151985e+00 -1.4553908180e+00  1.9350917385e+00 -7.3768753255e-01 -7.1900781836e-02 -1.4934892334e+00  1.5005251882e+00 -7.0534690338e-01 -1.1403477419e-01  2.4019131725e+00 -5.4891873072e+00  3.0490527175e+00  1.5150511743e+00 -3.9714043300e+00  2.4721922863e+00  2.3566827621e+00 -5.3835365158e+00  1.2026611841e+00  4.0469300093e+00 -6.8978194923e+00  1.7856184784e+00  3.2012193517e+00 -3.7572471383e+00  1.4738045701e+00  1.1584788073e-01 -3.1198434479e+00  1.2188421071e-01 -8.1621150026e-01 -2.2894933338e+00 -1.9183140147e+00  4.9822907824e-01 -2.4594511516e+00 -1.8480535588e+00  2.2585793874e+00
ENERGY -1.172702935242e+03

JOB 8
COORDS -7.4200916390e+00  8.3870320243e-01 -1.5163405366e+00 -8.5023919635e+00  8.5529229158e-03 -1.2130356683e+00 -6.4486235916e+00  1.0839709317e+00 -5.4601655867e-01 -8.6041171800e+00 -5.5663583599e-01  5.8454884307e-02 -6.5147009402e+00  5.2201511178e-01  7.4016868547e-01 -7.6216532616e+00 -3.0135125900e-01  1.0210202589e+00 -4.3794581596e+00 -3.3136349183e-01  1.8155875999e+00 -4.2409680434e-01  3.4711624971e-01  3.4594155893e-01 -1.5177901230e+00  1.4146605869e+00  2.1766242620e-01 -7.5424957773e-01 -6.1891460356e-01  1.4905904232e+00 -4.9941179948e+00  2.2285303159e+00  1.9879845615e+00 -5.7648924300e+00  1.4672086336e+00  3.0401662867e+00 -2.9028243347e+00  7.7149406170e-01  9.3430182166e-02 -2.1566689106e+00 -1.2125512533e+00  1.3331686267e+00 -5.4154742826e+00  7.9254574984e-01  1.7343785194e+00 -3.1566341949e+00 -1.4382386963e-01  1.2079040770e+00 -4.6264750314e+00 -1.3415492026e+00  2.4725490290e+00 -7.8463934076e+00 -1.0292793400e+00  2.5996179007e+00 -7.3337692234e+00  1.2935366452e+00 -2.4993952380e+00 -9.2692073332e+00 -1.9562421664e-01 -1.9554308818e+00 -5.6155719463e+00  1.7382118660e+00 -7.8427954103e-01 -9.4441133967e+00 -1.1946106438e+00  3.1459059713e-01  5.5315875544e-01  8.1606593478e-01  5.0540539202e-01 -3.5645650278e-01 -2.1521274439e-01 -5.9561116650e-01 -1.5067459462e+00  2.0634650893e+00  1.1026049841e+00 -1.3388261213e+00  2.0517072403e+00 -6.5626488357e-01 -2.3527605067e-02 -1.4345980666e+00  1.5314023807e+00 -7.0143560260e-01 -8.8010946936e-02  2.4492945839e+00 -5.5083550520e+00  3.0148235114e+00  1.4422533913e+00 -3.9430668896e+00  2.4203700605e+00  2.1815729609e+00 -5.2400428287e+00  1.1290528877e+00  3.9276914243e+00 -6.8065855001e+00  1.7246051466e+00  3.1993936531e+00 -3.6739319455e+00  1.5346849472e+00  6.3545439700e-02 -2.9636736472e+00  2.0751624157e-01 -8.5088615369e-01 -2.1982662690e+00 -1.8525994972e+00  4.3819823825e-01 -2.4325567678e+00 -1.8285050360e+00  2.1874933125e+00
ENERGY -1.172701437829e+03

JOB 9
COORDS -7.5920384916e+00  7.3265586541e-01 -1.4331006857e+00 -8.6966705402e+00 -3.3454093453e-02 -1.0502432199e+00 -6.5675897231e+00  9.6515644613e-01 -5.1597749353e-01 -8.7632492883e+00 -5.5308761432e-01  2.4274991937e-01 -6.6023427639e+00  4.5248876037e-01  7.9172968891e-01 -7.7255717570e+00 -3.1399687455e-01  1.1504207441e+00 -4.4110476234e+00 -4.2350900864e-01  1.6996732547e+00 -3.6175254266e-01  3.7789842866e-01  5.3782693093e-01 -1.4648593478e+00  1.4253428022e+00  3.3906158719e-01 -7.3377659059e-01 -5.8299534339e-01  1.6742353281e+00 -5.0067855639e+00  2.1478970217e+00  1.9412978614e+00 -5.6811629014e+00  1.3738281937e+00  3.0457067134e+00 -2.8262253313e+00  7.5016959295e-01  1.5618060200e-01 -2.1179868884e+00 -1.2011186977e+00  1.4593732525e+00 -5.4352262557e+00  7.0969011027e-01  1.7070822492e+00 -3.1223395615e+00 -1.4236995691e-01  1.2841428505e+00 -4.7207038377e+00 -1.5213253055e+00  2.1567009284e+00 -7.8999792909e+00 -9.9822459067e-01  2.7560127387e+00 -7.5299685284e+00  1.1461843971e+00 -2.4360289464e+00 -9.5060951530e+00 -2.2570442789e-01 -1.7493612457e+00 -5.7122564357e+00  1.5666035503e+00 -8.1161677780e-01 -9.6165583920e+00 -1.1458827900e+00  5.5681516059e-01  5.9808264994e-01  8.6462359432e-01  7.4308928506e-01 -2.3570277313e-01 -1.9221801239e-01 -3.9289945303e-01 -1.5103154093e+00  2.0875040036e+00  1.2129026379e+00 -1.2526790195e+00  2.0515599525e+00 -5.3516886620e-01  6.7482551733e-03 -1.3864577478e+00  1.7577001867e+00 -7.3419307859e-01 -4.2261875279e-02  2.6288622387e+00 -5.5744027705e+00  2.9285783930e+00  1.4428942932e+00 -3.9488051598e+00  2.3561855901e+00  2.0596986115e+00 -5.0786984574e+00  1.0384821980e+00  3.8840189521e+00 -6.7086519965e+00  1.6153141933e+00  3.2945033797e+00 -3.6162583267e+00  1.4892351533e+00  5.3882991518e-02 -2.8173178183e+00  1.5484934060e-01 -7.7121873023e-01 -2.1118907740e+00 -1.8553225012e+00  5.7375689430e-01 -2.4197977173e+00 -1.8135691070e+00  2.3080681750e+00
ENERGY -1.172699899201e+03

JOB 10
COORDS -7.8267543033e+00  7.8074588099e-01 -1.3749474886e+00 -8.9072488833e+00  2.4415195994e-02 -9.1154019621e-01 -6.7340164414e+00  9.9995436213e-01 -5.3675928631e-01 -8.8812078663e+00 -5.0147274990e-01  3.8051702903e-01 -6.6774567215e+00  4.8293621881e-01  7.6789763447e-01 -7.7753337592e+00 -2.7591448019e-01  1.2071567171e+00 -4.4277377431e+00 -4.0979315893e-01  1.4819489823e+00 -2.8088293093e-01  4.1975148047e-01  7.4753949606e-01 -1.3598095988e+00  1.4720264963e+00  4.5749043307e-01 -7.4942980631e-01 -5.4582744189e-01  1.8443513875e+00 -5.0090158481e+00  2.1678301232e+00  1.8085352841e+00 -5.5713667420e+00  1.3702410346e+00  2.9534327202e+00 -2.7007080200e+00  7.9644000591e-01  1.6599767296e-01 -2.1157362196e+00 -1.1544141556e+00  1.5162776936e+00 -5.4373478577e+00  7.2594901929e-01  1.5835393063e+00 -3.0930085474e+00 -8.0913340690e-02  1.2818154265e+00 -4.7872883193e+00 -1.5598845857e+00  1.7150872021e+00 -7.8287746037e+00 -9.7216018608e-01  2.8173664106e+00 -7.8359152389e+00  1.1954023773e+00 -2.3792790866e+00 -9.7688799786e+00 -1.5737625811e-01 -1.5483044117e+00 -5.8925625407e+00  1.5898997917e+00 -8.9216052375e-01 -9.7130496081e+00 -1.0898621111e+00  7.5468896488e-01  6.5923634833e-01  9.0265088442e-01  1.0361665329e+00 -7.7150569631e-02 -1.4693351062e-01 -1.7132834973e-01 -1.4750159005e+00  2.1360173555e+00  1.3234708138e+00 -1.0734362662e+00  2.0950549549e+00 -3.9764437720e-01 -2.1694866368e-02 -1.3535961086e+00  1.9816071735e+00 -8.2347021059e-01 -1.0354842569e-02  2.7990094598e+00 -5.6329506503e+00  2.9406985979e+00  1.3696175650e+00 -3.9515604142e+00  2.4001424513e+00  1.8479092258e+00 -4.8870827212e+00  1.0338768314e+00  3.7261304901e+00 -6.5768292989e+00  1.5843394577e+00  3.2978416637e+00 -3.4832301096e+00  1.5282975938e+00 -2.2813394258e-02 -2.6085631145e+00  1.8390172960e-01 -7.4598958243e-01 -2.0463226423e+00 -1.8019376128e+00  6.2855296211e-01 -2.4826768441e+00 -1.7741331191e+00  2.3343606027e+00
ENERGY -1.172698151724e+03

JOB 11
COORDS -8.1123870968e+00  7.8142511733e-01 -1.3065046509e+00 -9.1173206209e+00 -2.0035100662e-02 -7.5705818765e-01 -6.9424473499e+00  1.0077778810e+00 -5.8156111880e-01 -8.9401191316e+00 -5.8584677145e-01  5.0622590312e-01 -6.7352729035e+00  4.5343223227e-01  6.9127222160e-01 -7.7586888536e+00 -3.5190954570e-01  1.2167305398e+00 -4.4167109831e+00 -4.0627353243e-01  1.1924530563e+00 -2.0250587226e-01  3.8150669039e-01  9.5951465342e-01 -1.2278064427e+00  1.4584110182e+00  5.7773133447e-01 -7.9720435018e-01 -5.9745720806e-01  1.9813070268e+00 -5.0250862929e+00  2.1640389018e+00  1.5996480036e+00 -5.4557850776e+00  1.3382101898e+00  2.7765305736e+00 -2.5419396979e+00  8.0887189278e-01  1.4308451174e-01 -2.1347332079e+00 -1.1699317546e+00  1.5035988133e+00 -5.4275354862e+00  7.0977695799e-01  1.3870528904e+00 -3.0619602520e+00 -6.4968910298e-02  1.2123154800e+00 -4.7943368480e+00 -1.5727336459e+00  1.1933052302e+00 -7.6136006839e+00 -1.1018459135e+00  2.7980635377e+00 -8.2390883354e+00  1.2249091738e+00 -2.2903600966e+00 -1.0036791739e+01 -2.0734361550e-01 -1.3051907013e+00 -6.1575423249e+00  1.6309372000e+00 -1.0037107833e+00 -9.7106988680e+00 -1.2116066486e+00  9.4529920193e-01  7.0975921837e-01  8.4199245783e-01  1.3545797708e+00  8.7474963863e-02 -1.7132469488e-01  5.5572605406e-02 -1.4201269931e+00  2.1131113328e+00  1.4370407822e+00 -8.4441831552e-01  2.0861768437e+00 -2.3494253287e-01 -1.0115716915e-01 -1.4222733805e+00  2.1715618286e+00 -9.5752379588e-01 -8.1081170693e-02  2.9358523648e+00 -5.7152494248e+00  2.9134135532e+00  1.2246885350e+00 -3.9802133624e+00  2.4416352508e+00  1.5540355522e+00 -4.6909951555e+00  1.0133733711e+00  3.4746671263e+00 -6.4335796112e+00  1.5102342189e+00  3.2121592719e+00 -3.2896500265e+00  1.5526095743e+00 -1.2683867260e-01 -2.3650122659e+00  1.9686749579e-01 -7.5716797183e-01 -1.9908802627e+00 -1.7958977594e+00  6.0953506234e-01 -2.5889025690e+00 -1.8037113427e+00  2.2661949034e+00
ENERGY -1.172696195980e+03

JOB 12
COORDS -6.5043528595e+00  1.7098494290e+00  5.3571661477e+00 -7.6230321549e+00  8.7259219205e-01  5.3413813570e+00 -5.6467010549e+00  1.7401525504e+00  4.2560382465e+00 -7.8715849532e+00  6.5403635508e-02  4.2286121501e+00 -5.8769196166e+00  9.5134836443e-01  3.1223335399e+00 -6.9992846303e+00  1.1034512069e-01  3.1405547560e+00 -3.9865245135e+00 -1.9416872502e-01  1.9590079283e+00 -4.1483742773e-01 -6.1072711799e-01  3.5989649821e-01 -1.2865754526e+00  6.2947378978e-01  1.1608165889e-01 -1.0675971498e+00 -1.5482888758e+00  1.3863390435e+00 -5.5087764493e+00  1.6181068610e+00  6.7593258497e-01 -4.4890240806e+00  2.3768578903e+00  1.4793168090e+00 -2.7334082866e+00  2.3300190967e-01 -2.1874989678e-01 -2.5163204268e+00 -1.8561054775e+00  9.9105039236e-01 -4.9464010308e+00  9.9267651483e-01  1.9400805028e+00 -3.3043376232e+00 -6.2061737046e-01  8.3160590331e-01 -3.9211941175e+00 -8.4352423998e-01  3.0062302524e+00 -7.3309451179e+00 -9.4656402590e-01  1.7722247949e+00 -6.2974872646e+00  2.3308857760e+00  6.2244929837e+00 -8.3001305571e+00  8.3919313145e-01  6.1907085848e+00 -4.7669181217e+00  2.3775446291e+00  4.2740009889e+00 -8.7302676530e+00 -5.9808343901e-01  4.2029900498e+00  5.8633577560e-01 -3.1250916858e-01  6.9046701571e-01 -2.8574801409e-01 -1.1479233806e+00 -5.9011386412e-01 -1.2932814003e+00  1.2601403984e+00  1.0146783852e+00 -8.7865031097e-01  1.2349932985e+00 -7.0243482715e-01 -5.0146118886e-01 -2.4836017763e+00  1.4667608026e+00 -1.0714968421e+00 -1.0844205517e+00  2.3791274998e+00 -6.5392780017e+00  1.9515727569e+00  7.4387203834e-01 -5.2537236610e+00  1.1825903033e+00 -2.8198642191e-01 -3.4781377360e+00  2.4870848330e+00  1.1043590618e+00 -4.8381751766e+00  3.2248235437e+00  2.0594849909e+00 -3.3383039522e+00  1.1161412710e+00 -3.8863883233e-01 -2.7490908412e+00 -3.4228275710e-01 -1.1536527186e+00 -2.5403410643e+00 -2.3765966227e+00  2.4680014658e-02 -3.0046392682e+00 -2.4819835569e+00  1.7350779257e+00
ENERGY -1.172696745381e+03

JOB 13
COORDS -6.4100887488e+00  1.6392554032e+00  5.3366912320e+00 -7.5735895745e+00  8.6551102930e-01  5.3353325282e+00 -5.5807123689e+00  1.6429070735e+00  4.2137924865e+00 -7.8940699100e+00  9.5839709437e-02  4.2145512422e+00 -5.8806789543e+00  8.8849693676e-01  3.0728209340e+00 -7.0484302235e+00  1.1171693429e-01  3.1046240454e+00 -4.0717641981e+00 -3.2947446217e-01  1.8602870079e+00 -3.4879015735e-01 -5.2116810830e-01  4.1925176896e-01 -1.2577288994e+00  6.9294748592e-01  1.7767344394e-01 -9.9728487012e-01 -1.5135211658e+00  1.3962011606e+00 -5.5477429212e+00  1.5262688015e+00  6.1378326497e-01 -4.5201948151e+00  2.2901288224e+00  1.4043753202e+00 -2.6732382780e+00  2.4280210643e-01 -2.1449872209e-01 -2.4236636872e+00 -1.8641194191e+00  9.5538309742e-01 -4.9657115385e+00  9.0827381806e-01  1.8758654420e+00 -3.2384884241e+00 -6.4647573418e-01  8.0449770729e-01 -4.1580086292e+00 -1.0900107092e+00  2.8289579629e+00 -7.4809554515e+00 -8.9835753595e-01  1.7299288260e+00 -6.1475788287e+00  2.2325272319e+00  6.2083940868e+00 -8.2303982089e+00  8.5307728964e-01  6.2010108180e+00 -4.6682622575e+00  2.2333911721e+00  4.2185315092e+00 -8.7891231652e+00 -5.1804725047e-01  4.1992852788e+00  6.2998927019e-01 -1.9742052800e-01  7.9025323574e-01 -1.6990971902e-01 -1.0263179758e+00 -5.4022056204e-01 -1.3207853083e+00  1.2990027338e+00  1.0906959801e+00 -8.4571158848e-01  1.3334958865e+00 -6.1149966632e-01 -3.9928269319e-01 -2.4299728800e+00  1.4623760814e+00 -1.0423406860e+00 -1.0825314365e+00  2.4033013085e+00 -6.5787956150e+00  1.8567832173e+00  6.8125070453e-01 -5.2883377194e+00  1.0841227153e+00 -3.4087733387e-01 -3.5164470442e+00  2.4196453337e+00  1.0198783927e+00 -4.8725868410e+00  3.1295818886e+00  1.9947985691e+00 -3.3146555643e+00  1.0947570993e+00 -4.0528406976e-01 -2.6264441833e+00 -3.2478142711e-01 -1.1536799806e+00 -2.4048879077e+00 -2.3705048287e+00 -1.8857926536e-02 -2.9115981542e+00 -2.5158228051e+00  1.6764346897e+00
ENERGY -1.172696970894e+03

JOB 14
COORDS -6.4708711750e+00  1.4776784667e+00  5.3711406168e+00 -7.6747583270e+00  7.7291898597e-01  5.2893170319e+00 -5.6029789893e+00  1.4918733648e+00  4.2780160404e+00 -7.9965781637e+00  8.2723715330e-02  4.1185152800e+00 -5.9026895270e+00  8.1556665904e-01  3.0885162277e+00 -7.1122354525e+00  1.0702139657e-01  3.0388837084e+00 -4.0783304943e+00 -4.1047233450e-01  1.9079242828e+00 -2.3496315209e-01 -5.9968001171e-01  1.5775792288e-01 -1.1511102354e+00  6.1315398189e-01 -4.9356998832e-02 -7.1720529911e-01 -1.4432428773e+00  1.3450824491e+00 -5.4627903207e+00  1.5395874830e+00  6.7542384058e-01 -4.4346443521e+00  2.2336795475e+00  1.5296206883e+00 -2.6215594234e+00  1.8254920251e-01 -1.3468923712e-01 -2.2008659522e+00 -1.8007729883e+00  1.2075567669e+00 -4.9385419068e+00  8.5305078074e-01  1.9300791653e+00 -3.0109977877e+00 -5.8279744520e-01  1.0512694874e+00 -4.3339457126e+00 -1.2678133790e+00  2.7586850029e+00 -7.5556861264e+00 -8.0323784682e-01  1.5995609608e+00 -6.2078906682e+00  2.0095330449e+00  6.2815018322e+00 -8.3623168665e+00  7.5327724311e-01  6.1306668125e+00 -4.6608699799e+00  2.0301192956e+00  4.3431956119e+00 -8.9233152201e+00 -4.7698619505e-01  4.0406103250e+00  8.0122292696e-01 -2.7636570030e-01  3.0691918871e-01 -2.4622510400e-01 -1.2160801718e+00 -7.5176157617e-01 -1.0371461107e+00  1.3134459539e+00  7.8798596721e-01 -8.8071686461e-01  1.1513114798e+00 -9.6555879033e-01 -1.3072604404e-01 -2.3656880720e+00  1.4261809497e+00 -5.7713638323e-01 -8.8661104601e-01  2.2799641776e+00 -6.4837658096e+00  1.9016588567e+00  7.3151877636e-01 -5.1954069741e+00  1.1356863404e+00 -2.9359611110e-01 -3.4133946547e+00  2.3377915933e+00  1.1838671009e+00 -4.7772175011e+00  3.0632254429e+00  2.1395446698e+00 -3.2555170859e+00  1.0473690885e+00 -2.7891534857e-01 -2.7597901964e+00 -4.5993706214e-01 -1.0181510006e+00 -2.3536385587e+00 -2.4394192087e+00  3.2454497441e-01 -2.5669961468e+00 -2.3394484847e+00  2.0784284998e+00
ENERGY -1.172695987914e+03

JOB 15
COORDS -5.9090330345e+00  2.0886720065e+00  5.0493586751e+00 -6.9129731574e+00  1.2328622616e+00  5.5116489374e+00 -5.3928298387e+00  1.9109217442e+00  3.7656553735e+00 -7.3859815411e+00  2.0999689919e-01  4.6882941711e+00 -5.8486779990e+00  8.9253966623e-01  2.9144235142e+00 -6.8531001243e+00  4.3713637925e-02  3.4066204141e+00 -4.1283713769e+00 -3.2226588323e-01  1.5190695490e+00 -3.0476744727e-01 -7.3391172151e-01  9.5593930442e-01 -9.8330742338e-01  5.8511444335e-01  1.3426388162e+00 -1.3204656286e+00 -1.8822149893e+00  9.9428701236e-01 -6.1070549716e+00  7.9511686697e-01  3.1955195191e-01 -5.2321913679e+00  1.9600987052e+00  6.4076584137e-01 -2.2209942118e+00  8.6402355870e-01  4.7480468328e-01 -2.5450284755e+00 -1.5422571255e+00  1.3774969350e-01 -5.2129440945e+00  7.3909555188e-01  1.5628224079e+00 -3.1798435799e+00 -2.5893548557e-01  4.9290171936e-01 -4.2316918765e+00 -1.3045457791e+00  2.2488218806e+00 -7.4971051942e+00 -1.2694187468e+00  2.4339793221e+00 -5.5317778139e+00  2.8863635537e+00  5.6834504877e+00 -7.3291007292e+00  1.3560093747e+00  6.5079711163e+00 -4.6119865776e+00  2.5737287241e+00  3.4002066359e+00 -8.1633776696e+00 -4.6402713100e-01  5.0339744383e+00  5.3765331746e-01 -9.3981541391e-01  1.6255879302e+00  1.1146065978e-01 -6.4422331175e-01 -5.7672697993e-02 -1.2936066361e+00  5.4384817088e-01  2.3944384422e+00 -2.8695662702e-01  1.4268859831e+00  1.2433779997e+00 -8.6932714974e-01 -2.8111212149e+00  6.2561333601e-01 -1.6516552898e+00 -2.0617315267e+00  2.0218784797e+00 -7.1744990766e+00  8.7242823569e-01  4.9495224620e-01 -5.8195198543e+00  1.5586884755e-01 -5.0845746835e-01 -4.4003407608e+00  2.1532162293e+00 -2.2410289665e-02 -5.7034372275e+00  2.8494853171e+00  1.0476735982e+00 -2.7094992376e+00  1.7664997749e+00  8.3589838292e-01 -1.9177888016e+00  1.0389677279e+00 -5.6621262164e-01 -2.2474321223e+00 -1.4588606718e+00 -9.1641300556e-01 -3.3017181291e+00 -2.3235380815e+00  2.1611403398e-01
ENERGY -1.172694710665e+03

JOB 16
COORDS -5.5939662239e+00  2.0372506514e+00  4.9569929992e+00 -6.6183845151e+00  1.2612375635e+00  5.5073771800e+00 -5.2068095048e+00  1.8238207732e+00  3.6343164393e+00 -7.2391179639e+00  2.8320345423e-01  4.7295676134e+00 -5.8124661968e+00  8.4771241547e-01  2.8265597721e+00 -6.8350450058e+00  7.8791543768e-02  3.4060043124e+00 -4.2550249504e+00 -4.4828511962e-01  1.3149090557e+00 -3.8100226832e-01 -6.5382450182e-01  1.1936020419e+00 -1.1630800488e+00  6.0350736607e-01  1.5925668739e+00 -1.3354834631e+00 -1.8408506104e+00  1.0108825272e+00 -6.2672503428e+00  7.3505781005e-01  2.5325371389e-01 -5.3105540942e+00  1.8588467463e+00  4.9133231443e-01 -2.3015957793e+00  9.0103816362e-01  6.0424563475e-01 -2.4633697828e+00 -1.4778403382e+00  3.8627202993e-02 -5.2966169002e+00  6.5379064198e-01  1.4297883671e+00 -3.1948975928e+00 -2.6052539947e-01  4.3250604263e-01 -4.4639850448e+00 -1.5267518800e+00  1.8649988131e+00 -7.6677040399e+00 -1.1740441831e+00  2.5013918896e+00 -5.1022182453e+00  2.8011842072e+00  5.5530588339e+00 -6.9362869543e+00  1.4125523536e+00  6.5354974008e+00 -4.4124430080e+00  2.4266964792e+00  3.2003568992e+00 -8.0353755520e+00 -3.2797312569e-01  5.1425942852e+00  3.8033718663e-01 -8.8336863812e-01  1.9473504837e+00  1.5358924182e-01 -4.6403885966e-01  2.5196820353e-01 -1.5942999404e+00  4.6722681006e-01  2.5926087574e+00 -5.0023683316e-01  1.4760916059e+00  1.6419091057e+00 -7.9636557713e-01 -2.7160255783e+00  6.2947679059e-01 -1.7802607002e+00 -2.1218198762e+00  1.9709737201e+00 -7.3151231452e+00  8.7475903485e-01  4.9477442650e-01 -6.0766275316e+00  6.9997740601e-02 -5.8306244265e-01 -4.5104844965e+00  1.9825512606e+00 -2.2718410456e-01 -5.7048509634e+00  2.7841573696e+00  9.0080089873e-01 -2.8752347605e+00  1.7537022963e+00  9.6125533828e-01 -1.8875676658e+00  1.1628233714e+00 -3.7863112852e-01 -2.0474882943e+00 -1.2843153321e+00 -9.5923496905e-01 -3.1838684503e+00 -2.2919000580e+00 -4.2123277590e-02
ENERGY -1.172697340179e+03

JOB 17
COORDS -5.2801495002e+00  1.9509888246e+00  4.8323711350e+00 -6.2867375926e+00  1.2175169060e+00  5.4674160813e+00 -5.0287055752e+00  1.7380528129e+00  3.4775610515e+00 -7.0266475258e+00  2.8363607824e-01  4.7415375707e+00 -5.7549393969e+00  8.0386420924e-01  2.7198806725e+00 -6.7586598518e+00  7.7939629373e-02  3.3837137393e+00 -4.3733255355e+00 -5.2843541760e-01  1.0760479506e+00 -5.1418459349e-01 -5.7510777049e-01  1.4751847382e+00 -1.3890064471e+00  6.4105731161e-01  1.8069720627e+00 -1.3849196447e+00 -1.7857116963e+00  1.1117427766e+00 -6.4326960647e+00  7.3297273676e-01  1.9246044246e-01 -5.3982158532e+00  1.8066575329e+00  3.4822574700e-01 -2.3962074233e+00  9.3162171933e-01  6.8381940914e-01 -2.3845491021e+00 -1.4195668931e+00  8.5086222419e-03 -5.3776853608e+00  6.0035639480e-01  1.2798296857e+00 -3.2100307843e+00 -2.5562490899e-01  3.7288062475e-01 -4.6729144854e+00 -1.6696741532e+00  1.4212160250e+00 -7.7369624141e+00 -1.1157592604e+00  2.5493528958e+00 -4.6982260788e+00  2.6820266099e+00  5.3870578220e+00 -6.4998573834e+00  1.3690299843e+00  6.5221749631e+00 -4.2505573768e+00  2.3107414715e+00  2.9791062967e+00 -7.8122191372e+00 -2.9199270716e-01  5.2208208696e+00  1.4249885119e-01 -8.1269621728e-01  2.3194230525e+00  1.3946829356e-01 -3.2777460605e-01  6.2674570697e-01 -1.9450586164e+00  4.5633636688e-01  2.7350496189e+00 -7.7023362113e-01  1.5317105849e+00  1.9714580271e+00 -7.6181078477e-01 -2.6228057932e+00  7.7585918921e-01 -1.9461258227e+00 -2.1270878596e+00  1.9881165561e+00 -7.4479886619e+00  9.3481164241e-01  5.1583254279e-01 -6.3535041309e+00  5.9020139057e-02 -6.5478903437e-01 -4.6421935253e+00  1.8780336144e+00 -4.2525576820e-01 -5.7077787793e+00  2.7560697844e+00  7.7584826669e-01 -3.0433288433e+00  1.7567906733e+00  9.7087647676e-01 -1.8651807006e+00  1.2287034092e+00 -2.3014633240e-01 -1.8488566363e+00 -1.1550233489e+00 -9.1262671149e-01 -3.0517692332e+00 -2.2537498594e+00 -2.0613219137e-01
ENERGY -1.172699916244e+03

JOB 18
COORDS -5.0724011000e+00  1.9406091192e+00  4.7135649641e+00 -6.0002446194e+00  1.1701691013e+00  5.4199344701e+00 -4.9214448710e+00  1.7425531987e+00  3.3415363393e+00 -6.7678072433e+00  2.2019170051e-01  4.7453268003e+00 -5.6716298983e+00  7.8806792387e-01  2.6338074869e+00 -6.6031569166e+00  3.2149897222e-02  3.3686860404e+00 -4.4603359063e+00 -5.5592424763e-01  8.5639508958e-01 -6.4993016666e-01 -5.6333386053e-01  1.7003636493e+00 -1.5684826912e+00  6.3799604610e-01  1.9668685576e+00 -1.4576011512e+00 -1.7734664634e+00  1.2083664717e+00 -6.5571716101e+00  7.7364689767e-01  1.7851307614e-01 -5.4640254553e+00  1.8041792155e+00  2.4315843477e-01 -2.4536858445e+00  9.3835652034e-01  7.4814238610e-01 -2.3392413316e+00 -1.3877176531e+00  1.4269527540e-02 -5.4196094067e+00  5.9404092514e-01  1.1637106039e+00 -3.2138518787e+00 -2.5107385681e-01  3.4342453230e-01 -4.8408681627e+00 -1.7186500950e+00  9.8364545397e-01 -7.6228652680e+00 -1.1684458781e+00  2.5990747173e+00 -4.4736872900e+00  2.6891920313e+00  5.2253586576e+00 -6.1338525485e+00  1.3080327644e+00  6.4895081257e+00 -4.2071932930e+00  2.3490180522e+00  2.7922886573e+00 -7.4988209774e+00 -3.7943353519e-01  5.2784737484e+00 -8.7922973914e-02 -8.1930949091e-01  2.6053694745e+00  9.0890525317e-02 -2.8691526151e-01  9.3688226345e-01 -2.2168190014e+00  4.2864452011e-01  2.8267319219e+00 -9.7888942057e-01  1.5293411244e+00  2.2140930464e+00 -7.8815808368e-01 -2.5923870244e+00  9.2041861541e-01 -2.1051741178e+00 -2.1484997703e+00  2.0088128699e+00 -7.5290806010e+00  1.0257433147e+00  5.8930045033e-01 -6.5866272024e+00  9.7456355637e-02 -6.6988153104e-01 -4.7624198079e+00  1.8395946772e+00 -5.8401415105e-01 -5.6952505486e+00  2.7681683839e+00  6.8803174211e-01 -3.1341668364e+00  1.7589896255e+00  9.5904372313e-01 -1.8280927771e+00  1.2425209495e+00 -1.0142844586e-01 -1.7140261024e+00 -1.0812211345e+00 -8.3442824874e-01 -2.9668402231e+00 -2.2212549365e+00 -2.9764131899e-01
ENERGY -1.172702144068e+03

JOB 19
COORDS -4.9808814415e+00  1.9983231422e+00  4.5988286042e+00 -5.7927550217e+00  1.1492842133e+00  5.3553989827e+00 -4.8861271149e+00  1.8117188876e+00  3.2199993360e+00 -6.5103172363e+00  1.3506061351e-01  4.7204600695e+00 -5.5810951720e+00  7.8990656463e-01  2.5511695482e+00 -6.4066146662e+00 -3.7914586208e-02  3.3361910554e+00 -4.4999627996e+00 -5.5020195916e-01  6.6121781584e-01 -7.2578162071e-01 -6.0092136824e-01  1.8853400842e+00 -1.6623977188e+00  5.9387740238e-01  2.1191051126e+00 -1.4927128149e+00 -1.7993346230e+00  1.3061009814e+00 -6.6154157769e+00  8.2125277104e-01  1.6443072875e-01 -5.4888522164e+00  1.8222942286e+00  1.5532667098e-01 -2.4619990757e+00  9.1718087887e-01  8.4877366624e-01 -2.2922278063e+00 -1.3885834685e+00  6.2834276815e-02 -5.4203195364e+00  6.0701572827e-01  1.0654489801e+00 -3.1845235274e+00 -2.6256310804e-01  3.7030448924e-01 -4.9536740188e+00 -1.6875155754e+00  5.3695987373e-01 -7.3734536485e+00 -1.3078055981e+00  2.6139352390e+00 -4.4264326528e+00  2.8009823630e+00  5.0773881669e+00 -5.8781762690e+00  1.2771814536e+00  6.4311216639e+00 -4.2625252957e+00  2.4834489883e+00  2.6385010368e+00 -7.1586126474e+00 -5.2366990332e-01  5.2896552381e+00 -2.2725426884e-01 -8.8064379848e-01  2.8200242928e+00  6.5722799004e-02 -3.0509464651e-01  1.1824424345e+00 -2.3666541890e+00  3.6651536185e-01  2.9281176119e+00 -1.0912402264e+00  1.4790140867e+00  2.4247590531e+00 -8.0131839169e-01 -2.6092282678e+00  1.0458030099e+00 -2.1919012245e+00 -2.1962855368e+00  2.0515239644e+00 -7.5468817831e+00  1.1072697240e+00  6.4228096281e-01 -6.7243998025e+00  1.4341394823e-01 -6.7556262625e-01 -4.8334635259e+00  1.8393165786e+00 -7.1045854036e-01 -5.6649853350e+00  2.7929430508e+00  6.1101602305e-01 -3.1583121364e+00  1.7333313604e+00  1.0175272676e+00 -1.7766793635e+00  1.2364903396e+00  5.1748358830e-02 -1.6112480729e+00 -1.0651718397e+00 -7.3556296248e-01 -2.9001864396e+00 -2.2117344839e+00 -3.0870485260e-01
ENERGY -1.172703811275e+03

JOB 20
COORDS -4.3806515844e+00  4.0685251637e+00  2.4597794164e+00 -4.2585453478e+00  4.0089462583e+00  3.8503221055e+00 -4.7177823870e+00  2.9192585489e+00  1.7452346274e+00 -4.4957138125e+00  2.8025644299e+00  4.5100913329e+00 -4.9423419383e+00  1.6829794022e+00  2.3741386993e+00 -4.8398823506e+00  1.6616123234e+00  3.7785914797e+00 -4.2409371766e+00 -6.7537506700e-01  1.5633182911e+00 -4.4136405459e-01  4.1679607557e-01  9.9633331979e-01 -1.6218787387e+00  1.3846139188e+00  8.2057883291e-01 -9.0092480989e-01 -9.1545569341e-01  1.6090361455e+00 -6.7183939870e+00 -2.5459583948e-02  1.5515349126e+00 -6.1199260238e+00  5.8723474281e-01  3.1238539213e-01 -2.7661918370e+00  7.0272234441e-01  5.8325952661e-02 -2.0723801850e+00 -1.5133256950e+00  8.1769647607e-01 -5.2840872664e+00  4.5189731674e-01  1.5776064810e+00 -3.1663339307e+00 -5.3958448887e-01  7.1633499744e-01 -4.4135371443e+00 -1.6999129157e+00  2.2238051915e+00 -5.1766701063e+00  1.9769919026e-01  4.6795511599e+00 -4.2123424615e+00  5.0036979522e+00  1.9327551124e+00 -3.9916843401e+00  4.8933257095e+00  4.4224960319e+00 -4.8090936142e+00  2.9803127108e+00  6.6531731745e-01 -4.4257005381e+00  2.7386293126e+00  5.5914281259e+00  3.3570608939e-01  8.7490411482e-01  1.6182572889e+00  1.4201097416e-02  2.2368151180e-01  1.4878544172e-02 -1.9944242334e+00  1.7080948149e+00  1.7993410762e+00 -1.3070101529e+00  2.2854058941e+00  2.8022387313e-01 -7.2352712282e-02 -1.6328757221e+00  1.6343550910e+00 -1.2268772467e+00 -7.5977848892e-01  2.6445388083e+00 -7.4397432448e+00  5.6409995236e-01  2.1087223806e+00 -6.8691533556e+00 -1.0985825659e+00  1.5919530703e+00 -5.8747939830e+00 -7.1287656861e-02 -5.1584643794e-01 -6.4598751230e+00  1.5756477340e+00  1.7203945127e-02 -3.6256253286e+00  1.3574682932e+00 -4.7769228383e-02 -2.4302985095e+00  4.4713689775e-01 -9.5620317201e-01 -1.7510644380e+00 -1.7682374437e+00 -2.0106333055e-01 -2.4610935266e+00 -2.4117846401e+00  1.2940433693e+00
ENERGY -1.172705481156e+03

JOB 21
COORDS -4.5316731175e+00  4.0583034599e+00  2.3573476262e+00 -4.1178302904e+00  3.9603557091e+00  3.6883060431e+00 -4.9172549560e+00  2.9106892597e+00  1.6648651498e+00 -4.1066750675e+00  2.7129306333e+00  4.3132210251e+00 -4.9103409082e+00  1.6374841779e+00  2.2594224100e+00 -4.5033422932e+00  1.5748345312e+00  3.6053751124e+00 -4.3178741464e+00 -7.4837374562e-01  1.3901171764e+00 -4.4532297605e-01  4.1835608506e-01  1.2086635895e+00 -1.6126208494e+00  1.4025044074e+00  1.0336053902e+00 -9.3879504500e-01 -9.4984736221e-01  1.7048429236e+00 -6.7658125424e+00 -3.8610587853e-02  1.5657554469e+00 -6.2338795065e+00  5.3182838296e-01  2.8074292718e-01 -2.7155139126e+00  7.7552890718e-01  1.7128065939e-01 -2.0625842061e+00 -1.4933357856e+00  8.1124816943e-01 -5.3199842519e+00  4.0792188106e-01  1.4963839392e+00 -3.1458503181e+00 -5.0919999683e-01  7.1867588443e-01 -4.5991780704e+00 -1.8685545689e+00  1.8193588069e+00 -4.4861890958e+00  4.4133626035e-02  4.4605137308e+00 -4.5482679751e+00  5.0227222213e+00  1.8570941127e+00 -3.8089872366e+00  4.8437896394e+00  4.2403250958e+00 -5.2182145866e+00  3.0010048140e+00  6.2578312923e-01 -3.7969456761e+00  2.6132136657e+00  5.3487736373e+00  2.9753667230e-01  8.2985970259e-01  1.9010496461e+00  6.2874627820e-02  2.8843315062e-01  2.4275051496e-01 -2.0337722838e+00  1.6665625434e+00  2.0100383823e+00 -1.2676873591e+00  2.3326461951e+00  5.6675509359e-01 -1.1215416026e-01 -1.6695343945e+00  1.7308491504e+00 -1.3245957826e+00 -8.5982494133e-01  2.7276269362e+00 -7.4350328393e+00  5.8309833548e-01  2.1521932080e+00 -6.9282559181e+00 -1.1077742598e+00  1.6420024938e+00 -6.0458940920e+00 -1.5281443041e-01 -5.4104706095e-01 -6.5762383864e+00  1.5154055201e+00 -2.4825872498e-02 -3.5679658826e+00  1.4392486322e+00  6.3345628513e-02 -2.3263383681e+00  5.8827355292e-01 -8.3976044744e-01 -1.6833880351e+00 -1.6870503422e+00 -2.0159309348e-01 -2.4801203758e+00 -2.4188141434e+00  1.2044461144e+00
ENERGY -1.172707989451e+03

JOB 22
COORDS -4.5820214502e+00  4.0608246112e+00  2.3137533530e+00 -4.0978772679e+00  3.9418937487e+00  3.6190677976e+00 -4.9976774521e+00  2.9227545677e+00  1.6220934736e+00 -4.0444004859e+00  2.6834607290e+00  4.2201846248e+00 -4.9517978715e+00  1.6402999400e+00  2.1932412033e+00 -4.4709935499e+00  1.5566323800e+00  3.5131420609e+00 -4.4274356621e+00 -7.5533409016e-01  1.3101196758e+00 -4.4038017189e-01  3.8458410505e-01  1.2915025559e+00 -1.5804649002e+00  1.3962454753e+00  1.0966224020e+00 -9.6958990416e-01 -9.5035400282e-01  1.8381363251e+00 -6.8498217943e+00 -4.6588389780e-03  1.6006166376e+00 -6.3822547376e+00  5.4035430641e-01  2.8146502094e-01 -2.7059729972e+00  7.7350934588e-01  2.6334663289e-01 -2.1161484375e+00 -1.4946479883e+00  9.7502126554e-01 -5.4010521191e+00  4.1787411276e-01  1.4447590841e+00 -3.1654116509e+00 -4.8006313609e-01  8.5596160473e-01 -4.7853679250e+00 -1.9041709658e+00  1.5790493014e+00 -4.3941810608e+00  6.5465430520e-03  4.3321186440e+00 -4.6298743257e+00  5.0338657712e+00  1.8325658192e+00 -3.7656606653e+00  4.8176285219e+00  4.1696992840e+00 -5.3517345694e+00  3.0270623597e+00  6.0097261374e-01 -3.6773566724e+00  2.5675948795e+00  5.2351238886e+00  3.2292453036e-01  7.9539764405e-01  1.9617454124e+00  5.1566498785e-02  2.0780441617e-01  3.2461864929e-01 -1.9856839111e+00  1.7015123321e+00  2.0674887403e+00 -1.2135476906e+00  2.3005052403e+00  5.9700387198e-01 -1.6407953209e-01 -1.6927218921e+00  1.8821877397e+00 -1.3429134818e+00 -8.1186646614e-01  2.8599949982e+00 -7.4701590641e+00  6.3744824764e-01  2.2177162913e+00 -7.0204570881e+00 -1.0707691365e+00  1.6960575676e+00 -6.2485002581e+00 -1.6018251967e-01 -5.3734357684e-01 -6.7190893048e+00  1.5268762313e+00 -2.0277945005e-02 -3.5396562403e+00  1.4577289425e+00  1.3934264579e-01 -2.3278529514e+00  5.4484803427e-01 -7.4479042611e-01 -1.7486723165e+00 -1.7493039644e+00 -2.9860936903e-02 -2.5610461550e+00 -2.3895562088e+00  1.4074978972e+00
ENERGY -1.172709812985e+03

JOB 23
COORDS -4.6251187269e+00  4.0697960094e+00  2.2960423040e+00 -4.1085865457e+00  3.9292810004e+00  3.5869103351e+00 -5.0503967714e+00  2.9421882787e+00  1.5927090658e+00 -4.0318266082e+00  2.6602866194e+00  4.1637393233e+00 -4.9797401401e+00  1.6505833767e+00  2.1391265881e+00 -4.4673797073e+00  1.5448077946e+00  3.4450928337e+00 -4.4639011697e+00 -7.1838838346e-01  1.1772650902e+00 -4.0183992586e-01  3.8065587536e-01  1.3309562007e+00 -1.5156842292e+00  1.4229329681e+00  1.1492230300e+00 -9.6398360631e-01 -9.3894610064e-01  1.8809319337e+00 -6.8679876134e+00 -1.7034478491e-02  1.6570857230e+00 -6.5219751189e+00  5.5760183490e-01  3.1459644245e-01 -2.6637737016e+00  8.3293866260e-01  3.2541710014e-01 -2.1334691016e+00 -1.4518447845e+00  1.0306867877e+00 -5.4419810294e+00  4.3701253145e-01  1.3867054204e+00 -3.1532135531e+00 -4.0644566869e-01  9.2702643937e-01 -4.8481554832e+00 -1.8865906984e+00  1.2696809950e+00 -4.3673184461e+00 -2.2344588540e-02  4.2308473757e+00 -4.6912724929e+00  5.0517818667e+00  1.8356187418e+00 -3.7694439654e+00  4.7970621412e+00  4.1458435314e+00 -5.4311875776e+00  3.0596475284e+00  5.8232169791e-01 -3.6402445106e+00  2.5287946731e+00  5.1675590796e+00  3.7964133324e-01  7.6828367619e-01  1.9940543370e+00  7.4592167293e-02  1.9187071612e-01  3.5862994974e-01 -1.9050109619e+00  1.7360460934e+00  2.1241101764e+00 -1.1292639475e+00  2.3178824999e+00  6.4772568691e-01 -1.7978078956e-01 -1.7041711268e+00  1.9162101385e+00 -1.3227157033e+00 -7.9000255643e-01  2.9063785178e+00 -7.4398832154e+00  6.0417181275e-01  2.3388635771e+00 -7.0109119897e+00 -1.0878215349e+00  1.7412237941e+00 -6.4435855292e+00 -1.2938065795e-01 -5.2226466075e-01 -6.8933429187e+00  1.5450480951e+00  6.0143001675e-02 -3.4773957736e+00  1.5422094669e+00  2.1055623455e-01 -2.3009279552e+00  5.9508669896e-01 -6.8727666344e-01 -1.7835039882e+00 -1.7256320747e+00  2.3704300808e-02 -2.5979490139e+00 -2.3333644161e+00  1.4703291946e+00
ENERGY -1.172710239931e+03

