JOB 0
COORDS -3.0323467692e-01  5.8423081302e-01 -1.0603583797e+00 -4.4732130674e-01  2.1098813349e+00 -1.1449075223e+00 -7.1456194933e-02 -2.8644527118e-02 -2.4486359767e+00  7.5679935362e-01  2.7517252259e+00 -1.8484816119e+00  1.1329911299e+00  6.1054348255e-01 -3.1553117408e+00  9.8433615934e-01  2.1350452400e+00 -3.2352758513e+00  1.1602817402e+00  4.6107877391e+00 -7.2088586157e+00  2.2910215324e+00  2.4465785879e+00 -6.8337291575e+00  2.1692071188e+00  2.6958106839e+00 -3.9237120961e+00  1.4937781370e+00  3.5378299201e+00 -6.2596055048e+00  8.8049045638e-01  4.9186715717e+00 -4.2506919259e+00  3.3524164631e+00  4.7157748548e+00 -4.8216051562e+00  2.0062604911e+00  4.1329247073e+00 -4.7612282514e+00 -1.1934414469e+00  1.4309233270e-01 -5.9732068724e-01  5.4623111332e-01  3.3598938872e-01 -4.0899490618e-01 -1.3619421494e+00  2.3590473760e+00 -1.6997877304e+00 -5.6390200894e-01  2.5398018122e+00 -1.4380223686e-01  7.7367037397e-02 -1.1115728425e+00 -2.3698693663e+00 -9.6925864810e-01  1.2018957508e-01 -3.0640533287e+00  6.1949860223e-01  3.8313388245e+00 -1.9511779292e+00  1.6608337270e+00  2.5909006512e+00 -1.2422093964e+00  2.0521316517e+00  3.7016495987e-01 -2.6024736223e+00  1.2535175627e+00  2.0299407710e-01 -4.1648029381e+00  1.2502819417e-01  2.3684217576e+00 -3.8720812724e+00  5.3199012959e-01  5.3521095015e+00 -6.7140913316e+00  2.0558719032e+00  5.0996776395e+00 -7.6166093633e+00  5.9146118259e-01  4.1658429339e+00 -8.0296107350e+00  2.4420797207e+00  1.6711819963e+00 -6.0852046170e+00  1.7204755837e+00  2.0309926068e+00 -7.6692839235e+00  3.2678313270e+00  2.7879642204e+00 -7.2063240564e+00  3.0099930453e+00  2.7522772490e+00 -3.3514982121e+00
ENERGY -9.738733183055e+02

JOB 1
COORDS -2.2352648589e-01  5.5795516971e-01 -1.0001392084e+00 -4.2738872919e-01  2.0762881941e+00 -1.0918071708e+00 -1.6072736749e-02 -5.8431178149e-02 -2.3906554344e+00  7.2731116543e-01  2.7558398767e+00 -1.8412939685e+00  1.1391140234e+00  6.1872676067e-01 -3.1429793246e+00  9.3032165431e-01  2.1360311481e+00 -3.2306044940e+00  1.4279738558e+00  4.7243533980e+00 -7.3055660751e+00  2.1640466187e+00  2.4117461530e+00 -6.8168303041e+00  2.0701147768e+00  2.7339204487e+00 -3.9630344263e+00  1.4926229819e+00  3.6231874114e+00 -6.3349263509e+00  6.3526620823e-01  4.8443217304e+00 -4.3035201713e+00  3.1441576387e+00  4.8742870342e+00 -4.7359529847e+00  1.8512836428e+00  4.1785148985e+00 -4.7739383573e+00 -1.0804329493e+00  8.8125137436e-02 -5.0374101517e-01  6.5614549684e-01  3.4722316600e-01 -3.7624465156e-01 -1.3689349857e+00  2.2863320574e+00 -1.6169684438e+00 -5.2588591859e-01  2.5108189348e+00 -9.0776346152e-02  1.7641776458e-01 -1.1341950279e+00 -2.3085556861e+00 -9.3906882738e-01  5.0944817196e-02 -2.9762613550e+00  5.4546867044e-01  3.8284189232e+00 -1.9478482482e+00  1.6572651572e+00  2.6349587774e+00 -1.2658974203e+00  2.0843265161e+00  4.1803825608e-01 -2.6190023241e+00  1.2412801192e+00  2.0392501920e-01 -4.1516164030e+00  4.1379660926e-02  2.3333735009e+00 -3.8378151937e+00  8.5221608175e-01  5.5502069794e+00 -6.8838845149e+00  2.4247164995e+00  5.0854137510e+00 -7.5938192433e+00  9.0362172407e-01  4.3614649308e+00 -8.1935525678e+00  2.0658004340e+00  1.6150749084e+00 -6.0836203610e+00  1.6592114957e+00  2.1123455436e+00 -7.7400384038e+00  3.2308940712e+00  2.5703922639e+00 -7.0365009856e+00  2.9377376563e+00  2.7911196972e+00 -3.4332296983e+00
ENERGY -9.738692667920e+02

JOB 2
COORDS -1.1925467250e-01  5.4218435928e-01 -9.4520155923e-01 -3.7667988593e-01  2.0516713029e+00 -1.0478637311e+00  4.2460625652e-02 -8.8664361504e-02 -2.3353588359e+00  7.1817812396e-01  2.7560606827e+00 -1.8615409451e+00  1.1383560742e+00  6.1360091981e-01 -3.1508741597e+00  8.7443315889e-01  2.1216074906e+00 -3.2502916679e+00  1.7260512055e+00  4.7904884648e+00 -7.3891856941e+00  2.0195345593e+00  2.3882011938e+00 -6.8577695766e+00  1.9584259759e+00  2.7427368695e+00 -4.0458266069e+00  1.4866274204e+00  3.6898333910e+00 -6.4469525617e+00  3.8210489115e-01  4.7331299236e+00 -4.4137451325e+00  2.8954154278e+00  4.9989449124e+00 -4.6975502781e+00  1.6752839182e+00  4.1925632849e+00 -4.8329386123e+00 -9.3607899383e-01  5.2974435145e-02 -4.0218471262e-01  7.9520593507e-01  3.6914093956e-01 -3.6100180051e-01 -1.3484907956e+00  2.2236516554e+00 -1.5298726127e+00 -4.4123069600e-01  2.4981359972e+00 -4.9340987591e-02  2.7383722386e-01 -1.1562720645e+00 -2.2475306384e+00 -9.1014401335e-01 -1.7962637445e-02 -2.8778597174e+00  4.9539346373e-01  3.8204588191e+00 -1.9738556470e+00  1.6781210210e+00  2.6749672636e+00 -1.3302576588e+00  2.1127031678e+00  4.5232758513e-01 -2.6682339380e+00  1.2087000967e+00  1.8596430949e-01 -4.1568726993e+00 -4.9064905695e-02  2.2816004406e+00 -3.8148895175e+00  1.2211977317e+00  5.6930166765e+00 -7.0388973590e+00  2.7948521668e+00  5.0078297851e+00 -7.5193518507e+00  1.2890584425e+00  4.5110586518e+00 -8.3516499501e+00  1.6485610312e+00  1.6029741074e+00 -6.2033911912e+00  1.6519189573e+00  2.2026623749e+00 -7.8714859776e+00  3.1195174390e+00  2.3518723682e+00 -6.8726115261e+00  2.8510510772e+00  2.8137596782e+00 -3.5609965498e+00
ENERGY -9.738654185233e+02

JOB 3
COORDS -6.4880278962e-03  5.0760975948e-01 -8.7554238091e-01 -3.4098059450e-01  2.0016677180e+00 -9.8252201019e-01  1.3025508173e-01 -1.3123505546e-01 -2.2647771233e+00  6.8508614060e-01  2.7483359437e+00 -1.8466892438e+00  1.1565022877e+00  6.1387472086e-01 -3.1312697386e+00  8.1440388010e-01  2.1057120920e+00 -3.2343871843e+00  1.9824784753e+00  4.8533250462e+00 -7.3532814985e+00  1.8161161912e+00  2.4345529800e+00 -6.8767172684e+00  1.8330192333e+00  2.7647200324e+00 -4.0835795064e+00  1.4385443924e+00  3.7960303733e+00 -6.4914468270e+00  1.1448821139e-01  4.6188601394e+00 -4.4675210419e+00  2.5991076844e+00  5.1297067314e+00 -4.6100673045e+00  1.4709022899e+00  4.2179216577e+00 -4.8368178071e+00 -7.7644783326e-01 -1.3908697944e-02 -2.9539585877e-01  9.3770910912e-01  3.8568312147e-01 -3.2682759940e-01 -1.3383823668e+00  2.1207939850e+00 -1.4267273946e+00 -3.8749643656e-01  2.4562102852e+00  1.3334508477e-02  4.1744541527e-01 -1.1850995733e+00 -2.1757582102e+00 -8.4569899080e-01 -1.1374244128e-01 -2.7686901163e+00  4.0617871608e-01  3.7995983491e+00 -1.9590469814e+00  1.6685025769e+00  2.7201621468e+00 -1.3545998606e+00  2.1559561032e+00  5.0590873674e-01 -2.6862881507e+00  1.2082229163e+00  1.7961350942e-01 -4.1355354430e+00 -1.3831446545e-01  2.2142042913e+00 -3.7610227587e+00  1.5879390653e+00  5.8241790288e+00 -7.0498831094e+00  3.0799203233e+00  4.8982676147e+00 -7.3306473046e+00  1.6454829638e+00  4.6545595519e+00 -8.3744831955e+00  1.2353067812e+00  1.7027827580e+00 -6.3175739101e+00  1.5722800298e+00  2.3261342370e+00 -7.9379778803e+00  2.8859862923e+00  2.2198061738e+00 -6.7371762914e+00  2.7482046193e+00  2.8532737015e+00 -3.6456902382e+00
ENERGY -9.738632526265e+02

JOB 4
COORDS  4.7932507993e-02  4.7868817176e-01 -9.1279494385e-01 -3.6996280995e-01  1.9507286377e+00 -1.0313703155e+00  2.4844399766e-01 -1.5510124307e-01 -2.2966632547e+00  6.2842897827e-01  2.7534437484e+00 -1.8776031622e+00  1.2476411602e+00  6.4544084516e-01 -3.1450641394e+00  8.2366936684e-01  2.1150262814e+00 -3.2595365705e+00  2.2627118963e+00  4.6631581554e+00 -7.3606276954e+00  1.4718285155e+00  2.3984536622e+00 -6.8500232589e+00  1.8189221363e+00  2.8305010936e+00 -4.0899425776e+00  1.3658636071e+00  3.8296335335e+00 -6.5414963933e+00  4.9540513404e-03  4.5943178608e+00 -4.5203054424e+00  2.4661014119e+00  5.2110823663e+00 -4.6713175536e+00  1.3782702009e+00  4.2486675962e+00 -4.8801339474e+00 -7.0155237711e-01 -8.4755888985e-02 -3.4518872906e-01  9.8695264932e-01  4.1307031893e-01 -3.4586345252e-01 -1.3635686026e+00  2.0113627241e+00 -1.4954998482e+00 -4.6244697386e-01  2.4038169290e+00 -3.8050247381e-02  5.9340011647e-01 -1.1905945242e+00 -2.1976969038e+00 -7.1682696372e-01 -1.9499965508e-01 -2.8196755756e+00  2.9121550039e-01  3.7862391735e+00 -2.0009208388e+00  1.6013639228e+00  2.7838204761e+00 -1.3651837962e+00  2.2424897821e+00  5.9594119256e-01 -2.6801115984e+00  1.3449457656e+00  2.1438211832e-01 -4.1472751743e+00 -1.2467707102e-01  2.1673405073e+00 -3.8031340137e+00  2.0997583908e+00  5.7177052064e+00 -7.1415852398e+00  3.3250316521e+00  4.4301945702e+00 -7.2051153253e+00  2.0010425641e+00  4.4815180305e+00 -8.4066091478e+00  7.1876848331e-01  1.8334580267e+00 -6.2989486485e+00  1.2615181035e+00  2.2829589929e+00 -7.9171799617e+00  2.4623163058e+00  1.9806655946e+00 -6.6257063727e+00  2.7060565353e+00  3.0004693091e+00 -3.6189696776e+00
ENERGY -9.738637009877e+02

JOB 5
COORDS  2.0525371780e-01  4.5625515667e-01 -9.8197497525e-01 -3.0443118563e-01  1.9025529065e+00 -1.0458110303e+00  4.7262849959e-01 -1.0103553977e-01 -2.3872807667e+00  6.5663803966e-01  2.8040839536e+00 -1.8337962438e+00  1.4347736628e+00  7.9791015871e-01 -3.1779405060e+00  9.2094036087e-01  2.2415789498e+00 -3.2369737744e+00  2.5655756503e+00  4.7371645584e+00 -7.1338837956e+00  1.2634988416e+00  2.7112411970e+00 -6.7746273608e+00  1.8844594544e+00  3.0579677319e+00 -4.0105168656e+00  1.4070870241e+00  4.1365744562e+00 -6.4477958527e+00 -4.8964897886e-02  4.7068567820e+00 -4.4419255290e+00  2.3687262313e+00  5.4931158452e+00 -4.4995196751e+00  1.3545756125e+00  4.4698423921e+00 -4.7689556045e+00 -5.1725860365e-01 -1.7831861760e-01 -4.5598306035e-01  1.1353916723e+00  4.2514747064e-01 -3.9775215419e-01 -1.2905434183e+00  1.9205199853e+00 -1.5291456671e+00 -4.4546912617e-01  2.3040735021e+00 -3.6161349359e-02  8.8078793779e-01 -1.1162408758e+00 -2.3258333261e+00 -4.7803365238e-01 -1.7815142494e-01 -2.9325369153e+00  2.5562183416e-01  3.8178451198e+00 -1.9202148932e+00  1.6147711064e+00  2.8738240647e+00 -1.2977905327e+00  2.4221555324e+00  7.8971743331e-01 -2.6950855744e+00  1.5768113157e+00  4.2048675577e-01 -4.1962854507e+00 -1.8614102435e-02  2.2582664939e+00 -3.7975377620e+00  2.6331554009e+00  5.7968537317e+00 -6.8954867082e+00  3.5166490328e+00  4.2493925400e+00 -6.8757688387e+00  2.3900012995e+00  4.6273352298e+00 -8.2076871418e+00  3.7930037861e-01  2.3001611644e+00 -6.2819179476e+00  1.1064981279e+00  2.6335765760e+00 -7.8539807503e+00  2.1422346967e+00  2.1209362284e+00 -6.4849845922e+00  2.7308704211e+00  3.2901414111e+00 -3.4927518483e+00
ENERGY -9.738668947137e+02

JOB 6
COORDS  2.5460150053e-01  4.5325813913e-01 -1.0092622184e+00 -3.3180524791e-01  1.8690794965e+00 -1.0930355420e+00  5.9183908696e-01 -9.1388017082e-02 -2.4044096747e+00  6.0018003395e-01  2.8202619340e+00 -1.8572467383e+00  1.5247967061e+00  8.5755801125e-01 -3.1712388668e+00  9.3420359671e-01  2.2705864178e+00 -3.2507238792e+00  2.7195973889e+00  4.5539049100e+00 -7.0020322290e+00  9.8800545959e-01  2.8592005018e+00 -6.7815608191e+00  1.8740345474e+00  3.1362086212e+00 -4.0004005870e+00  1.4005777574e+00  4.2264735444e+00 -6.4301919892e+00 -1.3222432171e-01  4.6929039991e+00 -4.4718134342e+00  2.2505179519e+00  5.5959204093e+00 -4.4574266758e+00  1.2906348355e+00  4.5322873786e+00 -4.7589638692e+00 -4.4644593758e-01 -2.1904554927e-01 -5.0139026112e-01  1.1681511863e+00  4.7482971398e-01 -3.9902989561e-01 -1.3034360200e+00  1.8315413309e+00 -1.6038649499e+00 -5.2318642130e-01  2.2646742814e+00 -8.9352761359e-02  1.0535098376e+00 -1.0823572420e+00 -2.3278707822e+00 -3.3736124201e-01 -2.2212115497e-01 -2.9758421372e+00  1.4672363594e-01  3.8103342056e+00 -1.9575949679e+00  1.5376968341e+00  2.9434381667e+00 -1.2950585908e+00  2.4971919240e+00  9.0488992408e-01 -2.6609711812e+00  1.7157357166e+00  4.8581839125e-01 -4.1837078051e+00  1.1630762055e-02  2.2329475534e+00 -3.8374025086e+00  2.9953513857e+00  5.5723465957e+00 -6.7356628728e+00  3.5079933891e+00  3.8618263373e+00 -6.6705328787e+00  2.6241812173e+00  4.4838136222e+00 -8.0890104920e+00  9.4361812791e-04  2.6519590767e+00 -6.3619128870e+00  9.0706635691e-01  2.8026248642e+00 -7.8701330805e+00  1.7045851704e+00  2.1064378137e+00 -6.4269638154e+00  2.6924986410e+00  3.4066682374e+00 -3.4566263931e+00
ENERGY -9.738711710343e+02

JOB 7
COORDS  2.8588763263e-01  4.5054112739e-01 -1.0331022459e+00 -3.6366262070e-01  1.8370318484e+00 -1.1385179899e+00  6.9130958435e-01 -7.8996389348e-02 -2.4158570681e+00  5.4563325187e-01  2.8301465957e+00 -1.8762607434e+00  1.6015846682e+00  9.1210170390e-01 -3.1560700375e+00  9.4822774335e-01  2.2958841649e+00 -3.2575892861e+00  2.8058598180e+00  4.3455051356e+00 -6.8861425491e+00  7.6413970524e-01  3.0049813756e+00 -6.8222087689e+00  1.8704775138e+00  3.2031803085e+00 -3.9794158258e+00  1.4136357847e+00  4.2595913445e+00 -6.4137511424e+00 -1.9233749633e-01  4.6584724944e+00 -4.5091118328e+00  2.1539266645e+00  5.6737097771e+00 -4.4420481827e+00  1.2444135777e+00  4.5729960662e+00 -4.7588262459e+00 -3.9800832343e-01 -2.5355257092e-01 -5.4528689069e-01  1.1781616869e+00  5.1591781628e-01 -3.9513683428e-01 -1.3162846873e+00  1.7530264123e+00 -1.6788367141e+00 -6.0435776648e-01  2.2243089227e+00 -1.4221145550e-01  1.1965372675e+00 -1.0470438682e+00 -2.3226455313e+00 -2.1269300037e-01 -2.5407312653e-01 -3.0152123638e+00  4.9500013875e-02  3.7977797445e+00 -1.9925497904e+00  1.4585675226e+00  2.9978589797e+00 -1.2857758545e+00  2.5546944711e+00  1.0056268730e+00 -2.6165997070e+00  1.8410182341e+00  5.4898430192e-01 -4.1613930298e+00  4.7431018460e-02  2.2139629968e+00 -3.8726703526e+00  3.2381091585e+00  5.2967418831e+00 -6.5797866885e+00  3.4246726292e+00  3.5172635825e+00 -6.5101876359e+00  2.7831255429e+00  4.3025673395e+00 -7.9782736032e+00 -2.6836547360e-01  2.9958484308e+00 -6.4701336557e+00  7.5378536518e-01  2.9731801454e+00 -7.9147075580e+00  1.2981681669e+00  2.1218892263e+00 -6.4426374519e+00  2.6566378097e+00  3.5095773943e+00 -3.4077859380e+00
ENERGY -9.738742720338e+02

JOB 8
COORDS  5.6603955970e-01  4.6632340543e-01 -1.0418950776e+00 -1.4421445007e-01  1.8213742735e+00 -1.1644629868e+00  1.0188369797e+00 -4.9549638504e-02 -2.4151532464e+00  7.3125257232e-01  2.8519592421e+00 -1.8915308495e+00  1.8948534073e+00  9.7932728396e-01 -3.1449139322e+00  1.1809950822e+00  2.3315818958e+00 -3.2636445420e+00  2.9337081002e+00  4.0440172191e+00 -6.8965725889e+00  6.6999992916e-01  3.0802962987e+00 -6.8883609653e+00  2.0687684402e+00  3.2797983405e+00 -3.9740821451e+00  1.5414734453e+00  4.1771345699e+00 -6.4488558508e+00 -5.1227390083e-02  4.6269594385e+00 -4.5502300349e+00  2.2705869028e+00  5.7170457503e+00 -4.5795330037e+00  1.3844377779e+00  4.5804958586e+00 -4.8208452506e+00 -9.3403499789e-02 -2.6632117081e-01 -5.6247631958e-01  1.4433153465e+00  5.7473206742e-01 -3.8917629703e-01 -1.0826031816e+00  1.6916955992e+00 -1.7205101743e+00 -4.1953231825e-01  2.2007131410e+00 -1.7406176200e-01  1.5660715167e+00 -9.9309233039e-01 -2.3085996250e+00  1.3390651125e-01 -2.6856145984e-01 -3.0284966930e+00  1.9438421435e-01  3.7959902025e+00 -2.0210348846e+00  1.6256496529e+00  3.0628375358e+00 -1.2865470887e+00  2.8338038093e+00  1.1189327490e+00 -2.5908918373e+00  2.1674604060e+00  6.2455244019e-01 -4.1447929125e+00  2.9354591601e-01  2.2047287880e+00 -3.8904605550e+00  3.5005947955e+00  4.9230411135e+00 -6.5904456707e+00  3.4104074368e+00  3.1370116282e+00 -6.4973619172e+00  2.9284691712e+00  3.9952355068e+00 -7.9886977507e+00 -3.4955479630e-01  3.2654221052e+00 -6.5519740210e+00  6.7982879737e-01  3.0644534807e+00 -7.9815046330e+00  1.0137379042e+00  2.1010212880e+00 -6.5209335080e+00  2.8149209806e+00  3.6498172103e+00 -3.3870860974e+00
ENERGY -9.738748925162e+02

JOB 9
COORDS  3.5717779156e-01  4.0901410296e-01 -1.1349486783e+00 -4.2493426202e-01  1.7169533385e+00 -1.3169554965e+00  1.0075840028e+00 -3.6840259037e-02 -2.4522043359e+00  4.5785155623e-01  2.8237704530e+00 -1.9107273658e+00  1.8914262556e+00  1.0682220935e+00 -3.0489323739e+00  1.1063226304e+00  2.3738447369e+00 -3.2273621991e+00  2.8172588954e+00  3.7611596435e+00 -6.7442236180e+00  3.8546983366e-01  3.2841424968e+00 -6.8470069850e+00  2.0042215874e+00  3.3973631469e+00 -3.8066961230e+00  1.4637972551e+00  4.1238345333e+00 -6.3173502125e+00 -1.0282888164e-01  4.7594242855e+00 -4.4608390835e+00  2.2521601315e+00  5.7667291629e+00 -4.5587084084e+00  1.3308066741e+00  4.6462031652e+00 -4.7324290487e+00 -3.0293704541e-01 -3.7899922931e-01 -7.5446871317e-01  1.1394511504e+00  5.5719377097e-01 -3.7769183101e-01 -1.2783970175e+00  1.5408703651e+00 -1.9858367900e+00 -8.4332608364e-01  2.0493400776e+00 -3.6036336111e-01  1.6023073012e+00 -9.4438082768e-01 -2.2981022450e+00  2.2061649603e-01 -2.9740211885e-01 -3.1735027451e+00 -1.2215390483e-01  3.7337544606e+00 -2.0861183836e+00  1.2568577476e+00  3.0749512784e+00 -1.1972850298e+00  2.7447159643e+00  1.2554433441e+00 -2.3820888681e+00  2.3070535155e+00  7.6060154475e-01 -4.0145696123e+00  3.1178749232e-01  2.2026266660e+00 -3.9610125310e+00  3.5257138009e+00  4.5084968890e+00 -6.3853551035e+00  3.1141773490e+00  2.7702083245e+00 -6.3741073408e+00  2.8386940806e+00  3.7633528795e+00 -7.8375725691e+00 -5.7452567305e-01  3.6531111579e+00 -6.4897844294e+00  4.0839887910e-01  3.3606976561e+00 -7.9378796850e+00  5.0117485648e-01  2.2255309862e+00 -6.5684044216e+00  2.6372488892e+00  3.8170511930e+00 -3.1270512284e+00
ENERGY -9.738736900856e+02

JOB 10
COORDS  3.5765704075e-01  3.7589953779e-01 -1.2350839850e+00 -4.7593018024e-01  1.6390930536e+00 -1.4903850099e+00  1.1774858887e+00 -8.5643289126e-03 -2.4749056862e+00  3.9920386192e-01  2.8059088301e+00 -1.9696674485e+00  2.0538166710e+00  1.1567279616e+00 -2.9566461084e+00  1.2160626632e+00  2.4167786634e+00 -3.2101422521e+00  2.7570530643e+00  3.4324149233e+00 -6.6442117420e+00  2.6081875222e-01  3.4197752110e+00 -6.7772308085e+00  2.1065797746e+00  3.4975395076e+00 -3.6838588277e+00  1.4789677720e+00  3.9755687651e+00 -6.1900364200e+00  3.3516660283e-02  4.9264059629e+00 -4.3811851201e+00  2.4291107082e+00  5.7663924196e+00 -4.6458632389e+00  1.4460106982e+00  4.6864545825e+00 -4.6880496819e+00 -2.9254991676e-01 -4.5570534973e-01 -9.3981891877e-01  1.0397448929e+00  5.5648624923e-01 -3.9280837856e-01 -1.2377473469e+00  1.4244574323e+00 -2.2524116783e+00 -1.0176443426e+00  1.9300115377e+00 -5.8344793865e-01  1.8048369397e+00 -8.8203139218e-01 -2.2639204401e+00  4.9350235443e-01 -3.0299656728e-01 -3.2830971475e+00 -2.0916278655e-01  3.6850817263e+00 -2.1969089692e+00  1.0987796199e+00  3.0885956596e+00 -1.1689805092e+00  2.8132456465e+00  1.3842537261e+00 -2.1956165490e+00  2.5938959260e+00  8.9107667471e-01 -3.8716701534e+00  5.2023367381e-01  2.2045775199e+00 -4.0303262807e+00  3.5748579956e+00  4.0345974202e+00 -6.2475633372e+00  2.8942499217e+00  2.3891806124e+00 -6.3292897134e+00  2.7886223722e+00  3.4882744133e+00 -7.7367009087e+00 -6.0869206604e-01  3.9282804224e+00 -6.3647441728e+00  2.9041723227e-01  3.5910186627e+00 -7.8580730795e+00  1.7071425292e-01  2.3387192027e+00 -6.5945849691e+00  2.6281541398e+00  3.9589383973e+00 -2.9389286998e+00
ENERGY -9.738721742944e+02

JOB 11
COORDS  4.1201009817e-01  3.8319909126e-01 -1.1261892527e+00 -4.4084211972e-01  1.6157774817e+00 -1.4564623332e+00  1.3081472477e+00 -5.3166786962e-03 -2.3106385025e+00  4.2682311921e-01  2.7965854082e+00 -1.9149074082e+00  2.1773473883e+00  1.1732651850e+00 -2.7724724745e+00  1.3208017849e+00  2.4031587957e+00 -3.0999785542e+00  2.7723572126e+00  3.4497274465e+00 -6.6820259775e+00  2.6819385841e-01  3.5178227007e+00 -6.7235536262e+00  2.2080150215e+00  3.4948516978e+00 -3.5522291629e+00  1.5173747899e+00  3.7983904999e+00 -6.0226593078e+00  1.7935829093e-01  4.9926480488e+00 -4.2874741024e+00  2.5990022157e+00  5.6826385350e+00 -4.6521568276e+00  1.5682347558e+00  4.6452255078e+00 -4.6047725284e+00 -2.3013649648e-01 -4.5983067532e-01 -8.4594318874e-01  1.0421008470e+00  6.0273597461e-01 -2.5319723379e-01 -1.1533117954e+00  1.3618802349e+00 -2.2534818858e+00 -1.0396154512e+00  1.9110037928e+00 -5.8755644850e-01  1.9465576100e+00 -8.5577685417e-01 -2.0456030713e+00  6.7732563013e-01 -3.3691062780e-01 -3.1471591813e+00 -1.9166962939e-01  3.6535964637e+00 -2.1936703643e+00  1.0729433253e+00  3.1161279053e+00 -1.0838225215e+00  2.8884396424e+00  1.4382593710e+00 -1.9774442358e+00  2.7716910335e+00  9.0389400761e-01 -3.6518479773e+00  6.8268908791e-01  2.1537369425e+00 -3.9563397642e+00  3.6081385183e+00  3.6118301543e+00 -6.0017983907e+00  2.7556203578e+00  2.3909021881e+00 -6.9654800042e+00  2.9263459219e+00  4.0614971149e+00 -7.5793497488e+00 -5.7441438273e-01  3.8411018574e+00 -6.1146832330e+00  2.3538737856e-01  4.0516635141e+00 -7.6817760710e+00  1.8514257739e-01  2.4405335494e+00 -6.9145661142e+00  2.6848132258e+00  3.9820773436e+00 -2.7934837424e+00
ENERGY -9.738713312339e+02

JOB 12
COORDS  3.9822975754e-01  4.2494145137e-01 -1.0522947648e+00 -4.3143556291e-01  1.6576042126e+00 -1.4369429830e+00  1.3066932089e+00 -1.5722370749e-02 -2.2088109129e+00  4.6051100213e-01  2.8101412721e+00 -1.9202297737e+00  2.1995473476e+00  1.1343372904e+00 -2.6967206409e+00  1.3650351015e+00  2.3636301328e+00 -3.0779289638e+00  2.9292334411e+00  3.4391950325e+00 -6.7062092356e+00  4.4285624250e-01  3.6444222339e+00 -6.8655675639e+00  2.2754409535e+00  3.4272138144e+00 -3.5517155577e+00  1.6450060090e+00  3.6247555993e+00 -6.0284310265e+00  2.8998945868e-01  4.9432950906e+00 -4.3769937408e+00  2.7230469880e+00  5.5822370046e+00 -4.7012554722e+00  1.6792275890e+00  4.5555727906e+00 -4.6414194855e+00 -2.6046319594e-01 -3.9906518727e-01 -7.5439716322e-01  1.0178322418e+00  6.6475792155e-01 -1.7710223552e-01 -1.1346508806e+00  1.3872489978e+00 -2.2366926881e+00 -1.0394239734e+00  1.9900134710e+00 -5.8808364737e-01  1.9290876541e+00 -8.6511801273e-01 -1.9050457849e+00  6.8438040915e-01 -3.6689453600e-01 -3.0435600753e+00 -1.4141430741e-01  3.6660504107e+00 -2.2366470609e+00  1.0982643090e+00  3.1479359986e+00 -1.0898631740e+00  2.9029882272e+00  1.4154379761e+00 -1.9002374104e+00  2.8014357630e+00  8.2729479280e-01 -3.5582856805e+00  7.3948355701e-01  2.0967384775e+00 -3.9373541334e+00  3.7156189368e+00  3.2869409624e+00 -5.9656416871e+00  2.8611020117e+00  2.5413436264e+00 -7.3277793318e+00  3.1926201734e+00  4.2985276635e+00 -7.3357821902e+00 -4.4092681607e-01  3.7406141255e+00 -6.2375850327e+00  4.5348452152e-01  4.4682697358e+00 -7.5926007391e+00  3.9684176155e-01  2.6943359803e+00 -7.4071125249e+00  2.7610431190e+00  3.9263774714e+00 -2.8066733705e+00
ENERGY -9.738732362230e+02

JOB 13
COORDS  4.7143985089e-01  4.1186106921e-01 -9.7817327079e-01 -3.9982813464e-01  1.6239477306e+00 -1.3353506917e+00  1.3361043164e+00 -2.1036189383e-02 -2.1706321658e+00  4.4568294904e-01  2.7895852492e+00 -1.8680647308e+00  2.1831101407e+00  1.1420323297e+00 -2.7070402713e+00  1.3068996013e+00  2.3502210422e+00 -3.0604655623e+00  2.8466176034e+00  3.3743116476e+00 -6.6408897813e+00  4.2946301642e-01  3.8009082801e+00 -6.9995256993e+00  2.1727208668e+00  3.4306458895e+00 -3.5797061678e+00  1.5195236094e+00  3.5636284508e+00 -6.0431647198e+00  1.0782271022e-01  4.8371210601e+00 -4.3947350637e+00  2.4975607817e+00  5.6127828849e+00 -4.7324729107e+00  1.5152583807e+00  4.5261237735e+00 -4.6614141677e+00 -1.5627321684e-01 -4.2247171747e-01 -6.4434062746e-01  1.1245020124e+00  6.7197736261e-01 -1.3360621555e-01 -1.1323578450e+00  1.3323625827e+00 -2.1004256761e+00 -9.7563487838e-01  1.9520324843e+00 -4.6270493226e-01  1.9883173984e+00 -8.5530633661e-01 -1.8882390634e+00  6.8452173788e-01 -3.9147719565e-01 -2.9740348082e+00 -1.8815903422e-01  3.6288686350e+00 -2.1666232491e+00  1.1115845676e+00  3.1495689584e+00 -1.0696188865e+00  2.9157669608e+00  1.4438752695e+00 -1.9451860191e+00  2.7515367262e+00  8.3874248415e-01 -3.5924141838e+00  6.5036886505e-01  2.0657705060e+00 -3.8898656718e+00  3.5631862990e+00  3.1180651902e+00 -5.8591720809e+00  2.7833295030e+00  2.5374899601e+00 -7.3422459736e+00  3.1957555016e+00  4.2693421293e+00 -7.1714385237e+00 -5.1370159123e-01  3.8924457608e+00 -6.4636225401e+00  5.8942525123e-01  4.7026731262e+00 -7.6070656763e+00  3.8174267341e-01  2.9322682425e+00 -7.6624797835e+00  2.6774284868e+00  3.9506824037e+00 -2.8626249883e+00
ENERGY -9.738751593014e+02

JOB 14
COORDS  5.2043348243e-01  4.1240940759e-01 -9.1318925134e-01 -3.7117553446e-01  1.6158515592e+00 -1.2488112983e+00  1.3373922566e+00 -3.1069024491e-02 -2.1350078051e+00  4.4585293667e-01  2.7785845324e+00 -1.8300850831e+00  2.1567534950e+00  1.1290568094e+00 -2.7187969606e+00  1.2607998358e+00  2.3287814496e+00 -3.0501925232e+00  2.8525706533e+00  3.2813973884e+00 -6.5548915496e+00  5.7027848557e-01  3.9706399161e+00 -7.1552817725e+00  2.0998512523e+00  3.4108304687e+00 -3.6114233276e+00  1.4775545100e+00  3.5176706407e+00 -6.0860198054e+00 -2.4539037697e-02  4.6936428938e+00 -4.4400475524e+00  2.3168148898e+00  5.6249373500e+00 -4.7463925960e+00  1.4025785552e+00  4.4783089816e+00 -4.6927379495e+00 -8.8768647482e-02 -4.2068793144e-01 -5.4392635802e-01  1.2063713666e+00  6.8567697135e-01 -9.9365768600e-02 -1.1328391085e+00  1.3117000922e+00 -1.9795938531e+00 -9.1217854696e-01  1.9521786655e+00 -3.5725285157e-01  2.0042367412e+00 -8.5946369549e-01 -1.8700617628e+00  6.5511854325e-01 -4.1306497416e-01 -2.9068076765e+00 -2.0472545797e-01  3.6099481956e+00 -2.1148164648e+00  1.1410205585e+00  3.1527495972e+00 -1.0636382788e+00  2.9184239108e+00  1.4427969339e+00 -1.9909997998e+00  2.6899298270e+00  8.1668535271e-01 -3.6228682090e+00  5.7271922563e-01  2.0346699440e+00 -3.8495031180e+00  3.4620373673e+00  2.9252223494e+00 -5.7239195187e+00  2.8124986264e+00  2.5013063229e+00 -7.3201890115e+00  3.3082875389e+00  4.1848079941e+00 -6.9807871782e+00 -4.2943578590e-01  4.1161776648e+00 -6.7480273260e+00  9.1229847500e-01  4.9004039778e+00 -7.6309291465e+00  5.3484454146e-01  3.1802310211e+00 -7.9097455404e+00  2.6203091057e+00  3.9487895087e+00 -2.9197571567e+00
ENERGY -9.738758640209e+02

JOB 15
COORDS  5.8768833387e-01  4.1652991636e-01 -8.4123660948e-01 -3.3366392780e-01  1.6008835345e+00 -1.1639550255e+00  1.3576829273e+00 -4.3231223156e-02 -2.0872835704e+00  4.4230723712e-01  2.7604783731e+00 -1.8046082653e+00  2.1360837952e+00  1.1140897279e+00 -2.7301371767e+00  1.2104513390e+00  2.2946583818e+00 -3.0485740756e+00  2.8025449038e+00  3.1931998736e+00 -6.5113805217e+00  7.0466791414e-01  4.1616435755e+00 -7.2821352449e+00  2.0114316660e+00  3.3775982329e+00 -3.6646341319e+00  1.4012875664e+00  3.4954891173e+00 -6.1612874417e+00 -1.8209067146e-01  4.5102105914e+00 -4.4774343926e+00  2.0854356707e+00  5.6280668341e+00 -4.7679023756e+00  1.2565302815e+00  4.4168564213e+00 -4.7346789629e+00  6.1117807289e-03 -4.1601041383e-01 -4.2876337374e-01  1.3038762076e+00  7.1599887669e-01 -6.3481821528e-02 -1.1215549935e+00  1.2715121130e+00 -1.8547572636e+00 -8.4053864123e-01  1.9502194682e+00 -2.5748441556e-01  2.0463328855e+00 -8.5720229044e-01 -1.8337108645e+00  6.4840556631e-01 -4.5020939110e-01 -2.8209190783e+00 -2.3127402569e-01  3.5766098579e+00 -2.0794614557e+00  1.1646230610e+00  3.1602638187e+00 -1.0771041880e+00  2.9233742033e+00  1.4532309332e+00 -2.0421197617e+00  2.6350670998e+00  7.8703491887e-01 -3.6485357736e+00  4.9221300684e-01  1.9770530608e+00 -3.8110930986e+00  3.2935431485e+00  2.7111142776e+00 -5.6670360159e+00  2.7843786232e+00  2.4986408448e+00 -7.3556781070e+00  3.3645847278e+00  4.0924848281e+00 -6.7979152041e+00 -3.2147989378e-01  4.3881450745e+00 -6.9915821296e+00  1.2122060476e+00  5.0829786429e+00 -7.5983787283e+00  6.8425750089e-01  3.4600244918e+00 -8.1197666615e+00  2.5513930667e+00  3.9355738139e+00 -3.0048238928e+00
ENERGY -9.738745873527e+02

JOB 16
COORDS  1.4222103514e+00 -1.1368219178e-01  4.8949180601e-01  1.5999808921e+00  8.2730374459e-01  1.6906704583e+00  1.7780983413e+00  5.8189070269e-01 -8.3334570601e-01  8.0633623361e-01  2.1277188620e+00  1.5053642692e+00  9.9715484736e-01  1.8943095927e+00 -1.0091691677e+00  1.1592957519e+00  2.8431460324e+00  1.8879326520e-01  3.6064078551e+00  5.9543395677e+00 -9.3770058497e-01  4.7817420103e+00  6.4488043597e+00  1.1452617647e+00  2.5455286360e+00  3.3858527535e+00  1.5038925275e-01  4.1178570358e+00  5.4078403755e+00  3.3331155252e-01  1.7167285343e+00  5.4301615746e+00  1.4054867019e+00  3.6002028767e+00  4.0851719126e+00  2.4250085578e+00  2.9199909983e+00  4.6068754338e+00  1.2355593978e+00  3.7571764097e-01 -4.4594758768e-01  4.4688695567e-01  2.0322550512e+00 -1.0152441007e+00  6.1760220840e-01  1.2792284832e+00  3.2950186821e-01  2.6122468763e+00  2.6640228161e+00  1.0597466450e+00  1.8314062999e+00  2.8592936399e+00  7.7777277191e-01 -8.6653174083e-01  1.5719645159e+00 -8.2571620090e-02 -1.6800270439e+00 -2.6701225095e-01  1.8979554838e+00  1.4789833518e+00  9.6285630025e-01  2.8032419834e+00  2.3512035537e+00  1.2998358391e+00  2.4090404375e+00 -1.9271013354e+00 -7.1029466395e-02  1.6628955429e+00 -1.1040414154e+00  5.0630024508e-01  3.7083741636e+00  5.8358315656e-02  3.1208201227e+00  5.1606473511e+00 -1.5049792067e+00  2.8998123578e+00  6.7806122065e+00 -7.8166909300e-01  4.4654678936e+00  6.3196253816e+00 -1.5070062206e+00  5.1392728889e+00  6.0118087100e+00  2.0776122267e+00  5.6407097200e+00  6.8100634592e+00  5.7428745936e-01  4.1156070514e+00  7.2944806676e+00  1.3638822871e+00  3.2623151393e+00  2.6664430710e+00  2.3107807183e-01
ENERGY -9.738724934078e+02

JOB 17
COORDS  1.5426870269e+00 -1.2753201012e-01  5.0884476649e-01  1.6688837827e+00  8.4503531711e-01  1.6912787061e+00  1.8553839451e+00  5.6235114760e-01 -8.2784658723e-01  7.9980422405e-01  2.0927586084e+00  1.4839817806e+00  9.9996792165e-01  1.8243766228e+00 -1.0256315171e+00  1.1094262198e+00  2.8036466737e+00  1.5378727049e-01  3.5876460896e+00  6.0849516900e+00 -9.1143354264e-01  4.8960367158e+00  6.2588450177e+00  1.1673374193e+00  2.4601358673e+00  3.4270218922e+00  9.8093819587e-02  4.0319685130e+00  5.4158149802e+00  3.2188116136e-01  1.5534254730e+00  5.5004037878e+00  1.2024934968e+00  3.3499714278e+00  4.2042677832e+00  2.4324001856e+00  2.7683241297e+00  4.6788291568e+00  1.1723788108e+00  5.1664338681e-01 -5.1937847154e-01  4.7584410276e-01  2.2032178916e+00 -9.9050826531e-01  6.5193644891e-01  1.3814192955e+00  3.4721131330e-01  2.6237604972e+00  2.7176936272e+00  1.1430167369e+00  1.8221476655e+00  2.9234793068e+00  8.1940897402e-01 -8.6753094612e-01  1.6862220662e+00 -1.2848802171e-01 -1.6615327015e+00 -2.5813636592e-01  1.7994557508e+00  1.4632494162e+00  9.1703548738e-01  2.7894935620e+00  2.3188897660e+00  1.2710453498e+00  2.3385200133e+00 -1.9536697071e+00 -5.3239497633e-02  1.5300902474e+00 -1.1135224472e+00  4.0659695693e-01  3.6264823605e+00  8.2054811404e-03  2.9819501909e+00  5.3946628741e+00 -1.4994596196e+00  3.0085990074e+00  6.9945196046e+00 -7.0571464415e-01  4.4794600705e+00  6.3457973575e+00 -1.4878955245e+00  5.1955196705e+00  5.7010258604e+00  2.0535922060e+00  5.7868113952e+00  6.5015105571e+00  5.8185390021e-01  4.4046151233e+00  7.1937401810e+00  1.4707820066e+00  3.2203285496e+00  2.7529176729e+00  1.7292816539e-01
ENERGY -9.738733141330e+02

JOB 18
COORDS  1.6102984706e+00 -1.1610701886e-01  5.5724522428e-01  1.6937939316e+00  8.8665137132e-01  1.7180386207e+00  1.8992367412e+00  5.5608585630e-01 -7.9373429560e-01  7.7654222354e-01  2.0937823401e+00  1.4808309731e+00  9.9537700331e-01  1.7788221636e+00 -1.0211892831e+00  1.0632954979e+00  2.7877425064e+00  1.3637247128e-01  3.5489864322e+00  6.2298228987e+00 -8.7471657202e-01  4.9783278888e+00  6.0714320204e+00  1.1513375888e+00  2.3872393991e+00  3.4634527955e+00  6.6528789612e-02  3.9394364374e+00  5.4582019474e+00  3.1149417645e-01  1.4292428447e+00  5.5488854402e+00  1.0635506382e+00  3.1754698252e+00  4.3009182950e+00  2.4224525722e+00  2.6520486901e+00  4.7424885059e+00  1.1251155164e+00  6.0074460632e-01 -5.4913714563e-01  5.3071135222e-01  2.3041652176e+00 -9.4880483083e-01  7.2088540413e-01  1.4234846379e+00  3.9843572643e-01  2.6607143562e+00  2.7293167724e+00  1.2296054389e+00  1.8444338649e+00  2.9565605263e+00  8.5405482969e-01 -8.3674452004e-01  1.7601436755e+00 -1.5907390471e-01 -1.6123697092e+00 -2.6871228878e-01  1.7578018766e+00  1.4623457302e+00  8.6269866297e-01  2.8113805918e+00  2.3016090733e+00  1.2488980818e+00  2.2826423711e+00 -1.9597540842e+00 -4.5107699053e-02  1.4412267671e+00 -1.1048039495e+00  3.2859090060e-01  3.5784506389e+00 -2.9283092008e-02  2.8456561953e+00  5.6469312323e+00 -1.4708764935e+00  3.0908066571e+00  7.1920105999e+00 -6.1281754549e-01  4.4480037056e+00  6.4063401016e+00 -1.4719689247e+00  5.2152518132e+00  5.4089594567e+00  1.9820760838e+00  5.8687618978e+00  6.1973693378e+00  5.2879102318e-01  4.6783837059e+00  7.0526516592e+00  1.5447573887e+00  3.1742431934e+00  2.8208743731e+00  1.4151323040e-01
ENERGY -9.738724047716e+02

JOB 19
COORDS  6.3823331061e-01  3.4339897763e-01 -8.2145996190e-01  2.3023692584e-01  1.8193350122e+00 -7.1332036495e-01  3.1201698187e-01 -2.2361491006e-01 -2.2104212901e+00  8.6482344942e-01  2.6614545631e+00 -1.8297127755e+00  9.4603776291e-01  6.1669506871e-01 -3.3280446194e+00  5.3450593824e-01  2.0902521519e+00 -3.2155602276e+00  5.9938000500e-01  6.1818027014e+00 -3.5162463771e+00 -1.7236742819e+00  5.3788092654e+00 -3.8605702943e+00  1.1604301575e+00  2.8592611946e+00 -4.3073034484e+00 -2.8815391889e-01  5.0724360014e+00 -3.8738901401e+00  1.2936015658e+00  4.7524770060e+00 -5.8918950550e+00 -8.8578311223e-01  3.4085475728e+00 -5.6732408870e+00  2.9285405667e-01  4.0443268715e+00 -5.0920702375e+00  1.3732012214e-01 -2.4550253953e-01 -4.4426727388e-02  1.7178516477e+00  2.5298642703e-01 -6.3795795300e-01 -8.6347426748e-01  1.8992211050e+00 -7.8097961203e-01  5.1276560087e-01  2.2240994545e+00  2.6525312772e-01  6.5199634108e-01 -1.2624304441e+00 -2.2882920612e+00 -7.7793762136e-01 -2.4089312285e-01 -2.3475246740e+00  5.2573860276e-01  3.7003572275e+00 -1.7767050021e+00  1.9578081475e+00  2.6654125708e+00 -1.7030340229e+00  2.0411207033e+00  5.4854388303e-01 -3.2649575351e+00  6.6006085946e-01  2.4273787522e-01 -4.3157621395e+00 -5.4677604461e-01  2.1525421367e+00 -3.3778704773e+00  1.6245720875e+00  5.8238062101e+00 -3.4003151105e+00  5.9475980511e-01  6.9829283225e+00 -4.2661405218e+00  2.6850239729e-01  6.5826610082e+00 -2.5535986934e+00 -2.2925560720e+00  4.4900562944e+00 -4.1268036873e+00 -1.9901212926e+00  5.6828481038e+00 -2.8433941110e+00 -1.9863146881e+00  6.1886963399e+00 -4.5555817443e+00  2.1210490756e+00  3.1539353129e+00 -4.1489119360e+00
ENERGY -9.738706888603e+02

JOB 20
COORDS -5.7039190505e-01  8.4619965857e-01 -1.1852593612e+00 -5.5745567723e-01  2.3544830103e+00 -1.4688729887e+00 -1.8220688310e-01  4.3526822139e-02 -2.4349561851e+00  7.9598669437e-01  2.8114869347e+00 -2.0320947069e+00  1.1691797002e+00  4.9900612054e-01 -3.0040871992e+00  1.1753855896e+00  2.0072271284e+00 -3.2844499309e+00  6.0795272393e-01  4.0179945755e+00 -6.5721211141e+00  2.6644001095e+00  2.9263752491e+00 -7.3400894781e+00  2.4937006302e+00  2.3707269739e+00 -3.8476682829e+00  1.7798877790e+00  3.2060358910e+00 -6.1942491083e+00  1.8494859684e+00  4.8855211116e+00 -4.2781098909e+00  4.0356455658e+00  3.8886907482e+00 -5.0782495320e+00  2.6033952545e+00  3.7431207347e+00 -4.8084259466e+00 -1.5587578612e+00  5.3457918933e-01 -8.2796935962e-01  1.4069328207e-01  6.2438186163e-01 -3.7749671241e-01 -1.3487684236e+00  2.5947171058e+00 -2.1925471464e+00 -7.8893796023e-01  2.9177470305e+00 -5.5791186123e-01 -1.4562055082e-01 -1.0276734304e+00 -2.2064026501e+00 -9.5747503440e-01  1.7265638095e-01 -3.2028708485e+00  7.8305943287e-01  3.8783668000e+00 -2.2691270797e+00  1.5756831983e+00  2.6577043599e+00 -1.2714354580e+00  1.9665347380e+00  2.6909262287e-01 -2.2831087823e+00  1.4098955036e+00 -3.7783906349e-02 -3.9270477727e+00  4.4288999142e-01  2.2036425258e+00 -4.0755533953e+00 -3.5484700177e-02  4.1812759554e+00 -5.7090569091e+00  8.8585823691e-01  4.9942100789e+00 -6.9906306763e+00  5.3849015680e-02  3.4491222063e+00 -7.3239064156e+00  3.4985534769e+00  2.3006917962e+00 -7.0237319982e+00  2.0770135966e+00  2.3785325144e+00 -8.0817875213e+00  3.0600815993e+00  3.8437675727e+00 -7.7937287184e+00  3.2403495569e+00  2.4137062007e+00 -3.1530922077e+00
ENERGY -9.738694734150e+02

JOB 21
COORDS -5.4239135572e-01  7.6196953701e-01 -1.1495646195e+00 -5.6676003825e-01  2.2831697291e+00 -1.3523148597e+00 -1.8768533529e-01  3.3704534122e-02 -2.4536984826e+00  7.5601660531e-01  2.7958041344e+00 -1.9396827148e+00  1.1341705822e+00  5.4385632197e-01 -3.0455027221e+00  1.1033613548e+00  2.0643537379e+00 -3.2442397380e+00  6.7696768546e-01  4.2244623642e+00 -6.7474845110e+00  2.6066359727e+00  2.7659772777e+00 -7.1467619484e+00  2.3933868992e+00  2.4909917898e+00 -3.8277877456e+00  1.6560140935e+00  3.2950395728e+00 -6.1534498124e+00  1.5747573180e+00  4.9611089452e+00 -4.2413854260e+00  3.8496540057e+00  4.1425932257e+00 -4.9869601374e+00  2.4253341090e+00  3.8831145399e+00 -4.7567317665e+00 -1.5110203037e+00  4.1293597194e-01 -7.7336309882e-01  2.0239227660e-01  5.1145623337e-01 -3.8148163879e-01 -1.3883289348e+00  2.5460158172e+00 -2.0328370417e+00 -7.7352749536e-01  2.7926020949e+00 -4.0445510578e-01 -1.2506271369e-01 -1.0472341534e+00 -2.2841864034e+00 -9.9263197889e-01  1.8927827420e-01 -3.1852240430e+00  7.1190578221e-01  3.8723975749e+00 -2.1246383269e+00  1.5660276504e+00  2.6219546899e+00 -1.2157855347e+00  1.9614019618e+00  2.9016451574e-01 -2.3674574882e+00  1.3489036720e+00  6.1285265707e-02 -4.0043603371e+00  3.4196021474e-01  2.2924238315e+00 -3.9982171776e+00 -1.7800412443e-02  4.5717746642e+00 -5.9850274596e+00  1.1500383336e+00  5.0949284027e+00 -7.2220545330e+00  1.2394330527e-01  3.6635474929e+00 -7.5059801151e+00  3.2848416772e+00  2.0585743793e+00 -6.6676010982e+00  2.0293585741e+00  2.2329165886e+00 -7.9070579675e+00  3.1959127952e+00  3.5591919808e+00 -7.6227443523e+00  3.1634067416e+00  2.5332371407e+00 -3.1602043077e+00
ENERGY -9.738725584388e+02

JOB 22
COORDS -4.5936757188e-01  6.8480634765e-01 -1.1213221872e+00 -5.2007974715e-01  2.2118356189e+00 -1.2637892712e+00 -1.5219130347e-01  1.3536473932e-02 -2.4674155050e+00  7.6505899455e-01  2.7718190200e+00 -1.8901112166e+00  1.1325603697e+00  5.7063103178e-01 -3.0974363264e+00  1.0660944287e+00  2.0965611110e+00 -3.2354030576e+00  8.0274509918e-01  4.3762807848e+00 -6.9231987627e+00  2.5221848045e+00  2.6236638038e+00 -6.9967658579e+00  2.3224954907e+00  2.5729022980e+00 -3.8541616115e+00  1.5705127441e+00  3.3744450992e+00 -6.1611517874e+00  1.3468964285e+00  4.9846370996e+00 -4.2269621110e+00  3.6921024519e+00  4.3475445549e+00 -4.9423792639e+00  2.2838467661e+00  3.9852671395e+00 -4.7483263322e+00 -1.4033922125e+00  3.0293541323e-01 -7.1566915316e-01  3.2417120338e-01  4.1973934119e-01 -3.9794361317e-01 -1.3761867102e+00  2.4843497644e+00 -1.8960150575e+00 -6.9199648974e-01  2.6809048801e+00 -2.8853944745e-01 -6.3643354535e-02 -1.0717396652e+00 -2.3431239754e+00 -9.9201208104e-01  1.8211914861e-01 -3.1554860710e+00  6.9131245205e-01  3.8530951851e+00 -2.0341739521e+00  1.6101941728e+00  2.5886696065e+00 -1.2098500419e+00  1.9940073085e+00  3.0676544134e-01 -2.4676155986e+00  1.3111224082e+00  1.2792784341e-01 -4.0828250997e+00  2.6930241684e-01  2.3420171199e+00 -3.9455014331e+00  1.0979742634e-01  4.8901706563e+00 -6.2592140443e+00  1.4470357106e+00  5.1154058400e+00 -7.4192830601e+00  2.3411816254e-01  3.8358568443e+00 -7.6848527921e+00  3.0357389372e+00  1.8810850070e+00 -6.3842785212e+00  1.9485801263e+00  2.1024481105e+00 -7.7680779895e+00  3.2646351225e+00  3.2773403971e+00 -7.4712448207e+00  3.1186011929e+00  2.6159281353e+00 -3.2186974384e+00
ENERGY -9.738752707997e+02

JOB 23
COORDS -4.0496834363e-01  6.3569001886e-01 -1.0976511096e+00 -4.8941767955e-01  2.1649792173e+00 -1.1975548203e+00 -1.3868245193e-01  3.5882369539e-03 -2.4711386485e+00  7.6534409752e-01  2.7574189374e+00 -1.8547054312e+00  1.1161310355e+00  5.9327717596e-01 -3.1313647926e+00  1.0262145221e+00  2.1212905235e+00 -3.2266835593e+00  9.9014829872e-01  4.4680298631e+00 -7.0836458170e+00  2.4421190599e+00  2.4887334205e+00 -6.8710063637e+00  2.2558363343e+00  2.6329589645e+00 -3.8724405173e+00  1.5412470968e+00  3.4329768293e+00 -6.1925366068e+00  1.1296955821e+00  4.9605824504e+00 -4.2349281176e+00  3.5474248764e+00  4.5215517737e+00 -4.8788739412e+00  2.1620958938e+00  4.0554701089e+00 -4.7464352490e+00 -1.3291227646e+00  2.3116985591e-01 -6.6890148914e-01  4.0723936386e-01  3.6193301683e-01 -4.0999938960e-01 -1.3707423088e+00  2.4426759699e+00 -1.7915172061e+00 -6.3157281682e-01  2.6064403842e+00 -2.0479554237e-01 -3.3013585626e-02 -1.0833498046e+00 -2.3788869870e+00 -1.0045366623e+00  1.7963293079e-01 -3.1241104966e+00  6.7252867787e-01  3.8407736880e+00 -1.9690884928e+00  1.6367320239e+00  2.5681151140e+00 -1.2100453419e+00  2.0026472262e+00  3.2421260658e-01 -2.5398186077e+00  1.2638709286e+00  1.7691607158e-01 -4.1334380839e+00  2.0193363088e-01  2.3774129778e+00 -3.9002638676e+00  3.2265902507e-01  5.1171650754e+00 -6.5180195405e+00  1.7748358305e+00  5.0717510250e+00 -7.5604834059e+00  4.1392507493e-01  3.9589963434e+00 -7.8609127720e+00  2.7843230699e+00  1.7393466823e+00 -6.1575219757e+00  1.8679122592e+00  1.9907585303e+00 -7.6573371725e+00  3.3103020734e+00  2.9897551786e+00 -7.3197290214e+00  3.0678943108e+00  2.6870379605e+00 -3.2590935836e+00
ENERGY -9.738756973991e+02

