JOB 0
COORDS -2.4588464432e+00  6.0746285238e-01  1.8662720693e-02 -4.3683485422e-03  1.0320659022e+00  1.8485400646e+00  7.9247435161e-01  9.8461378333e-01  3.8676719717e+00  3.3279768811e-01 -3.1096919187e-01 -2.5507383759e-01 -8.8963291808e-02  1.0408194479e+00  3.3783712965e-01 -3.3284373659e+00 -1.5648812346e-01  1.8762843949e-01  1.1173963302e+00  1.1216617226e+00  2.4975094511e+00 -1.1241095384e+00  9.1734590717e-01  2.6494898749e+00 -6.0200170679e-01  6.8064098571e-01  3.9392392900e+00 -1.4216287957e+00  1.4397418141e+00 -1.7323558456e-01  1.5172343163e+00  1.1022535378e+00  4.8341285558e+00 -4.6364114198e-01 -1.0528887032e+00 -1.4669230388e-01  5.3230158411e-01 -1.9296552083e-01 -1.3231493971e+00  1.2350701516e+00 -6.6940966211e-01  2.4248601653e-01  5.9856933930e-01  1.8113291204e+00 -1.7595532711e-02 -1.8747056061e+00  2.8638182713e-01  2.3678704848e+00 -1.1127677677e+00  1.1446413062e+00  4.6857240324e+00 -1.6554221209e+00  2.4190750625e+00 -3.9397141241e-02
ENERGY -5.437810402615e+02

JOB 1
COORDS -2.4723461912e+00  5.9295116496e-01  4.5478907821e-02 -7.3218534069e-03  1.0359994753e+00  1.8526264774e+00  8.0039552032e-01  1.0066759015e+00  3.8677367629e+00  3.3082994441e-01 -3.1310957280e-01 -2.5891775390e-01 -9.9644956723e-02  1.0377969859e+00  3.4270660631e-01 -3.3381296030e+00 -1.7287154668e-01  2.2532978323e-01  1.1167321762e+00  1.1409684523e+00  2.4953666696e+00 -1.1214054238e+00  9.1277555030e-01  2.6599799825e+00 -5.9034526159e-01  6.8812328089e-01  3.9480579127e+00 -1.4393336212e+00  1.4270051704e+00 -1.6178944432e-01  1.5286156334e+00  1.1370448394e+00  4.8299498630e+00 -5.2817476669e-01 -9.7902083089e-01 -3.7727079717e-01  7.4931608793e-01 -1.5128900137e-01 -1.2552115670e+00  1.0866089162e+00 -7.8913941347e-01  3.6687756313e-01  5.6947154041e-01  1.8189793373e+00 -2.3190059492e-02 -1.8668760337e+00  2.7280787716e-01  2.3851029571e+00 -1.1023946926e+00  1.1498842507e+00  4.6950546736e+00 -1.6760828455e+00  2.4060066629e+00 -3.0039142745e-02
ENERGY -5.437792075753e+02

JOB 2
COORDS -2.4975171308e+00  6.0290588152e-01  4.9819150095e-02  2.1628446592e-03  1.0506761251e+00  1.8057044616e+00  8.5273222328e-01  1.0494629508e+00  3.8036066751e+00  2.9788595325e-01 -3.2146823346e-01 -3.0273317767e-01 -1.2001248184e-01  1.0413490880e+00  2.9828402534e-01 -3.3582114633e+00 -1.6445182729e-01  2.4668575164e-01  1.1353509175e+00  1.1941197087e+00  2.4250788851e+00 -1.0893100032e+00  8.9043347421e-01  2.6359654083e+00 -5.2473508274e-01  6.8362346776e-01  3.9127649130e+00 -1.4674393326e+00  1.4347063309e+00 -1.8052024242e-01  1.5960267541e+00  1.2037340409e+00  4.7507144415e+00 -5.7624762332e-01 -8.7714284081e-01 -6.5006137777e-01  9.4218635052e-01 -1.6163540623e-01 -1.1698523071e+00  8.4648926687e-01 -9.2210363633e-01  4.2373018317e-01  5.4579590917e-01  1.8195189145e+00 -7.8536676119e-02 -1.8229509353e+00  2.3101737105e-01  2.3762507909e+00 -1.0360552670e+00  1.1289869736e+00  4.6701778535e+00 -1.6984473315e+00  2.4143831762e+00 -4.3312630002e-02
ENERGY -5.437771384062e+02

JOB 3
COORDS -2.5096069568e+00  6.0773900328e-01  5.5780973785e-02 -3.8443745943e-03  1.0666088219e+00  1.8027275480e+00  8.6424086141e-01  1.0886036864e+00  3.7927585922e+00  2.7113737722e-01 -3.2472357323e-01 -2.8891063353e-01 -1.3882656823e-01  1.0516415014e+00  2.9639588076e-01 -3.3609689784e+00 -1.7196629676e-01  2.4383989348e-01  1.1268959356e+00  1.2596534255e+00  2.4128876107e+00 -1.0792839618e+00  8.4878796441e-01  2.6414356501e+00 -4.9327797655e-01  6.5641364852e-01  3.9115341461e+00 -1.4872009464e+00  1.4511761782e+00 -1.6992806733e-01  1.6084067963e+00  1.2700531033e+00  4.7342009317e+00 -5.4385612028e-01 -7.5025446993e-01 -8.7792371239e-01  1.1409081993e+00 -2.1476288849e-01 -9.3836420506e-01  5.3006438978e-01 -1.0333938354e+00  4.9976063272e-01  5.4242694007e-01  1.8202252986e+00 -7.1898634930e-02 -1.7837758096e+00  1.5846123474e-01  2.3817548278e+00 -1.0165836308e+00  1.0743243997e+00  4.6764953176e+00 -1.7215515505e+00  2.4257151396e+00 -3.3974833742e-03
ENERGY -5.437761423719e+02

JOB 4
COORDS -2.5122234724e+00  5.6928773154e-01  6.4538814332e-02 -5.0063629702e-03  1.0736151353e+00  1.7992985769e+00  8.8388832921e-01  1.0899414204e+00  3.7802685334e+00  2.6847185562e-01 -3.1541798901e-01 -2.7986196764e-01 -1.5515127187e-01  1.0589067746e+00  2.9345501421e-01 -3.3434103928e+00 -2.3196658743e-01  2.5175598757e-01  1.1326794576e+00  1.2618244576e+00  2.3979287353e+00 -1.0726235063e+00  8.5893624410e-01  2.6489730482e+00 -4.7381695137e-01  6.6264716020e-01  3.9126794176e+00 -1.5110338427e+00  1.4388388854e+00 -1.5976139431e-01  1.6385454969e+00  1.2674480242e+00  4.7141096751e+00 -4.1170822011e-01 -6.1753841755e-01 -1.0790099108e+00  1.2882138808e+00 -2.6837667887e-01 -6.6294375842e-01  2.3375111107e-01 -1.0936040550e+00  4.8630703769e-01  5.2868355585e-01  1.8298434074e+00 -6.6403021380e-02 -1.7807289985e+00  1.6977185549e-01  2.3959543856e+00 -9.8759030976e-01  1.0808805231e+00  4.6838623477e+00 -1.7646490103e+00  2.4055069695e+00  2.3981674508e-02
ENERGY -5.437769706494e+02

JOB 5
COORDS -2.5200809975e+00  5.3361512167e-01  6.2063779972e-02  7.2986235224e-03  1.0749424641e+00  1.7637136440e+00  9.2845045593e-01  1.0808589681e+00  3.7299998440e+00  2.5942005756e-01 -3.0316725454e-01 -3.1329319778e-01 -1.6977038409e-01  1.0624006772e+00  2.6002165792e-01 -3.3375893889e+00 -2.7955832665e-01  2.5766692564e-01  1.1575471374e+00  1.2440436681e+00  2.3429998649e+00 -1.0508670819e+00  8.8165021468e-01  2.6314135448e+00 -4.3418843129e-01  6.7838068645e-01  3.8857671140e+00 -1.5369600645e+00  1.4215894499e+00 -1.6939572790e-01  1.7015684543e+00  1.2476420476e+00  4.6505504292e+00 -2.5049781266e-01 -4.8532323322e-01 -1.2621572618e+00  1.3408880265e+00 -3.2788968869e-01 -4.4975206279e-01 -1.6511926158e-02 -1.1185549929e+00  3.6115625690e-01  5.0486677918e-01  1.8375737584e+00 -1.0963310026e-01 -1.7694254287e+00  1.9826672194e-01  2.3918602826e+00 -9.2760421916e-01  1.1080564140e+00  4.6638927454e+00 -1.8048137507e+00  2.3832142084e+00  1.9930995065e-02
ENERGY -5.437789893593e+02

JOB 6
COORDS -2.5272704171e+00  5.0305848624e-01  7.8038724599e-02  1.3136291753e-02  1.0690458241e+00  1.7529080854e+00  9.5044063414e-01  1.0760020870e+00  3.7112791168e+00  2.6118466725e-01 -2.9622173833e-01 -3.3078381727e-01 -1.7732269615e-01  1.0564240741e+00  2.5090191106e-01 -3.3381323242e+00 -3.1302110528e-01  2.8884345752e-01  1.1701451730e+00  1.2277599336e+00  2.3216162531e+00 -1.0398449837e+00  8.9230367702e-01  2.6303129964e+00 -4.1524929641e-01  6.9025682059e-01  3.8804877115e+00 -1.5534354609e+00  1.3968572904e+00 -1.6764147509e-01  1.7329723788e+00  1.2394616009e+00  4.6244652584e+00 -5.0125067799e-02 -3.6573731058e-01 -1.3759053237e+00  1.3445383336e+00 -3.9489286136e-01 -2.5002524670e-01 -2.0170975914e-01 -1.1267791608e+00  2.1014010241e-01  4.7950019218e-01  1.8395922918e+00 -1.3455842988e-01 -1.7678280842e+00  2.1531416844e-01  2.4011235708e+00 -8.9800581360e-01  1.1284361988e+00  4.6605128516e+00 -1.8289871652e+00  2.3583344800e+00  1.0487437146e-02
ENERGY -5.437808935914e+02

JOB 7
COORDS -2.5379570996e+00  4.8554092445e-01  1.0247661722e-01  1.8264616922e-02  1.0645378303e+00  1.7446687508e+00  9.6963782789e-01  1.0780067622e+00  3.6962497903e+00  2.6056980051e-01 -2.8994018794e-01 -3.5303089894e-01 -1.8382490100e-01  1.0507932640e+00  2.4462700273e-01 -3.3459404431e+00 -3.2813423461e-01  3.3320552062e-01  1.1804333626e+00  1.2185760315e+00  2.3041950454e+00 -1.0291777633e+00  8.9991728044e-01  2.6306557456e+00 -3.9723078972e-01  7.0252782237e-01  3.8774003135e+00 -1.5685222395e+00  1.3775675767e+00 -1.6348369840e-01  1.7596937873e+00  1.2421995707e+00  4.6028477275e+00  1.6269174116e-01 -2.5808923705e-01 -1.4407727211e+00  1.3028083102e+00 -4.7421807593e-01 -8.6096514025e-02 -3.4731896012e-01 -1.1151374362e+00  2.8854827124e-02  4.4999628709e-01  1.8435142441e+00 -1.5934343024e-01 -1.7641015593e+00  2.2713546916e-01  2.4113572527e+00 -8.7224169284e-01  1.1471838158e+00  4.6584777784e+00 -1.8463163528e+00  2.3411725145e+00 -1.7292058494e-03
ENERGY -5.437816941416e+02

JOB 8
COORDS -2.5478098718e+00  4.7439203954e-01  1.2508545352e-01  2.2398042162e-02  1.0611478464e+00  1.7383060075e+00  9.8617466519e-01  1.0893769883e+00  3.6834504015e+00  2.5764035383e-01 -2.9159106544e-01 -3.7273932234e-01 -1.8842484892e-01  1.0431301843e+00  2.4006113889e-01 -3.3543297045e+00 -3.3583964347e-01  3.7296998101e-01  1.1874574193e+00  1.2235296663e+00  2.2894873255e+00 -1.0181273704e+00  8.9547259297e-01  2.6317862773e+00 -3.7759483618e-01  7.0802705975e-01  3.8753516934e+00 -1.5799526358e+00  1.3616133085e+00 -1.5994080770e-01  1.7811563641e+00  1.2619398788e+00  4.5841979148e+00  3.8537069011e-01 -1.8046930340e-01 -1.4517885769e+00  1.2190748775e+00 -5.7895586255e-01  5.8426907311e-02 -4.6610273763e-01 -1.0855061911e+00 -1.7014939102e-01  4.2305889861e-01  1.8444432316e+00 -1.8018703536e-01 -1.7528299542e+00  2.1979835668e-01  2.4208538402e+00 -8.5016914802e-01  1.1535249402e+00  4.6574222520e+00 -1.8571829858e+00  2.3277500740e+00 -1.3550720656e-02
ENERGY -5.437810498522e+02

JOB 9
COORDS -2.5585762153e+00  4.6034657753e-01  1.5089597652e-01  1.9983091242e-02  1.0652334543e+00  1.7411441839e+00  9.9333629465e-01  1.1111516950e+00  3.6815258331e+00  2.5256906704e-01 -2.9256371646e-01 -3.7933600687e-01 -1.9928656011e-01  1.0406836645e+00  2.4455536674e-01 -3.3592861898e+00 -3.5318669543e-01  4.0676284901e-01  1.1858164345e+00  1.2423862042e+00  2.2860544284e+00 -1.0140834629e+00  8.9174390551e-01  2.6405781645e+00 -3.6533479430e-01  7.1603702134e-01  3.8815118105e+00 -1.5969914050e+00  1.3508245256e+00 -1.4586891779e-01  1.7907579023e+00  1.2959394188e+00  4.5776785808e+00  6.1302120096e-01 -1.2905874482e-01 -1.3968684571e+00  1.0850816928e+00 -6.9949685390e-01  1.9870567435e-01 -5.5673244731e-01 -1.0265934210e+00 -3.8495938991e-01  3.9233323628e-01  1.8511136374e+00 -1.8552897940e-01 -1.7418961944e+00  2.0679167361e-01  2.4355926606e+00 -8.3889154335e-01  1.1588605058e+00  4.6644898661e+00 -1.8777448630e+00  2.3153518239e+00  5.1979672259e-03
ENERGY -5.437792082469e+02

JOB 10
COORDS -2.5684801531e+00  4.4918519376e-01  1.6563480473e-01  2.0084658849e-02  1.0730066793e+00  1.7320804221e+00  1.0136943007e+00  1.1331807627e+00  3.6618448132e+00  2.4694595223e-01 -2.9579031643e-01 -3.8818888692e-01 -2.1220736599e-01  1.0418862702e+00  2.3777591096e-01 -3.3609423085e+00 -3.7075666127e-01  4.2673426851e-01  1.1888354511e+00  1.2683049096e+00  2.2644475996e+00 -1.0014921088e+00  8.8269572094e-01  2.6422114071e+00 -3.3646072689e-01  7.1628438060e-01  3.8760307588e+00 -1.6147140324e+00  1.3449460821e+00 -1.4042995657e-01  1.8176906731e+00  1.3298690709e+00  4.5495593186e+00  8.4084198973e-01 -1.1156541323e-01 -1.2850491633e+00  8.8490886256e-01 -8.4024983914e-01  3.1089085747e-01 -6.0629588142e-01 -9.2918917016e-01 -6.3922012324e-01  3.7125044617e-01  1.8578800624e+00 -1.9204123024e-01 -1.7204920705e+00  1.8642906662e-01  2.4443343690e+00 -8.0817985298e-01  1.1520577733e+00  4.6640731378e+00 -1.8986075483e+00  2.3080485544e+00  1.3998625879e-02
ENERGY -5.437771271174e+02

JOB 11
COORDS -2.5858052560e+00  4.6199054412e-01  1.7043366826e-01  1.8475265883e-02  1.0926720353e+00  1.7083113979e+00  1.0386263273e+00  1.1910758662e+00  3.6226080340e+00  2.1131025512e-01 -3.0947760484e-01 -3.8509335531e-01 -2.3410519730e-01  1.0483655516e+00  2.1756503238e-01 -3.3735931607e+00 -3.6142410346e-01  4.3410960596e-01  1.1817724909e+00  1.3541287670e+00  2.2242363448e+00 -9.7425951249e-01  8.3132796128e-01  2.6325833037e+00 -2.7995762640e-01  6.8947643014e-01  3.8541116962e+00 -1.6360645334e+00  1.3598826189e+00 -1.4426770877e-01  1.8442653843e+00  1.4255715060e+00  4.4994899721e+00  1.0231861892e+00 -1.5829035847e-01 -1.0980521988e+00  5.6962302423e-01 -9.9110920196e-01  3.8848803099e-01 -6.1929615996e-01 -7.8997540308e-01 -9.0602116247e-01  3.6879904294e-01  1.8506800667e+00 -2.1058286661e-01 -1.6571069476e+00  9.9206911447e-02  2.4373415891e+00 -7.6265292626e-01  1.0918371375e+00  4.6533606973e+00 -1.9148438532e+00  2.3220372930e+00  2.5360772551e-02
ENERGY -5.437761413014e+02

JOB 12
COORDS -2.5913413056e+00  4.3001034618e-01  1.7953024031e-01  1.7073848295e-02  1.1030853733e+00  1.6933364827e+00  1.0627336562e+00  1.2040180883e+00  3.5936413186e+00  1.9714092895e-01 -3.0501972280e-01 -3.8291628691e-01 -2.5510355634e-01  1.0534841712e+00  2.0528155869e-01 -3.3573921745e+00 -4.1269835901e-01  4.4579992111e-01  1.1873964633e+00  1.3647557780e+00  2.1933231031e+00 -9.6344658276e-01  8.4454866501e-01  2.6312618317e+00 -2.5306282341e-01  7.0434307318e-01  3.8435907210e+00 -1.6630391712e+00  1.3498041375e+00 -1.3853892270e-01  1.8799678185e+00  1.4398328218e+00  4.4594420623e+00  1.1678524524e+00 -1.9530699437e-01 -8.6841218441e-01  2.6702513203e-01 -1.0829745797e+00  3.7930947474e-01 -5.1481689044e-01 -6.3209902626e-01 -1.1445420835e+00  3.5284910317e-01  1.8540616119e+00 -2.1985897311e-01 -1.6496567660e+00  1.1279322057e-01  2.4467807869e+00 -7.2491174241e-01  1.1071173510e+00  4.6490329065e+00 -1.9549562420e+00  2.3039646232e+00  5.3663062813e-02
ENERGY -5.437770102818e+02

JOB 13
COORDS -2.3145297023e+00  8.3378220734e-01 -2.1035363877e-01  1.8807044044e-02  1.0035009937e+00  1.8161540412e+00  6.6955912704e-01  8.5414680345e-01  3.8822615335e+00  3.5642163480e-01 -3.5543167683e-01 -2.6228241484e-01  3.7779094536e-02  1.0430600976e+00  3.0259152366e-01 -3.2472891878e+00  1.3073593827e-01 -1.5145472112e-01  1.0957982341e+00  1.0136055380e+00  2.5421680691e+00 -1.1591411165e+00  9.2976402789e-01  2.5355046696e+00 -7.4092652074e-01  6.2516268980e-01  3.8497987787e+00 -1.2047883602e+00  1.5903550676e+00 -2.8075535309e-01  1.3309268658e+00  9.0333987206e-01  4.8986761830e+00  1.4375395877e+00 -4.9894868205e-01 -2.9142833417e-01 -1.0226193937e-01 -1.1545530775e+00  3.2372437650e-01 -1.3083618416e-02 -4.2177382301e-01 -1.2891038872e+00  8.5001010313e-01  1.7270236854e+00  4.8044681003e-02 -1.9192437956e+00  3.4806675185e-01  2.1825177432e+00 -1.2744502291e+00  1.0988610837e+00  4.5740383664e+00 -1.3706369383e+00  2.5734381602e+00 -8.4500824768e-02
ENERGY -5.437790311949e+02

JOB 14
COORDS -2.3316001516e+00  8.0310691056e-01 -1.8953491768e-01  1.6247898685e-02  1.0020999402e+00  1.8190748417e+00  6.8043628321e-01  8.5139523153e-01  3.8808788781e+00  3.5974980364e-01 -3.4438941612e-01 -2.6397070767e-01  2.5143757747e-02  1.0423063659e+00  3.0559458487e-01 -3.2585835976e+00  9.3614282922e-02 -1.1725985842e-01  1.0986755759e+00  9.9974535258e-01  2.5370607277e+00 -1.1571988416e+00  9.4604633695e-01  2.5472199560e+00 -7.3310034558e-01  6.4171679202e-01  3.8593058956e+00 -1.2297174043e+00  1.5692013466e+00 -2.7262408566e-01  1.3499317492e+00  8.9577779188e-01  4.8921909599e+00  1.4090848416e+00 -5.6949133555e-01 -6.6116973379e-02 -2.6607278805e-01 -1.1270053712e+00  1.7231664273e-01  2.0610967982e-01 -3.3625373266e-01 -1.3462501256e+00  8.2210822459e-01  1.7384386512e+00  3.4762622432e-02 -1.9269542235e+00  3.7206208230e-01  2.2024438799e+00 -1.2557209861e+00  1.1237588869e+00  4.5859416213e+00 -1.4042168379e+00  2.5530322236e+00 -8.8411716044e-02
ENERGY -5.437809091849e+02

JOB 15
COORDS -2.3507748813e+00  7.7856091699e-01 -1.5788457939e-01  1.4082282354e-02  9.9980626156e-01  1.8228209799e+00  6.8853891463e-01  8.5316599520e-01  3.8817193825e+00  3.6895616706e-01 -3.3306974877e-01 -2.7256249528e-01  1.4545113858e-02  1.0407441662e+00  3.0946968552e-01 -3.2762572960e+00  6.9647302552e-02 -6.2794195795e-02  1.1004248977e+00  9.8929033479e-01  2.5348819510e+00 -1.1553400228e+00  9.5906585563e-01  2.5579100329e+00 -7.2699645698e-01  6.5809716327e-01  3.8689863976e+00 -1.2525755832e+00  1.5460705223e+00 -2.6380459846e-01  1.3641881191e+00  8.9578987226e-01  4.8890817964e+00  1.3357856221e+00 -6.5080214535e-01  1.2192116377e-01 -3.8068126171e-01 -1.0832209349e+00 -4.4861189422e-03  4.2423160429e-01 -2.6749823038e-01 -1.3618117241e+00  7.8838794900e-01  1.7556340906e+00  2.0452142558e-02 -1.9331762968e+00  3.9134073168e-01  2.2208725181e+00 -1.2416955032e+00  1.1473846782e+00  4.5963739767e+00 -1.4295945781e+00  2.5340185612e+00 -1.0743422567e-01
ENERGY -5.437816938694e+02

JOB 16
COORDS -2.3657320850e+00  7.6221847837e-01 -1.3217176081e-01  1.3317513286e-02  1.0007506240e+00  1.8261215741e+00  6.9836733703e-01  8.6835348562e-01  3.8822213713e+00  3.7415539979e-01 -3.2764718602e-01 -2.8183937117e-01  7.5352248486e-03  1.0387473730e+00  3.1346697539e-01 -3.2895588709e+00  5.3399385788e-02 -2.0423268704e-02  1.1031659353e+00  1.0003817198e+00  2.5329515185e+00 -1.1521406051e+00  9.5554330640e-01  2.5667824009e+00 -7.1594184464e-01  6.6414863800e-01  3.8770882091e+00 -1.2697010080e+00  1.5293445789e+00 -2.5642929348e-01  1.3783386875e+00  9.2014434426e-01  4.8862400968e+00  1.2112087152e+00 -7.5519989421e-01  2.7300966223e-01 -4.6767747281e-01 -1.0222614688e+00 -1.9903025459e-01  6.3516770822e-01 -2.2196926435e-01 -1.3366337329e+00  7.5850523134e-01  1.7704863567e+00  7.5378295611e-03 -1.9292408515e+00  3.8303911927e-01  2.2362203379e+00 -1.2307980755e+00  1.1530746140e+00  4.6046100590e+00 -1.4480068162e+00  2.5196114944e+00 -1.1781118140e-01
ENERGY -5.437810502344e+02

JOB 17
COORDS -2.3806801080e+00  7.4512167614e-01 -1.0781985208e-01  1.1224859466e-02  1.0046025045e+00  1.8292034234e+00  7.0900794277e-01  8.8803299853e-01  3.8820946800e+00  3.7645304807e-01 -3.2561456228e-01 -2.8939214942e-01 -3.1177806983e-03  1.0378131871e+00  3.1685081808e-01 -3.3002301380e+00  3.2429797001e-02  1.4427547211e-02  1.1049556229e+00  1.0164601699e+00  2.5300703040e+00 -1.1493622263e+00  9.5345986508e-01  2.5766387178e+00 -7.0370347715e-01  6.7264744686e-01  3.8858149964e+00 -1.2895471874e+00  1.5170073720e+00 -2.4623038969e-01  1.3938660398e+00  9.5068915062e-01  4.8822057766e+00  1.0390759227e+00 -8.6662157524e-01  3.8816002329e-01 -5.1769629202e-01 -9.4223212443e-01 -4.2246172115e-01  8.5396032348e-01 -1.9620397441e-01 -1.2618941147e+00  7.2829595062e-01  1.7841556972e+00  1.6436848010e-04 -1.9244316097e+00  3.7409209778e-01  2.2533431871e+00 -1.2189890258e+00  1.1601019679e+00  4.6139936321e+00 -1.4731463474e+00  2.5065126348e+00 -1.0831572811e-01
ENERGY -5.437792003812e+02

JOB 18
COORDS -2.4011518505e+00  7.5538738296e-01 -8.4414936308e-02 -2.2343110572e-03  1.0223193361e+00  1.8406944552e+00  7.1006506733e-01  9.3725914659e-01  3.8900312117e+00  3.5312394220e-01 -3.2914409112e-01 -2.7160780572e-01 -2.3873668167e-02  1.0456558900e+00  3.2875698983e-01 -3.3164560694e+00  3.7540169952e-02  3.9453166130e-02  1.0930115092e+00  1.0881705253e+00  2.5366917808e+00 -1.1547056241e+00  9.1354956986e-01  2.5933198121e+00 -6.9064871317e-01  6.5223244063e-01  3.9002027429e+00 -1.3109876177e+00  1.5277881778e+00 -2.2890750155e-01  1.3953465364e+00  1.0316997002e+00  4.8873961660e+00  7.8180638233e-01 -9.8120237969e-01  4.9112001687e-01 -5.3774416574e-01 -8.3027303588e-01 -6.5929815509e-01  1.0643872315e+00 -2.1281955307e-01 -1.0903132962e+00  7.0987575985e-01  1.7890981304e+00  1.2552756048e-02 -1.9067890408e+00  3.0392130383e-01  2.2720177378e+00 -1.2250250091e+00  1.1147582197e+00  4.6309568337e+00 -1.4928338568e+00  2.5168955579e+00 -8.5418756101e-02
ENERGY -5.437771077842e+02

JOB 19
COORDS -2.4120557116e+00  7.5134270774e-01 -7.1920449678e-02 -1.2671452944e-02  1.0317651949e+00  1.8535662613e+00  7.1294570071e-01  9.6795487586e-01  3.8989658818e+00  3.2604146096e-01 -3.4192258258e-01 -2.4007769807e-01 -4.2133913724e-02  1.0478515669e+00  3.4142190674e-01 -3.3197151163e+00  2.2324666500e-02  4.1241151944e-02  1.0824572863e+00  1.1410963891e+00  2.5440240793e+00 -1.1563740701e+00  8.7309072687e-01  2.6115672646e+00 -6.7457067084e-01  6.2430375474e-01  3.9152644016e+00 -1.3282498296e+00  1.5350004666e+00 -2.0938770494e-01  1.3993124789e+00  1.0864393738e+00  4.8928826590e+00  4.7603755849e-01 -1.0789657088e+00  5.5084542657e-01 -4.6549033828e-01 -7.0451955737e-01 -8.9904625008e-01  1.2497659964e+00 -2.7749454601e-01 -8.1701915655e-01  7.0802077625e-01  1.7792074305e+00  3.6621497619e-02 -1.8830953119e+00  2.3332203496e-01  2.2907235851e+00 -1.2223121551e+00  1.0643953243e+00  4.6500718272e+00 -1.5159163963e+00  2.5192055902e+00 -4.0550455158e-02
ENERGY -5.437761410910e+02

JOB 20
COORDS -2.4271996271e+00  7.2440727420e-01 -6.5506864083e-02 -1.2344704563e-02  1.0421834835e+00  1.8365183456e+00  7.4393092862e-01  9.7432894369e-01  3.8708046328e+00  3.0570646810e-01 -3.3477748502e-01 -2.4309934746e-01 -6.4032022195e-02  1.0572873734e+00  3.2408715779e-01 -3.3180861425e+00 -2.3977542623e-02  5.3364470566e-02  1.0932879392e+00  1.1486407898e+00  2.5106516276e+00 -1.1447300531e+00  8.8475142333e-01  2.6114744288e+00 -6.4379598813e-01  6.3332047797e-01  3.9075687920e+00 -1.3602398095e+00  1.5305958861e+00 -2.0909630850e-01  1.4454359563e+00  1.0901932984e+00  4.8544363526e+00  1.9128949972e-01 -1.1215953809e+00  5.0542662386e-01 -3.0552680304e-01 -5.7013802345e-01 -1.1162079727e+00  1.3555362174e+00 -3.3637470192e-01 -5.4209061676e-01  6.9060606423e-01  1.7858109347e+00  2.2367036399e-02 -1.8768432485e+00  2.4606685618e-01  2.3008655762e+00 -1.1796691116e+00  1.0730406064e+00  4.6512736764e+00 -1.5634024434e+00  2.5090428997e+00 -2.4906264900e-02
ENERGY -5.437770390344e+02

JOB 21
COORDS -2.4295601882e+00  6.7352648615e-01 -5.0157897111e-02 -1.5026066589e-02  1.0384298493e+00  1.8508396184e+00  7.4773199295e-01  9.6231482483e-01  3.8820849032e+00  3.1384605926e-01 -3.2755467361e-01 -2.2251932673e-01 -7.4533942425e-02  1.0548514021e+00  3.3812605594e-01 -3.3071902855e+00 -9.0507463453e-02  6.7478340362e-02  1.0950525804e+00  1.1249315038e+00  2.5197524554e+00 -1.1481887466e+00  9.0541284832e-01  2.6308675486e+00 -6.4598054702e-01  6.4857366101e-01  3.9256447664e+00 -1.3804743781e+00  1.5034682249e+00 -1.8897238979e-01  1.4556768656e+00  1.0677995594e+00  4.8621576414e+00 -3.1508702047e-02 -1.1390686981e+00  4.2263543521e-01 -8.4969814428e-02 -4.5681710561e-01 -1.2305738170e+00  1.4028543715e+00 -3.9842038075e-01 -2.5815305987e-01  6.7233690386e-01  1.7907454708e+00  3.2908994309e-02 -1.8880765540e+00  2.7291581772e-01  2.3253705791e+00 -1.1701493123e+00  1.1005822437e+00  4.6702844628e+00 -1.6047585155e+00  2.4765579654e+00 -1.2141942084e-03
ENERGY -5.437790746880e+02

JOB 22
COORDS -2.4411082242e+00  6.4226173643e-01 -2.6453721112e-02 -1.5537883269e-02  1.0372918565e+00  1.8553354224e+00  7.5747290449e-01  9.6471169628e-01  3.8829370806e+00  3.1968405390e-01 -3.1700332042e-01 -2.2277154918e-01 -8.4540574460e-02  1.0526724579e+00  3.4292544274e-01 -3.3125110545e+00 -1.2660926184e-01  1.0557650641e-01  1.0989283800e+00  1.1156137929e+00  2.5179143894e+00 -1.1456187593e+00  9.1971882726e-01  2.6422280077e+00 -6.3894442704e-01  6.6560837375e-01  3.9354635045e+00 -1.4005068678e+00  1.4798816725e+00 -1.7809988893e-01  1.4717752775e+00  1.0684490530e+00  4.8586205859e+00 -2.1503741686e-01 -1.1307757485e+00  2.7463040865e-01  1.2312902428e-01 -3.5246209570e-01 -1.2965713268e+00  1.3859562280e+00 -4.6916596931e-01 -4.3985123796e-02  6.4572416684e-01  1.7990913242e+00  2.2237412650e-02 -1.8931943106e+00  2.9242089044e-01  2.3447113996e+00 -1.1552797046e+00  1.1253889206e+00  4.6807587096e+00 -1.6334114872e+00  2.4536450052e+00 -5.7983288906e-03
ENERGY -5.437809361301e+02

JOB 23
COORDS -2.4517899381e+00  6.2223792143e-01  1.5899850111e-03 -1.5814238966e-02  1.0361697006e+00  1.8610854920e+00  7.6558338886e-01  9.8066401706e-01  3.8864661180e+00  3.2373399796e-01 -3.1204329442e-01 -2.2703651106e-01 -9.0351044809e-02  1.0474304569e+00  3.4913774761e-01 -3.3227389553e+00 -1.4388053157e-01  1.5155016183e-01  1.1008693279e+00  1.1230701896e+00  2.5191436261e+00 -1.1418844823e+00  9.1914693263e-01  2.6532084282e+00 -6.2963473826e-01  6.7713402852e-01  3.9462434555e+00 -1.4138434095e+00  1.4593259085e+00 -1.6999201983e-01  1.4832586739e+00  1.0937414455e+00  4.8587000156e+00 -3.6369758030e-01 -1.1024529218e+00  8.7994171991e-02  3.2659476914e-01 -2.6416401429e-01 -1.3185676765e+00  1.3248658338e+00 -5.6177061418e-01  1.2910737246e-01  6.2061588664e-01  1.8045678124e+00  1.0620692499e-02 -1.8900046277e+00  2.8896522510e-01  2.3633633703e+00 -1.1450811121e+00  1.1405727790e+00  4.6899124665e+00 -1.6495264948e+00  2.4347226303e+00 -1.1205392418e-02
ENERGY -5.437816956433e+02

