JOB 0
COORDS -1.9756014504e+00  2.4782682271e+00 -7.7562484975e-01 -5.3349581777e+00  1.1024475428e+00 -5.3554969881e-01 -3.2147607585e+00  1.8279938112e+00 -6.5759549196e-01 -7.9927767022e-01  1.7467951425e+00 -6.2615477557e-01 -4.6042384151e+00  2.2368946373e+00 -7.4151690841e-01 -2.0950194743e+00 -3.3659005963e-01 -2.3151641172e-01 -3.2339807660e+00  4.5068518591e-01 -3.9352916374e-01 -8.8081767725e-01  3.5572116965e-01 -3.5695579443e-01 -6.5483093002e+00  3.9203740346e+00 -7.6731854548e-01  5.5959090038e-01  2.3915015882e+00 -7.4512204965e-01 -2.1627228801e+00 -1.8168730701e+00  5.2166675636e-02 -5.0837483477e+00  3.6220884670e+00 -1.0767262597e+00 -7.2724795214e+00  4.5512485111e+00 -1.5001783132e+00 -4.5320864302e+00  2.1117619270e-05 -3.1547384220e-01  3.2531609654e-01 -2.9608581134e-01 -2.2323615701e-01 -7.0046158237e+00  3.4727359181e+00  4.3727376261e-01 -1.9210314387e+00  3.5435671785e+00 -9.8588862410e-01 -6.3977760548e+00  9.0338704242e-01 -5.3888262414e-01  1.1390003852e+00  2.2677422453e+00  1.7585945731e-01  1.1459311714e+00  1.9341456020e+00 -1.5490304954e+00  4.6407459641e-01  3.4604884174e+00 -9.5241142334e-01 -1.6740651725e+00 -2.4048507475e+00 -7.3555570295e-01 -1.6880487823e+00 -2.0704135716e+00  1.0089158190e+00 -3.2000279030e+00 -2.1511560169e+00  1.0754215032e-01 -4.9349510110e+00  3.8385556828e+00 -2.1376418598e+00 -4.4848920202e+00  4.3567926591e+00 -5.2197961466e-01  1.6647244631e-01 -1.2364756729e+00 -4.6356637343e-02 -6.3054401963e+00  2.9529177983e+00  8.7617922331e-01
ENERGY -7.655533481496e+02

JOB 1
COORDS -2.0234439631e+00  2.4681519875e+00 -8.1216853890e-01 -5.3688360063e+00  1.0464964774e+00 -6.5129122937e-01 -3.2565300041e+00  1.8014948001e+00 -7.2362767840e-01 -8.4223655910e-01  1.7562870711e+00 -6.1631165309e-01 -4.6487592127e+00  2.1893218721e+00 -8.5385280181e-01 -2.1191073111e+00 -3.4101295723e-01 -2.3328913488e-01 -3.2635574373e+00  4.2761086157e-01 -4.4107720462e-01 -9.1193319900e-01  3.6762077489e-01 -3.3080761411e-01 -6.5098403136e+00  3.9719793879e+00 -6.4470101812e-01  5.1012946713e-01  2.4197433960e+00 -7.0127101395e-01 -2.1736826167e+00 -1.8179623849e+00  6.9997155934e-02 -5.1504189105e+00  3.5604385076e+00 -1.2127210967e+00 -7.2537147353e+00  4.7389902210e+00 -1.2100130313e+00 -4.5573056381e+00 -4.0443648302e-02 -3.9376894765e-01  2.9883392724e-01 -2.6368325027e-01 -1.5104194675e-01 -6.8290676511e+00  3.4718010947e+00  5.7960849718e-01 -1.9767903349e+00  3.5311330281e+00 -1.0356161358e+00 -6.4289823688e+00  8.3394847050e-01 -6.7515408303e-01  1.0618301481e+00  2.3163485197e+00  2.3900782311e-01  1.1281225414e+00  1.9609997534e+00 -1.4802718656e+00  4.0560635839e-01  3.4844481654e+00 -9.2541582808e-01 -1.6529202319e+00 -2.4096124852e+00 -6.9403477380e-01 -1.7241450637e+00 -2.0504758258e+00  1.0440648817e+00 -3.2070322335e+00 -2.1673971528e+00  9.9580788598e-02 -5.2127123659e+00  3.6912656161e+00 -2.2961742330e+00 -4.4342020590e+00  4.3106713385e+00 -8.5537079011e-01  1.4901115648e-01 -1.2037404226e+00  3.5286479804e-02 -6.1365915259e+00  2.8427947554e+00  8.5949667934e-01
ENERGY -7.655536746676e+02

JOB 2
COORDS -1.9868923955e+00  2.4829060024e+00 -8.1916747933e-01 -5.3314257150e+00  1.0505243705e+00 -7.4852234527e-01 -3.2208294270e+00  1.8136385814e+00 -7.6438888276e-01 -8.0935989241e-01  1.7745133057e+00 -5.9224010259e-01 -4.6105993314e+00  2.1963348862e+00 -9.3399534036e-01 -2.0902223657e+00 -3.2616259359e-01 -2.4430637253e-01 -3.2309905469e+00  4.3955568470e-01 -4.8151893102e-01 -8.8276355518e-01  3.8525444119e-01 -3.0964686927e-01 -6.3210205906e+00  4.0913883348e+00 -4.9532214776e-01  5.4296503965e-01  2.4418113237e+00 -6.4006875027e-01 -2.1493018374e+00 -1.8034610047e+00  5.6165113037e-02 -5.1253290936e+00  3.5619687226e+00 -1.2955362503e+00 -7.0397026583e+00  4.9716183210e+00 -9.0882115913e-01 -4.5240936725e+00 -3.3011734063e-02 -4.6892025174e-01  3.2449489260e-01 -2.4286618580e-01 -9.8729180075e-02 -6.5140852135e+00  3.5559464856e+00  7.3780916378e-01 -1.9364193576e+00  3.5464110666e+00 -1.0392540993e+00 -6.3907416620e+00  8.3693087772e-01 -7.9422105713e-01  1.0689782463e+00  2.3395653346e+00  3.1492802827e-01  1.1832358806e+00  1.9848953771e+00 -1.4019513600e+00  4.4176378055e-01  3.5062860205e+00 -8.6667687277e-01 -1.6073538266e+00 -2.3931152612e+00 -6.9452432358e-01 -1.7248987922e+00 -2.0358469095e+00  1.0414552925e+00 -3.1822458204e+00 -2.1553300833e+00  5.8438036168e-02 -5.4103877810e+00  3.6209475009e+00 -2.3491375079e+00 -4.3273932046e+00  4.2999936982e+00 -1.1577699187e+00  1.7244729543e-01 -1.1832283892e+00  8.4264467936e-02 -5.8689918168e+00  2.8350608941e+00  8.7508243534e-01
ENERGY -7.655538911559e+02

JOB 3
COORDS -2.0482969072e+00  2.4733255050e+00 -8.2300031616e-01 -5.3685221891e+00  9.8328260949e-01 -8.1295104780e-01 -3.2710101182e+00  1.7821686162e+00 -7.9273843006e-01 -8.6390229440e-01  1.7851631304e+00 -5.7177643803e-01 -4.6640907353e+00  2.1411569310e+00 -9.8750712551e-01 -2.1146868935e+00 -3.3712006241e-01 -2.4326668678e-01 -3.2629720534e+00  4.0896299431e-01 -5.0542325075e-01 -9.1897575335e-01  3.9527178649e-01 -2.8725011535e-01 -6.1816307926e+00  4.1473234713e+00 -3.6033857463e-01  4.7735774038e-01  2.4756420845e+00 -5.9291228737e-01 -2.1548323029e+00 -1.8140511029e+00  6.2209409602e-02 -5.2035620234e+00  3.4960491907e+00 -1.3503201260e+00 -6.7975292922e+00  5.1515906742e+00 -6.3406331754e-01 -4.5482497931e+00 -8.5342979197e-02 -5.1538468291e-01  2.9447428925e-01 -2.1104844923e-01 -5.0655993601e-02 -6.3085471925e+00  3.5589404634e+00  8.5481017043e-01 -2.0121966889e+00  3.5378727787e+00 -1.0408048662e+00 -6.4231057519e+00  7.5201508224e-01 -8.7897589737e-01  9.8537482683e-01  2.3832845626e+00  3.7273908463e-01  1.1406821085e+00  2.0291011188e+00 -1.3410991033e+00  3.6242081510e-01  3.5379926444e+00 -8.2278434117e-01 -1.5894783039e+00 -2.3977050287e+00 -6.7576841644e-01 -1.7449273100e+00 -2.0353153581e+00  1.0561652628e+00 -3.1816804787e+00 -2.1830540020e+00  4.7195806477e-02 -5.7202161061e+00  3.4782382174e+00 -2.3139288051e+00 -4.3803954855e+00  4.2068875940e+00 -1.4675265295e+00  1.5514444649e-01 -1.1530619578e+00  1.3400155316e-01 -5.7557205257e+00  2.7529297376e+00  8.7335399605e-01
ENERGY -7.655543166640e+02

JOB 4
COORDS -2.0129220698e+00  2.4743453718e+00 -8.3205229291e-01 -5.3055135715e+00  9.2595436575e-01 -9.0270144602e-01 -3.2231204529e+00  1.7611112181e+00 -8.3184623156e-01 -8.2348248978e-01  1.8072018538e+00 -5.4983269719e-01 -4.6169192259e+00  2.0947813930e+00 -1.0636806618e+00 -2.0447088119e+00 -3.3555786844e-01 -2.4595203234e-01 -3.1991243535e+00  3.8951119413e-01 -5.3819584609e-01 -8.6080859316e-01  4.1710672418e-01 -2.6319777778e-01 -5.8994893969e+00  4.2181924536e+00 -3.2853129542e-01  5.0543070310e-01  2.5211806326e+00 -5.3802665557e-01 -2.0665830165e+00 -1.8121615151e+00  6.2846718416e-02 -5.1729747558e+00  3.4381879252e+00 -1.4370391438e+00 -6.3706518170e+00  5.3155809904e+00 -5.2068925581e-01 -4.4756827593e+00 -1.2700091035e-01 -5.7792972270e-01  3.5678626592e-01 -1.6751608947e-01  4.5329939244e-03 -5.9941457818e+00  3.6163410439e+00  8.8222842811e-01 -1.9915906521e+00  3.5395105409e+00 -1.0485714260e+00 -6.3540250153e+00  6.7725207597e-01 -9.9609245097e-01  9.9078346330e-01  2.4376508442e+00  4.3998359376e-01  1.1948239154e+00  2.0863348798e+00 -1.2693667749e+00  3.7743028675e-01  3.5813119055e+00 -7.7101062875e-01 -1.4741383512e+00 -2.3877803981e+00 -6.6004499299e-01 -1.6763666305e+00 -2.0239286035e+00  1.0667384735e+00 -3.0863128367e+00 -2.1988457766e+00  2.4806310956e-02 -5.8929127047e+00  3.3534790414e+00 -2.2566649763e+00 -4.3795890099e+00  4.0943850145e+00 -1.8036142552e+00  2.2935483175e-01 -1.1112048190e+00  1.8921942279e-01 -5.5603048833e+00  2.7416041716e+00  8.3278626818e-01
ENERGY -7.655551088327e+02

JOB 5
COORDS -2.1692631141e+00  2.5108624228e+00 -8.5955272424e-01 -5.4392968373e+00  9.2094702669e-01 -1.0013646354e+00 -3.3686626616e+00  1.7807017474e+00 -8.8669025846e-01 -9.7777312795e-01  1.8599428068e+00 -5.4913093352e-01 -4.7611942906e+00  2.0966555365e+00 -1.1491386157e+00 -2.1774550796e+00 -2.9889451801e-01 -2.7090178892e-01 -3.3344550562e+00  4.1009344152e-01 -5.9084884407e-01 -1.0033849465e+00  4.6979072123e-01 -2.6176520503e-01 -5.7584832631e+00  4.3361227052e+00 -3.5512014113e-01  3.4051890793e-01  2.5920855575e+00 -5.0632800733e-01 -2.1860067968e+00 -1.7750251120e+00  4.0682845621e-02 -5.3210811839e+00  3.4361167518e+00 -1.5228890049e+00 -6.0353449967e+00  5.5036221341e+00 -5.0788711995e-01 -4.6041910945e+00 -1.2230266990e-01 -6.5857366780e-01  2.1513379063e-01 -9.8265092123e-02  3.5770787882e-02 -5.8490341109e+00  3.7474627833e+00  8.6276774085e-01 -2.1593538729e+00  3.5764832887e+00 -1.0744195908e+00 -6.4827339548e+00  6.6064733822e-01 -1.1166897818e+00  8.0400251527e-01  2.5148346716e+00  4.8273792002e-01  1.0526963464e+00  2.1671813497e+00 -1.2215210900e+00  2.0311881201e-01  3.6504270945e+00 -7.4191412906e-01 -1.5684389359e+00 -2.3437633515e+00 -6.6646941896e-01 -1.8169061382e+00 -1.9792252769e+00  1.0541021518e+00 -3.1990343753e+00 -2.1760640565e+00 -2.0732649283e-02 -6.2082271766e+00  3.3224344216e+00 -2.1548120382e+00 -4.6021389290e+00  4.0130925152e+00 -2.1091176767e+00  9.5906126066e-02 -1.0431336672e+00  2.1980582219e-01 -5.5644836077e+00  2.8157880060e+00  7.8303468643e-01
ENERGY -7.655560534952e+02

JOB 6
COORDS -2.1279480244e+00  2.4676861353e+00 -8.6539227850e-01 -5.3552825012e+00  8.0583128842e-01 -1.1147734138e+00 -3.3082509354e+00  1.7098734022e+00 -9.3351330604e-01 -9.3174225248e-01  1.8419050447e+00 -5.2261083701e-01 -4.6992642853e+00  1.9955972914e+00 -1.2381075361e+00 -2.0892135935e+00 -3.4668524242e-01 -2.9788015159e-01 -3.2521328038e+00  3.3822852553e-01 -6.4701052110e-01 -9.3420594995e-01  4.4919059901e-01 -2.4727845515e-01 -5.4333741539e+00  4.3264553557e+00 -4.5474269759e-01  3.6712097367e-01  2.6040311304e+00 -4.3390480775e-01 -2.0725924196e+00 -1.8253935982e+00  9.2997679184e-04 -5.2753344166e+00  3.3268924337e+00 -1.6109008203e+00 -5.5655580051e+00  5.5151486243e+00 -6.3409902427e-01 -4.5074451905e+00 -2.2205148556e-01 -7.5712457123e-01  2.8762792523e-01 -9.3572757795e-02  8.2620797096e-02 -5.4564159412e+00  3.8007451819e+00  7.9587301008e-01 -2.1373164738e+00  3.5349155564e+00 -1.0720311263e+00 -6.3901457755e+00  5.2543485406e-01 -1.2564203355e+00  8.0144883786e-01  2.5300706882e+00  5.6854736254e-01  1.1107508455e+00  2.2012431694e+00 -1.1296211132e+00  2.1210002738e-01  3.6606209360e+00 -6.6619156080e-01 -1.4211663144e+00 -2.3731972120e+00 -6.9222020408e-01 -1.7291081016e+00 -2.0304331157e+00  1.0231683768e+00 -3.0737775532e+00 -2.2489918490e+00 -9.4178601209e-02 -6.2742142927e+00  3.2058574494e+00 -2.0441686655e+00 -4.6665283351e+00  3.8242369969e+00 -2.3700743331e+00  1.8430549019e-01 -1.0421820190e+00  2.5667160247e-01 -5.2943840123e+00  2.8392438333e+00  7.3757689616e-01
ENERGY -7.655567340262e+02

JOB 7
COORDS -2.1656468952e+00  2.5287728992e+00 -8.5465145869e-01 -5.3373790113e+00  7.7515325381e-01 -1.1869086534e+00 -3.3219663151e+00  1.7376683111e+00 -9.5587349926e-01 -9.5923573724e-01  1.9344743236e+00 -4.9229979987e-01 -4.7152140618e+00  1.9839943253e+00 -1.2891118392e+00 -2.0553801787e+00 -2.8967202004e-01 -3.1835592700e-01 -3.2306200467e+00  3.6455169916e-01 -6.8478171783e-01 -9.2587759929e-01  5.3909418046e-01 -2.3339915152e-01 -5.2266388496e+00  4.3918396825e+00 -5.7403323312e-01  3.1397320613e-01  2.7337362556e+00 -3.6652504088e-01 -2.0017710490e+00 -1.7707127847e+00 -3.5611518988e-02 -5.3316229889e+00  3.3012684855e+00 -1.6490836138e+00 -5.2848460972e+00  5.5723035312e+00 -8.3026824678e-01 -4.4654525475e+00 -2.3182690352e-01 -8.2805719134e-01  3.0409747672e-01  2.8653799858e-02  1.1735496950e-01 -5.1060423791e+00  3.9630484748e+00  7.0878583015e-01 -2.2013590858e+00  3.5975306748e+00 -1.0496001212e+00 -6.3622626285e+00  4.6751070230e-01 -1.3432191146e+00  7.2860571281e-01  2.6603834284e+00  6.4427305579e-01  1.0840160270e+00  2.3614971426e+00 -1.0504442934e+00  1.3225874407e-01  3.7879283938e+00 -5.8986586437e-01 -1.3200135249e+00 -2.2913773358e+00 -7.2047756127e-01 -1.6742611051e+00 -1.9776242079e+00  9.9148568059e-01 -2.9878917267e+00 -2.2220278797e+00 -1.5710266558e-01 -6.3989462375e+00  3.1783811553e+00 -1.8636179171e+00 -4.8775475413e+00  3.7199939975e+00 -2.5513968270e+00  2.2576104791e-01 -9.2520345283e-01  2.7500220599e-01 -5.0172190526e+00  2.9911371068e+00  7.1521892331e-01
ENERGY -7.655567013432e+02

JOB 8
COORDS -2.2458696323e+00  2.5021759964e+00 -8.2441709488e-01 -5.3905682316e+00  7.0849181976e-01 -1.2062457944e+00 -3.3930012876e+00  1.6986344598e+00 -9.4292974619e-01 -1.0343125987e+00  1.9179348959e+00 -4.6372248418e-01 -4.7868905249e+00  1.9277291392e+00 -1.2895251879e+00 -2.1000026109e+00 -3.2283559740e-01 -3.3578186072e-01 -3.2823931914e+00  3.2152893995e-01 -6.9716913726e-01 -9.8259619372e-01  5.1907925876e-01 -2.2834943223e-01 -5.0799658771e+00  4.4016038226e+00 -6.9707318291e-01  2.2660614711e-01  2.7329170837e+00 -3.1649294698e-01 -2.0276016618e+00 -1.8084382019e+00 -8.2451929535e-02 -5.4398155537e+00  3.2369250237e+00 -1.6249513002e+00 -5.0027376416e+00  5.5481172931e+00 -1.0733373651e+00 -4.5054091872e+00 -2.9163396393e-01 -8.6131082817e-01  2.5202350291e-01  1.9354915332e-02  1.2192196688e-01 -4.8910601639e+00  4.0884616052e+00  6.1256328588e-01 -2.2919111888e+00  3.5730092503e+00 -1.0032109836e+00 -6.4104986868e+00  3.8842244679e-01 -1.3696196823e+00  6.3618819735e-01  2.6479652979e+00  6.9549260994e-01  1.0059765260e+00  2.3834471425e+00 -1.0018708219e+00  3.0943140800e-02  3.7880622776e+00 -5.2267796049e-01 -1.3334263220e+00 -2.3054357656e+00 -7.7245113298e-01 -1.7047976188e+00 -2.0317710274e+00  9.4271091370e-01 -3.0062876092e+00 -2.2709070368e+00 -2.2083183989e-01 -6.5305357834e+00  3.1324766974e+00 -1.6015425737e+00 -5.1750828902e+00  3.5687169314e+00 -2.6326847427e+00  1.8591577448e-01 -9.3832651975e-01  2.6076152331e-01 -4.9049603890e+00  3.1192327337e+00  7.2000268448e-01
ENERGY -7.655555988996e+02

JOB 9
COORDS -2.3390747725e+00  2.4507517309e+00 -7.6896979914e-01 -5.4521040020e+00  6.1705222123e-01 -1.2392938736e+00 -3.4788783989e+00  1.6379935874e+00 -9.1216532548e-01 -1.1221193863e+00  1.8725811811e+00 -4.1758567177e-01 -4.8731196353e+00  1.8503066057e+00 -1.2755830134e+00 -2.1565564418e+00 -3.8410796819e-01 -3.6128090399e-01 -3.3453320433e+00  2.5429024615e-01 -7.1271213887e-01 -1.0526265910e+00  4.6922751318e-01 -2.1873973445e-01 -5.0394002605e+00  4.3654141861e+00 -8.0271115617e-01  1.2730694080e-01  2.7006195088e+00 -2.4547349898e-01 -2.0653541203e+00 -1.8759466547e+00 -1.5414218630e-01 -5.5812295956e+00  3.1496321154e+00 -1.5547404546e+00 -4.9049682724e+00  5.4566926503e+00 -1.3049225003e+00 -4.5518046633e+00 -3.7649090730e-01 -9.1673158880e-01  1.8580288329e-01 -2.3222272881e-02  1.2866654851e-01 -4.7556900901e+00  4.1744013397e+00  5.1544548782e-01 -2.3918404454e+00  3.5242001018e+00 -9.2402899288e-01 -6.4648985972e+00  2.8334490046e-01 -1.4190542820e+00  5.3247669570e-01  2.5993843095e+00  7.6683667287e-01  9.1495937122e-01  2.3760849896e+00 -9.3363755923e-01 -8.1130344668e-02  3.7572578050e+00 -4.3024290394e-01 -1.3567033162e+00 -2.3411792942e+00 -8.5154129557e-01 -1.7501357003e+00 -2.1267436325e+00  8.6706469308e-01 -3.0356560180e+00 -2.3477139400e+00 -3.1763581143e-01 -6.6446085651e+00  3.0584188568e+00 -1.3055034202e+00 -5.5237125107e+00  3.4126989698e+00 -2.6144466843e+00  1.3194939769e-01 -9.8549522632e-01  2.3780817430e-01 -4.8224329044e+00  3.2267456547e+00  7.3281622166e-01
ENERGY -7.655534932606e+02

JOB 10
COORDS -2.3385378838e+00  2.4659204780e+00 -7.0304855324e-01 -5.4265136790e+00  6.0511484291e-01 -1.2525499423e+00 -3.4739403930e+00  1.6488300184e+00 -8.7035325273e-01 -1.1172925547e+00  1.8902462585e+00 -3.6238263064e-01 -4.8690369933e+00  1.8486128150e+00 -1.2430337877e+00 -2.1269958654e+00 -3.7552060746e-01 -3.7688506492e-01 -3.3214820843e+00  2.6016040015e-01 -7.1390228276e-01 -1.0330106992e+00  4.8345982674e-01 -2.0143135639e-01 -4.9529661456e+00  4.3986607174e+00 -9.6417257508e-01  1.2294841109e-01  2.7269094065e+00 -1.6557883166e-01 -2.0209777486e+00 -1.8724951432e+00 -2.1953301697e-01 -5.6308558230e+00  3.1326837973e+00 -1.4778342358e+00 -4.7664350111e+00  5.3863779142e+00 -1.6344890855e+00 -4.5137017273e+00 -3.8309576286e-01 -9.5123404811e-01  2.0900172867e-01 -6.3427459813e-03  1.3782507247e-01 -4.5976297898e+00  4.3867114889e+00  3.5310502329e-01 -2.3939235703e+00  3.5413441961e+00 -8.3542136414e-01 -6.4319934146e+00  2.6084418669e-01 -1.4524905851e+00  5.2663248335e-01  2.6041249181e+00  8.4501776573e-01  9.1594527834e-01  2.4284624037e+00 -8.5938683390e-01 -9.6201355191e-02  3.7856416601e+00 -3.2406319119e-01 -1.3029149386e+00 -2.3061915093e+00 -9.2756319597e-01 -1.7093700571e+00 -2.1544126315e+00  7.9466764237e-01 -2.9850332032e+00 -2.3487305761e+00 -4.0529392609e-01 -6.6180872111e+00  3.0708371347e+00 -1.0053194376e+00 -5.7945423086e+00  3.3005386268e+00 -2.5451352997e+00  1.6421756653e-01 -9.7193023482e-01  2.1777338309e-01 -4.7169179506e+00  3.4931550855e+00  7.2170693093e-01
ENERGY -7.655508439549e+02

JOB 11
COORDS -2.2802577031e+00  2.3680094800e+00 -9.9984809499e-01 -5.5065227164e+00  6.7291889912e-01 -1.0297285292e+00 -3.4661406201e+00  1.6109115868e+00 -1.0011890554e+00 -1.0775394700e+00  1.7638277349e+00 -6.3337029393e-01 -4.8776754151e+00  1.8568308470e+00 -1.2719199067e+00 -2.2220653869e+00 -3.9407215335e-01 -2.1819104758e-01 -3.3898317413e+00  2.6290556003e-01 -5.9655339993e-01 -1.0663815749e+00  3.9720768058e-01 -2.5484495309e-01 -4.6658975942e+00  4.2733106723e+00 -2.1009008361e+00  2.1173560302e-01  2.5546481946e+00 -6.2729817191e-01 -2.1850416072e+00 -1.8379636444e+00  2.0744137674e-01 -5.5786703974e+00  3.0917814385e+00 -1.8008101486e+00 -4.6987824053e+00  5.3311973773e+00 -1.5197441829e+00 -4.6389654828e+00 -3.1126757428e-01 -6.1148635555e-01  1.0245887520e-01 -2.3447004471e-01  1.1192549749e-01 -3.7880645899e+00  4.0882658702e+00 -3.1329366061e+00 -2.2786726163e+00  3.4173682851e+00 -1.2719261982e+00 -6.5434257237e+00  3.7430620586e-01 -1.1033207319e+00  6.6655011837e-01  2.5959497492e+00  3.7178194044e-01  9.5636007646e-01  2.1370856017e+00 -1.3186974206e+00  3.3115903657e-02  3.5862716795e+00 -9.3780438788e-01 -1.5235611038e+00 -2.4185104677e+00 -4.4379993615e-01 -1.7929057050e+00 -1.9329857836e+00  1.2251787546e+00 -3.1830210408e+00 -2.2788292184e+00  1.7483324791e-01 -6.3103911348e+00  3.4545895492e+00 -1.0759667638e+00 -6.1245701385e+00  2.8451347309e+00 -2.7195652547e+00  8.3674144691e-01  3.9706786298e-01  6.8179250745e-02 -3.8210308557e+00  3.1643595603e+00 -3.4372859093e+00
ENERGY -7.655488178094e+02

JOB 12
COORDS -2.2788007586e+00  2.4222651563e+00 -9.2168242390e-01 -5.4928826199e+00  7.1210915979e-01 -1.0368130578e+00 -3.4575768346e+00  1.6566831191e+00 -9.5260122810e-01 -1.0712280620e+00  1.8107435876e+00 -5.8518133817e-01 -4.8690511508e+00  1.9108255999e+00 -1.2124695354e+00 -2.2025803177e+00 -3.7255463423e-01 -2.6321615481e-01 -3.3751760739e+00  2.9316420139e-01 -6.0992209808e-01 -1.0525071062e+00  4.2849631463e-01 -2.6611097271e-01 -4.6183976347e+00  4.2345089469e+00 -2.2644131571e+00  2.1454102894e-01  2.6062860047e+00 -5.5167285714e-01 -2.1539629994e+00 -1.8342702297e+00  9.4919939906e-02 -5.5497173491e+00  3.1747775921e+00 -1.6855555247e+00 -4.5893319227e+00  5.3859440164e+00 -1.8991990999e+00 -4.6226145070e+00 -2.8537232116e-01 -6.5698790990e-01  1.2081917937e-01 -2.1134001389e-01  6.9873756075e-02 -3.8165407253e+00  3.8200775910e+00 -3.2880270729e+00 -2.2882084790e+00  3.4820499844e+00 -1.1534794874e+00 -6.5269100987e+00  4.1089820978e-01 -1.1358941419e+00  6.7363937594e-01  2.6083635981e+00  4.4627624962e-01  9.5746476788e-01  2.2207333023e+00 -1.2631126680e+00  3.0357965238e-02  3.6488143881e+00 -8.1944995206e-01 -1.4854753231e+00 -2.3780019711e+00 -5.8042450107e-01 -1.7640716967e+00 -1.9733218028e+00  1.1084562184e+00 -3.1479637194e+00 -2.2817490857e+00  3.8551997133e-02 -6.0791115931e+00  3.6655153175e+00 -8.6515589334e-01 -6.2946668932e+00  2.9317039162e+00 -2.4521413089e+00  8.5214944190e-01  4.2479749070e-01  4.8297703113e-02 -3.8825262468e+00  2.8537751682e+00 -3.3907170041e+00
ENERGY -7.655511484008e+02

JOB 13
COORDS -2.2942170095e+00  2.4381088159e+00 -8.9638071803e-01 -5.4967986648e+00  7.2082161231e-01 -1.0892406567e+00 -3.4666437732e+00  1.6668214915e+00 -9.4467966786e-01 -1.0862399153e+00  1.8257302251e+00 -5.6289268962e-01 -4.8722582373e+00  1.9246873252e+00 -1.2229653140e+00 -2.2110407836e+00 -3.7077468842e-01 -2.9388807299e-01 -3.3839476661e+00  2.9683440676e-01 -6.3543079107e-01 -1.0653400823e+00  4.3737305470e-01 -2.6915591100e-01 -4.6251907925e+00  4.1411329830e+00 -2.4774762212e+00  1.9714377730e-01  2.6236928828e+00 -5.0940287405e-01 -2.1556820874e+00 -1.8403254812e+00  2.9120401647e-02 -5.5184326424e+00  3.2155876598e+00 -1.6518240127e+00 -4.5593189660e+00  5.3365069585e+00 -2.3093512493e+00 -4.6300214553e+00 -2.8391864025e-01 -7.1906103202e-01  1.0795984308e-01 -2.0379175778e-01  6.3696635622e-02 -3.9158865160e+00  3.5466723909e+00 -3.4768806745e+00 -2.3109820661e+00  3.5009202163e+00 -1.1180430528e+00 -6.5285355128e+00  4.2031006799e-01 -1.2113521191e+00  6.5150717664e-01  2.6096574893e+00  4.9059962883e-01  9.4412889386e-01  2.2525129242e+00 -1.2241164931e+00  1.1489175325e-02  3.6702155762e+00 -7.6006298034e-01 -1.4788690016e+00 -2.3634293532e+00 -6.5416458638e-01 -1.7723277718e+00 -2.0014735884e+00  1.0418541426e+00 -3.1464263628e+00 -2.2924117733e+00 -4.5498661112e-02 -5.8353756351e+00  3.8073989414e+00 -7.8887119236e-01 -6.4160109413e+00  3.0071591445e+00 -2.2452939960e+00  8.3749156179e-01  4.3475565045e-01  5.6979682896e-02 -4.0030055737e+00  2.5782534393e+00 -3.4100970196e+00
ENERGY -7.655537936371e+02

JOB 14
COORDS -2.2367486607e+00  2.4844873744e+00 -8.0372912759e-01 -5.4440074878e+00  7.9043563913e-01 -1.0635961641e+00 -3.4099616300e+00  1.7184964581e+00 -8.6933718926e-01 -1.0285766958e+00  1.8546256790e+00 -5.0396458302e-01 -4.8114054592e+00  1.9950425832e+00 -1.1425051869e+00 -2.1600375969e+00 -3.4962473314e-01 -3.2033683579e-01 -3.3320678676e+00  3.3615557541e-01 -6.2605722720e-01 -1.0122318866e+00  4.5517437355e-01 -2.6635358504e-01 -4.6578112639e+00  4.1408536992e+00 -2.5241191096e+00  2.5958725987e-01  2.6429465331e+00 -4.3007147163e-01 -2.1060229345e+00 -1.8322514879e+00 -6.4037163590e-02 -5.4271487297e+00  3.3205663282e+00 -1.4842883750e+00 -4.5964197820e+00  5.3484407200e+00 -2.5043808504e+00 -4.5816474484e+00 -2.3476666964e-01 -7.4104896462e-01  1.6029249537e-01 -2.0314510919e-01  3.3525005194e-02 -4.0664904002e+00  3.4338734798e+00 -3.5239822998e+00 -2.2549364227e+00  3.5549306392e+00 -9.8941378314e-01 -6.4783597365e+00  5.0251605769e-01 -1.1937284087e+00  7.1991541183e-01  2.5905279140e+00  5.6592174856e-01  9.9988252297e-01  2.2933609493e+00 -1.1623282573e+00  7.8769824253e-02  3.6988649749e+00 -6.4193270214e-01 -1.4314930649e+00 -2.3250493923e+00 -7.7160761148e-01 -1.7207682169e+00 -2.0392534138e+00  9.3961014111e-01 -3.0976532434e+00 -2.2791086782e+00 -1.5658095410e-01 -5.5123459346e+00  3.9616545033e+00 -6.0261588460e-01 -6.4418464523e+00  3.1775367372e+00 -1.8731709237e+00  8.9234161777e-01  4.3232979007e-01  4.9992585316e-02 -4.1420028350e+00  2.4799751661e+00 -3.3349176808e+00
ENERGY -7.655558526691e+02

JOB 15
COORDS -2.1995277650e+00  2.5012724819e+00 -7.7295481047e-01 -5.4115686325e+00  8.3650693582e-01 -1.1243804757e+00 -3.3751353254e+00  1.7440720909e+00 -8.7056637424e-01 -1.0001084832e+00  1.8586478356e+00 -4.6417950526e-01 -4.7664079644e+00  2.0366006884e+00 -1.1714346675e+00 -2.1483060953e+00 -3.4226893471e-01 -3.4605481960e-01 -3.3109027585e+00  3.5671734559e-01 -6.5714039264e-01 -9.9668887406e-01  4.5444225572e-01 -2.5509738833e-01 -4.7610809854e+00  4.0746762272e+00 -2.7189969863e+00  2.9133925989e-01  2.6368161936e+00 -3.5126169948e-01 -2.1061690088e+00 -1.8304347128e+00 -1.2234442395e-01 -5.3508144855e+00  3.3802616969e+00 -1.4839512259e+00 -4.7626308189e+00  5.2756946336e+00 -2.8619641908e+00 -4.5626511235e+00 -2.0245613842e-01 -8.0990729192e-01  1.6605453597e-01 -2.1748308812e-01  5.2014492674e-02 -4.2633219329e+00  3.2593371421e+00 -3.6843038276e+00 -2.2105271279e+00  3.5751889831e+00 -9.4042626122e-01 -6.4465401870e+00  5.6060193974e-01 -1.2743360150e+00  7.3347677941e-01  2.5604914341e+00  6.5135604633e-01  1.0424639040e+00  2.2981347938e+00 -1.0775764021e+00  1.2089884999e-01  3.6981653896e+00 -5.4386902357e-01 -1.4212748026e+00 -2.3105235219e+00 -8.2867577806e-01 -1.7402414785e+00 -2.0620965266e+00  8.8312497766e-01 -3.0981121331e+00 -2.2698575716e+00 -2.4297709871e-01 -5.2198226008e+00  4.0763476275e+00 -6.5106269121e-01 -6.4294640649e+00  3.2968696277e+00 -1.6577958776e+00  9.0307055844e-01  4.1137983044e-01  8.8352507745e-02 -4.2907939002e+00  2.3360118883e+00 -3.3686771480e+00
ENERGY -7.655568776740e+02

JOB 16
COORDS -2.1738169623e+00  2.4983929510e+00 -7.4151321515e-01 -5.3860315803e+00  8.5215727989e-01 -1.1664488142e+00 -3.3498385158e+00  1.7469609074e+00 -8.6989884866e-01 -9.8154343650e-01  1.8470704869e+00 -4.2311326863e-01 -4.7337134445e+00  2.0499886122e+00 -1.1891203408e+00 -2.1379602216e+00 -3.5213708127e-01 -3.6261267805e-01 -3.2931577209e+00  3.5593238365e-01 -6.8049142438e-01 -9.8573497386e-01  4.3934447791e-01 -2.3875389810e-01 -4.9693771348e+00  3.9834875158e+00 -2.8574961054e+00  3.1027680336e-01  2.6187377682e+00 -2.7506781730e-01 -2.1036037989e+00 -1.8439183613e+00 -1.6345666526e-01 -5.3064461122e+00  3.4038396934e+00 -1.4752046824e+00 -5.0521129772e+00  5.1637856997e+00 -3.1086372011e+00 -4.5444597968e+00 -1.9590559029e-01 -8.6234202469e-01  1.6955769430e-01 -2.4138067011e-01  7.6503786061e-02 -4.6037631203e+00  3.0895458633e+00 -3.8103115063e+00 -2.1795247819e+00  3.5750853650e+00 -8.9121399327e-01 -6.4215895713e+00  5.8400358581e-01 -1.3265710323e+00  7.3556510514e-01  2.5233312383e+00  7.3317114609e-01  1.0724018940e+00  2.2904943136e+00 -9.9469348142e-01  1.4653078696e-01  3.6839984404e+00 -4.5145066144e-01 -1.4088733142e+00 -2.3140999362e+00 -8.6681713770e-01 -1.7544063804e+00 -2.0935142409e+00  8.4366568912e-01 -3.0947083361e+00 -2.2782016713e+00 -3.0726106794e-01 -4.9735190956e+00  4.1401560652e+00 -7.3949072771e-01 -6.4001819720e+00  3.3784446413e+00 -1.4165763814e+00  9.0810264585e-01  3.8397643443e-01  1.3517075901e-01 -4.5539623681e+00  2.2009956117e+00 -3.4072588789e+00
ENERGY -7.655568510310e+02

JOB 17
COORDS -2.1479280221e+00  2.5053155910e+00 -6.8947843339e-01 -5.3692569775e+00  9.0529208987e-01 -1.2090777352e+00 -3.3296569347e+00  1.7711202745e+00 -8.6006803973e-01 -9.6871143643e-01  1.8354945703e+00 -3.6132484904e-01 -4.7035655431e+00  2.0970625978e+00 -1.1974817684e+00 -2.1490780928e+00 -3.5181232085e-01 -3.7775187244e-01 -3.2906803400e+00  3.7535063040e-01 -7.0202087345e-01 -9.9162485352e-01  4.2379038929e-01 -2.1132393128e-01 -5.2162331860e+00  3.9548925633e+00 -2.9076079750e+00  3.2733889195e-01  2.5899442081e+00 -1.6762364200e-01 -2.1338809549e+00 -1.8480993950e+00 -2.1313925057e-01 -5.2633398422e+00  3.4642485976e+00 -1.4510405625e+00 -5.4406906677e+00  5.1044152797e+00 -3.2103618989e+00 -4.5434345711e+00 -1.5887816147e-01 -9.1828858145e-01  1.4943286716e-01 -2.7680918849e-01  1.1188414416e-01 -4.9344958853e+00  3.0234557400e+00 -3.8513054170e+00 -2.1386888065e+00  3.5852379285e+00 -8.1347721702e-01 -6.4058473964e+00  6.5181092609e-01 -1.3860046918e+00  7.2968675230e-01  2.4668951816e+00  8.4700575845e-01  1.1017062497e+00  2.2703346850e+00 -8.7802566100e-01  1.7838475866e-01  3.6607335878e+00 -3.2252025021e-01 -1.4300687306e+00 -2.3089261979e+00 -9.1365481334e-01 -1.8072736218e+00 -2.1248290789e+00  7.9446390102e-01 -3.1261892339e+00 -2.2685142447e+00 -3.8664381590e-01 -4.7472616193e+00  4.2177333731e+00 -8.5141230489e-01 -6.3174671923e+00  3.5121357077e+00 -1.1581417730e+00  8.9306990910e-01  3.3865594974e-01  2.0212667523e-01 -4.7634431344e+00  2.1691186415e+00 -3.4080566489e+00
ENERGY -7.655560722559e+02

JOB 18
COORDS -2.1578084189e+00  2.4679728590e+00 -8.8204235179e-01 -5.3242697132e+00  6.9703730289e-01 -1.1678329607e+00 -3.3144820205e+00  1.6742463403e+00 -9.5579658155e-01 -9.4326786263e-01  1.8801811169e+00 -5.3724111661e-01 -4.7104472417e+00  1.9127611921e+00 -1.2751717917e+00 -2.0265703150e+00 -3.4701409341e-01 -3.3671514099e-01 -3.2105888383e+00  3.0173183640e-01 -6.8467174194e-01 -8.9974039882e-01  4.8626173111e-01 -2.7073743739e-01 -5.6943260308e+00  3.4660116732e+00 -3.0953896412e+00  3.3001119496e-01  2.6835089528e+00 -4.4072050866e-01 -1.9623386653e+00 -1.8271724528e+00 -5.1876958509e-02 -5.3455284415e+00  3.2294229981e+00 -1.6164760757e+00 -6.1940904537e+00  4.4988440875e+00 -3.4783589849e+00 -4.4415211390e+00 -3.0282895874e-01 -8.1580862136e-01  3.3767604840e-01 -1.6850701527e-02  6.3516686904e-02 -5.4202618078e+00  2.4569982222e+00 -3.9578996908e+00 -2.1969726973e+00  3.5340974408e+00 -1.0912388929e+00 -6.3527548080e+00  3.8487153631e-01 -1.2891459591e+00  7.6097540751e-01  2.6229139701e+00  5.6415927377e-01  1.0900565328e+00  2.3049785875e+00 -1.1321852363e+00  1.4312852272e-01  3.7347469570e+00 -6.7421930900e-01 -1.2844667493e+00 -2.3455745255e+00 -7.4230058474e-01 -1.6238833508e+00 -2.0299870416e+00  9.7242674058e-01 -2.9470955717e+00 -2.2841122815e+00 -1.6271576263e-01 -4.6972338015e+00  4.0572288954e+00 -1.3184729053e+00 -6.2816100946e+00  3.3705110848e+00 -1.0676904346e+00  2.6703523336e-01 -9.7098682707e-01  2.2329497344e-01 -5.0273364258e+00  1.7143831626e+00 -3.4579212575e+00
ENERGY -7.655551087991e+02

JOB 19
COORDS -2.1220159644e+00  2.4663440700e+00 -8.9045153980e-01 -5.2808633905e+00  6.9730760344e-01 -1.2628964717e+00 -3.2768303117e+00  1.6735280738e+00 -9.9772145970e-01 -9.1720578205e-01  1.8775046149e+00 -5.1472905184e-01 -4.6634430863e+00  1.9129497693e+00 -1.3544800346e+00 -2.0070042351e+00 -3.4920329304e-01 -3.4468844347e-01 -3.1808901124e+00  3.0107890573e-01 -7.2296849949e-01 -8.8186053302e-01  4.8323308134e-01 -2.4910958305e-01 -5.9200029187e+00  3.3592314074e+00 -3.1004168272e+00  3.5323343946e-01  2.6803202555e+00 -3.8208351744e-01 -1.9515908908e+00 -1.8296812034e+00 -5.9509383596e-02 -5.2887598398e+00  3.2336478442e+00 -1.7053787566e+00 -6.5941235358e+00  4.3125196487e+00 -3.4161126118e+00 -4.4079017144e+00 -3.0238806244e-01 -8.8624329050e-01  3.4622266829e-01 -2.1066696461e-02  1.1647649380e-01 -5.6670635364e+00  2.3593448292e+00 -3.9809436873e+00 -2.1545290861e+00  3.5334904930e+00 -1.0957594198e+00 -6.3052969187e+00  3.8422349363e-01 -1.4129282337e+00  7.5675641481e-01  2.6177274548e+00  6.3400236219e-01  1.1317991115e+00  2.3030494989e+00 -1.0533481087e+00  1.7304162843e-01  3.7321474444e+00 -6.1836739707e-01 -1.2581114363e+00 -2.3483901675e+00 -7.3402106200e-01 -1.6379101054e+00 -2.0337816241e+00  9.7239702356e-01 -2.9340122733e+00 -2.2852378350e+00 -1.9413391033e-01 -4.5403220562e+00  4.0291516940e+00 -1.6439197141e+00 -6.0736631091e+00  3.5085097675e+00 -9.9541897054e-01  2.7036201936e-01 -9.7502301624e-01  2.7493413228e-01 -5.1329712438e+00  1.6736009104e+00 -3.5336207362e+00
ENERGY -7.655543169733e+02

JOB 20
COORDS -2.1693447804e+00  2.4608238776e+00 -8.9682525830e-01 -5.3375498478e+00  7.3815714988e-01 -1.3872207332e+00 -3.3302419995e+00  1.6845414772e+00 -1.0489730735e+00 -9.8543875003e-01  1.8531092290e+00 -4.8577378973e-01 -4.7009529253e+00  1.9455732559e+00 -1.4486301467e+00 -2.1106975776e+00 -3.5891013273e-01 -3.6668065254e-01 -3.2625752234e+00  3.0945340986e-01 -7.7946266682e-01 -9.7777622049e-01  4.5700177294e-01 -2.2861073171e-01 -6.1755738155e+00  3.3495082729e+00 -3.0503572243e+00  2.9030565115e-01  2.6377966740e+00 -3.0418257902e-01 -2.0851000939e+00 -1.8414838064e+00 -8.8198111991e-02 -5.2915602320e+00  3.2828846595e+00 -1.7993691487e+00 -6.9785792968e+00  4.2354498135e+00 -3.2309417744e+00 -4.4913686226e+00 -2.7586665087e-01 -9.8733164955e-01  2.3045934096e-01 -6.6623141636e-02  1.7447996387e-01 -5.9826385607e+00  2.3833638479e+00 -3.9850811592e+00 -2.1814166424e+00  3.5303644531e+00 -1.0917362358e+00 -6.3606392768e+00  4.3981140782e-01 -1.5720645849e+00  6.5847060859e-01  2.5624374598e+00  7.2438704751e-01  1.0861816155e+00  2.2550018066e+00 -9.5164579303e-01  1.3216639554e-01  3.6936805181e+00 -5.3827128526e-01 -1.3774543590e+00 -2.3665326913e+00 -7.4277702605e-01 -1.8078171642e+00 -2.0551583215e+00  9.5218632523e-01 -3.0689581420e+00 -2.2823768158e+00 -2.5678768283e-01 -4.4849470259e+00  4.0047088837e+00 -1.9682863396e+00 -5.8900085584e+00  3.6881172745e+00 -9.7922047815e-01  1.3565037432e-01 -1.0199882904e+00  3.2611775567e-01 -5.3333669345e+00  1.7375754165e+00 -3.6443149237e+00
ENERGY -7.655538912425e+02

JOB 21
COORDS -2.1571186414e+00  2.4553452867e+00 -8.9843884284e-01 -5.3033026491e+00  7.1456795162e-01 -1.4514543095e+00 -3.3091324011e+00  1.6711123741e+00 -1.0733567233e+00 -9.7772389804e-01  1.8550084668e+00 -4.6360130084e-01 -4.6718060700e+00  1.9245626168e+00 -1.5029918433e+00 -2.0914791439e+00 -3.6326297766e-01 -3.6498539051e-01 -3.2395500118e+00  2.9696383703e-01 -8.0062221132e-01 -9.6590065747e-01  4.5930554471e-01 -2.0541872817e-01 -6.3671920375e+00  3.2904016093e+00 -2.8968340069e+00  2.8885971468e-01  2.6481990987e+00 -2.5690519439e-01 -2.0617729394e+00 -1.8453920018e+00 -8.4764243773e-02 -5.2488772357e+00  3.2679051546e+00 -1.8534544568e+00 -7.2449369375e+00  4.1215479807e+00 -2.9025160187e+00 -4.4605345481e+00 -2.9532970661e-01 -1.0318142682e+00  2.3755743544e-01 -5.6928321669e-02  2.2144095287e-01 -6.2988280662e+00  2.3471057567e+00 -3.8749904405e+00 -2.1731452072e+00  3.5248756755e+00 -1.0931786780e+00 -6.3215018986e+00  4.1013844719e-01 -1.6520056792e+00  6.3667423444e-01  2.5762172533e+00  7.7897007901e-01  1.1002513941e+00  2.2703250761e+00 -8.8781152789e-01  1.2830366620e-01  3.7028389352e+00 -4.9505478716e-01 -1.3383773243e+00 -2.3664399166e+00 -7.2519847039e-01 -1.8031146574e+00 -2.0565106563e+00  9.6094384179e-01 -3.0394620002e+00 -2.2925429292e+00 -2.7175673524e-01 -4.4522878556e+00  3.9093823355e+00 -2.2502944112e+00 -5.6378590738e+00  3.7782726618e+00 -9.6852562524e-01  1.4507755833e-01 -1.0105033312e+00  3.7312091578e-01 -5.5575295818e+00  1.7406624092e+00 -3.6846297531e+00
ENERGY -7.655536739620e+02

JOB 22
COORDS -2.0893662697e+00  2.4435683142e+00 -9.3533566381e-01 -5.2225674949e+00  7.1419634523e-01 -1.5887140193e+00 -3.2375744220e+00  1.6629750275e+00 -1.1464896767e+00 -9.3143065867e-01  1.8428839034e+00 -4.4595185448e-01 -4.5807847537e+00  1.9181736634e+00 -1.6319361831e+00 -2.0617102135e+00 -3.6887817620e-01 -3.6571729789e-01 -3.1873843162e+00  2.9201402842e-01 -8.5489689336e-01 -9.3920278759e-01  4.5053846912e-01 -1.7121168941e-01 -6.4206081760e+00  3.2682630066e+00 -2.8183631932e+00  3.3047096432e-01  2.6316169644e+00 -1.9726950986e-01 -2.0524515569e+00 -1.8474657885e+00 -6.5703259113e-02 -5.1266817023e+00  3.2675825911e+00 -2.0088113057e+00 -7.3295031300e+00  4.0409945146e+00 -2.6278858617e+00 -4.4019035987e+00 -2.9605885696e-01 -1.1258386928e+00  2.4300333419e-01 -6.7408755287e-02  3.1000866496e-01 -6.4871385080e+00  2.3604711032e+00 -3.8338835866e+00 -2.0923199609e+00  3.5105493536e+00 -1.1441548294e+00 -6.2359223984e+00  4.1419737097e-01 -1.8174512206e+00  6.3635900054e-01  2.5689337260e+00  8.5236092552e-01  1.1643231209e+00  2.2428788613e+00 -7.9126214606e-01  1.8553585219e-01  3.6845387724e+00 -4.5255567944e-01 -1.3079962883e+00 -2.3812019399e+00 -6.7057370830e-01 -1.8364226654e+00 -2.0466440343e+00  9.9196979089e-01 -3.0250909584e+00 -2.2908828869e+00 -2.8517030020e-01 -4.3780651744e+00  3.8076805335e+00 -2.6038378382e+00 -5.3113816536e+00  3.8745187868e+00 -1.1188132139e+00  1.3754807555e-01 -1.0181959470e+00  4.7043275773e-01 -5.6917150686e+00  1.7959312013e+00 -3.8168843723e+00
ENERGY -7.655533480953e+02

JOB 23
COORDS -2.0762518764e+00  2.4453266300e+00 -9.4749340605e-01 -5.1855263171e+00  7.0400517815e-01 -1.6789777335e+00 -3.2148183955e+00  1.6594143486e+00 -1.1884399013e+00 -9.3190540979e-01  1.8519608059e+00 -4.1854654145e-01 -4.5438194781e+00  1.9075870566e+00 -1.7144782606e+00 -2.0566881994e+00 -3.6349366771e-01 -3.6099525612e-01 -3.1695613026e+00  2.9041237911e-01 -8.8752917410e-01 -9.4354654787e-01  4.6121644078e-01 -1.3675766296e-01 -6.5017904701e+00  3.2733580360e+00 -2.6382396425e+00  3.1873125743e-01  2.6468232402e+00 -1.3481644194e-01 -2.0512478464e+00 -1.8403079005e+00 -5.2114433405e-02 -5.0721068576e+00  3.2599439731e+00 -2.1100655270e+00 -7.3693258147e+00  4.0075288163e+00 -2.2308483035e+00 -4.3745429955e+00 -3.0209022702e-01 -1.1880935636e+00  2.2515767975e-01 -5.0145727883e-02  3.8350811817e-01 -6.7584257541e+00  2.4055247268e+00 -3.6623101067e+00 -2.0762272970e+00  3.5106012887e+00 -1.1648744606e+00 -6.1948059887e+00  4.0146575244e-01 -1.9208871119e+00  5.9150513181e-01  2.5912456049e+00  9.2431648455e-01  1.1724688495e+00  2.2581514469e+00 -6.9993183635e-01  1.7798457120e-01  3.6977832983e+00 -4.0043192305e-01 -1.2867572955e+00 -2.3746453417e+00 -6.3097056296e-01 -1.8668012099e+00 -2.0328057881e+00  1.0127684845e+00 -3.0151782464e+00 -2.2885590238e+00 -2.9853936390e-01 -4.4240185601e+00  3.6985134615e+00 -2.8814659623e+00 -5.0449720578e+00  3.9386387045e+00 -1.2541246801e+00  1.1740816025e-01 -1.0002465165e+00  5.4635762963e-01 -5.9612353535e+00  1.8779543180e+00 -3.8519086775e+00
ENERGY -7.655526067412e+02

