JOB 0
COORDS  4.6928688684e+00  1.3644070294e+00  7.8280140789e-01  5.8411641224e+00  1.1290996749e+00  1.9756182798e-02  3.5614914628e+00  5.8028495432e-01  5.6298767178e-01  5.8506834320e+00  1.1873631061e-01 -9.4125562944e-01  3.5461239077e+00 -4.5830370965e-01 -3.8462672442e-01  4.7178575978e+00 -6.8349942583e-01 -1.1459660335e+00  2.3344226337e+00 -1.3280917953e+00 -5.2426923333e-01  9.6802764762e-01 -7.3185882887e-01 -1.9661520756e-01  2.4151680006e+00 -2.5029078062e+00 -8.5413966121e-01  4.7132090226e+00 -1.6585769805e+00 -2.0977396837e+00  4.6800158646e+00  2.1479994229e+00  1.5344135510e+00  6.7317142299e+00  1.7342987894e+00  1.6759259286e-01  2.6728895832e+00  7.6019117920e-01  1.1603396041e+00  6.7438556564e+00 -5.4919171728e-02 -1.5399896468e+00  9.4938254086e-01  3.5874416180e-01 -1.6575907929e-01  6.4051713481e-01 -1.1132314865e+00  7.7735523479e-01  2.5521643423e-01 -1.0931429841e+00 -9.4137212343e-01  5.5678265595e+00 -1.6461299695e+00 -2.5582603690e+00
ENERGY -4.601905939241e+02

JOB 1
COORDS  4.6789940461e+00  1.3483067464e+00  7.8367574229e-01  5.8398394923e+00  1.1077593192e+00  4.1321826824e-02  3.5472828931e+00  5.7259243820e-01  5.3973034876e-01  5.8576857960e+00  1.0183473099e-01 -9.2361273990e-01  3.5382017225e+00 -4.6170429777e-01 -4.1371412594e-01  4.7224728349e+00 -6.9035233554e-01 -1.1556028912e+00  2.3156946764e+00 -1.3097275827e+00 -5.8789004544e-01  9.7100639686e-01 -7.2354051268e-01 -1.6884736110e-01  2.3728073855e+00 -2.4561676635e+00 -1.0104593610e+00  4.7330533640e+00 -1.6597804872e+00 -2.1123300576e+00  4.6575683848e+00  2.1292555391e+00  1.5378511925e+00  6.7325117277e+00  1.7047727826e+00  2.0855365974e-01  2.6490050132e+00  7.5977489413e-01  1.1195023084e+00  6.7605915135e+00 -7.6909229585e-02 -1.5060349785e+00  9.0635080631e-01  3.5831133896e-01 -3.0678634863e-01  8.0067934685e-01 -9.3657883867e-01  8.9357753222e-01  1.8650533639e-01 -1.2251594756e+00 -7.3767244538e-01  5.5972174930e+00 -1.6472314437e+00 -2.5550147210e+00
ENERGY -4.601913212127e+02

JOB 2
COORDS  4.6482345507e+00  1.3470038149e+00  7.7122431704e-01  5.8245956329e+00  1.0932967276e+00  5.8081332931e-02  3.5165340495e+00  5.8050894484e-01  5.0314382785e-01  5.8544973221e+00  8.4961825056e-02 -9.0297723264e-01  3.5148704386e+00 -4.5451244081e-01 -4.5149170454e-01  4.7164013113e+00 -6.9487775943e-01 -1.1647684501e+00  2.2800846956e+00 -1.2735646789e+00 -6.7009959908e-01  9.6192980003e-01 -7.3808197407e-01 -1.1967172868e-01  2.3020618502e+00 -2.3516214503e+00 -1.2486652381e+00  4.7505278535e+00 -1.6670926126e+00 -2.1167842755e+00  4.6155598760e+00  2.1307051338e+00  1.5221240186e+00  6.7194298265e+00  1.6808554012e+00  2.4609379114e-01  2.6080492473e+00  7.8185686631e-01  1.0605521167e+00  6.7700324147e+00 -1.0649046880e-01 -1.4612231123e+00  8.1292496915e-01  3.2133361945e-01 -3.4793753297e-01  9.3225428801e-01 -8.5015860132e-01  9.7049811849e-01  1.5045320014e-01 -1.3283152457e+00 -5.4708180788e-01  5.6302831446e+00 -1.6624003694e+00 -2.5285189549e+00
ENERGY -4.601917609174e+02

JOB 3
COORDS  4.6399918778e+00  1.3725534249e+00  7.3987629207e-01  5.8406049137e+00  1.0789052131e+00  8.4661118222e-02  3.5053364692e+00  6.2387701899e-01  4.3879711471e-01  5.8889578381e+00  5.0515282718e-02 -8.5326358882e-01  3.5160840362e+00 -4.2375081369e-01 -5.0359131473e-01  4.7442265179e+00 -7.0508484676e-01 -1.1567024878e+00  2.2643623352e+00 -1.1955133251e+00 -7.8674601901e-01  9.9672865186e-01 -8.0529470589e-01 -3.1970499977e-02  2.2263225601e+00 -2.1161436955e+00 -1.5927263677e+00  4.8087614272e+00 -1.7061249408e+00 -2.0756543956e+00  4.5917485812e+00  2.1723135186e+00  1.4727879050e+00  6.7401195545e+00  1.6489628946e+00  3.0200584016e-01  2.5796358051e+00  8.5909995422e-01  9.5178281116e-01  6.8247380674e+00 -1.7642439512e-01 -1.3625633609e+00  7.1448212633e-01  2.3382929348e-01 -2.3197813374e-01  1.1257415330e+00 -9.1200046800e-01  1.0503795536e+00  1.9263081233e-01 -1.4637508006e+00 -3.6204562870e-01  5.7186429674e+00 -1.7519631656e+00 -2.4133428634e+00
ENERGY -4.601918175074e+02

JOB 4
COORDS  4.6163472221e+00  1.3979534842e+00  7.0456882085e-01  5.8282247561e+00  1.0518751195e+00  9.7643340797e-02  3.4687549918e+00  6.7757827986e-01  3.8184423389e-01  5.8761143390e+00  1.6454188433e-03 -8.1667345276e-01  3.4782338414e+00 -3.8078763078e-01 -5.4686250476e-01  4.7166549530e+00 -7.1710059480e-01 -1.1498571672e+00  2.2060561793e+00 -1.0950158458e+00 -8.8520237688e-01  1.0075751718e+00 -8.9378770987e-01  3.7295903506e-02  2.0961841731e+00 -1.8063128211e+00 -1.8748536278e+00  4.7763441048e+00 -1.7516116467e+00 -2.0323780778e+00  4.5694275901e+00  2.2150065286e+00  1.4182414223e+00  6.7381978568e+00  1.5961601478e+00  3.3640195913e-01  2.5321984118e+00  9.5182215283e-01  8.5533935436e-01  6.8222248843e+00 -2.6964327536e-01 -1.2833373427e+00  5.7463884900e-01  1.0229080979e-01 -1.1115990823e-01  1.2714275655e+00 -9.9209718896e-01  1.0943203555e+00  2.5223537591e-01 -1.6358240836e+00 -2.2478954181e-01  5.7003427093e+00 -1.8651983474e+00 -2.3096229334e+00
ENERGY -4.601917666977e+02

JOB 5
COORDS  4.6399764407e+00  1.4193193127e+00  6.9467392885e-01  5.8522301355e+00  1.0435930446e+00  1.0658098571e-01  3.4815054994e+00  7.1993817633e-01  3.6202366269e-01  5.8917058762e+00 -1.3340654627e-02 -8.0146107545e-01  3.4843189727e+00 -3.3927135549e-01 -5.6385093215e-01  4.7209928465e+00 -7.0546240385e-01 -1.1487455210e+00  2.1989933143e+00 -1.0130474839e+00 -9.3439862875e-01  1.0367355370e+00 -9.3025762755e-01  5.0795263352e-02  2.0466205391e+00 -1.5834145340e+00 -2.0056847537e+00  4.7628457391e+00 -1.7508402280e+00 -2.0207617096e+00  4.6008879861e+00  2.2422277373e+00  1.4020735317e+00  6.7701728917e+00  1.5693473291e+00  3.5603695322e-01  2.5419434229e+00  1.0154926849e+00  8.1794360830e-01  6.8388375312e+00 -3.0882910767e-01 -1.2509496590e+00  4.5647242499e-01 -2.0449200523e-02 -1.4411662573e-01  1.3505153562e+00 -9.2591848769e-01  1.0971641931e+00  3.7875083028e-01 -1.7811829701e+00 -1.3504803213e-01  5.6862452454e+00 -1.8968430955e+00 -2.2833909915e+00
ENERGY -4.601913587370e+02

JOB 6
COORDS  4.6482546072e+00  1.4404078718e+00  7.2011550580e-01  5.8603583712e+00  1.0423256607e+00  1.4699502703e-01  3.4804062777e+00  7.6314915530e-01  3.7249165608e-01  5.8920493789e+00 -1.3902766350e-02 -7.6300765394e-01  3.4769667505e+00 -2.9182624726e-01 -5.5676518609e-01  4.7123050174e+00 -6.8020735931e-01 -1.1275872595e+00  2.1827636328e+00 -9.2957996200e-01 -9.6012025008e-01  1.0374932393e+00 -9.4727192530e-01  4.8722979321e-02  2.0102950413e+00 -1.3959573370e+00 -2.0772713464e+00  4.7395271161e+00 -1.7268960668e+00 -1.9997103936e+00  4.6158349155e+00  2.2632391019e+00  1.4279379915e+00  6.7848939071e+00  1.5496030549e+00  4.0992611646e-01  2.5393373899e+00  1.0762239135e+00  8.1442815148e-01  6.8393878713e+00 -3.2759567323e-01 -1.1994744412e+00  3.0828736652e-01 -1.7527365533e-01 -2.2195448720e-01  1.3486298095e+00 -8.0285739866e-01  1.0846504252e+00  5.2811584908e-01 -1.9092796327e+00 -4.6944561004e-02  5.6611137514e+00 -1.8928496966e+00 -2.2560560079e+00
ENERGY -4.601906910618e+02

JOB 7
COORDS  4.6723153737e+00  1.4355448997e+00  7.1880724392e-01  5.8785182854e+00  1.0126562911e+00  1.5141032218e-01  3.4919477745e+00  7.8305831683e-01  3.6500395217e-01  5.8943250891e+00 -4.2411001836e-02 -7.6067330079e-01  3.4733320982e+00 -2.6962023898e-01 -5.6613625529e-01  4.7025731748e+00 -6.8210251450e-01 -1.1326269657e+00  2.1703182816e+00 -8.8009139805e-01 -9.8525526685e-01  1.0429366678e+00 -9.7759133809e-01  3.8969705833e-02  1.9854896068e+00 -1.2876830726e+00 -2.1230540722e+00  4.7099545646e+00 -1.7284083168e+00 -2.0062771154e+00  4.6532588156e+00  2.2584532734e+00  1.4270129026e+00  6.8118575101e+00  1.5002266304e+00  4.2035209750e-01  2.5549280909e+00  1.1171579295e+00  8.0029679705e-01  6.8373668304e+00 -3.7510071923e-01 -1.1923588103e+00  1.8074265868e-01 -4.0632085575e-01 -3.1895169151e-01  1.3106091590e+00 -6.5221789872e-01  1.0448368703e+00  7.3326758488e-01 -2.0261962225e+00  8.1162271821e-02  5.6282810280e+00 -1.9146351857e+00 -2.2600489509e+00
ENERGY -4.601901487557e+02

JOB 8
COORDS  4.7273976147e+00  1.1992904472e+00  9.7398825710e-01  5.8488412953e+00  1.0160464396e+00  1.5862565340e-01  3.5649231765e+00  4.8091916359e-01  6.9786441385e-01  5.8000672806e+00  1.2078521053e-01 -9.0958416169e-01  3.4918307749e+00 -4.4351751992e-01 -3.5857334915e-01  4.6364102679e+00 -6.1777253620e-01 -1.1719954009e+00  2.2481903254e+00 -1.2550325522e+00 -5.5919427566e-01  9.0735657385e-01 -6.4086712601e-01 -1.6518433987e-01  2.2842919230e+00 -2.3972869416e+00 -9.9391555908e-01  4.5743982203e+00 -1.4784995086e+00 -2.2269539044e+00  4.7588952630e+00  1.8929038859e+00  1.8088611319e+00  6.7628397584e+00  1.5725091767e+00  3.4881442090e-01  2.6963139801e+00  6.2024294932e-01  1.3344565315e+00  6.6721633763e+00 -1.1490732667e-02 -1.5485534120e+00  1.9060878811e-01 -8.7203613823e-01 -9.5712161453e-01  9.3861706815e-01  4.4076918868e-01 -2.2724532806e-02  5.4844137934e-01 -1.1134178735e+00  7.5542502005e-01  5.4174409468e+00 -1.4422502120e+00 -2.7070298364e+00
ENERGY -4.601905204865e+02

JOB 9
COORDS  4.7006719725e+00  1.1973555055e+00  9.7768869782e-01  5.8402753997e+00  1.0098744654e+00  1.8862468586e-01  3.5425382444e+00  4.8429270558e-01  6.7358873171e-01  5.8114023525e+00  1.1731930151e-01 -8.8191621679e-01  3.4864648359e+00 -4.3711516805e-01 -3.8774245076e-01  4.6497688590e+00 -6.1364579373e-01 -1.1754356126e+00  2.2380558903e+00 -1.2299165092e+00 -6.2589718344e-01  9.1544755226e-01 -6.5339763619e-01 -1.2867589416e-01  2.2571573505e+00 -2.3291111610e+00 -1.1620122156e+00  4.6139326065e+00 -1.4707028034e+00 -2.2335366672e+00  4.7156907302e+00  1.8899060863e+00  1.8139101808e+00  6.7527328884e+00  1.5605877836e+00  4.0167634570e-01  2.6605336069e+00  6.2947391181e-01  1.2893781206e+00  6.6979073737e+00 -1.9463967572e-02 -1.4998131995e+00  1.1821942128e-01 -1.0383091514e+00 -7.6721325018e-01  8.8953607659e-01  4.3887964505e-01 -1.3624576118e-01  7.2689037172e-01 -9.9598266323e-01  8.9536983907e-01  5.4698246637e+00 -1.4331749728e+00 -2.6905997573e+00
ENERGY -4.601912308906e+02

JOB 10
COORDS  4.6798080083e+00  1.1842824046e+00  9.5713178239e-01  5.8325806826e+00  9.7324972001e-01  1.9337603352e-01  3.5164940379e+00  4.9095599726e-01  6.3107500207e-01  5.8083177307e+00  7.8790120568e-02 -8.7473412636e-01  3.4603841495e+00 -4.3012434220e-01 -4.3227051226e-01  4.6385509057e+00 -6.2876868897e-01 -1.1952699533e+00  2.1942177759e+00 -1.1804463542e+00 -7.1004641296e-01  9.0284706206e-01 -6.5458951152e-01 -9.0746302210e-02  2.1708137041e+00 -2.1986688436e+00 -1.3882288119e+00  4.6187023131e+00 -1.4881135771e+00 -2.2507751608e+00  4.6894422033e+00  1.8793426689e+00  1.7913424796e+00  6.7511305692e+00  1.5060305279e+00  4.2513707723e-01  2.6262062758e+00  6.5829544810e-01  1.2278378106e+00  6.7055657448e+00 -7.8715525596e-02 -1.4719141917e+00  6.5291167237e-02 -1.1532738161e+00 -5.8026997430e-01  7.9883753432e-01  4.2902586464e-01 -1.9861379322e-01  8.6956667192e-01 -8.9003065660e-01  9.7927915127e-01  5.4892628508e+00 -1.4659733258e+00 -2.6809967066e+00
ENERGY -4.601917358550e+02

JOB 11
COORDS  4.6924921070e+00  1.2259822380e+00  9.2883716187e-01  5.8673983668e+00  9.5744709687e-01  2.1858860139e-01  3.5214402158e+00  5.6182377506e-01  5.7362853454e-01  5.8545000492e+00  3.7370348406e-02 -8.2686139286e-01  3.4701859925e+00 -3.7508621932e-01 -4.7772640349e-01  4.6730496601e+00 -6.3272009865e-01 -1.1853313806e+00  2.1812325626e+00 -1.0586818384e+00 -8.1555432433e-01  9.4737288286e-01 -7.1012404445e-01  1.2086975660e-02  2.0872791202e+00 -1.8765431097e+00 -1.7215697239e+00  4.6778680979e+00 -1.5286126691e+00 -2.2091636305e+00  4.6918734714e+00  1.9416111621e+00  1.7455248656e+00  6.7944168152e+00  1.4628426556e+00  4.7655330030e-01  2.6160670895e+00  7.7686323614e-01  1.1299101189e+00  6.7704057300e+00 -1.7026066989e-01 -1.3787372859e+00  1.1018784085e-01 -1.2954650315e+00 -3.6949573747e-01  7.0295381824e-01  3.5491024044e-01 -6.1202651934e-02  1.0957733027e+00 -9.4470155470e-01  1.0715288449e+00  5.5787250526e+00 -1.5743875540e+00 -2.5702451677e+00
ENERGY -4.601918174474e+02

JOB 12
COORDS  4.6601690980e+00  1.2508647107e+00  8.9942817479e-01  5.8486376509e+00  9.2151455203e-01  2.3926571788e-01  3.4784098519e+00  6.1864643975e-01  5.1987410707e-01  5.8400144981e+00 -2.4809916563e-02 -7.8342804164e-01  3.4310564499e+00 -3.3149651475e-01 -5.1802259503e-01  4.6462405924e+00 -6.5283135824e-01 -1.1735990614e+00  2.1242763027e+00 -9.4725322000e-01 -9.1361619729e-01  9.5416267074e-01 -8.2317590695e-01  5.7535024211e-02  1.9653029728e+00 -1.5162639164e+00 -1.9851623114e+00  4.6494185398e+00 -1.5885261079e+00 -2.1622472257e+00  4.6573562204e+00  1.9872026560e+00  1.6974932858e+00  6.7842946864e+00  1.3976151549e+00  5.2064967673e-01  2.5600033273e+00  8.7918735421e-01  1.0350337075e+00  6.7680118910e+00 -2.8423538132e-01 -1.2913707732e+00  1.7595605844e-01 -1.5185587168e+00 -2.5973022658e-01  5.4328667559e-01  1.9270529397e-01  3.1808096163e-02  1.2430530910e+00 -1.0415408110e+00  1.0897828210e+00  5.5642110581e+00 -1.7129776183e+00 -2.4641133486e+00
ENERGY -4.601917358491e+02

JOB 13
COORDS  4.6773909311e+00  1.2760203158e+00  9.0940282992e-01  5.8688293917e+00  9.1673080607e-01  2.7076888206e-01  3.4876458065e+00  6.6769471925e-01  5.1360487437e-01  5.8573536339e+00 -3.3529013363e-02 -7.4924172547e-01  3.4396433997e+00 -2.8051201289e-01 -5.2425868523e-01  4.6556264301e+00 -6.3164770534e-01 -1.1590729888e+00  2.1238101529e+00 -8.4989881031e-01 -9.5803223011e-01  9.7670484879e-01 -8.5492731409e-01  4.8456509797e-02  1.9364576835e+00 -1.2649814340e+00 -2.0932055326e+00  4.6458633124e+00 -1.5751582488e+00 -2.1414687611e+00  4.6780507375e+00  2.0161953738e+00  1.7039208656e+00  6.8101402247e+00  1.3718420897e+00  5.6752281396e-01  2.5641019240e+00  9.5055960774e-01  1.0088428139e+00  6.7882846771e+00 -3.1756039343e-01 -1.2382109508e+00  3.1421993218e-01 -1.6863829215e+00 -1.9904058711e-01  4.0404686976e-01  7.5366720927e-02 -4.2118931093e-02  1.3103217682e+00 -9.5404275712e-01  1.0841564210e+00  5.5600586679e+00 -1.7308561631e+00 -2.4293425678e+00
ENERGY -4.601912308931e+02

JOB 14
COORDS  4.7031771040e+00  1.2810665501e+00  9.0297770743e-01  5.8870932863e+00  8.9076312208e-01  2.6891473998e-01  3.4998348303e+00  6.9810923959e-01  5.0829343861e-01  5.8561256895e+00 -6.3557326058e-02 -7.4757764193e-01  3.4341064892e+00 -2.5078143303e-01 -5.2672895505e-01  4.6412583747e+00 -6.3242818606e-01 -1.1585614249e+00  2.1058193776e+00 -7.8180429599e-01 -9.7294963468e-01  9.8386282557e-01 -8.9293229681e-01  5.6197018599e-02  1.8909706962e+00 -1.0924880007e+00 -2.1358539288e+00  4.6058003019e+00 -1.5811993152e+00 -2.1364211376e+00  4.7194290072e+00  2.0252425168e+00  1.6935739004e+00  6.8381647907e+00  1.3243832763e+00  5.6665972634e-01  2.5805529380e+00  1.0053836446e+00  9.9782921080e-01  6.7815186293e+00 -3.7247894169e-01 -1.2318766793e+00  4.8755126184e-01 -1.8546124380e+00 -9.6042853051e-02  2.4474697443e-01 -1.0554328276e-01 -1.2648267395e-01  1.3229120711e+00 -8.3123448161e-01  1.0917875198e+00  5.5145369336e+00 -1.7626673420e+00 -2.4258601613e+00
ENERGY -4.601905204932e+02

JOB 15
COORDS  4.6151491933e+00  1.5717551800e+00  6.1696174336e-01  5.7544148020e+00  1.2643046697e+00 -1.3353743869e-01  3.4961883423e+00  7.4564138663e-01  5.1873804229e-01  5.7687981145e+00  1.4189031101e-01 -9.6136232222e-01  3.4875144685e+00 -4.0314948837e-01 -2.9101951004e-01  4.6500224875e+00 -7.0064211497e-01 -1.0407941314e+00  2.2956669894e+00 -1.3118126973e+00 -2.9465698344e-01  9.0758203333e-01 -7.0156363908e-01 -1.2044871277e-01  2.4083195877e+00 -2.5227544275e+00 -4.2039001793e-01  4.6460913949e+00 -1.7875222285e+00 -1.8634434789e+00  4.5990908566e+00  2.4424112109e+00  1.2656507460e+00  6.6343908256e+00  1.8998862846e+00 -8.0101007502e-02  2.6147909162e+00  9.8092897302e-01  1.1077096235e+00  6.6546879749e+00 -8.8036700171e-02 -1.5518668174e+00  4.4336108207e-01 -1.1139448270e+00  7.8081557861e-01  3.0016189079e-01 -1.0305356586e+00 -9.6901572402e-01  8.8972064632e-01  3.8809663040e-01 -8.0357704815e-02  5.4920034308e+00 -1.8204537654e+00 -2.3385779024e+00
ENERGY -4.601901487570e+02

JOB 16
COORDS  4.5948675806e+00  1.5676780389e+00  6.3022643376e-01  5.7488978779e+00  1.2632549764e+00 -9.8932077576e-02  3.4772972567e+00  7.4401501996e-01  5.0371055369e-01  5.7762559150e+00  1.4680109593e-01 -9.3410268378e-01  3.4806972075e+00 -3.9949784802e-01 -3.1413323242e-01  4.6574391507e+00 -6.9281626278e-01 -1.0435035053e+00  2.2828238046e+00 -1.2985575758e+00 -3.4845576005e-01  9.0853591022e-01 -6.8586005608e-01 -9.2223042877e-02  2.3813131017e+00 -2.5029247540e+00 -5.3575014848e-01  4.6704171374e+00 -1.7729535435e+00 -1.8741859517e+00  4.5670928935e+00  2.4342974276e+00  1.2839188519e+00  6.6291768461e+00  1.8961928800e+00 -2.3251866779e-02  2.5835980208e+00  9.7865122991e-01  1.0739573242e+00  6.6733961662e+00 -8.1235571430e-02 -1.5081195817e+00  5.9234299277e-01 -9.2707741411e-01  9.2896487614e-01  1.9903143507e-01 -1.1734262732e+00 -7.6524522286e-01  8.6365745526e-01  3.9460287915e-01 -2.3848420165e-01  5.5262739890e+00 -1.8018978497e+00 -2.3316210820e+00
ENERGY -4.601906910636e+02

JOB 17
COORDS  4.5900624387e+00  1.5362578268e+00  6.1803509650e-01  5.7562770157e+00  1.2240707589e+00 -8.8411721703e-02  3.4688225231e+00  7.2300512076e-01  4.6543705212e-01  5.7896534072e+00  1.1136652446e-01 -9.2744998217e-01  3.4753044407e+00 -4.1681939995e-01 -3.5914695510e-01  4.6649193117e+00 -7.1678616707e-01 -1.0665368891e+00  2.2628202528e+00 -1.2928875269e+00 -4.3484400862e-01  9.1230096989e-01 -6.7958591255e-01 -7.6708438510e-02  2.3314127320e+00 -2.4774765647e+00 -7.3188596028e-01  4.6912230102e+00 -1.7924659515e+00 -1.9015223219e+00  4.5565475297e+00  2.4006853134e+00  1.2743607341e+00  6.6410639702e+00  1.8477530894e+00  8.7331534407e-03  2.5662132457e+00  9.6623009459e-01  1.0169176181e+00  6.6967266508e+00 -1.2383015048e-01 -1.4827095095e+00  7.4321212314e-01 -7.7289757680e-01  1.0027129594e+00  1.3663661332e-01 -1.2611093496e+00 -5.7843773378e-01  8.2354464131e-01  3.7343279514e-01 -3.5354296654e-01  5.5569511070e+00 -1.8213191964e+00 -2.3404305579e+00
ENERGY -4.601913587468e+02

JOB 18
COORDS  4.5591779162e+00  1.5331330295e+00  6.0582942752e-01  5.7406873031e+00  1.2114845787e+00 -7.0449079292e-02  3.4377043887e+00  7.2635904224e-01  4.2842855142e-01  5.7857377961e+00  9.7105211579e-02 -9.0554146461e-01  3.4513296192e+00 -4.1402296933e-01 -3.9744444761e-01  4.6579272797e+00 -7.2213411938e-01 -1.0753703092e+00  2.2268870586e+00 -1.2676834653e+00 -5.2005255513e-01  9.0230239203e-01 -6.9017585933e-01 -3.0344669659e-02  2.2616196105e+00 -2.4033242101e+00 -9.7451712374e-01  4.7070208445e+00 -1.7996868621e+00 -1.9054836288e+00  4.5147441728e+00  2.3996210158e+00  1.2587687083e+00  6.6278025817e+00  1.8281138788e+00  4.8283008577e-02  2.5251114203e+00  9.8087765591e-01  9.5657567845e-01  6.7052868073e+00 -1.4769202281e-01 -1.4356375330e+00  8.7353013085e-01 -6.7692655301e-01  1.0653931830e+00  1.0028681298e-01 -1.3393575920e+00 -3.8415059761e-01  7.3443567130e-01  3.3128330057e-01 -3.8393309624e-01  5.5882637486e+00 -1.8331200899e+00 -2.3127097389e+00
ENERGY -4.601917666993e+02

JOB 19
COORDS  4.5600936725e+00  1.5654156794e+00  5.6829279588e-01  5.7645733445e+00  1.2103172197e+00 -4.8269688231e-02  3.4339281247e+00  7.7444691769e-01  3.5682144102e-01  5.8250209234e+00  8.0136314932e-02 -8.5984555386e-01  3.4568284601e+00 -3.7536362596e-01 -4.5751976658e-01  4.6886621038e+00 -7.1764628883e-01 -1.0735306576e+00  2.2136953689e+00 -1.1881095553e+00 -6.4888771907e-01  9.4420946895e-01 -7.3337419728e-01  6.5598409163e-02  2.1839309074e+00 -2.1911146392e+00 -1.3501100115e+00  4.7651084813e+00 -1.8184640256e+00 -1.8691826248e+00  4.5024004992e+00  2.4446573823e+00  1.2028856822e+00  6.6577456161e+00  1.8113260910e+00  1.0127522314e-01  2.5051814255e+00  1.0578260954e+00  8.3903963700e-01  6.7639031366e+00 -1.9484668251e-01 -1.3388615286e+00  1.0801004063e+00 -7.1468870767e-01  1.1521633639e+00  1.4838169666e-01 -1.4362638087e+00 -1.8281208071e-01  6.4531297276e-01  2.7214745164e-01 -2.4918378394e-01  5.6756412758e+00 -1.8931089904e+00 -2.1999050348e+00
ENERGY -4.601918175055e+02

JOB 20
COORDS  4.5385386992e+00  1.5805834703e+00  5.4080744579e-01  5.7560814829e+00  1.1768955374e+00 -1.7218129286e-02  3.3995511010e+00  8.1440550856e-01  3.0457275527e-01  5.8180203871e+00  2.4800008134e-02 -7.9831187175e-01  3.4232280492e+00 -3.4768012456e-01 -4.9015878387e-01  4.6671361758e+00 -7.4095698169e-01 -1.0453552532e+00  2.1596468193e+00 -1.1108026431e+00 -7.4380995107e-01  9.5848875334e-01 -8.1961616935e-01  1.5043552676e-01  2.0588339423e+00 -1.9311964853e+00 -1.6461506404e+00  4.7404922472e+00 -1.8737423741e+00 -1.7964326600e+00  4.4806486789e+00  2.4770652831e+00  1.1507871781e+00  6.6595538991e+00  1.7555863982e+00  1.5643916572e-01  2.4585440245e+00  1.1337804028e+00  7.3942366066e-01  6.7685462448e+00 -2.9072338098e-01 -1.2266140086e+00  1.2253947682e+00 -7.8340314681e-01  1.2106803627e+00  2.1243818504e-01 -1.5969704617e+00 -1.8910666694e-02  5.1438049729e-01  1.4739607312e-01 -1.1332120516e-01  5.6666624582e+00 -2.0106850278e+00 -2.0552231454e+00
ENERGY -4.601917609098e+02

JOB 21
COORDS  4.5618064073e+00  1.6008606388e+00  5.2854948978e-01  5.7798497275e+00  1.1695388858e+00 -7.0324062594e-03  3.4115283978e+00  8.5444956297e-01  2.8007388868e-01  5.8331962590e+00  1.1215525532e-02 -7.8081540397e-01  3.4284323644e+00 -3.0837403121e-01 -5.1142017152e-01  4.6706486365e+00 -7.2960121464e-01 -1.0449412295e+00  2.1513637408e+00 -1.0349930574e+00 -8.0316181051e-01  9.8823610262e-01 -8.5851487195e-01  1.6812416184e-01  2.0061469014e+00 -1.7204104670e+00 -1.8057913070e+00  4.7256348030e+00 -1.8724373274e+00 -1.7839463832e+00  4.5119073066e+00  2.5027043738e+00  1.1312999418e+00  6.6915715630e+00  1.7310305068e+00  1.7936861687e-01  2.4674257106e+00  1.1934096359e+00  6.9462591521e-01  6.7848684153e+00 -3.2662947729e-01 -1.1889632909e+00  1.3048368567e+00 -7.0973478465e-01  1.2031308429e+00  3.4258730428e-01 -1.7348653580e+00  9.2114026258e-02  3.9885925889e-01  1.6841196676e-02 -1.3108180186e-01  5.6512586866e+00 -2.0400968580e+00 -2.0248153373e+00
ENERGY -4.601913212050e+02

JOB 22
COORDS  4.5792619292e+00  1.6082416113e+00  5.3822437394e-01  5.7950536012e+00  1.1558199095e+00  1.5392952043e-02  3.4182520047e+00  8.8189194816e-01  2.7812146567e-01  5.8382743751e+00 -2.3855932895e-03 -7.5995175223e-01  3.4262173150e+00 -2.7845108048e-01 -5.1586382001e-01  4.6652162552e+00 -7.2012340175e-01 -1.0384661626e+00  2.1400129225e+00 -9.7616223024e-01 -8.3699826638e-01  9.9287631644e-01 -8.8722481173e-01  1.6602477031e-01  1.9745477505e+00 -1.5772719008e+00 -1.8890511613e+00  4.7032655778e+00 -1.8641128328e+00 -1.7777294503e+00  4.5386515250e+00  2.5107949932e+00  1.1405952365e+00  6.7141920756e+00  1.7010601383e+00  2.1312801453e-01  2.4743481834e+00  1.2377568028e+00  6.7963639563e-01  6.7885945368e+00 -3.5657508077e-01 -1.1572371655e+00  1.2934146405e+00 -5.6774747196e-01  1.1651872773e+00  5.1491547645e-01 -1.8680400369e+00  2.1935688698e-01  2.4477934634e-01 -1.8229678256e-01 -2.1443884534e-01  5.6266787774e+00 -2.0508532539e+00 -2.0123375569e+00
ENERGY -4.601905939484e+02

JOB 23
COORDS  4.7111204667e+00  1.3858679861e+00  7.8725404792e-01  5.8402721991e+00  1.1544266751e+00 -4.4768529599e-03  3.5802421193e+00  5.9071474876e-01  6.0389881239e-01  5.8316361588e+00  1.3574461707e-01 -9.5732329948e-01  3.5490082515e+00 -4.5584556445e-01 -3.3331969856e-01  4.7012094050e+00 -6.7792180435e-01 -1.1233683731e+00  2.3456456065e+00 -1.3449682345e+00 -4.3067961225e-01  9.6392729920e-01 -7.3442602222e-01 -2.1494871604e-01  2.4455766669e+00 -2.5392879463e+00 -6.7175347756e-01  4.6746763458e+00 -1.6614528024e+00 -2.0672488127e+00  4.7117746247e+00  2.1749596733e+00  1.5331957024e+00  6.7291780267e+00  1.7684402347e+00  1.1396894947e-01  2.7068231873e+00  7.6682709664e-01  1.2247037506e+00  6.7092389304e+00 -3.4678982349e-02 -1.5794836253e+00  9.6730001651e-01  3.3582823234e-01 -5.3766141686e-03  4.5914707418e-01 -1.2662072670e+00  5.9725725660e-01  3.8296489432e-01 -9.1128293672e-01 -1.1253635771e+00  5.5163489276e+00 -1.6511092013e+00 -2.5507652748e+00
ENERGY -4.601900745818e+02

