JOB 0
COORDS  1.9318795664e+00 -1.1642792566e+00 -2.4317363234e-01  1.0467280243e+00 -1.6245771040e-01  1.7470250095e+00  1.0054701893e+00 -3.0067675067e-01  3.5381286783e-01  2.8765279036e+00 -1.8742925776e+00  5.0608824102e-01  1.9780909579e+00 -8.5204930492e-01  2.5310313156e+00  2.9009759012e+00 -1.7177471211e+00  1.9075126278e+00  3.4037326624e+00 -3.8925068408e+00  3.0490523051e+00 -1.2553418765e+00  1.0236238417e+00  4.3549839267e-02 -1.3685571421e-01  1.9407660933e+00 -3.8059616881e-01  3.0118617132e-02  4.3137667519e-01 -5.0437945774e-01  3.8566652735e+00 -2.7789698125e+00 -2.0934803243e-01  1.9726968613e+00 -6.4129033722e-01  4.0299358410e+00  3.9135763987e+00 -2.4978416428e+00  2.7380362861e+00  3.6526875152e+00 -4.8997219187e+00  2.4152312652e+00  2.5863861534e+00 -3.9129585686e+00  4.1391630295e+00  1.9187250026e+00 -1.2878502251e+00 -1.3243486461e+00  3.4319969095e-01  4.9877732258e-01  2.2468457434e+00 -1.4587262764e+00  9.1315507901e-01  1.1040072017e+00 -2.1372052569e+00  9.6316424730e-01 -5.8755525245e-01 -2.5321607073e-01  2.5200964228e+00 -1.2921512715e+00  4.4314926665e-01  2.4281265656e+00  3.9777095123e-01 -4.9371996728e-02  3.2743970939e-02 -1.5123150007e+00  4.8873075961e+00 -2.4220304435e+00 -8.9350438414e-02  3.8251622008e+00 -3.8025825530e+00  1.7283779325e-01  3.6437393494e+00 -2.8054798345e+00 -1.2810130961e+00  1.8382417026e+00 -1.5810839939e+00  4.5721884017e+00  2.9136199324e+00 -1.9604471574e-01  4.3760521644e+00  1.1664936729e+00  3.7128467212e-02  4.3206599322e+00  4.1230051977e+00 -1.9835697465e+00  3.6772312692e+00  4.8516316799e+00 -2.6180293172e+00  2.1950934754e+00  2.2755989033e+00 -4.8349784333e+00  4.2273555634e+00
ENERGY -6.555919805549e+02

JOB 1
COORDS  1.8941876511e+00 -1.1600680766e+00 -2.1728845544e-01  9.6741578788e-01 -2.4512854190e-01  1.7958049531e+00  9.3175539871e-01 -3.5104555000e-01  4.0143642531e-01  2.8699577015e+00 -1.8448698767e+00  5.1309282676e-01  1.9314651997e+00 -9.1118564981e-01  2.5634480408e+00  2.8901863070e+00 -1.7184948588e+00  1.9188471901e+00  3.4928074512e+00 -3.8951550336e+00  3.0075571884e+00 -1.1855139329e+00  1.2135225375e+00  1.1005347768e-01 -2.1052825994e-02  1.8827208329e+00 -5.7868015870e-01 -6.4989862697e-02  3.6413897485e-01 -4.5034276867e-01  3.8880990189e+00 -2.6887949157e+00 -2.2321120564e-01  1.9165312832e+00 -7.3863453332e-01  4.0672280074e+00  3.9384988287e+00 -2.4717918824e+00  2.7295790271e+00  3.7819200760e+00 -4.8740148634e+00  2.3469223151e+00  2.6846219341e+00 -3.9793756671e+00  4.1013090223e+00  1.8843356725e+00 -1.2562149929e+00 -1.3013756484e+00  2.2918372911e-01  3.6311590368e-01  2.3110273604e+00 -1.2722831531e+00  1.3224338494e+00  1.1860976671e+00 -2.1388232067e+00  1.1801226541e+00 -4.0921506076e-01 -1.7316044376e-01  2.3208585717e+00 -1.5611202733e+00  7.0292341874e-01  2.3988826567e+00  4.5050039047e-02 -3.1294772696e-01 -1.6590713285e-01 -1.3667340196e+00  4.9021843593e+00 -2.2895536418e+00 -9.5563657328e-02  3.9024106610e+00 -3.7212102753e+00  1.3559564972e-01  3.6748363408e+00 -2.7000680597e+00 -1.2950658446e+00  1.8253023807e+00 -1.6967153883e+00  4.5859458480e+00  2.8360542193e+00 -2.5945471796e-01  4.4254456535e+00  1.0801522068e+00 -1.0525114213e-01  4.3738032218e+00  4.1262736758e+00 -1.9709613404e+00  3.6805218523e+00  4.8798563449e+00 -2.5365674811e+00  2.1829004219e+00  2.4155562799e+00 -4.9162189144e+00  4.1678984636e+00
ENERGY -6.555912417501e+02

JOB 2
COORDS  1.8839974842e+00 -1.1161264785e+00 -1.8910503470e-01  8.9747897998e-01 -2.7183983281e-01  1.8271014335e+00  8.8180913054e-01 -3.5854109270e-01  4.3248861299e-01  2.8790415107e+00 -1.7706156121e+00  5.4166573184e-01  1.8805235588e+00 -9.0944330287e-01  2.5969983117e+00  2.8783559795e+00 -1.6646324046e+00  1.9504466751e+00  3.5633170710e+00 -3.8311468959e+00  3.0104025250e+00 -1.0865824616e+00  1.3792593011e+00  1.0591079947e-01  4.1021117636e-02  1.7825318282e+00 -8.1648201350e-01 -1.4183747888e-01  3.2324298162e-01 -4.1901960981e-01  3.9412285910e+00 -2.5583529822e+00 -1.9472768438e-01  1.8407356211e+00 -7.6227892820e-01  4.1030705930e+00  3.9495374263e+00 -2.3852299358e+00  2.7611393159e+00  3.9057379429e+00 -4.7852104102e+00  2.3390816462e+00  2.7435260866e+00 -3.9684454388e+00  4.0899649488e+00  1.8899893387e+00 -1.1919597671e+00 -1.2748682420e+00  1.2277752267e-01  2.9218188834e-01  2.3388073446e+00 -1.0112315346e+00  1.6750848087e+00  1.1471651950e+00 -2.0998756098e+00  1.3857183376e+00 -2.8492338034e-01 -1.9476586887e-01  2.0693975146e+00 -1.8374350070e+00  8.8476743535e-01  2.3065000396e+00 -3.7710585848e-01 -5.4780158267e-01 -3.0920961516e-01 -1.2056920581e+00  4.9358486493e+00 -2.1188084000e+00 -4.7925436437e-02  3.9952660408e+00 -3.5949914137e+00  1.4778043610e-01  3.7413784016e+00 -2.5611250077e+00 -1.2692105375e+00  1.7826764909e+00 -1.7316804468e+00  4.6053366627e+00  2.7352908152e+00 -2.5176466971e-01  4.4807086276e+00  9.7531280568e-01 -1.6884759138e-01  4.4088985660e+00  4.1041770040e+00 -1.8930764701e+00  3.7225097493e+00  4.8990563615e+00 -2.3996934592e+00  2.2250644642e+00  2.5155444984e+00 -4.9172221152e+00  4.1382796711e+00
ENERGY -6.555908958475e+02

JOB 3
COORDS  1.8595252412e+00 -1.0752218543e+00 -1.6926745775e-01  8.5175031819e-01 -3.0962115875e-01  1.8690207672e+00  8.4060502917e-01 -3.5943331168e-01  4.7310211105e-01  2.8668775652e+00 -1.7296522762e+00  5.4488289637e-01  1.8464079624e+00 -9.4890563743e-01  2.6227542438e+00  2.8602888210e+00 -1.6643973959e+00  1.9563076806e+00  3.5901093607e+00 -3.8447427919e+00  2.9548560494e+00 -9.6829391026e-01  1.5291455094e+00  1.3906256105e-01  4.8828978909e-02  1.6731469928e+00 -9.7284056733e-01 -2.1621001108e-01  3.1291387905e-01 -3.4790747563e-01  3.9484162568e+00 -2.4718197831e+00 -2.1046567432e-01  1.8029196486e+00 -8.4390512792e-01  4.1321600753e+00  3.9457775115e+00 -2.3843472913e+00  2.7484399284e+00  3.9534219908e+00 -4.7712496085e+00  2.2565099490e+00  2.7721070240e+00 -4.0305399748e+00  4.0284289783e+00  1.8689745666e+00 -1.1162546132e+00 -1.2567600007e+00  6.3521688955e-02  2.2832006724e-01  2.3890592897e+00 -7.0480990320e-01  1.9419925967e+00  1.1078552448e+00 -2.0221222013e+00  1.6101830591e+00 -1.1077864809e-01 -3.0467275574e-01  1.8523074750e+00 -1.9843056867e+00  9.9190398572e-01  2.1525671279e+00 -7.2703244018e-01 -7.8785777504e-01 -3.6734469173e-01 -9.7677856388e-01  4.9325533093e+00 -2.0142797356e+00 -4.8651538821e-02  4.0251878847e+00 -3.5163070682e+00  1.0263206194e-01  3.7507712581e+00 -2.4486577054e+00 -1.2851004799e+00  1.7658625311e+00 -1.8277210544e+00  4.6076860702e+00  2.6857886135e+00 -3.2431793778e-01  4.5246825876e+00  9.2437183219e-01 -2.7825781085e-01  4.4527888585e+00  4.0879228620e+00 -1.9167173082e+00  3.7238462152e+00  4.8962334430e+00 -2.3630385776e+00  2.2143019009e+00  2.5642666048e+00 -4.9849360534e+00  4.0489427646e+00
ENERGY -6.555909035528e+02

JOB 4
COORDS  1.8593041266e+00 -1.0380719579e+00 -1.3447743599e-01  8.1115717235e-01 -3.2991084870e-01  1.9048757830e+00  8.1796691630e-01 -3.5793892254e-01  5.0799359111e-01  2.8719259008e+00 -1.6834353783e+00  5.8230384376e-01  1.8080384071e+00 -9.6164224743e-01  2.6607132398e+00  2.8448490914e+00 -1.6448286073e+00  1.9939546008e+00  3.6082930126e+00 -3.8264297239e+00  2.9630545517e+00 -8.3226511993e-01  1.6415304860e+00  8.8458248324e-02  3.9803270378e-02  1.5166621477e+00 -1.1444577179e+00 -2.6365297036e-01  2.9549358277e-01 -2.9788921671e-01  3.9796853126e+00 -2.3874202293e+00 -1.7162274200e-01  1.7459930238e+00 -8.8156373757e-01  4.1709638996e+00  3.9355453154e+00 -2.3554231663e+00  2.7875252518e+00  4.0026137426e+00 -4.7330479431e+00  2.2555382933e+00  2.7770180738e+00 -4.0478186784e+00  4.0194900602e+00  1.8829255145e+00 -1.0579098845e+00 -1.2221562755e+00  8.3875991826e-03  1.9322800841e-01  2.4189498003e+00 -4.0277501824e-01  2.1424829827e+00  9.5102681177e-01 -1.8970634966e+00  1.8078933646e+00 -4.6423859167e-02 -4.2782190836e-01  1.5956857614e+00 -2.1217365110e+00  1.0459174303e+00  1.9219378732e+00 -1.0868116878e+00 -9.7330426105e-01 -4.0194163011e-01 -7.4059337615e-01  4.9512707091e+00 -1.9114847525e+00  1.1651975467e-02  4.0755612503e+00 -3.4356250385e+00  1.2325235140e-01  3.7956030195e+00 -2.3488249453e+00 -1.2482188616e+00  1.7226645528e+00 -1.8735395112e+00  4.6302023929e+00  2.6141616788e+00 -3.5157146067e-01  4.5819256091e+00  8.5300458932e-01 -3.3824082143e-01  4.4902308536e+00  4.0549108290e+00 -1.9026677211e+00  3.7729347369e+00  4.8921492302e+00 -2.3043477953e+00  2.2666199353e+00  2.5894432521e+00 -5.0066258895e+00  4.0207214199e+00
ENERGY -6.555910204215e+02

JOB 5
COORDS  1.8579999713e+00 -1.0041857871e+00 -8.6034442512e-02  7.7568474398e-01 -3.5378554219e-01  1.9553948998e+00  7.9906436932e-01 -3.5569621092e-01  5.5734019368e-01  2.8747144942e+00 -1.6451302500e+00  6.3132195792e-01  1.7730446542e+00 -9.8335142066e-01  2.7101999927e+00  2.8299581471e+00 -1.6359664622e+00  2.0419257459e+00  3.6186665536e+00 -3.8228740733e+00  2.9772584857e+00 -6.8337168832e-01  1.7338096452e+00  1.0395337218e-02  1.1823525865e-02  1.3392282848e+00 -1.2775717435e+00 -2.9965423420e-01  2.9006231846e-01 -2.3210998557e-01  4.0030253564e+00 -2.3149049479e+00 -1.2328073731e-01  1.6943499965e+00 -9.3245228686e-01  4.2208788526e+00  3.9232000897e+00 -2.3434811053e+00  2.8347869450e+00  4.0392503090e+00 -4.7087733203e+00  2.2587437432e+00  2.7752272763e+00 -4.0785864083e+00  4.0161687491e+00  1.8922498492e+00 -1.0056534077e+00 -1.1733496945e+00 -3.8221643936e-02  1.5462623885e-01  2.4676884150e+00 -1.0196567672e-01  2.2890527958e+00  7.4080216659e-01 -1.7351755565e+00  2.0017597495e+00 -3.1371334896e-02 -5.6549821945e-01  1.3387393125e+00 -2.1976489482e+00  1.0507927980e+00  1.6340808966e+00 -1.3938941359e+00 -1.1266899897e+00 -3.7589244185e-01 -4.7468705827e-01  4.9640840560e+00 -1.8260590637e+00  8.0485941073e-02  4.1138173942e+00 -3.3669871657e+00  1.5189290426e-01  3.8305003420e+00 -2.2582287450e+00 -1.2009972714e+00  1.6823040423e+00 -1.9332504469e+00  4.6610609036e+00  2.5496083866e+00 -3.9662541778e-01  4.6508927831e+00  7.8940145012e-01 -4.0957731737e-01  4.5405503108e+00  4.0229983805e+00 -1.9085122106e+00  3.8303264677e+00  4.8849692172e+00 -2.2660838052e+00  2.3268402969e+00  2.6041294690e+00 -5.0402668175e+00  3.9962095739e+00
ENERGY -6.555910804434e+02

JOB 6
COORDS  1.8553706402e+00 -9.7638706237e-01 -3.5453880089e-02  7.4195629845e-01 -3.8756346456e-01  2.0081946397e+00  7.8127184042e-01 -3.5726273961e-01  6.0939130575e-01  2.8757885998e+00 -1.6159352419e+00  6.8024682164e-01  1.7390881416e+00 -1.0179283619e+00  2.7602222471e+00  2.8151474908e+00 -1.6377401545e+00  2.0888861053e+00  3.6299459025e+00 -3.8313392105e+00  2.9865691472e+00 -5.2268833572e-01  1.7997984467e+00 -9.5817477173e-02 -4.0463228886e-02  1.1491991334e+00 -1.3765279508e+00 -3.2532744717e-01  2.9749817858e-01 -1.6089852049e-01  4.0212367937e+00 -2.2536690881e+00 -7.6427770736e-02  1.6435451804e+00 -1.0020055240e+00  4.2707166091e+00  3.9109604220e+00 -2.3443587892e+00  2.8788306319e+00  4.0759854286e+00 -4.6950503363e+00  2.2564967423e+00  2.7763229707e+00 -4.1228606337e+00  4.0076110940e+00  1.8982935416e+00 -9.6387702767e-01 -1.1219500568e+00 -8.3902713480e-02  1.0007885096e-01  2.5221837691e+00  2.0108588441e-01  2.3712842004e+00  4.7804547063e-01 -1.5381556207e+00  2.1839966658e+00 -6.0641826378e-02 -7.2564651590e-01  1.0931227427e+00 -2.2173928272e+00  9.9896883276e-01  1.3034522267e+00 -1.6509706557e+00 -1.2454167671e+00 -2.8370432338e-01 -2.0105848773e-01  4.9728479468e+00 -1.7550399994e+00  1.4706032516e-01  4.1451306301e+00 -3.3094727902e+00  1.7812114064e-01  3.8588048632e+00 -2.1773806047e+00 -1.1545190536e+00  1.6434945654e+00 -2.0124939155e+00  4.6883346060e+00  2.4853373241e+00 -4.6216173135e-01  4.7217426818e+00  7.2681158184e-01 -5.0110351117e-01  4.5919609742e+00  3.9925672335e+00 -1.9292029777e+00  3.8844702733e+00  4.8768571367e+00 -2.2402979850e+00  2.3836227269e+00  2.6223511138e+00 -5.0867134414e+00  3.9654181416e+00
ENERGY -6.555910285736e+02

JOB 7
COORDS  1.8515612520e+00 -9.0943708550e-01  1.8647114740e-03  7.0948659708e-01 -3.8702969408e-01  2.0457224769e+00  7.6321502049e-01 -3.1748711872e-01  6.4745476215e-01  2.8720451559e+00 -1.5534158141e+00  7.1507375577e-01  1.7036742878e+00 -1.0237194799e+00  2.7944844721e+00  2.7969368750e+00 -1.6114546331e+00  2.1210917655e+00  3.6293173886e+00 -3.8172296063e+00  2.9734468336e+00 -3.5348389965e-01  1.8796713107e+00 -2.3276077825e-01 -1.2828276198e-01  1.0074976316e+00 -1.4492359556e+00 -3.4161168229e-01  3.6526616627e-01 -9.8781296876e-02  4.0319170824e+00 -2.1607971660e+00 -4.4606339475e-02  1.5885058156e+00 -1.0490140711e+00  4.3034908414e+00  3.8919716197e+00 -2.3245475040e+00  2.9061025691e+00  4.0989617768e+00 -4.6572120189e+00  2.2305547263e+00  2.7631105528e+00 -4.1445677231e+00  3.9728395720e+00  1.9066601931e+00 -8.8230133586e-01 -1.0831873523e+00 -1.2855715093e-01  7.6026719472e-02  2.5630932869e+00  5.0327247308e-01  2.4168805619e+00  1.6337449555e-01 -1.3039092589e+00  2.3958867142e+00 -1.3091225095e-01 -9.2449202220e-01  9.2929507439e-01 -2.1837408561e+00  8.7205792291e-01  9.9350696592e-01 -1.8706671524e+00 -1.3223969374e+00 -8.0474182103e-02  5.7383459187e-02  4.9753638424e+00 -1.6564789841e+00  1.9978847303e-01  4.1658216911e+00 -3.2206767640e+00  1.8678375051e-01  3.8793889240e+00 -2.0615738718e+00 -1.1223009919e+00  1.5976952183e+00 -2.0700798919e+00  4.6944122079e+00  2.4168042941e+00 -5.0957003886e-01  4.7793045386e+00  6.6078342640e-01 -5.6946162586e-01  4.6257438791e+00  3.9562221349e+00 -1.9340231710e+00  3.9228634100e+00  4.8623927682e+00 -2.1958182383e+00  2.4257142039e+00  2.6230295019e+00 -5.1090476379e+00  3.9047872549e+00
ENERGY -6.555909013381e+02

JOB 8
COORDS  1.8640600533e+00 -8.6241912426e-01  6.8111665025e-02  6.6600048491e-01 -3.7822630864e-01  2.0878702154e+00  7.5431065124e-01 -2.8593647268e-01  6.9216542294e-01  2.8680602337e+00 -1.5125730326e+00  7.9856362677e-01  1.6428087778e+00 -1.0224189394e+00  2.8525388381e+00  2.7570738400e+00 -1.5945331235e+00  2.2010820089e+00  3.5765722269e+00 -3.8127916529e+00  3.0357185351e+00 -1.3981227128e-01  1.8978641245e+00 -4.4009796646e-01 -2.0426873817e-01  8.3018450057e-01 -1.5080649274e+00 -3.2279182965e-01  4.3547007854e-01 -5.4134424533e-02  4.0499359574e+00 -2.1034856383e+00  6.0002661618e-02  1.4852628358e+00 -1.0735607766e+00  4.3569713898e+00  3.8328705072e+00 -2.3177994326e+00  3.0030356176e+00  4.0825295589e+00 -4.6384118814e+00  2.3005457533e+00  2.6708809999e+00 -4.1607562958e+00  3.9922395188e+00  1.9532418584e+00 -8.2317841116e-01 -1.0138276936e+00 -1.8785559103e-01  7.0927472900e-02  2.5917240176e+00  8.3049404400e-01  2.3389711865e+00 -2.3164712767e-01 -9.8410388801e-01  2.5708504998e+00 -3.1957134459e-01 -1.0997827819e+00  7.6624656002e-01 -2.1191955791e+00  7.1257235236e-01  5.9722890216e-01 -2.0395315450e+00 -1.3283604307e+00  1.7869107338e-01  2.7231620838e-01  4.9849024165e+00 -1.6017392510e+00  3.3951310561e-01  4.1806410346e+00 -3.1671212598e+00  2.7557360391e-01  3.9270832143e+00 -1.9850951535e+00 -1.0195663811e+00  1.4835120797e+00 -2.1013645231e+00  4.7299797015e+00  2.2999511030e+00 -5.4290711520e-01  4.8649639600e+00  5.4891789351e-01 -5.9917682243e-01  4.6614929373e+00  3.8662463973e+00 -1.9465224941e+00  4.0285358286e+00  4.8161288294e+00 -2.1757025658e+00  2.5535220827e+00  2.5396845773e+00 -5.1247483176e+00  3.9031704320e+00
ENERGY -6.555908959555e+02

JOB 9
COORDS  1.8886125391e+00 -7.8708933706e-01  1.2476451933e-01  6.5798580964e-01 -3.8571911933e-01  2.1427540678e+00  7.6060879693e-01 -2.4698597710e-01  7.5235523469e-01  2.8869538343e+00 -1.4531395265e+00  8.4590259988e-01  1.6300828910e+00 -1.0481632210e+00  2.8992175047e+00  2.7567491057e+00 -1.5874629730e+00  2.2437190897e+00  3.5862817819e+00 -3.8278589029e+00  3.0064700668e+00  3.0059908504e-02  1.8496594311e+00 -6.3419819813e-01 -3.3170936244e-01  6.5627600162e-01 -1.4841422558e+00 -2.9729773774e-01  5.1345257052e-01  2.2763900265e-02  4.0869136247e+00 -2.0038485707e+00  1.0536496661e-01  1.4513915473e+00 -1.1530124610e+00  4.3985830917e+00  3.8277833431e+00 -2.3303312202e+00  3.0335467550e+00  4.1152591289e+00 -4.6214847754e+00  2.2524464608e+00  2.6651843163e+00 -4.2189492176e+00  3.9310621090e+00  2.0024664054e+00 -7.0126962405e-01 -9.5234912868e-01 -2.0631665902e-01  3.6942051008e-02  2.6515700976e+00  1.0721601821e+00  2.1548647770e+00 -6.1217081514e-01 -6.8631206507e-01  2.6605075075e+00 -5.3602221121e-01 -1.3078640985e+00  6.4244363250e-01 -1.9600366245e+00  4.5275353031e-01  1.9075441306e-01 -2.0716174622e+00 -1.2755547304e+00  4.5969045026e-01  4.9432904825e-01  5.0117810430e+00 -1.5037345295e+00  4.1915281397e-01  4.2253056644e+00 -3.0734912398e+00  2.8330474103e-01  3.9806518159e+00 -1.8465109091e+00 -9.7100768723e-01  1.4516440203e+00 -2.1933526148e+00  4.7351196032e+00  2.2549524117e+00 -6.3515135510e-01  4.9365891213e+00  5.0744418712e-01 -6.9601813490e-01  4.7062357106e+00  3.8422986828e+00 -1.9977002202e+00  4.0726882056e+00  4.8161801363e+00 -2.1620713016e+00  2.6048062239e+00  2.5453303478e+00 -5.1801913410e+00  3.8043631195e+00
ENERGY -6.555913116976e+02

JOB 10
COORDS  1.9136651333e+00 -6.6776965646e-01  1.6534964756e-01  6.6228709600e-01 -3.5074194694e-01  2.1858552112e+00  7.7818210974e-01 -1.5337971123e-01  8.0475070035e-01  2.9014679598e+00 -1.3681485163e+00  8.6506479845e-01  1.6268770842e+00 -1.0493363084e+00  2.9213165832e+00  2.7574370678e+00 -1.5641793657e+00  2.2554525413e+00  3.5768369995e+00 -3.8372534317e+00  2.9283310038e+00  1.1766985438e-01  1.7850400405e+00 -8.2931298337e-01 -4.7536016146e-01  5.2821601893e-01 -1.4127629201e+00 -2.6744322865e-01  6.3082730575e-01  8.7411196715e-02  4.1090675759e+00 -1.8867383884e+00  1.1397372850e-01  1.4329000549e+00 -1.2176817129e+00  4.4129349465e+00  3.8196044881e+00 -2.3426976240e+00  3.0226760627e+00  4.1120350663e+00 -4.5980636477e+00  2.1453617732e+00  2.6469543001e+00 -4.2668748648e+00  3.8266742213e+00  2.0438733838e+00 -5.2662651676e-01 -9.0485578509e-01 -2.0584964725e-01  5.0165585418e-02  2.7054700010e+00  1.1809846016e+00  1.9577845614e+00 -9.6784473496e-01 -4.9028867215e-01  2.6848527084e+00 -8.0101693631e-01 -1.4982024070e+00  5.6311775863e-01 -1.7763962592e+00  1.7395315450e-01 -1.3699218336e-01 -1.9733282443e+00 -1.1784108067e+00  7.7377376480e-01  6.6272102576e-01  5.0305894987e+00 -1.4011183208e+00  4.5876137403e-01  4.2453423737e+00 -2.9631423356e+00  2.4710204604e-01  4.0140479476e+00 -1.6831264793e+00 -9.5569111707e-01  1.4290599990e+00 -2.2713817453e+00  4.7048946463e+00  2.2312800523e+00 -7.2388398919e-01  4.9804826459e+00  4.8614022099e-01 -7.7332979727e-01  4.7303475800e+00  3.8239679383e+00 -2.0555542370e+00  4.0753778038e+00  4.8125729937e+00 -2.1574947036e+00  2.6118407867e+00  2.5271322648e+00 -5.2215214447e+00  3.6572727971e+00
ENERGY -6.555920711787e+02

JOB 11
COORDS  1.9758352170e+00 -5.6824127450e-01  2.0918324190e-01  6.8527359843e-01 -3.1268583686e-01  2.2142251540e+00  8.3435015695e-01 -6.1897438323e-02  8.4553129300e-01  2.9410454782e+00 -1.3049116166e+00  9.0196752920e-01  1.6291330099e+00 -1.0467451696e+00  2.9429156968e+00  2.7679249031e+00 -1.5485199054e+00  2.2819383864e+00  3.5566795182e+00 -3.8512798842e+00  2.8889937882e+00  1.6246267584e-01  1.6776345690e+00 -1.0032892729e+00 -5.8007371101e-01  4.0482130655e-01 -1.3167870045e+00 -2.0555476579e-01  7.2320758798e-01  1.2273892517e-01  4.1581419371e+00 -1.8096001135e+00  1.5689012500e-01  1.4024458073e+00 -1.2677703076e+00  4.4229751581e+00  3.8084092990e+00 -2.3630462321e+00  3.0415160214e+00  4.1039022920e+00 -4.5879101023e+00  2.0913057683e+00  2.6040347708e+00 -4.3050385972e+00  3.7509192393e+00  2.1278817923e+00 -3.9076856909e-01 -8.5312132296e-01 -1.9126442764e-01  7.4330542928e-02  2.7301706082e+00  1.2122719652e+00  1.7402811207e+00 -1.2740367132e+00 -3.7591135373e-01  2.6191593759e+00 -1.0622857367e+00 -1.6287996319e+00  4.7166679319e-01 -1.5916508776e+00 -3.7323358233e-02 -4.0093990798e-01 -1.8020635312e+00 -1.0284293622e+00  1.0475022989e+00  7.5411907639e-01  5.0773190603e+00 -1.3458207580e+00  5.3623137220e-01  4.2813655373e+00 -2.8913132860e+00  2.5517622234e-01  4.0863334962e+00 -1.5679953194e+00 -9.0667015292e-01  1.3841656860e+00 -2.3313180948e+00  4.6760087756e+00  2.1925495586e+00 -8.0183080851e-01  5.0246449869e+00  4.5276220078e-01 -8.2710808515e-01  4.7368057626e+00  3.7938353690e+00 -2.1138423606e+00  4.1037615321e+00  4.8108624226e+00 -2.1714779056e+00  2.6574814556e+00  2.4813061563e+00 -5.2521562904e+00  3.5452501782e+00
ENERGY -6.555924632113e+02

JOB 12
COORDS  2.0589630232e+00 -4.7064078475e-01  2.4552846601e-01  7.1969069200e-01 -2.7284905341e-01  2.2235384813e+00  9.0853289969e-01  2.8963416693e-02  8.6961515315e-01  2.9983102182e+00 -1.2428224562e+00  9.3651899631e-01  1.6373209532e+00 -1.0398658588e+00  2.9509120509e+00  2.7884338559e+00 -1.5305962445e+00  2.3022772810e+00  3.5417051124e+00 -3.8595662553e+00  2.8528571191e+00  1.6631860645e-01  1.5549043416e+00 -1.1493003977e+00 -6.9436373634e-01  3.1800890746e-01 -1.1817148577e+00 -1.2917906955e-01  8.1505179496e-01  1.4279838646e-01  4.2284369776e+00 -1.7351821518e+00  2.0470595252e-01  1.3701526578e+00 -1.3095372016e+00  4.4160491155e+00  3.8022311583e+00 -2.3795231001e+00  3.0603817045e+00  4.1025449890e+00 -4.5756665472e+00  2.0459706070e+00  2.5633105154e+00 -4.3317197841e+00  3.6751362092e+00  2.2400485924e+00 -2.6007565250e-01 -8.0568721840e-01 -1.6853148308e-01  1.0164090869e-01  2.7286943068e+00  1.1720925862e+00  1.4945893767e+00 -1.5531340878e+00 -3.1374634598e-01  2.5189018330e+00 -1.2903666760e+00 -1.7607889093e+00  4.2861805342e-01 -1.3566413038e+00 -2.5980091411e-01 -5.9392043604e-01 -1.5807542537e+00 -8.4005881128e-01  1.3120423793e+00  7.9772311663e-01  5.1423156016e+00 -1.2922756737e+00  6.2010751260e-01  4.3399101197e+00 -2.8205631625e+00  2.7130380300e-01  4.1841257050e+00 -1.4592817323e+00 -8.5198941857e-01  1.3388332739e+00 -2.3808568690e+00  4.6322589133e+00  2.1468739966e+00 -8.6958731510e-01  5.0536652816e+00  4.1516249676e-01 -8.7316594301e-01  4.7196033823e+00  3.7629590510e+00 -2.1650450179e+00  4.1295725440e+00  4.8156777588e+00 -2.1849995660e+00  2.7080101469e+00  2.4378642054e+00 -5.2705793063e+00  3.4359792058e+00
ENERGY -6.555920970536e+02

JOB 13
COORDS  2.1633316564e+00 -3.8643720014e-01  2.7049254011e-01  7.5610935809e-01 -2.4150135834e-01  2.2051129970e+00  9.9352550074e-01  9.7235279647e-02  8.6656243118e-01  3.0746657065e+00 -1.1857554449e+00  9.7127122616e-01  1.6434196681e+00 -1.0335732359e+00  2.9411396488e+00  2.8146292956e+00 -1.5128537205e+00  2.3181150655e+00  3.5375831122e+00 -3.8606627990e+00  2.8271812945e+00  1.6138133812e-01  1.3944442209e+00 -1.2865916666e+00 -8.2113746338e-01  2.8278596523e-01 -1.0104233928e+00 -2.7162781829e-02  9.0348858527e-01  1.3331786621e-01  4.3295420521e+00 -1.6594668309e+00  2.6963310683e-01  1.3252922867e+00 -1.3439822455e+00  4.3878890286e+00  3.7970382260e+00 -2.3887617633e+00  3.0867997833e+00  4.1244538598e+00 -4.5558730128e+00  2.0205691073e+00  2.5277912760e+00 -4.3508904349e+00  3.5994413952e+00  2.3872364683e+00 -1.3668628289e-01 -7.6294829985e-01 -1.4866159167e-01  1.2280646030e-01  2.6880645062e+00  1.0798005400e+00  1.1461468570e+00 -1.8082791223e+00 -2.3106383831e-01  2.3784093764e+00 -1.5260298800e+00 -1.8847887059e+00  4.9519400234e-01 -1.0725424437e+00 -5.3775190192e-01 -7.2399897450e-01 -1.3030769615e+00 -5.9188783947e-01  1.5769481486e+00  7.7345861844e-01  5.2287759105e+00 -1.2315637531e+00  7.3034043633e-01  4.4367077276e+00 -2.7466611966e+00  3.0769639779e-01  4.3235160190e+00 -1.3521969544e+00 -7.7926548040e-01  1.2835389652e+00 -2.4209001445e+00  4.5722498214e+00  2.0809052450e+00 -9.2527358268e-01  5.0640433839e+00  3.6164731004e-01 -9.1277208416e-01  4.6707139817e+00  3.7205526148e+00 -2.2052078179e+00  4.1597142828e+00  4.8232135447e+00 -2.1896247577e+00  2.7763577432e+00  2.4073356620e+00 -5.2818907344e+00  3.3290585944e+00
ENERGY -6.555913613634e+02

JOB 14
COORDS  2.2877140723e+00 -3.5384127184e-01  3.0372366309e-01  7.8575051724e-01 -2.5190937560e-01  2.1704772030e+00  1.0844147244e+00  1.0355748030e-01  8.4805265450e-01  3.1728901152e+00 -1.1553650095e+00  1.0373309202e+00  1.6436072826e+00 -1.0452852725e+00  2.9376276926e+00  2.8486400103e+00 -1.5049878151e+00  2.3635235819e+00  3.5686597827e+00 -3.8539819755e+00  2.8710633220e+00  1.8464443182e-01  1.1512667291e+00 -1.4095393320e+00 -9.0491009763e-01  2.6924414724e-01 -8.4441156153e-01  1.0306608509e-01  9.3464350762e-01  8.4001405459e-02  4.4668328864e+00 -1.6038048475e+00  3.9219099521e-01  1.2603896479e+00 -1.3799456313e+00  4.3630951730e+00  3.8000098599e+00 -2.3841816207e+00  3.1666465353e+00  4.2057839712e+00 -4.5318391314e+00  2.0882352591e+00  2.5222666611e+00 -4.3644202497e+00  3.5787941201e+00  2.5596115552e+00 -7.5167458110e-02 -7.1042929563e-01 -1.4604366583e-01  9.7328224223e-02  2.6114768402e+00  9.8244870451e-01  6.6796949849e-01 -1.9638401601e+00 -9.0596876806e-02  2.1302891188e+00 -1.7907075359e+00 -1.9270371488e+00  6.3738873821e-01 -8.3984634312e-01 -8.0508303936e-01 -8.0295690284e-01 -9.8530566168e-01 -2.9287944344e-01  1.7751573977e+00  6.5009448873e-01  5.3373342539e+00 -1.1783479706e+00  9.0708845404e-01  4.5820719692e+00 -2.6906827473e+00  4.1351273122e-01  4.5116383863e+00 -1.2750024360e+00 -6.4918209250e-01  1.2172188519e+00 -2.4598930368e+00  4.5287550322e+00  1.9805571559e+00 -9.6740599647e-01  5.0804416280e+00  2.8162412844e-01 -9.5903536990e-01  4.6067768928e+00  3.6681290304e+00 -2.2190401516e+00  4.2371680383e+00  4.8383485589e+00 -2.1705999680e+00  2.9112212414e+00  2.4257809279e+00 -5.2923179584e+00  3.2888467352e+00
ENERGY -6.555909290994e+02

JOB 15
COORDS  2.3475410449e+00 -3.2628650593e-01  3.1479977717e-01  7.8204562903e-01 -2.7382289406e-01  2.1323106317e+00  1.1216235288e+00  1.0547785292e-01  8.2708183786e-01  3.2195080079e+00 -1.1286650564e+00  1.0634623950e+00  1.6249523670e+00 -1.0695275989e+00  2.9138287294e+00  2.8547610341e+00 -1.5035327241e+00  2.3721287085e+00  3.5890434652e+00 -3.8520374233e+00  2.8638009150e+00  1.3154300194e-01  9.4203873425e-01 -1.4672397087e+00 -1.0099374706e+00  3.4578754325e-01 -6.7191446584e-01  1.8005382969e-01  9.6642453174e-01  4.2363214338e-02  4.5393292811e+00 -1.5511408050e+00  4.5416298644e-01  1.1993228073e+00 -1.4346903619e+00  4.3196707813e+00  3.7900892120e+00 -2.3846722476e+00  3.1919976337e+00  4.2609435633e+00 -4.5069330454e+00  2.0906258447e+00  2.5277728409e+00 -4.3893515562e+00  3.5281064000e+00  2.6416656440e+00 -2.5556149360e-02 -6.8731301722e-01 -1.6937835703e-01  5.5840075019e-02  2.5453279999e+00  7.8581008969e-01  2.5074518466e-01 -1.9893233844e+00 -3.6175110250e-02  1.8799918089e+00 -1.9884949001e+00 -1.9576986723e+00  8.7602308670e-01 -6.4405626138e-01 -1.0908262206e+00 -7.3695679471e-01 -6.4710293120e-01 -2.3757315537e-02  1.9322706998e+00  5.0132419812e-01  5.3871308533e+00 -1.1237498482e+00  1.0041620158e+00  4.6676401451e+00 -2.6367278306e+00  4.6163528953e-01  4.6137785785e+00 -1.2044246128e+00 -5.7964939263e-01  1.1650776060e+00 -2.5178369340e+00  4.4652438821e+00  1.8895920959e+00 -1.0256930834e+00  5.0677797145e+00  2.0748925610e-01 -1.0306283541e+00  4.5376591940e+00  3.6201794187e+00 -2.2397555238e+00  4.2600567720e+00  4.8333636005e+00 -2.1531754059e+00  2.9752007334e+00  2.4542368849e+00 -5.3133081055e+00  3.2194108916e+00
ENERGY -6.555909354746e+02

JOB 16
COORDS  2.3910253430e+00 -2.8565232680e-01  3.0620128658e-01  7.7921915916e-01 -2.7902921522e-01  2.0846987452e+00  1.1499947768e+00  1.2780833142e-01  7.9785448679e-01  3.2512402311e+00 -1.0931857561e+00  1.0614461514e+00  1.6102092808e+00 -1.0835139548e+00  2.8718122970e+00  2.8575173366e+00 -1.4950117622e+00  2.3546330707e+00  3.6017851475e+00 -3.8462003344e+00  2.8206322300e+00  3.6864851695e-02  7.9673332107e-01 -1.4831396958e+00 -1.0866047099e+00  4.9834708163e-01 -5.1107091644e-01  2.4500816164e-01  1.0152777572e+00 -2.0168291136e-03  4.5881632413e+00 -1.4959938483e+00  4.7683722987e-01  1.1515853193e+00 -1.4806984880e+00  4.2584653078e+00  3.7801435937e+00 -2.3835086354e+00  3.1812457150e+00  4.2999792291e+00 -4.4802880493e+00  2.0534593233e+00  2.5287326436e+00 -4.4055371280e+00  3.4466523273e+00  2.6972677073e+00  2.9514462275e-02 -6.8849709501e-01 -1.8570211095e-01  3.4414746652e-02  2.4780596172e+00  5.3463541803e-01 -5.2278115900e-02 -1.9423613769e+00 -5.2740172466e-02  1.6689747316e+00 -2.1241142339e+00 -1.9427862748e+00  1.1664550007e+00 -4.8623544231e-01 -1.3181083050e+00 -5.4586627588e-01 -3.2165560791e-01  2.3863556818e-01  2.0548449901e+00  3.2251489917e-01  5.4192870146e+00 -1.0707098940e+00  1.0533286585e+00  4.7254018188e+00 -2.5804529785e+00  4.7013927127e-01  4.6835954106e+00 -1.1319065777e+00 -5.4923164134e-01  1.1253902958e+00 -2.5667459920e+00  4.3823760004e+00  1.8169927914e+00 -1.0789385174e+00  5.0325891607e+00  1.4989916107e-01 -1.0914123078e+00  4.4574474579e+00  3.5818797971e+00 -2.2605460708e+00  4.2471621096e+00  4.8262583172e+00 -2.1382931971e+00  2.9954290337e+00  2.4723559620e+00 -5.3242298343e+00  3.1191945400e+00
ENERGY -6.555910531513e+02

JOB 17
COORDS  2.4481170191e+00 -2.7276263330e-01  3.1551438941e-01  7.7952236225e-01 -3.0820006862e-01  2.0404453182e+00  1.1857933529e+00  1.1892207295e-01  7.7258519110e-01  3.2965991684e+00 -1.0740095969e+00  1.0883343766e+00  1.5972998023e+00 -1.1110077834e+00  2.8450864787e+00  2.8662894341e+00 -1.4961795885e+00  2.3645650673e+00  3.6298453764e+00 -3.8415838476e+00  2.8275149899e+00 -7.1496730324e-02  6.1429577661e-01 -1.4705680288e+00 -1.1176734769e+00  6.1048430692e-01 -3.7367225568e-01  3.0873820914e-01  1.0061072013e+00 -5.8768989766e-02  4.6568111002e+00 -1.4527072556e+00  5.4254072785e-01  1.0996169147e+00 -1.5313672750e+00  4.2113532489e+00  3.7750373380e+00 -2.3808628752e+00  3.2103751951e+00  4.3600440052e+00 -4.4557893350e+00  2.0740973331e+00  2.5473422585e+00 -4.4243957575e+00  3.4146325836e+00  2.7750135271e+00  5.1238469486e-02 -6.7017931124e-01 -2.0047972496e-01 -1.0691242673e-02  2.4071634425e+00  2.7648438938e-01 -3.4923336473e-01 -1.8315863267e+00 -1.1853147352e-01  1.3927673218e+00 -2.2266119760e+00 -1.8785850253e+00  1.3856170463e+00 -3.8248367327e-01 -1.4585899083e+00 -3.5587687024e-01 -1.3332870097e-02  4.7206191272e-01  2.0713394793e+00  9.9036736578e-02  5.4631520875e+00 -1.0217701634e+00  1.1492790235e+00  4.8095671458e+00 -2.5350157330e+00  5.2983219428e-01  4.7793764478e+00 -1.0768828636e+00 -4.7637305871e-01  1.0856155355e+00 -2.6190716986e+00  4.3219405667e+00  1.7331087742e+00 -1.1291734932e+00  5.0115929985e+00  8.6228726454e-02 -1.1591992557e+00  4.3818309463e+00  3.5408599965e+00 -2.2732591161e+00  4.2706430040e+00  4.8227957332e+00 -2.1183310239e+00  3.0610667080e+00  2.5147249128e+00 -5.3397908361e+00  3.0749199591e+00
ENERGY -6.555911094172e+02

JOB 18
COORDS  1.9334904448e+00 -1.0071590700e+00 -1.6095046927e-01  1.5036808422e+00  2.6061908883e-01  1.8311830676e+00  1.2780826656e+00  5.8467065888e-02  4.6718670960e-01  2.7916141125e+00 -1.8609086969e+00  5.3940313595e-01  2.3530096225e+00 -5.7371524558e-01  2.5704271842e+00  3.0015652582e+00 -1.6420464848e+00  1.9189256935e+00  3.1818360237e+00 -3.8213936536e+00  3.1486150288e+00 -9.3369292152e-01  4.5578806858e-01 -8.7452990227e-01 -9.1740414974e-01  1.4812472617e+00  2.4088746224e-01  3.8528760442e-01  9.6461424410e-01 -3.2538643844e-01  3.4814100570e+00 -2.9873261790e+00 -1.9996884658e-01  2.5594407141e+00 -2.9220360517e-01  4.0432987673e+00  3.9212670979e+00 -2.5759906718e+00  2.6972569594e+00  3.1771083103e+00 -4.8936418874e+00  2.5756032244e+00  2.4748157198e+00 -3.6152690401e+00  4.2948916164e+00  1.7630640574e+00 -1.1783806238e+00 -1.2219312641e+00  1.0093613545e+00  1.0901065491e+00  2.3311858057e+00 -1.2198975961e+00 -5.5937039522e-01 -6.1505542316e-01 -1.2352978161e+00  7.7427492904e-01 -1.8683163500e+00 -1.2103669572e+00  2.5011822910e+00  9.3865223060e-03 -1.2073672998e+00  1.1418479606e+00  1.2309276414e+00  9.1668542327e-01  1.6542137749e+00 -9.7966607532e-01  4.5700067695e+00 -2.8497905646e+00 -2.0838834626e-01  3.2853956503e+00 -3.9609497801e+00  2.5669571123e-01  3.1493753450e+00 -3.0230056197e+00 -1.2406046874e+00  2.2919798658e+00 -1.1525517012e+00  4.6628461906e+00  3.6050168017e+00 -4.3425887311e-02  4.2630160721e+00  1.9502194483e+00  5.5785204309e-01  4.3607975207e+00  4.3281816050e+00 -2.0735213787e+00  3.5761361951e+00  4.7527535891e+00 -2.9104138777e+00  2.0761096509e+00  2.0032728462e+00 -4.4513747113e+00  4.4766267213e+00
ENERGY -6.555910509880e+02

JOB 19
COORDS  1.9724515420e+00 -1.0110081548e+00 -1.7808648747e-01  1.4716359909e+00  2.2708078284e-01  1.8147691290e+00  1.2761131155e+00  3.2820766419e-02  4.4533564890e-01  2.8356484575e+00 -1.8508099791e+00  5.3102853813e-01  2.3244655309e+00 -5.9608958656e-01  2.5637881039e+00  3.0105967552e+00 -1.6428167593e+00  1.9175677412e+00  3.2136390360e+00 -3.8290940096e+00  3.1296484603e+00 -1.0472901463e+00  4.4037892239e-01 -6.8734510521e-01 -8.1740541146e-01  1.6202096179e+00  2.3239875512e-01  3.6652316037e-01  9.0016233869e-01 -3.6930714252e-01  3.5689321801e+00 -2.9516243805e+00 -2.0494754422e-01  2.4959643330e+00 -3.2159210098e-01  4.0424770510e+00  3.9349111733e+00 -2.5634238669e+00  2.7061028121e+00  3.2452716606e+00 -4.8958544881e+00  2.5472957917e+00  2.4765762533e+00 -3.6490163030e+00  4.2613410164e+00  1.8298296615e+00 -1.1760841661e+00 -1.2443232372e+00  9.5875122424e-01  1.0443113019e+00  2.3149519873e+00 -1.3764337296e+00 -4.9040665947e-01 -2.3471032122e-01 -1.4344880258e+00  6.2537474501e-01 -1.6853331111e+00 -1.0503145813e+00  2.6151939236e+00 -1.3550656973e-01 -1.0244710824e+00  1.4736830674e+00  1.2879075575e+00  8.6504138932e-01  1.4211804328e+00 -1.1847903787e+00  4.6535840398e+00 -2.7864038035e+00 -1.8921956794e-01  3.3883330509e+00 -3.9345040279e+00  2.3808119591e-01  3.2593190992e+00 -2.9850883999e+00 -1.2525532862e+00  2.2374773605e+00 -1.1932165196e+00  4.6499554186e+00  3.5308334566e+00 -4.9579929242e-02  4.2842145514e+00  1.8603639790e+00  5.1079995934e-01  4.3550950966e+00  4.3119402981e+00 -2.0609537000e+00  3.5982257763e+00  4.7865491931e+00 -2.8732750975e+00  2.0997095413e+00  2.0194427327e+00 -4.4968000587e+00  4.4248232632e+00
ENERGY -6.555909388075e+02

JOB 20
COORDS  1.9968744175e+00 -1.0394101787e+00 -2.1457875141e-01  1.4037368482e+00  1.7075639616e-01  1.7690967762e+00  1.2549487049e+00 -1.6967648156e-02  3.9236107909e-01  2.8536318845e+00 -1.8670780823e+00  5.1601662784e-01  2.2482287398e+00 -6.4148670002e-01  2.5387762322e+00  2.9774039692e+00 -1.6692203423e+00  1.9092486009e+00  3.1837848461e+00 -3.8591471964e+00  3.1126960713e+00 -1.1361925465e+00  4.6947835084e-01 -5.5181535105e-01 -6.9625923841e-01  1.7493777627e+00  1.2156617181e-01  3.4404444448e-01  8.1564891938e-01 -4.5265826297e-01  3.6357204204e+00 -2.9439195141e+00 -2.0496475906e-01  2.3662755704e+00 -3.7415126445e-01  4.0240132125e+00  3.8939436950e+00 -2.5768944173e+00  2.7214603141e+00  3.2506879168e+00 -4.9194583905e+00  2.5216079913e+00  2.4118020373e+00 -3.7032153191e+00  4.2246318687e+00  1.8973946357e+00 -1.1972137398e+00 -1.2869001560e+00  8.6373499425e-01  9.7357764374e-01  2.2630916916e+00 -1.4930047965e+00 -3.3416517996e-01  8.5579648920e-02 -1.6129552047e+00  5.2682983831e-01 -1.5263180821e+00 -8.6746543450e-01  2.6890645593e+00 -3.9529892892e-01 -8.0421097568e-01  1.8099036301e+00  1.1996243428e+00  7.9249654565e-01  1.1447489368e+00 -1.3876432044e+00  4.7153329983e+00 -2.7556040927e+00 -1.5021588402e-01  3.4612179953e+00 -3.9347739692e+00  2.2250128738e-01  3.3630193807e+00 -2.9735713064e+00 -1.2628998579e+00  2.1044238391e+00 -1.2548872218e+00  4.6167207742e+00  3.3874368755e+00 -8.4996181899e-02  4.3014695472e+00  1.7053509148e+00  4.4398832258e-01  4.3214414707e+00  4.2319557491e+00 -2.0737309694e+00  3.6286814582e+00  4.7708054301e+00 -2.8658508090e+00  2.1412684235e+00  1.9650840667e+00 -4.5603414738e+00  4.3669058519e+00
ENERGY -6.555909330180e+02

JOB 21
COORDS  2.0084033658e+00 -1.0722604275e+00 -2.3550040464e-01  1.3286339677e+00  9.5724252020e-02  1.7450356218e+00  1.2171151474e+00 -8.2159657038e-02  3.6208574948e-01  2.8767483767e+00 -1.8769978136e+00  5.0825571150e-01  2.1830925735e+00 -6.9376942111e-01  2.5253540232e+00  2.9637536754e+00 -1.6895421120e+00  1.9045790102e+00  3.2214324028e+00 -3.8805169940e+00  3.0956814311e+00 -1.2176213500e+00  5.5083218409e-01 -3.6390626999e-01 -5.6167104406e-01  1.8520746446e+00  2.9179692902e-02  2.9192979423e-01  7.1718817627e-01 -4.9544141600e-01  3.7121986481e+00 -2.9179120280e+00 -2.0533929770e-01  2.2580603503e+00 -4.3744560137e-01  4.0152426352e+00  3.8944071889e+00 -2.5711316693e+00  2.7294431992e+00  3.3333690131e+00 -4.9303813962e+00  2.4928652891e+00  2.4274099370e+00 -3.7637979484e+00  4.1969986624e+00  1.9422800151e+00 -1.2228512354e+00 -1.3114102991e+00  7.4650770535e-01  8.6841590449e-01  2.2395059194e+00 -1.5634340472e+00 -9.9201873609e-02  4.3451529202e-01 -1.8127408365e+00  5.1571587931e-01 -1.2721500471e+00 -6.9581589534e-01  2.7113667638e+00 -6.2133140186e-01 -5.1312177001e-01  2.1000320771e+00  1.0843789905e+00  6.5078010052e-01  8.5281987574e-01 -1.5128114803e+00  4.7829804467e+00 -2.6925571351e+00 -1.2396426834e-01  3.5628246695e+00 -3.9186424517e+00  2.0845719274e-01  3.4646369655e+00 -2.9458833686e+00 -1.2694907134e+00  2.0163177714e+00 -1.3333273151e+00  4.5935689783e+00  3.2614539873e+00 -1.1368226949e-01  4.3180698652e+00  1.5608327077e+00  3.5265632919e-01  4.3055850316e+00  4.1958212735e+00 -2.0640389784e+00  3.6472925144e+00  4.7926926081e+00 -2.8245542548e+00  2.1655742135e+00  2.0073716923e+00 -4.6369808316e+00  4.3217632314e+00
ENERGY -6.555912961037e+02

JOB 22
COORDS  2.0002726265e+00 -1.1126137780e+00 -2.5776019032e-01  1.2323892039e+00  3.5334139800e-03  1.7203408350e+00  1.1539984659e+00 -1.6588704996e-01  3.3216438438e-01  2.8927938294e+00 -1.8834583908e+00  4.9532822805e-01  2.1087073511e+00 -7.5019064620e-01  2.5087119326e+00  2.9469951778e+00 -1.7030759102e+00  1.8929742137e+00  3.2839915908e+00 -3.8883137899e+00  3.0738962497e+00 -1.2686739267e+00  6.8719882510e-01 -1.8304607619e-01 -4.0819668635e-01  1.9204962689e+00 -8.0101397096e-02  2.1377573291e-01  6.1010326639e-01 -5.2653775441e-01  3.7874541013e+00 -2.8784086260e+00 -2.1216921500e-01  2.1441887920e+00 -5.0668166211e-01  4.0022129696e+00  3.9029028803e+00 -2.5471272454e+00  2.7279309009e+00  3.4455124871e+00 -4.9264961455e+00  2.4621578233e+00  2.4758271473e+00 -3.8174198368e+00  4.1688142120e+00  1.9624583960e+00 -1.2563582758e+00 -1.3358554355e+00  5.9815529021e-01  7.3613227613e-01  2.2132909997e+00 -1.5755360477e+00  2.0348842632e-01  7.3978651211e-01 -1.9872376369e+00  6.1744261654e-01 -9.9476165878e-01 -5.2754032862e-01  2.6942538904e+00 -8.3289002196e-01 -1.5926018952e-01  2.2954818467e+00  9.0760840891e-01  4.4592360522e-01  5.5716773787e-01 -1.5869525659e+00  4.8451927648e+00 -2.6050517629e+00 -1.0985052683e-01  3.6768077096e+00 -3.8885971389e+00  1.9060124619e-01  3.5601992264e+00 -2.9079649671e+00 -1.2808073183e+00  1.9361724335e+00 -1.4194016779e+00  4.5671171167e+00  3.1251559902e+00 -1.3807347093e-01  4.3264849927e+00  1.4043589191e+00  2.4561350706e-01  4.2875854143e+00  4.1658156623e+00 -2.0332751585e+00  3.6538157096e+00  4.8209369086e+00 -2.7553307562e+00  2.1774726003e+00  2.0922242503e+00 -4.7089862921e+00  4.2803036877e+00
ENERGY -6.555920174185e+02

JOB 23
COORDS  1.9776226026e+00 -1.1361678874e+00 -2.6700717416e-01  1.1387478508e+00 -8.2915052703e-02  1.7162168055e+00  1.0837273364e+00 -2.3604686520e-01  3.2435404937e-01  2.8981136340e+00 -1.8735504701e+00  4.8684542204e-01  2.0435819597e+00 -8.0023113867e-01  2.5051094430e+00  2.9314503560e+00 -1.7058655740e+00  1.8863336666e+00  3.3568486299e+00 -3.8857182060e+00  3.0486370124e+00 -1.2800946280e+00  8.4644365840e-01 -4.3337694954e-02 -2.6901759465e-01  1.9517851516e+00 -2.0428864184e-01  1.2353122670e-01  5.1864844250e-01 -5.2947526506e-01  3.8432279626e+00 -2.8191355123e+00 -2.2281337965e-01  2.0528412036e+00 -5.7372332558e-01  4.0017154209e+00  3.9173659131e+00 -2.5144072562e+00  2.7215529519e+00  3.5626976783e+00 -4.9087432233e+00  2.4247819552e+00  2.5454663195e+00 -3.8637520372e+00  4.1431830639e+00  1.9576926319e+00 -1.2689552118e+00 -1.3469126361e+00  4.6391303161e-01  6.1219273604e-01  2.2106559357e+00 -1.5412596307e+00  5.3075307777e-01  9.6237532773e-01 -2.0915723259e+00  7.7843414979e-01 -7.6216314116e-01 -3.8552801346e-01  2.6431736406e+00 -1.0338700895e+00  1.6047935794e-01  2.3902351319e+00  6.9165412568e-01  2.0455452376e-01  2.8955050522e-01 -1.5886312058e+00  4.8865568377e+00 -2.4995953034e+00 -1.0710674463e-01  3.7744752108e+00 -3.8377755032e+00  1.6773449401e-01  3.6276688643e+00 -2.8465100824e+00 -1.2939336667e+00  1.8836639941e+00 -1.5020049255e+00  4.5540478787e+00  3.0119822086e+00 -1.6258415867e-01  4.3398882271e+00  1.2752184895e+00  1.3890735823e-01  4.2884253112e+00  4.1492180850e+00 -1.9985435734e+00  3.6545836563e+00  4.8483457733e+00 -2.6751927579e+00  2.1769510547e+00  2.2002172465e+00 -4.7722805233e+00  4.2426034150e+00
ENERGY -6.555924311806e+02

