JOB 0
COORDS  1.6384656787e+00 -8.0130944843e-01  5.1948917792e-01  5.6763990296e-01 -5.4467252383e-01  1.2833261162e+00  1.1665773117e+00  1.9081579833e+00  1.9377969305e+00 -3.3360689396e-01  1.7549792323e+00  2.0820202476e+00  5.7651834659e-01  5.6254743026e-01  2.3024299767e+00 -6.6841454211e-01 -1.4238078355e+00  1.2398424874e+00  8.1469318384e-01  1.1625107130e-01  3.7379905738e+00 -1.3648354493e+00 -1.0206145074e-01  4.5825859254e+00 -1.4937859676e-01 -8.1178569017e-01  4.2457059501e+00  1.6437554088e+00 -1.6202131700e+00 -1.9753359059e-01  2.5386924438e+00 -1.9482939092e-01  5.8060806641e-01  1.5664745524e+00  2.0293525218e+00  9.3650108838e-01  1.7020504024e+00  2.4591210189e+00  2.7067935261e+00 -8.2124613294e-01  2.1857621411e+00  2.9507992244e+00 -9.2237072754e-01  1.7714149122e+00  1.1686129195e+00 -4.9753843095e-01 -2.3491848720e+00  1.8007240769e+00 -1.5215396336e+00 -9.3001821352e-01  1.7129377829e+00 -9.4033370566e-01 -1.6932524330e+00  2.1475022547e-01  8.5949199130e-01  9.8822838592e-01  4.4017146592e+00  1.7623114936e+00 -4.3021636977e-01  3.7972371066e+00 -1.6147088901e+00 -5.0899774802e-01  5.4863020238e+00 -2.0567008909e+00 -4.5865016704e-01  3.9181886596e+00
ENERGY -4.045086692726e+02

JOB 1
COORDS  1.5819432900e+00 -7.6711778207e-01  5.3018755580e-01  5.2906484608e-01 -5.2834527172e-01  1.3244240250e+00  1.1376072656e+00  1.9207565768e+00  1.9832557958e+00 -3.6118695552e-01  1.7700279829e+00  2.1363075355e+00  5.4794669077e-01  5.7455245412e-01  2.3486580229e+00 -6.9645803565e-01 -1.4165604772e+00  1.3113417691e+00  7.9488543475e-01  1.2867335676e-01  3.7830163895e+00 -1.3933138147e+00 -9.1424091531e-02  4.6043241470e+00 -1.6571869474e-01 -7.9649929227e-01  4.3005895989e+00  1.5756101080e+00 -1.5796384008e+00 -1.9356453760e-01  2.4785238631e+00 -1.5374415670e-01  5.7444053550e-01  1.5307792575e+00  2.0443316653e+00  9.7964420705e-01  1.6797621623e+00  2.4684585196e+00  2.7498613438e+00 -8.4388886597e-01  2.1989831453e+00  3.0087275832e+00 -9.5497799372e-01  1.7899510872e+00  1.2261705042e+00 -6.0130793824e-01 -2.1976473964e+00  2.0740983625e+00 -1.5968719360e+00 -8.4683873472e-01  1.5660054935e+00 -8.4242418532e-01 -1.8981177503e+00  3.4025939163e-01  8.4695082744e-01  1.0021543079e+00  4.4444116617e+00  1.7417466556e+00 -4.1994271991e-01  3.8369648312e+00 -1.6715244709e+00 -5.1118610718e-01  5.4936096576e+00 -2.0613122416e+00 -4.4041752520e-01  3.9117990389e+00
ENERGY -4.045101718526e+02

JOB 2
COORDS  1.5641963056e+00 -7.4195952068e-01  4.8459810860e-01  5.3382165290e-01 -5.3475530312e-01  1.3166039211e+00  1.1447217594e+00  1.9084650238e+00  1.9933461440e+00 -3.5317159521e-01  1.7570754436e+00  2.1477679795e+00  5.5700961082e-01  5.5921454074e-01  2.3511439639e+00 -6.8883873293e-01 -1.4226436192e+00  1.3088363121e+00  8.0544542707e-01  1.0823433415e-01  3.7842987090e+00 -1.3850249666e+00 -8.7231116309e-02  4.6059859542e+00 -1.6285922587e-01 -8.0467725180e-01  4.3099368477e+00  1.5468819426e+00 -1.5424689170e+00 -2.5195681481e-01  2.4541622144e+00 -1.1819048492e-01  5.1281191694e-01  1.5366635777e+00  2.0404362160e+00  9.9049302456e-01  1.6872991886e+00  2.4505530057e+00  2.7635566608e+00 -8.3375583025e-01  2.1803015515e+00  3.0240116864e+00 -9.4831718363e-01  1.7826288223e+00  1.2387713837e+00 -6.9523519477e-01 -2.0627453008e+00  2.1979769937e+00 -1.6056714030e+00 -8.2159898237e-01  1.3466920137e+00 -7.2344200278e-01 -2.0587213382e+00  4.2003178440e-01  8.7046684979e-01  9.8168941530e-01  4.4446409247e+00  1.7459802365e+00 -4.5117233578e-01  3.8347921519e+00 -1.6811995019e+00 -5.1578798219e-01  5.4851237509e+00 -2.0484785419e+00 -4.1549413830e-01  3.8987786150e+00
ENERGY -4.045111726275e+02

JOB 3
COORDS  1.5566264883e+00 -7.1051890594e-01  4.4226549815e-01  5.4315059099e-01 -5.3996130067e-01  1.3028717017e+00  1.1400198071e+00  1.9005473025e+00  2.0028297571e+00 -3.5616978401e-01  1.7389278892e+00  2.1589605087e+00  5.6207251378e-01  5.4374249342e-01  2.3487139802e+00 -6.8081658810e-01 -1.4250727068e+00  1.2795329602e+00  8.1452870777e-01  8.1843026314e-02  3.7782967409e+00 -1.3705190457e+00 -7.2038525617e-02  4.6227781737e+00 -1.6663208537e-01 -8.1361121722e-01  4.3107919295e+00  1.5391286467e+00 -1.4995637271e+00 -3.0642190773e-01  2.4364425358e+00 -7.2330064765e-02  4.6322909712e-01  1.5286976705e+00  2.0461706722e+00  1.0007182143e+00  1.6806320792e+00  2.4381948466e+00  2.7774361878e+00 -8.3637316002e-01  2.1514029886e+00  3.0404677471e+00 -9.5354124580e-01  1.7699644074e+00  1.2516902983e+00 -8.1121211740e-01 -1.9268144020e+00  2.2435291128e+00 -1.5829200145e+00 -8.2776942133e-01  1.0945874266e+00 -6.1181750424e-01 -2.1847738710e+00  4.9557292194e-01  9.0163021207e-01  9.5110145190e-01  4.4414344905e+00  1.7444554320e+00 -4.9563266748e-01  3.8187211228e+00 -1.6811208501e+00 -5.1877162477e-01  5.4876973495e+00 -2.0403489911e+00 -3.6013982246e-01  3.9038001409e+00
ENERGY -4.045113150761e+02

JOB 4
COORDS  1.5435768165e+00 -6.9181118196e-01  4.2127795003e-01  5.4712346609e-01 -5.4922457921e-01  1.3065990260e+00  1.1378507110e+00  1.8902638874e+00  2.0155129703e+00 -3.5781718809e-01  1.7247392997e+00  2.1722941182e+00  5.6402561814e-01  5.3046278139e-01  2.3563218924e+00 -6.7938485720e-01 -1.4332411912e+00  1.2714574827e+00  8.1909337648e-01  6.6640539754e-02  3.7852430725e+00 -1.3536131597e+00 -5.0048098050e-02  4.6657869886e+00 -1.7124306722e-01 -8.1410431466e-01  4.3261925872e+00  1.5267589518e+00 -1.4740355744e+00 -3.3468698572e-01  2.4131613700e+00 -3.9765456531e-02  4.3181210546e-01  1.5247490308e+00  2.0430698198e+00  1.0138954865e+00  1.6774325436e+00  2.4259327477e+00  2.7921352132e+00 -8.3765190560e-01  2.1330156173e+00  3.0559934377e+00 -9.5617402418e-01  1.7580126680e+00  1.2658585626e+00 -9.4263642512e-01 -1.7820335768e+00  2.2734041889e+00 -1.5357577462e+00 -8.7996124278e-01  8.6456260522e-01 -5.2071139312e-01 -2.3057042919e+00  6.3054474347e-01  9.2002157347e-01  9.3531549416e-01  4.4468475285e+00  1.7422895713e+00 -5.2173640149e-01  3.8211601182e+00 -1.6641300493e+00 -5.0495030387e-01  5.5264411403e+00 -2.0397362623e+00 -3.0814358023e-01  3.9505718815e+00
ENERGY -4.045105732543e+02

JOB 5
COORDS  1.5734896013e+00 -6.4966848711e-01  3.9728263510e-01  5.7165835521e-01 -5.3442965000e-01  1.2802555424e+00  1.1249779922e+00  1.9014207471e+00  2.0285333459e+00 -3.6834926506e-01  1.7107843065e+00  2.1827944393e+00  5.7175776219e-01  5.2787726814e-01  2.3473238468e+00 -6.5386989006e-01 -1.4227291821e+00  1.2069786474e+00  8.3025077705e-01  4.0081013249e-02  3.7675482537e+00 -1.3260354046e+00 -6.0851540621e-02  4.6931989372e+00 -1.6857601550e-01 -8.3728419466e-01  4.3002719489e+00  1.5665216496e+00 -1.4199632515e+00 -3.7131477805e-01  2.4365503870e+00  1.0515090143e-02  4.2287652552e-01  1.5094223590e+00  2.0757222087e+00  1.0294931856e+00  1.6556474490e+00  2.4337199508e+00  2.8135282599e+00 -8.5178540169e-01  2.0991112989e+00  3.0734456819e+00 -9.6853306182e-01  1.7493100999e+00  1.2778382855e+00 -1.0755280159e+00 -1.6077260998e+00  2.1966095285e+00 -1.4233016367e+00 -9.6012524208e-01  5.7609882408e-01 -4.1236860899e-01 -2.3892377004e+00  7.5344737238e-01  9.4562386230e-01  8.9617015169e-01  4.4426569553e+00  1.7463585448e+00 -5.5989137499e-01  3.7880400327e+00 -1.6155214345e+00 -5.2536688978e-01  5.5561432013e+00 -2.0406892818e+00 -2.9458197623e-01  3.9979330122e+00
ENERGY -4.045092088036e+02

JOB 6
COORDS  1.6150214543e+00 -6.3358933101e-01  3.8413546140e-01  5.9503472300e-01 -5.0235098917e-01  1.2434269844e+00  1.1461886333e+00  1.9266889321e+00  2.0121047509e+00 -3.4573601022e-01  1.7291817517e+00  2.1785899103e+00  5.9918610995e-01  5.4869587293e-01  2.3207109639e+00 -6.3832239410e-01 -1.3833821703e+00  1.1445746780e+00  8.7269045337e-01  4.1143016237e-02  3.7306502830e+00 -1.2650574763e+00 -9.0225686097e-02  4.6935412821e+00 -1.1613871144e-01 -8.5330780118e-01  4.2533140718e+00  1.6109700981e+00 -1.4000551375e+00 -3.8870821461e-01  2.4878264872e+00  1.2538995125e-02  4.3118286596e-01  1.5211128865e+00  2.1113464545e+00  1.0111727097e+00  1.6823125519e+00  2.4527792395e+00  2.7976388127e+00 -8.2138728909e-01  2.1063435685e+00  3.0782825378e+00 -9.5537114146e-01  1.7756988462e+00  1.2802741398e+00 -1.2330248403e+00 -1.3494927826e+00  2.0578828233e+00 -1.2703826984e+00 -1.0698880940e+00  3.0517813496e-01 -3.6411471714e-01 -2.4277030190e+00  9.6435514543e-01  9.8640785379e-01  8.8629167734e-01  4.4196166425e+00  1.7937241033e+00 -5.5160357292e-01  3.7331761499e+00 -1.5213922974e+00 -5.6427598213e-01  5.5618535237e+00 -2.0017319538e+00 -3.2414199488e-01  4.0220010482e+00
ENERGY -4.045078347303e+02

JOB 7
COORDS  1.6174885360e+00 -6.9371158382e-01  4.0275437336e-01  5.6671463326e-01 -4.8642545998e-01  1.2079928819e+00  1.1578806466e+00  1.9342573848e+00  1.9783775503e+00 -3.3331687887e-01  1.7500591728e+00  2.1734223251e+00  6.0069771735e-01  5.6125199611e-01  2.2878943025e+00 -6.8900973893e-01 -1.3364705107e+00  1.1070317909e+00  9.0086203476e-01  3.4853512997e-02  3.6841224468e+00 -1.2311226955e+00 -2.1858862461e-01  4.6330976492e+00 -4.6158472688e-02 -9.1643280724e-01  4.1814602318e+00  1.6057283301e+00 -1.4692463050e+00 -3.6107946209e-01  2.5196458147e+00 -9.1808180145e-02  4.7953233841e-01  1.5159106392e+00  2.1172534524e+00  9.7066005147e-01  1.7161112729e+00  2.4491735465e+00  2.7560989187e+00 -7.8885510978e-01  2.1242925729e+00  3.0848373691e+00 -9.6026367499e-01  1.8109648044e+00  1.2877623272e+00 -1.4412117780e+00 -1.0168511342e+00  1.8308670860e+00 -1.1408766885e+00 -1.2548251662e+00  1.1221377783e-01 -4.7451565358e-01 -2.3923328805e+00  1.2979870333e+00  9.7957129623e-01  8.6741103343e-01  4.3935006538e+00  1.8470318249e+00 -5.1694548881e-01  3.6692550046e+00 -1.4440262564e+00 -6.9339811469e-01  5.5128063047e+00 -1.9620611396e+00 -5.0987208356e-01  3.9785167310e+00
ENERGY -4.045075621516e+02

JOB 8
COORDS  1.5777441079e+00 -6.7220425616e-01  3.8952138748e-01  5.3878093918e-01 -4.6384891503e-01  1.2099327577e+00  1.1648055123e+00  1.9431722631e+00  1.9967917897e+00 -3.2698003425e-01  1.7746858550e+00  2.1998144236e+00  5.9367336632e-01  5.7422797657e-01  2.2982054979e+00 -7.0196896662e-01 -1.3364551348e+00  1.1581342695e+00  8.9801397243e-01  3.3307448301e-02  3.6880078772e+00 -1.2447484676e+00 -2.6152822608e-01  4.6005157613e+00 -3.7438700713e-02 -9.3536055737e-01  4.1720960067e+00  1.5514711896e+00 -1.4441492844e+00 -3.7732982428e-01  2.4814263303e+00 -7.0915948395e-02  4.5256447492e-01  1.5179298888e+00  2.1311631314e+00  9.8822174109e-01  1.7348348211e+00  2.4442347901e+00  2.7750437342e+00 -7.7364857965e-01  2.1455051831e+00  3.1169750846e+00 -9.5794378047e-01  1.8504136583e+00  1.3180820826e+00 -1.5356960508e+00 -8.5455562029e-01  1.6776662119e+00 -1.0274597935e+00 -1.5061298328e+00  1.2661924056e-01 -5.2906625777e-01 -2.3023909057e+00  1.6422371758e+00  9.6743474310e-01  8.5835044602e-01  4.4074469710e+00  1.8501187048e+00 -5.0811685380e-01  3.6675766110e+00 -1.4674619394e+00 -7.4402631694e-01  5.4735502111e+00 -1.9545181399e+00 -5.6466596253e-01  3.9283392199e+00
ENERGY -4.045086494850e+02

JOB 9
COORDS  1.5563750468e+00 -6.3830259653e-01  3.0901984226e-01  5.4496867410e-01 -4.6242649815e-01  1.1707090853e+00  1.2002996533e+00  1.9248990513e+00  1.9926512433e+00 -2.9181653043e-01  1.7682203305e+00  2.1972688684e+00  6.1769760003e-01  5.5667762252e-01  2.2763030294e+00 -6.8478995462e-01 -1.3454853607e+00  1.1460110920e+00  9.1837237702e-01 -3.9346549247e-03  3.6593297539e+00 -1.2359193415e+00 -2.7248977245e-01  4.5536348103e+00 -3.0889521513e-02 -9.6018933616e-01  4.1410861712e+00  1.5112845123e+00 -1.3917876857e+00 -4.7478782495e-01  2.4561742920e+00 -2.9877032516e-02  3.5586813469e-01  1.5522699404e+00  2.1257193342e+00  9.8625262159e-01  1.7773693537e+00  2.4085711605e+00  2.7766334547e+00 -7.3310450047e-01  2.1295312675e+00  3.1206941423e+00 -9.2365371926e-01  1.8615851377e+00  1.3178771241e+00 -1.5669657702e+00 -7.8455075869e-01  1.4756029935e+00 -8.9458267489e-01 -1.7137329922e+00  1.3718587293e-01 -5.6955720801e-01 -2.1952896905e+00  1.8261472062e+00  1.0065694965e+00  8.1356446972e-01  4.3853892653e+00  1.8602542357e+00 -5.6266324401e-01  3.6306583871e+00 -1.4814016105e+00 -7.6048334542e-01  5.4173671961e+00 -1.9369785742e+00 -5.5787595555e-01  3.8646379888e+00
ENERGY -4.045101196101e+02

JOB 10
COORDS  1.5335876468e+00 -6.0946690127e-01  2.9109360852e-01  5.4138424238e-01 -4.6425664017e-01  1.1805631412e+00  1.1928627060e+00  1.9203183827e+00  2.0128578692e+00 -2.9769804772e-01  1.7597442970e+00  2.2199746083e+00  6.1465706640e-01  5.4869351277e-01  2.2923616506e+00 -6.8456591206e-01 -1.3480092765e+00  1.1595202189e+00  9.2123269641e-01 -1.1158796349e-02  3.6749457997e+00 -1.2346683895e+00 -2.6484854563e-01  4.5684610773e+00 -2.9145985946e-02 -9.5985630954e-01  4.1689311965e+00  1.4813955271e+00 -1.3528685196e+00 -5.0153492977e-01  2.4261896933e+00  1.0158448950e-02  3.2672555488e-01  1.5418769753e+00  2.1274851546e+00  1.0068498722e+00  1.7707474566e+00  2.4014775399e+00  2.7977255735e+00 -7.3824354569e-01  2.1158313452e+00  3.1457265787e+00 -9.3125221952e-01  1.8551417341e+00  1.3420950374e+00 -1.5940754248e+00 -7.4672924897e-01  1.2822870366e+00 -7.7035314995e-01 -1.8959153997e+00  2.1665287612e-01 -6.5660660274e-01 -2.0633448555e+00  1.9879770589e+00  1.0185825576e+00  8.0873701819e-01  4.3971258198e+00  1.8599211365e+00 -5.7496307390e-01  3.6425280273e+00 -1.4981476845e+00 -7.6032924925e-01  5.4224581849e+00 -1.9272281135e+00 -5.3515740228e-01  3.8646246977e+00
ENERGY -4.045111461670e+02

JOB 11
COORDS  1.5220115473e+00 -5.8377952376e-01  2.5958090043e-01  5.4651281694e-01 -4.7166988951e-01  1.1721249187e+00  1.1914250341e+00  1.9084223338e+00  2.0215525687e+00 -2.9803619459e-01  1.7427110194e+00  2.2296273548e+00  6.1802663699e-01  5.3267616433e-01  2.2922251575e+00 -6.8397145662e-01 -1.3472339787e+00  1.1362333625e+00  9.2897133123e-01 -3.2109588631e-02  3.6724735886e+00 -1.2188147773e+00 -2.5341713446e-01  4.5933510850e+00 -2.9384884534e-02 -9.6705326220e-01  4.1778605456e+00  1.4669230396e+00 -1.3148538125e+00 -5.4411326117e-01  2.4075149758e+00  4.6059194199e-02  2.9097950524e-01  1.5381470884e+00  2.1251638732e+00  1.0169038783e+00  1.7687883218e+00  2.3853587157e+00  2.8092980015e+00 -7.3768978326e-01  2.0914029969e+00  3.1585803468e+00 -9.3296306589e-01  1.8429829403e+00  1.3533999307e+00 -1.5904190751e+00 -7.3500046304e-01  1.0464151160e+00 -6.5581736910e-01 -2.0474274823e+00  2.9644220559e-01 -7.7034860554e-01 -1.9217210190e+00  2.0641082733e+00  1.0427200951e+00  7.8667476772e-01  4.3933082280e+00  1.8601452526e+00 -6.0764037125e-01  3.6324636245e+00 -1.4908650922e+00 -7.6003084604e-01  5.4380223428e+00 -1.9194253930e+00 -4.9341260595e-01  3.8861813437e+00
ENERGY -4.045113267640e+02

JOB 12
COORDS  1.5166267721e+00 -5.5618974082e-01  2.3252393322e-01  5.5474362734e-01 -4.7410365476e-01  1.1625811497e+00  1.1853441439e+00  1.9018519070e+00  2.0337833859e+00 -3.0308087501e-01  1.7263834515e+00  2.2406177791e+00  6.2013269369e-01  5.2021681657e-01  2.2919148790e+00 -6.8057331481e-01 -1.3441711007e+00  1.1056485407e+00  9.3366450400e-01 -5.4079716254e-02  3.6680948470e+00 -1.1995450659e+00 -2.3704001299e-01  4.6306564001e+00 -3.6462633807e-02 -9.7331247313e-01  4.1809303098e+00  1.4595947417e+00 -1.2779533173e+00 -5.7953330787e-01  2.3947977066e+00  8.3851920878e-02  2.6026650635e-01  1.5303365650e+00  2.1311475931e+00  1.0314417799e+00  1.7596165267e+00  2.3749392241e+00  2.8260122111e+00 -7.4321267285e-01  2.0651369342e+00  3.1730118133e+00 -9.3902335148e-01  1.8312376988e+00  1.3657761846e+00 -1.5540754474e+00 -7.5686641671e-01  7.9543388431e-01 -5.5264922094e-01 -2.1784503056e+00  4.0989247148e-01 -8.9861189914e-01 -1.7632669320e+00  2.0922024611e+00  1.0670300768e+00  7.6007434451e-01  4.3904944304e+00  1.8547870155e+00 -6.4468136109e-01  3.6180851755e+00 -1.4723402784e+00 -7.5544953116e-01  5.4678860332e+00 -1.9182029186e+00 -4.4063346135e-01  3.9299799685e+00
ENERGY -4.045105805170e+02

JOB 13
COORDS  1.8802934766e+00 -8.4017108334e-01  5.1099043485e-01  7.9344136482e-01 -6.4881510971e-01  1.2717840804e+00  1.2539724997e+00  1.8589678326e+00  1.8160161277e+00 -2.4577600649e-01  1.6592143092e+00  1.8491345485e+00  6.8346098556e-01  5.1530815042e-01  2.2203490630e+00 -4.1589694795e-01 -1.5558752292e+00  1.1666657797e+00  8.1133590585e-01  1.7805444776e-01  3.7008491095e+00 -1.4211637835e+00  1.3019495496e-01  4.4276533169e+00 -2.2464709333e-01 -6.5990648282e-01  4.2255758162e+00  1.9520593431e+00 -1.6836067078e+00 -1.7280815882e-01  2.7358730958e+00 -1.7131875674e-01  5.5765079670e-01  1.7298506743e+00  1.9377557175e+00  8.4461025058e-01  1.7041095906e+00  2.4767852590e+00  2.5885879956e+00 -8.1426107561e-01  2.1268958197e+00  2.6465381070e+00 -7.5795657857e-01  1.5962743922e+00  8.9289959220e-01 -1.1357788468e+00 -1.1640982037e+00  4.3801358311e-01 -1.3171225474e-01 -2.5705271868e+00  8.7233847189e-01 -9.2501769311e-01 -1.6323911520e+00  2.1304287010e+00  8.5471972541e-01  1.0999127749e+00  4.2927406282e+00  1.7270606277e+00 -3.9934978938e-01  3.8672353152e+00 -1.7850213607e+00 -2.4865640552e-01  5.3041942034e+00 -2.0654595841e+00 -1.8810408519e-01  3.6980713121e+00
ENERGY -4.045091874525e+02

JOB 14
COORDS  1.8759739904e+00 -8.5214605069e-01  5.2991927700e-01  7.7592371251e-01 -6.3855681544e-01  1.2649654546e+00  1.2454904098e+00  1.8655833850e+00  1.8147967302e+00 -2.5491093165e-01  1.6678056733e+00  1.8639406594e+00  6.7604150329e-01  5.2161721418e-01  2.2184704055e+00 -4.4221904637e-01 -1.5376880984e+00  1.1418097519e+00  8.2017788228e-01  1.7155172961e-01  3.6939609624e+00 -1.3971916725e+00  1.0889808751e-01  4.4646075040e+00 -2.0731232763e-01 -6.7792915882e-01  4.2167570142e+00  1.9472912040e+00 -1.6970265804e+00 -1.5259969065e-01  2.7408898955e+00 -1.9674302689e-01  5.9309363777e-01  1.7110220289e+00  1.9464693242e+00  8.3842258820e-01  1.7051104597e+00  2.4796107968e+00  2.5848604225e+00 -8.1305739674e-01  2.1327660337e+00  2.6703149826e+00 -7.7883191719e-01  1.6104458028e+00  9.1366168670e-01 -9.9923142420e-01 -1.3190072567e+00  2.2344817115e-01 -1.5970075427e-01 -2.5947408025e+00  1.1288127384e+00 -1.1205993233e+00 -1.3985005384e+00  1.9850494801e+00  8.6419997283e-01  1.0870460333e+00  4.2955080746e+00  1.7406850379e+00 -4.0261312844e-01  3.8445515492e+00 -1.7299867881e+00 -2.7294564826e-01  5.3522201309e+00 -2.0670116454e+00 -2.0804136090e-01  3.7580180357e+00
ENERGY -4.045078150503e+02

JOB 15
COORDS  1.8398787953e+00 -8.9341838802e-01  5.8836256298e-01  7.1941638543e-01 -6.1544060597e-01  1.2686450910e+00  1.2266513089e+00  1.8841279800e+00  1.8133873961e+00 -2.7552021285e-01  1.7015193833e+00  1.8886624922e+00  6.4825929315e-01  5.4639657875e-01  2.2224893633e+00 -5.1676478263e-01 -1.4916814290e+00  1.1511912454e+00  8.1773208625e-01  1.8363702599e-01  3.6909932538e+00 -1.3928115862e+00  1.4361859549e-02  4.4628031523e+00 -1.7061710106e-01 -7.1634681153e-01  4.2032501644e+00  1.9020178900e+00 -1.7492811754e+00 -8.1482659303e-02  2.7275933896e+00 -2.7204986206e-01  6.7711742864e-01  1.6769234207e+00  1.9588378518e+00  8.2909831070e-01  1.7073563108e+00  2.4907018845e+00  2.5766557914e+00 -8.1595591332e-01  2.1686770193e+00  2.7059141510e+00 -8.1676476841e-01  1.6538330176e+00  9.4742209610e-01 -8.6947041704e-01 -1.5325272289e+00  1.1445495651e-01 -3.0786155578e-01 -2.5186040752e+00  1.4665093154e+00 -1.3364383041e+00 -1.1123405052e+00  1.7638134475e+00  8.2969526295e-01  1.0914432377e+00  4.3060524841e+00  1.7615762151e+00 -3.5569472550e-01  3.8258941423e+00 -1.6858511051e+00 -3.6143724663e-01  5.3669984283e+00 -2.0598847940e+00 -3.5634106348e-01  3.7807555925e+00
ENERGY -4.045075596521e+02

JOB 16
COORDS  1.7987194622e+00 -8.7322383733e-01  5.6554248091e-01  6.9036964678e-01 -5.9531401096e-01  1.2656001866e+00  1.2313653073e+00  1.8927177873e+00  1.8332682466e+00 -2.7205261010e-01  1.7259739711e+00  1.9146551740e+00  6.4056101479e-01  5.5736852916e-01  2.2319057576e+00 -5.3510899763e-01 -1.4883271413e+00  1.2013034437e+00  8.1369692511e-01  1.7768231838e-01  3.6956483151e+00 -1.4043875554e+00 -2.2005920779e-02  4.4387438892e+00 -1.6770206122e-01 -7.3456175736e-01  4.1983617690e+00  1.8466981616e+00 -1.7239298957e+00 -1.1179104526e-01  2.6890819226e+00 -2.5407029991e-01  6.4211395657e-01  1.6769168127e+00  1.9731213507e+00  8.4725072524e-01  1.7233997104e+00  2.4855054786e+00  2.6001674535e+00 -8.0410478953e-01  2.1898034886e+00  2.7392422756e+00 -8.1790569317e-01  1.6933616783e+00  9.7536541108e-01 -7.4971145878e-01 -1.7839839768e+00  1.6861805656e-01 -3.7889112664e-01 -2.4081738905e+00  1.7739776894e+00 -1.4210783929e+00 -9.8435339587e-01  1.5955967684e+00  8.2271105754e-01  1.0784843972e+00  4.3213508771e+00  1.7602511878e+00 -3.5883900120e-01  3.8232184937e+00 -1.7064498595e+00 -4.0346925756e-01  5.3375498797e+00 -2.0534702544e+00 -4.0257079417e-01  3.7449634254e+00
ENERGY -4.045086041248e+02

JOB 17
COORDS  1.7821089122e+00 -8.5137059985e-01  5.1178043720e-01  6.9132967981e-01 -5.9089475400e-01  1.2456921391e+00  1.2518044186e+00  1.8864446789e+00  1.8395666772e+00 -2.5186400757e-01  1.7287460730e+00  1.9228741138e+00  6.5396588867e-01  5.5043317174e-01  2.2265467115e+00 -5.2754666263e-01 -1.4886265738e+00  1.2073832700e+00  8.2853851390e-01  1.5927213424e-01  3.6872872458e+00 -1.3974570004e+00 -4.7451704837e-02  4.4046779020e+00 -1.5266960871e-01 -7.5367342549e-01  4.1883334543e+00  1.8152690755e+00 -1.6900794259e+00 -1.8080415630e-01  2.6717350873e+00 -2.2967410133e-01  5.7512353320e-01  1.6951540709e+00  1.9749500732e+00  8.5331690467e-01  1.7499639127e+00  2.4677224614e+00  2.6112826591e+00 -7.8000868104e-01  2.1867373730e+00  2.7531105999e+00 -7.9939435701e-01  1.7085833157e+00  9.8421080008e-01 -6.2443676925e-01 -1.9819767700e+00  2.3476674930e-01 -4.5085649653e-01 -2.2725035888e+00  1.9681971739e+00 -1.4456425105e+00 -9.2235830835e-01  1.3942128772e+00  8.4129675211e-01  1.0568666283e+00  4.3177569765e+00  1.7740333377e+00 -3.8016852028e-01  3.8107086653e+00 -1.7143513232e+00 -4.3048657848e-01  5.2976237655e+00 -2.0302961606e+00 -4.3143689958e-01  3.6978533260e+00
ENERGY -4.045100556290e+02

JOB 18
COORDS  1.7525891539e+00 -8.2415853764e-01  4.9281200297e-01  6.7916157543e-01 -5.9028148784e-01  1.2607439264e+00  1.2377919951e+00  1.8847676539e+00  1.8646381852e+00 -2.6476116033e-01  1.7250512694e+00  1.9514654438e+00  6.4350781457e-01  5.4568815391e-01  2.2485037442e+00 -5.3539845241e-01 -1.4896520090e+00  1.2297078527e+00  8.2363046350e-01  1.5519192728e-01  3.7093270130e+00 -1.4044099783e+00 -3.5822655967e-02  4.4235473966e+00 -1.6052260240e-01 -7.4829036130e-01  4.2214036944e+00  1.7797617391e+00 -1.6543842590e+00 -2.0979843296e-01  2.6355789743e+00 -1.9177256981e-01  5.4111931211e-01  1.6778444693e+00  1.9792536088e+00  8.7759536553e-01  1.7374612788e+00  2.4631720126e+00  2.6374689395e+00 -7.9154963284e-01  2.1788099732e+00  2.7848191281e+00 -8.1439512055e-01  1.7076806155e+00  1.0140340514e+00 -5.2631747497e-01 -2.1436596616e+00  3.5238536437e-01 -5.6496353303e-01 -2.1199050031e+00  2.1248197887e+00 -1.4594060544e+00 -8.9989685496e-01  1.2086944167e+00  8.4626026325e-01  1.0548855382e+00  4.3365063289e+00  1.7659603963e+00 -3.9039455156e-01  3.8295174071e+00 -1.7399911911e+00 -4.2978779136e-01  5.3047101247e+00 -2.0267792411e+00 -4.0404561468e-01  3.6989202809e+00
ENERGY -4.045111056783e+02

JOB 19
COORDS  1.7419934272e+00 -7.9482252876e-01  4.6851720083e-01  6.8444310707e-01 -5.9697452730e-01  1.2681151516e+00  1.2236342217e+00  1.8794919326e+00  1.8832893217e+00 -2.7721436199e-01  1.7087977541e+00  1.9702207134e+00  6.4017172288e-01  5.3380202987e-01  2.2619071586e+00 -5.2648169780e-01 -1.4991890022e+00  1.2271669127e+00  8.2376915538e-01  1.4249054018e-01  3.7227166133e+00 -1.3997751633e+00 -1.0835099488e-02  4.4596227485e+00 -1.7023451865e-01 -7.4479135035e-01  4.2450134845e+00  1.7702148882e+00 -1.6172952707e+00 -2.4293982111e-01  2.6133138442e+00 -1.4571745958e-01  5.0393605719e-01  1.6618555487e+00  1.9833407537e+00  8.9653010638e-01  1.7192823541e+00  2.4578845592e+00  2.6586214203e+00 -8.0625302117e-01  2.1555642681e+00  2.8058896588e+00 -8.2709781452e-01  1.6915947674e+00  1.0330405243e+00 -4.2225435921e-01 -2.2813059819e+00  4.6973432992e-01 -6.8565551841e-01 -1.9706834823e+00  2.2021946475e+00 -1.4292078877e+00 -9.1825315288e-01  9.9837503503e-01  8.6193351142e-01  1.0428669550e+00  4.3478498426e+00  1.7592716292e+00 -4.1544738190e-01  3.8387311276e+00 -1.7452493350e+00 -4.1773758974e-01  5.3309631810e+00 -2.0287891224e+00 -3.4826164211e-01  3.7254580958e+00
ENERGY -4.045113440245e+02

JOB 20
COORDS  1.7377784348e+00 -7.6445710797e-01  4.4626053520e-01  6.9462297693e-01 -6.0129471604e-01  1.2722853921e+00  1.2106540431e+00  1.8760778308e+00  1.9028854617e+00 -2.8860770472e-01  1.6924925876e+00  1.9878857306e+00  6.3914944881e-01  5.2280023831e-01  2.2730668898e+00 -5.1375398982e-01 -1.5078269146e+00  1.2143740729e+00  8.2383002615e-01  1.2597057798e-01  3.7327704253e+00 -1.3893365629e+00  2.3631458960e-02  4.5102966452e+00 -1.8504424867e-01 -7.4120001708e-01  4.2618964217e+00  1.7701886094e+00 -1.5791727150e+00 -2.7403293565e-01  2.5964504838e+00 -9.8523494849e-02  4.7213652727e-01  1.6479480763e+00  1.9916154111e+00  9.1715437620e-01  1.7003788387e+00  2.4539891369e+00  2.6822278048e+00 -8.2060358734e-01  2.1308266954e+00  2.8261198158e+00 -8.3806351176e-01  1.6762749888e+00  1.0505507061e+00 -3.2591047011e-01 -2.3986284965e+00  6.0860193064e-01 -8.1890902672e-01 -1.8136758048e+00  2.2189040746e+00 -1.3642676291e+00 -9.7071743256e-01  7.7371208310e-01  8.8253755068e-01  1.0242102363e+00  4.3589250216e+00  1.7491711341e+00 -4.4970561266e-01  3.8426740240e+00 -1.7332289287e+00 -3.9132348399e-01  5.3784624129e+00 -2.0400670280e+00 -2.7891305878e-01  3.7796707447e+00
ENERGY -4.045106515342e+02

JOB 21
COORDS  1.7378641340e+00 -7.6705174222e-01  4.4888239743e-01  6.9480009373e-01 -6.1027876046e-01  1.2761173931e+00  1.1994718551e+00  1.8681595662e+00  1.9080537187e+00 -2.9853558483e-01  1.6759493677e+00  2.0032732025e+00  6.3833897502e-01  5.1114486470e-01  2.2792062364e+00 -5.2112984715e-01 -1.5098708664e+00  1.1961979269e+00  8.3234099261e-01  1.0817242370e-01  3.7360246643e+00 -1.3613400207e+00  5.4587104998e-02  4.5735437021e+00 -1.8835436409e-01 -7.4001265700e-01  4.2744217628e+00  1.7720957478e+00 -1.5796911224e+00 -2.7401623623e-01  2.5949153252e+00 -9.9209090294e-02  4.7709386929e-01  1.6293463743e+00  1.9879980856e+00  9.1957274294e-01  1.6904965177e+00  2.4481275677e+00  2.6850136017e+00 -8.2517065557e-01  2.1109399846e+00  2.8465796344e+00 -8.5538321157e-01  1.6587362582e+00  1.0703939028e+00 -2.7420161159e-01 -2.4982666288e+00  7.9914023246e-01 -9.9377593071e-01 -1.6227360286e+00  2.1741140381e+00 -1.2725220375e+00 -1.0607075141e+00  5.3308718709e-01  9.1605130504e-01  1.0028700892e+00  4.3640504821e+00  1.7474373275e+00 -4.8578247064e-01  3.8331470968e+00 -1.6822686607e+00 -3.5538964000e-01  5.4528741339e+00 -2.0486543350e+00 -2.2641366710e-01  3.8683580514e+00
ENERGY -4.045092644644e+02

JOB 22
COORDS  1.7355659209e+00 -7.8656330006e-01  4.7618307306e-01  6.7446665528e-01 -5.9808628766e-01  1.2727850401e+00  1.1897817284e+00  1.8776437926e+00  1.9051517655e+00 -3.0789809981e-01  1.6864953635e+00  2.0196958120e+00  6.3037786648e-01  5.2079577623e-01  2.2784012797e+00 -5.5703385979e-01 -1.4806195770e+00  1.1694848060e+00  8.4408154161e-01  1.0665152277e-01  3.7286541095e+00 -1.3329337665e+00  2.1008232842e-02  4.6046665687e+00 -1.6216538931e-01 -7.5987219537e-01  4.2645562089e+00  1.7670633862e+00 -1.6019635971e+00 -2.4415630812e-01  2.6076839546e+00 -1.3955558171e-01  5.2483274541e-01  1.6074893164e+00  1.9980632859e+00  9.1136805452e-01  1.6914839723e+00  2.4549862119e+00  2.6773167771e+00 -8.2244464817e-01  2.1189943292e+00  2.8718296316e+00 -8.7809079454e-01  1.6735611292e+00  1.0947493201e+00 -2.9295887606e-01 -2.5371054084e+00  1.0670493810e+00 -1.2020895233e+00 -1.3689168750e+00  2.0419866984e+00 -1.1519817436e+00 -1.2002907601e+00  2.9141219107e-01  9.2383349163e-01  9.9511446842e-01  4.3660124482e+00  1.7669702665e+00 -4.7773547292e-01  3.8088984886e+00 -1.6215119011e+00 -3.9445464403e-01  5.4926719943e+00 -2.0401406572e+00 -2.6555210452e-01  3.9219875842e+00
ENERGY -4.045078418475e+02

JOB 23
COORDS  1.6911127580e+00 -8.1887390623e-01  5.2025295592e-01  6.1236485005e-01 -5.7320804379e-01  1.2762061870e+00  1.1730260203e+00  1.8928478019e+00  1.9113758724e+00 -3.2591687837e-01  1.7210750400e+00  2.0490471004e+00  5.9933216717e-01  5.4286776567e-01  2.2854727077e+00 -6.3187718706e-01 -1.4416304862e+00  1.1863571362e+00  8.3291502635e-01  1.1144314065e-01  3.7265974747e+00 -1.3385809982e+00 -5.4529040843e-02  4.6033351295e+00 -1.4607620770e-01 -7.9379668520e-01  4.2477536994e+00  1.7112121929e+00 -1.6414070572e+00 -1.9253857243e-01  2.5854308497e+00 -2.0447876044e-01  5.8835877960e-01  1.5772648969e+00  2.0100342691e+00  9.1141203194e-01  1.6956723330e+00  2.4588195589e+00  2.6782251788e+00 -8.2192772144e-01  2.1550549133e+00  2.9114914255e+00 -9.1095987756e-01  1.7216027924e+00  1.1331682066e+00 -4.0791629956e-01 -2.4806323632e+00  1.4479591891e+00 -1.4086628203e+00 -1.0967433989e+00  1.8709804739e+00 -1.0472073306e+00 -1.4346622490e+00  1.7268451754e-01  8.9199011337e-01  9.9029961819e-01  4.3797032325e+00  1.7718279034e+00 -4.4908357708e-01  3.7908624456e+00 -1.5965119889e+00 -4.7223898087e-01  5.4997814301e+00 -2.0452891383e+00 -3.7524512845e-01  3.9359325798e+00
ENERGY -4.045075574469e+02

