JOB 0
COORDS -1.4703000499e+00 -3.0800293513e-01  5.5007183227e-01 -6.0303922830e-01  7.9034464087e-01  5.5639933151e-01 -1.0577406302e+00 -1.5078551188e+00 -3.7849101452e-02  6.6263099962e-01  6.8758113780e-01 -2.5015449395e-02  2.1359754522e-01 -1.6087155854e+00 -6.0983430808e-01  1.0857210582e+00 -5.1598076315e-01 -6.0506909483e-01  3.7158802404e+00 -6.8970080012e-01  7.8420313199e-01  4.9038440672e+00 -2.0300866632e-01  1.6068179920e+00  6.1908943092e+00 -2.5289076509e-02  7.9469201528e-01  5.8914933235e+00  7.8855396920e-01 -4.6383624534e-01  4.7876063802e+00  1.1722423334e-01 -1.2739539941e+00  2.4331845422e+00 -5.9739887440e-01 -1.2894729792e+00  3.5668650870e+00 -1.2097733683e-01 -4.7883894582e-01  2.9010098688e+00 -1.4785282172e+00  1.2521732384e+00 -2.4559561874e+00 -2.3024968037e-01  1.0019626070e+00 -9.1528026096e-01  1.7269453832e+00  1.0121564717e+00 -1.7217069569e+00 -2.3687686850e+00 -4.1565345128e-02  1.3371472278e+00  1.5409400137e+00 -1.5958115389e-02  5.3915489193e-01 -2.5528008833e+00 -1.0404182304e+00  5.0300679996e+00 -9.0966628197e-01  2.4291650307e+00  4.6081597489e+00  7.5882086338e-01  2.0458090889e+00  6.5844381952e+00 -1.0091566638e+00  5.0828246884e-01  6.9609838554e+00  4.5946570116e-01  1.4042857354e+00  6.7830230485e+00  8.8586359289e-01 -1.0930483750e+00  5.5724579397e+00  1.8006585863e+00 -1.8698791719e-01  5.1532148595e+00 -8.3630269494e-01 -1.6886910996e+00  4.5122425952e+00  7.4984122994e-01 -2.1240715184e+00  2.4189527216e+00  2.5943494954e-02 -2.1901584647e+00  2.6115963503e+00 -1.6324749017e+00 -1.6147204995e+00
ENERGY -5.964137628496e+02

JOB 1
COORDS -1.4506389376e+00 -1.8370281978e-01  5.1260402535e-01 -5.4199731576e-01  8.7781492163e-01  4.3536782267e-01 -1.0814291214e+00 -1.4434882859e+00  3.0460784692e-02  7.2146964859e-01  6.7840125880e-01 -1.2625981389e-01  1.8703751486e-01 -1.6397412985e+00 -5.2295383117e-01  1.0981040979e+00 -5.8257929760e-01 -6.0735199643e-01  3.7778745401e+00 -8.5921008829e-01  7.5836914653e-01  4.9559414657e+00 -3.6036478993e-01  1.5867922189e+00  6.1896854956e+00  1.5044992668e-02  7.6048170490e-01  5.7708382698e+00  9.2093152374e-01 -3.9694213888e-01  4.7235644019e+00  2.2402638635e-01 -1.2590932645e+00  2.4490386684e+00 -7.7160475967e-01 -1.2659089740e+00  3.5727656581e+00 -2.5205538305e-01 -4.7152024548e-01  3.0051521297e+00 -1.7071198819e+00  1.1988419916e+00 -2.4342716287e+00 -3.1574858091e-02  9.4977953462e-01 -8.1956662090e-01  1.8598021558e+00  8.1100101468e-01 -1.7767243390e+00 -2.2766416856e+00  9.6872502045e-02  1.4295977492e+00  1.5024324295e+00 -1.7980584742e-01  4.8035384398e-01 -2.6282341966e+00 -8.6823464022e-01  5.1730563104e+00 -1.1353380576e+00  2.3245441185e+00  4.5978111655e+00  5.1809494393e-01  2.1393309711e+00  6.6584752633e+00 -8.9390787818e-01  3.6165720474e-01  6.9365824734e+00  5.0537412992e-01  1.3940177101e+00  6.6284923555e+00  1.1831709914e+00 -1.0259731965e+00  5.3532818298e+00  1.8562928071e+00 -4.6279910863e-03  5.1841627869e+00 -6.2097366973e-01 -1.7958787713e+00  4.3452760606e+00  9.1686356396e-01 -2.0176854914e+00  2.4657400012e+00 -2.3144239080e-01 -2.2181462302e+00  2.6016409956e+00 -1.8356568829e+00 -1.4883422726e+00
ENERGY -5.964164310345e+02

JOB 2
COORDS -1.3950683909e+00 -1.1751796083e-01  4.6424138147e-01 -5.0627733049e-01  9.3233388233e-01  2.0513007300e-01 -1.0167004967e+00 -1.4313767692e+00  1.7077069457e-01  7.4699387519e-01  6.6493764934e-01 -3.5100779921e-01  2.4175834569e-01 -1.6934994042e+00 -3.7920529100e-01  1.1311686755e+00 -6.4950978313e-01 -6.5004768073e-01  3.8580030844e+00 -1.0816574560e+00  6.9473576882e-01  5.0304441252e+00 -6.0176394946e-01  1.5414133097e+00  6.1942513992e+00 -1.8712156250e-02  7.3525079603e-01  5.6540600683e+00  9.9130676484e-01 -2.7669063509e-01  4.6564445246e+00  3.1680328928e-01 -1.2126641879e+00  2.4813569503e+00 -9.1579626450e-01 -1.2852840155e+00  3.6060246084e+00 -4.0989372917e-01 -4.8397482086e-01  3.1257075931e+00 -1.9920639775e+00  1.0824988964e+00 -2.3711072222e+00  8.7005170409e-02  8.9712058142e-01 -7.9171603416e-01  1.9562388073e+00  4.3427347197e-01 -1.6959426294e+00 -2.2533380701e+00  3.8274640965e-01  1.4386110556e+00  1.4821815038e+00 -5.4633088494e-01  5.4791803857e-01 -2.7182269849e+00 -5.7295822413e-01  5.3379237996e+00 -1.4470754977e+00  2.1606532122e+00  4.6291228217e+00  1.6080261424e-01  2.2213693675e+00  6.7183264486e+00 -8.2371376206e-01  2.0381183854e-01  6.9249630475e+00  4.4769517236e-01  1.4047125875e+00  6.4614427957e+00  1.4264122801e+00 -8.7555303698e-01  5.1573187975e+00  1.8144621727e+00  2.5158783476e-01  5.1872092709e+00 -3.7328259294e-01 -1.8877624737e+00  4.1701029808e+00  1.0691072527e+00 -1.8423736094e+00  2.5338958423e+00 -4.1503598642e-01 -2.2567394707e+00  2.6007660948e+00 -1.9912631767e+00 -1.4575251987e+00
ENERGY -5.964181029440e+02

JOB 3
COORDS -1.3695675655e+00  4.9263222096e-02  4.7430558990e-01 -6.8408095706e-01  1.0095853953e+00 -2.7755541636e-01 -8.1035720125e-01 -1.2210747981e+00  6.4902085458e-01  5.5186742380e-01  6.9359171713e-01 -8.4864288231e-01  4.2845891356e-01 -1.5324002069e+00  8.0137995805e-02  1.1219132335e+00 -5.7651009611e-01 -6.7419033811e-01  3.9561104115e+00 -1.3123911905e+00  5.8411275815e-01  5.1486791845e+00 -9.2207543371e-01  1.4491756442e+00  6.2044317575e+00 -7.2070967890e-02  7.3848133101e-01  5.5145654338e+00  1.0712338524e+00 -4.4562768172e-03  4.5287101869e+00  5.1314467321e-01 -1.0252300903e+00  2.4721977021e+00 -8.8778460362e-01 -1.2907176721e+00  3.6027919063e+00 -4.6757664264e-01 -4.4070223018e-01  3.3001191733e+00 -2.3248963359e+00  8.4303625556e-01 -2.3328486518e+00  2.8874974942e-01  9.1792701144e-01 -1.1144313428e+00  1.9972593626e+00 -4.2414325386e-01 -1.3379498137e+00 -1.9707156098e+00  1.2336109796e+00  1.0767063016e+00  1.4413093250e+00 -1.4410468681e+00  8.7856935318e-01 -2.5067788558e+00  2.3853599414e-01  5.5631394305e+00 -1.8513571840e+00  1.8461706143e+00  4.7384720353e+00 -3.7021967163e-01  2.3046487914e+00  6.7608013596e+00 -6.9025142218e-01  2.1966462219e-02  6.9335631363e+00  3.1061607572e-01  1.4606800391e+00  6.2404166250e+00  1.7043781846e+00 -5.2608442137e-01  4.9777044701e+00  1.7070158485e+00  7.1008436648e-01  5.0774952308e+00  4.8694946091e-02 -1.8596093185e+00  3.9320078900e+00  1.3283939522e+00 -1.4472679277e+00  2.5742259889e+00 -3.6511817223e-01 -2.2450089834e+00  2.5568025173e+00 -1.9615527494e+00 -1.4807203904e+00
ENERGY -5.964197097404e+02

JOB 4
COORDS -1.3153199123e+00  1.5892133025e-01  4.5124288057e-01 -7.3674715343e-01  9.5224702791e-01 -5.4367993336e-01 -6.6290042628e-01 -1.0053452546e+00  8.7469804793e-01  4.8882847258e-01  5.8021804455e-01 -1.1068840580e+00  5.6134235608e-01 -1.3752070442e+00  3.1216476023e-01  1.1508979899e+00 -5.8118384144e-01 -6.8434070892e-01  4.0670038684e+00 -1.4935968625e+00  5.0065572020e-01  5.2822330721e+00 -1.1319458771e+00  1.3468163763e+00  6.2103560448e+00 -8.2096345177e-02  7.3247909080e-01  5.3728952523e+00  1.0867688827e+00  2.1551930746e-01  4.3977308822e+00  5.9631871601e-01 -8.4901765060e-01  2.4935390976e+00 -9.5532428846e-01 -1.2808738795e+00  3.6264967661e+00 -5.7600332167e-01 -4.1770793598e-01  3.4774370292e+00 -2.5634295734e+00  6.8702015094e-01 -2.2688336729e+00  4.4212355752e-01  8.9011429729e-01 -1.2395932523e+00  1.8541438411e+00 -8.8405931165e-01 -1.1112160488e+00 -1.6281470862e+00  1.6449897147e+00  9.3012375804e-01  1.1964654801e+00 -1.8884254214e+00  1.0778523373e+00 -2.2698934336e+00  6.4538915760e-01  5.8004845502e+00 -2.0696050459e+00  1.5608422362e+00  4.8878707174e+00 -7.6974031797e-01  2.3047202379e+00  6.7753969435e+00 -5.2238911045e-01 -9.9340847099e-02  6.9447651172e+00  2.5477146631e-01  1.4719146298e+00  6.0028229095e+00  1.8704675698e+00 -2.1878021500e-01  4.8134634723e+00  1.5372122917e+00  1.0444250862e+00  4.9446433715e+00  3.5094454182e-01 -1.7726579151e+00  3.6862919757e+00  1.3915960999e+00 -1.0967603382e+00  2.6309818031e+00 -4.5645245822e-01 -2.2441510653e+00  2.5438644135e+00 -2.0343970434e+00 -1.4435860230e+00
ENERGY -5.964216292263e+02

JOB 5
COORDS -1.2406737465e+00  2.9682760398e-01  4.1363814741e-01 -7.3060939434e-01  9.2751006415e-01 -7.2398173135e-01 -5.3756658765e-01 -7.6946496327e-01  9.8956211033e-01  4.7902910386e-01  4.9324215674e-01 -1.2796143044e+00  6.6819016991e-01 -1.2017146064e+00  4.3399580860e-01  1.1884729577e+00 -5.7058917505e-01 -7.0807894716e-01  4.1559719727e+00 -1.5933814105e+00  4.2463226203e-01  5.3742312066e+00 -1.2162705801e+00  1.2596729613e+00  6.1720601745e+00 -1.6545954700e-02  7.4487179745e-01  5.2042220472e+00  1.1113123290e+00  3.8945295724e-01  4.2562258968e+00  6.5169529337e-01 -7.1275122915e-01  2.5128846913e+00 -1.0232988368e+00 -1.2890415544e+00  3.6528252680e+00 -6.5598737314e-01 -4.3753644136e-01  3.6291811752e+00 -2.7029960217e+00  5.6420520070e-01 -2.1802836511e+00  6.2961941111e-01  8.4753410844e-01 -1.2718387492e+00  1.7531998536e+00 -1.1793445870e+00 -9.3416983570e-01 -1.2666676414e+00  1.8714354668e+00  8.6988115932e-01  9.8367733396e-01 -2.1694602997e+00  1.2183866378e+00 -2.0279199385e+00  8.7565124324e-01  5.9856610447e+00 -2.1187579702e+00  1.3377622939e+00  4.9967367009e+00 -1.0127433357e+00  2.2695279484e+00  6.7453595480e+00 -3.0081458975e-01 -1.4699658711e-01  6.8973892147e+00  3.0804406791e-01  1.4985893845e+00  5.7360233761e+00  2.0050040662e+00  4.6152343294e-02  4.6255165783e+00  1.3953928485e+00  1.2768654771e+00  4.7936736488e+00  6.0341633821e-01 -1.6723148358e+00  3.4428271270e+00  1.3759821390e+00 -8.3445932008e-01  2.6697346704e+00 -5.7329142613e-01 -2.2747958474e+00  2.5262543355e+00 -2.1090248144e+00 -1.3994529098e+00
ENERGY -5.964232315087e+02

JOB 6
COORDS -1.1640265074e+00  4.2590653284e-01  3.7007827504e-01 -7.1651869593e-01  8.9099818899e-01 -8.6899274454e-01 -4.1714365742e-01 -5.3822744345e-01  1.0602720028e+00  4.7488037662e-01  3.9513827833e-01 -1.4132059673e+00  7.6893346433e-01 -1.0320004685e+00  5.1458251139e-01  1.2258722744e+00 -5.6811042356e-01 -7.2979425963e-01  4.2582084272e+00 -1.6868406447e+00  3.2628346159e-01  5.4765101475e+00 -1.2896698422e+00  1.1520705669e+00  6.1356832495e+00  3.1858087633e-02  7.5323781958e-01  5.0484941144e+00  1.0868400805e+00  5.5460564490e-01  4.1177575324e+00  6.6432718103e-01 -5.7686424687e-01  2.5274361548e+00 -1.0993413347e+00 -1.2954372426e+00  3.6832161441e+00 -7.3206939752e-01 -4.7099701515e-01  3.8077543881e+00 -2.8349171383e+00  4.0502163208e-01 -2.0881372968e+00  8.0869264946e-01  7.9578800375e-01 -1.2904685165e+00  1.6387326157e+00 -1.4106741756e+00 -7.6492990866e-01 -9.0736699106e-01  2.0219845566e+00  8.2059959972e-01  7.6009013000e-01 -2.3786929278e+00  1.3486470335e+00 -1.7846769465e+00  1.0429404498e+00  6.1707466764e+00 -2.1325699967e+00  1.1005970984e+00  5.1321432069e+00 -1.2413419908e+00  2.1924130751e+00  6.6995086363e+00 -9.3202560510e-02 -1.8008452179e-01  6.8536704022e+00  3.4300970093e-01  1.5195542728e+00  5.4750135804e+00  2.0657103168e+00  3.1155032387e-01  4.4731131275e+00  1.2025315447e+00  1.4814250475e+00  4.6199691341e+00  8.0686068786e-01 -1.5459195906e+00  3.2216658061e+00  1.2948129876e+00 -5.8332425482e-01  2.6874224498e+00 -7.0640511583e-01 -2.3064252725e+00  2.5067853897e+00 -2.1886231829e+00 -1.3477929908e+00
ENERGY -5.964237969565e+02

JOB 7
COORDS -1.1595532255e+00  5.7655971279e-01  2.9377668786e-01 -7.6595257806e-01  8.1036745400e-01 -1.0263509273e+00 -3.6781004637e-01 -2.3228456200e-01  1.1196136087e+00  4.1570607060e-01  2.4106335529e-01 -1.5166299718e+00  8.0704797838e-01 -8.0121797978e-01  6.2525478564e-01  1.2107489624e+00 -5.6941674571e-01 -6.9892078674e-01  4.4224120229e+00 -1.8035141019e+00  1.5079748590e-01  5.6472942776e+00 -1.3876410513e+00  9.5881394804e-01  6.1275792112e+00  4.7756533071e-02  7.3799665068e-01  4.9212006065e+00  9.8426360959e-01  7.6223869691e-01  3.9604561050e+00  6.2110581004e-01 -3.6378257871e-01  2.4896067174e+00 -1.1958507610e+00 -1.2150953054e+00  3.6619993458e+00 -8.1427594084e-01 -4.2264581023e-01  4.1282752262e+00 -2.9990511838e+00  5.7141459029e-02 -2.0749325974e+00  1.0193509828e+00  6.7790788094e-01 -1.3736203203e+00  1.4382040249e+00 -1.6731959336e+00 -6.7136399708e-01 -4.2158352568e-01  2.1462954750e+00  7.2197908008e-01  4.3171296353e-01 -2.5433735482e+00  1.4208650472e+00 -1.4321501672e+00  1.2639514532e+00  6.4246773482e+00 -2.1238175822e+00  7.3893109355e-01  5.3757705584e+00 -1.5362554830e+00  2.0113164461e+00  6.6354729867e+00  1.3136700327e-01 -2.3139406163e-01  6.8591358027e+00  3.2349012050e-01  1.5051307262e+00  5.2209905488e+00  2.0307880623e+00  6.4289192235e-01  4.4061649789e+00  9.0044448741e-01  1.7274000341e+00  4.3841722190e+00  9.3695216653e-01 -1.3299287551e+00  3.0145259104e+00  1.1569029141e+00 -2.4028922125e-01  2.6507843409e+00 -8.9785355123e-01 -2.2597724463e+00  2.4325142047e+00 -2.2847363410e+00 -1.1812955868e+00
ENERGY -5.964230691420e+02

JOB 8
COORDS -1.1941984779e+00  7.4500910731e-01  1.5412886079e-01 -7.2438647592e-01  8.7927327817e-01 -1.1550049413e+00 -4.9697913685e-01 -6.4301642595e-02  1.0606427720e+00  4.3970602524e-01  2.1157960186e-01 -1.5541072551e+00  6.5993746878e-01 -7.3222384547e-01  6.5590134428e-01  1.1423948063e+00 -5.9904049422e-01 -6.5574251884e-01  4.5252705278e+00 -1.8433980356e+00 -1.2368864159e-02  5.7817168876e+00 -1.3992255361e+00  7.2990459963e-01  6.1096353832e+00  9.1496643142e-02  6.3312452697e-01  4.8358588808e+00  8.9670702201e-01  8.7973335303e-01  3.7905966115e+00  5.5826852745e-01 -1.7666035725e-01  2.3978518254e+00 -1.3296608789e+00 -1.0752491438e+00  3.5949756970e+00 -8.8768610760e-01 -3.4301516655e-01  4.3531854798e+00 -3.0402591251e+00 -2.6181398623e-01 -2.0965486461e+00  1.2639532464e+00  4.6705053744e-01 -1.2599594109e+00  1.5046733137e+00 -1.8647948780e+00 -8.6008587441e-01 -1.7704209222e-01  2.0791811322e+00  8.0570317827e-01  3.2468969750e-01 -2.5724898986e+00  1.2019123122e+00 -1.3609860356e+00  1.3591379899e+00  6.5956129604e+00 -2.0281004350e+00  3.6097941427e-01  5.6264096640e+00 -1.6822040939e+00  1.7786250930e+00  6.5029777802e+00  3.2695347834e-01 -3.6419327891e-01  6.8915612493e+00  3.5455499673e-01  1.3536827160e+00  5.0282811799e+00  1.9743649152e+00  8.4667035433e-01  4.4390497092e+00  6.6669000815e-01  1.8765830902e+00  4.0867216608e+00  9.9527200345e-01 -1.1435717397e+00  2.8303914988e+00  1.0050252016e+00  9.0405778222e-02  2.5585541605e+00 -1.1907260603e+00 -2.1534147684e+00  2.3076701660e+00 -2.4025913289e+00 -9.0073622147e-01
ENERGY -5.964214318163e+02

JOB 9
COORDS -1.1743806757e+00  8.4570280533e-01  8.2687654034e-03 -5.6604958918e-01  9.3730026842e-01 -1.2470213599e+00 -6.3378930994e-01 -6.2717771189e-03  9.7936655706e-01  5.8018246366e-01  1.8501619970e-01 -1.5269540378e+00  5.0793542994e-01 -7.5762770125e-01  6.9257459276e-01  1.1310395169e+00 -6.6670061567e-01 -5.6191299028e-01  4.6378373142e+00 -1.8249255858e+00 -9.2591129887e-02  5.9336580221e+00 -1.3316794583e+00  5.4325217874e-01  6.1271960214e+00  1.8533279043e-01  5.3357984082e-01  4.8317109256e+00  8.5354788008e-01  9.8839830260e-01  3.6941783926e+00  4.9975629214e-01  3.6760707276e-02  2.3711479075e+00 -1.4770079479e+00 -8.5291233766e-01  3.5890356404e+00 -9.4594276216e-01 -2.0503395634e-01  4.5360302949e+00 -3.0023255879e+00 -4.5098796943e-01 -2.0650869346e+00  1.4286996633e+00  2.2785400295e-01 -9.8272828125e-01  1.5924814112e+00 -2.0078218294e+00 -1.1060254219e+00 -8.8021825728e-02  1.9551588396e+00  1.0523226101e+00  2.6188617228e-01 -2.5040953189e+00  9.2710049863e-01 -1.4199503738e+00  1.4471869106e+00  6.7462304056e+00 -1.8574687678e+00  3.6263598182e-02  5.9233650892e+00 -1.7021617230e+00  1.5761427311e+00  6.3768173309e+00  5.2637477185e-01 -4.7950590930e-01  6.9666827166e+00  4.6510507414e-01  1.1792096518e+00  4.9315183053e+00  1.9438570281e+00  1.0184689792e+00  4.5791493312e+00  5.2072129374e-01  2.0030245117e+00  3.8401031294e+00  1.0215663757e+00 -9.2213742528e-01  2.7454809478e+00  8.5295941306e-01  4.4433904953e-01  2.5331171672e+00 -1.5286497621e+00 -1.9375177298e+00  2.2541789262e+00 -2.5059845197e+00 -5.0951032176e-01
ENERGY -5.964195638362e+02

JOB 10
COORDS -1.1849082621e+00  9.0694146813e-01 -1.1408070372e-01 -4.5337150049e-01  9.6942143833e-01 -1.3046656533e+00 -7.8492063592e-01  2.9060828796e-02  8.9981857161e-01  6.7522287095e-01  1.6192483877e-01 -1.4759581303e+00  3.4348395138e-01 -7.7606282843e-01  7.2233999340e-01  1.0895891011e+00 -7.1442579299e-01 -4.6404331711e-01  4.6634094366e+00 -1.7750123695e+00 -1.5485369593e-01  5.9920213125e+00 -1.2314850094e+00  3.6031370841e-01  6.0792249974e+00  2.9281317727e-01  4.4844101433e-01  4.8030936549e+00  8.2558098041e-01  1.0962505744e+00  3.5887110247e+00  4.5886510158e-01  2.4965603325e-01  2.3165038143e+00 -1.5746883788e+00 -6.4001435068e-01  3.5543435162e+00 -9.7100139160e-01 -9.0481610873e-02  4.5902892112e+00 -2.9326462993e+00 -5.8015472408e-01 -2.0639087234e+00  1.5320505207e+00  2.0219024014e-02 -7.6339036360e-01  1.6426928459e+00 -2.0998381634e+00 -1.3539916426e+00 -3.1033658717e-02  1.8240962642e+00  1.2407344323e+00  2.1192017714e-01 -2.4040865543e+00  6.5251100890e-01 -1.4587506210e+00  1.5111305063e+00  6.7688156212e+00 -1.6561158530e+00 -2.8024673793e-01  6.1357245720e+00 -1.6746350600e+00  1.3537952231e+00  6.1842992282e+00  7.2261566294e-01 -5.5616582608e-01  6.9672918870e+00  5.9079515248e-01  1.0162314093e+00  4.8323638996e+00  1.9151416277e+00  1.2044129293e+00  4.6929354938e+00  4.0026130673e-01  2.1017637374e+00  3.5892758652e+00  1.0588643777e+00 -6.7284180277e-01  2.6724219278e+00  7.1198606746e-01  7.8591320683e-01  2.4749337464e+00 -1.7887431072e+00 -1.7031601229e+00  2.1807424256e+00 -2.5428629166e+00 -1.5283209549e-01
ENERGY -5.964183562330e+02

JOB 11
COORDS -1.1444596270e+00  9.7053741074e-01 -2.4539053033e-01 -3.1274813738e-01  9.9327145470e-01 -1.3707877978e+00 -8.6622242088e-01  8.7195020758e-02  8.0268389892e-01  7.9224389370e-01  1.4103232991e-01 -1.4417450114e+00  2.4235478659e-01 -7.6186096459e-01  7.2635937760e-01  1.0870730564e+00 -7.4121891226e-01 -3.9210843719e-01  4.6824080808e+00 -1.7532354808e+00 -2.3826306806e-01  6.0345731312e+00 -1.1668906206e+00  1.5364469469e-01  6.0551543354e+00  3.5072090954e-01  3.4029159109e-01  4.8380494305e+00  7.6304370387e-01  1.1653243094e+00  3.5542237739e+00  3.9226237943e-01  4.3025032805e-01  2.2909847539e+00 -1.6479667400e+00 -4.6695612250e-01  3.5536789534e+00 -1.0057708936e+00 -2.5824029737e-02  4.6138273677e+00 -2.8957878829e+00 -7.0421164004e-01 -2.0064678897e+00  1.6303006399e+00 -1.8969505310e-01 -5.2872724689e-01  1.6700171494e+00 -2.1936498854e+00 -1.5125933744e+00  5.7115245061e-02  1.6761802272e+00  1.4335743088e+00  1.5761965329e-01 -2.3205769114e+00  4.5562669808e-01 -1.4481226323e+00  1.5432068333e+00  6.7474084151e+00 -1.5029172660e+00 -6.0356460666e-01  6.3214888457e+00 -1.6654592903e+00  1.0878790934e+00  6.0199875652e+00  8.5152854306e-01 -6.3589243626e-01  6.9871127051e+00  6.6234417588e-01  8.2420265232e-01  4.8275017757e+00  1.8417735757e+00  1.3548224198e+00  4.8648157749e+00  2.6034392579e-01  2.1403860604e+00  3.4167904542e+00  1.0635259371e+00 -4.2921286892e-01  2.6933872305e+00  5.4568554337e-01  1.0849140731e+00  2.4352607761e+00 -2.0040662928e+00 -1.4910887055e+00  2.1321393940e+00 -2.5413057597e+00  1.4468350019e-01
ENERGY -5.964179564797e+02

JOB 12
COORDS -1.1085263795e+00  1.0193077204e+00 -3.8958416556e-01 -1.9522000414e-01  9.7889479109e-01 -1.4501689900e+00 -9.3668228099e-01  1.6475721874e-01  7.0337602338e-01  8.8228545666e-01  9.1410464471e-02 -1.4114346928e+00  1.4729011789e-01 -7.1927925970e-01  7.3782785113e-01  1.0701842811e+00 -7.6391937535e-01 -3.1483394149e-01  4.6595347293e+00 -1.7284377273e+00 -3.4054887308e-01  6.0207803948e+00 -1.0982649962e+00 -6.3960397463e-02  5.9976644483e+00  3.9714152225e-01  2.5486724597e-01  4.8678304986e+00  6.7315654305e-01  1.2446444087e+00  3.5270665994e+00  3.0073816718e-01  6.2099690655e-01  2.2450627564e+00 -1.7116502595e+00 -2.8015690941e-01  3.5309876161e+00 -1.0539864480e+00  4.8633232558e-02  4.5936616132e+00 -2.8417722496e+00 -8.7252918705e-01 -1.9500033556e+00  1.7066959897e+00 -4.1906447781e-01 -3.2763181617e-01  1.6339444117e+00 -2.3076014067e+00 -1.6453528475e+00  1.8474962287e-01  1.5274393024e+00  1.5873331108e+00  5.7388637886e-02 -2.2396247523e+00  2.7735180633e-01 -1.3820962840e+00  1.5907568698e+00  6.6479979102e+00 -1.3298426377e+00 -9.2861703644e-01  6.4450125161e+00 -1.6570941838e+00  7.7938020602e-01  5.8275914943e+00  9.7652788215e-01 -6.6182025458e-01  6.9655194099e+00  7.1525911753e-01  6.5716529863e-01  4.8338798730e+00  1.7294649334e+00  1.5322519285e+00  5.0270514062e+00  8.9669650550e-02  2.1602532809e+00  3.2676420131e+00  1.0320430221e+00 -1.5605200807e-01  2.7362520767e+00  3.5498432668e-01  1.3741512794e+00  2.3718792464e+00 -2.2050607260e+00 -1.2459921667e+00  2.0608285370e+00 -2.5080968795e+00  4.5024723632e-01
ENERGY -5.964184040283e+02

JOB 13
COORDS -1.0408025271e+00  1.0414887396e+00 -5.5248122560e-01 -5.3999791409e-02  9.3078368775e-01 -1.5405151033e+00 -9.6956435649e-01  2.3656640432e-01  5.8766209155e-01  9.9387578071e-01  2.2098005943e-02 -1.3833619915e+00  8.6597852084e-02 -6.6907204192e-01  7.4210277169e-01  1.0786986973e+00 -7.8551456493e-01 -2.3815982458e-01  4.6239807934e+00 -1.6510906838e+00 -4.6758722068e-01  5.9774212209e+00 -9.7335613791e-01 -2.7806998679e-01  5.9261461811e+00  4.7954697779e-01  1.9645420301e-01  4.9160672774e+00  5.9380052022e-01  1.3363621382e+00  3.5301453465e+00  1.9778675746e-01  8.3988932548e-01  2.2255631890e+00 -1.7578281005e+00 -8.0246133473e-02  3.5267159335e+00 -1.0986812111e+00  1.4631261901e-01  4.5501190487e+00 -2.6948373974e+00 -1.1238212288e+00 -1.8592770963e+00  1.7463269632e+00 -6.7402313227e-01 -1.0681783734e-01  1.5486965685e+00 -2.4334346654e+00 -1.7337091740e+00  3.1290767969e-01  1.3570753269e+00  1.7578564150e+00 -6.6345021187e-02 -2.1532628690e+00  1.3875965064e-01 -1.2913587428e+00  1.6331463785e+00  6.5110373537e+00 -1.0829493821e+00 -1.2254607048e+00  6.5201429068e+00 -1.5877772213e+00  4.5113153707e-01  5.6193025708e+00  1.1357389387e+00 -6.2825936491e-01  6.9213635750e+00  8.1032457940e-01  5.1257224497e-01  4.8656176169e+00  1.6158931997e+00  1.7268043708e+00  5.2168023356e+00 -5.9042706592e-02  2.1654085387e+00  3.1403142721e+00  9.7668381239e-01  1.7216353334e-01  2.8329621368e+00  1.3292776466e-01  1.6816133725e+00  2.3395045721e+00 -2.3820890464e+00 -9.6744344531e-01  2.0186426987e+00 -2.4315663045e+00  7.6130309644e-01
ENERGY -5.964199162445e+02

JOB 14
COORDS -9.4246688294e-01  1.0616717135e+00 -7.2632929980e-01  7.4326707917e-02  8.2603369834e-01 -1.6610404702e+00 -9.4358102655e-01  3.6320053481e-01  4.8390582417e-01  1.0797580255e+00 -1.0123972422e-01 -1.3826128847e+00  7.0040068735e-02 -5.6230286954e-01  7.6035606124e-01  1.0892029873e+00 -8.0376496833e-01 -1.6707607578e-01  4.5162361192e+00 -1.5163652213e+00 -6.0309262341e-01  5.8655825884e+00 -8.1628146523e-01 -4.7567657906e-01  5.8318327505e+00  5.5889831239e-01  1.9391527489e-01  4.9778478675e+00  4.8031568129e-01  1.4581452758e+00  3.5569921496e+00  6.8379563668e-02  1.0913862109e+00  2.2009758443e+00 -1.7902766734e+00  1.2229994220e-01  3.5161583558e+00 -1.1476799869e+00  2.6717818643e-01  4.3729539938e+00 -2.4235574171e+00 -1.4278583521e+00 -1.7272717899e+00  1.7819795929e+00 -9.4260401667e-01  7.7257185285e-02  1.3616147958e+00 -2.6071678879e+00 -1.7301099165e+00  5.3884359892e-01  1.2135459268e+00  1.8673879780e+00 -2.8846120816e-01 -2.1094300443e+00  6.7006099682e-02 -1.1004468377e+00  1.7062183729e+00  6.2891010458e+00 -7.7748838396e-01 -1.4820222810e+00  6.5034952071e+00 -1.4981412005e+00  1.0093471647e-01  5.3985446696e+00  1.2990885924e+00 -4.9109399516e-01  6.8495050562e+00  8.9393164896e-01  4.2163338103e-01  4.9402040828e+00  1.4447554438e+00  1.9758917289e+00  5.4097640444e+00 -2.4943045631e-01  2.1542741327e+00  3.0552481552e+00  8.8954131620e-01  5.6291950708e-01  2.9712898367e+00 -1.2493807632e-01  1.9971913553e+00  2.2983637425e+00 -2.5218902792e+00 -6.8006260262e-01  1.9748934255e+00 -2.3319363607e+00  1.0497385993e+00
ENERGY -5.964220842233e+02

JOB 15
COORDS -8.9590712450e-01  1.0492688771e+00 -8.8499075858e-01  1.0723441478e-01  6.8615135699e-01 -1.7932109100e+00 -9.0773101742e-01  4.8544760839e-01  3.9353694392e-01  1.0904854688e+00 -2.3334515613e-01 -1.4233092595e+00  8.1911462562e-02 -4.3391216129e-01  7.6225010984e-01  1.0871945417e+00 -8.0165082354e-01 -1.3904144525e-01  4.3848424902e+00 -1.3398390629e+00 -6.9984730580e-01  5.7374661024e+00 -6.4035367122e-01 -6.2069118675e-01  5.7611994241e+00  6.3527374009e-01  2.2440676028e-01  5.0624823764e+00  3.7024280379e-01  1.5571572678e+00  3.6172148444e+00 -4.4935553810e-02  1.3074110667e+00  2.1806858759e+00 -1.7749860436e+00  2.5463966318e-01  3.5021276321e+00 -1.1404595241e+00  3.3597887542e-01  4.1373558889e+00 -2.1017709752e+00 -1.6391739766e+00 -1.6623358722e+00  1.7638492542e+00 -1.1741793076e+00  1.1701529707e-01  1.1165510347e+00 -2.7915953122e+00 -1.6833366027e+00  7.6113215521e-01  1.1037305288e+00  1.8661754436e+00 -5.2268237900e-01 -2.1280087616e+00  7.1298287312e-02 -8.6752313089e-01  1.7605074640e+00  6.0539468779e+00 -4.6080695302e-01 -1.6506549244e+00  6.4361346759e+00 -1.3776950505e+00 -2.0502239373e-01  5.2413968352e+00  1.4442651836e+00 -3.0470644480e-01  6.7936232945e+00  9.6728209836e-01  3.7808481653e-01  5.0666508546e+00  1.2612554786e+00  2.1940728648e+00  5.5888574643e+00 -4.2406442359e-01  2.1007994700e+00  3.0347845495e+00  8.1789093530e-01  9.5584409285e-01  3.1505647453e+00 -3.8071606406e-01  2.2407159438e+00  2.2619038502e+00 -2.5812552745e+00 -4.7460018117e-01  1.9539509148e+00 -2.2133330361e+00  1.2336121602e+00
ENERGY -5.964236604979e+02

JOB 16
COORDS -8.7075864332e-01  1.0040230967e+00 -1.0416281866e+00  4.4134579745e-02  4.4573404183e-01 -1.9434136295e+00 -8.0921417047e-01  6.5569074817e-01  3.1042948519e-01  1.0148556921e+00 -4.5396593149e-01 -1.4973236232e+00  1.6532697477e-01 -2.4503219086e-01  7.5577420731e-01  1.0842939883e+00 -8.0715115184e-01 -1.3956403533e-01  4.3100887232e+00 -1.2443454796e+00 -6.9583657085e-01  5.6650200657e+00 -5.4699183037e-01 -6.4951515489e-01  5.7568669948e+00  6.2215553063e-01  3.3309319522e-01  5.1765850517e+00  1.9028143161e-01  1.6787037710e+00  3.7109480122e+00 -1.9582974093e-01  1.5108147773e+00  2.1633243860e+00 -1.7555570757e+00  3.4633885369e-01  3.4903094056e+00 -1.1272779057e+00  3.9860330207e-01  3.9981078479e+00 -1.9249717060e+00 -1.6785297171e+00 -1.6270327110e+00  1.7020020995e+00 -1.3919522530e+00 -3.5914240704e-03  7.0920027412e-01 -2.9972048012e+00 -1.5175475599e+00  1.0819739091e+00  1.0165484996e+00  1.7267960047e+00 -8.8965131563e-01 -2.1927291256e+00  2.0828970854e-01 -5.1552861100e-01  1.8093407292e+00  5.8908484701e+00 -2.4465955124e-01 -1.6747998590e+00  6.3984879640e+00 -1.3193104877e+00 -3.8542662753e-01  5.1899030166e+00  1.4797841658e+00 -5.1020289951e-02  6.7971086102e+00  9.4859092020e-01  4.3758407117e-01  5.2450982876e+00  9.9219275766e-01  2.4214365241e+00  5.7430428339e+00 -6.6513149846e-01  2.0673012906e+00  3.1021524781e+00  7.0622686864e-01  1.3543130529e+00  3.3390892634e+00 -6.7437261354e-01  2.4243890345e+00  2.2434256182e+00 -2.6150138409e+00 -3.2017319995e-01  1.9246799320e+00 -2.1163569211e+00  1.3523117187e+00
ENERGY -5.964238304072e+02

JOB 17
COORDS -9.0895262629e-01  9.6011514014e-01 -1.1728444170e+00 -9.1251297021e-02  2.4065154873e-01 -2.0524459351e+00 -7.4478574278e-01  8.0524087154e-01  2.0694504876e-01  8.8723290320e-01 -6.2678019836e-01 -1.5595546721e+00  2.3455896864e-01 -6.4222242241e-02  6.9890972368e-01  1.0603412884e+00 -7.8536824200e-01 -1.7545427209e-01  4.2388093509e+00 -1.0819000193e+00 -7.1477304437e-01  5.5847389304e+00 -3.6735075935e-01 -6.8478909086e-01  5.7421903114e+00  6.6349011926e-01  4.3404206276e-01  5.2738996054e+00  4.0759451540e-02  1.7479481818e+00  3.7972069524e+00 -3.3048020152e-01  1.6509253760e+00  2.1440823069e+00 -1.6950766850e+00  3.7093576671e-01  3.4645493043e+00 -1.0475481917e+00  4.1517755762e-01  3.8827641888e+00 -1.6888340217e+00 -1.7306209346e+00 -1.6705325064e+00  1.6324352673e+00 -1.5600804578e+00 -2.1798836530e-01  3.5453325826e-01 -3.1262836893e+00 -1.3799367654e+00  1.3548776755e+00  8.9732815362e-01  1.5333062722e+00 -1.1759465019e+00 -2.2373662314e+00  3.5234771908e-01 -1.8885957772e-01  1.7740032232e+00  5.7205190926e+00  7.3016080932e-02 -1.6757195187e+00  6.3474212276e+00 -1.1500964871e+00 -5.8835162651e-01  5.1381316466e+00  1.5529628713e+00  2.1417959765e-01  6.7841208594e+00  9.9380413643e-01  5.0259258610e-01  5.4064431053e+00  7.2817385230e-01  2.5900850714e+00  5.8687383582e+00 -8.5598027289e-01  1.9615674562e+00  3.1818836784e+00  5.7885978974e-01  1.7157144777e+00  3.5141129151e+00 -9.6738015669e-01  2.4973388432e+00  2.2388904637e+00 -2.5853769302e+00 -2.5333115808e-01  1.8967817729e+00 -2.0101659076e+00  1.3887115834e+00
ENERGY -5.964225650018e+02

JOB 18
COORDS -9.4068372330e-01  8.8118606433e-01 -1.2663659391e+00 -2.1041706495e-01  4.2008851570e-03 -2.0760113738e+00 -6.8029525902e-01  9.3373853639e-01  1.0694321318e-01  7.7812738387e-01 -8.1402175106e-01 -1.5212546737e+00  3.0624400743e-01  1.1183429306e-01  6.6009978933e-01  1.0470912893e+00 -7.6592095170e-01 -1.4579885990e-01  4.1803366928e+00 -9.3242935386e-01 -6.4309946115e-01  5.5156516774e+00 -1.9775577415e-01 -6.3172352776e-01  5.7555734742e+00  6.8182942339e-01  5.9587509173e-01  5.3834916009e+00 -1.1523197871e-01  1.8446384323e+00  3.8978017040e+00 -4.6295484756e-01  1.8169611462e+00  2.1317673305e+00 -1.6273168960e+00  4.7269860939e-01  3.4454745923e+00 -9.6178754689e-01  5.1243603710e-01  3.7839114321e+00 -1.4805228586e+00 -1.6768111666e+00 -1.7090269769e+00  1.5157076748e+00 -1.7011849295e+00 -4.0953745788e-01 -4.1328749029e-02 -3.1438906318e+00 -1.2484764581e+00  1.6062363585e+00  7.4497715810e-01  1.3642542495e+00 -1.4761443189e+00 -2.1498501451e+00  4.9671609368e-01  1.4755146719e-01  1.7314841990e+00  5.5588224600e+00  3.7146621769e-01 -1.5641254252e+00  6.2929454437e+00 -9.6781357568e-01 -7.0659825290e-01  5.1374604517e+00  1.5867795466e+00  5.3958750292e-01  6.7999466745e+00  1.0092936822e+00  6.3222845732e-01  5.5940269415e+00  4.4431619012e-01  2.7620917752e+00  5.9793555461e+00 -1.0358293456e+00  1.8805321243e+00  3.3073130953e+00  4.2568274546e-01  2.0837597931e+00  3.6796149050e+00 -1.2292531223e+00  2.5704792219e+00  2.2415350179e+00 -2.5544933793e+00 -9.5376116739e-02  1.8659700612e+00 -1.8839748680e+00  1.5011800468e+00
ENERGY -5.964205614544e+02

JOB 19
COORDS -9.5120750648e-01  8.1586612753e-01 -1.4094418675e+00 -3.5138587037e-01 -2.3274153744e-01 -2.1144070244e+00 -5.4583013859e-01  1.0893702241e+00 -9.8280228839e-02  6.5030653616e-01 -1.0033748130e+00 -1.5160980144e+00  4.5040642762e-01  3.1201281001e-01  4.9829246116e-01  1.0585385849e+00 -7.3980322135e-01 -2.0329987285e-01  4.1290227215e+00 -7.3788317863e-01 -6.5461960684e-01  5.4457296921e+00  2.8810924098e-02 -6.3278021437e-01  5.7640130280e+00  7.1604990370e-01  6.9582903806e-01  5.4920463016e+00 -2.7348206502e-01  1.8277083560e+00  4.0097269398e+00 -6.3884470083e-01  1.8592288753e+00  2.1407526410e+00 -1.5638140967e+00  4.6748467996e-01  3.4434456757e+00 -8.7799510648e-01  5.2471502897e-01  3.6896295254e+00 -1.1942447182e+00 -1.7137007279e+00 -1.7281841916e+00  1.4155858598e+00 -1.8770826193e+00 -6.5740426550e-01 -4.4555345117e-01 -3.1356789097e+00 -1.0099099854e+00  1.8998572050e+00  4.5845507828e-01  1.1413450808e+00 -1.7941538287e+00 -2.0741226163e+00  7.5626108604e-01  5.2246359559e-01  1.5218450739e+00  5.4013230649e+00  7.3641430286e-01 -1.4655364867e+00  6.2303620260e+00 -6.9349268866e-01 -8.8717084571e-01  5.1353815824e+00  1.6061046902e+00  8.2442421237e-01  6.8054244252e+00  1.0543999529e+00  7.0990881527e-01  5.7703583436e+00  1.3714664605e-01  2.8039269987e+00  6.0950121697e+00 -1.1768121907e+00  1.6719533298e+00  3.4430348046e+00  1.6888793451e-01  2.3442300993e+00  3.8611751810e+00 -1.5411249056e+00  2.4653483703e+00  2.2662597555e+00 -2.5126165305e+00 -6.3425308985e-02  1.8507889669e+00 -1.7866611167e+00  1.4972664953e+00
ENERGY -5.964183858640e+02

JOB 20
COORDS -1.2581133922e+00 -1.1332113200e+00  5.1510213150e-01 -1.1359621308e+00  2.5273248363e-01  3.7433977890e-01 -1.9822882139e-01 -1.9624886306e+00  1.3056235951e-01  3.7506395468e-02  8.0549937376e-01 -1.4697756211e-01  9.6892035344e-01 -1.4051070937e+00 -3.9708642200e-01  1.0973209720e+00 -1.6839296650e-02 -5.4012930223e-01  3.7259880641e+00  5.3599146831e-01  8.4835336348e-01  4.9629727606e+00  5.7467589278e-02  1.5985981257e+00  5.8642089899e+00 -8.8576943852e-01  8.0051767278e-01  6.0466017323e+00 -3.0079004780e-01 -5.9923749195e-01  4.7048248627e+00 -2.5902189693e-01 -1.3286639211e+00  2.3550676396e+00  5.6613375980e-01 -1.1526035985e+00  3.5882212620e+00  1.5668718294e-01 -4.6664278010e-01  2.8621396162e+00  1.2027819842e+00  1.4195115190e+00 -2.1677919646e+00 -1.5635325103e+00  9.2635113655e-01 -1.9493258693e+00  9.0448255719e-01  6.8348119247e-01 -2.8380496043e-01 -3.0409803540e+00  2.3961833757e-01  1.4262361344e-01  1.8848111175e+00 -2.2214572838e-01  1.7931752289e+00 -2.0520031605e+00 -6.9132412608e-01  4.6014890532e+00 -3.9837227029e-01  2.5251172239e+00  5.5160485135e+00  9.5594130559e-01  1.8958938205e+00  5.4066440025e+00 -1.8805296564e+00  7.2895919664e-01  6.8279028967e+00 -1.0118132949e+00  1.3049687419e+00  6.7520924553e+00 -8.8525041448e-01 -1.1988688509e+00  6.4568152153e+00  7.1331967400e-01 -5.1488939000e-01  4.4768331418e+00 -1.2526364227e+00 -1.7397327312e+00  4.7658403649e+00  4.3092938559e-01 -2.1801365406e+00  2.2849377502e+00  1.6601747585e+00 -1.1638740451e+00  2.4448413533e+00  2.2784954864e-01 -2.1894198191e+00
ENERGY -5.964164318321e+02

JOB 21
COORDS -1.3058720653e+00 -1.0309650955e+00  5.7644378052e-01 -1.1522689913e+00  3.3264361897e-01  3.0676971558e-01 -2.5616429862e-01 -1.9127342568e+00  2.9527656022e-01  4.2582444427e-02  8.1183717762e-01 -2.3761598733e-01  9.3261215983e-01 -1.4301546443e+00 -2.5684089618e-01  1.0939373131e+00 -6.3922723179e-02 -5.2358404086e-01  3.7044199884e+00  3.8794225437e-01  8.6448427905e-01  4.9460263297e+00 -9.0460113536e-02  1.6085343908e+00  5.9343675755e+00 -8.7912457928e-01  7.4804691833e-01  6.0988979814e+00 -1.3628449444e-01 -5.7705033026e-01  4.7735496787e+00 -1.2620385400e-01 -1.3391258181e+00  2.3684144854e+00  4.3257262861e-01 -1.1730183261e+00  3.5969333808e+00  4.0059752688e-02 -4.6733844845e-01  2.8150044444e+00  9.9961004615e-01  1.4538635173e+00 -2.2325150468e+00 -1.4029335427e+00  1.0062941596e+00 -1.9589930953e+00  1.0256645748e+00  5.3224253765e-01 -3.6630367405e-01 -2.9743179780e+00  5.0340426795e-01  1.6860981188e-01  1.8770121451e+00 -4.1554623121e-01  1.7497387212e+00 -2.1159834783e+00 -4.7119202037e-01  4.5851383898e+00 -6.6989991968e-01  2.4640896365e+00  5.4253849280e+00  8.0247391771e-01  2.0250621091e+00  5.5570466029e+00 -1.8921424849e+00  5.6131803253e-01  6.8937590758e+00 -9.8355282827e-01  1.2653393450e+00  6.8646604815e+00 -5.9242290822e-01 -1.2128464104e+00  6.4212906493e+00  8.9231709247e-01 -3.7260971139e-01  4.6573533103e+00 -1.0678400568e+00 -1.8926761964e+00  4.7771936435e+00  6.8202871288e-01 -2.0828193630e+00  2.3288954427e+00  1.5251617080e+00 -1.2739460170e+00  2.4461932459e+00  1.2982535429e-02 -2.1816938660e+00
ENERGY -5.964142883303e+02

JOB 22
COORDS -1.3606738623e+00 -9.0254687256e-01  6.2434419856e-01 -1.1593094502e+00  4.2086769658e-01  2.2113427919e-01 -3.3750826068e-01 -1.8418112702e+00  4.5030731878e-01  5.9770904827e-02  8.0220250170e-01 -3.4682533645e-01  8.7378305654e-01 -1.4558863596e+00 -1.2648137586e-01  1.0886377562e+00 -1.2785357027e-01 -5.2008613504e-01  3.6804168240e+00  1.9691084022e-01  8.7910671440e-01  4.9471762831e+00 -2.5442546864e-01  1.5999784216e+00  6.0158366339e+00 -8.5439519409e-01  6.8534020390e-01  6.1243324910e+00  4.0569379563e-02 -5.4792436843e-01  4.8123572345e+00  4.9744797698e-03 -1.3330492716e+00  2.3788347907e+00  2.6240034535e-01 -1.2064994764e+00  3.6122334667e+00 -7.2392947127e-02 -4.7791637346e-01  2.7519303548e+00  7.0010339277e-01  1.5061465038e+00 -2.3053458951e+00 -1.1999660247e+00  1.0724664203e+00 -1.9466140045e+00  1.1581796214e+00  3.5742586850e-01 -4.8651743608e-01 -2.8731889123e+00  7.6091657638e-01  2.2013237673e-01  1.8385997100e+00 -6.3453074546e-01  1.6693884225e+00 -2.1862051645e+00 -2.5842076421e-01  4.6221953650e+00 -9.5630886137e-01  2.3748525882e+00  5.3372155819e+00  6.2312405886e-01  2.1269281840e+00  5.7355594167e+00 -1.8707713205e+00  3.8270231580e-01  6.9741639142e+00 -9.2707290183e-01  1.2099359986e+00  6.9389323305e+00 -2.6675711934e-01 -1.2116462480e+00  6.3416871636e+00  1.0667147171e+00 -2.2634501653e-01  4.8051289122e+00 -8.6484240208e-01 -2.0034312590e+00  4.7320559805e+00  8.9728277302e-01 -1.9694364188e+00  2.3605723991e+00  1.3399659845e+00 -1.4236623040e+00  2.4481531064e+00 -2.5573844077e-01 -2.1703136413e+00
ENERGY -5.964111896860e+02

JOB 23
COORDS -1.4874038045e+00 -4.6920700770e-01  5.9161127334e-01 -7.1577774100e-01  6.9826004025e-01  6.2717385389e-01 -9.8300551892e-01 -1.6096032994e+00 -4.0508332248e-02  5.4707242770e-01  7.2013097169e-01  3.3193978883e-02  2.8643653261e-01 -1.5852999024e+00 -6.2529140421e-01  1.0666693745e+00 -4.2586688037e-01 -5.8512897047e-01  3.6682340225e+00 -5.0073651295e-01  8.3921752288e-01  4.9114231326e+00 -8.3840875895e-02  1.6219740361e+00  6.2076554208e+00 -1.2253049606e-01  8.0679392468e-01  5.9976281516e+00  6.1499593096e-01 -5.1459287660e-01  4.8137763700e+00  1.5473519450e-02 -1.2648585357e+00  2.4047378409e+00 -3.6870747663e-01 -1.2863352555e+00  3.5743730864e+00 -3.5779041157e-03 -4.6064529135e-01  2.7846828557e+00 -1.1600080869e+00  1.3753653726e+00 -2.4721053824e+00 -4.8867290505e-01  1.0517401998e+00 -1.1014461575e+00  1.5908323660e+00  1.1139075088e+00 -1.5747811543e+00 -2.5210983380e+00 -7.2285436875e-02  1.1456513431e+00  1.6282566428e+00  6.3074899939e-02  6.8177027001e-01 -2.4828224734e+00 -1.0953402895e+00  4.9592080466e+00 -7.2910814855e-01  2.5010594098e+00  4.7293804494e+00  9.3898137853e-01  1.9767540291e+00  6.4838289358e+00 -1.1652629632e+00  6.0351045340e-01  7.0306946378e+00  3.1809790582e-01  1.3796674091e+00  6.8881303179e+00  5.5193594540e-01 -1.1497525625e+00  5.8045450754e+00  1.6775234622e+00 -3.2376067944e-01  5.0542666307e+00 -1.0085842856e+00 -1.5939371745e+00  4.6113242394e+00  5.9971733897e-01 -2.1688170179e+00  2.3601091342e+00  3.7892022583e-01 -2.0868394544e+00  2.5926043397e+00 -1.3388990476e+00 -1.7700839808e+00
ENERGY -5.964099690904e+02

