JOB 0
COORDS  1.2431190827e-01  1.1084350751e+00  1.8876895515e+00  3.1487112790e-01  8.0337347905e-01  3.2562276113e+00 -3.6421702093e-01  1.9844687475e-02  1.0962732417e+00 -4.2847801658e+00 -1.8447485020e+00  4.3553467534e+00 -4.3312452169e+00 -2.3850248086e+00  3.0976611353e+00 -1.2097262419e+00 -7.1717085857e-01  2.9410485008e+00 -2.4759346605e+00 -1.3088095791e+00  3.3617024498e+00 -3.8555833357e-01 -2.0807199973e-01  3.8710552910e+00 -6.4632235365e-01 -1.1105398764e+00  1.7766953335e+00 -3.1004796948e+00 -1.1558052823e+00  4.5040873866e+00 -3.1863416278e+00 -2.0422256893e+00  2.4476970609e+00  4.8913673029e-01  2.0312841393e+00  1.4505640577e+00  1.0220949102e+00  1.3552722943e+00  3.8700973763e+00 -1.7135205615e-01 -5.0491586018e-02  2.6778228153e-02 -5.0181974628e+00 -1.9062720808e+00  5.1482317120e+00 -5.0413188117e+00 -2.9878716070e+00  2.5506015372e+00
ENERGY -5.092125787916e+02

JOB 1
COORDS  2.6438278456e-01  1.1063716688e+00  1.8641951219e+00  3.1072244372e-01  8.3558940163e-01  3.2457211625e+00 -2.8868744226e-01  7.1513199806e-02  1.0752777296e+00 -4.2901792933e+00 -1.9085429252e+00  4.3968153114e+00 -4.3570255926e+00 -2.4394371453e+00  3.1382533806e+00 -1.3058516855e+00 -6.4799632491e-01  2.8907089223e+00 -2.5404509342e+00 -1.2865598347e+00  3.3487342172e+00 -5.0419292354e-01 -8.5005733647e-02  3.8138832771e+00 -7.9544804781e-01 -1.0109928060e+00  1.6958976061e+00 -3.1286819327e+00 -1.1708757762e+00  4.5125358370e+00 -3.2476887843e+00 -2.0425410278e+00  2.4528215202e+00  7.5471584472e-01  1.9704054032e+00  1.4288506485e+00  1.0053612383e+00  1.3502180310e+00  3.9058748717e+00 -7.7322437032e-02 -1.2114110765e-02  1.0443411974e-02 -4.9919602598e+00 -2.0070349547e+00  5.2141931744e+00 -5.0582598179e+00 -3.0672691515e+00  2.6084480258e+00
ENERGY -5.092447079168e+02

JOB 2
COORDS  3.6707000593e-01  1.0791531370e+00  1.8653826807e+00  2.8920210175e-01  8.6135023022e-01  3.2503303103e+00 -2.4769908936e-01  1.0181160805e-01  1.0628175627e+00 -4.2812371528e+00 -1.9621629677e+00  4.4317944676e+00 -4.3685852614e+00 -2.4754470378e+00  3.1686077767e+00 -1.3663597551e+00 -6.0048089641e-01  2.8667278543e+00 -2.5803294217e+00 -1.2717403780e+00  3.3469357719e+00 -6.0039582644e-01  6.9748531184e-03  3.7900368112e+00 -9.2694337537e-01 -9.0482728944e-01  1.6317701955e+00 -3.1366424128e+00 -1.1928257287e+00  4.5279256157e+00 -3.2885633387e+00 -2.0359303489e+00  2.4597765971e+00  9.6406410523e-01  1.8804240410e+00  1.4424893103e+00  9.5041771127e-01  1.3784941769e+00  3.9431064061e+00 -2.1993552141e-02  1.5628892996e-02  1.1846353944e-03 -4.9563643108e+00 -2.0926773074e+00  5.2669192630e+00 -5.0656376748e+00 -3.1149680602e+00  2.6474464039e+00
ENERGY -5.092661731979e+02

JOB 3
COORDS  4.5946358279e-01  1.0279806951e+00  1.8535555501e+00  2.7398517787e-01  8.8437813778e-01  3.2345141400e+00 -2.1446874719e-01  1.0353911325e-01  1.0465708820e+00 -4.2640957229e+00 -2.0097165312e+00  4.4552473011e+00 -4.3796496016e+00 -2.4940170622e+00  3.1836311129e+00 -1.4179008707e+00 -5.5904430457e-01  2.8381808601e+00 -2.6132815394e+00 -1.2546699595e+00  3.3364590865e+00 -6.7470111109e-01  9.1330287370e-02  3.7502835634e+00 -1.0429807459e+00 -8.0803483215e-01  1.5712508705e+00 -3.1326266927e+00 -1.2179299629e+00  4.5354629578e+00 -3.3304717904e+00 -2.0145427513e+00  2.4533650627e+00  1.1517964925e+00  1.7541415717e+00  1.4399293302e+00  9.0119774911e-01  1.4173047366e+00  3.9474531556e+00  8.6812822493e-03  1.0734808598e-02 -1.5222047357e-02 -4.9098350892e+00 -2.1747827771e+00  5.3073184196e+00 -5.0789369157e+00 -3.1351660750e+00  2.6675602883e+00
ENERGY -5.092794599892e+02

JOB 4
COORDS  5.4333644501e-01  9.7215997772e-01  1.8468611274e+00  2.5545310976e-01  9.2116222430e-01  3.2140491804e+00 -1.8763459397e-01  1.0548590772e-01  1.0313775223e+00 -4.2438628084e+00 -2.0465691152e+00  4.4585605822e+00 -4.3839980571e+00 -2.4997456531e+00  3.1783471183e+00 -1.4625259737e+00 -5.0707659262e-01  2.8081853076e+00 -2.6406984833e+00 -1.2259873860e+00  3.3169271571e+00 -7.4646496948e-01  1.8851588363e-01  3.7081118916e+00 -1.1413645038e+00 -6.9740678174e-01  1.5163812415e+00 -3.1267005305e+00 -1.2331514284e+00  4.5299767726e+00 -3.3641496029e+00 -1.9796209551e+00  2.4338537692e+00  1.3227347921e+00  1.6138674231e+00  1.4484006115e+00  8.4527776858e-01  1.4834414234e+00  3.9367490824e+00  3.4451192204e-02  6.2458004067e-03 -3.0277996742e-02 -4.8625685542e+00 -2.2474829822e+00  5.3228972523e+00 -5.0842921086e+00 -3.1407178817e+00  2.6634430624e+00
ENERGY -5.092866390978e+02

JOB 5
COORDS  6.0712669293e-01  9.0521250182e-01  1.8660307054e+00  2.3280692471e-01  9.4936568869e-01  3.2119711270e+00 -1.8175325388e-01  1.1247794352e-01  1.0306996652e+00 -4.2209525557e+00 -2.0866312730e+00  4.4633588705e+00 -4.3774754602e+00 -2.5146076230e+00  3.1764778807e+00 -1.5045953969e+00 -4.5375393132e-01  2.7931133977e+00 -2.6648808140e+00 -1.1996137120e+00  3.3061852297e+00 -8.1788481487e-01  2.7673476750e-01  3.6879035834e+00 -1.2388733997e+00 -5.7122955901e-01  1.4805986916e+00 -3.1226275421e+00 -1.2474561699e+00  4.5292057112e+00 -3.3865854066e+00 -1.9539445849e+00  2.4223645691e+00  1.4636162494e+00  1.4566820221e+00  1.4912053956e+00  7.9278109756e-01  1.5430704022e+00  3.9334658922e+00  3.7056086230e-02  2.0031706486e-02 -3.2299382927e-02 -4.8158098757e+00 -2.3218966437e+00  5.3357447882e+00 -5.0734905954e+00 -3.1605363870e+00  2.6619872759e+00
ENERGY -5.092889045498e+02

JOB 6
COORDS  6.5379238128e-01  8.2478880677e-01  1.8824151566e+00  2.1314041790e-01  9.7762216821e-01  3.2004246183e+00 -1.9012637244e-01  1.0881240653e-01  1.0305728876e+00 -4.1897875965e+00 -2.1187159559e+00  4.4759716022e+00 -4.3661975874e+00 -2.5234896181e+00  3.1840771783e+00 -1.5443533876e+00 -3.9789495787e-01  2.7818429525e+00 -2.6842434497e+00 -1.1678826136e+00  3.3029105799e+00 -8.8216165073e-01  3.6957332002e-01  3.6644267983e+00 -1.3336396136e+00 -4.4086336318e-01  1.4544838980e+00 -3.1106850637e+00 -1.2545182603e+00  4.5351364804e+00 -3.4061231481e+00 -1.9236103949e+00  2.4203409506e+00  1.5754065084e+00  1.2767462654e+00  1.5297354837e+00  7.5285184269e-01  1.6067651221e+00  3.9069916722e+00  2.3129356602e-02  2.1351983727e-02 -3.3925053331e-02 -4.7583163890e+00 -2.3865798686e+00  5.3564629797e+00 -5.0589414929e+00 -3.1745333543e+00  2.6716014808e+00
ENERGY -5.092866390890e+02

JOB 7
COORDS  6.7824925898e-01  7.3607648015e-01  1.9239878534e+00  1.8020041769e-01  1.0095150602e+00  3.2043195427e+00 -2.0352583194e-01  8.8944807222e-02  1.0500916731e+00 -4.1611263862e+00 -2.1470942225e+00  4.4883946877e+00 -4.3607619055e+00 -2.5192108327e+00  3.1897098253e+00 -1.5854614911e+00 -3.3547368910e-01  2.7842353453e+00 -2.7067426689e+00 -1.1299648832e+00  3.3063686234e+00 -9.5952820787e-01  4.7136143475e-01  3.6585858959e+00 -1.4180888078e+00 -3.0754844502e-01  1.4504889527e+00 -3.0996127034e+00 -1.2619712561e+00  4.5460891327e+00 -3.4325022108e+00 -1.8784044222e+00  2.4205159665e+00  1.6547148840e+00  1.0831390340e+00  1.6018333260e+00  7.0637642487e-01  1.6772477692e+00  3.8847313463e+00  1.6055584080e-02  9.0182141110e-04 -1.2850105670e-02 -4.7020093889e+00 -2.4520627173e+00  5.3742226581e+00 -5.0531219370e+00 -3.1696026094e+00  2.6758693596e+00
ENERGY -5.092794599906e+02

JOB 8
COORDS  6.9464342200e-01  6.4210071469e-01  1.9708363737e+00  1.6002448928e-01  1.0337095234e+00  3.2087404294e+00 -2.1893637881e-01  6.3440211913e-02  1.0720749383e+00 -4.1171409355e+00 -2.1810973820e+00  4.4846217796e+00 -4.3368338122e+00 -2.5178039368e+00  3.1788290738e+00 -1.6143812893e+00 -2.6955692987e-01  2.7868795881e+00 -2.7147782827e+00 -1.0923477723e+00  3.3036509101e+00 -1.0236871321e+00  5.7174971472e-01  3.6537625260e+00 -1.4856033440e+00 -1.5944180002e-01  1.4519171493e+00 -3.0759306564e+00 -1.2738216253e+00  4.5474696071e+00 -3.4408806807e+00 -1.8326977219e+00  2.4107396932e+00  1.7134603793e+00  8.8056296649e-01  1.6837413717e+00  6.8651929976e-01  1.7306025284e+00  3.8581447574e+00  7.5191532606e-03 -2.3744348774e-02  1.0683561566e-02 -4.6312750775e+00 -2.5264128552e+00  5.3715757853e+00 -5.0258662109e+00 -3.1680257544e+00  2.6602499565e+00
ENERGY -5.092661731987e+02

JOB 9
COORDS  6.8862402893e-01  5.4034265266e-01  2.0007698364e+00  1.4381160381e-01  1.0582933659e+00  3.1919840354e+00 -2.6231527994e-01  3.6332958346e-02  1.0837647659e+00 -4.0624553181e+00 -2.2123711224e+00  4.4701268072e+00 -4.2931936857e+00 -2.5245981701e+00  3.1588031209e+00 -1.6451591419e+00 -1.9527619052e-01  2.7814715369e+00 -2.7166716634e+00 -1.0514353077e+00  3.2920007896e+00 -1.0846405498e+00  6.8945092947e-01  3.6270148927e+00 -1.5578586922e+00  6.2436224031e-03  1.4504487778e+00 -3.0497435112e+00 -1.2761896348e+00  4.5379468256e+00 -3.4329191289e+00 -1.7953971751e+00  2.3931886203e+00  1.7356085714e+00  6.6167538293e-01  1.7446301821e+00  6.8550553142e-01  1.7769854606e+00  3.8028997728e+00 -3.7174827598e-02 -6.5674218632e-02  2.3365178172e-02 -4.5511639438e+00 -2.5951488511e+00  5.3561002988e+00 -4.9707619762e+00 -3.1840067862e+00  2.6366174475e+00
ENERGY -5.092447079099e+02

JOB 10
COORDS  6.4235953641e-01  4.1724651092e-01  2.0544629824e+00  1.1292737244e-01  1.0728197561e+00  3.1912113244e+00 -3.3796167098e-01 -1.5181793902e-02  1.1047234688e+00 -3.9925121512e+00 -2.2346939477e+00  4.4494370712e+00 -4.2258800482e+00 -2.5255992034e+00  3.1315812474e+00 -1.6909467787e+00 -7.5105842152e-02  2.7861257104e+00 -2.7203818989e+00 -9.8265356731e-01  3.2830057140e+00 -1.1749221918e+00  8.4512790358e-01  3.6169296282e+00 -1.6223089150e+00  1.9165441620e-01  1.4624909353e+00 -3.0252696339e+00 -1.2561456807e+00  4.5282991521e+00 -3.4126805205e+00 -1.7402308776e+00  2.3748304327e+00  1.7056997716e+00  4.0811575933e-01  1.8422123913e+00  7.0329922408e-01  1.7806265541e+00  3.7674615937e+00 -1.0515257469e-01 -1.3881432106e-01  4.8088017909e-02 -4.4512411280e+00 -2.6627145781e+00  5.3307534801e+00 -4.8791852446e+00 -3.2041881494e+00  2.6027974961e+00
ENERGY -5.092125787903e+02

