JOB 0
COORDS  2.3855790729e+00 -1.3183868504e+00 -2.1636996422e+00  1.2607888296e+00 -4.9924864549e-01 -2.0747227513e+00  1.5158703184e+00 -4.3059694149e-01  3.3891307352e-01  2.6408901849e+00 -1.2729588704e+00  2.7011190513e-01  3.0517587678e+00 -1.6929159237e+00 -1.0003758044e+00  8.3747891470e-01 -6.1377695363e-02 -8.1552045137e-01  3.3139649224e+00 -1.6221074171e+00  1.5731116889e+00  4.5313171551e+00 -3.3477472849e+00  3.0446884752e+00  5.5708133835e+00 -2.6401563186e+00  2.2373553829e+00  4.1604776410e+00 -2.8410398918e+00  1.6603546541e+00  3.1456970187e+00 -8.8634766310e-01  2.5424526293e+00  4.1558345487e+00 -2.4689111607e+00 -1.1457130731e+00 -7.0285599549e-01  1.0716507275e+00 -6.8956532089e-01  2.7563104830e+00 -1.6649340036e+00 -3.1232726067e+00  7.2682421254e-01 -2.0229418058e-01 -2.9712836036e+00  1.2024261052e+00 -8.2168686929e-02  1.3169667444e+00  4.6057756363e+00 -4.4249876331e+00  3.1571456865e+00  4.0913354752e+00 -2.8102113717e+00  3.8777959651e+00  5.8250753302e+00 -1.6246249860e+00  2.5232738795e+00  6.3677018354e+00 -3.2131278810e+00  1.7739141236e+00  4.0719205408e+00 -3.5663395330e+00  8.6245414549e-01
ENERGY -3.134711197234e+03

JOB 1
COORDS  2.1515550353e+00 -1.3543251596e+00 -2.1918346312e+00  9.9366382599e-01 -5.8903792449e-01 -2.0580111616e+00  1.3835519122e+00 -4.3827541857e-01  3.3377315099e-01  2.5425510393e+00 -1.2281469483e+00  2.2123731342e-01  2.9007983667e+00 -1.6622867013e+00 -1.0601191487e+00  6.2200544700e-01 -1.3599542068e-01 -7.8803491230e-01  3.3015144987e+00 -1.5109675410e+00  1.4929916440e+00  4.3072817100e+00 -3.3426431049e+00  2.9831151424e+00  5.4549325399e+00 -2.5999554804e+00  2.3847238467e+00  4.1490951787e+00 -2.7273031962e+00  1.5931417064e+00  3.1675253680e+00 -7.4511270304e-01  2.4445871720e+00  4.0349794852e+00 -2.3843078626e+00 -1.2498546481e+00 -9.6354736209e-01  9.2414739935e-01 -6.0128627949e-01  2.4844044622e+00 -1.7087732148e+00 -3.1623420353e+00  3.9490120764e-01 -3.4426867355e-01 -2.9290187112e+00  1.1098761356e+00 -7.6712032017e-02  1.3189210926e+00  4.3483881081e+00 -4.4266706393e+00  3.0243157969e+00  3.7550919396e+00 -2.8540738084e+00  3.7788827904e+00  5.6699810614e+00 -1.6109336037e+00  2.7758209393e+00  6.3052748519e+00 -3.1559124814e+00  2.0026325366e+00  4.1552722426e+00 -3.4047432064e+00  7.5062650208e-01
ENERGY -3.134711393224e+03

JOB 2
COORDS  1.7851754328e+00 -2.1279919613e+00 -2.2282911273e+00  8.8264392272e-01 -1.0654503176e+00 -2.2601248433e+00  1.4369942078e+00 -5.3922112020e-01  4.4734207831e-02  2.3677030331e+00 -1.5933113033e+00  8.7594316235e-02  2.5108669083e+00 -2.3722737549e+00 -1.0661206304e+00  7.1771724709e-01 -2.7936142829e-01 -1.1150436692e+00  3.1050295693e+00 -1.8037757392e+00  1.3851338539e+00  4.6675856581e+00 -3.5471737414e+00  2.4413841969e+00  5.3497346200e+00 -2.2240834497e+00  2.5678017059e+00  4.4345337251e+00 -2.4679371375e+00  1.3751774231e+00  2.5962171017e+00 -1.4002828649e+00  2.4280260543e+00  3.3559066191e+00 -3.4346523216e+00 -1.0768867716e+00 -5.2881651697e-01  1.1756615191e+00 -1.1521392788e+00  1.9279670277e+00 -2.7726684293e+00 -3.0898699524e+00  3.1282927693e-01 -8.5741926372e-01 -3.1596413493e+00  1.3010077740e+00  5.5504630574e-02  9.4142884797e-01  5.2421750312e+00 -4.4143604627e+00  2.1316947335e+00  3.8291684021e+00 -3.7454086442e+00  3.1011651736e+00  4.9738641697e+00 -1.5360101879e+00  3.3174719310e+00  6.4119273042e+00 -2.1635273986e+00  2.3518602578e+00  4.8989864099e+00 -2.6358326182e+00  4.1269054915e-01
ENERGY -3.134711353029e+03

JOB 3
COORDS  1.7464323106e+00 -1.9369239733e+00 -2.0214368592e+00  8.4538609459e-01 -8.7296679756e-01 -2.0089122244e+00  1.5386148409e+00 -3.2727899332e-01  2.5234170623e-01  2.4667460558e+00 -1.3847491538e+00  2.5192482264e-01  2.5399086911e+00 -2.1732571370e+00 -9.0239220683e-01  7.5104082326e-01 -7.5466846519e-02 -8.6359322089e-01  3.2768183726e+00 -1.5865100591e+00  1.5070634959e+00  4.6286381627e+00 -3.6127601721e+00  2.3050820164e+00  5.4319804031e+00 -2.4014132376e+00  2.6703357358e+00  4.5536054681e+00 -2.3466160520e+00  1.4382508995e+00  2.8541197845e+00 -1.1304086047e+00  2.5660446845e+00  3.3832167366e+00 -3.2347348297e+00 -9.5871177494e-01 -4.9095459060e-01  1.3837071777e+00 -8.3937602262e-01  1.8376104450e+00 -2.5885388414e+00 -2.8848303205e+00  2.2331307597e-01 -6.7174239173e-01 -2.8747354684e+00  1.4596379489e+00  2.7689854489e-01  1.1495565533e+00  5.1265533881e+00 -4.4710712338e+00  1.8655322840e+00  3.7530015490e+00 -3.8351277119e+00  2.9066994783e+00  5.0960900111e+00 -1.8156665887e+00  3.5192065558e+00  6.5039043860e+00 -2.4207242706e+00  2.4991513030e+00  5.0304902569e+00 -2.4159320356e+00  4.6851194815e-01
ENERGY -3.134710841622e+03

JOB 4
COORDS  1.8002364284e+00 -2.0274893930e+00 -1.9936855560e+00  8.3933667003e-01 -1.0178112457e+00 -1.9972690503e+00  1.5704178069e+00 -3.3301134972e-01  2.1365029279e-01  2.5542538335e+00 -1.3397009789e+00  2.3144931273e-01  2.6402132463e+00 -2.1710585309e+00 -8.9242252380e-01  7.3612950233e-01 -1.7597149569e-01 -8.8468911106e-01  3.4064179847e+00 -1.4355801394e+00  1.4727824316e+00  4.5312665665e+00 -3.6177795582e+00  2.1974271706e+00  5.3939734785e+00 -2.5064602965e+00  2.7357112533e+00  4.6334629237e+00 -2.2807351733e+00  1.4549147136e+00  3.0383000916e+00 -8.5553311793e-01  2.4900611582e+00  3.5466757118e+00 -3.1787543942e+00 -9.4297666520e-01 -5.8207272755e-01  1.2148854105e+00 -8.8354963885e-01  1.9060686120e+00 -2.7077325982e+00 -2.8329754914e+00  1.8094209545e-01 -8.9045457926e-01 -2.8502049972e+00  1.4881428932e+00  3.0712653382e-01  1.0852611917e+00  4.9975321445e+00 -4.4750193419e+00  1.7224566072e+00  3.5967939311e+00 -3.8230834568e+00  2.7106284263e+00  5.0375703867e+00 -1.9688463398e+00  3.6076667238e+00  6.4715969452e+00 -2.6082894644e+00  2.6527434963e+00  5.1765564055e+00 -2.3187810857e+00  5.1762020246e-01
ENERGY -3.134709672431e+03

JOB 5
COORDS  1.9679872567e+00 -1.8751883741e+00 -2.0043734391e+00  9.9191192692e-01 -8.8065896588e-01 -1.9895702317e+00  1.7838944700e+00 -1.5737407855e-01  1.8737406214e-01  2.7770440125e+00 -1.1556704853e+00  1.9252487259e-01  2.8420401610e+00 -1.9959246647e+00 -9.2681384641e-01  9.1316011248e-01 -2.5353579660e-02 -8.8515057714e-01  3.6640935609e+00 -1.2242500167e+00  1.4128905130e+00  4.3421580620e+00 -3.5993139046e+00  2.1024560410e+00  5.3013390533e+00 -2.6686402694e+00  2.8120966859e+00  4.7380124567e+00 -2.2611298861e+00  1.4815049440e+00  3.4249456698e+00 -4.8431404680e-01  2.3613971484e+00  3.7710678185e+00 -2.9800633596e+00 -1.0068319749e+00 -4.1882055393e-01  1.3524814609e+00 -8.6156354817e-01  2.0631629281e+00 -2.5590891431e+00 -2.8419854981e+00  3.0585209021e-01 -7.7298114875e-01 -2.8232229943e+00  1.7257643704e+00  4.9721732698e-01  1.0500773460e+00  4.7236778225e+00 -4.4960354007e+00  1.6247985343e+00  3.3366123887e+00 -3.6845574027e+00  2.5043119567e+00  4.9350657810e+00 -2.1321416142e+00  3.6808601528e+00  6.3513305676e+00 -2.9430406075e+00  2.8441299723e+00  5.3708151304e+00 -2.3387424423e+00  6.0364591133e-01
ENERGY -3.134707856075e+03

JOB 6
COORDS  3.0506074273e+00 -1.8522538842e-01 -2.1595987142e+00  2.6353831219e+00  1.1449074015e+00 -2.1181150586e+00  3.4645644812e+00  1.3188680062e+00  1.5653649857e-01  3.8797215880e+00 -2.6031064998e-02  1.3859079432e-01  3.6632884314e+00 -7.4697147779e-01 -1.0426181341e+00  2.8518142926e+00  1.8870995457e+00 -9.5205246378e-01  4.5142218394e+00 -5.6358211316e-01  1.3983573343e+00  3.4681054472e+00 -2.8815684926e+00  1.8548418646e+00  4.5608148448e+00 -2.6919940559e+00  2.8925379715e+00  4.6987751074e+00 -2.0451108971e+00  1.5464727194e+00  4.7702196024e+00  2.1085757833e-01  2.3124098342e+00  4.0647052647e+00 -2.0370898207e+00 -1.1499030765e+00  2.2963026436e+00  3.7206329980e+00 -8.9153269733e-01  2.9107746422e+00 -7.9191162836e-01 -3.0488571757e+00  2.1555427255e+00  1.5962911308e+00 -2.9802392788e+00  3.6384384740e+00  1.8880104186e+00  1.0631576143e+00  3.3752027113e+00 -3.8381837497e+00  1.3505430518e+00  2.5292731164e+00 -2.3587734634e+00  2.0166105424e+00  4.3532548523e+00 -2.0371521731e+00  3.7324934209e+00  5.2085148453e+00 -3.5342811313e+00  3.1157909797e+00  5.3841274080e+00 -2.4877009291e+00  8.2910389349e-01
ENERGY -3.134705707184e+03

JOB 7
COORDS  3.3630725171e+00  3.2419765246e-01 -1.9605248359e+00  3.0773001865e+00  1.6811622599e+00 -1.8101502224e+00  4.0032937150e+00  1.6183596678e+00  4.3357666552e-01  4.2786736567e+00  2.4485058991e-01  3.0670646603e-01  3.9545540264e+00 -3.6916900595e-01 -9.0870350921e-01  3.4051118053e+00  2.3167146437e+00 -6.0777899131e-01  4.9029890565e+00 -4.5037030062e-01  1.4890532294e+00  3.3565286894e+00 -2.5379048414e+00  1.7313969074e+00  4.2960298511e+00 -2.5388708445e+00  2.9275252982e+00  4.7421581765e+00 -1.9416811067e+00  1.6236641359e+00  5.4512693183e+00  2.1793651595e-01  2.3552558324e+00  4.2419891461e+00 -1.6774365613e+00 -1.1119257865e+00  3.0256961512e+00  4.1840874462e+00 -4.0007330033e-01  3.1399472753e+00 -1.9986559897e-01 -2.8846530396e+00  2.6124767437e+00  2.2352804677e+00 -2.6189259506e+00  4.2689740702e+00  2.1066215428e+00  1.3648873394e+00  3.1644066791e+00 -3.4702793887e+00  1.2099360470e+00  2.5119235572e+00 -1.8543948539e+00  1.7625238842e+00  4.0831220011e+00 -1.8521111415e+00  3.7408146865e+00  4.7418794534e+00 -3.4801590852e+00  3.2341448296e+00  5.4518255681e+00 -2.5072066519e+00  1.0236118289e+00
ENERGY -3.134703652844e+03

JOB 8
COORDS  3.3456172814e+00  3.8916006533e-01 -1.8868454188e+00  3.0679567467e+00  1.7418836449e+00 -1.6863903255e+00  4.1057461134e+00  1.6231415247e+00  5.0640194916e-01  4.3679303871e+00  2.5320312684e-01  3.3099248781e-01  3.9858554099e+00 -3.2983700851e-01 -8.8224182190e-01  3.4558058004e+00  2.3470370515e+00 -4.8640462847e-01  5.0588780755e+00 -4.7848736951e-01  1.4502911102e+00  3.3927730526e+00 -2.5140175266e+00  1.6051281943e+00  4.1279372942e+00 -2.4100647789e+00  2.9274373972e+00  4.7900435084e+00 -1.9490072795e+00  1.6501221991e+00  5.7882790486e+00  1.4135767811e-01  2.2119309602e+00  4.2724991223e+00 -1.6300137773e+00 -1.1288587727e+00  3.0886703379e+00  4.2082543304e+00 -2.1297271989e-01  3.0803292472e+00 -1.0952616757e-01 -2.8139046946e+00  2.5646334786e+00  2.3166460128e+00 -2.4567947951e+00  4.4213615004e+00  2.0907139191e+00  1.4328734407e+00  3.2541628758e+00 -3.4917567630e+00  1.1544968932e+00  2.5718775324e+00 -1.8216040936e+00  1.4374647385e+00  3.8078239608e+00 -1.6453264171e+00  3.6287948773e+00  4.5026678566e+00 -3.3173519083e+00  3.3911231492e+00  5.5875390365e+00 -2.5775758985e+00  1.2593596472e+00
ENERGY -3.134702273077e+03

JOB 9
COORDS  9.2542067378e+00  8.5442766865e-02  4.7810294956e-01  9.7437956695e+00 -1.1893530981e+00  7.6603650828e-01  9.1515793230e+00 -8.8182535248e-01  3.1017783313e+00  8.6840029475e+00  4.1557696288e-01  2.8315964647e+00  8.7368850805e+00  8.6466359352e-01  1.5082823494e+00  9.6844163774e+00 -1.6615761400e+00  2.0811742152e+00  8.1179913893e+00  1.2139621090e+00  3.9753775920e+00  9.5754981550e+00  3.3736854717e+00  3.4838344256e+00  9.4457942403e+00  3.1959107581e+00  4.9770789572e+00  8.3497837683e+00  2.6988958187e+00  4.0444009202e+00  7.4991401979e+00  6.3626665123e-01  4.8588657748e+00  8.2340703581e+00  2.0803309672e+00  1.1872910006e+00  1.0340907076e+01 -3.4178703879e+00  2.4783678590e+00  9.2602078750e+00  4.7591573936e-01 -5.3482286720e-01  1.0156219110e+01 -1.8079154958e+00 -2.4185347751e-02  9.0860069369e+00 -1.2523495860e+00  4.1192195643e+00  9.4524077616e+00  4.3655024562e+00  3.0600540390e+00  1.0306995414e+01  2.7554408111e+00  2.9715598431e+00  1.0073248417e+01  2.4500893918e+00  5.4564112000e+00  9.2180341629e+00  4.0576430025e+00  5.5966386912e+00  7.4227025825e+00  3.2658112964e+00  4.0672155623e+00
ENERGY -3.134702115378e+03

JOB 10
COORDS  9.2879624664e+00  1.0014089339e-02  5.3964183899e-01  9.7994983808e+00 -1.2391607690e+00  8.9590652030e-01  9.1130215174e+00 -8.5627418462e-01  3.1947379827e+00  8.6251017851e+00  4.1575339940e-01  2.8557149522e+00  8.7148523899e+00  8.1412643894e-01  1.5194414583e+00  9.7041968386e+00 -1.6609792885e+00  2.2253790408e+00  7.9741979013e+00  1.2414555807e+00  3.9356001021e+00  9.5102529949e+00  3.3617710048e+00  3.4491137917e+00  9.5779547729e+00  2.9970211092e+00  4.9034106075e+00  8.3160078931e+00  2.6904659508e+00  4.0859242910e+00  7.1944720333e+00  7.0129618758e-01  4.7090486388e+00  8.1934555303e+00  2.0053822355e+00  1.1386527794e+00  1.0387958660e+01 -3.3825014741e+00  2.7171396793e+00  9.3198185228e+00  3.5993027949e-01 -4.8754361120e-01  1.0255016090e+01 -1.8772975801e+00  1.4602293675e-01  9.0164591504e+00 -1.1940304268e+00  4.2211844371e+00  9.3959466043e+00  4.4058994893e+00  3.1748050384e+00  1.0117661825e+01  2.7832027363e+00  2.7612350401e+00  1.0206315672e+01  2.1570937768e+00  5.1856997487e+00  9.4937902657e+00  3.7727351769e+00  5.6578185327e+00  7.4528549076e+00  3.3018498232e+00  4.3309090680e+00
ENERGY -3.134702971532e+03

JOB 11
COORDS  9.3429307938e+00  2.3160614065e-01  4.1499598003e-01  9.9353510853e+00 -9.8539019594e-01  7.5763192864e-01  9.1945181704e+00 -6.9118182828e-01  3.0540913045e+00  8.6242684799e+00  5.4831355172e-01  2.7273972713e+00  8.7031930518e+00  9.7534536400e-01  1.4010215265e+00  9.8525847266e+00 -1.4355466355e+00  2.0782547394e+00  7.8933880157e+00  1.3136764637e+00  3.8049928969e+00  9.4084505858e+00  3.4774731984e+00  3.4423887443e+00  9.6713831732e+00  2.8789163281e+00  4.7887564991e+00  8.2925999571e+00  2.7130130052e+00  4.1231580835e+00  7.0184733208e+00  7.4808712702e-01  4.4472669936e+00  8.1073148996e+00  2.1388775529e+00  1.0396386091e+00  1.0645855971e+01 -3.1147151148e+00  2.5512126523e+00  9.3642039202e+00  6.0174543056e-01 -6.0537381272e-01  1.0443477252e+01 -1.5774019144e+00  3.7862451674e-03  9.1102408697e+00 -1.0567614260e+00  4.0721776301e+00  9.2730872692e+00  4.5519434700e+00  3.3670175124e+00  9.8970910672e+00  3.0276989492e+00  2.5860579724e+00  1.0308943149e+01  2.0008146529e+00  4.8348337922e+00  9.7097922077e+00  3.5166616720e+00  5.6660015174e+00  7.4897326141e+00  3.2816844802e+00  4.5813348846e+00
ENERGY -3.134704024754e+03

JOB 12
COORDS  9.4966233532e+00  4.4649796166e-01  2.5482117463e-01  1.0190308066e+01 -7.2458483053e-01  5.6628504576e-01  9.4066534659e+00 -5.6822116335e-01  2.8631306269e+00  8.7302220079e+00  6.2352445429e-01  2.5662490943e+00  8.7839928021e+00  1.0975000413e+00  1.2561974376e+00  1.0135514055e+01 -1.2211818992e+00  1.8712816454e+00  7.9160993724e+00  1.2895540153e+00  3.6549285896e+00  9.2979648577e+00  3.5565207982e+00  3.4571147724e+00  9.7667053385e+00  2.7910976133e+00  4.6523221563e+00  8.3186018421e+00  2.6291507101e+00  4.1556332857e+00  6.9840546572e+00  6.7690955250e-01  4.1578179657e+00  8.0941330831e+00  2.2200049199e+00  9.2915737398e-01  1.1066880139e+01 -2.8394627372e+00  2.3023587468e+00  9.4964762178e+00  8.5113019526e-01 -7.5259135633e-01  1.0755289589e+01 -1.2457215772e+00 -1.9925183196e-01  9.3502325963e+00 -9.7361213377e-01  3.8680989791e+00  9.0976706098e+00  4.6179827580e+00  3.5643234999e+00  9.6790333537e+00  3.2688404836e+00  2.4850351436e+00  1.0443598269e+01  1.9587056719e+00  4.4857059781e+00  9.8921459549e+00  3.3007162014e+00  5.6022410883e+00  7.5549581358e+00  3.0825544730e+00  4.7794416464e+00
ENERGY -3.134704706092e+03

JOB 13
COORDS  9.2405462595e+00  2.4232069984e-01  3.0900213996e-01  9.8381667873e+00 -9.6344091966e-01  6.8167754047e-01  9.0474419793e+00 -6.4184505855e-01  2.9600678735e+00  8.4598976322e+00  5.7744804457e-01  2.5973903175e+00  8.5667801365e+00  9.8759019238e-01  1.2706050977e+00  9.7332923747e+00 -1.3931245716e+00  2.0068680304e+00  7.6766904187e+00  1.3606134514e+00  3.6340448620e+00  9.2964079451e+00  3.4470524012e+00  3.5067066193e+00  9.7852266485e+00  2.5560746825e+00  4.6018028900e+00  8.2931362414e+00  2.5650539638e+00  4.2423500654e+00  6.5848464461e+00  9.4505002550e-01  3.9945114966e+00  7.9796754122e+00  2.1527233001e+00  8.9267912805e-01  1.0538077782e+01 -3.0535059980e+00  2.5235357969e+00  9.2873267380e+00  6.0292405923e-01 -7.1390508622e-01  1.0370470049e+01 -1.5601730425e+00 -5.1315319174e-02  8.9590037197e+00 -9.9538193765e-01  3.9823642189e+00  9.2109297838e+00  4.5121249761e+00  3.6971669092e+00  9.5472421984e+00  3.1913467829e+00  2.4844594466e+00  1.0359711922e+01  1.6783073664e+00  4.3237126041e+00  1.0044079886e+01  2.9883259147e+00  5.5631155143e+00  7.6291301660e+00  3.0551844907e+00  4.9472454419e+00
ENERGY -3.134704921692e+03

JOB 14
COORDS  3.8683958933e-01 -2.4213823172e+00  1.4722932381e+00 -3.8870871469e-01 -2.3448272183e+00  2.6306284056e+00  1.2098678375e+00 -3.7692689115e+00  3.7849849698e+00  2.0051671920e+00 -3.8333050968e+00  2.6323174072e+00  1.5656024150e+00 -3.1595344690e+00  1.4951723076e+00  3.2909339619e-02 -3.0231673230e+00  3.7773270068e+00  3.2583662269e+00 -4.6860437405e+00  2.6497355206e+00  4.8105420362e+00 -2.8374379968e+00  3.6177585767e+00  4.8342016111e+00 -2.6140651518e+00  2.1404281712e+00  4.5854513485e+00 -4.0214731093e+00  2.6656238635e+00  3.1498075839e+00 -5.9017056745e+00  2.7244586690e+00  2.3004906189e+00 -3.2385335656e+00  3.5574725816e-01 -1.0343725400e+00 -2.9373802733e+00  5.3664601471e+00  8.4282951074e-02 -1.9232861294e+00  5.5635547720e-01 -1.3102833302e+00 -1.7726171587e+00  2.6358743906e+00  1.5172425455e+00 -4.3083556802e+00  4.6752870580e+00  5.7438712732e+00 -2.8436269796e+00  4.1716868508e+00  3.9511303204e+00 -2.4737006168e+00  4.1721953608e+00  4.0071435871e+00 -2.0804841789e+00  1.6885809537e+00  5.7912101015e+00 -2.4595146812e+00  1.6522604422e+00  5.4011436517e+00 -4.7330158669e+00  2.5854229195e+00
ENERGY -3.134704912550e+03

JOB 15
COORDS  1.2733724210e+00 -1.3047892304e+00  9.4418916861e-01  6.2414694895e-01 -6.7400803570e-01  2.0073351287e+00  1.7463025966e+00 -2.1642636663e+00  3.5668521466e+00  2.4249060011e+00 -2.7846768747e+00  2.5079386614e+00  2.1600577558e+00 -2.3423329891e+00  1.2121283503e+00  8.6790249316e-01 -1.1136331429e+00  3.3112789559e+00  3.3444749641e+00 -3.9456774600e+00  2.8143883123e+00  5.5819516109e+00 -2.7119293282e+00  3.1816795357e+00  5.4311489179e+00 -2.7248105865e+00  1.6916180777e+00  4.7932086732e+00 -3.8400131897e+00  2.4962338672e+00  2.8910771993e+00 -4.9295464536e+00  3.3830473406e+00  2.7616372862e+00 -2.9605112566e+00  1.6447412961e-01 -3.5028389682e-02 -2.6696082129e-01  4.7741995249e+00  1.0925155206e+00 -1.0068074534e+00 -8.3967720127e-02 -6.7954806978e-02  1.4006831114e-01  1.8198613134e+00  1.9118070447e+00 -2.5165710933e+00  4.5797099018e+00  6.5292125885e+00 -2.9932009643e+00  3.6302932212e+00  5.0124054883e+00 -1.9742752247e+00  3.7391267587e+00  4.7872212876e+00 -1.9784489712e+00  1.2423124046e+00  6.2841529222e+00 -3.0075756954e+00  1.0827960864e+00  5.2832934565e+00 -4.8085320446e+00  2.4892032478e+00
ENERGY -3.134704496798e+03

JOB 16
COORDS  1.3775722923e+00 -1.2242540787e+00  7.5679931081e-01  6.9188064843e-01 -5.3291016865e-01  1.7574674746e+00  1.7251008223e+00 -1.9532514780e+00  3.4374506088e+00  2.4434806998e+00 -2.6337368404e+00  2.4424926263e+00  2.2400915332e+00 -2.2553275091e+00  1.1140293295e+00  8.7319130667e-01 -9.0757418071e-01  3.0918481387e+00  3.3376735931e+00 -3.7774008799e+00  2.8539778217e+00  5.7205058280e+00 -2.8430955020e+00  3.1316009415e+00  5.4653557779e+00 -2.7005323587e+00  1.6581448442e+00  4.7633377973e+00 -3.8044180345e+00  2.4138288105e+00  2.8918509783e+00 -4.6487788371e+00  3.5884631424e+00  2.8714839380e+00 -2.9324101804e+00  1.2359638115e-01 -7.9100690383e-02  2.5410568432e-02  4.4685633355e+00  1.2430116267e+00 -9.7846270079e-01 -2.9204766706e-01  1.9097977401e-02  2.7790482726e-01  1.4987682410e+00  1.8439683104e+00 -2.2586845799e+00  4.4717361322e+00  6.6588332632e+00 -3.2636532355e+00  3.4785363688e+00  5.2816301255e+00 -2.1015974276e+00  3.7930134770e+00  4.8818187470e+00 -1.8466065361e+00  1.3328135974e+00  6.2388838857e+00 -3.0073025777e+00  9.6109776885e-01  5.1388241125e+00 -4.8166569164e+00  2.2989344604e+00
ENERGY -3.134703618508e+03

JOB 17
COORDS  1.5509934310e+00 -1.1900902854e+00  4.3334720555e-01  8.0805420343e-01 -4.2012736831e-01  1.3299415672e+00  1.6957840015e+00 -1.7245726811e+00  3.1767008578e+00  2.4735687766e+00 -2.4851179987e+00  2.2884979559e+00  2.3695760384e+00 -2.2024313594e+00  9.2358462001e-01  8.8776088134e-01 -6.9815427634e-01  2.6979210420e+00  3.3218333883e+00 -3.5930870760e+00  2.8556276594e+00  5.8344029595e+00 -3.0492496737e+00  3.0859917595e+00  5.5383056683e+00 -2.7605630280e+00  1.6362939977e+00  4.7208418654e+00 -3.8010522152e+00  2.3578969948e+00  2.8667549036e+00 -4.2963094355e+00  3.7477289014e+00  3.0491264940e+00 -2.9574895011e+00  2.7402850241e-02 -1.4277212570e-01  3.4596042735e-01  3.9312407527e+00  1.4937593144e+00 -1.0206053487e+00 -6.3742984585e-01  1.6894411278e-01  3.7738735569e-01  9.6584977974e-01  1.7407539857e+00 -1.9567609368e+00  4.2354752928e+00  6.7207998651e+00 -3.6175540055e+00  3.3491275823e+00  5.5400821623e+00 -2.3042835836e+00  3.8196913926e+00  5.0689284969e+00 -1.8094107745e+00  1.4059133715e+00  6.2308102212e+00 -3.1134474395e+00  8.7845815557e-01  4.9352499970e+00 -4.8464561451e+00  2.1548743907e+00
ENERGY -3.134702608099e+03

JOB 18
COORDS  1.5732592659e+00 -1.2306403966e+00  3.5033667468e-01  7.8423445512e-01 -4.5452694990e-01  1.2005554743e+00  1.6693977497e+00 -1.6613062352e+00  3.1134986084e+00  2.4921020500e+00 -2.4295495586e+00  2.2721659776e+00  2.4109913504e+00 -2.1989200855e+00  8.9484054047e-01  8.3985116867e-01 -6.8153637054e-01  2.5795024833e+00  3.3731846772e+00 -3.4713353244e+00  2.9075477847e+00  5.9516549724e+00 -3.2356601989e+00  3.0468607782e+00  5.5898606868e+00 -2.7108213698e+00  1.6760268532e+00  4.7283435882e+00 -3.7663567126e+00  2.3197376943e+00  2.9906368713e+00 -4.0422988295e+00  3.9197418733e+00  3.1321999397e+00 -2.9604650439e+00  3.8504053709e-02 -2.5323315019e-01  3.7213463810e-01  3.7492966661e+00  1.5380155132e+00 -1.0998998425e+00 -7.2678334218e-01  1.2958174752e-01  3.0881441372e-01  7.9324405356e-01  1.7023172678e+00 -1.8529308329e+00  4.1807137627e+00  6.8006593167e+00 -3.9042776325e+00  3.1496519158e+00  5.7852304628e+00 -2.5860414146e+00  3.9011956759e+00  5.1958299623e+00 -1.6999061342e+00  1.6190532203e+00  6.1948920273e+00 -3.0040564048e+00  8.2376039142e-01  4.8066788587e+00 -4.7820122259e+00  1.9396492432e+00
ENERGY -3.134702026479e+03

JOB 19
COORDS  1.4739000860e+00 -1.2837991029e+00  4.2317959411e-01  6.5809824324e-01 -5.2807690018e-01  1.2659026114e+00  1.6228426677e+00 -1.6463448616e+00  3.1931453480e+00  2.4704880817e+00 -2.3970272309e+00  2.3594496196e+00  2.3620444817e+00 -2.1998822322e+00  9.7833947856e-01  7.4052607939e-01 -7.2067025840e-01  2.6489966484e+00  3.4185029198e+00 -3.3664859857e+00  3.0141148867e+00  6.0171167125e+00 -3.4117962058e+00  3.0226008920e+00  5.6151676980e+00 -2.6168967187e+00  1.7979202967e+00  4.7139325117e+00 -3.7110063780e+00  2.3215226219e+00  3.1532315703e+00 -3.8064853134e+00  4.1242877065e+00  3.1102180878e+00 -2.9401679492e+00  1.2617474881e-01 -3.8814487467e-01  3.0660699961e-01  3.8087865207e+00  1.4227259852e+00 -1.1771386604e+00 -6.5593773353e-01 -3.6418390170e-02  1.9443208936e-01  8.5018887182e-01  1.6827929524e+00 -1.8098431935e+00  4.2637233524e+00  6.8186335097e+00 -4.1385974237e+00  2.9317326711e+00  5.9612794239e+00 -2.9232153449e+00  3.9906496846e+00  5.3017275972e+00 -1.5875272485e+00  1.9519701128e+00  6.1356602342e+00 -2.7919278389e+00  8.6151786734e-01  4.6581053153e+00 -4.6247232951e+00  1.7338831513e+00
ENERGY -3.134702547051e+03

JOB 20
COORDS  1.7517349976e+00 -1.3181303937e+00 -6.6091161578e-02  8.9597581319e-01 -4.8143664083e-01  6.4967316264e-01  1.7390515797e+00 -1.4138575037e+00  2.7266495489e+00  2.6224345581e+00 -2.2520050353e+00  2.0217593175e+00  2.5941996926e+00 -2.1855750239e+00  6.2344666820e-01  8.9783909299e-01 -5.4227222440e-01  2.0473759855e+00  3.5211232502e+00 -3.1490650657e+00  2.8355243321e+00  6.0554939753e+00 -3.7044992575e+00  2.9388186109e+00  5.8462392541e+00 -2.7569345466e+00  1.7784793564e+00  4.7510456993e+00 -3.7274388442e+00  2.1891456873e+00  3.2873832223e+00 -3.3037588964e+00  4.0271983604e+00  3.3833574360e+00 -2.9987511464e+00 -1.1935565615e-01 -2.8707627728e-01  5.9393441515e-01  3.0369815916e+00  1.7686893882e+00 -1.3118187370e+00 -1.1514943808e+00  2.3495756153e-01  2.0205572840e-01  1.2705328468e-01  1.7421994721e+00 -1.4710687305e+00  3.8096649259e+00  6.7307543600e+00 -4.5441267112e+00  2.8036278805e+00  6.0389551571e+00 -3.2943780180e+00  3.9435818537e+00  5.6997646599e+00 -1.7050510473e+00  2.0100084465e+00  6.3604600718e+00 -2.9451267429e+00  8.4115844697e-01  4.5603600886e+00 -4.5455395662e+00  1.4997179115e+00
ENERGY -3.134704294194e+03

JOB 21
COORDS  1.8709201403e+00 -1.2312633097e+00 -2.1713177199e-01  9.8048178376e-01 -3.9515279574e-01  4.5417843234e-01  1.8383866694e+00 -1.2106219341e+00  2.5715234690e+00  2.7506616447e+00 -2.0569055503e+00  1.9124699827e+00  2.7328722872e+00 -2.0469381268e+00  5.1170904034e-01  9.7290186292e-01 -3.9744882233e-01  1.8532399404e+00  3.6632348191e+00 -2.8864562000e+00  2.7844249066e+00  6.0217092715e+00 -3.9469675756e+00  2.9131974339e+00  6.0287070945e+00 -2.9094834170e+00  1.8183258497e+00  4.7544468663e+00 -3.6893528391e+00  2.1453305948e+00  3.5583165827e+00 -2.8002835845e+00  4.0027446694e+00  3.5615352150e+00 -2.8485215656e+00 -2.0132026961e-01 -2.5836096819e-01  7.3733360365e-01  2.7864491215e+00  1.9037308747e+00 -1.2637073033e+00 -1.3016626872e+00  3.0279398279e-01  2.4413348577e-01 -1.0196914307e-01  1.8415872225e+00 -1.2171941949e+00  3.6559478819e+00  6.5333453193e+00 -4.8872391555e+00  2.7305901044e+00  6.0464637870e+00 -3.6036399204e+00  3.9420191704e+00  6.0648996862e+00 -1.8641693747e+00  2.1124898053e+00  6.5177965761e+00 -3.1345875095e+00  8.7581711632e-01  4.4400151054e+00 -4.4003004456e+00  1.3883570886e+00
ENERGY -3.134706614922e+03

JOB 22
COORDS  1.8483525130e+00 -1.1400338736e+00 -2.2092238945e-01  8.9904344580e-01 -3.7991374755e-01  4.5975587728e-01  1.8496356251e+00 -1.1061700204e+00  2.5711620170e+00  2.8136081542e+00 -1.8855038634e+00  1.9034897504e+00  2.7802083284e+00 -1.8796204199e+00  5.0300022515e-01  9.1038271549e-01 -3.7360845578e-01  1.8587387308e+00  3.7971450087e+00 -2.6369720612e+00  2.7678702301e+00  5.9295511855e+00 -4.0913681786e+00  2.9236531005e+00  6.1450185041e+00 -3.0453828301e+00  1.8668432953e+00  4.7400682851e+00 -3.6043878818e+00  2.1351727169e+00  3.8530849771e+00 -2.3736195227e+00  3.9651101642e+00  3.6791215019e+00 -2.5952911164e+00 -2.1708873653e-01 -3.9683141668e-01  6.6428101089e-01  2.8004204969e+00  1.8768765341e+00 -1.1676212197e+00 -1.3057416720e+00  1.6348184943e-01  1.9813779286e-01 -8.9788798156e-02  1.8723234326e+00 -1.0984979585e+00  3.6554074642e+00  6.2714832231e+00 -5.1018898810e+00  2.7215929754e+00  5.9782872750e+00 -3.7802509837e+00  3.9614948008e+00  6.3407812125e+00 -2.0281447878e+00  2.1928629296e+00  6.6087147618e+00 -3.3239537384e+00  9.2587589139e-01  4.3368661652e+00 -4.2332721664e+00  1.3498242866e+00
ENERGY -3.134708816372e+03

JOB 23
COORDS  1.7696891138e+00 -1.0763543863e+00 -1.9062556350e-01  7.9180499893e-01 -3.8569568557e-01  5.2357389878e-01  1.8657109209e+00 -1.0389431685e+00  2.6006559291e+00  2.8527768554e+00 -1.7544111291e+00  1.8974473891e+00  2.7747728915e+00 -1.7486032779e+00  4.9949432357e-01  8.5266907795e-01 -3.7549609853e-01  1.9211271465e+00  3.9158894156e+00 -2.4386581008e+00  2.7189630889e+00  5.8098677559e+00 -4.1757527495e+00  2.9392785811e+00  6.2386962391e+00 -3.1501280584e+00  1.9352474515e+00  4.7492833541e+00 -3.5028227127e+00  2.0964638397e+00  4.0964725645e+00 -2.0734129391e+00  3.8774780494e+00  3.7094820291e+00 -2.3878646131e+00 -2.4757119900e-01 -4.8675864036e-01  5.7530735987e-01  2.9078817248e+00  1.7659105976e+00 -1.0971967758e+00 -1.2759381153e+00 -1.1686169399e-03  1.3878829125e-01  7.9633574098e-04  1.9276464764e+00 -1.0229312727e+00  3.6833271570e+00  6.0079335091e+00 -5.2213879086e+00  2.7243540194e+00  5.8339325192e+00 -3.8956637216e+00  3.9868464233e+00  6.5469270879e+00 -2.1777174356e+00  2.3062273764e+00  6.7135961004e+00 -3.4699247051e+00  1.0131932297e+00  4.3109292765e+00 -4.0554083871e+00  1.2747663334e+00
ENERGY -3.134710389911e+03

