JOB 0
COORDS -1.8359615687e-01  5.4154258442e+00  5.0788744419e-01 -2.7244105200e-01  4.9063987304e+00 -7.9151532775e-01 -4.0113313888e-01  4.5709361584e+00  1.6023154138e+00 -5.7744868271e-01  3.5584660136e+00 -1.0005704893e+00 -6.9473440752e-01  3.2212240118e+00  1.3994494209e+00 -7.7757012718e-01  2.7134613059e+00  9.8355727535e-02 -3.2831186185e-01  6.3281742119e-01 -1.1453872211e+00 -2.8728913127e+00 -7.5208405818e-01  1.1562456510e-01 -1.0734947096e+00  1.3030802463e+00 -5.9699344756e-02 -3.2697897927e+00  1.2959112327e+00 -1.5169478512e+00 -3.3789902085e+00  1.7091527335e+00  9.9131264070e-01 -2.7790702292e+00  1.0294103172e+00 -1.5651174521e-01  4.9815069090e-02  6.4649519293e+00  6.6658991702e-01 -1.1627404662e-01  5.5603680850e+00 -1.6453467554e+00 -3.3978189835e-01  4.9622614513e+00  2.6142677983e+00 -6.7295335117e-01  3.1751010094e+00 -2.0113756582e+00 -8.7145380162e-01  2.5521287812e+00  2.2350790253e+00 -3.8443742544e-01 -4.4996061892e-01 -1.0138465766e+00 -6.9017986358e-01  8.8917335005e-01 -2.1474967094e+00  7.1821994201e-01  9.2720486642e-01 -1.0517252730e+00 -3.9349598688e+00 -9.6233135986e-01  2.5382246023e-01 -2.4995634310e+00 -1.2841227127e+00 -7.5803424706e-01 -2.3134110434e+00 -9.9954465681e-01  1.0178447639e+00
ENERGY -9.148690790584e+02

JOB 1
COORDS -1.9616215397e-01  5.3725153502e+00  5.7468555729e-01 -2.4341644925e-01  4.9206329436e+00 -7.4744903861e-01 -4.6408436214e-01  4.4839926012e+00  1.6223040062e+00 -5.5951666511e-01  3.5875536402e+00 -1.0254868158e+00 -7.6642961744e-01  3.1489909480e+00  1.3501575692e+00 -8.1252193374e-01  2.6980442416e+00  2.6153920552e-02 -3.6679210740e-01  6.6867504404e-01 -1.3160652711e+00 -2.8466804344e+00 -7.2913253311e-01  3.3998933489e-01 -1.1112315566e+00  1.3027678023e+00 -2.1035608756e-01 -3.2713059972e+00  9.5289777846e-01 -1.6637302363e+00 -3.4483278224e+00  1.8252483209e+00  7.2403355808e-01 -2.8048125476e+00  9.6718454133e-01 -2.7009449456e-01  4.5408438424e-02  6.4105089008e+00  7.8750774234e-01 -4.5371433514e-02  5.6074121701e+00 -1.5661275095e+00 -4.3307174178e-01  4.8295301770e+00  2.6521739012e+00 -6.1788840950e-01  3.2495339840e+00 -2.0553296942e+00 -9.7754566852e-01  2.4486852562e+00  2.1517202165e+00 -4.6137837745e-01 -4.1749295371e-01 -1.2461850699e+00 -7.0900881127e-01  9.8318572923e-01 -2.3073565994e+00  6.8664118595e-01  9.2447950212e-01 -1.1901538722e+00 -3.9013364876e+00 -1.0089454886e+00  3.6385930671e-01 -2.3032130317e+00 -1.3842006722e+00 -3.4017120496e-01 -2.4181264176e+00 -7.4348299645e-01  1.3416635336e+00
ENERGY -9.148699603070e+02

JOB 2
COORDS -1.8576465829e-01  5.3259204283e+00  6.3638969526e-01 -1.5452186061e-01  4.9226966630e+00 -7.0144879563e-01 -5.4445125143e-01  4.4058118312e+00  1.6283199072e+00 -4.8611765212e-01  3.6100702303e+00 -1.0502834927e+00 -8.5813014370e-01  3.0900442789e+00  1.2869145168e+00 -8.3184964366e-01  2.6881469903e+00 -5.4209002765e-02 -3.9152078787e-01  7.0425753421e-01 -1.4867180233e+00 -2.7726664357e+00 -6.5996046301e-01  5.3769847634e-01 -1.1377468310e+00  1.3168658366e+00 -3.7325547384e-01 -3.2457273124e+00  6.1040710401e-01 -1.7365194563e+00 -3.5082097076e+00  1.8840177639e+00  4.5936646405e-01 -2.8081894797e+00  9.0009655030e-01 -3.6507787000e-01  6.6330621320e-02  6.3483814841e+00  9.0461236153e-01  1.1628849844e-01  5.6321649701e+00 -1.4789358098e+00 -5.7220200486e-01  4.7112436737e+00  2.6708891592e+00 -4.8132247111e-01  3.3116640228e+00 -2.0939890729e+00 -1.1324936119e+00  2.3693145808e+00  2.0505477280e+00 -5.1033085105e-01 -3.8140305417e-01 -1.4533978273e+00 -7.1943976745e-01  1.0512768589e+00 -2.4716374781e+00  6.6506142915e-01  9.3708581738e-01 -1.3421875415e+00 -3.7965230524e+00 -1.0380686655e+00  5.4244964903e-01 -2.1141012031e+00 -1.3616627628e+00  2.5233917292e-02 -2.4256102087e+00 -4.5855987268e-01  1.5507368775e+00
ENERGY -9.148700404987e+02

JOB 3
COORDS -1.6435661475e-01  5.2712474000e+00  7.0967954543e-01 -4.8377855605e-02  4.9007630121e+00 -6.3235219044e-01 -6.3585821445e-01  4.3404078119e+00  1.6427379734e+00 -4.0955659835e-01  3.6144931487e+00 -1.0446757078e+00 -9.7572896772e-01  3.0490317656e+00  1.2409808987e+00 -8.6940829551e-01  2.6800764684e+00 -1.0722917534e-01 -4.6428789272e-01  7.4753719315e-01 -1.6348280787e+00 -2.6949568752e+00 -5.5152068723e-01  7.6877782784e-01 -1.1953583565e+00  1.3396924810e+00 -5.0246176588e-01 -3.2452535009e+00  2.9475496663e-01 -1.6728297522e+00 -3.5876313756e+00  1.8938902369e+00  2.9052880464e-01 -2.8288644137e+00  8.3615020079e-01 -3.7455617571e-01  1.0957026208e-01  6.2737854303e+00  1.0267647273e+00  3.1181522788e-01  5.6163006035e+00 -1.3668685420e+00 -7.2914743028e-01  4.6171412271e+00  2.6895239128e+00 -3.3708128054e-01  3.3459564202e+00 -2.0937709134e+00 -1.3317477817e+00  2.3264443223e+00  1.9681907525e+00 -5.9359362519e-01 -3.3656893502e-01 -1.6273651231e+00 -8.0003291534e-01  1.1204540532e+00 -2.6076847772e+00  5.9546449595e-01  9.7034927616e-01 -1.4962890043e+00 -3.6925840332e+00 -9.8585120023e-01  8.5695445604e-01 -1.9966383597e+00 -1.2821867214e+00  3.5895844212e-01 -2.3487855418e+00 -1.7211973710e-01  1.7299854695e+00
ENERGY -9.148697208073e+02

JOB 4
COORDS -3.2868812921e-01  5.2145426868e+00  7.6260342298e-01 -7.6219823853e-01  4.9699840397e+00 -5.4598188273e-01 -1.5590627282e-01  4.1500983062e+00  1.6526128411e+00 -1.0206684275e+00  3.6646503962e+00 -9.6827925138e-01 -4.1732548972e-01  2.8418164512e+00  1.2330388433e+00 -8.4719224275e-01  2.5996403143e+00 -7.5350566077e-02 -3.9741082594e-02  6.6339299453e-01 -1.3774107583e+00 -3.0652373904e+00 -2.0440255906e-01  6.7937497761e-01 -1.0651795640e+00  1.2318409523e+00 -4.7931950346e-01 -2.6692897628e+00 -1.4421435869e-01 -1.9345481997e+00 -3.5388178157e+00  1.9567605811e+00 -7.6797435898e-01 -2.6812549089e+00  7.6980785913e-01 -7.8648502475e-01 -1.2969604913e-01  6.2324893382e+00  1.0873249915e+00 -9.0632494963e-01  5.7977724590e+00 -1.2351263531e+00  1.7916986711e-01  4.3365070646e+00  2.6695274423e+00 -1.3765121266e+00  3.4709279247e+00 -1.9756924053e+00 -2.8660637992e-01  2.0002683271e+00  1.9081074455e+00 -2.2756902840e-01 -3.9965788890e-01 -1.5274855371e+00 -1.6288456047e-02  1.1588044596e+00 -2.3548319310e+00  9.2745150747e-01  7.9154907561e-01 -8.8581976457e-01 -4.0913992636e+00 -5.6016890724e-01  5.6848391329e-01 -2.3670070445e+00 -1.0401117758e+00  7.2866348435e-01 -2.9729298296e+00  4.4241062823e-01  1.5524497454e+00
ENERGY -9.148701566524e+02

JOB 5
COORDS -4.1794483957e-01  5.2098033475e+00  8.8860193423e-01 -1.2032592953e+00  5.0945489049e+00 -2.6413766877e-01  9.0914625718e-02  4.0576440509e+00  1.4944188254e+00 -1.4746716515e+00  3.8422586870e+00 -8.1734860403e-01 -1.9535603996e-01  2.7982891251e+00  9.5971476389e-01 -9.7791318052e-01  2.6855010127e+00 -1.9945759897e-01 -1.6893084103e-01  3.8565423994e-01 -7.8098919264e-01 -3.1018709749e+00 -5.9735696594e-02  6.5814694133e-01 -1.2317411008e+00  1.3975503103e+00 -7.7164196000e-01 -2.8246571307e+00 -1.8146341434e-01 -1.9573824941e+00 -3.7111732728e+00  1.9817973033e+00 -9.3057982807e-01 -2.8197524177e+00  8.2508454310e-01 -8.9346961245e-01 -2.0044229418e-01  6.1888027427e+00  1.3070081874e+00 -1.5969115059e+00  5.9856626124e+00 -7.4576546322e-01  7.0424728990e-01  4.1351761246e+00  2.3883815551e+00 -2.0725149059e+00  3.7514585721e+00 -1.7163830027e+00  1.9455778311e-01  1.9065865696e+00  1.4422777517e+00 -4.1911508396e-01 -3.8115965112e-01 -1.5147308335e+00  7.5965307255e-01  8.7219161363e-01 -1.0864575066e+00 -1.2834748783e-02 -8.7999675261e-02  1.9788419494e-01 -4.1166174777e+00 -4.5962383854e-01  6.1664419675e-01 -2.3795266452e+00 -8.7312519457e-01  7.3490987228e-01 -3.0008548480e+00  6.4621586263e-01  1.4840970809e+00
ENERGY -9.148719297608e+02

JOB 6
COORDS -5.0314630381e-01  5.1220740976e+00  9.6735346721e-01 -1.2684486960e+00  5.0459301198e+00 -2.0213026612e-01  3.4498546490e-02  3.9548614339e+00  1.5165186553e+00 -1.4922408600e+00  3.8177658856e+00 -8.2604144433e-01 -2.0164405118e-01  2.7179803386e+00  9.0915380395e-01 -9.6593953883e-01  2.6445574488e+00 -2.6543770668e-01 -1.1991309366e-01  3.7462317091e-01 -8.8024317298e-01 -3.0663494431e+00  1.7474578772e-01  7.2994648353e-01 -1.1865526307e+00  1.3850701847e+00 -9.1701178185e-01 -2.7508204400e+00 -3.8630878187e-01 -1.8370515337e+00 -3.6788624727e+00  1.9000873247e+00 -1.1852784451e+00 -2.7736307401e+00  7.7803523205e-01 -9.4944436882e-01 -3.2252517374e-01  6.0828206175e+00  1.4418510445e+00 -1.6837162455e+00  5.9493992775e+00 -6.4062875475e-01  6.3408850550e-01  4.0024517617e+00  2.4218157510e+00 -2.0763859978e+00  3.7543745118e+00 -1.7363483024e+00  2.1490149160e-01  1.8163831093e+00  1.3484013813e+00 -3.3649607523e-01 -3.8978397105e-01 -1.6255727436e+00  8.1732443592e-01  8.7036388241e-01 -1.1406921989e+00 -3.9081680186e-03 -1.0540244947e-01  1.0140165899e-01 -4.0831793409e+00 -2.2103134552e-01  7.5298675326e-01 -2.3479344851e+00 -6.1611281927e-01  9.4949092334e-01 -2.9648715611e+00  1.0123932732e+00  1.4215711933e+00
ENERGY -9.148737040707e+02

JOB 7
COORDS -5.7201155680e-01  5.0363539334e+00  1.0607884521e+00 -1.3747088426e+00  4.9703119163e+00 -8.3891567934e-02  5.7457332117e-02  3.8790477495e+00  1.5266184672e+00 -1.5456691649e+00  3.7635701759e+00 -7.6401083440e-01 -1.2395842341e-01  2.6616719646e+00  8.6354422361e-01 -9.2800184240e-01  2.5972531013e+00 -2.8529316399e-01 -2.9472214096e-02  3.6165683982e-01 -9.2598520019e-01 -3.0694175911e+00  4.4355549443e-01  7.5634067205e-01 -1.1082166206e+00  1.3607557704e+00 -9.9396351131e-01 -2.5977297692e+00 -5.9222291277e-01 -1.6485654047e+00 -3.6008866736e+00  1.7447429190e+00 -1.4792532287e+00 -2.6885613445e+00  7.1261970579e-01 -9.9079313717e-01 -4.3275927717e-01  5.9812174036e+00  1.5789831428e+00 -1.8604128994e+00  5.8664477403e+00 -4.6081388962e-01  6.8812760269e-01  3.9179933951e+00  2.4109777828e+00 -2.1591174418e+00  3.7090188665e+00 -1.6553842396e+00  3.6517096517e-01  1.7699808802e+00  1.2424660672e+00 -2.0771188045e-01 -3.9747503516e-01 -1.6853220580e+00  9.0855377326e-01  8.7558966295e-01 -1.1451118000e+00  5.4779745090e-02 -1.3081340437e-01  5.2665499787e-02 -4.0754158394e+00  2.2414467114e-02  7.9561419002e-01 -2.3460352270e+00 -2.5988692797e-01  1.1715210911e+00 -3.0338760715e+00  1.4036163642e+00  1.2717283852e+00
ENERGY -9.148742345194e+02

JOB 8
COORDS -5.9301456064e-01  4.9577330647e+00  1.1435179039e+00 -1.4686110924e+00  4.8962530051e+00  5.3058613752e-02  1.3487223019e-01  3.8216437937e+00  1.5059311689e+00 -1.6146083230e+00  3.7139788796e+00 -6.7358185926e-01 -2.0738526809e-02  2.6261498863e+00  7.9752764990e-01 -8.9999878408e-01  2.5642305492e+00 -2.9509820746e-01  2.7032892583e-03  3.5409732123e-01 -9.9475898794e-01 -3.1668600623e+00  7.7696879752e-01  7.2731449309e-01 -1.0776461401e+00  1.3539723977e+00 -1.0452564149e+00 -2.5335438352e+00 -7.1405132739e-01 -1.3955886258e+00 -3.5457709651e+00  1.5955383600e+00 -1.7476917979e+00 -2.6637845645e+00  6.9240620091e-01 -1.0086115065e+00 -4.7323727601e-01  5.8839762800e+00  1.6986478220e+00 -2.0298460362e+00  5.7774556099e+00 -2.4641070815e-01  8.2311121180e-01  3.8584515359e+00  2.3463957759e+00 -2.2823109042e+00  3.6633581329e+00 -1.5262100520e+00  5.4430343127e-01  1.7513442384e+00  1.1009845887e+00 -1.8134038775e-01 -4.0081332348e-01 -1.7562753042e+00  9.3625789746e-01  8.7257159002e-01 -1.2229969970e+00  9.6329307096e-02 -1.4718924331e-01 -2.2161507484e-02 -4.1532267306e+00  3.1243143510e-01  7.7563534253e-01 -2.4510921063e+00  2.1862903968e-01  1.3327281381e+00 -3.2164563811e+00  1.8213484148e+00  1.0320796863e+00
ENERGY -9.148731294633e+02

JOB 9
COORDS -5.7139069827e-01  4.9421285478e+00  1.2202831896e+00 -1.4807485297e+00  4.9130489251e+00  1.5584544995e-01  1.7916862192e-01  3.8004780312e+00  1.5132197239e+00 -1.6355465877e+00  3.7574450966e+00 -6.1011199807e-01  1.3866678691e-02  2.6296099327e+00  7.6611815785e-01 -8.9995374627e-01  2.6008045819e+00 -2.9801900002e-01 -1.7072729097e-02  4.3689500132e-01 -1.1361703737e+00 -3.2883997138e+00  1.1202502990e+00  6.7721026866e-01 -1.1074536351e+00  1.4273908234e+00 -1.0912640798e+00 -2.5138436751e+00 -7.1707586973e-01 -1.1076016423e+00 -3.5564922045e+00  1.4598090546e+00 -1.9150274282e+00 -2.6879416764e+00  7.3325484347e-01 -9.8706310214e-01 -4.4278003306e-01  5.8472508312e+00  1.8073292166e+00 -2.0591483395e+00  5.7991965887e+00 -9.1947680798e-02  8.9337677160e-01  3.8136191587e+00  2.3324283085e+00 -2.3245110225e+00  3.7304346953e+00 -1.4488051821e+00  5.9539913496e-01  1.7488978666e+00  1.0173779770e+00 -2.2297549280e-01 -2.8259064388e-01 -1.9264888197e+00  8.9850694619e-01  9.7966005958e-01 -1.3808195998e+00  1.2201669046e-01 -1.1276831725e-01 -1.9700376535e-01 -4.2417797206e+00  5.9505742434e-01  7.5894952853e-01 -2.5792016153e+00  7.4332817439e-01  1.4154440942e+00 -3.4288702348e+00  2.1945040132e+00  7.7330811805e-01
ENERGY -9.148703705290e+02

JOB 10
COORDS -5.9641048317e-01  4.8426315953e+00  1.2535294162e+00 -1.4974318017e+00  4.8110842411e+00  1.8224240609e-01  1.6049039199e-01  3.7054096810e+00  1.5511548981e+00 -1.6368904089e+00  3.6547424984e+00 -5.8625771844e-01  8.2559243287e-03  2.5350334684e+00  8.0115838272e-01 -8.9665587377e-01  2.5037145606e+00 -2.7043344008e-01  5.6090970189e-02  4.2236514762e-01 -1.2316173219e+00 -3.3426649093e+00  1.1546500150e+00  6.3183024416e-01 -1.0899963565e+00  1.3354256320e+00 -1.0702898428e+00 -2.2878729820e+00 -9.1104121938e-01 -6.9185050816e-01 -3.4811100773e+00  9.1897959974e-01 -1.9876036687e+00 -2.6040718912e+00  5.0879761195e-01 -8.8904027653e-01 -4.7816380560e-01  5.7474641915e+00  1.8432464352e+00 -2.0783556090e+00  5.6948312926e+00 -6.8197615030e-02  8.6699123577e-01  3.7230323245e+00  2.3769204203e+00 -2.3118942620e+00  3.6248792515e+00 -1.4372662832e+00  5.8957923842e-01  1.6536783097e+00  1.0530638545e+00 -1.4931542225e-01 -2.6948798050e-01 -2.0481779521e+00  9.1653287910e-01  1.0378966249e+00 -1.5024098009e+00  2.8396555661e-01 -1.6431750411e-01 -3.3451370680e-01 -4.2290023404e+00  5.3422083274e-01  7.7803220181e-01 -2.6458142465e+00  1.0315225244e+00  1.4611126415e+00 -3.6205642345e+00  2.1970728824e+00  4.9693550600e-01
ENERGY -9.148671385075e+02

JOB 11
COORDS -5.5768177383e-01  4.8110210952e+00  1.2869774203e+00 -1.4346318075e+00  4.8228417798e+00  1.9597830260e-01  1.4647125443e-01  3.6427778564e+00  1.5974856977e+00 -1.6033367724e+00  3.6750301172e+00 -5.8096026686e-01 -3.5893603645e-02  2.4846054874e+00  8.3630592285e-01 -9.1649382471e-01  2.4961272535e+00 -2.5590558420e-01  3.6860045639e-02  4.9404977572e-01 -1.3757500392e+00 -3.4120568948e+00  1.2324395099e+00  5.7741676645e-01 -1.1318974179e+00  1.3381967925e+00 -1.0676728960e+00 -2.1218140477e+00 -9.2313989264e-01 -2.9605980928e-01 -3.4119870034e+00  4.8181028658e-01 -1.9633365940e+00 -2.5574379351e+00  3.9628657886e-01 -7.7705672102e-01 -4.1737496304e-01  5.7074583629e+00  1.8847728054e+00 -1.9733400137e+00  5.7310607499e+00 -6.1125236290e-02  8.3199836879e-01  3.6287544631e+00  2.4407899999e+00 -2.2573102992e+00  3.6753382164e+00 -1.4488211891e+00  4.9880938373e-01  1.5750197352e+00  1.0933357541e+00 -2.1442623664e-01 -1.7737280253e-01 -2.1986544276e+00  8.3546116086e-01  1.1621988957e+00 -1.7041995562e+00  3.7612172000e-01 -1.1111710389e-01 -5.2807649445e-01 -4.2600933628e+00  5.7759891731e-01  7.8724554066e-01 -2.7552643724e+00  1.3030999812e+00  1.4436552420e+00 -3.7569367294e+00  2.2126713160e+00  2.5565962941e-01
ENERGY -9.148653843262e+02

JOB 12
COORDS -3.4141400698e-01  5.1859585521e+00  4.4918169718e-01 -1.6179042603e+00  4.6388807094e+00  6.2757260195e-01  6.6999254379e-01  4.4055292601e+00 -1.1886101508e-01 -1.8788795861e+00  3.3225405400e+00  2.4518689927e-01  4.0932636644e-01  3.0937469614e+00 -5.2727598674e-01 -8.7059212090e-01  2.5472447271e+00 -3.5049544624e-01 -1.0674095925e-01  2.1340176886e-01 -7.1697250030e-01 -2.2822439556e+00  2.6562004774e+00 -2.9218563310e+00 -1.1905049872e+00  1.2123465599e+00 -7.4773067303e-01 -3.5986593864e+00  7.8680666155e-01 -1.6145048100e+00 -1.6053489088e+00  7.4337008505e-02 -3.0184266954e+00 -2.2449021837e+00  1.0371715611e+00 -2.1135886008e+00 -1.3482956390e-01  6.2065031080e+00  7.5946036739e-01 -2.4066454794e+00  5.2314138967e+00  1.0836452981e+00  1.6654581045e+00  4.8200685120e+00 -2.5507756337e-01 -2.8568906933e+00  2.8760959186e+00  4.0307501173e-01  1.1986570111e+00  2.5038991668e+00 -9.8245260079e-01 -5.3734762708e-01 -7.8469418969e-01 -7.9448429695e-01  6.2800388271e-01  3.3307422399e-01 -1.5211475008e+00  3.8469040154e-01  3.0821493584e-01  2.5361799787e-01 -2.8522514287e+00  2.4804274786e+00 -3.8362218959e+00 -2.7884574148e+00  3.3779696730e+00 -2.2855626969e+00 -1.2664564791e+00  2.9746482033e+00 -3.1569013370e+00
ENERGY -9.148671387842e+02

JOB 13
COORDS -3.5536264710e-01  5.2313089269e+00  5.4614468521e-01 -1.6358671638e+00  4.6917311538e+00  7.1927386516e-01  6.4887341945e-01  4.4459642363e+00 -2.5923997519e-02 -1.9089924520e+00  3.3805733526e+00  3.2896333140e-01  3.7857995375e-01  3.1382859217e+00 -4.4226209328e-01 -9.0565399929e-01  2.5999717709e+00 -2.7127814532e-01 -1.2708219335e-01  3.0172634070e-01 -7.9682869100e-01 -2.2070345412e+00  2.6498966559e+00 -2.9456489119e+00 -1.2335528587e+00  1.2685066273e+00 -6.8229646008e-01 -3.7336823120e+00  1.2419623796e+00 -1.3352379934e+00 -2.0342596087e+00 -1.3645942929e-02 -2.7541532261e+00 -2.4068348523e+00  1.1519830999e+00 -1.9474219090e+00 -1.4121694922e-01  6.2482899518e+00  8.6284903234e-01 -2.4214292201e+00  5.2870467759e+00  1.1772027029e+00  1.6484751342e+00  4.8516639664e+00 -1.5849271080e-01 -2.8934846046e+00  2.9468973152e+00  4.7560524965e-01  1.1674303936e+00  2.5485488557e+00 -8.9711758891e-01 -5.3990533453e-01 -6.9913552942e-01 -9.0865075702e-01  5.4460107083e-01  4.9426268822e-01 -1.6425694561e+00  4.3782991256e-01  3.4979231227e-01  1.3660608878e-01 -2.8857786023e+00  2.5151546858e+00 -3.7898029804e+00 -2.4891024081e+00  3.5201903371e+00 -2.3574160511e+00 -1.1748909894e+00  2.7201107414e+00 -3.2917260084e+00
ENERGY -9.148703705932e+02

JOB 14
COORDS -4.4141879307e-01  5.1877691428e+00  5.7091850075e-01 -1.6945478378e+00  4.5880323804e+00  7.4211068929e-01  5.8685684409e-01  4.4633284759e+00 -3.7236932310e-02 -1.9206784490e+00  3.2782806733e+00  3.1673183085e-01  3.6525544738e-01  3.1580629375e+00 -4.8704419574e-01 -8.9240354879e-01  2.5583135346e+00 -3.1568598718e-01  6.4806090835e-03  3.2027386408e-01 -9.2670420655e-01 -1.9958390910e+00  2.3678561812e+00 -3.1690831702e+00 -1.1485034380e+00  1.2190627303e+00 -7.6117053141e-01 -3.6479548007e+00  1.3888824374e+00 -1.3668335503e+00 -2.1350017032e+00 -2.3978703509e-01 -2.6077798339e+00 -2.3571792286e+00  1.0604917834e+00 -1.9718480989e+00 -2.6689603599e-01  6.2033830202e+00  9.1525590817e-01 -2.4990951891e+00  5.1356412834e+00  1.2258191420e+00  1.5668651357e+00  4.9139943856e+00 -1.7084000123e-01 -2.8860178679e+00  2.8056990539e+00  4.5869576671e-01  1.1731653403e+00  2.6169153502e+00 -9.6782483247e-01 -3.5557371838e-01 -6.9667882493e-01 -1.0623007093e+00  6.4876796076e-01  5.7849054880e-01 -1.7792131469e+00  5.9261923352e-01  3.7151814653e-01 -6.8002804736e-03 -2.7424252774e+00  2.2657922874e+00 -3.9584902409e+00 -2.0853899658e+00  3.3347973024e+00 -2.6760120067e+00 -9.9225706989e-01  2.2158481219e+00 -3.5695401180e+00
ENERGY -9.148731318343e+02

JOB 15
COORDS -4.5644658419e-01  5.1947464887e+00  6.9424443267e-01 -1.6730914419e+00  4.5483080530e+00  9.4094533614e-01  5.3216066702e-01  4.5394815725e+00 -4.4640471800e-02 -1.9029524735e+00  3.2577530735e+00  4.6168743310e-01  3.0375034215e-01  3.2545565636e+00 -5.4596109657e-01 -9.1638750400e-01  2.6070652283e+00 -2.9601919130e-01 -6.5396432847e-03  3.8645668793e-01 -9.7104074470e-01 -1.8334097897e+00  2.1542537322e+00 -3.3390112716e+00 -1.1622794277e+00  1.2781309986e+00 -7.8281618525e-01 -3.6067180447e+00  1.7288838609e+00 -1.4285193323e+00 -2.3647243462e+00 -2.7609813661e-01 -2.3954239827e+00 -2.3887330901e+00  1.1222312268e+00 -1.9618509085e+00 -2.7863618074e-01  6.1947576813e+00  1.0803253219e+00 -2.4449286821e+00  5.0445278140e+00  1.5232332250e+00  1.4835475032e+00  5.0280426429e+00 -2.3832439018e-01 -2.8398202231e+00  2.7498286132e+00  6.5712036441e-01  1.0785187147e+00  2.7621017849e+00 -1.1249587622e+00 -3.6848478635e-01 -6.3066028514e-01 -1.1095286389e+00  6.2427415440e-01  6.5657171638e-01 -1.8292745478e+00  5.9556446882e-01  4.3277864465e-01 -6.1453746839e-02 -2.5955040035e+00  2.0746019861e+00 -4.1160625573e+00 -1.7455974400e+00  3.1833741711e+00 -2.9900413644e+00 -8.7824697162e-01  1.7725220959e+00 -3.7029076878e+00
ENERGY -9.148742352156e+02

JOB 16
COORDS -4.6479782447e-01  5.1881126946e+00  8.2556666493e-01 -1.6572479209e+00  4.5078803680e+00  1.0986661468e+00  4.8871305206e-01  4.5983931195e+00 -8.6847241200e-03 -1.8981086907e+00  3.2465940718e+00  5.5197259783e-01  2.4685720759e-01  3.3439621166e+00 -5.7660040802e-01 -9.4774525080e-01  2.6622163017e+00 -2.9822293684e-01 -5.6862366062e-02  4.4242118663e-01 -1.0267702482e+00 -1.7905884900e+00  1.9257662324e+00 -3.4997409971e+00 -1.1919535828e+00  1.3591418045e+00 -8.4791324019e-01 -3.5630931398e+00  2.0353652515e+00 -1.5341117483e+00 -2.6148800064e+00 -2.3488892192e-01 -2.2125890639e+00 -2.4494763008e+00  1.2011017332e+00 -1.9796017915e+00 -2.7849789719e-01  6.1647893762e+00  1.2639948119e+00 -2.4010196405e+00  4.9551693228e+00  1.7526551951e+00  1.4203899126e+00  5.1148073634e+00 -2.2461747078e-01 -2.8158597031e+00  2.7125605446e+00  7.6754166567e-01  9.9162273875e-01  2.8983230249e+00 -1.2292908035e+00 -4.4221617466e-01 -5.6320690165e-01 -1.1910086371e+00  5.9972508505e-01  7.1522987140e-01 -1.8645729090e+00  5.2844643108e-01  4.5328193396e-01 -1.0522961596e-01 -2.5768490339e+00  1.8534302048e+00 -4.2532064055e+00 -1.5417059046e+00  2.9699997682e+00 -3.3050888630e+00 -9.1436444172e-01  1.3556421150e+00 -3.8111332370e+00
ENERGY -9.148737040952e+02

JOB 17
COORDS -4.4090738901e-01  5.1720553951e+00  9.8316406142e-01 -1.6390150905e+00  4.4844777846e+00  1.2082444984e+00  5.0842724627e-01  4.6351495420e+00  1.0918609616e-01 -1.8894072640e+00  3.2660112759e+00  5.7540059929e-01  2.5566558341e-01  3.4266725342e+00 -5.4624699757e-01 -9.4365806306e-01  2.7363389280e+00 -3.1440335970e-01 -7.4767875249e-02  5.2535931174e-01 -1.1130623529e+00 -1.8210919967e+00  1.7348313499e+00 -3.6326408008e+00 -1.1811177995e+00  1.4759283275e+00 -9.5140968800e-01 -3.4984059018e+00  2.2892219700e+00 -1.6468366777e+00 -2.8017209963e+00 -1.3288539852e-01 -2.0569285238e+00 -2.4894391317e+00  1.2973118168e+00 -2.0102440407e+00 -2.4732018970e-01  6.1142949470e+00  1.4886553609e+00 -2.3795516293e+00  4.8911169514e+00  1.8918049571e+00  1.4436029199e+00  5.1588650702e+00 -7.1139384723e-02 -2.8110325193e+00  2.7261713591e+00  7.5734188954e-01  9.9365957776e-01  3.0210694234e+00 -1.2324599707e+00 -4.8700378316e-01 -4.6482709084e-01 -1.3094971837e+00  6.1507118697e-01  7.9700887649e-01 -1.9237616373e+00  4.8327281398e-01  4.9208354583e-01 -1.7510942754e-01 -2.6331846276e+00  1.6199988414e+00 -4.3528318062e+00 -1.4801876631e+00  2.7709251505e+00 -3.6003232011e+00 -1.0059267614e+00  1.0513151778e+00 -3.8725385037e+00
ENERGY -9.148719295239e+02

JOB 18
COORDS -4.3295714061e-01  5.0977705031e+00  1.0826457589e+00 -1.3734725842e+00  4.1465138684e+00  1.4957440959e+00  3.2455617047e-01  4.8753400141e+00 -7.1359564206e-02 -1.5565203594e+00  2.9737999440e+00  7.6067500038e-01  1.4103928085e-01  3.7026057476e+00 -8.1100966696e-01 -7.9660786579e-01  2.7525272039e+00 -3.9479120221e-01 -3.6392338927e-01  3.2520829547e-01 -5.3690639479e-01 -1.8358508344e+00  1.6658608172e+00 -3.7252974295e+00 -9.2636892708e-01  1.5384078395e+00 -1.1633139912e+00 -3.3243038387e+00  2.3881335901e+00 -1.6611817670e+00 -2.7470097112e+00 -8.2781628433e-02 -1.9641421629e+00 -2.3788546266e+00  1.3358755125e+00 -2.0394736585e+00 -2.9447122583e-01  6.0100468504e+00  1.6569698983e+00 -1.9702400931e+00  4.3227822479e+00  2.3866546559e+00  1.0546108488e+00  5.6120214919e+00 -3.9607260111e-01 -2.2991683068e+00  2.2423923087e+00  1.0650082858e+00  7.2236444835e-01  3.5096911553e+00 -1.7086917406e+00 -4.0843386362e-01 -5.0787169707e-01 -1.2383013965e+00  6.8063539709e-01  5.3852578005e-01 -2.9818753997e-01 -8.9316621492e-01  4.2127385632e-02  3.8024747918e-01 -2.7094845217e+00  1.5568054635e+00 -4.3708406194e+00 -1.4502519702e+00  2.6850598803e+00 -3.7672305799e+00 -1.0661675596e+00  9.3910900680e-01 -3.9855381077e+00
ENERGY -9.148701619996e+02

JOB 19
COORDS -3.0421589745e-01  5.0869950365e+00  1.2374098116e+00 -7.6694241379e-01  3.9153996750e+00  1.8415651406e+00 -1.1611852015e-01  5.1189448358e+00 -1.4929940641e-01 -1.0506785692e+00  2.7855702746e+00  1.0682899734e+00 -3.7565246958e-01  3.9877495142e+00 -9.2235694630e-01 -8.4990233023e-01  2.8151209660e+00 -3.1813999601e-01 -8.7992530315e-01  3.2612611782e-01 -5.1073244279e-01 -1.4633464794e+00  1.4186227121e+00 -3.8134059328e+00 -1.0857147335e+00  1.6497828491e+00 -1.1216516568e+00 -2.8834125702e+00  3.0698500408e+00 -2.3091399703e+00 -3.2292340575e+00  5.5137059812e-01 -2.0502118602e+00 -2.3542829293e+00  1.7076882769e+00 -2.2728328249e+00 -9.1650283700e-02  5.9663867109e+00  1.8391917164e+00 -9.2148915288e-01  3.8800768008e+00  2.9167962660e+00  2.4447759252e-01  6.0244804045e+00 -6.2995345825e-01 -1.4317718689e+00  1.8888360266e+00  1.5463756801e+00 -2.1958692894e-01  4.0122854858e+00 -1.9960141188e+00 -8.0093965587e-01 -4.3030845247e-01 -1.2940606233e+00  6.4683315438e-02  3.5806273094e-01  3.5699629097e-02 -1.6909034778e+00  3.0840821881e-02  1.6256739821e-01 -2.2117343435e+00  1.3683441015e+00 -4.6065426677e+00 -7.7860661598e-01  2.2507643179e+00 -3.9757834759e+00 -9.2418092409e-01  4.7352807963e-01 -3.7386636753e+00
ENERGY -9.148697207788e+02

JOB 20
COORDS -3.7283084557e-01  5.0799974369e+00  1.3127944450e+00 -8.9869084558e-01  3.9003383099e+00  1.8468444365e+00 -6.1737215688e-02  5.1447170951e+00 -5.0384164966e-02 -1.1204470529e+00  2.7915172209e+00  1.0246509544e+00 -2.6395596556e-01  4.0347095299e+00 -8.7082172967e-01 -7.9590629309e-01  2.8547188359e+00 -3.3635281932e-01 -7.3648677750e-01  3.8512632083e-01 -6.1927609856e-01 -1.6146843098e+00  1.2302731935e+00 -3.8033138913e+00 -9.7072290593e-01  1.7176519635e+00 -1.2036784064e+00 -2.7341626540e+00  3.1718535215e+00 -2.3900303357e+00 -3.3104422295e+00  7.5016996117e-01 -1.8277015926e+00 -2.3407822951e+00  1.7712447389e+00 -2.2444341433e+00 -2.0711753221e-01  5.9425754733e+00  1.9526434206e+00 -1.1493064050e+00  3.8436471490e+00  2.9028524830e+00  3.4667908430e-01  6.0584447861e+00 -4.7385104178e-01 -1.5504349050e+00  1.8869292547e+00  1.4432299024e+00 -2.0803222812e-02  4.0749112962e+00 -1.9277496694e+00 -6.3447034330e-01 -3.5240053272e-01 -1.4189588469e+00  2.0640507355e-01  4.2746143528e-01 -7.1000590830e-02 -1.5411233002e+00  5.5526505321e-02  4.5499293122e-02 -2.4324883367e+00  1.1803461909e+00 -4.5244119496e+00 -8.7059539561e-01  1.9664007807e+00 -4.1061233479e+00 -1.1671449615e+00  2.4464055463e-01 -3.6729279377e+00
ENERGY -9.148700413256e+02

JOB 21
COORDS -4.1034730756e-01  5.0817968379e+00  1.3690376989e+00 -9.9422317775e-01  3.8989559222e+00  1.8321246459e+00  2.8262257264e-03  5.1760712017e+00  3.5189932809e-02 -1.1685835348e+00  2.8138813236e+00  9.6810018867e-01 -1.5644892235e-01  4.0906652506e+00 -8.2751246658e-01 -7.4035519370e-01  2.9071241247e+00 -3.6198232100e-01 -6.3421805339e-01  4.6053249971e-01 -7.1077549207e-01 -1.7634717703e+00  1.0455438788e+00 -3.7486663688e+00 -8.6940946986e-01  1.8002871703e+00 -1.2840584750e+00 -2.5447772612e+00  3.2803953108e+00 -2.5529513110e+00 -3.3617842678e+00  1.0481625709e+00 -1.6346019485e+00 -2.3061185704e+00  1.8718135587e+00 -2.2406031640e+00 -2.8024127904e-01  5.9252402157e+00  2.0419157315e+00 -1.3256890679e+00  3.8219466633e+00  2.8642667004e+00  4.5372939197e-01  6.0939004530e+00 -3.3258343274e-01 -1.6444792977e+00  1.9072692930e+00  1.3284076427e+00  1.5799346900e-01  4.1493988361e+00 -1.8644235633e+00 -4.9589098345e-01 -2.6392354321e-01 -1.5167638892e+00  2.9300660801e-01  5.0839004203e-01 -1.3721990088e-01 -1.4500946074e+00  1.1293725302e-01 -6.8740401865e-02 -2.6171704573e+00  1.0788865382e+00 -4.4278158405e+00 -9.1932813206e-01  1.5995862019e+00 -4.1581576062e+00 -1.4996695406e+00  1.0640416361e-02 -3.5330991526e+00
ENERGY -9.148699602999e+02

JOB 22
COORDS -4.3814555403e-01  5.0665753629e+00  1.4424852736e+00 -1.0364984826e+00  3.8654485652e+00  1.8358332425e+00  3.2306518637e-02  5.2134514579e+00  1.3277921911e-01 -1.1662334894e+00  2.8122103114e+00  9.2614714809e-01 -8.4356438749e-02  4.1604735875e+00 -7.7646089948e-01 -6.7859946617e-01  2.9579019789e+00 -3.7870560358e-01 -5.1604902084e-01  5.3728861834e-01 -8.1776704003e-01 -1.8871534086e+00  8.8810867431e-01 -3.6430757248e+00 -7.6581699611e-01  1.8906443317e+00 -1.3561884411e+00 -2.3378159443e+00  3.3566561984e+00 -2.7580744903e+00 -3.3508109933e+00  1.3944332802e+00 -1.4941254917e+00 -2.2406483793e+00  1.9864483636e+00 -2.2556075492e+00 -3.4263357480e-01  5.8847983774e+00  2.1513956998e+00 -1.4143507160e+00  3.7502327789e+00  2.8482774132e+00  4.9238402039e-01  6.1467888996e+00 -1.8052780299e-01 -1.6567742326e+00  1.8925775553e+00  1.2285565081e+00  2.6986183352e-01  4.2570866308e+00 -1.7974234841e+00 -3.1352557143e-01 -1.5223370161e-01 -1.6401912855e+00  3.8148061627e-01  5.9356201980e-01 -1.9980855294e-01 -1.3459484709e+00  1.4462102042e-01 -2.1952151580e-01 -2.7076103550e+00  1.0452624682e+00 -4.3455234014e+00 -9.3794614519e-01  1.1823349299e+00 -4.0910393274e+00 -1.8791372869e+00 -1.4777004447e-01 -3.3074598007e+00
ENERGY -9.148690795131e+02

JOB 23
COORDS -4.9085438394e-01  5.0353420619e+00  1.5003480961e+00 -1.0629437312e+00  3.8048654756e+00  1.8389989823e+00 -1.7481122760e-03  5.2427549303e+00  2.0604796941e-01 -1.1483490036e+00  2.7823420051e+00  8.9040678136e-01 -7.2465110560e-02  4.2202735631e+00 -7.4238719068e-01 -6.3970982973e-01  2.9879005102e+00 -3.9846041936e-01 -4.4841500861e-01  5.9177281421e-01 -9.1493662522e-01 -1.9958192701e+00  7.5228216069e-01 -3.5182910735e+00 -6.8141266792e-01  1.9609553603e+00 -1.4234297747e+00 -2.0999240099e+00  3.3772905388e+00 -3.0351570383e+00 -3.3142423745e+00  1.7814875797e+00 -1.4747727006e+00 -2.1583438743e+00  2.0987573519e+00 -2.3269269824e+00 -4.3065203745e-01  5.8292991404e+00  2.2400701289e+00 -1.4565550351e+00  3.6434091558e+00  2.8390496174e+00  4.3814547724e-01  6.1987652140e+00 -6.5000054788e-02 -1.6228525492e+00  1.8419236091e+00  1.1502114087e+00  2.9775844907e-01  4.3616645802e+00 -1.7523179090e+00 -1.7695435290e-01 -6.5527471713e-02 -1.7431594800e+00  4.0347542442e-01  6.3981917730e-01 -2.3495030005e-01 -1.3063448322e+00  1.6581721624e-01 -3.8021298904e-01 -2.7969197848e+00  9.2438828101e-01 -4.2394864637e+00 -1.0246175993e+00  8.1924580155e-01 -4.0098866839e+00 -2.1419935668e+00 -2.0388198823e-01 -3.0190816653e+00
ENERGY -9.148670545878e+02

