JOB 0
COORDS  6.5007347544e-01  9.0263348589e-01  3.1507354107e+00 -5.2560357325e+00  1.2372305481e+00  2.1797165179e+00  4.8611561095e-01  1.5047817997e+00  1.7644362085e+00 -3.7912090612e+00  1.4367099568e+00  2.5210136463e+00 -1.4541826950e+00  3.9993487936e+00  5.6820162220e-01 -1.4188931528e+00  3.4972431565e+00  3.1520830345e+00 -9.2024832412e-01  1.6037965339e+00  1.3986614644e+00 -3.2461947990e+00  2.4150206840e+00  1.5918515384e+00 -1.7360433376e+00  2.9298899483e+00  1.8199167084e+00  2.1424052118e-01  1.5607960330e+00  3.9058043441e+00  1.6229622688e-01 -7.5871899144e-02  3.2035169956e+00  1.7153071000e+00  7.6886603854e-01  3.3712324840e+00 -5.8066531823e+00  2.1771060762e+00  2.2791972138e+00 -5.3690155591e+00  8.7336297983e-01  1.1542250756e+00 -5.6983100752e+00  5.0163320876e-01  2.8598843860e+00  9.2896624349e-01  8.6926275605e-01  9.9385584752e-01  9.4923602729e-01  2.4942428411e+00  1.7017368796e+00 -3.2241657814e+00  5.0632380381e-01  2.4142390575e+00 -3.6639732270e+00  1.8140827731e+00  3.5401905598e+00 -1.7990406833e+00  3.7165325575e+00 -3.4486048598e-01 -1.7028420926e+00  4.9592932668e+00  7.8748684794e-01
ENERGY -7.815923488135e+02

JOB 1
COORDS  4.1445056479e-01  7.9048013883e-01  3.1722477978e+00 -5.1014575446e+00  1.2298425622e+00  2.2622794025e+00  5.0022130047e-01  1.5594325444e+00  1.8638845135e+00 -3.6421998179e+00  1.5210217350e+00  2.5590965351e+00 -1.4906297331e+00  4.1354753658e+00  4.7614341987e-01 -1.3191417933e+00  3.6512131822e+00  3.0647575233e+00 -8.2372616276e-01  1.7749454510e+00  1.2973382000e+00 -3.1786168054e+00  2.5069099253e+00  1.5961006092e+00 -1.6735886737e+00  3.0700737381e+00  1.7478979761e+00 -1.0614127481e-01  1.3830995269e+00  3.9283469917e+00 -1.1526348028e-01 -1.5659904682e-01  3.0279697957e+00  1.4236177792e+00  5.6826926692e-01  3.5373866138e+00 -5.7026874502e+00  2.1388635081e+00  2.3551998303e+00 -5.2193355149e+00  8.3560261920e-01  1.2486671948e+00 -5.4831034669e+00  4.8698363620e-01  2.9707062226e+00  1.0398711821e+00  9.9537138989e-01  1.0995876926e+00  9.9909398223e-01  2.5224031439e+00  2.0038981252e+00 -3.0266813550e+00  6.2093079743e-01  2.4572282393e+00 -3.5099515695e+00  1.9274740244e+00  3.5664123701e+00 -1.8213735862e+00  3.8093032705e+00 -4.2764690561e-01 -1.8153653293e+00  5.0756192026e+00  6.8168742690e-01
ENERGY -7.815916369017e+02

JOB 2
COORDS  2.0190835850e-01  6.9076532436e-01  3.1232539152e+00 -4.9728578779e+00  1.1899157395e+00  2.3493050449e+00  5.0107374674e-01  1.5866727139e+00  1.9323878105e+00 -3.5078292461e+00  1.5206348165e+00  2.5667185655e+00 -1.5617720104e+00  4.1893640160e+00  3.5911023341e-01 -1.2811459859e+00  3.7564764568e+00  2.9593976157e+00 -7.0967994353e-01  1.9074358561e+00  1.1908948337e+00 -3.1180405460e+00  2.5012300335e+00  1.5689674075e+00 -1.6364477838e+00  3.1431371245e+00  1.6575336118e+00 -4.0689775605e-01  1.2211254472e+00  3.8599337289e+00 -3.2335450718e-01 -2.1524780471e-01  2.8047022416e+00  1.1406459809e+00  3.9255926031e-01  3.6037439491e+00 -5.5908329666e+00  2.0852754253e+00  2.4624715017e+00 -5.1328155701e+00  7.7995671444e-01  1.3477660047e+00 -5.2990481716e+00  4.4721523326e-01  3.0850942110e+00  1.1426801751e+00  1.0839233011e+00  1.2052195127e+00  9.8609725764e-01  2.5129912351e+00  2.2503907009e+00 -2.8778420623e+00  6.3287885683e-01  2.4456201657e+00 -3.3351298451e+00  1.9435045854e+00  3.5611808554e+00 -1.8582931689e+00  3.8022647744e+00 -5.3272660331e-01 -1.9994488456e+00  5.0882138636e+00  5.3990070638e-01
ENERGY -7.815905921187e+02

JOB 3
COORDS  5.1290563587e-01 -1.0222498827e+00  1.2598629494e+00 -4.9605956777e+00  2.0026430809e+00  3.6223527250e+00 -4.2993596747e-01 -3.5057637246e-01  2.2407521772e+00 -4.3659682686e+00  2.5881067971e+00  2.3506780957e+00 -1.3497488740e+00  3.3748006042e+00  1.6959655988e+00 -1.6036036276e+00  1.8877910730e+00  3.8447923761e+00 -1.0914453487e+00  7.4132074544e-01  1.5421630102e+00 -3.3137125669e+00  1.7325718451e+00  1.8177550830e+00 -1.8179175033e+00  1.9131329304e+00  2.3778791114e+00 -3.4270029465e-02 -1.3993847650e+00  3.9103021864e-01  1.2759996687e+00 -3.1950591774e-01  9.1194127381e-01  1.0136479378e+00 -1.8655506650e+00  1.7474455454e+00 -5.3450371056e+00  9.9515708370e-01  3.4367747170e+00 -4.2075861115e+00  1.9529133933e+00  4.4123516406e+00 -5.7903446497e+00  2.6325612495e+00  3.9630744472e+00  9.9484474214e-02  4.6857514857e-02  3.1101789041e+00 -1.1974570175e+00 -1.0454624633e+00  2.5960349618e+00 -3.9646147445e+00  3.5927541820e+00  2.5167572041e+00 -5.1072713395e+00  2.6432110573e+00  1.5500557412e+00 -5.1141948401e-01  3.7656807535e+00  2.1160856201e+00 -1.3009788122e+00  3.3898319041e+00  6.8061680615e-01
ENERGY -7.815896230460e+02

JOB 4
COORDS  4.9156670244e-01 -1.0240140007e+00  1.3543870858e+00 -4.8844449763e+00  1.9084470344e+00  3.6562798529e+00 -5.6828153325e-01 -3.5335826235e-01  2.2083735859e+00 -4.3440601204e+00  2.5617602703e+00  2.3937680011e+00 -1.3534217290e+00  3.4584005809e+00  1.5924615210e+00 -1.5378395953e+00  2.0313546859e+00  3.7967393917e+00 -9.9984274152e-01  8.5241758491e-01  1.5165589560e+00 -3.2693612195e+00  1.7697252766e+00  1.8092807862e+00 -1.7665900180e+00  2.0119459740e+00  2.3320173017e+00  9.4369828303e-02 -1.2747263889e+00  3.6645976931e-01  1.3568285401e+00 -3.6695848179e-01  1.2254789034e+00  8.2601257874e-01 -1.9478194170e+00  1.8384548709e+00 -5.2300717532e+00  8.9215859763e-01  3.4437108861e+00 -4.1116223221e+00  1.8658517086e+00  4.4272673787e+00 -5.7323565220e+00  2.4895668090e+00  4.0366954540e+00 -1.8517699220e-01 -7.8079795803e-02  3.1940799033e+00 -1.4404737508e+00 -1.0019486446e+00  2.3427155239e+00 -3.9815122618e+00  3.5760784904e+00  2.5879852610e+00 -5.1049562580e+00  2.6140640929e+00  1.6114797054e+00 -4.9677615044e-01  3.8677312133e+00  1.9542625464e+00 -1.3616710143e+00  3.4479816161e+00  5.7591259143e-01
ENERGY -7.815907469866e+02

JOB 5
COORDS  3.8303358368e-01 -1.0743389598e+00  1.3749048262e+00 -4.7919819163e+00  1.7938207788e+00  3.6350702133e+00 -6.2110804533e-01 -2.9378825985e-01  2.2019464799e+00 -4.2899619214e+00  2.4857873036e+00  2.3774818475e+00 -1.3280592495e+00  3.5581801931e+00  1.5340890042e+00 -1.4812688422e+00  2.2027392192e+00  3.7880994783e+00 -8.3030551828e-01  9.9083529871e-01  1.5500440146e+00 -3.1606028670e+00  1.7702571155e+00  1.7978246288e+00 -1.6785628707e+00  2.1233770947e+00  2.3210073465e+00  1.0064294367e-02 -1.2331016218e+00  3.5887717319e-01  1.3348499902e+00 -5.3812543855e-01  1.3172403696e+00  5.6241126991e-01 -2.0514565300e+00  1.8358343060e+00 -5.0648423076e+00  7.5638567449e-01  3.4182777668e+00 -4.0227605141e+00  1.8039498232e+00  4.4106892463e+00 -5.6809297048e+00  2.3132635259e+00  4.0109466911e+00 -2.6039312966e-01 -1.1505717525e-01  3.2184349404e+00 -1.5824729995e+00 -8.1574984821e-01  2.2577871378e+00 -3.9980873991e+00  3.5215508482e+00  2.5772850173e+00 -5.0480255691e+00  2.4896138634e+00  1.5906669011e+00 -5.0651553000e-01  4.0310542292e+00  1.8995152798e+00 -1.3132890087e+00  3.5111354554e+00  5.1878619700e-01
ENERGY -7.815918272866e+02

JOB 6
COORDS  3.2164650835e-01 -1.0799421210e+00  1.4403684499e+00 -4.7052852634e+00  1.7101791929e+00  3.6682030092e+00 -7.4246816038e-01 -2.7113409880e-01  2.1582709341e+00 -4.2541385610e+00  2.4197997627e+00  2.4013716109e+00 -1.3123759663e+00  3.6066395433e+00  1.4574467924e+00 -1.4482684835e+00  2.3715183696e+00  3.7785019553e+00 -7.3200749112e-01  1.0733150390e+00  1.6005668278e+00 -3.0928830910e+00  1.7637440818e+00  1.8158463884e+00 -1.6253261775e+00  2.2074934107e+00  2.3161669678e+00  1.1714349874e-01 -1.1237730332e+00  3.6656858402e-01  1.3097490460e+00 -6.3511280488e-01  1.5895935498e+00  3.3776581241e-01 -2.1022666123e+00  1.8327149492e+00 -4.9226834803e+00  6.5766171259e-01  3.4610625169e+00 -3.9300772212e+00  1.7694716790e+00  4.4355469383e+00 -5.6179126737e+00  2.1821157280e+00  4.0499180791e+00 -5.4247321672e-01 -2.0587189051e-01  3.2318555624e+00 -1.7395688432e+00 -6.9805879393e-01  2.0088687873e+00 -4.0185059188e+00  3.4712748486e+00  2.5930683309e+00 -5.0187141630e+00  2.3773686353e+00  1.6219631717e+00 -5.3397467834e-01  4.1461936703e+00  1.8239403338e+00 -1.2621436185e+00  3.5054071226e+00  4.4754207957e-01
ENERGY -7.815924192289e+02

JOB 7
COORDS  3.1550842843e-01 -1.0570756117e+00  1.4344073956e+00 -4.6291241954e+00  1.7084683471e+00  3.6960616387e+00 -8.1033136991e-01 -2.4817193014e-01  2.0509097894e+00 -4.2125904134e+00  2.3631864638e+00  2.3884983751e+00 -1.3069918316e+00  3.6296371139e+00  1.3639665215e+00 -1.4167936845e+00  2.5357857710e+00  3.7480206706e+00 -6.3715099441e-01  1.1380998659e+00  1.6430773318e+00 -3.0237081305e+00  1.7275364488e+00  1.8379933860e+00 -1.5761135753e+00  2.2712746531e+00  2.2984056322e+00  2.9080436186e-01 -9.8573034733e-01  3.4295699322e-01  1.2867236301e+00 -6.9715621870e-01  1.7857096140e+00  2.1210164510e-01 -2.1104883064e+00  1.7154861153e+00 -4.7999819274e+00  6.3712094244e-01  3.5508575923e+00 -3.8553421535e+00  1.8462684740e+00  4.4546317991e+00 -5.5611236033e+00  2.1606352132e+00  4.0541693512e+00 -7.8449801272e-01 -2.9951603694e-01  3.1441524568e+00 -1.7903831430e+00 -5.8778647077e-01  1.7036242219e+00 -4.0242098458e+00  3.4334049271e+00  2.5183270506e+00 -4.9753744542e+00  2.2417814798e+00  1.6156371703e+00 -6.0444973725e-01  4.2541957121e+00  1.7475728178e+00 -1.1770154151e+00  3.4719734683e+00  3.6883836267e-01
ENERGY -7.815921291205e+02

JOB 8
COORDS  3.3452023628e-01 -1.0490883326e+00  1.4611719142e+00 -4.6044501861e+00  1.7496002174e+00  3.7677353158e+00 -8.6519633082e-01 -2.6100722923e-01  1.9528471138e+00 -4.1979231081e+00  2.3033439880e+00  2.4112570751e+00 -1.3272448828e+00  3.6015304431e+00  1.3409661833e+00 -1.4175631188e+00  2.6418805840e+00  3.7740466483e+00 -5.8074743489e-01  1.1508798184e+00  1.7492915960e+00 -2.9869331772e+00  1.6600667725e+00  1.9214726838e+00 -1.5592765853e+00  2.2840050639e+00  2.3428405896e+00  5.1696669525e-01 -8.5472626866e-01  4.0001694416e-01  1.2321158863e+00 -7.7845212075e-01  2.0242853599e+00  1.5141395155e-01 -2.1210878211e+00  1.5906500521e+00 -4.7446842266e+00  6.6547330487e-01  3.7127943915e+00 -3.8395793191e+00  1.9721169379e+00  4.5150271698e+00 -5.5510404967e+00  2.2040495678e+00  4.0820824648e+00 -1.0446307184e+00 -4.3861093353e-01  3.0183293776e+00 -1.7731375753e+00 -5.1196850537e-01  1.3985595449e+00 -4.0418134814e+00  3.3858675095e+00  2.4499367700e+00 -4.9513406329e+00  2.0944544433e+00  1.6479317918e+00 -7.0483419902e-01  4.3019859865e+00  1.7311572645e+00 -1.1188759532e+00  3.4001253110e+00  3.6762713953e-01
ENERGY -7.815909375938e+02

JOB 9
COORDS  3.5632179231e-01 -1.0278308184e+00  1.4522928974e+00 -4.6124432808e+00  1.8154916915e+00  3.8160883754e+00 -8.9028776040e-01 -2.6005147168e-01  1.8508023797e+00 -4.2025864346e+00  2.2547574554e+00  2.4193178410e+00 -1.3717946294e+00  3.5588837130e+00  1.3039352511e+00 -1.4358273686e+00  2.7499794759e+00  3.7837499380e+00 -5.4983541054e-01  1.1531980643e+00  1.8647670488e+00 -2.9717272489e+00  1.5985169752e+00  2.0012040629e+00 -1.5643898289e+00  2.2919876704e+00  2.3805850326e+00  7.0290856019e-01 -7.1777477790e-01  4.6189696393e-01  1.1620629468e+00 -8.5739602060e-01  2.1717646778e+00  1.3584803985e-01 -2.1002527597e+00  1.4223856536e+00 -4.7308444909e+00  7.2817684079e-01  3.8567179084e+00 -3.8599885252e+00  2.1184745694e+00  4.5474807879e+00 -5.5710123907e+00  2.2768244361e+00  4.0800676702e+00 -1.2353403536e+00 -5.5560634203e-01  2.8466208238e+00 -1.7078914487e+00 -4.1322103742e-01  1.1420793738e+00 -4.0705298436e+00  3.3395995668e+00  2.3610828997e+00 -4.9420573353e+00  1.9608418120e+00  1.6705035547e+00 -8.1242744084e-01  4.3200156732e+00  1.6755089255e+00 -1.1051755500e+00  3.3134241124e+00  3.5539893901e-01
ENERGY -7.815892780043e+02

JOB 10
COORDS  3.8137295680e-01 -1.0268014893e+00  1.4411941780e+00 -4.6305358444e+00  1.8923393828e+00  3.8641710096e+00 -8.9767214262e-01 -2.6788611491e-01  1.7421972876e+00 -4.2105621353e+00  2.2028075571e+00  2.4361509840e+00 -1.4258938497e+00  3.4872154230e+00  1.2940909357e+00 -1.4354563783e+00  2.8017290065e+00  3.8063255056e+00 -5.3616285786e-01  1.1175872850e+00  1.9870366660e+00 -2.9668973215e+00  1.5267827814e+00  2.0931130902e+00 -1.5724829699e+00  2.2650728337e+00  2.4330748822e+00  8.8040063985e-01 -6.1413365374e-01  5.5930295706e-01  1.0711269124e+00 -9.7139610088e-01  2.2879512072e+00  1.4908779966e-01 -2.0795869820e+00  1.2479497787e+00 -4.7380759674e+00  8.1254440488e-01  4.0063439448e+00 -3.8893866952e+00  2.2704468400e+00  4.5717511515e+00 -5.5965234367e+00  2.3659779953e+00  4.0736791413e+00 -1.3990871293e+00 -6.6880428490e-01  2.6277968183e+00 -1.5995987457e+00 -3.0656908543e-01  9.0469047708e-01 -4.0902590676e+00  3.2785966001e+00  2.2752234528e+00 -4.9380079919e+00  1.8291586561e+00  1.7114934997e+00 -8.8580686241e-01  4.2796974763e+00  1.6270960795e+00 -1.1517980361e+00  3.2061098211e+00  3.5753613230e-01
ENERGY -7.815877376807e+02

JOB 11
COORDS  3.9759512761e-01 -1.0214569635e+00  1.4544661700e+00 -4.6448149241e+00  1.9534658225e+00  3.9166290503e+00 -8.9082009151e-01 -2.4420003713e-01  1.6506432429e+00 -4.2204773129e+00  2.1684579182e+00  2.4723987974e+00 -1.4747964070e+00  3.4186935572e+00  1.2932721822e+00 -1.4271532545e+00  2.8515007637e+00  3.8321685574e+00 -5.3359212026e-01  1.0815276735e+00  2.1216304447e+00 -2.9687584113e+00  1.4817214263e+00  2.1822167056e+00 -1.5816054611e+00  2.2452810716e+00  2.4913882581e+00  1.0387663818e+00 -5.3339430324e-01  7.1449622874e-01  9.4905891168e-01 -1.0952633623e+00  2.3958673582e+00  1.6857498857e-01 -2.0333630510e+00  1.1033164023e+00 -4.7449819099e+00  8.8530062503e-01  4.1324518430e+00 -3.9103349530e+00  2.3845655618e+00  4.6005215110e+00 -5.6152276338e+00  2.4331264346e+00  4.0885200379e+00 -1.5382282971e+00 -7.2144804564e-01  2.3908865201e+00 -1.4525093944e+00 -1.5390771503e-01  7.1541571119e-01 -4.1077485808e+00  3.2311763476e+00  2.2369810488e+00 -4.9405506566e+00  1.7378809901e+00  1.7724364948e+00 -9.0673027531e-01  4.2145474218e+00  1.5672700187e+00 -1.2445550592e+00  3.0958745827e+00  3.5799931582e-01
ENERGY -7.815867768986e+02

JOB 12
COORDS  4.0913012186e-01 -1.0326767692e+00  1.5107516806e+00 -4.6514495204e+00  1.9899865591e+00  3.9923470170e+00 -8.5811019288e-01 -1.9987788437e-01  1.5706629336e+00 -4.2312594943e+00  2.1400282112e+00  2.5388163318e+00 -1.5160032512e+00  3.3374877370e+00  1.3111261926e+00 -1.4130629905e+00  2.8754590079e+00  3.8709749743e+00 -5.3987837510e-01  1.0327693118e+00  2.2640386363e+00 -2.9788074442e+00  1.4418833996e+00  2.2768427086e+00 -1.5914316310e+00  2.2138511680e+00  2.5613475386e+00  1.1973258291e+00 -5.0516710710e-01  9.6568318309e-01  7.7186916683e-01 -1.2502198060e+00  2.5191668337e+00  2.0564421202e-01 -1.9801558541e+00  1.0003573716e+00 -4.7477508773e+00  9.3269329680e-01  4.2573863279e+00 -3.9169262573e+00  2.4541107770e+00  4.6543456967e+00 -5.6226004853e+00  2.4747648175e+00  4.1444969483e+00 -1.6549043683e+00 -7.1454100243e-01  2.1126851697e+00 -1.2269194455e+00  3.3269064312e-02  5.6461359962e-01 -4.1195451580e+00  3.1909540588e+00  2.2552677039e+00 -4.9521811409e+00  1.6768344192e+00  1.8609282068e+00 -8.8526006889e-01  4.1092067445e+00  1.5067057504e+00 -1.3821988143e+00  2.9722023442e+00  3.7233386919e-01
ENERGY -7.815867043581e+02

JOB 13
COORDS  6.8872240928e-01 -1.6038185424e-01 -3.5207912990e-01 -5.2045594690e+00  2.4804549913e-01  1.6396563652e+00 -6.4341531485e-01  3.8890710146e-01  1.2393408063e-01 -3.7999815969e+00  2.1544036171e-01  2.2121648072e+00 -1.4483728955e+00  3.1994833688e+00  1.4730360037e+00 -1.5334393386e+00  1.5894205724e+00  3.7004521268e+00 -4.7836971602e-01  8.2449642253e-01  1.4987287109e+00 -3.0357548444e+00  1.2784984752e+00  1.5762721750e+00 -1.6171386419e+00  1.6996466719e+00  2.2265854789e+00  1.4581741888e+00  6.1672629928e-01 -3.2812240443e-01  1.0137366967e+00 -9.8943068777e-01  2.8299288071e-01  5.9383375447e-01 -5.2473257719e-01 -1.3805432199e+00 -5.6870917935e+00  1.2052878242e+00  1.8575703075e+00 -5.1874134765e+00  1.0657681941e-01  5.5495776656e-01 -5.8045594979e+00 -5.5246349507e-01  2.0850208699e+00 -1.4235756249e+00 -3.7842084118e-01  9.5053922143e-02 -9.6958285400e-01  1.2372796399e+00 -4.8598022096e-01 -3.3073293351e+00 -7.4064372141e-01  2.0015804402e+00 -3.7945568796e+00  3.7441186343e-01  3.2935634461e+00 -2.2093765513e+00  3.8379635082e+00  1.6942890966e+00 -5.5842486685e-01  3.6380717541e+00  1.6999526052e+00
ENERGY -7.815875867328e+02

JOB 14
COORDS  6.2829823539e-01 -2.2480548069e-01 -2.9089903695e-01 -5.2148683967e+00  1.7246457865e-01  1.6777582356e+00 -6.1329050511e-01  5.6047829669e-01  8.9628998466e-02 -3.8118435169e+00  2.0930205953e-01  2.2534266488e+00 -1.4962008049e+00  3.2133086209e+00  1.4416752212e+00 -1.5358577049e+00  1.6649884592e+00  3.7076209381e+00 -5.7134443741e-01  7.8947329452e-01  1.5230199240e+00 -3.1035211087e+00  1.3167075464e+00  1.6288251925e+00 -1.6634550148e+00  1.7332649562e+00  2.2348878513e+00  1.5327136832e+00  3.4069152208e-01 -4.8618367901e-02  6.6331947424e-01 -1.1782109905e+00  2.4408676146e-01  6.2271891368e-01 -4.2859796935e-01 -1.3669871921e+00 -5.7469876897e+00  1.1021759989e+00  1.8993779160e+00 -5.1881735284e+00  3.7100608948e-02  5.9244639470e-01 -5.7735022144e+00 -6.6022502583e-01  2.1178227395e+00 -1.5266439095e+00  5.0479378316e-03 -1.4779596167e-01 -6.5508529163e-01  1.5266107036e+00 -4.2234109972e-01 -3.2685214735e+00 -7.1760155704e-01  2.0379798629e+00 -3.8182199541e+00  3.6169351251e-01  3.3359432381e+00 -2.3362928736e+00  3.7837560976e+00  1.5030210102e+00 -6.9917543722e-01  3.7408519810e+00  1.7913853094e+00
ENERGY -7.815885569951e+02

JOB 15
COORDS  4.2068359499e-01 -2.5643213240e-01 -3.8725384602e-01 -5.1662810968e+00  6.5765842111e-02  1.4777441198e+00 -6.5230706894e-01  7.5731560818e-01 -3.3609478720e-02 -3.7683005088e+00  1.9524308048e-01  2.0520962682e+00 -1.5654928353e+00  3.3354474943e+00  1.3206216585e+00 -1.5199933373e+00  1.8678551682e+00  3.5901915990e+00 -7.3917346603e-01  8.2483568333e-01  1.4113283529e+00 -3.2102082457e+00  1.4566427605e+00  1.5903225073e+00 -1.7380826331e+00  1.8685526608e+00  2.1280557197e+00  1.3856737517e+00  4.5511330368e-02  2.9462332795e-02  1.6778776868e-01 -1.2446737590e+00  7.7636752767e-03  5.1807373926e-01 -3.3041221243e-01 -1.4756286599e+00 -5.8003111098e+00  8.8977570736e-01  1.8174183252e+00 -5.1407114444e+00  7.3462290715e-02  3.8389414753e-01 -5.6160810696e+00 -8.7653740279e-01  1.8074619512e+00 -1.6282625395e+00  4.5982360528e-01 -4.3541611079e-01 -4.1040317406e-01  1.7533097550e+00 -4.1656519397e-01 -3.1195606657e+00 -6.2072837656e-01  1.7150525128e+00 -3.7795133558e+00  1.9993263305e-01  3.1458555713e+00 -2.4293400658e+00  3.6791388690e+00  9.1075711809e-01 -1.1409082252e+00  4.0447839277e+00  1.9120197109e+00
ENERGY -7.815884909949e+02

JOB 16
COORDS  4.1683786311e-01 -2.7950984689e-01 -3.5438930064e-01 -5.1946792277e+00  6.7826283541e-02  1.6106461878e+00 -5.3609277363e-01  8.5366721043e-01 -1.9601845739e-02 -3.7793119986e+00  2.0540085929e-01  2.1391562383e+00 -1.5629649769e+00  3.3348118731e+00  1.3003022591e+00 -1.4761313200e+00  1.9285305743e+00  3.5828839104e+00 -8.1451769083e-01  7.9290752761e-01  1.3998940293e+00 -3.2489207284e+00  1.4764409363e+00  1.6722643019e+00 -1.7489190076e+00  1.8857297055e+00  2.1308367576e+00  1.3468550420e+00 -1.7711920023e-01  2.1177431195e-01 -2.9928379165e-02 -1.2484920901e+00 -1.1330378361e-01  6.5438055459e-01 -2.6167384963e-01 -1.4233881427e+00 -5.8241280161e+00  8.8396747946e-01  1.9768588737e+00 -5.2054032156e+00  8.3082970535e-02  5.1657804634e-01 -5.6254582539e+00 -8.8061144289e-01  1.9482575969e+00 -1.4775408787e+00  7.5367841975e-01 -5.7465098533e-01 -1.0156550593e-01  1.8302742622e+00 -2.4996748663e-01 -3.1341650995e+00 -6.0041171295e-01  1.7730738941e+00 -3.7557436257e+00  2.0075474689e-01  3.2328806686e+00 -2.3567963579e+00  3.5938616017e+00  7.2141116728e-01 -1.3041394977e+00  4.0940434308e+00  1.9243046921e+00
ENERGY -7.815875176525e+02

JOB 17
COORDS  1.3454324707e+00  1.5117663250e+00  2.3074400313e+00 -5.2589440534e+00  1.1920784127e+00  1.4152460211e+00 -2.2825307551e-02  1.0118107668e+00  1.8749181759e+00 -4.1231981000e+00  1.4042414794e+00  2.3984949506e+00 -1.1106957732e+00  3.7569896740e+00  1.5433640519e+00 -2.1588124994e+00  3.3969778337e+00  3.9960419969e+00 -1.0424057081e+00  1.4282614891e+00  2.8161225843e+00 -3.1871870738e+00  2.3443355523e+00  1.8033467306e+00 -1.8961536022e+00  2.7882003000e+00  2.6739176180e+00  1.3828803893e+00  2.6035939673e+00  2.2717607553e+00  1.5675244683e+00  1.1833465336e+00  3.3267786508e+00  2.1164241400e+00  1.1158784184e+00  1.6365644833e+00 -5.7708207730e+00  2.1361545653e+00  1.2073374492e+00 -4.8855988948e+00  7.8224940116e-01  4.7192723220e-01 -5.9856951796e+00  4.8881696536e-01  1.8352224289e+00 -6.5208338044e-02 -8.0572067004e-02  1.8765960486e+00 -2.7234308351e-01  1.3651672617e+00  8.7018969990e-01 -3.5936694363e+00  4.6889162300e-01  2.6079139054e+00 -4.4821062883e+00  1.8230469768e+00  3.3433603446e+00 -1.6256433240e+00  3.8725452601e+00  6.7475479268e-01 -8.6452046039e-01  4.6614306652e+00  1.9363486913e+00
ENERGY -7.815862548715e+02

JOB 18
COORDS  1.3450734663e+00  1.5572733744e+00  2.4481069017e+00 -5.3616163176e+00  1.2725722831e+00  1.5004091872e+00  6.1288695986e-02  1.0500048252e+00  1.8117381899e+00 -4.1597095495e+00  1.4193434455e+00  2.4146134662e+00 -1.1355221114e+00  3.7414600056e+00  1.4652483938e+00 -2.0534874486e+00  3.3505259808e+00  3.9474116326e+00 -1.0881037269e+00  1.3625503851e+00  2.6345806003e+00 -3.2492878133e+00  2.3753469985e+00  1.8050273233e+00 -1.8933678546e+00  2.7595329766e+00  2.6006776240e+00  1.3483625091e+00  2.6497002092e+00  2.4903813080e+00  1.4493024376e+00  1.1656518584e+00  3.4638978219e+00  2.2080602071e+00  1.2313662804e+00  1.8562693624e+00 -5.8699663885e+00  2.2328171385e+00  1.3738237224e+00 -5.0581152640e+00  9.0567447682e-01  5.1527678899e-01 -6.0708718239e+00  5.5887894853e-01  1.9326041593e+00  6.0526463840e-02 -4.0282133466e-02  1.7353501419e+00 -7.3652725718e-02  1.4686291165e+00  8.1038118136e-01 -3.6331152369e+00  4.6766643488e-01  2.5407860300e+00 -4.4487849889e+00  1.7949635158e+00  3.4008135112e+00 -1.6126357354e+00  3.7931066272e+00  5.6934209434e-01 -9.6022423332e-01  4.6713979772e+00  1.8354284694e+00
ENERGY -7.815855586223e+02

JOB 19
COORDS  1.3227267784e+00  1.5537949126e+00  2.5767658257e+00 -5.4577592547e+00  1.3097889989e+00  1.5629714911e+00  1.6148697205e-01  1.0495669628e+00  1.7345309915e+00 -4.1803854556e+00  1.3673905098e+00  2.3794988170e+00 -1.1589645349e+00  3.6767373464e+00  1.3376796383e+00 -1.9658127122e+00  3.2385025097e+00  3.8342355183e+00 -1.1077028580e+00  1.2588231956e+00  2.3993321831e+00 -3.2850157419e+00  2.3193923241e+00  1.7407152844e+00 -1.8852907001e+00  2.6704756060e+00  2.4702721189e+00  1.2741837971e+00  2.6399174477e+00  2.6932021796e+00  1.3040872361e+00  1.0955684541e+00  3.5695246254e+00  2.2717021806e+00  1.3008741409e+00  2.0903711002e+00 -5.9374230312e+00  2.2922164126e+00  1.5274124018e+00 -5.2498299284e+00  9.8543561679e-01  5.3891180647e-01 -6.1560421287e+00  5.9864722975e-01  2.0167497865e+00  2.1850518678e-01 -3.1557313622e-02  1.5868248894e+00  1.4555726689e-01  1.5369065553e+00  7.5578691576e-01 -3.6822792183e+00  3.9302717997e-01  2.4153676284e+00 -4.3738116167e+00  1.7029748685e+00  3.4029041316e+00 -1.5889754603e+00  3.6660753411e+00  4.1673627167e-01 -1.0671983537e+00  4.6269610459e+00  1.6854008034e+00
ENERGY -7.815858620147e+02

JOB 20
COORDS  1.2739718246e+00  1.5102016486e+00  2.6907295621e+00 -5.5066439945e+00  1.3324917754e+00  1.6687505282e+00  2.4592611794e-01  1.0708129780e+00  1.6591846447e+00 -4.1708964669e+00  1.3371582982e+00  2.3881287236e+00 -1.1875682988e+00  3.6550950516e+00  1.2240478865e+00 -1.8376264175e+00  3.1401169355e+00  3.7397033384e+00 -1.1096669415e+00  1.1977332268e+00  2.1555656850e+00 -3.3045774231e+00  2.2920930508e+00  1.7136920670e+00 -1.8580203833e+00  2.6131876379e+00  2.3565155977e+00  1.1807862525e+00  2.5780976219e+00  2.9062314248e+00  1.1423114021e+00  9.5756591689e-01  3.6250981757e+00  2.2837403166e+00  1.3215482902e+00  2.3089523033e+00 -5.9653239367e+00  2.3250135196e+00  1.7007337713e+00 -5.3827232068e+00  1.0386121902e+00  6.2216297069e-01 -6.1849281346e+00  6.2055917215e-01  2.1507775043e+00  3.5005134400e-01  9.0245193577e-03  1.4240777083e+00  3.4336961915e-01  1.6482525208e+00  7.3583015087e-01 -3.6934126623e+00  3.5254780628e-01  2.3541716443e+00 -4.2797691798e+00  1.6418246635e+00  3.4334624487e+00 -1.6022091187e+00  3.6143727273e+00  2.9685654574e-01 -1.1437873250e+00  4.6109410314e+00  1.5650503743e+00
ENERGY -7.815871653290e+02

JOB 21
COORDS  1.2030668992e+00  1.4163419841e+00  2.8806098443e+00 -5.5047774171e+00  1.3588299254e+00  1.8322304980e+00  3.4360889192e-01  1.1881618557e+00  1.6456646115e+00 -4.1142389023e+00  1.3522882420e+00  2.4389417058e+00 -1.2337144037e+00  3.7232468796e+00  1.0980532216e+00 -1.7140061813e+00  3.1642693084e+00  3.6323684462e+00 -1.0752360687e+00  1.2551752119e+00  1.9467453884e+00 -3.3023940855e+00  2.3101773221e+00  1.7028845168e+00 -1.8229313463e+00  2.6536954284e+00  2.2464946019e+00  1.0602868601e+00  2.4239841892e+00  3.2795384191e+00  9.4710709975e-01  6.9966665655e-01  3.6661233057e+00  2.2599813499e+00  1.2894562059e+00  2.6201265005e+00 -5.9554311751e+00  2.3523384474e+00  1.9119061653e+00 -5.4685447382e+00  1.0754852582e+00  7.7610643164e-01 -6.1436305577e+00  6.4383918580e-01  2.3613425035e+00  4.8732226199e-01  1.8300761964e-01  1.2427493637e+00  5.7047105688e-01  1.9185980662e+00  8.6421515689e-01 -3.6449696372e+00  3.6669953951e-01  2.3564485615e+00 -4.1352217682e+00  1.6477262488e+00  3.4923325614e+00 -1.6242555462e+00  3.6254922011e+00  1.6475107996e-01 -1.2585865369e+00  4.6882894937e+00  1.4131621794e+00
ENERGY -7.815890577654e+02

JOB 22
COORDS  1.0531330880e+00  1.2167510831e+00  3.0483069226e+00 -5.4604529254e+00  1.3308015728e+00  1.9574914588e+00  4.2114611704e-01  1.3521439459e+00  1.6705754487e+00 -4.0338336372e+00  1.3874838288e+00  2.4705329556e+00 -1.3197223801e+00  3.8140404913e+00  8.8255059690e-01 -1.6222588441e+00  3.2949018517e+00  3.4465984051e+00 -1.0313326697e+00  1.3752540937e+00  1.7472050450e+00 -3.3009940255e+00  2.3366425804e+00  1.6448940871e+00 -1.8059492188e+00  2.7506283053e+00  2.0808826406e+00  8.1042585450e-01  2.0789369989e+00  3.6741975816e+00  6.9248709237e-01  3.1328737642e-01  3.5490615067e+00  2.1423075733e+00  1.1466645250e+00  2.9476828599e+00 -5.9351354881e+00  2.3136955409e+00  2.0287420057e+00 -5.4842518026e+00  1.0064022793e+00  9.1293026368e-01 -6.0412746832e+00  6.2001576007e-01  2.5547621451e+00  6.4876196793e-01  4.8912866132e-01  1.0403636662e+00  7.6127875390e-01  2.2564890502e+00  1.1574441399e+00 -3.5411857040e+00  4.1288010442e-01  2.3950894042e+00 -3.9943815447e+00  1.7250533006e+00  3.5105825498e+00 -1.6942406981e+00  3.6370507490e+00 -4.5442838961e-02 -1.4181139764e+00  4.7887101300e+00  1.1495365761e+00
ENERGY -7.815909714372e+02

JOB 23
COORDS  8.6482729322e-01  1.0446535524e+00  3.1168347363e+00 -5.3786335983e+00  1.2889107142e+00  2.0767509202e+00  4.6597009383e-01  1.4535797241e+00  1.7072205684e+00 -3.9248452726e+00  1.4078061546e+00  2.4939763315e+00 -1.3898108274e+00  3.8961755520e+00  7.0167073532e-01 -1.5213813479e+00  3.3915521957e+00  3.2800028885e+00 -9.8191343973e-01  1.4796996519e+00  1.5552499277e+00 -3.2826329204e+00  2.3639599939e+00  1.6035141120e+00 -1.7765729884e+00  2.8316029280e+00  1.9317131836e+00  5.0806747976e-01  1.7779530932e+00  3.8438213570e+00  4.4293068648e-01  6.6068256303e-02  3.3660194905e+00  1.9566315352e+00  9.7794471649e-01  3.1862712850e+00 -5.8838280956e+00  2.2555377060e+00  2.1596250510e+00 -5.4579990249e+00  9.4098650383e-01  1.0425897401e+00 -5.8927462557e+00  5.7122022364e-01  2.7247740509e+00  8.0949512175e-01  7.2850523759e-01  9.6548302710e-01  8.7314999659e-01  2.4341099316e+00  1.4414864426e+00 -3.4021443020e+00  4.5008882427e-01  2.4056570096e+00 -3.8304453182e+00  1.7696406400e+00  3.5222534950e+00 -1.7478916154e+00  3.6607238514e+00 -2.1970287885e-01 -1.5613101868e+00  4.8686319864e+00  9.3840405555e-01
ENERGY -7.815922321427e+02

