JOB 0
COORDS  4.8549031460e-01  8.6115588215e-02 -2.0518976033e+00  8.2238319787e-01 -3.9168103228e-01 -7.0339903918e-01  9.2032493442e-01 -2.9824991112e+00  1.3850083964e+00  2.1850257716e-01  5.0612067869e-01 -3.1012438272e+00  9.3118379172e-01 -1.8663668103e+00 -7.2227101485e-01  9.1992398954e-01 -2.3841813321e+00  4.0980565017e-01  1.7715800692e+00  6.8598334334e-02 -4.0125774942e-01  4.1701942819e-02 -4.7748930126e-02 -1.3855078268e-02
ENERGY -2.963636790526e+02

JOB 1
COORDS  4.5414685091e-01  5.8346370382e-02 -2.0350500426e+00  8.7797374827e-01 -3.7411374830e-01 -6.9461388159e-01  7.3744298466e-01 -3.0145585320e+00  1.3390703344e+00  1.1746723885e-01  4.3669537508e-01 -3.0803355559e+00  1.1156192723e+00 -1.8340592774e+00 -6.9749139362e-01  8.9959324232e-01 -2.3867646420e+00  3.9629726809e-01  1.7998700784e+00  1.6052960176e-01 -4.3533829811e-01  1.0150772193e-01 -8.0909575734e-02  2.1499722392e-02
ENERGY -2.963635241723e+02

JOB 2
COORDS  4.2640956783e-01  1.7183750772e-02 -2.0146761054e+00  9.2873463013e-01 -3.4507326139e-01 -6.7874410120e-01  5.7084077321e-01 -3.0520886013e+00  1.2488233224e+00  2.9343296610e-02  3.3187386404e-01 -3.0601167425e+00  1.2791934947e+00 -1.7816750783e+00 -6.3977254313e-01  8.7759302457e-01 -2.3841298162e+00  3.7190298247e-01  1.8246280067e+00  2.5255604511e-01 -4.7591897956e-01  1.6716671937e-01 -7.7487270358e-02  6.1831305582e-02
ENERGY -2.963635252554e+02

JOB 3
COORDS  3.9950056574e-01 -3.0055530770e-02 -1.9906592948e+00  9.7244251298e-01 -3.1061899258e-01 -6.6158529197e-01  4.2271592941e-01 -3.0954149086e+00  1.1103686551e+00 -5.2111001583e-02  2.0958694425e-01 -3.0341109473e+00  1.4120804871e+00 -1.7192903164e+00 -5.6608772128e-01  8.5173124621e-01 -2.3804627251e+00  3.2708214318e-01  1.8482138119e+00  3.3167964934e-01 -5.2542600901e-01  2.3432301567e-01 -4.3946089389e-02  1.0215229980e-01
ENERGY -2.963638706470e+02

JOB 4
COORDS  3.7576298285e-01 -9.5698637764e-02 -1.9518697052e+00  1.0114734274e+00 -2.7991344628e-01 -6.3285702369e-01  2.9607504591e-01 -3.1353843336e+00  9.6001942404e-01 -1.2503096821e-01  5.6610199160e-02 -2.9894907730e+00  1.5148027359e+00 -1.6586779235e+00 -4.6132638622e-01  8.2602568313e-01 -2.3756669872e+00  2.8936898163e-01  1.8737987315e+00  3.8968335650e-01 -5.7419873022e-01  3.0137069860e-01  1.3022166071e-02  1.4763784091e-01
ENERGY -2.963645699624e+02

JOB 5
COORDS  6.3796536503e-01  5.0625722404e-01 -2.0522858219e+00  8.0482299515e-01 -4.0073788094e-01 -8.9908903580e-01  7.3244121458e-01 -3.5300111516e+00 -2.0788972887e+00  5.0563877817e-01  1.2153783980e+00 -2.9636591173e+00  1.7014758733e+00 -1.5332193634e+00 -1.2046937728e+00  1.1270402280e+00 -2.5411835976e+00 -1.6629974799e+00  1.2768576609e+00  1.5804306167e-01 -8.8050915417e-02 -1.8343078164e-01 -7.2643144502e-01 -5.5615014307e-01
ENERGY -2.963653907774e+02

JOB 6
COORDS  6.3642886856e-01  4.3038054314e-01 -2.0625166683e+00  8.0964166720e-01 -3.8852545162e-01 -8.4605284605e-01  7.4834727753e-01 -3.4201054199e+00 -2.2573523882e+00  4.9810144572e-01  1.0599525460e+00 -3.0298125179e+00  1.6680244230e+00 -1.5683173315e+00 -1.0662617377e+00  1.1215806690e+00 -2.4967179018e+00 -1.6974875914e+00  1.3136738665e+00  2.1382240180e-01 -8.8317092812e-02 -1.7921719290e-01 -6.6166191197e-01 -4.5958564565e-01
ENERGY -2.963660274142e+02

JOB 7
COORDS  6.2929051642e-01  3.5755134704e-01 -2.0667326270e+00  8.0822162129e-01 -3.7926851616e-01 -8.0072377314e-01  7.9196971829e-01 -3.3095902790e+00 -2.4195876908e+00  4.8162443299e-01  9.1234407871e-01 -3.0774917634e+00  1.6003945422e+00 -1.6155424239e+00 -9.4638662520e-01  1.1162290879e+00 -2.4577599706e+00 -1.7309737678e+00  1.3594878336e+00  2.4811091427e-01 -9.8736031993e-02 -1.8041227903e-01 -5.8038981636e-01 -3.7031291288e-01
ENERGY -2.963662356565e+02

JOB 8
COORDS  6.1954595415e-01  2.9298208419e-01 -2.0728333287e+00  8.0666114766e-01 -3.6914181184e-01 -7.6923583703e-01  8.6580700463e-01 -3.2161714884e+00 -2.5445410277e+00  4.6335474408e-01  7.8056413326e-01 -3.1164257955e+00  1.5055487519e+00 -1.6674355586e+00 -8.4660953398e-01  1.1157198052e+00 -2.4294977176e+00 -1.7546323744e+00  1.4193825586e+00  2.6563360119e-01 -1.2710420869e-01 -1.7558062563e-01 -4.8069508834e-01 -2.9348056080e-01
ENERGY -2.963659677132e+02

JOB 9
COORDS  6.0329309920e-01  2.4492101557e-01 -2.0680241094e+00  8.0135337961e-01 -3.6590463875e-01 -7.4336139497e-01  9.6439970697e-01 -3.1449905607e+00 -2.6366986525e+00  4.3888170562e-01  6.8922849718e-01 -3.1295042450e+00  1.3847834756e+00 -1.7236118798e+00 -7.6890549331e-01  1.1191714345e+00 -2.4138212458e+00 -1.7720504468e+00  1.4846809213e+00  2.5347654202e-01 -1.5875442850e-01 -1.6382885230e-01 -3.8159229538e-01 -2.2282361451e-01
ENERGY -2.963653873058e+02

JOB 10
COORDS  5.8122222556e-01  2.1790654738e-01 -2.0630793572e+00  7.9337960775e-01 -3.6425825076e-01 -7.2938163331e-01  1.0725583067e+00 -3.0928146932e+00 -2.6981519150e+00  4.1331208257e-01  6.4335513903e-01 -3.1316990620e+00  1.2436315561e+00 -1.7734026602e+00 -7.2048849897e-01  1.1219421651e+00 -2.4047866767e+00 -1.7864127687e+00  1.5516563519e+00  2.1963406913e-01 -2.0123858828e-01 -1.4139062660e-01 -2.8452392200e-01 -1.6314436110e-01
ENERGY -2.963648303585e+02

JOB 11
COORDS  5.5304793297e-01  2.0353418928e-01 -2.0577964243e+00  7.8334309037e-01 -3.6713052246e-01 -7.2283325261e-01  1.1925364550e+00 -3.0596438145e+00 -2.7244633020e+00  3.7852264568e-01  6.2164038585e-01 -3.1282581841e+00  1.0930676605e+00 -1.8139918672e+00 -6.9516828891e-01  1.1285975820e+00 -2.4023430290e+00 -1.7910161648e+00  1.6146205816e+00  1.6605040987e-01 -2.5101570856e-01 -1.0782420481e-01 -1.9996081070e-01 -1.0982849329e-01
ENERGY -2.963646043121e+02

JOB 12
COORDS  5.2351593094e-01  2.0542506662e-01 -2.0561334189e+00  7.7312244909e-01 -3.7019990400e-01 -7.2616190415e-01  1.3176352945e+00 -3.0403584777e+00 -2.7192419549e+00  3.3800138190e-01  6.2811932889e-01 -3.1229367816e+00  9.3712610467e-01 -1.8401138749e+00 -6.9540731309e-01  1.1370288297e+00 -2.4021418314e+00 -1.7880361500e+00  1.6711752909e+00  9.8095749493e-02 -3.0787476588e-01 -6.4984516264e-02 -1.2585477329e-01 -6.8315623386e-02
ENERGY -2.963648303562e+02

JOB 13
COORDS  4.9346092682e-01  2.1964921214e-01 -2.0551929376e+00  7.6585141035e-01 -3.7724717738e-01 -7.3739557577e-01  1.4459529047e+00 -3.0440853550e+00 -2.6764818176e+00  2.9849289057e-01  6.5894063712e-01 -3.1135835877e+00  7.8280499961e-01 -1.8550080304e+00 -7.1892766576e-01  1.1454126852e+00 -2.4106379463e+00 -1.7739298177e+00  1.7233004497e+00  1.3944426424e-02 -3.7264443086e-01 -9.7405583966e-03 -6.7963355249e-02 -3.3736362261e-02
ENERGY -2.963653873070e+02

JOB 14
COORDS  4.5862065210e-01  2.5700028366e-01 -2.0555852137e+00  7.5825161780e-01 -3.8331803610e-01 -7.6213792008e-01  1.5781977772e+00 -3.0662059374e+00 -2.6035080966e+00  2.4156837400e-01  7.3331804916e-01 -3.0934806585e+00  6.3927444102e-01 -1.8549327099e+00 -7.7537937375e-01  1.1577585059e+00 -2.4229281551e+00 -1.7581124582e+00  1.7627321783e+00 -7.4281875621e-02 -4.4733217953e-01  4.8927621609e-02 -2.9927014752e-02 -1.2020827642e-02
ENERGY -2.963659677151e+02

JOB 15
COORDS  4.2420419136e-01  3.0926933083e-01 -2.0480130092e+00  7.5363186115e-01 -3.9479102181e-01 -7.9358104704e-01  1.7019244063e+00 -3.1208833933e+00 -2.4894409464e+00  1.7677816477e-01  8.4130382130e-01 -3.0514857162e+00  5.1511082854e-01 -1.8495133959e+00 -8.5579159939e-01  1.1716644761e+00 -2.4500983471e+00 -1.7319512455e+00  1.7924469080e+00 -1.6603509926e-01 -5.2602450000e-01  1.1036726653e-01 -2.0250885056e-02  4.0417387112e-03
ENERGY -2.963662356565e+02

JOB 16
COORDS  3.8887931213e-01  3.7619923849e-01 -2.0374836342e+00  7.5123601646e-01 -4.0498643946e-01 -8.3797292384e-01  1.8120280562e+00 -3.1953067195e+00 -2.3461512868e+00  1.1015353710e-01  9.7790733376e-01 -2.9921646449e+00  4.1931389364e-01 -1.8371596581e+00 -9.6432533935e-01  1.1892517954e+00 -2.4846724064e+00 -1.7038581186e+00  1.8129437508e+00 -2.4336890473e-01 -6.1784566082e-01  1.7071585212e-01 -3.4539342291e-02  8.6677649918e-03
ENERGY -2.963660274199e+02

JOB 17
COORDS  3.6003873637e-01  4.4585543581e-01 -2.0245697119e+00  7.5195361299e-01 -4.1599890169e-01 -8.9145135329e-01  1.8979515830e+00 -3.2843616825e+00 -2.1755422601e+00  5.3539060061e-02  1.1200384084e+00 -2.9203925960e+00  3.5266869948e-01 -1.8226776226e+00 -1.0957438900e+00  1.2069656342e+00 -2.5265776092e+00 -1.6707864490e+00  1.8274731529e+00 -3.0476150507e-01 -7.1477240586e-01  2.2529095106e-01 -7.0884522409e-02  9.3503868888e-04
ENERGY -2.963653907572e+02

JOB 18
COORDS  3.2625937122e-01  5.1013699431e-01 -2.0118847196e+00  7.5229502271e-01 -4.2555771928e-01 -9.5319181191e-01  1.9561233349e+00 -3.3715866037e+00 -1.9895942272e+00 -7.3842799296e-03  1.2526653952e+00 -2.8413326568e+00  3.1767031132e-01 -1.8076944804e+00 -1.2439881639e+00  1.2240182450e+00 -2.5680935881e+00 -1.6343353064e+00  1.8358135638e+00 -3.4055341425e-01 -8.1905199714e-01  2.7112539471e-01 -1.2416783175e-01 -1.8822055428e-02
ENERGY -2.963645699623e+02

JOB 19
COORDS  2.9388221875e-01  5.7151465386e-01 -1.9922150649e+00  7.5589168309e-01 -4.3115848011e-01 -1.0151655542e+00  1.9794081101e+00 -3.4453842419e+00 -1.7997013281e+00 -6.5336537186e-02  1.3754841729e+00 -2.7503497735e+00  3.1288746198e-01 -1.7870732967e+00 -1.4050248573e+00  1.2345569648e+00 -2.6005092532e+00 -1.5993642001e+00  1.8438159253e+00 -3.5179485099e-01 -9.1850393424e-01  3.1099339749e-01 -1.9116762938e-01 -4.4319039162e-02
ENERGY -2.963638706361e+02

JOB 20
COORDS  6.1559036191e-01  1.2013957705e-02 -2.0512921389e+00  6.1795572540e-01 -3.3936585654e-01 -6.2132063385e-01  1.5548942480e+00 -3.0671428202e+00  1.0676454865e+00  6.1819243710e-01  3.1799210014e-01 -3.1720104775e+00  2.5595002237e-01 -1.7629936733e+00 -4.4709021030e-01  9.7501741099e-01 -2.3843919263e+00  3.5570988044e-01  1.6044336694e+00 -1.0240174834e-01 -2.0809775039e-01 -1.2289911186e-01  2.8818435112e-01 -1.1315019908e-01
ENERGY -2.963635252216e+02

JOB 21
COORDS  5.8333623124e-01  5.4962642114e-02 -2.0600073202e+00  6.5862468253e-01 -3.7010707968e-01 -6.5392341401e-01  1.4337566725e+00 -3.0256120064e+00  1.2102453315e+00  5.3186855269e-01  4.2738735691e-01 -3.1589951066e+00  3.8541451229e-01 -1.8207789574e+00 -5.5993192753e-01  9.6330046663e-01 -2.3870482973e+00  3.8553533134e-01  1.6513280839e+00 -1.0846159981e-01 -2.6952177134e-01 -8.7742063052e-02  1.9502953732e-01 -8.2506627054e-02
ENERGY -2.963635241760e+02

JOB 22
COORDS  5.4898968686e-01  8.4438222400e-02 -2.0641642864e+00  7.0675772888e-01 -3.8959957839e-01 -6.8190931655e-01  1.2810210412e+00 -2.9883041067e+00  1.3181562453e+00  4.3244489975e-01  5.0138263505e-01 -3.1418420279e+00  5.4692182411e-01 -1.8594095236e+00 -6.4989141814e-01  9.4921462528e-01 -2.3843427831e+00  4.0484520788e-01  1.6956906960e+00 -7.7640767140e-02 -3.2425805862e-01 -5.1858820197e-02  1.0186877008e-01 -5.9753148349e-02
ENERGY -2.963636790519e+02

JOB 23
COORDS  5.1525976920e-01  9.4694686264e-02 -2.0603635558e+00  7.6276522328e-01 -3.9920544600e-01 -6.9879103224e-01  1.1083586844e+00 -2.9745654762e+00  1.3773873834e+00  3.2523272457e-01  5.2933760436e-01 -3.1203981585e+00  7.3579940015e-01 -1.8776380852e+00 -7.0727475583e-01  9.3746328559e-01 -2.3853602793e+00  4.1172648878e-01  1.7361073845e+00 -1.6589807968e-02 -3.6658261862e-01 -9.9134473583e-03  1.3316807191e-02 -3.7739061879e-02
ENERGY -2.963637633938e+02

