JOB 0
COORDS  2.5070547412e+00 -1.1277864181e+00 -3.4165587093e-01  1.3549014996e+00 -1.6605981570e+00  1.1843196414e-01  1.3110779020e-01 -8.5187467212e-01  3.0378140137e-01 -3.2643680714e+00 -1.5331532141e+00  1.1165481231e+00  1.2447247875e+00 -3.1417379848e+00  4.2968542941e-01  2.6139498714e+00 -3.8129394959e+00  5.6651973694e-01  3.5375085455e+00 -3.4066564284e+00 -5.8320082442e-01  3.7900632863e+00 -1.8850931621e+00 -6.1391596610e-01  1.2691596999e-01  6.5335855898e-01  1.4243553377e-01  4.8391599298e+00 -1.4837007673e+00  4.4918968269e-01  4.3203681802e+00 -1.4788995632e+00 -2.0042666090e+00 -9.3780897953e-01 -1.5214383314e+00  6.0100275374e-01 -4.4207099558e+00 -7.7521187728e-01  8.8223739499e-01 -2.1119690495e+00 -8.4632373623e-01  7.3658545038e-01 -3.2745276682e+00 -2.6341252622e+00  1.6389091428e+00  2.5671090408e+00 -6.2566545034e-02 -5.5678608660e-01  6.5140351058e-01 -3.2767172461e+00  1.3372876590e+00  6.6255980294e-01 -3.6239035778e+00 -3.6599517158e-01  3.0658221746e+00 -3.5340298209e+00  1.5259989475e+00  2.4896896967e+00 -4.9013503331e+00  5.8671118876e-01  4.4971501570e+00 -3.9342000296e+00 -5.2243128739e-01  3.0710211753e+00 -3.7072034172e+00 -1.5306565099e+00 -4.0302063823e-01  9.5827110767e-01 -7.6976766173e-01  1.1303826610e+00  1.0705970498e+00  9.0464845000e-02 -3.7189165814e-01  1.1281727325e+00  9.9588365886e-01  5.8065933337e+00 -1.9500907923e+00  2.2809556439e-01  4.5302254593e+00 -1.7906509917e+00  1.4524602414e+00  4.9856715647e+00 -3.9774635721e-01  4.6525663106e-01  5.2410809660e+00 -2.0257465609e+00 -2.2387451498e+00  4.5479539132e+00 -4.0713495985e-01 -2.0461880715e+00  3.5851079196e+00 -1.7001569538e+00 -2.7852334941e+00 -5.2554030330e+00 -1.3215491314e+00  1.0628248089e+00 -4.4616000209e+00 -2.7519852902e-01  7.1576462040e-04 -2.1914987915e+00  1.3536504675e-01  4.8670655705e-01
ENERGY -6.702127258410e+02

JOB 1
COORDS  2.5263889170e+00 -1.1335756457e+00 -3.3142861314e-01  1.3872049156e+00 -1.6538016466e+00  1.7257465249e-01  1.8280169892e-01 -8.2682292194e-01  3.9935052484e-01 -3.2294119573e+00 -1.4807103563e+00  1.1414768484e+00  1.2704926213e+00 -3.1329588304e+00  4.8893266328e-01  2.6371578653e+00 -3.8171670749e+00  5.8059957010e-01  3.5235231465e+00 -3.4237951123e+00 -6.0269220723e-01  3.7903890797e+00 -1.9048644202e+00 -6.4895199757e-01  2.1171685327e-01  6.8128389710e-01  2.7722486078e-01  4.8822835185e+00 -1.5106501436e+00  3.7292831305e-01  4.2725541400e+00 -1.5092097028e+00 -2.0596584761e+00 -8.9420771720e-01 -1.4819302270e+00  6.9730662675e-01 -4.3651264845e+00 -8.2699265215e-01  6.5182812590e-01 -2.0529346199e+00 -7.7116778547e-01  8.6904923545e-01 -3.2698385928e+00 -2.5154654352e+00  1.7829819553e+00  2.5865103399e+00 -6.9135053155e-02 -5.5153796788e-01  7.0644358811e-01 -3.2602056614e+00  1.4162936005e+00  6.5774167894e-01 -3.6105294670e+00 -2.8624942798e-01  3.1250184347e+00 -3.5389590226e+00  1.5224829979e+00  2.5036597227e+00 -4.9042938697e+00  6.0930444201e-01  4.4793655817e+00 -3.9608240612e+00 -5.7368452623e-01  3.0209293202e+00 -3.7233050499e+00 -1.5318461649e+00 -2.3714208661e-01  1.0221767179e+00 -6.6558115979e-01  1.2246493719e+00  1.0782873872e+00  3.1787562991e-01 -3.4922260533e-01  1.1367501533e+00  1.1008600992e+00  5.8360838104e+00 -1.9875890295e+00  1.1778096252e-01  4.6077428615e+00 -1.8111925277e+00  1.3880807940e+00  5.0401941852e+00 -4.2620447002e-01  3.7959755738e-01  5.1781937501e+00 -2.0664372207e+00 -2.3261819899e+00  4.5093554731e+00 -4.4003551724e-01 -2.1142547657e+00  3.5064237597e+00 -1.7256217576e+00 -2.8118037202e+00 -5.2032362369e+00 -1.3798134962e+00  7.9092944863e-01 -4.2992973824e+00 -4.2386887514e-01 -2.7589381735e-01 -2.1552914040e+00  1.3646028534e-01  4.2146594693e-01
ENERGY -6.702112702421e+02

JOB 2
COORDS  2.5217257466e+00 -1.1289241547e+00 -3.2058343266e-01  1.3849697410e+00 -1.6366240559e+00  2.0119635786e-01  1.9661801326e-01 -7.9372431810e-01  4.5404209351e-01 -3.2175757999e+00 -1.4141705076e+00  1.1924061921e+00  1.2547647967e+00 -3.1154553583e+00  5.1332347632e-01  2.6141361862e+00 -3.8173292703e+00  5.7821912967e-01  3.4847487289e+00 -3.4300360041e+00 -6.1876568163e-01  3.7701479579e+00 -1.9144587146e+00 -6.6342874344e-01  2.4672594364e-01  7.1409130732e-01  3.4460422458e-01  4.8845062922e+00 -1.5384481890e+00  3.4090871751e-01  4.2327496881e+00 -1.5186726521e+00 -2.0806474118e+00 -8.8631848355e-01 -1.4329424927e+00  7.6442288802e-01 -4.2953268859e+00 -9.2124071913e-01  4.5757745197e-01 -2.0307462623e+00 -6.8844148837e-01  9.6433591095e-01 -3.3010464655e+00 -2.3375135528e+00  1.9813468584e+00  2.5910683981e+00 -6.4201519751e-02 -5.3650218388e-01  7.0578280061e-01 -3.2390088868e+00  1.4502344355e+00  6.2285745568e-01 -3.5823791061e+00 -2.5303153638e-01  3.1216601048e+00 -3.5493376874e+00  1.5126006739e+00  2.4675684610e+00 -4.9028399672e+00  6.0470560017e-01  4.4339625974e+00 -3.9793472800e+00 -6.0868027561e-01  2.9623104874e+00 -3.7190987460e+00 -1.5402822210e+00 -1.9677527958e-01  1.0697289390e+00 -5.9549273707e-01  1.2650689799e+00  1.0969196321e+00  3.8925783259e-01 -3.1343796454e-01  1.1653955033e+00  1.1705569771e+00  5.8276341020e+00 -2.0261049058e+00  6.7065038263e-02  4.6239895748e+00 -1.8400212482e+00  1.3594378841e+00  5.0560986197e+00 -4.5611491448e-01  3.4941298372e-01  5.1266221217e+00 -2.0859073714e+00 -2.3651656986e+00  4.4819020122e+00 -4.5230566243e-01 -2.1348378072e+00  3.4511184711e+00 -1.7222119575e+00 -2.8203547119e+00 -5.1352059625e+00 -1.4746130249e+00  5.8268730621e-01 -4.1192396373e+00 -6.4973099398e-01 -5.0238772439e-01 -2.1430469652e+00  1.5598135831e-01  4.0618538734e-01
ENERGY -6.702087613686e+02

JOB 3
COORDS  2.5085682653e+00 -1.1325223242e+00 -3.1087870817e-01  1.3685204512e+00 -1.6159355083e+00  2.2627738559e-01  2.0388523134e-01 -7.4458148486e-01  4.9323657002e-01 -3.2219107256e+00 -1.3032072869e+00  1.2004452940e+00  1.2101283837e+00 -3.0915032627e+00  5.3988735138e-01  2.5552868902e+00 -3.8218259261e+00  5.8766428310e-01  3.4179541854e+00 -3.4536001176e+00 -6.2116789678e-01  3.7349612697e+00 -1.9444091970e+00 -6.7117180117e-01  2.9532824430e-01  7.6153353276e-01  3.9538070789e-01  4.8715314417e+00 -1.5918249696e+00  3.1660363170e-01  4.1852845575e+00 -1.5592756568e+00 -2.0952622861e+00 -8.9455428463e-01 -1.3558502509e+00  8.0428081974e-01 -4.1897285315e+00 -1.0074841852e+00  2.4875451594e-01 -2.0191263810e+00 -5.6964693515e-01  1.0156677521e+00 -3.3900416277e+00 -2.0816290264e+00  2.1198358581e+00  2.5964391959e+00 -6.9166800680e-02 -5.2722813679e-01  6.7089535005e-01 -3.2031396200e+00  1.4840409645e+00  5.5924124903e-01 -3.5452724402e+00 -2.1852390159e-01  3.0805035841e+00 -3.5635637653e+00  1.5149544849e+00  2.3866973395e+00 -4.9040738590e+00  6.1719627487e-01  4.3552991020e+00 -4.0229964543e+00 -6.2315216316e-01  2.8773519741e+00 -3.7322015836e+00 -1.5354267179e+00 -9.9787998786e-02  1.1338052391e+00 -5.5966698104e-01  1.3214696427e+00  1.1158817908e+00  4.8458528087e-01 -2.8824613457e-01  1.2200823049e+00  1.2003476239e+00  5.8000507399e+00 -2.0994000194e+00  2.9363882116e-02  4.6195494745e+00 -1.8875144169e+00  1.3390058916e+00  5.0660765489e+00 -5.1337574020e-01  3.2198470948e-01  5.0626564428e+00 -2.1455274756e+00 -2.3923288939e+00  4.4562353422e+00 -4.9849031149e-01 -2.1538514538e+00  3.3888356356e+00 -1.7464161197e+00 -2.8234260601e+00 -5.0286892313e+00 -1.5691845575e+00  3.3749342432e-01 -3.8834225722e+00 -8.4897219697e-01 -7.0326966117e-01 -2.1211977499e+00  2.2487555214e-01  3.8499358972e-01
ENERGY -6.702054746188e+02

JOB 4
COORDS  2.6387158227e+00 -9.8001430617e-01 -3.0120371276e-01  1.3907151848e+00 -1.4301134789e+00 -5.2807797317e-02  2.4704774899e-01 -5.0533327571e-01  1.1927091690e-01 -2.9382473988e+00 -8.4657998884e-01  1.5319732955e+00  1.1018898156e+00 -2.9142750882e+00  7.1466667745e-02  2.3724865446e+00 -3.7467944589e+00  2.6539849794e-01  3.4641920034e+00 -3.3151208727e+00 -7.1524217076e-01  3.8665570479e+00 -1.8388674651e+00 -5.1950697673e-01  3.7712697406e-01  9.8169785056e-01 -1.2442729734e-01  4.8074701153e+00 -1.6849619922e+00  6.9790669005e-01  4.6049786532e+00 -1.3355352702e+00 -1.7769670837e+00 -8.7050289352e-01 -1.0451707438e+00  4.8517720904e-01 -4.0052525261e+00 -1.3454457980e+00  8.4333908615e-01 -1.9812562486e+00 -2.0491818070e-01  6.3755304791e-01 -2.8387385804e+00 -8.2561923855e-01  2.7466984848e+00  2.8294250571e+00  9.0506946340e-02 -3.4809046511e-01  4.0453730803e-01 -3.0746707278e+00  8.9676113125e-01  5.6700454786e-01 -3.2416538511e+00 -8.3042857291e-01  2.7297800070e+00 -3.6329968104e+00  1.2957484435e+00  2.1415041527e+00 -4.8097760689e+00  1.3277449393e-01  4.3525580489e+00 -3.9510768813e+00 -6.1917215813e-01  3.0897717384e+00 -3.4475113789e+00 -1.7389898517e+00 -5.0503881888e-01  1.3509937483e+00 -6.5792155707e-01  1.2532423370e+00  1.2287767177e+00 -7.2175443966e-01  4.5216795301e-01  1.5361086785e+00  8.2032411441e-01  5.7439796689e+00 -2.2299217509e+00  5.2980934443e-01  4.3457538486e+00 -2.0674368868e+00  1.6126148538e+00  5.0576741645e+00 -6.3191232280e-01  8.6901414067e-01  5.4909494567e+00 -1.9504086933e+00 -1.9741360682e+00  4.9382291772e+00 -2.9829501281e-01 -1.6540901622e+00  3.9562218770e+00 -1.3808874596e+00 -2.6582134343e+00 -4.6298538822e+00 -1.9668305528e+00  1.3419827733e+00 -3.9155511995e+00 -1.4579490615e+00 -1.5778908729e-01 -1.7288823205e+00  6.8340266641e-01  1.0781303302e+00
ENERGY -6.702050493068e+02

JOB 5
COORDS  2.6262341104e+00 -9.7379458699e-01 -2.9721772945e-01  1.3737535812e+00 -1.4170618119e+00 -5.9310790498e-02  2.3707402142e-01 -4.8471873479e-01  1.1645506117e-01 -2.9600381132e+00 -7.7798748527e-01  1.5246641166e+00  1.0734892065e+00 -2.9003777550e+00  4.7109735463e-02  2.3369275971e+00 -3.7446775622e+00  2.3746553755e-01  3.4365176278e+00 -3.3100691920e+00 -7.3303824471e-01  3.8486596017e+00 -1.8390799668e+00 -5.1911274379e-01  3.7682801522e-01  1.0015352173e+00 -1.2545482238e-01  4.7844650846e+00 -1.7051158134e+00  7.0459842955e-01  4.5966699749e+00 -1.3271810729e+00 -1.7674400866e+00 -8.8387031387e-01 -1.0165636320e+00  4.8532843443e-01 -3.8712822790e+00 -1.5294482963e+00  8.3482618620e-01 -1.9838810420e+00 -1.6409971136e-01  6.5027502893e-01 -3.0331417552e+00 -5.1482466573e-01  2.7144975652e+00  2.8247628664e+00  9.5742525949e-02 -3.3128431931e-01  3.7135300283e-01 -3.0653236558e+00  8.6750730059e-01  5.4076631765e-01 -3.2136922810e+00 -8.6113408672e-01  2.6901069222e+00 -3.6453243369e+00  1.2707027733e+00  2.0986309760e+00 -4.8042831710e+00  9.1505489989e-02  4.3196562928e+00 -3.9535435582e+00 -6.3948494611e-01  3.0663627418e+00 -3.4285863160e+00 -1.7600159739e+00 -5.0348835240e-01  1.3764921234e+00 -6.5804459002e-01  1.2544459801e+00  1.2432180114e+00 -7.2263800335e-01  4.5490978242e-01  1.5549360663e+00  8.1957177955e-01  5.7181450971e+00 -2.2542903878e+00  5.3477180109e-01  4.3158463999e+00 -2.0949692656e+00  1.6126761885e+00  5.0407366427e+00 -6.5579761882e-01  8.8890427864e-01  5.4787354117e+00 -1.9466462694e+00 -1.9675052281e+00  4.9373302354e+00 -2.9406470749e-01 -1.6312023109e+00  3.9517365515e+00 -1.3575032027e+00 -2.6521170224e+00 -4.4324151079e+00 -2.1685713697e+00  1.3844125946e+00 -3.6179216915e+00 -1.8251633759e+00 -9.9778373778e-02 -1.7224134910e+00  7.1802072847e-01  1.0966841349e+00
ENERGY -6.702087429092e+02

JOB 6
COORDS  2.6340692896e+00 -9.6354465535e-01 -2.9012343345e-01  1.3751595584e+00 -1.3928628499e+00 -6.0507588338e-02  2.5044926486e-01 -4.4656709109e-01  1.1380448494e-01 -2.9967197602e+00 -6.7603614597e-01  1.4545493425e+00  1.0561976735e+00 -2.8731325013e+00  3.4510020132e-02  2.3085701853e+00 -3.7342026302e+00  2.2333284703e-01  3.4164204722e+00 -3.3064570533e+00 -7.4075357603e-01  3.8461043008e+00 -1.8422247557e+00 -5.1519471139e-01  4.1288290025e-01  1.0389935791e+00 -1.1661080516e-01  4.7806663405e+00 -1.7282743530e+00  7.1146345957e-01  4.6028072614e+00 -1.3303475319e+00 -1.7583637443e+00 -8.8077372503e-01 -9.6486493638e-01  4.7249667819e-01 -3.7300215997e+00 -1.6275272542e+00  7.9018483342e-01 -1.9651379311e+00 -1.0045071877e-01  6.4284741331e-01 -3.2846408898e+00 -2.1677857459e-01  2.5503299679e+00  2.8457350647e+00  1.0367103083e-01 -3.1600566499e-01  3.4983100232e-01 -3.0356233978e+00  8.5190980503e-01  5.2304241961e-01 -3.1738038371e+00 -8.7780053404e-01  2.6595706700e+00 -3.6459078125e+00  1.2583084734e+00  2.0577773446e+00 -4.7897816527e+00  6.9564840916e-02  4.2911085566e+00 -3.9615112421e+00 -6.4894381053e-01  3.0480884970e+00 -3.4132572272e+00 -1.7696379782e+00 -4.6014597756e-01  1.4311122435e+00 -6.4869720920e-01  1.2953706911e+00  1.2713800678e+00 -7.1020036331e-01  4.9721617597e-01  1.5843684810e+00  8.3246168039e-01  5.7079609873e+00 -2.2873955282e+00  5.3945856088e-01  4.3055852684e+00 -2.1191592736e+00  1.6157583955e+00  5.0492089308e+00 -6.8352346105e-01  9.0389361300e-01  5.4774693387e+00 -1.9592562871e+00 -1.9612257144e+00  4.9559535807e+00 -3.0260180952e-01 -1.6138714541e+00  3.9593500509e+00 -1.3462553116e+00 -2.6444656225e+00 -4.2861828941e+00 -2.2299330734e+00  1.3851131215e+00 -3.2729461245e+00 -2.0809411164e+00  6.8019296415e-03 -1.7080171895e+00  7.8506188875e-01  1.0826086946e+00
ENERGY -6.702134895378e+02

JOB 7
COORDS  2.6188471009e+00 -9.6654067327e-01 -2.8613347217e-01  1.3582785673e+00 -1.3928028317e+00 -5.9377361289e-02  2.3776258059e-01 -4.4420167171e-01  1.2512382345e-01 -3.0459693111e+00 -6.5703114280e-01  1.4152222655e+00  1.0334975280e+00 -2.8728670511e+00  1.9786804722e-02  2.2823765060e+00 -3.7417788369e+00  1.9583875475e-01  3.3902430299e+00 -3.3073889266e+00 -7.6514536935e-01  3.8265772501e+00 -1.8478569989e+00 -5.2285082069e-01  4.0316095616e-01  1.0434317819e+00 -8.9605548766e-02  4.7628668341e+00 -1.7521591368e+00  7.0411149615e-01  4.5840419805e+00 -1.3244686470e+00 -1.7607442896e+00 -8.9574413613e-01 -9.6192142308e-01  4.7888073671e-01 -3.5915634719e+00 -1.7816958299e+00  8.4273281671e-01 -1.9739345406e+00 -1.0360056469e-01  6.6361233941e-01 -3.5239820249e+00 -5.8589704346e-02  2.3704638773e+00  2.8352583178e+00  9.9862327942e-02 -3.0101583338e-01  3.2940637853e-01 -3.0420378020e+00  8.3798096287e-01  4.9682581185e-01 -3.1609952353e+00 -8.9452893845e-01  2.6357417931e+00 -3.6675766052e+00  1.2310927376e+00  2.0264123517e+00 -4.7942178681e+00  2.9767320067e-02  4.2621312520e+00 -3.9672926290e+00 -6.8247640249e-01  3.0197959256e+00 -3.4004335954e+00 -1.7945686973e+00 -4.6232588803e-01  1.4408940014e+00 -6.3006317068e-01  1.2928514633e+00  1.2815446050e+00 -6.6968650555e-01  4.7517928572e-01  1.5803373755e+00  8.6525882412e-01  5.6876564841e+00 -2.3129046185e+00  5.2432172315e-01  4.2873366948e+00 -2.1518850936e+00  1.6043043199e+00  5.0358926719e+00 -7.1088345584e-01  9.0858177596e-01  5.4555341170e+00 -1.9549148657e+00 -1.9720799031e+00  4.9420833411e+00 -3.0019146370e-01 -1.6043281332e+00  3.9395665635e+00 -1.3268348339e+00 -2.6462205887e+00 -4.1744630135e+00 -2.3245827795e+00  1.4681182087e+00 -2.9689416076e+00 -2.3185521609e+00  2.4776277802e-01 -1.7394648269e+00  8.0019434671e-01  1.0756610553e+00
ENERGY -6.702185102157e+02

JOB 8
COORDS  2.6232296715e+00 -9.6184116771e-01 -2.7877348371e-01  1.3584650443e+00 -1.3780296861e+00 -5.5644258305e-02  2.4539677833e-01 -4.2245670083e-01  1.3484365996e-01 -3.0869668926e+00 -6.1532644426e-01  1.3392286154e+00  1.0215713091e+00 -2.8559860035e+00  1.2714756236e-02  2.2629039568e+00 -3.7372909989e+00  1.8142263885e-01  3.3744615532e+00 -3.3051332100e+00 -7.7615313213e-01  3.8234449299e+00 -1.8515721939e+00 -5.2197509731e-01  4.2495059857e-01  1.0656158526e+00 -6.4502161293e-02  4.7600332894e+00 -1.7737062023e+00  7.0607981296e-01  4.5860756817e+00 -1.3249911192e+00 -1.7553667498e+00 -8.9477833704e-01 -9.3357306258e-01  4.7842110158e-01 -3.4556415039e+00 -1.8628930383e+00  8.9453147780e-01 -1.9646955292e+00 -7.8365947427e-02  6.7051802660e-01 -3.7331541724e+00  6.8658366373e-02  2.1251031759e+00  2.8491242314e+00  1.0261244857e-01 -2.8618861150e-01  3.1837742323e-01 -3.0255806053e+00  8.3180836390e-01  4.8092424517e-01 -3.1328673654e+00 -9.0264023735e-01  2.6170982600e+00 -3.6744113979e+00  1.2171354093e+00  1.9975106678e+00 -4.7860059048e+00  7.0322758080e-03  4.2404279664e+00 -3.9733517151e+00 -6.9862144351e-01  3.0033567200e+00 -3.3866983394e+00 -1.8062726651e+00 -4.3298137112e-01  1.4763105702e+00 -6.0712502999e-01  1.3198077126e+00  1.3013451561e+00 -6.3749800940e-01  4.9643858058e-01  1.5930864475e+00  8.9559521038e-01  5.6799165081e+00 -2.3410907805e+00  5.2212488503e-01  4.2808079981e+00 -2.1763295737e+00  1.6030276945e+00  5.0421703951e+00 -7.3652445637e-01  9.1877339279e-01  5.4520470147e+00 -1.9614774978e+00 -1.9711664671e+00  4.9531506303e+00 -3.0523721732e-01 -1.5906709733e+00  3.9421748591e+00 -1.3147175901e+00 -2.6411781398e+00 -4.0955925619e+00 -2.3478664917e+00  1.5105757794e+00 -2.7130485070e+00 -2.4222883987e+00  4.8769943469e-01 -1.7582066800e+00  8.4632127833e-01  1.0465237360e+00
ENERGY -6.702227483466e+02

JOB 9
COORDS  2.6704700212e+00 -9.5096940338e-01 -2.3573226276e-01  1.4073549129e+00 -1.3730291629e+00 -1.2984501814e-02  2.9081033676e-01 -4.2633861561e-01  1.9567805229e-01 -3.1039903477e+00 -6.7052227399e-01  1.2430077523e+00  1.0743903861e+00 -2.8531968422e+00  2.9850116147e-02  2.3182041110e+00 -3.7352977948e+00  1.7339690359e-01  3.4218917242e+00 -3.2834403120e+00 -7.8378591267e-01  3.8701071913e+00 -1.8342477821e+00 -5.0483027742e-01  4.6399346620e-01  1.0694502610e+00  6.0527151371e-02  4.8162705430e+00 -1.7784082494e+00  7.1703845067e-01  4.6222415817e+00 -1.2827369540e+00 -1.7338298365e+00 -8.5564534029e-01 -9.5345086959e-01  4.9382816693e-01 -3.3108178514e+00 -1.9912724184e+00  9.2991394458e-01 -1.9301601981e+00 -1.2340399873e-01  6.9855542538e-01 -3.8990255689e+00  4.3096098211e-02  1.8471442526e+00  2.8956825912e+00  1.1347805941e-01 -2.2733303748e-01  3.7929838460e-01 -3.0400156403e+00  8.5240627835e-01  5.2603035340e-01 -3.1145049201e+00 -8.8524968555e-01  2.6798443223e+00 -3.6908773771e+00  1.2075100302e+00  2.0529752382e+00 -4.7810117064e+00 -1.8308123000e-02  4.2893682230e+00 -3.9515924293e+00 -7.2518015527e-01  3.0434332548e+00 -3.3459158473e+00 -1.8125283842e+00 -3.5317800338e-01  1.4892385374e+00 -5.3639724432e-01  1.3977343461e+00  1.3399862702e+00 -4.2798819126e-01  4.4816096915e-01  1.5630921172e+00  1.0409166280e+00  5.7355448052e+00 -2.3405555291e+00  5.1490785138e-01  4.3448865264e+00 -2.1990437202e+00  1.6098919182e+00  5.0984523423e+00 -7.4502230500e-01  9.4740838284e-01  5.4870908928e+00 -1.9139317153e+00 -1.9687905311e+00  4.9895887306e+00 -2.6594522358e-01 -1.5523346921e+00  3.9712245264e+00 -1.2560951408e+00 -2.6140526851e+00 -4.0182623691e+00 -2.4478894223e+00  1.4897239883e+00 -2.4894498786e+00 -2.5308368512e+00  6.8029990029e-01 -1.7795323833e+00  8.2924931621e-01  1.0242994486e+00
ENERGY -6.702253982314e+02

JOB 10
COORDS  2.3157850017e+00 -5.9145169784e-01  2.7038076668e-01  1.1140936979e+00 -5.9522797025e-01  8.8663731968e-01  2.5145474033e-01  6.0350887134e-01  9.4340637229e-01 -2.9064005462e+00  1.4345001262e+00  2.3934416356e+00  5.7729302843e-01 -1.8568599692e+00  1.5385125303e+00  1.6559968564e+00 -2.9251664331e+00  1.7412488823e+00  2.5087051195e+00 -3.0861685961e+00  4.8227509773e-01  3.2396591397e+00 -1.7801888389e+00  1.1038338061e-01  6.3989978609e-01  1.9195594666e+00  3.0930503040e-01  4.4817545078e+00 -1.5722984111e+00  1.0079763386e+00  3.7026271865e+00 -1.8504483976e+00 -1.3595720521e+00 -8.7995446203e-01  4.6048332655e-01  1.5625225462e+00 -3.2687691384e+00  1.5812037946e-01  2.7437804968e+00 -1.7324164267e+00  1.5208616087e+00  1.6415876431e+00 -3.5597743939e+00  2.4450878313e+00  2.6401296438e+00  2.6975940044e+00  3.2693320181e-01 -1.7007968547e-01  1.1673020084e-01 -1.5972788997e+00  2.4955119015e+00 -2.3736077165e-01 -2.2518990923e+00  9.1718045966e-01  2.2919327775e+00 -2.6468818308e+00  2.5899129422e+00  1.1847547897e+00 -3.8784143833e+00  2.0056268672e+00  3.2414200974e+00 -3.8926396682e+00  6.0531215148e-01  1.8553181256e+00 -3.3766045697e+00 -3.5088639315e-01 -1.5264675150e-01  2.2657093228e+00 -3.6476143992e-01  1.5566308821e+00  1.8576811499e+00 -2.7202394300e-01  7.8845530267e-01  2.6937123793e+00  1.0731563797e+00  5.2089694075e+00 -2.3768384019e+00  8.4706708740e-01  4.2135440999e+00 -1.5576517783e+00  2.0682258344e+00  4.9763640795e+00 -6.2185634017e-01  7.7859845050e-01  4.3585103373e+00 -2.7150512548e+00 -1.5139166431e+00  4.2616649945e+00 -9.5141706703e-01 -1.6441723649e+00  2.8475998058e+00 -1.9466543700e+00 -2.0370576316e+00 -3.9703999550e+00  9.8961442476e-02  3.4684822388e+00 -2.5532546538e+00 -5.5780168173e-01  2.7032496381e+00 -1.4432671102e+00  2.4731209483e+00  1.4352791763e+00
ENERGY -6.702263142327e+02

JOB 11
COORDS  2.2301060212e+00 -6.0865028146e-01  2.8433388028e-01  1.0888809251e+00 -5.8190411863e-01  1.0057598312e+00  2.6146286431e-01  6.3589504387e-01  1.1277574063e+00 -2.9157482611e+00  1.4565137775e+00  2.5481737720e+00  5.7599214636e-01 -1.8310620990e+00  1.6995738262e+00  1.6486493939e+00 -2.9168063808e+00  1.8267820889e+00  2.3914847577e+00 -3.1061270865e+00  5.0347446076e-01  3.1118427657e+00 -1.8181116478e+00  5.5307869631e-02  6.9714237537e-01  1.9759150665e+00  5.8044268165e-01  4.4306798376e+00 -1.6273039280e+00  8.4053667877e-01  3.4446787433e+00 -1.9109464697e+00 -1.4480117782e+00 -8.7910846722e-01  4.8658511439e-01  1.7283163850e+00 -3.1673267129e+00  2.2244397810e-01  3.0912886262e+00 -1.7148283599e+00  1.5519108308e+00  1.8469570858e+00 -3.6485279121e+00  2.4368130578e+00  2.6590294334e+00  2.5865071135e+00  2.9699888347e-01 -2.0182892587e-01  1.8727849590e-01 -1.5608727118e+00  2.6852783761e+00 -2.8551695535e-01 -2.2155431227e+00  1.1374742056e+00  2.3565297540e+00 -2.6415388752e+00  2.6174547975e+00  1.1841990957e+00 -3.8586850422e+00  2.1396039410e+00  3.1177580376e+00 -3.9245669282e+00  5.7508121825e-01  1.6661224890e+00 -3.3938062411e+00 -2.6893517887e-01  3.9596214435e-02  2.2999332735e+00 -2.3610458161e-01  1.7157053816e+00  1.9665557981e+00  1.9960668474e-01  6.5501392621e-01  2.7413118472e+00  1.3650846884e+00  5.1263364898e+00 -2.4468828487e+00  6.2503166748e-01  4.2550105451e+00 -1.5995130120e+00  1.9197279609e+00  4.9211516323e+00 -6.8828127754e-01  5.6071272629e-01  4.0676033325e+00 -2.7901841427e+00 -1.6491401859e+00  3.9946919275e+00 -1.0261731474e+00 -1.7892596891e+00  2.5326807440e+00 -1.9954953998e+00 -2.0483890437e+00 -4.1227262405e+00  6.5485448923e-02  3.3791297254e+00 -2.6156609496e+00 -5.6263504181e-01  2.7686294474e+00 -1.4939475868e+00  2.4814641310e+00  1.5015423210e+00
ENERGY -6.702264413011e+02

JOB 12
COORDS  2.2308065655e+00 -6.2078655113e-01  2.8390664430e-01  1.1102194354e+00 -6.0105464543e-01  1.0369073117e+00  2.8695161191e-01  6.1642877939e-01  1.1857080556e+00 -2.9632208457e+00  1.3686006596e+00  2.4622551477e+00  6.1505618132e-01 -1.8551503761e+00  1.7338488018e+00  1.6923055781e+00 -2.9400063359e+00  1.8249397969e+00  2.3990115260e+00 -3.1195219245e+00  4.8051334294e-01  3.1061601478e+00 -1.8278956021e+00  2.1160584189e-02  7.3272175682e-01  1.9641173679e+00  6.6609381742e-01  4.4467248368e+00 -1.6417882515e+00  7.6964745046e-01  3.3956123520e+00 -1.9097766623e+00 -1.4917810751e+00 -8.5385555147e-01  4.5817971990e-01  1.7822904184e+00 -3.1706746050e+00  1.6861847469e-01  3.0952988781e+00 -1.6816281083e+00  1.5320362889e+00  1.9297064068e+00 -3.7824634702e+00  2.2814495014e+00  2.3964078827e+00  2.5701189503e+00  2.8940895047e-01 -2.0641597813e-01  2.5249909093e-01 -1.5922417746e+00  2.7316595341e+00 -2.6056963763e-01 -2.2363638463e+00  1.1919448954e+00  2.4212416866e+00 -2.6678272110e+00  2.5973630067e+00  1.2385769847e+00 -3.8847306188e+00  2.1447458235e+00  3.1273993586e+00 -3.9378670080e+00  5.2697309321e-01  1.6531669006e+00 -3.4026365082e+00 -2.7384245449e-01  1.5055661264e-01  2.2657673653e+00 -2.1429640857e-01  1.7839602528e+00  1.9771521862e+00  3.8587939191e-01  5.9259049214e-01  2.7306316554e+00  1.4368460689e+00  5.1361494529e+00 -2.4595638873e+00  5.2888058516e-01  4.3018873505e+00 -1.6214033692e+00  1.8536000462e+00  4.9287458142e+00 -7.0064934442e-01  4.8234505872e-01  4.0128774276e+00 -2.7871467745e+00 -1.7170172244e+00  3.9351468359e+00 -1.0222142597e+00 -1.8423394967e+00  2.4667405778e+00 -1.9906705668e+00 -2.0662213590e+00 -4.1401607190e+00 -5.1800094512e-02  3.2760525673e+00 -2.5372756652e+00 -5.8988342159e-01  2.8716884164e+00 -1.5685068144e+00  2.3845311926e+00  1.3878244326e+00
ENERGY -6.702265908851e+02

JOB 13
COORDS  2.2251725796e+00 -6.2641322551e-01  3.0397285307e-01  1.1176318702e+00 -6.0524114464e-01  1.0754877779e+00  3.0356412184e-01  6.1759218969e-01  1.2354944892e+00 -2.9968507905e+00  1.3414050765e+00  2.3561889033e+00  6.2528568846e-01 -1.8589408915e+00  1.7740837287e+00  1.6990407077e+00 -2.9489750302e+00  1.8445344397e+00  2.3833491299e+00 -3.1264834188e+00  4.8805504510e-01  3.0894500857e+00 -1.8368289643e+00  2.1150188168e-02  7.7661384731e-01  1.9672875966e+00  7.4581210184e-01  4.4437015400e+00 -1.6605393243e+00  7.4703120675e-01  3.3519807972e+00 -1.9143575698e+00 -1.4968570399e+00 -8.4797855079e-01  4.5958827542e-01  1.8089064947e+00 -3.1810528549e+00  2.3479009501e-01  3.1479300904e+00 -1.6661908747e+00  1.5536441606e+00  1.9581046007e+00 -3.8644692552e+00  2.1661325849e+00  2.0849289191e+00  2.5581115843e+00  2.8511389812e-01 -1.8872484467e-01  2.7867601356e-01 -1.5977852242e+00  2.7782405676e+00 -2.6013212979e-01 -2.2336235799e+00  1.2441440932e+00  2.4414175210e+00 -2.6834340760e+00  2.6064099255e+00  1.2460687493e+00 -3.8930819838e+00  2.1672170840e+00  3.1083606193e+00 -3.9485165314e+00  5.1975818942e-01  1.6239237124e+00 -3.4034606194e+00 -2.5492298130e-01  2.7093549215e-01  2.2591518525e+00 -1.8383289264e-01  1.8487790267e+00  1.9854370849e+00  5.5831068922e-01  5.6125808891e-01  2.7343819333e+00  1.4974032303e+00  5.1246642812e+00 -2.4807020289e+00  4.9081070429e-01  4.3177524267e+00 -1.6442825645e+00  1.8334211974e+00  4.9254847988e+00 -7.2061848998e-01  4.5536894898e-01  3.9599738578e+00 -2.7944444973e+00 -1.7361907792e+00  3.8905475683e+00 -1.0285824445e+00 -1.8533429008e+00  2.4127798355e+00 -1.9875481685e+00 -2.0553112689e+00 -4.1466714881e+00 -4.6376369186e-02  3.2526890604e+00 -2.4862984456e+00 -4.9916369144e-01  3.0647713509e+00 -1.5982975151e+00  2.3263082052e+00  1.2986805084e+00
ENERGY -6.702256508802e+02

JOB 14
COORDS  2.1245557102e+00 -5.8410464441e-01  1.9895435924e-01  9.7988799867e-01 -6.0912245694e-01  9.1384813095e-01  1.0937491784e-01  5.8003057502e-01  1.0276288948e+00 -3.2846068452e+00  1.1437886366e+00  1.8929140661e+00  5.0576662626e-01 -1.8811020978e+00  1.5911095512e+00  1.6194985274e+00 -2.9249450119e+00  1.7187022795e+00  2.3786346011e+00 -3.0747179741e+00  3.9909829995e-01  3.0526277112e+00 -1.7569223445e+00 -3.5615283948e-02  5.5450920617e-01  1.9446390464e+00  5.5272003629e-01  4.3592343976e+00 -1.5220922554e+00  7.5781387830e-01  3.3953796386e+00 -1.8249876742e+00 -1.5379880513e+00 -1.0626493514e+00  3.7689921638e-01  1.5410813779e+00 -3.4694930483e+00  1.9975011873e-01  2.8754583746e+00 -1.9295641150e+00  1.4496525366e+00  1.6400241221e+00 -4.1807575526e+00  1.7987318999e+00  1.3723108295e+00  2.4423805553e+00  3.4032289098e-01 -2.7953314055e-01  9.8848276043e-02 -1.6331736464e+00  2.5757817504e+00 -3.3654442161e-01 -2.2924567088e+00  1.0200815717e+00  2.3107150969e+00 -2.6278333073e+00  2.5162866224e+00  1.1909893723e+00 -3.8871216816e+00  2.0207915791e+00  3.1350121757e+00 -3.8654693300e+00  4.6997283946e-01  1.6701260991e+00 -3.3840638066e+00 -3.8047486297e-01  1.2127241184e-01  2.1929108535e+00 -4.2492877037e-01  1.6373034071e+00  2.0139416862e+00  4.6133675538e-01  2.3315202101e-01  2.7116885233e+00  1.2648450930e+00  5.0866410857e+00 -2.3129009706e+00  5.3982791170e-01  4.1772222639e+00 -1.5094268404e+00  1.8362830946e+00  4.8149547966e+00 -5.6294423777e-01  4.8760093527e-01  4.0520978672e+00 -2.6783082106e+00 -1.7430727657e+00  3.9127988665e+00 -9.1720825711e-01 -1.8695931027e+00  2.4899013969e+00 -1.9392763651e+00 -2.1432620927e+00 -4.4032096568e+00 -1.9011611244e-01  2.8996442526e+00 -2.7066583898e+00 -4.5767156968e-01  3.0011644536e+00 -1.8753037992e+00  2.1596347647e+00  9.1059780989e-01
ENERGY -6.702229371439e+02

JOB 15
COORDS  2.1202845348e+00 -5.8991772232e-01  2.0938843671e-01  9.7269555668e-01 -6.3047204698e-01  9.1885795759e-01  9.4485583293e-02  5.5238140232e-01  1.0469929372e+00 -3.3075448647e+00  1.0454055590e+00  1.8721861897e+00  5.0012679355e-01 -1.9150567251e+00  1.5727129235e+00  1.6163582225e+00 -2.9575232505e+00  1.6875460728e+00  2.3814487340e+00 -3.0827450343e+00  3.6882692644e-01  3.0534150637e+00 -1.7557586586e+00 -4.0226788716e-02  5.2625932834e-01  1.9235923059e+00  5.7870050214e-01  4.3555194225e+00 -1.5309183495e+00  7.6341723499e-01  3.4037482705e+00 -1.7974827453e+00 -1.5417916772e+00 -1.0729415896e+00  3.3504915058e-01  1.5641018546e+00 -3.5170126866e+00  3.0783392299e-01  3.0129131711e+00 -1.9477506900e+00  1.4112668915e+00  1.6755431725e+00 -4.1963415659e+00  1.5137080574e+00  1.1722964995e+00  2.4370196306e+00  3.4310394041e-01 -2.5278460497e-01  8.6132795543e-02 -1.6852803323e+00  2.5586570616e+00 -3.3854792987e-01 -2.3185430532e+00  9.9098055863e-01  2.3036177855e+00 -2.6721322521e+00  2.4928739237e+00  1.1893718573e+00 -3.9259251873e+00  1.9714418288e+00  3.1398560857e+00 -3.8724666661e+00  4.2920027775e-01  1.6769954037e+00 -3.3805545156e+00 -4.1885863366e-01  9.9444055518e-02  2.1671060896e+00 -4.0295784027e-01  1.6089976949e+00  2.0068956756e+00  4.9753468481e-01  1.8654611484e-01  2.6847398802e+00  1.2884158291e+00  5.0863275546e+00 -2.3157893154e+00  5.3543988868e-01  4.1682009861e+00 -1.5374618729e+00  1.8410413937e+00  4.8097319765e+00 -5.6592379887e-01  5.1210144327e-01  4.0637422862e+00 -2.6455238022e+00 -1.7580568746e+00  3.9203626923e+00 -8.8285587193e-01 -1.8554096384e+00  2.5015476685e+00 -1.9037888277e+00 -2.1533693952e+00 -4.4123876680e+00 -1.6416639390e-01  3.0439946738e+00 -2.7236586889e+00 -2.3461842910e-01  3.3382164775e+00 -1.9148881556e+00  2.0728171180e+00  8.9901347150e-01
ENERGY -6.702186561092e+02

JOB 16
COORDS  2.1237594702e+00 -5.9979447646e-01  2.1546864377e-01  9.7452193384e-01 -6.5384618077e-01  9.2116649785e-01  9.2717190646e-02  5.2532527263e-01  1.0630466483e+00 -3.3108766850e+00  9.6578737123e-01  1.8485348768e+00  5.0336720604e-01 -1.9485428222e+00  1.5555622770e+00  1.6223144473e+00 -2.9892157417e+00  1.6592339277e+00  2.3918465713e+00 -3.0939023446e+00  3.4121071349e-01  3.0611613013e+00 -1.7594372205e+00 -4.7565718569e-02  5.2190397390e-01  1.9023420028e+00  6.0999819664e-01  4.3604086459e+00 -1.5424014916e+00  7.6277146127e-01  3.4159785821e+00 -1.7795902122e+00 -1.5485270168e+00 -1.0732859097e+00  2.9956157599e-01  1.5787834113e+00 -3.5881040947e+00  4.6622503426e-01  3.0965351929e+00 -1.9470517823e+00  1.3840938756e+00  1.7050393906e+00 -4.1524255593e+00  1.2106397879e+00  9.9627145635e-01  2.4388573527e+00  3.4050383281e-01 -2.3300160263e-01  8.3864129351e-02 -1.7336769607e+00  2.5423694697e+00 -3.3227015302e-01 -2.3456885054e+00  9.6528621152e-01  2.3065121495e+00 -2.7134197646e+00  2.4705949917e+00  1.1973026893e+00 -3.9627960149e+00  1.9280842717e+00  3.1524560405e+00 -3.8822092687e+00  3.9276844283e-01  1.6905013460e+00 -3.3826916449e+00 -4.5256728649e-01  9.7237040449e-02  2.1541307373e+00 -3.7055598804e-01  1.6047033388e+00  1.9901362029e+00  5.3296977327e-01  1.7549068979e-01  2.6544111914e+00  1.3261360097e+00  5.0940879595e+00 -2.3220312595e+00  5.2601722028e-01  4.1699877836e+00 -1.5645443302e+00  1.8396600693e+00  4.8126759450e+00 -5.7272462150e-01  5.2629275359e-01  4.0789705570e+00 -2.6227649867e+00 -1.7746178058e+00  3.9309357474e+00 -8.5928137186e-01 -1.8480296159e+00  2.5157986616e+00 -1.8798686215e+00 -2.1640664708e+00 -4.4466126057e+00 -6.7385922930e-02  3.1614733157e+00 -2.8001972115e+00  1.0003823254e-01  3.6190219021e+00 -1.9224292110e+00  2.0139532055e+00  9.0090163578e-01
ENERGY -6.702136267504e+02

JOB 17
COORDS  2.1280356727e+00 -5.9958614221e-01  2.1782310071e-01  9.7522241275e-01 -6.6515302105e-01  9.1657146375e-01  8.9285042779e-02  5.1009214941e-01  1.0687506102e+00 -3.3159992629e+00  8.8889653884e-01  1.8166244716e+00  5.0322584881e-01 -1.9688037448e+00  1.5315692707e+00  1.6239950957e+00 -3.0081249881e+00  1.6283291612e+00  2.4008634975e+00 -3.0947030608e+00  3.1325191709e-01  3.0691665418e+00 -1.7540066400e+00 -5.5437753395e-02  5.1536279584e-01  1.8923340186e+00  6.2859744775e-01  4.3642645371e+00 -1.5448765016e+00  7.6351382117e-01  3.4310184392e+00 -1.7545720427e+00 -1.5548515141e+00 -1.0755725392e+00  2.7623419658e-01  1.5822332288e+00 -3.6921463016e+00  6.4271438808e-01  3.1085632783e+00 -1.9512333685e+00  1.3618427468e+00  1.7259137811e+00 -4.0701828251e+00  8.7155463507e-01  8.5697658054e-01  2.4437513588e+00  3.4696620473e-01 -2.1691271858e-01  7.6159713556e-02 -1.7674887847e+00  2.5178352604e+00 -3.2789787328e-01 -2.3596243248e+00  9.3086770526e-01  2.3033442959e+00 -2.7410824354e+00  2.4467607240e+00  1.1998202893e+00 -3.9859933705e+00  1.8826520185e+00  3.1630371417e+00 -3.8819576981e+00  3.5878118000e-01  1.7042041950e+00 -3.3749604430e+00 -4.8766473402e-01  9.2346557515e-02  2.1502905178e+00 -3.5111651900e-01  1.5981029199e+00  1.9846164797e+00  5.5498087150e-01  1.6444573485e-01  2.6374159959e+00  1.3498704201e+00  5.1008385932e+00 -2.3198378719e+00  5.2029370395e-01  4.1687734529e+00 -1.5812406383e+00  1.8391231644e+00  4.8154838315e+00 -5.7122344213e-01  5.4164673543e-01  4.0968379465e+00 -2.5934564715e+00 -1.7886665128e+00  3.9453427420e+00 -8.2942450064e-01 -1.8403474657e+00  2.5337899235e+00 -1.8488107610e+00 -2.1756258016e+00 -4.5352869213e+00  9.5839022907e-02  3.2325132288e+00 -2.9553412324e+00  5.1476155715e-01  3.7910149307e+00 -1.9238689625e+00  1.9842282959e+00  9.1505391050e-01
ENERGY -6.702088786468e+02

JOB 18
COORDS  2.1374903400e+00 -6.1333340354e-01  2.2775871230e-01  9.8619851875e-01 -6.9082803627e-01  9.2768625775e-01  9.5817254650e-02  4.7934504620e-01  1.0939741436e+00 -3.3108190910e+00  8.0209799187e-01  1.8315902810e+00  5.1867137488e-01 -2.0029014881e+00  1.5279098394e+00  1.6422536382e+00 -3.0403700311e+00  1.6095763711e+00  2.4161558077e+00 -3.1090983172e+00  2.9170021695e-01  3.0803253965e+00 -1.7623661291e+00 -6.2474030999e-02  5.1427227807e-01  1.8684308628e+00  6.6685444047e-01  4.3777832583e+00 -1.5606874008e+00  7.5449165072e-01  3.4370175345e+00 -1.7437069522e+00 -1.5630128283e+00 -1.0655963456e+00  2.3465635769e-01  1.6085427954e+00 -3.7971614138e+00  8.2256158215e-01  3.1062967490e+00 -1.9457204710e+00  1.3129405070e+00  1.7744147080e+00 -3.9594317405e+00  5.1197517512e-01  8.4111088863e-01  2.4501219304e+00  3.3919135887e-01 -1.9614537370e-01  9.2756508417e-02 -1.8144088350e+00  2.5171194053e+00 -3.1299924578e-01 -2.3878394022e+00  9.2431192907e-01  2.3230296390e+00 -2.7815420951e+00  2.4295371259e+00  1.2211931956e+00 -4.0223458108e+00  1.8530906162e+00  3.1803423971e+00 -3.8950682215e+00  3.2559043746e-01  1.7180089897e+00 -3.3811381042e+00 -5.1074150994e-01  8.6120252926e-02  2.1345994401e+00 -3.0849467514e-01  1.5962996242e+00  1.9662284835e+00  5.8943022388e-01  1.6473133584e-01  2.6050914548e+00  1.3974497748e+00  5.1154043652e+00 -2.3308017087e+00  4.9916219136e-01  4.1859112240e+00 -1.6109924646e+00  1.8302029813e+00  4.8259599659e+00 -5.8320627907e-01  5.4336121295e-01  4.1038529422e+00 -2.5781548907e+00 -1.8096268478e+00  3.9482257285e+00 -8.1388425625e-01 -1.8389005408e+00  2.5376970934e+00 -1.8322376224e+00 -2.1815992412e+00 -4.6588244075e+00  3.2106206320e-01  3.2821395026e+00 -3.1374267830e+00  9.2295624730e-01  3.8663073910e+00 -1.9152529234e+00  1.9531203079e+00  9.7676636226e-01
ENERGY -6.702051571405e+02

JOB 19
COORDS  2.1238951013e+00 -6.4452123102e-01  1.8769636328e-01  8.4306367172e-01 -8.2184436144e-01  5.7492816228e-01 -1.0324572545e-01  3.1259747613e-01  6.6579739180e-01 -3.2799780630e+00  8.1994118479e-01  2.1487539207e+00  3.1277560572e-01 -2.1957526621e+00  9.3797108566e-01  1.4323187417e+00 -3.2120557663e+00  1.1797277611e+00  2.4958770441e+00 -3.1252606090e+00  8.3414191276e-02  3.1625211706e+00 -1.7349336241e+00  3.0501025595e-02  2.3632696625e-01  1.6778288982e+00  1.1001091824e-01  4.2151428721e+00 -1.5894575855e+00  1.1538440150e+00  3.8680189422e+00 -1.5536773104e+00 -1.3293755012e+00 -1.2372769013e+00  6.2036137295e-02  1.2387421718e+00 -3.4033055049e+00  1.6600612463e+00  3.2476317939e+00 -2.1381405734e+00  1.1108877674e+00  1.3534456383e+00 -4.0788954311e+00 -5.3666671924e-02  1.8698484353e+00  2.4891718201e+00  3.5716159632e-01 -3.2970097961e-02 -3.3356700323e-01 -2.1128199352e+00  1.8144678575e+00 -3.4468650702e-01 -2.5375397463e+00  1.2758583682e-01  1.8900175661e+00 -3.0271403946e+00  2.1590768627e+00  1.0107151615e+00 -4.2225679396e+00  1.2200884632e+00  3.2661322198e+00 -3.8937097728e+00  2.2152746800e-01  2.0189427154e+00 -3.3260816966e+00 -8.8489880372e-01 -6.4098409084e-01  2.1033531345e+00 -3.8859201303e-01  1.0441703402e+00  1.6341691748e+00 -6.1895794293e-01  5.4298447378e-01  2.3758555149e+00  9.0104481295e-01  5.0262979087e+00 -2.3140801585e+00  1.0153834873e+00  3.7730569510e+00 -1.7525346963e+00  2.1409445463e+00  4.6567016483e+00 -5.8645516818e-01  1.1498696210e+00  4.6145212460e+00 -2.3417041707e+00 -1.4828997872e+00  4.3846458731e+00 -5.8814648235e-01 -1.3840600034e+00  3.1491104180e+00 -1.6007125629e+00 -2.1541809838e+00 -4.1806526766e+00  1.4243251216e+00  3.8536379760e+00 -2.5574852992e+00  1.9403399524e+00  3.7283772656e+00 -1.7266770762e+00  2.0222596379e+00  1.5522391032e+00
ENERGY -6.702051871058e+02

JOB 20
COORDS  2.1388834165e+00 -6.5057651030e-01  1.9819719597e-01  8.6322246759e-01 -8.3468072107e-01  5.9923073610e-01 -8.3820992611e-02  2.9643354991e-01  7.1747908722e-01 -3.2642504764e+00  7.8662779676e-01  2.2114537940e+00  3.3922548467e-01 -2.2139206397e+00  9.5132118813e-01  1.4630230835e+00 -3.2311771622e+00  1.1674646744e+00  2.5135760918e+00 -3.1294132751e+00  5.9945811155e-02  3.1771709669e+00 -1.7373346641e+00  1.5697665532e-02  2.4902491529e-01  1.6710222099e+00  1.7904546166e-01  4.2424036265e+00 -1.6032199203e+00  1.1285420781e+00  3.8666133870e+00 -1.5386908046e+00 -1.3499725799e+00 -1.2098484224e+00  3.3228289390e-02  1.3004377406e+00 -3.5606555590e+00  1.7951013591e+00  3.1276544362e+00 -2.1076812864e+00  1.0682386055e+00  1.4555825095e+00 -3.9521357470e+00 -2.0423702551e-01  2.0480117166e+00  2.5006958251e+00  3.5412376237e-01 -1.4325874152e-02 -2.9770540537e-01 -2.1429680984e+00  1.8356139376e+00 -3.2664872253e-01 -2.5466769448e+00  1.4403231534e-01  1.9317176506e+00 -3.0576240299e+00  2.1436630744e+00  1.0432510784e+00 -4.2427096372e+00  1.2003337617e+00  3.2868473234e+00 -3.8978838897e+00  1.7998744920e-01  2.0257952414e+00 -3.3197386504e+00 -9.0509883731e-01 -6.2819665144e-01  2.1024864083e+00 -3.1497805556e-01  1.0544594846e+00  1.6396063541e+00 -5.5308404858e-01  5.5680315563e-01  2.3586809219e+00  9.7852463775e-01  5.0535659252e+00 -2.3240754588e+00  9.7167658093e-01  3.8120640412e+00 -1.7796650399e+00  2.1185088029e+00  4.6815385017e+00 -5.9914517156e-01  1.1320365190e+00  4.6120641991e+00 -2.3239266125e+00 -1.5218118092e+00  4.3816317040e+00 -5.7197046433e-01 -1.3988746985e+00  3.1381837300e+00 -1.5765173224e+00 -2.1668789863e+00 -4.3609899593e+00  1.5698163368e+00  3.7073275504e+00 -2.7859627841e+00  2.2061208235e+00  3.6348056667e+00 -1.7262306642e+00  2.0040199744e+00  1.5806788273e+00
ENERGY -6.702084887177e+02

JOB 21
COORDS  2.5445989247e+00 -1.0608057773e+00 -3.5511749742e-01  1.3468391539e+00 -1.6343387544e+00 -1.1335207711e-01  9.7133568052e-02 -8.4181640700e-01 -7.7051174437e-02 -3.2198298662e+00 -1.4149851761e+00  1.0295819653e+00  1.2236210670e+00 -3.1248817200e+00  1.4013300381e-01  2.5700034120e+00 -3.7771591547e+00  4.6560841474e-01  3.6542358786e+00 -3.3084447046e+00 -5.0660498508e-01  3.8727665378e+00 -1.7826575507e+00 -4.4012532924e-01  6.2659628090e-02  6.0986433611e-01 -5.0571937137e-01  4.7259803450e+00 -1.4051797795e+00  7.9304406673e-01  4.6108697633e+00 -1.3120324871e+00 -1.7103909645e+00 -9.5495008890e-01 -1.4708680616e+00  3.3852921238e-01 -4.0952271063e+00 -5.2201314104e-01  1.6560937549e+00 -2.1364190031e+00 -7.6548632796e-01  4.1080305147e-01 -3.3656319753e+00 -2.6224219709e+00  1.0654020973e+00  2.6123475149e+00  1.6460938279e-02 -4.9721083421e-01  5.0261432855e-01 -3.2955693386e+00  9.4232842494e-01  7.7896922836e-01 -3.5911755381e+00 -7.4912290903e-01  2.8579120732e+00 -3.5291623808e+00  1.4943059964e+00  2.4703072457e+00 -4.8675244382e+00  4.2581530254e-01  4.6043692058e+00 -3.8210032338e+00 -3.1310956649e-01  3.3514303038e+00 -3.5785095330e+00 -1.5268730046e+00 -8.3087623817e-01  8.0285817986e-01 -1.1094212190e+00  9.2731383629e-01  8.8085428788e-01 -1.1092014523e+00  3.8682128586e-02  1.2870295817e+00  3.5868621565e-01  5.7269995078e+00 -1.8458264916e+00  7.1567384482e-01  4.2661071801e+00 -1.7564504782e+00  1.7211289573e+00  4.8426781706e+00 -3.1832461798e-01  8.7150240978e-01  5.5704861373e+00 -1.8322630239e+00 -1.8118140214e+00  4.8159483607e+00 -2.3547206545e-01 -1.6758776818e+00  4.0171139207e+00 -1.5156170543e+00 -2.6078693412e+00 -4.9950337677e+00 -9.5049521314e-01  1.8433990603e+00 -4.1758268539e+00  4.1156464811e-01  1.2666763444e+00 -2.0585121059e+00  2.2810935067e-01  6.1913437313e-01
ENERGY -6.702110925901e+02

JOB 22
COORDS  2.5260966997e+00 -1.1027259197e+00 -3.4931134398e-01  1.3381263617e+00 -1.6788959052e+00 -6.7780571656e-02  8.5672740758e-02 -8.9474011388e-01  1.4851465673e-02 -3.2110121670e+00 -1.5119701051e+00  1.1671726102e+00  1.2276005311e+00 -3.1712330845e+00  1.8293331957e-01  2.5857774010e+00 -3.8231591463e+00  4.5544406736e-01  3.6329711912e+00 -3.3478969936e+00 -5.5321325165e-01  3.8513906922e+00 -1.8222798039e+00 -4.8598160549e-01  2.7068000582e-02  5.6676401579e-01 -3.7694581851e-01  4.7481535277e+00 -1.4503414238e+00  7.1764757416e-01  4.5426528510e+00 -1.3433863465e+00 -1.7793215394e+00 -9.5404244260e-01 -1.5424729310e+00  4.3409926478e-01 -4.2360360199e+00 -6.1561374753e-01  1.4998855180e+00 -2.1412713943e+00 -8.6462739680e-01  5.3149229915e-01 -3.2457179717e+00 -2.6978464126e+00  1.4385578218e+00  2.5890036333e+00 -2.5175577347e-02 -4.9003749917e-01  5.3718379630e-01 -3.3467722360e+00  1.0106512151e+00  7.5082669821e-01 -3.6345658200e+00 -6.9110487996e-01  2.9107900955e+00 -3.5804212008e+00  1.4742559226e+00  2.4857253252e+00 -4.9134188837e+00  4.1353752806e-01  4.5902683838e+00 -3.8600179597e+00 -3.9762965819e-01  3.2932370001e+00 -3.6126907926e+00 -1.5632083165e+00 -8.2983067802e-01  7.4710611093e-01 -1.0364374099e+00  9.1807950086e-01  8.9144855984e-01 -9.1042049680e-01 -8.3714715121e-02  1.2149963873e+00  5.0261231251e-01  5.7460020339e+00 -1.8898334624e+00  6.0205796263e-01  4.3221771348e+00 -1.8065156468e+00  1.6599045869e+00  4.8669457204e+00 -3.6381050118e-01  7.9734067501e-01  5.4986544664e+00 -1.8616327911e+00 -1.9181299120e+00  4.7475258905e+00 -2.6674403819e-01 -1.7461270864e+00  3.9172377933e+00 -1.5427855348e+00 -2.6560065343e+00 -5.0855379582e+00 -1.1110907128e+00  1.7472790866e+00 -4.4044199365e+00  1.4386043532e-01  8.4788393457e-01 -2.1126843660e+00  1.4633191211e-01  6.4606355638e-01
ENERGY -6.702129617765e+02

JOB 23
COORDS  2.5066272674e+00 -1.1224628646e+00 -3.5126801140e-01  1.3335103027e+00 -1.6776048301e+00  2.1479908776e-02  8.7060981903e-02 -8.9092386093e-01  1.4775909992e-01 -3.2593101165e+00 -1.5840806905e+00  1.1161926092e+00  1.2274898615e+00 -3.1643881077e+00  3.0822641454e-01  2.5946289020e+00 -3.8202013798e+00  5.1872146140e-01  3.5819385609e+00 -3.3834036669e+00 -5.6452431350e-01  3.8147965031e+00 -1.8586267902e+00 -5.5296767743e-01  3.7070038716e-02  6.0066091217e-01 -1.0714538355e-01  4.7891594780e+00 -1.4627706846e+00  5.8083202138e-01  4.4260407578e+00 -1.4205274806e+00 -1.8999031784e+00 -9.6644157553e-01 -1.5682632875e+00  4.7943302850e-01 -4.3952097318e+00 -7.6248107274e-01  1.1438158382e+00 -2.1570394012e+00 -9.1261375353e-01  5.7970375913e-01 -3.2435284108e+00 -2.7248628423e+00  1.5424541115e+00  2.5704384500e+00 -5.2201266349e-02 -5.3677074005e-01  5.8301485293e-01 -3.3193573458e+00  1.1764465898e+00  7.0010730253e-01 -3.6427187138e+00 -5.2731382508e-01  2.9822452900e+00 -3.5508299014e+00  1.5085735257e+00  2.4841103584e+00 -4.9102564836e+00  5.1513069988e-01  4.5430791626e+00 -3.8998682656e+00 -4.5325566417e-01  3.1790088587e+00 -3.6726321537e+00 -1.5441085007e+00 -6.5876753314e-01  8.3150019450e-01 -9.2367984342e-01  1.0034387008e+00  1.0189698266e+00 -3.7783519559e-01 -3.0497624332e-01  1.1382813740e+00  7.8687564588e-01  5.7754541594e+00 -1.9111789345e+00  4.1221743732e-01  4.4231804175e+00 -1.7930675677e+00  1.5571306248e+00  4.9178244058e+00 -3.7536675713e-01  6.2573716901e-01  5.3675370752e+00 -1.9508396116e+00 -2.0845793636e+00  4.6404199511e+00 -3.4525733812e-01 -1.9091000846e+00  3.7448999088e+00 -1.6376214488e+00 -2.7295761528e+00 -5.2241694693e+00 -1.2968924086e+00  1.3786005041e+00 -4.5326617485e+00 -1.5948408477e-01  3.3950828505e-01 -2.1910801531e+00  1.0352618458e-01  5.6630336095e-01
ENERGY -6.702133742476e+02

