JOB 0
COORDS  3.4267117631e+00 -1.1098315080e+00 -1.4133788988e+00  2.3669828566e+00 -3.2914704295e+00 -2.4971761570e+00  2.1746600959e+00 -1.5966803305e+00 -9.6243952319e-01  4.0806330852e+00 -1.7950926387e+00 -2.4260659970e+00  1.4411726912e+00 -9.0947526125e-01  5.8481125582e-02  5.3255369105e+00 -1.0052520532e+00 -4.4571477054e+00  6.4928412489e+00 -2.4243635564e+00 -2.7059588975e+00 -6.6636463273e-01 -1.5720897107e-01  1.6090707017e+00 -1.1312630032e+00 -2.0010036791e+00 -4.8631388191e-01  5.4254130859e+00 -1.3454904963e+00 -2.9599553828e+00  1.6489008823e+00 -2.7156136864e+00 -1.5289272339e+00  3.5465327674e+00 -2.9089681896e+00 -2.9854804305e+00  1.2429654979e-01 -2.7195208713e+00  1.7497804223e+00  8.8061550435e-02 -1.5829212654e+00  7.8603602557e-01  3.8648593629e+00 -2.1927286539e-01 -9.7045217951e-01  1.9320877450e+00 -4.1889075369e+00 -2.9381289924e+00  1.9093959169e+00 -1.3694007457e-01  6.5824917336e-01  5.0197654713e+00 -1.8878612232e+00 -5.0259264122e+00  6.2947208643e+00 -6.6355465140e-01 -4.8369298033e+00  4.5897643935e+00 -2.1367899632e-01 -4.6358648595e+00  6.2238086771e+00 -3.3511237787e+00 -3.2205196770e+00  6.5877840781e+00 -2.6442107425e+00 -1.6372400398e+00  7.4688817197e+00 -2.0905706390e+00 -3.0750997932e+00 -1.5403345467e+00 -5.2765480319e-01  2.1470145835e+00  6.6965517740e-02  2.2690042291e-01  2.3200826343e+00 -9.3145523228e-01  6.0447587342e-01  8.7619592771e-01 -2.0405461351e+00 -2.3055871928e+00  3.5616086029e-02 -1.2924305194e+00 -1.1360449258e+00 -1.1304546540e+00 -6.9421347139e-01 -2.8239950531e+00 -1.0491247112e+00  5.7123077495e+00 -4.3773254333e-01 -2.4152853699e+00
ENERGY -9.736067662814e+02

JOB 1
COORDS  3.5251649381e+00 -1.1285994661e+00 -1.3489860119e+00  2.3753860102e+00 -3.2020242449e+00 -2.5442787283e+00  2.2709509764e+00 -1.6113102884e+00 -8.9369177703e-01  4.1316360005e+00 -1.7605285121e+00 -2.4226795817e+00  1.5990325591e+00 -9.6459028360e-01  1.9142378325e-01  5.3444662191e+00 -8.6133110887e-01 -4.4278480446e+00  6.5145695221e+00 -2.4369832774e+00 -2.8181840528e+00 -6.2860320408e-01  3.9378533616e-03  1.4546968826e+00 -9.5454943574e-01 -2.0825075662e+00 -4.0951085200e-01  5.4744404202e+00 -1.3122132965e+00 -2.9625424350e+00  1.7013548525e+00 -2.6774564515e+00 -1.5161024747e+00  3.5501028576e+00 -2.8187749799e+00 -3.0416911846e+00  1.2346357085e-01 -2.5046763184e+00  2.0003417338e+00  1.7719738103e-01 -1.5164596582e+00  8.8505594359e-01  3.9999080384e+00 -2.8109444293e-01 -8.6160431174e-01  1.9024139219e+00 -4.0550675378e+00 -3.0320917964e+00  2.1052382594e+00 -2.2219564234e-01  7.9857501214e-01  4.9953743797e+00 -1.6907792564e+00 -5.0492935904e+00  6.3132434151e+00 -5.2190712228e-01 -4.8106943980e+00  4.6296688368e+00 -3.7262688521e-02 -4.5273953744e+00  6.2030976721e+00 -3.3158701741e+00 -3.3896498977e+00  6.6318679140e+00 -2.7363079579e+00 -1.7712156678e+00  7.4899938999e+00 -2.1055896419e+00 -3.1910780542e+00 -1.5257653435e+00 -2.8781776387e-01  2.0037063893e+00  6.9588293741e-02  5.0467489025e-01  2.1277434790e+00 -8.5893907149e-01  6.3972696696e-01  6.0003041974e-01 -1.9414636873e+00 -2.1312177853e+00  5.6063015085e-02 -9.2620386081e-01 -1.3929415736e+00 -1.2528079316e+00 -6.0607946738e-01 -3.0654319764e+00 -7.1543708116e-01  5.8040283679e+00 -4.5510080746e-01 -2.3627710213e+00
ENERGY -9.736055029687e+02

JOB 2
COORDS  3.5573545982e+00 -1.1880691210e+00 -1.2881223280e+00  2.3188909500e+00 -3.1000518892e+00 -2.6481803202e+00  2.2786606589e+00 -1.6469321452e+00 -8.7246026350e-01  4.1377047070e+00 -1.7557673358e+00 -2.4099145029e+00  1.6535105035e+00 -1.0505858614e+00  2.6793360653e-01  5.3910703137e+00 -7.4386528244e-01 -4.3341792420e+00  6.4884105125e+00 -2.5025808711e+00 -2.8694153797e+00 -6.8210441731e-01  6.2551354503e-02  1.2757008627e+00 -8.6226641483e-01 -2.2919435458e+00 -2.5130342783e-01  5.4999846379e+00 -1.3241492356e+00 -2.9132810604e+00  1.6638422802e+00 -2.6303940172e+00 -1.5812278108e+00  3.5107858975e+00 -2.7328010014e+00 -3.1138638300e+00  1.4275208825e-01 -2.2666620727e+00  2.2453143907e+00  2.0156409204e-01 -1.4947847846e+00  9.7126616603e-01  4.0696334454e+00 -4.0692573542e-01 -7.3272312756e-01  1.8087356972e+00 -3.8880982926e+00 -3.2034933287e+00  2.2019815925e+00 -3.4923911340e-01  8.8844210605e-01  5.0049963785e+00 -1.5003493421e+00 -5.0232079749e+00  6.3743292009e+00 -4.1694726773e-01 -4.6900399472e+00  4.7143579450e+00  1.1713066048e-01 -4.3601701146e+00  6.1380396506e+00 -3.3144647107e+00 -3.5129363714e+00  6.5918489123e+00 -2.8953388874e+00 -1.8522936339e+00  7.4778605019e+00 -2.1844527948e+00 -3.2159838554e+00 -1.6030016135e+00 -1.6948874629e-01  1.8147058849e+00 -3.0282895638e-02  6.7644220602e-01  1.9000483187e+00 -8.7460730318e-01  5.5974295296e-01  3.2476615170e-01 -1.8563699931e+00 -2.3034015284e+00  2.0181549313e-01 -8.3398040339e-01 -1.7442592776e+00 -1.1918820118e+00 -4.7975013367e-01 -3.2984363120e+00 -3.9932640211e-01  5.8674510697e+00 -5.3720717107e-01 -2.2434785627e+00
ENERGY -9.736037213396e+02

JOB 3
COORDS  3.5723138177e+00 -1.1881800213e+00 -1.2898173201e+00  2.1665923844e+00 -2.8224871984e+00 -2.8351268139e+00  2.2417796640e+00 -1.5386107471e+00 -9.3366064558e-01  4.1140994757e+00 -1.7134140650e+00 -2.4505624598e+00  1.6670908078e+00 -9.7918733433e-01  2.5173103965e-01  5.5119992673e+00 -6.7900757999e-01 -4.2595630827e+00  6.3813540512e+00 -2.6680994280e+00 -2.9440271142e+00 -8.5459147482e-01  5.2428377573e-02  1.0570441677e+00 -7.1316475856e-01 -2.5550170891e+00  1.8003319755e-02  5.5258879653e+00 -1.3900457241e+00 -2.8950833025e+00  1.5381907494e+00 -2.3739839886e+00 -1.7431226858e+00  3.4025564715e+00 -2.5512848756e+00 -3.2478638493e+00  3.1134891370e-01 -1.8617371554e+00  2.4353204735e+00  2.4278133154e-01 -1.4005868310e+00  1.0202045389e+00  4.1537723061e+00 -5.2297202238e-01 -6.5717309501e-01  1.5862570534e+00 -3.4952450958e+00 -3.4679734443e+00  2.2714476848e+00 -3.5604776999e-01  9.0372700891e-01  5.0637652385e+00 -1.3259227331e+00 -5.0189581655e+00  6.5324210601e+00 -4.3016933787e-01 -4.5711901292e+00  4.9314749638e+00  2.4891394166e-01 -4.2172919605e+00  5.9608767680e+00 -3.3777160553e+00 -3.6621675748e+00  6.4193786311e+00 -3.1571567830e+00 -1.9647819688e+00  7.4067040923e+00 -2.4301107157e+00 -3.2478557867e+00 -1.7711491877e+00 -2.1086439576e-01  1.5900630868e+00 -3.1008685841e-01  8.2443867861e-01  1.6039055260e+00 -1.0524145899e+00  3.7987098167e-01  3.5301520256e-02 -1.6466791617e+00 -2.6876982515e+00  5.7005274485e-01 -8.5928119313e-01 -2.1604924676e+00 -9.8512029147e-01 -1.4899887712e-01 -3.4840068977e+00 -3.4062566082e-02  5.9600267548e+00 -7.0950937140e-01 -2.1526420714e+00
ENERGY -9.736029157716e+02

JOB 4
COORDS  3.6114732203e+00 -1.1673414459e+00 -1.2582272027e+00  2.0346919391e+00 -2.4866250688e+00 -2.9377260165e+00  2.2436848538e+00 -1.3776995529e+00 -9.3781997840e-01  4.0984744439e+00 -1.6590456282e+00 -2.4575697720e+00  1.7089900803e+00 -8.5404208471e-01  2.7930311937e-01  5.6295276228e+00 -6.5279048425e-01 -4.1708218505e+00  6.2396418853e+00 -2.8367513815e+00 -3.0301651974e+00 -1.0071230927e+00 -3.3675855456e-02  7.8763006508e-01 -4.7921443528e-01 -2.7400068205e+00  2.3374332150e-01  5.5437821413e+00 -1.4736145404e+00 -2.8720636111e+00  1.4498115339e+00 -2.0459284500e+00 -1.8186981271e+00  3.3004619027e+00 -2.3380500255e+00 -3.3216841526e+00  3.6542503768e-01 -1.4863325377e+00  2.4992376233e+00  2.7831004688e-01 -1.3027541414e+00  1.0250038182e+00  4.2618197604e+00 -6.3530704099e-01 -5.6921353402e-01  1.3850630011e+00 -3.0293330564e+00 -3.6257160643e+00  2.3410010257e+00 -3.3049846816e-01  9.8849809272e-01  5.1150652603e+00 -1.1743118265e+00 -4.9828926507e+00  6.6756488975e+00 -5.0301310291e-01 -4.4596931630e+00  5.1639903518e+00  3.3121458570e-01 -4.0494210258e+00  5.7438691858e+00 -3.4271709294e+00 -3.8058469637e+00  6.2094438229e+00 -3.4078388586e+00 -2.0960309443e+00  7.2890339415e+00 -2.6993352405e+00 -3.3132547259e+00 -1.9339987143e+00 -3.6414525140e-01  1.2629958859e+00 -6.2280921217e-01  8.6092843799e-01  1.2804760349e+00 -1.1378555870e+00  1.4539786309e-01 -2.8136106630e-01 -1.3548243578e+00 -2.9620479711e+00  8.4808492285e-01 -7.1865077800e-01 -2.5177055811e+00 -8.0331449803e-01  2.4842809465e-01 -3.5498614528e+00  2.8178247128e-01  6.0489250457e+00 -9.1581957759e-01 -2.0742889825e+00
ENERGY -9.736040912639e+02

JOB 5
COORDS  3.6905090833e+00 -1.1901171599e+00 -1.2422149741e+00  1.9528820746e+00 -2.2193749514e+00 -2.9710157221e+00  2.3166921074e+00 -1.2908314169e+00 -8.9994203047e-01  4.0992230976e+00 -1.6350570226e+00 -2.4884419211e+00  1.8267341564e+00 -8.1221072185e-01  3.5037029231e-01  5.6868155700e+00 -6.6226586995e-01 -4.1696796797e+00  6.0997299252e+00 -2.9720699104e+00 -3.2015843091e+00 -9.7941183203e-01 -2.2299023318e-01  4.6189272699e-01 -2.0185302947e-01 -2.9313910711e+00  4.2189957726e-01  5.5466795372e+00 -1.5622430830e+00 -2.9294463869e+00  1.4387933942e+00 -1.8111085244e+00 -1.8057934555e+00  3.2191826935e+00 -2.1651240126e+00 -3.3773609178e+00  3.5511887299e-01 -1.2837004989e+00  2.5006429714e+00  3.6295229186e-01 -1.3109016123e+00  1.0142443510e+00  4.4039502839e+00 -7.7545936863e-01 -5.3527257860e-01  1.2389742230e+00 -2.6425775878e+00 -3.6789122913e+00  2.4855058872e+00 -4.7387157995e-01  1.1421918645e+00  5.1062905982e+00 -1.0709238519e+00 -5.0015725903e+00  6.7364991346e+00 -5.9534875216e-01 -4.4761248294e+00  5.3243995473e+00  3.5125421753e-01 -3.9670587311e+00  5.5314124284e+00 -3.4536233535e+00 -4.0023396521e+00  6.0326424895e+00 -3.6033771967e+00 -2.3089904003e+00  7.1513779099e+00 -2.9180398372e+00 -3.5037699853e+00 -1.9302777946e+00 -5.9171191683e-01  8.5448255962e-01 -7.3865862297e-01  7.5580104119e-01  8.7887436059e-01 -9.7301845839e-01 -1.9095599476e-01 -6.2970051781e-01 -1.1202407143e+00 -3.1409808796e+00  9.7453295597e-01 -3.4155439381e-01 -2.8963199134e+00 -6.5627301970e-01  5.8197215717e-01 -3.6417575045e+00  6.8849005700e-01  6.1214622119e+00 -1.1156468372e+00 -2.1091471769e+00
ENERGY -9.736068809674e+02

JOB 6
COORDS  3.7199572324e+00 -1.2017420675e+00 -1.2132530188e+00  1.9107045847e+00 -2.0868330374e+00 -2.9506938211e+00  2.3499472183e+00 -1.2655133530e+00 -8.4696004071e-01  4.0868857283e+00 -1.6058781668e+00 -2.4855988368e+00  1.8912954323e+00 -8.3041402725e-01  4.2829240609e-01  5.6776094827e+00 -6.1162095071e-01 -4.1505721603e+00  6.0178248049e+00 -2.9818978346e+00 -3.3082604608e+00 -8.8404945841e-01 -2.3130744898e-01  1.4095050367e-01 -1.6286436754e-01 -2.9237697264e+00  5.8093121136e-01  5.5268754614e+00 -1.5673967436e+00 -2.9540243810e+00  1.4354156572e+00 -1.7184016093e+00 -1.7556605961e+00  3.1696437941e+00 -2.0603294836e+00 -3.3799518115e+00  2.1229065910e-01 -1.0227096791e+00  2.4597834256e+00  3.5778062661e-01 -1.2318896385e+00  9.9695014098e-01  4.4614534181e+00 -8.4271011500e-01 -5.0475843057e-01  1.1676354159e+00 -2.4508570081e+00 -3.6614721284e+00  2.5491495729e+00 -5.8462732017e-01  1.2534624737e+00  5.0646522529e+00 -9.5473370499e-01 -4.9888018563e+00  6.7227131394e+00 -5.6983175238e-01 -4.4764529684e+00  5.3599325376e+00  4.0351277576e-01 -3.8894231526e+00  5.4150938517e+00 -3.3998714622e+00 -4.1194657053e+00  5.9434136874e+00 -3.6546439848e+00 -2.4470604039e+00  7.0645900142e+00 -2.9532673143e+00 -3.6301673141e+00 -1.8790422478e+00 -5.4669038151e-01  4.6365395451e-01 -6.7930181243e-01  7.9559654828e-01  4.4584021286e-01 -7.3872209870e-01 -3.6063161043e-01 -9.3325513905e-01 -1.1884554107e+00 -3.0415232525e+00  9.3715679661e-01 -7.0568417745e-02 -3.0618740316e+00 -4.9554507890e-01  5.1496348994e-01 -3.5803523987e+00  1.1286251397e+00  6.1352327556e+00 -1.1853933013e+00 -2.1253772220e+00
ENERGY -9.736103367574e+02

JOB 7
COORDS  3.7258469684e+00 -1.2682557685e+00 -1.1582938549e+00  1.9004280729e+00 -2.1094342033e+00 -2.9013006470e+00  2.3626149150e+00 -1.3692182826e+00 -7.7154317770e-01  4.0767971603e+00 -1.6144842733e+00 -2.4513301731e+00  1.9290373913e+00 -1.0212461407e+00  5.3579471649e-01  5.6241598207e+00 -5.3017903525e-01 -4.1020407230e+00  6.0129616077e+00 -2.9263678854e+00 -3.3610882540e+00 -7.8539511413e-01 -2.4219849408e-01 -6.7263499216e-03 -2.6649718848e-01 -2.9026536319e+00  7.2564116806e-01  5.5076463749e+00 -1.5346719302e+00 -2.9421947520e+00  1.4404739888e+00 -1.8029976265e+00 -1.6825193186e+00  3.1507906892e+00 -2.0454974536e+00 -3.3494678112e+00  1.2129279335e-01 -8.6711880516e-01  2.4582763066e+00  3.3627997343e-01 -1.2172133638e+00  1.0323837579e+00  4.4735796790e+00 -9.2528717267e-01 -4.4842408491e-01  1.1504412082e+00 -2.4545825980e+00 -3.6142890137e+00  2.5738574831e+00 -7.0560337911e-01  1.3455042996e+00  5.0017996074e+00 -8.4887766951e-01 -4.9429824223e+00  6.6627867961e+00 -4.6008141896e-01 -4.4434449831e+00  5.2968452066e+00  4.6910407635e-01 -3.7955007116e+00  5.4027326820e+00 -3.3206093434e+00 -4.1785488774e+00  5.9628627025e+00 -3.6341048107e+00 -2.5266360960e+00  7.0535998589e+00 -2.8689143319e+00 -3.6986879675e+00 -1.8124778062e+00 -4.7106865524e-01  2.8611969050e-01 -5.4301443734e-01  8.0027495193e-01  2.0438500343e-01 -5.8280117462e-01 -4.9634857077e-01 -1.0479996174e+00 -1.3282163281e+00 -2.9335471770e+00  9.8001406535e-01 -8.0604153199e-02 -3.1426638702e+00 -3.2156210634e-01  3.1149288665e-01 -3.5442790900e+00  1.3924216792e+00  6.1247455803e+00 -1.1769068740e+00 -2.1092036135e+00
ENERGY -9.736120716488e+02

JOB 8
COORDS  3.7540418477e+00 -1.3516655455e+00 -1.1590785074e+00  1.9132284723e+00 -2.1664944655e+00 -2.8978200256e+00  2.4025484545e+00 -1.5034657929e+00 -7.4903299491e-01  4.0860381774e+00 -1.6362902174e+00 -2.4720854633e+00  1.9980349997e+00 -1.2526941525e+00  5.9104869306e-01  5.5709586180e+00 -4.5214347083e-01 -4.1123964940e+00  6.0354081012e+00 -2.8625496785e+00 -3.4668210963e+00 -6.4884745706e-01 -2.5536506542e-01 -1.1188200273e-01 -3.5167571993e-01 -2.8561460558e+00  8.5078572803e-01  5.5037608362e+00 -1.5002603221e+00 -2.9878964200e+00  1.4729734221e+00 -1.9257464011e+00 -1.6571710481e+00  3.1518560698e+00 -2.0530545084e+00 -3.3682368213e+00  1.6809311659e-01 -7.2145833627e-01  2.4300378756e+00  3.7978724749e-01 -1.2093289021e+00  1.0454042031e+00  4.5079389936e+00 -1.0182653399e+00 -4.5115189459e-01  1.1565493763e+00 -2.4998754856e+00 -3.6093033386e+00  2.6391915233e+00 -8.2818396582e-01  1.3532530015e+00  4.9394478718e+00 -7.5630928532e-01 -4.9518754842e+00  6.6001899466e+00 -3.4302912566e-01 -4.4715003799e+00  5.2252063232e+00  5.2675208776e-01 -3.7631658176e+00  5.4189359416e+00 -3.2428051729e+00 -4.2862420713e+00  6.0198241141e+00 -3.6008229019e+00 -2.6579046799e+00  7.0672537767e+00 -2.7661378705e+00 -3.8220634440e+00 -1.6884344261e+00 -3.5877632026e-01  2.0622358958e-01 -3.1715644475e-01  7.8029596815e-01 -2.1987902283e-02 -4.7561864485e-01 -6.4404327889e-01 -1.1152756352e+00 -1.4239649512e+00 -2.7900640554e+00  1.0483113586e+00 -1.3725259793e-01 -3.1925258847e+00 -1.6493918854e-01  1.4407949786e-01 -3.4862614092e+00  1.5905471711e+00  6.1285011914e+00 -1.1567699336e+00 -2.1545931038e+00
ENERGY -9.736115698547e+02

JOB 9
COORDS  3.7526419095e+00 -1.4277629808e+00 -1.1540748591e+00  1.9257292349e+00 -2.1667641867e+00 -2.9392561213e+00  2.4010876974e+00 -1.6077600579e+00 -7.5950096824e-01  4.0936928580e+00 -1.6469385734e+00 -2.4781683352e+00  1.9952979973e+00 -1.4471395430e+00  5.9765042473e-01  5.5817669047e+00 -3.8746065090e-01 -4.0598597660e+00  6.0572807005e+00 -2.8188665481e+00 -3.5073415358e+00 -6.0044938621e-01 -3.4058501804e-01 -2.2855541106e-01 -4.6527981851e-01 -2.8075047902e+00  1.0183952077e+00  5.5136833809e+00 -1.4797916787e+00 -2.9785163968e+00  1.4797903377e+00 -1.9954928148e+00 -1.6897273521e+00  3.1665681850e+00 -2.0231509961e+00 -3.3976550482e+00  2.1594060938e-01 -5.6846512842e-01  2.3622516681e+00  3.8507493605e-01 -1.2066548837e+00  1.0338270317e+00  4.5005346924e+00 -1.1221139185e+00 -4.2749150384e-01  1.1747669610e+00 -2.4685507916e+00 -3.6705614181e+00  2.6468753530e+00 -1.0200853053e+00  1.3518358387e+00  4.9579456978e+00 -6.6181188842e-01 -4.9151801925e+00  6.6126970835e+00 -2.5776246343e-01 -4.4070119471e+00  5.2273887712e+00  5.7467007702e-01 -3.6745038793e+00  5.4488734449e+00 -3.1699257334e+00 -4.3456394981e+00  6.0407032353e+00 -3.5887484488e+00 -2.7284953010e+00  7.0909072921e+00 -2.7021951533e+00 -3.8511220405e+00 -1.6245814891e+00 -3.0218371431e-01  1.4836377562e-01 -1.8281007946e-01  6.6403549705e-01 -3.1436380535e-01 -5.0874763239e-01 -8.8589676465e-01 -1.1663022880e+00 -1.5285510320e+00 -2.6548168731e+00  1.2182124662e+00 -2.9176153101e-01 -3.2599272840e+00  3.9871099548e-02  6.6339073711e-04 -3.3983125269e+00  1.8082086990e+00  6.1305233733e+00 -1.1661897916e+00 -2.1277352690e+00
ENERGY -9.736089003175e+02

JOB 10
COORDS  3.7401730549e+00 -1.4948530412e+00 -1.2001278437e+00  1.9425138599e+00 -2.0166886502e+00 -3.0851313210e+00  2.3700655590e+00 -1.6434878966e+00 -8.5831677973e-01  4.1146285432e+00 -1.6314810135e+00 -2.5263982396e+00  1.9471165840e+00 -1.5551781900e+00  5.0242188908e-01  5.7074667590e+00 -3.2096809213e-01 -3.9572486092e+00  6.0571680223e+00 -2.8081319900e+00 -3.5902812334e+00 -6.7895157718e-01 -6.0378816252e-01 -3.2106194711e-01 -4.9278060078e-01 -2.8089531781e+00  1.3434333895e+00  5.5562588373e+00 -1.4916914121e+00 -2.9704604995e+00  1.4661545467e+00 -1.9237523463e+00 -1.8388086549e+00  3.2021732248e+00 -1.8947035807e+00 -3.4974882194e+00  2.7425714414e-01 -4.2061114759e-01  2.2394318516e+00  3.7545731014e-01 -1.2455704723e+00  1.0082761819e+00  4.4766923465e+00 -1.2729836938e+00 -4.3266968987e-01  1.2024214080e+00 -2.2284690405e+00 -3.8579679022e+00  2.6380557005e+00 -1.2893443572e+00  1.2949445463e+00  5.1002661857e+00 -4.9710035859e-01 -4.8496214313e+00  6.7538327628e+00 -2.1196924867e-01 -4.2629354214e+00  5.3832661290e+00  6.2271458845e-01 -3.5055029695e+00  5.4611029888e+00 -3.0627236552e+00 -4.4712000641e+00  5.9816521243e+00 -3.6360593896e+00 -2.8771933754e+00  7.1054621591e+00 -2.7126869261e+00 -3.8939112670e+00 -1.6487491860e+00 -4.1983106327e-01  1.4644577391e-01 -2.3044684515e-01  3.2874045257e-01 -6.6594231735e-01 -7.1442193408e-01 -1.3274599677e+00 -1.1319638456e+00 -1.5308343071e+00 -2.6005220859e+00  1.6144575440e+00 -4.2201802945e-01 -3.4356077288e+00  4.5214131583e-01  3.8990564403e-02 -3.2699738454e+00  2.1773225894e+00  6.1584651555e+00 -1.2758289009e+00 -2.0796866575e+00
ENERGY -9.736054354524e+02

JOB 11
COORDS  3.7012776756e+00 -1.5079362981e+00 -1.2681426100e+00  1.9510584658e+00 -1.7119982729e+00 -3.2522112085e+00  2.3085282000e+00 -1.5493931285e+00 -9.9004727724e-01  4.1214712670e+00 -1.5785454010e+00 -2.5855544092e+00  1.8613863489e+00 -1.5098794374e+00  3.6828937077e-01  5.8880101580e+00 -3.1921974424e-01 -3.8477085998e+00  5.9962209905e+00 -2.8485865913e+00 -3.6645769736e+00 -8.3079455865e-01 -8.7535005280e-01 -4.1977002472e-01 -4.1086724105e-01 -2.7035213828e+00  1.6462242369e+00  5.5883546539e+00 -1.5414479195e+00 -2.9624565634e+00  1.4295593155e+00 -1.6637146707e+00 -2.0216187176e+00  3.2333036397e+00 -1.6811150148e+00 -3.6077597109e+00  2.0311004185e-01 -1.6534564399e-01  2.0075318682e+00  3.1957745906e-01 -1.1915680560e+00  9.3615360642e-01  4.4208514550e+00 -1.4159916357e+00 -4.5912788120e-01  1.2292048537e+00 -1.7945358251e+00 -4.0658482239e+00  2.5771526641e+00 -1.4002857746e+00  1.1766182366e+00  5.3082998609e+00 -3.7116136613e-01 -4.7736006315e+00  6.9526652119e+00 -2.8495389496e-01 -4.1038074108e+00  5.6291148983e+00  6.1385025333e-01 -3.3358887276e+00  5.4191542243e+00 -2.9802633989e+00 -4.5842527615e+00  5.8154178590e+00 -3.7169764593e+00 -3.0219475253e+00  7.0612241068e+00 -2.8284407748e+00 -3.9207589707e+00 -1.7873247878e+00 -6.8394684307e-01  7.2111170132e-02 -4.7716878719e-01  8.2547335636e-03 -9.4943967205e-01 -8.5403009784e-01 -1.7240899594e+00 -1.0990536053e+00 -1.4179841746e+00 -2.4812690409e+00  2.0074637922e+00 -4.1217019548e-01 -3.4862959753e+00  8.8577573549e-01  2.3745612440e-01 -2.9837005445e+00  2.4783935989e+00  6.1670543111e+00 -1.4496465417e+00 -2.0353952936e+00
ENERGY -9.736033666887e+02

JOB 12
COORDS  3.6839442070e+00 -1.5247535985e+00 -1.3017351971e+00  1.9882578332e+00 -1.3563669343e+00 -3.3342142930e+00  2.2865274596e+00 -1.4312351191e+00 -1.0597214574e+00  4.1368550378e+00 -1.5271806095e+00 -2.6099509070e+00  1.8102359165e+00 -1.4549022104e+00  2.8964773392e-01  6.0707570720e+00 -3.6569538144e-01 -3.7088988268e+00  5.8963765802e+00 -2.8974806980e+00 -3.7595250605e+00 -9.2992906595e-01 -1.2631495730e+00 -5.0517042287e-01 -2.1623731527e-01 -2.6166437328e+00  1.8653563749e+00  5.6106088003e+00 -1.6215787871e+00 -2.9483016632e+00  1.4357258936e+00 -1.3466719816e+00 -2.1163826364e+00  3.2765992795e+00 -1.4422699273e+00 -3.6571982565e+00 -2.2908532993e-02  5.4781083272e-03  1.7023471540e+00  2.5762495326e-01 -1.1841554860e+00  8.4908061610e-01  4.3828453636e+00 -1.5897219762e+00 -4.7212717616e-01  1.2883899802e+00 -1.2852929883e+00 -4.1678585230e+00  2.5181649057e+00 -1.4498158066e+00  1.1127633705e+00  5.5194819539e+00 -2.6908380551e-01 -4.6484696029e+00  7.1406512743e+00 -4.2753601787e-01 -3.9365239208e+00  5.8982247753e+00  5.4050617360e-01 -3.1185200731e+00  5.3384506611e+00 -2.8808134319e+00 -4.7000345920e+00  5.6012799414e+00 -3.7946249233e+00 -3.2046063336e+00  6.9649849475e+00 -2.9732781993e+00 -3.9889555684e+00 -1.9069409860e+00 -1.2306621172e+00 -1.7159565084e-02 -7.6733171221e-01 -3.8505878597e-01 -1.1259990387e+00 -7.7734452890e-01 -2.1626660738e+00 -1.0981075974e+00 -1.2048695349e+00 -2.4299417611e+00  2.2905587299e+00 -1.9428785023e-01 -3.5180454251e+00  1.2516327431e+00  5.2746866104e-01 -2.6818257426e+00  2.6617592473e+00  6.1651356757e+00 -1.6785830040e+00 -2.0037764664e+00
ENERGY -9.736030045780e+02

JOB 13
COORDS  2.9141838344e+00 -1.0921486579e+00 -2.2256952125e+00  3.2021475948e+00 -3.4838392758e+00 -1.1126459771e+00  1.8748516938e+00 -1.6386086995e+00 -1.4268366111e+00  4.0718027778e+00 -1.8299322907e+00 -2.4096006427e+00  6.8238438166e-01 -8.8146555428e-01 -1.2015164759e+00  5.4639187531e+00 -2.2532854277e+00 -4.4530569979e+00  6.4942827475e+00 -1.1731345332e+00 -2.4001726419e+00 -2.1090313875e-01 -2.5750680972e+00  9.1658473589e-01 -1.2176050945e+00  6.3230293046e-02  5.7008714725e-01  5.2224171902e+00 -1.3203611925e+00 -3.2534025084e+00  2.0408047784e+00 -2.8675077352e+00 -8.6983405440e-01  4.2294510406e+00 -3.0528346938e+00 -1.8419291432e+00 -1.8883272988e+00 -1.9175170854e+00 -1.0587838166e+00 -6.7558099417e-01 -1.3919926353e+00 -3.6711181146e-01  2.7998309615e+00 -1.1388390302e-01 -2.6850945696e+00  3.3169702234e+00 -4.4676682484e+00 -6.5606945155e-01  5.0580184805e-01  4.2478434545e-02 -1.7420434114e+00  5.7254996112e+00 -3.2566531143e+00 -4.1053870123e+00  6.2834764952e+00 -1.8738731062e+00 -5.0733018866e+00  4.5690425159e+00 -2.3330074099e+00 -5.0794226872e+00  6.7870980860e+00 -2.1425396326e+00 -1.9871588974e+00  6.3341807937e+00 -4.8202062831e-01 -1.5655082999e+00  7.3204634097e+00 -7.8902571174e-01 -3.0086157432e+00 -1.0790731645e+00 -2.6406604386e+00  1.5765204399e+00 -1.7441233175e-02 -3.5179992813e+00  4.1228979496e-01  6.8596265750e-01 -2.2402651876e+00  1.4362170993e+00 -2.1619264212e+00 -1.8612806831e-01  1.0577745398e+00 -4.4639845972e-01  3.4812366548e-01  1.2861916470e+00 -1.3750935142e+00  8.6034322281e-01 -1.5861604617e-01  4.9422417489e+00 -3.3057701940e-01 -3.6339001691e+00
ENERGY -9.736042767949e+02

JOB 14
COORDS  2.9342886542e+00 -1.0789831617e+00 -2.1407119052e+00  3.1243191294e+00 -3.5508866830e+00 -1.1898776999e+00  1.8812058056e+00 -1.6304146467e+00 -1.3668369533e+00  4.0559040333e+00 -1.8548853370e+00 -2.3870896607e+00  7.2024106892e-01 -8.5107202069e-01 -1.0617359509e+00  5.4029846177e+00 -2.2023406192e+00 -4.4744790253e+00  6.5067206761e+00 -1.3133712512e+00 -2.3686880031e+00 -1.3831979442e-01 -2.4787734898e+00  1.1187911806e+00 -1.3719494000e+00  3.7326168874e-03  4.7710545343e-01  5.2196554072e+00 -1.3429991512e+00 -3.2112439173e+00  1.9957922528e+00 -2.8995428916e+00 -8.9273854105e-01  4.1628315152e+00 -3.1177321655e+00 -1.9030367607e+00 -1.7302729395e+00 -2.1953928837e+00 -9.9363534206e-01 -6.3684163783e-01 -1.4614762257e+00 -2.9243065317e-01  2.8592680902e+00 -6.8609532119e-02 -2.5340609833e+00  3.1988834565e+00 -4.5670532542e+00 -8.0117955002e-01  5.3715264178e-01  9.6313152341e-02 -1.5563539969e+00  5.6207506756e+00 -3.2380822158e+00 -4.1990497685e+00  6.2324632917e+00 -1.8200897314e+00 -5.0796067992e+00  4.4982638592e+00 -2.1977618160e+00 -5.0916941253e+00  6.7581861899e+00 -2.3212379454e+00 -2.0266356300e+00  6.3889512844e+00 -6.7427679319e-01 -1.4868680766e+00  7.3429991389e+00 -9.2715295263e-01 -2.9618027645e+00 -1.0360733475e+00 -2.6178986679e+00  1.7250457339e+00  2.1430655361e-01 -3.4178672115e+00  6.9987361767e-01  6.6268929196e-01 -1.9845373405e+00  1.6686361310e+00 -2.3218326455e+00 -3.0528088113e-01  9.1650200324e-01 -6.9103727187e-01  4.1739595922e-01  1.2210095603e+00 -1.5521950136e+00  7.2415292320e-01 -3.2248749287e-01  4.9822737005e+00 -3.1763449967e-01 -3.5199040104e+00
ENERGY -9.736059448213e+02

JOB 15
COORDS  3.0021220894e+00 -1.0610360221e+00 -2.0364179523e+00  3.1058000212e+00 -3.5912851232e+00 -1.2324756787e+00  1.9508887732e+00 -1.6089446878e+00 -1.2609751439e+00  4.0782334552e+00 -1.8722095663e+00 -2.3641501415e+00  8.2796376295e-01 -8.1139820826e-01 -8.6504924518e-01  5.3410418063e+00 -2.1562164306e+00 -4.5130574691e+00  6.5515113560e+00 -1.4474119819e+00 -2.3974543096e+00 -1.0324133784e-01 -2.3875871489e+00  1.3140271130e+00 -1.4615053863e+00 -6.7355162999e-02  4.0379464118e-01  5.2390368554e+00 -1.3665026555e+00 -3.1963066646e+00  2.0219980814e+00 -2.9060371017e+00 -8.5824027513e-01  4.1393927291e+00 -3.1642629203e+00 -1.9577030174e+00 -1.4939781722e+00 -2.3836296363e+00 -9.5388341955e-01 -5.4882876994e-01 -1.5075717651e+00 -2.0511794932e-01  2.9617409623e+00 -2.7369872506e-02 -2.3698241992e+00  3.1452027048e+00 -4.6302598024e+00 -9.0404766386e-01  6.4221381523e-01  1.5480093379e-01 -1.3208466571e+00  5.5161878110e+00 -3.2156837654e+00 -4.3060009002e+00  6.1691963338e+00 -1.7778093637e+00 -5.1224061959e+00  4.4190189643e+00 -2.0721662040e+00 -5.0981429852e+00  6.7641827442e+00 -2.4846301754e+00 -2.1236735115e+00  6.4922170557e+00 -8.5771332068e-01 -1.4762460846e+00  7.3867468363e+00 -1.0656303632e+00 -2.9948973725e+00 -1.0322568805e+00 -2.7504874574e+00  1.7579075937e+00  5.3574815351e-01 -3.2087079657e+00  9.9188298911e-01  4.3797913680e-01 -1.7117235170e+00  1.9769580151e+00 -2.3928412581e+00 -4.4193002695e-01  8.3104379419e-01 -8.6725327900e-01  4.7662628899e-01  1.1377017828e+00 -1.6808656086e+00  5.5956522555e-01 -4.6196000061e-01  5.0421241666e+00 -3.1453406813e-01 -3.4363052357e+00
ENERGY -9.736068748426e+02

JOB 16
COORDS  3.0732182371e+00 -1.0299588489e+00 -1.9468277814e+00  3.1215499806e+00 -3.5971973357e+00 -1.2550810031e+00  2.0380154431e+00 -1.5784801450e+00 -1.1546309981e+00  4.1078179627e+00 -1.8620314879e+00 -2.3521908958e+00  9.4956199013e-01 -7.8189538246e-01 -6.6124562132e-01  5.2804036967e+00 -2.0947317839e+00 -4.5582232346e+00  6.5902563964e+00 -1.5132498156e+00 -2.4630917401e+00 -1.7192344284e-01 -2.3618170742e+00  1.4199233056e+00 -1.5293541508e+00 -1.7216621538e-01  2.7389557568e-01  5.2526058892e+00 -1.3582071104e+00 -3.2075090172e+00  2.0816378821e+00 -2.8921256072e+00 -8.0428908986e-01  4.1389765127e+00 -3.1713277490e+00 -2.0053702866e+00 -1.2402888930e+00 -2.5166842816e+00 -1.0199166270e+00 -4.6255132347e-01 -1.5639548981e+00 -1.8082890020e-01  3.0539756303e+00  1.7765810217e-02 -2.2352629539e+00  3.1387022235e+00 -4.6503590047e+00 -9.7377551872e-01  7.5333333820e-01  1.9579031032e-01 -1.0903094941e+00  5.4285544152e+00 -3.1668188953e+00 -4.4012094455e+00  6.0973800411e+00 -1.7168326325e+00 -5.1828026366e+00  4.3406542704e+00 -1.9579553143e+00 -5.1038507766e+00  6.7792229271e+00 -2.5672756890e+00 -2.2409638487e+00  6.5837692105e+00 -9.6196260341e-01 -1.5165860856e+00  7.4148997821e+00 -1.1320770617e+00 -3.0754732464e+00 -1.1114575518e+00 -2.8151778057e+00  1.7422790145e+00  5.8649601241e-01 -3.1206528891e+00  1.2264663258e+00  1.9422779121e-01 -1.6156487709e+00  2.1254320200e+00 -2.4429724883e+00 -5.9872687389e-01  6.9019072178e-01 -1.0248743800e+00  4.7678389799e-01  9.8943983999e-01 -1.7612688475e+00  3.6390128306e-01 -6.4767132834e-01  5.0814294585e+00 -2.9144248434e-01 -3.3965893236e+00
ENERGY -9.736059287409e+02

JOB 17
COORDS  3.1180595516e+00 -1.0111533474e+00 -1.8569288276e+00  3.1024728492e+00 -3.6052174483e+00 -1.2634288582e+00  2.0996717008e+00 -1.5559758274e+00 -1.0435832787e+00  4.1063552270e+00 -1.8625546338e+00 -2.3348036638e+00  1.0539010214e+00 -7.5640344587e-01 -4.6249522367e-01  5.1922471973e+00 -2.0523197445e+00 -4.5896012514e+00  6.5928554764e+00 -1.5885055905e+00 -2.5241156933e+00 -3.4837911293e-01 -2.2099788079e+00  1.5503416150e+00 -1.5363627764e+00 -1.3800035512e-01  9.7847325212e-02  5.2357489160e+00 -1.3645911068e+00 -3.2139289466e+00  2.1123647476e+00 -2.8812852756e+00 -7.3872068116e-01  4.1030460663e+00 -3.1839896421e+00 -2.0404924134e+00 -1.0519639773e+00 -2.5563263616e+00 -1.0053556382e+00 -4.0797464873e-01 -1.5393832930e+00 -1.3322297194e-01  3.1233119243e+00  4.6691041296e-02 -2.1066052582e+00  3.0937545660e+00 -4.6685421698e+00 -1.0233564782e+00  8.8344918150e-01  2.4364145639e-01 -8.5181418762e-01  5.3103174625e+00 -3.1334976931e+00 -4.4754060717e+00  5.9988849676e+00 -1.6781832078e+00 -5.2297214120e+00  4.2389683904e+00 -1.8664403344e+00 -5.0958704485e+00  6.7546052921e+00 -2.6553583050e+00 -2.3460052210e+00  6.6374331974e+00 -1.0719985808e+00 -1.5592081232e+00  7.4078039837e+00 -1.2117287336e+00 -3.1520353825e+00 -1.3179905249e+00 -2.6577326643e+00  1.7785169794e+00  4.3536341021e-01 -2.9689336294e+00  1.5337673267e+00 -8.8803633838e-02 -1.4034594227e+00  2.2360831053e+00 -2.4676121318e+00 -5.4090138825e-01  4.9833987838e-01 -1.0962217636e+00  5.9588777989e-01  7.7311605184e-01 -1.7127409072e+00  2.9017876877e-01 -8.8987596479e-01  5.0932220535e+00 -2.8675583903e-01 -3.3590872092e+00
ENERGY -9.736023496937e+02

JOB 18
COORDS  3.1559590147e+00 -1.0658185143e+00 -1.7743317990e+00  3.1573263562e+00 -3.6900290256e+00 -1.3420032542e+00  2.1690860566e+00 -1.6612568210e+00 -9.5709813734e-01  4.1250689255e+00 -1.8849049290e+00 -2.3402753005e+00  1.1485490079e+00 -8.8953336030e-01 -2.9534209754e-01  5.1293574162e+00 -1.9362503975e+00 -4.6401609767e+00  6.6031815209e+00 -1.5940454869e+00 -2.6022816145e+00 -5.5025350893e-01 -2.0978282657e+00  1.6813634543e+00 -1.4898466873e+00 -1.9547753363e-01 -1.0398841139e-01  5.2220604454e+00 -1.3323581571e+00 -3.2281063600e+00  2.1922538782e+00 -3.0006187939e+00 -7.3161889635e-01  4.1292989684e+00 -3.2215591545e+00 -2.1294996161e+00 -8.9514692496e-01 -2.7223049942e+00 -8.9480856303e-01 -3.5973198469e-01 -1.6184409380e+00 -6.1129485909e-02  3.1519534892e+00  5.0632476634e-03 -1.9611420342e+00  3.1556989283e+00 -4.7662102588e+00 -1.1682290172e+00  1.0234353357e+00  1.4793158784e-01 -5.9271991089e-01  5.2511028509e+00 -3.0220999268e+00 -4.5951676980e+00  5.9125155556e+00 -1.5229123075e+00 -5.2853701560e+00  4.1584587602e+00 -1.7224209467e+00 -5.0998749962e+00  6.7710944249e+00 -2.6692911099e+00 -2.4939787868e+00  6.6824143940e+00 -1.1359610817e+00 -1.6104739763e+00  7.3951138228e+00 -1.1788441733e+00 -3.2354719150e+00 -1.5588699051e+00 -2.4891840871e+00  1.8318510251e+00  1.9486947324e-01 -2.8747271068e+00  1.8627294178e+00 -3.4512822485e-01 -1.2248400719e+00  2.3013717795e+00 -2.4643139401e+00 -5.4451132042e-01  2.4096761700e-01 -1.1108133828e+00  6.0662920478e-01  5.3038860892e-01 -1.5513169035e+00  1.2220346096e-01 -1.1456456326e+00  5.0744090523e+00 -2.4798403856e-01 -3.3029706373e+00
ENERGY -9.735967800131e+02

JOB 19
COORDS  3.1771129743e+00 -1.1583541142e+00 -1.6856733337e+00  3.1458092822e+00 -3.8065553031e+00 -1.4902379048e+00  2.1932374385e+00 -1.8116418567e+00 -9.0518267962e-01  4.1259162689e+00 -1.9343045000e+00 -2.3380140182e+00  1.2087450137e+00 -1.0565733784e+00 -1.7415204476e-01  5.1001357680e+00 -1.7915916858e+00 -4.6475179491e+00  6.6037169515e+00 -1.6483751705e+00 -2.6080526747e+00 -6.7593402705e-01 -1.8097506314e+00  1.8726853294e+00 -1.4466637977e+00 -2.6856710231e-01 -2.9263435997e-01  5.2179047779e+00 -1.3169571732e+00 -3.1888601924e+00  2.2016957482e+00 -3.1638523471e+00 -8.0069937242e-01  4.1134132226e+00 -3.2845323174e+00 -2.2493797084e+00 -8.2131571710e-01 -2.9030545551e+00 -5.6253411585e-01 -3.3915505439e-01 -1.6656928011e+00  8.7550304385e-02  3.1855201936e+00 -7.5042448325e-02 -1.7777237624e+00  3.1305203509e+00 -4.8939912985e+00 -1.4131710827e+00  1.1784118100e+00  1.9849882646e-02 -3.1333310436e-01  5.2081923094e+00 -2.8785146445e+00 -4.7006822083e+00  5.8804405851e+00 -1.3318487609e+00 -5.2642523140e+00  4.1263795720e+00 -1.5263175059e+00 -5.0732941426e+00  6.7593857314e+00 -2.7308517386e+00 -2.5972444402e+00  6.7012994213e+00 -1.2807850569e+00 -1.5808428413e+00  7.3927576034e+00 -1.1879536686e+00 -3.2130549037e+00 -1.7227529843e+00 -2.0860048394e+00  2.0197261186e+00 -1.3766458562e-02 -2.5959382373e+00  2.2404371613e+00 -4.3073758036e-01 -8.5934857245e-01  2.3490934108e+00 -2.4510900875e+00 -5.3649415840e-01  4.0436923177e-02 -1.0951887930e+00  6.3433303079e-01  2.0962965661e-01 -1.4207678057e+00 -1.4657672903e-01 -1.3762443674e+00  5.0826994821e+00 -2.2854527484e-01 -3.1650955534e+00
ENERGY -9.735913136946e+02

JOB 20
COORDS  3.1992939483e+00 -1.0400681940e+00 -1.7441050696e+00  2.5748209039e+00 -3.5083720729e+00 -2.5017322071e+00  1.9507631859e+00 -1.6066918567e+00 -1.3943621256e+00  4.0837863864e+00 -1.8025068125e+00 -2.4955663331e+00  9.7400964125e-01 -8.5540873768e-01 -6.4797693828e-01  5.5457399995e+00 -1.2247044798e+00 -4.4514788377e+00  6.5659418127e+00 -2.1283450733e+00 -2.3105638099e+00 -2.8278618951e-02 -5.7943221472e-01  1.9220525968e+00 -1.7737561556e+00 -1.5570330125e+00 -1.1181336929e-01  5.4400474283e+00 -1.2731027291e+00 -2.9172568931e+00  1.6384181750e+00 -2.8611091351e+00 -1.8059410483e+00  3.7766876476e+00 -3.0632662120e+00 -2.8792060982e+00  1.8913365439e-01 -3.0370620659e+00  8.6139550313e-01 -4.5227408280e-02 -1.6346845645e+00  4.4382814303e-01  3.4628777127e+00 -3.4689792289e-02 -1.4251304739e+00  2.3204715377e+00 -4.5230503820e+00 -2.8090179447e+00  1.2588693873e+00  1.2436334749e-01 -2.7581217252e-01  5.4341957866e+00 -2.2291554382e+00 -4.8694241894e+00  6.5197240426e+00 -8.2564364656e-01 -4.7559391118e+00  4.7651412320e+00 -5.8870990075e-01 -4.8827387730e+00  6.4856588320e+00 -3.1613439531e+00 -2.6604892286e+00  6.5125892323e+00 -2.1356339430e+00 -1.2165190448e+00  7.5459285238e+00 -1.7351424063e+00 -2.6032049164e+00 -8.1804732013e-01 -9.2821557444e-01  2.5903081033e+00  9.5259252934e-01 -7.3942240436e-01  2.3705704682e+00 -1.7361995810e-01  4.6927126713e-01  1.6560564024e+00 -2.4153377199e+00 -2.0104626881e+00  6.4732602811e-01 -2.0412756111e+00 -5.1825870901e-01 -3.1297014728e-01 -1.7947842767e+00 -2.1385330572e+00 -1.0354492665e+00  5.5328883131e+00 -2.5080155968e-01 -2.5302825202e+00
ENERGY -9.735922361321e+02

JOB 21
COORDS  3.2757444055e+00 -9.7342305627e-01 -1.6631212126e+00  2.4620296493e+00 -3.3621754855e+00 -2.5041205679e+00  2.0066166782e+00 -1.4721908822e+00 -1.2934013442e+00  4.0823892888e+00 -1.7606864765e+00 -2.4752251055e+00  1.0843813875e+00 -7.1748257732e-01 -4.8467698931e-01  5.5203315810e+00 -1.1928442002e+00 -4.4516057698e+00  6.5394959067e+00 -2.2643505982e+00 -2.3887106112e+00 -2.0091956724e-01 -4.4112050969e-01  1.9220734590e+00 -1.5530189020e+00 -1.8090302130e+00 -2.3002316231e-01  5.4585441268e+00 -1.3060305848e+00 -2.9183565284e+00  1.5976347440e+00 -2.6870309786e+00 -1.7448461506e+00  3.6777770944e+00 -2.9793072315e+00 -2.9028909381e+00  4.2780398935e-01 -2.9102343258e+00  1.1269571084e+00  6.8124767489e-02 -1.5888841377e+00  5.4727385934e-01  3.6149584852e+00 -1.8707920662e-03 -1.3129525722e+00  2.1302279631e+00 -4.3427342511e+00 -2.8459350646e+00  1.4541236850e+00  1.7568860526e-01  1.1614462802e-02  5.3265906705e+00 -2.1665753413e+00 -4.9102669806e+00  6.5100865610e+00 -8.4735056248e-01 -4.7701896391e+00  4.7734198188e+00 -4.8529628741e-01 -4.8275070097e+00  6.3772059732e+00 -3.2714606954e+00 -2.7828248716e+00  6.5182518523e+00 -2.3204276028e+00 -1.2950514542e+00  7.5351961768e+00 -1.9250688041e+00 -2.6952298763e+00 -9.9964424345e-01 -8.5626573457e-01  2.5387334843e+00  7.3768492392e-01 -4.3586684243e-01  2.4767326964e+00 -4.5645384981e-01  5.5643188377e-01  1.5614336545e+00 -2.2047469878e+00 -2.3517771145e+00  4.5783804821e-01 -1.9556791536e+00 -8.3419300392e-01 -5.0818526107e-01 -1.3440092253e+00 -2.4053107436e+00 -1.1203850198e+00  5.6343619641e+00 -3.1198470509e-01 -2.4891397918e+00
ENERGY -9.735981274397e+02

JOB 22
COORDS  3.3593532736e+00 -9.7862565203e-01 -1.5588495935e+00  2.4370193492e+00 -3.3082624899e+00 -2.4526008139e+00  2.0958981553e+00 -1.4570690281e+00 -1.1443173611e+00  4.1021299614e+00 -1.7533858778e+00 -2.4402358617e+00  1.2370792193e+00 -7.1002514874e-01 -2.6493988386e-01  5.4567363779e+00 -1.1455401503e+00 -4.4626646915e+00  6.5440946490e+00 -2.3284415338e+00 -2.4975644841e+00 -3.8271942811e-01 -3.7080178109e-01  1.9043331111e+00 -1.3417130060e+00 -1.9179621432e+00 -3.2708682223e-01  5.4674977127e+00 -1.3194514638e+00 -2.9338567915e+00  1.6335192557e+00 -2.6447281822e+00 -1.6192222914e+00  3.6409146681e+00 -2.9418017067e+00 -2.8970733202e+00  4.5763062600e-01 -2.8514394195e+00  1.3791091585e+00  1.3435926896e-01 -1.5848400879e+00  6.6581164492e-01  3.7415683818e+00 -3.0165031303e-02 -1.1904741364e+00  2.0600512213e+00 -4.2644025265e+00 -2.8161438684e+00  1.6528086300e+00  1.2573622108e-01  2.9067980905e-01  5.2121209445e+00 -2.0940184532e+00 -4.9490889653e+00  6.4393018299e+00 -8.1460075199e-01 -4.8168195098e+00  4.7134458480e+00 -4.0289546774e-01 -4.7722112228e+00  6.3331376511e+00 -3.3135871745e+00 -2.9229228926e+00  6.5748449481e+00 -2.4288148922e+00 -1.4073519176e+00  7.5330818819e+00 -2.0042850046e+00 -2.8399327503e+00 -1.2266628081e+00 -8.0433391127e-01  2.4426038103e+00  4.6637117444e-01 -2.5561948214e-01  2.5789531129e+00 -6.5088483780e-01  5.7691908179e-01  1.4363926053e+00 -2.0534071435e+00 -2.4701294182e+00  2.8985762094e-01 -1.7487398405e+00 -9.7540665535e-01 -6.9486525112e-01 -9.7729368594e-01 -2.5322838190e+00 -1.1519373327e+00  5.6936495957e+00 -3.4914946330e-01 -2.4751097259e+00
ENERGY -9.736034898012e+02

JOB 23
COORDS  3.3862419495e+00 -1.0416698724e+00 -1.5135491848e+00  2.3971229578e+00 -3.3046273110e+00 -2.4966650893e+00  2.1277255233e+00 -1.5214155154e+00 -1.0796636487e+00  4.0869700209e+00 -1.7789829638e+00 -2.4575280665e+00  1.3292026936e+00 -7.9843217879e-01 -1.3110180652e-01  5.3906749378e+00 -1.0869765002e+00 -4.4868151387e+00  6.5154978958e+00 -2.3883180585e+00 -2.6200497678e+00 -5.8781595604e-01 -2.8557969304e-01  1.7308297943e+00 -1.2411750250e+00 -1.9650958654e+00 -4.8105708990e-01  5.4438930742e+00 -1.3410750893e+00 -2.9702056329e+00  1.6345582966e+00 -2.6785672223e+00 -1.5970978702e+00  3.5902203288e+00 -2.9340484697e+00 -2.9630682935e+00  2.8322726673e-01 -2.8132166946e+00  1.5239180512e+00  9.4253101291e-02 -1.5962458917e+00  6.8520927584e-01  3.7955231072e+00 -1.1903293759e-01 -1.1104159929e+00  1.9914982773e+00 -4.2340463278e+00 -2.8970484915e+00  1.7675250055e+00  2.4504646671e-03  4.5537749426e-01  5.1148299196e+00 -2.0044092842e+00 -5.0143277195e+00  6.3680490523e+00 -7.5395103521e-01 -4.8531154398e+00  4.6520193859e+00 -3.1694309026e-01 -4.7343677513e+00  6.2754976912e+00 -3.3463947877e+00 -3.0895708331e+00  6.5769148283e+00 -2.5462062219e+00 -1.5379964968e+00  7.4992327786e+00 -2.0618540071e+00 -2.9750688849e+00 -1.4427588057e+00 -7.1500241630e-01  2.2547887057e+00  1.9015321525e-01 -2.4569122553e-02  2.4497791954e+00 -8.7365121486e-01  5.7777865597e-01  1.1300659195e+00 -2.0446680045e+00 -2.4478671260e+00  7.8544002048e-02 -1.5646709778e+00 -1.0407964585e+00 -9.6090983464e-01 -7.9617633267e-01 -2.6467432429e+00 -1.2060288474e+00  5.7004657400e+00 -3.9996260164e-01 -2.4686951029e+00
ENERGY -9.736064072602e+02

