JOB 0
COORDS  3.7552351151e+00 -3.1352988171e-01  5.4325132943e+00  2.4571260369e+00 -7.1728660923e-01  5.5283838038e+00  7.0445758874e-01  4.2050283615e-01  2.2695938637e+00  2.7170430895e-01 -2.8926642407e-01  1.1874364907e+00  2.6305618636e+00  1.5065473334e+00  5.0890044279e+00 -8.6816789940e-01 -1.0099099727e+00  2.9493169053e+00 -1.4449562268e+00 -2.1227738863e+00  7.8390170594e-01  3.8415575286e+00  1.0527141920e+00  5.1611080270e+00  1.7032591982e+00  4.6054851695e-01  5.3244164120e+00 -2.1331305543e-02 -4.5307867317e-02  3.3586145378e+00 -7.0690065105e-01 -1.1707783416e+00  1.6331466218e+00 -6.0180316195e-01 -5.2139150946e-01  5.7845737655e+00 -3.1700123440e-01  1.9238731342e+00  5.0242394630e+00  7.0546778876e-02  5.3982197554e-01  5.0779511425e+00  4.6457883672e+00 -9.1448412419e-01  5.5617353282e+00  1.9845387347e+00 -1.6582340256e+00  5.7691330114e+00  1.4506618211e+00  1.1971367577e+00  2.3550704171e+00  5.7448351842e-01 -2.4434949741e-01  1.5082948122e-01  2.3033699096e+00  2.5257109192e+00  4.9256119334e+00 -1.5506537234e+00 -1.5520044857e+00  3.5889510802e+00 -7.3677186430e-01 -2.8022489634e+00  3.0782105763e-01 -2.1353590732e+00 -2.6912118612e+00  1.4058653817e+00 -2.0040795306e+00 -1.5694556178e+00  2.8123151716e-02
ENERGY -1.039545251806e+03

JOB 1
COORDS  3.8492186693e+00 -1.3746767930e-01  5.3802833429e+00  2.5887434495e+00 -6.4185040269e-01  5.4997829560e+00  8.8980066315e-01  1.8170684068e-01  2.3631138000e+00  4.1134900241e-01 -4.6058570246e-01  1.2577752146e+00  2.5804449725e+00  1.5965923933e+00  5.0954925063e+00 -9.3780778518e-01 -9.5722994750e-01  2.9465891097e+00 -1.5555888524e+00 -1.9927031793e+00  7.5384117384e-01  3.8239928655e+00  1.2352693490e+00  5.1294398259e+00  1.7423474741e+00  4.7777217400e-01  5.3332498435e+00  2.9500949707e-02 -1.3994732901e-01  3.4054693310e+00 -7.2550937229e-01 -1.1609633083e+00  1.6434261955e+00 -4.7379245706e-01 -6.7842506468e-01  5.8441048770e+00 -3.9492384787e-01  1.7855351696e+00  5.1127301644e+00  1.0231362980e-01  4.3588364548e-01  5.1347924129e+00  4.7861548918e+00 -6.7009133367e-01  5.4771365275e+00  2.1949992315e+00 -1.6205692603e+00  5.7319592007e+00  1.7525770094e+00  8.1906672397e-01  2.4936494446e+00  7.8281868147e-01 -4.8318658661e-01  2.4302134242e-01  2.1713139937e+00  2.5889518918e+00  4.9528124140e+00 -1.7351531690e+00 -1.3788783395e+00  3.5426508374e+00 -9.4035175906e-01 -2.7861526331e+00  3.2747800682e-01 -2.3671074389e+00 -2.4310857748e+00  1.3333795709e+00 -1.9683759689e+00 -1.3672978548e+00 -3.8904442162e-02
ENERGY -1.039544407962e+03

JOB 2
COORDS  3.8820890479e+00  3.5800826862e-02  5.3443789218e+00  2.6651101060e+00 -5.5782640904e-01  5.4988679471e+00  1.0049439530e+00 -6.7849468386e-02  2.4290741183e+00  4.9952400297e-01 -6.4476282851e-01  1.2993691648e+00  2.4827534982e+00  1.6645542118e+00  5.0445677790e+00 -1.0083389549e+00 -9.0187797377e-01  2.9040931774e+00 -1.6468468104e+00 -1.8617878140e+00  6.8282018907e-01  3.7501893892e+00  1.3969362667e+00  5.0637946897e+00  1.7346492287e+00  4.9253252693e-01  5.3226199280e+00  4.3478298046e-02 -2.3644260740e-01  3.4180376695e+00 -7.5261278292e-01 -1.1554629043e+00  1.6174010968e+00 -3.6944543508e-01 -8.3681671936e-01  5.8741576002e+00 -5.1130000957e-01  1.6255394470e+00  5.1585321939e+00  9.9638870810e-02  3.2283887112e-01  5.1596938933e+00  4.8577006204e+00 -4.2332926879e-01  5.4357566978e+00  2.3480285463e+00 -1.5574458032e+00  5.7581039528e+00  1.9459673999e+00  4.3207832630e-01  2.6069719743e+00  9.2353597738e-01 -7.3868883239e-01  3.0964386842e-01  1.9985382873e+00  2.6195607351e+00  4.8835821032e+00 -1.8966949431e+00 -1.1897974552e+00  3.4488516861e+00 -1.1341336344e+00 -2.7419931792e+00  2.9271087883e-01 -2.5457015122e+00 -2.1693611029e+00  1.2157994332e+00 -1.9167133018e+00 -1.1892063476e+00 -1.3253428980e-01
ENERGY -1.039543462908e+03

JOB 3
COORDS  3.9382285795e+00  2.2957675027e-01  5.3277041406e+00  2.7759645035e+00 -4.5405550953e-01  5.5248262589e+00  1.1004006320e+00 -3.2401110145e-01  2.4921390926e+00  5.6072381598e-01 -8.2209051826e-01  1.3406090070e+00  2.4079615316e+00  1.7224957652e+00  4.9635028186e+00 -1.0370952690e+00 -8.3094113154e-01  2.8749313045e+00 -1.7199972521e+00 -1.6922619042e+00  6.2619269866e-01  3.6930926707e+00  1.5597932669e+00  4.9817425707e+00  1.7614498054e+00  5.0823424967e-01  5.3049582726e+00  8.1540837636e-02 -3.3585215084e-01  3.4372893272e+00 -7.6799493169e-01 -1.1306716320e+00  1.6009589928e+00 -1.9957532813e-01 -9.9533075580e-01  5.9152693144e+00 -5.8707711466e-01  1.4400355735e+00  5.2094382834e+00  1.4345961522e-01  1.9993717373e-01  5.1892746848e+00  4.9489940846e+00 -1.4291047152e-01  5.4308784202e+00  2.5421466592e+00 -1.4620775377e+00  5.8352357767e+00  2.0985959278e+00  2.5658111238e-02  2.7104671099e+00  1.0075823134e+00 -9.8338405384e-01  3.6984127016e-01  1.8467343502e+00  2.6255768749e+00  4.7592355971e+00 -1.9864392877e+00 -9.6546101924e-01  3.3744151466e+00 -1.3356621394e+00 -2.6444562333e+00  2.5821464412e-01 -2.6788576454e+00 -1.8515400796e+00  1.1179518253e+00 -1.8440089022e+00 -9.9009427093e-01 -1.9937332488e-01
ENERGY -1.039542788970e+03

JOB 4
COORDS  3.0199389041e+00  2.7412071107e+00  4.6921929132e+00  1.6873657472e+00  2.4783823842e+00  4.8031749120e+00  1.0173755528e+00  3.5114302655e-02  2.4290323211e+00  4.5651798928e-01 -4.6440387204e-01  1.2883606399e+00  2.9625967441e+00  6.4254329031e-01  5.2364399360e+00 -9.6108031955e-01 -8.5368632401e-01  2.9470219397e+00 -1.7078780454e+00 -1.6627707088e+00  6.9965285645e-01  3.7849434190e+00  1.6033757865e+00  4.9554698632e+00  1.6271420128e+00  1.1135521169e+00  5.1731631664e+00  1.1424602676e-01 -2.2159656253e-01  3.4537753908e+00 -7.7156176292e-01 -1.0130872705e+00  1.6340349466e+00  5.5984957799e-01 -1.0723561033e+00  5.8670872340e+00 -8.9907714254e-01  9.9913562909e-01  5.4847940311e+00  2.6272873440e-01  1.8593135116e-01  5.2344207518e+00  3.4892928281e+00  3.6870408143e+00  4.4552120362e+00  7.9512429015e-01  3.0818704334e+00  4.7204937953e+00  1.9577084339e+00  5.4129134440e-01  2.5899832173e+00  8.2384018623e-01 -4.7324618569e-01  2.7194444687e-01  3.1905184702e+00 -3.7853488329e-01  5.5152015343e+00 -1.8283402441e+00 -1.1705454486e+00  3.5094320817e+00 -1.2187969072e+00 -2.5246675315e+00  2.4374990449e-01 -2.5881230446e+00 -1.9915335036e+00  1.2507265204e+00 -2.0033425029e+00 -9.4597644354e-01 -6.7659766488e-02
ENERGY -1.039542850196e+03

JOB 5
COORDS  2.8495438643e+00  2.8703177864e+00  4.6392713163e+00  1.5442861615e+00  2.4977992228e+00  4.7605522267e+00  1.1329457305e+00 -2.0107233337e-01  2.5059724979e+00  5.4208687212e-01 -6.2871420277e-01  1.3516880419e+00  2.9710849724e+00  8.0274519513e-01  5.2810713501e+00 -9.7856274569e-01 -7.5812816450e-01  2.9600642188e+00 -1.7626025834e+00 -1.4813511550e+00  6.9618471795e-01  3.7089083776e+00  1.8179778268e+00  4.9601491213e+00  1.5994649003e+00  1.1529187997e+00  5.1946725586e+00  1.6531642515e-01 -2.9484593638e-01  3.4987443786e+00 -7.6900995718e-01 -9.7141395096e-01  1.6578159395e+00  7.5070284930e-01 -1.1154606319e+00  5.9042877224e+00 -9.0636128320e-01  8.0602963770e-01  5.5448267213e+00  3.2451829241e-01  1.0698985164e-01  5.2763109058e+00  3.2363664992e+00  3.8411776261e+00  4.3586145094e+00  6.0441537473e-01  3.0184595055e+00  4.6485252761e+00  2.1343035433e+00  1.5668484840e-01  2.6970933082e+00  9.3817411887e-01 -7.1151131930e-01  3.4947529259e-01  3.2839132280e+00 -1.8044136485e-01  5.6096231570e+00 -1.9056731481e+00 -9.1449113594e-01  3.4937758548e+00 -1.4011467501e+00 -2.4185981279e+00  2.7093838503e-01 -2.7034515227e+00 -1.6553943236e+00  1.2168684337e+00 -1.9117392068e+00 -7.4158852865e-01 -9.1482974772e-02
ENERGY -1.039543575114e+03

JOB 6
COORDS  2.7015739191e+00  2.9373896499e+00  4.6205228636e+00  1.4291980040e+00  2.4667473358e+00  4.7503803407e+00  1.2121945864e+00 -4.7971888212e-01  2.5456653571e+00  5.9415644374e-01 -8.3164549225e-01  1.3806297705e+00  2.9833580741e+00  8.8840699180e-01  5.2677190705e+00 -9.7437872270e-01 -6.8165975729e-01  2.9417857176e+00 -1.7981740508e+00 -1.3181619537e+00  6.6631601377e-01  3.6404908656e+00  1.9549513107e+00  4.9388284825e+00  1.5883346949e+00  1.1325011487e+00  5.1891921953e+00  2.1369690180e-01 -3.9455293282e-01  3.5077388935e+00 -7.6382699406e-01 -9.5335938110e-01  1.6507987099e+00  9.3936032271e-01 -1.2015289809e+00  5.8775775409e+00 -8.7638023147e-01  5.8811217665e-01  5.5871919846e+00  3.9876047870e-01 -9.5372172066e-03  5.2806239819e+00  3.0116239493e+00  3.9338393595e+00  4.3344012470e+00  4.5246606849e-01  2.9155905075e+00  4.6437309142e+00  2.2517061486e+00 -2.8100756566e-01  2.7638349885e+00  1.0000396196e+00 -9.9818292743e-01  3.9282980002e-01  3.3716320517e+00 -6.5719906335e-02  5.6015301033e+00 -1.9272703838e+00 -6.7755978984e-01  3.4524767268e+00 -1.5745023721e+00 -2.3063127946e+00  2.6206990934e-01 -2.7681412340e+00 -1.3374855625e+00  1.1616902287e+00 -1.8100670790e+00 -5.7651295718e-01 -1.3354067997e-01
ENERGY -1.039544513633e+03

JOB 7
COORDS  2.5170787489e+00  3.0447041916e+00  4.6043516381e+00  1.2877766585e+00  2.4791762597e+00  4.7657914510e+00  1.2526954512e+00 -7.6776473030e-01  2.6095252357e+00  6.2112617197e-01 -1.0473707185e+00  1.4326564248e+00  2.9685048094e+00  1.0163300884e+00  5.2193371616e+00 -9.4796271028e-01 -5.7689453089e-01  2.9290883959e+00 -1.7957357220e+00 -1.1452778828e+00  6.4468197271e-01  3.5349561778e+00  2.1323341674e+00  4.8862790066e+00  1.5581049321e+00  1.1568621842e+00  5.1854023705e+00  2.5373349882e-01 -4.7777979000e-01  3.5301544857e+00 -7.4592522725e-01 -9.2453472821e-01  1.6553097028e+00  1.1080140305e+00 -1.2228434559e+00  5.8633731835e+00 -8.4649500692e-01  4.3315876400e-01  5.6284837828e+00  4.6010790609e-01 -7.3388319817e-02  5.2908668977e+00  2.7437399416e+00  4.0643055617e+00  4.3215632854e+00  2.7809341241e-01  2.8564406359e+00  4.6958039333e+00  2.3026759161e+00 -7.5096994797e-01  2.8635087623e+00  1.0230106103e+00 -1.3186174380e+00  4.6665731884e-01  3.4368624169e+00  9.2568838990e-02  5.5351758188e+00 -1.9005108931e+00 -4.0068533651e-01  3.4090436070e+00 -1.7315595436e+00 -2.1714857138e+00  2.8042315012e-01 -2.7698765350e+00 -9.8122313596e-01  1.1037602744e+00 -1.6553225111e+00 -4.4289017801e-01 -1.7804755316e-01
ENERGY -1.039545323765e+03

JOB 8
COORDS -3.5446133222e+00  1.0936002811e+00  6.2760029902e+00 -2.6784891386e+00  5.9604195602e-02  6.0821438222e+00 -7.0673606647e-01  6.9294425618e-01  2.5016802475e+00 -1.0202737996e+00  5.8611379655e-02  1.3351482822e+00 -1.6776176444e+00  2.0791227535e+00  5.7899598292e+00 -7.4781848156e-01 -1.5059996362e+00  2.8851096291e+00 -1.3210024102e+00 -2.3591066120e+00  6.0380317139e-01 -2.9128844881e+00  2.3244771171e+00  6.0918699820e+00 -1.4450929963e+00  6.8166127708e-01  5.7817448839e+00 -5.4116071141e-01 -3.0293384252e-01  3.4558958789e+00 -1.0387814845e+00 -1.3073121780e+00  1.5968969153e+00  9.8256043444e-01  8.8080749459e-01  5.1607843160e+00 -4.0045898312e-02 -1.4323205392e+00  5.6728563407e+00 -9.3998421044e-02 -7.2368983932e-02  5.1985921076e+00 -4.5870931936e+00  1.0382058952e+00  6.5608677910e+00 -2.7629753764e+00 -1.0124795491e+00  6.1826744984e+00 -5.7462843147e-01  1.7411007967e+00  2.7271887176e+00 -1.2245322460e+00  4.5678802891e-01  3.5130029610e-01 -8.7809888550e-01  2.7866757938e+00  5.6105006461e+00 -6.7406546701e-01 -2.4569216861e+00  3.3939558439e+00 -5.7907952221e-01 -2.3063877712e+00 -1.9415735016e-01 -1.2644317839e+00 -3.3316584727e+00  1.0911954878e+00 -2.3227205533e+00 -2.2099136333e+00  1.9852977433e-01
ENERGY -1.039545877832e+03

JOB 9
COORDS -3.5362786588e+00  9.0287761318e-01  6.3026011572e+00 -2.5728619876e+00 -4.7144367255e-02  6.1400801628e+00 -3.9005308990e-01  7.1097625167e-01  2.4340816286e+00 -7.6626871999e-01  6.9208245526e-02  1.2902694309e+00 -1.7902267945e+00  2.0436801055e+00  5.7188118581e+00 -8.1582957220e-01 -1.4239212155e+00  2.9311835816e+00 -1.4444910840e+00 -2.3038616012e+00  6.7490438283e-01 -3.0381374811e+00  2.1795698136e+00  6.0381992808e+00 -1.4152461692e+00  6.7984300019e-01  5.7784748075e+00 -4.3179250469e-01 -2.3954819948e-01  3.4466137510e+00 -1.0251259406e+00 -1.2564540423e+00  1.6230697693e+00  9.8180697814e-01  1.0720003680e+00  5.1263535551e+00  1.4536318591e-01 -1.3124500071e+00  5.6791275730e+00 -1.1217893446e-02  3.2814563657e-02  5.1873188020e+00 -4.5610864170e+00  7.5804486571e-01  6.6185299353e+00 -2.5428112185e+00 -1.1140648966e+00  6.3055133175e+00 -8.0452116181e-02  1.7305295856e+00  2.6124792753e+00 -8.6187483794e-01  4.3500095739e-01  2.7772392266e-01 -1.0734062768e+00  2.8185490377e+00  5.4790004775e+00 -9.0985727590e-01 -2.3455898725e+00  3.4878896735e+00 -6.7907417518e-01 -2.4180830111e+00 -9.3883011243e-02 -1.5638452125e+00 -3.2431364736e+00  1.2135396307e+00 -2.3947618965e+00 -2.0175264810e+00  2.2218679714e-01
ENERGY -1.039546017101e+03

JOB 10
COORDS -3.1158035348e+00  6.0808138543e-01  6.5771098647e+00 -1.9843131254e+00  1.1369760524e+00  6.0323024016e+00 -4.0434966431e-01  7.9136912195e-01  2.4539292829e+00 -7.8885904543e-01  1.6625880683e-01  1.3031825667e+00 -1.7786887072e+00 -1.0902076498e+00  6.4304190073e+00 -4.9722847934e-01 -1.4058959394e+00  2.8392318714e+00 -1.1977990423e+00 -2.2406228893e+00  5.8676081259e-01 -2.9713765018e+00 -7.5988277333e-01  6.8141255600e+00 -1.0887884742e+00  4.6029981411e-02  5.9464198512e+00 -2.3486950507e-01 -2.0983414494e-01  3.4023119229e+00 -8.3990793927e-01 -1.1986744399e+00  1.5658269705e+00  8.8306185363e-01  1.3613360813e+00  5.0613101358e+00  1.0247671285e+00 -1.2012653108e+00  5.3957872607e+00  3.3746902739e-01  3.0864413288e-02  5.1052551306e+00 -4.0282566682e+00  1.1271043268e+00  6.8396643890e+00 -1.6842857401e+00  2.1390939731e+00  5.7631815773e+00 -2.1857885417e-01  1.8315334948e+00  2.6794101783e+00 -1.0204679238e+00  5.6998217362e-01  3.2775617533e-01 -1.3005558909e+00 -2.0592050485e+00  6.4948923299e+00 -4.1508795186e-01 -2.3633048498e+00  3.3338071442e+00 -5.0152939340e-01 -2.1973714013e+00 -2.5181009217e-01 -1.1315602068e+00 -3.2164385930e+00  1.0663296236e+00 -2.2180975283e+00 -2.0711063919e+00  2.4006252272e-01
ENERGY -1.039545714839e+03

JOB 11
COORDS -3.1707702700e+00  4.0577524935e-01  6.5285590129e+00 -2.0885986011e+00  1.0252308829e+00  5.9783706479e+00 -1.8413034894e-01  7.9376793221e-01  2.3875259179e+00 -5.9836816747e-01  1.5781556542e-01  1.2529571503e+00 -1.6702579283e+00 -1.1552038444e+00  6.4587615778e+00 -6.3378920088e-01 -1.3330332346e+00  2.8950515889e+00 -1.3423512392e+00 -2.2004418666e+00  6.5779187363e-01 -2.8954435517e+00 -9.3182084891e-01  6.8166905135e+00 -1.0886388732e+00  2.7277600883e-02  5.9421947512e+00 -2.2520387420e-01 -1.5390846947e-01  3.4031937062e+00 -8.7220484209e-01 -1.1625978796e+00  1.5925485394e+00  7.8926155795e-01  1.4850478438e+00  5.0573149772e+00  1.1160199480e+00 -1.0548162334e+00  5.4106380596e+00  3.3930112690e-01  1.1925252157e-01  5.1084167764e+00 -4.1339617791e+00  8.4050256525e-01  6.7613627561e+00 -1.8874084029e+00  2.0408993707e+00  5.6705405558e+00  1.3864315225e-01  1.8091214216e+00  2.5676262585e+00 -7.1438490385e-01  5.2523719929e-01  2.4319730999e-01 -1.0972529259e+00 -2.0673906829e+00  6.5668658067e+00 -7.3470490273e-01 -2.2569141665e+00  3.4464022794e+00 -6.0811552578e-01 -2.3217272449e+00 -1.3974845988e-01 -1.4542102179e+00 -3.1402816042e+00  1.1970434191e+00 -2.3050881440e+00 -1.8993734807e+00  2.4254193985e-01
ENERGY -1.039545094943e+03

JOB 12
COORDS -3.1841552664e+00  2.3072192333e-01  6.4858147325e+00 -2.1608285136e+00  9.3793067210e-01  5.9280622330e+00  3.9030539269e-02  7.7654298189e-01  2.3275085440e+00 -4.0586993850e-01  1.1995389516e-01  1.2163475892e+00 -1.5378966517e+00 -1.1777172050e+00  6.4743676192e+00 -7.5423293248e-01 -1.2133921746e+00  2.9545029876e+00 -1.4754547414e+00 -2.1386518961e+00  7.4465886959e-01 -2.7836583145e+00 -1.0652816251e+00  6.8136949928e+00 -1.0690835514e+00  4.1755531175e-02  5.9281453700e+00 -2.0026505959e-01 -7.0271682091e-02  3.4033463230e+00 -8.9458193933e-01 -1.1139811135e+00  1.6303499282e+00  6.9998100461e-01  1.6449982150e+00  5.0461156705e+00  1.2251893992e+00 -8.5151869024e-01  5.4262236740e+00  3.5461724516e-01  2.4937865806e-01  5.1071755670e+00 -4.1879245989e+00  5.7536727366e-01  6.6970378377e+00 -2.0569157201e+00  1.9586430039e+00  5.5898746871e+00  4.9101857485e-01  1.7495226996e+00  2.4571815562e+00 -4.1490073455e-01  4.2057456926e-01  1.7825767042e-01 -8.7874775136e-01 -2.0255039335e+00  6.6132556344e+00 -1.0368586086e+00 -2.0612950359e+00  3.5621429676e+00 -7.3270220532e-01 -2.4293257624e+00  5.3964410706e-04 -1.7542824976e+00 -3.0069682896e+00  1.3404110894e+00 -2.3606957016e+00 -1.7302564008e+00  2.5527531569e-01
ENERGY -1.039544390126e+03

JOB 13
COORDS -3.2075890197e+00  1.1870805745e-01  6.3822372690e+00 -2.2567920109e+00  9.1290763158e-01  5.8126267143e+00  2.2493195802e-01  7.5683490423e-01  2.2137693654e+00 -2.4290178790e-01  5.9120798376e-02  1.1375960397e+00 -1.4237601431e+00 -1.1113757838e+00  6.4234788688e+00 -8.7743490455e-01 -1.0344006554e+00  2.9605118726e+00 -1.6026290708e+00 -2.0628451314e+00  7.9790464442e-01 -2.6788330444e+00 -1.1197587278e+00  6.7482262611e+00 -1.0787973438e+00  1.3467868208e-01  5.8450522514e+00 -1.9351230403e-01  6.1786982045e-02  3.3421564365e+00 -9.2567994679e-01 -1.0488356586e+00  1.6257644569e+00  5.4229401320e-01  1.8916231671e+00  4.9492476467e+00  1.3056334277e+00 -5.2545801046e-01  5.3918561930e+00  3.2959130330e-01  4.7129466370e-01  5.0389343238e+00 -4.2438338507e+00  3.6296108802e-01  6.5759620112e+00 -2.2551756665e+00  1.9290427744e+00  5.4456548963e+00  7.9343605468e-01  1.6732699351e+00  2.2842785875e+00 -1.5264760296e-01  2.5592619338e-01  7.8721745989e-02 -6.8220922929e-01 -1.8834175404e+00  6.5871859498e+00 -1.3215643379e+00 -1.7660649915e+00  3.6209778722e+00 -8.7291185751e-01 -2.5226236791e+00  1.3010029080e-01 -2.0321386979e+00 -2.8238797087e+00  1.4483198888e+00 -2.3947663696e+00 -1.5847946186e+00  2.1998396569e-01
ENERGY -1.039543739343e+03

JOB 14
COORDS -3.2177454373e+00 -5.6714390122e-02  6.3251699782e+00 -2.3363398834e+00  8.2281883637e-01  5.7690879529e+00  4.1846844806e-01  6.5787769080e-01  2.1862003648e+00 -7.2769152940e-02 -5.4828058007e-02  1.1307020468e+00 -1.3312795518e+00 -1.1236863963e+00  6.3773541022e+00 -9.8959328479e-01 -8.8432673301e-01  2.9733497669e+00 -1.7100529688e+00 -1.9789448173e+00  8.4191226450e-01 -2.5843708845e+00 -1.2462421472e+00  6.6879778498e+00 -1.0940958104e+00  1.5123138359e-01  5.8081048695e+00 -1.7628216662e-01  1.3030677223e-01  3.3259593556e+00 -9.4583094206e-01 -1.0067354846e+00  1.6434739812e+00  3.6091690802e-01  2.0530935081e+00  4.9200813971e+00  1.3565597454e+00 -2.6716771199e-01  5.3957088249e+00  2.8759485499e-01  6.1975561779e-01  5.0205224686e+00 -4.2731635846e+00  9.3403671752e-02  6.5112326474e+00 -2.4203396343e+00  1.8380072844e+00  5.4089053211e+00  1.1095718797e+00  1.4877436609e+00  2.2293624215e+00  1.1885997597e-01  3.6001304428e-02  7.0930840643e-02 -5.2641933772e-01 -1.8301065591e+00  6.5383989784e+00 -1.5835111858e+00 -1.4857267847e+00  3.6474030949e+00 -1.0144792447e+00 -2.5966743943e+00  2.7231241677e-01 -2.2944088270e+00 -2.6097013871e+00  1.5108019134e+00 -2.3782935738e+00 -1.4423581471e+00  1.6697593717e-01
ENERGY -1.039543091271e+03

JOB 15
COORDS -3.2394119876e+00 -2.4234032289e-01  6.3570806332e+00 -2.4423199241e+00  7.2295365838e-01  5.8159243915e+00  6.0908184450e-01  5.2223588598e-01  2.2755397095e+00  1.0148993311e-01 -1.7797645259e-01  1.2195793049e+00 -1.2655687060e+00 -1.1395760733e+00  6.3804626420e+00 -1.0938080455e+00 -7.1902914228e-01  3.0095822982e+00 -1.7905812200e+00 -1.8438130482e+00  8.8581697647e-01 -2.5016834205e+00 -1.3786511211e+00  6.6923119327e+00 -1.1450637897e+00  1.6099163820e-01  5.8355330174e+00 -1.5613236848e-01  1.7410323898e-01  3.3818705080e+00 -9.5567630633e-01 -9.4159253444e-01  1.6986611683e+00  8.5112557909e-02  2.2065879201e+00  4.9437177608e+00  1.3563527532e+00  4.3937177085e-02  5.4862667066e+00  1.9064193301e-01  7.7765812401e-01  5.0710619554e+00 -4.3027548507e+00 -1.8937921799e-01  6.5512090878e+00 -2.6152907239e+00  1.7347350206e+00  5.4784134261e+00  1.4241618357e+00  1.2294849412e+00  2.3352899949e+00  3.9795053519e-01 -1.9584783753e-01  1.8040798660e-01 -4.0224389663e-01 -1.7783198205e+00  6.5193368261e+00 -1.8344253695e+00 -1.1715291175e+00  3.6533259562e+00 -1.1574143704e+00 -2.6115480954e+00  4.3903786444e-01 -2.5351840007e+00 -2.3132436022e+00  1.5276900008e+00 -2.2903948926e+00 -1.2663329320e+00  1.0692009640e-01
ENERGY -1.039542470919e+03

JOB 16
COORDS -3.1347741835e+00 -4.4397205905e-01  6.4290310851e+00 -2.4528550001e+00  5.9017335500e-01  5.8583318749e+00  7.8308839826e-01  2.6339533969e-01  2.3078253966e+00  2.4343892116e-01 -4.0284283679e-01  1.2457273825e+00 -1.0917183613e+00 -1.1646413370e+00  6.3497149595e+00 -1.1698100793e+00 -6.0860839956e-01  2.9445051342e+00 -1.8765245858e+00 -1.7436086600e+00  8.2927192562e-01 -2.2854687122e+00 -1.5127755401e+00  6.7184541951e+00 -1.1109130947e+00  1.4253488551e-01  5.8108013600e+00 -1.1362955635e-01  1.1795670809e-01  3.3591507031e+00 -9.6889991864e-01 -9.3688653237e-01  1.6642262459e+00 -1.7498494245e-01  2.2769240291e+00  4.7997652984e+00  1.3912502234e+00  3.4647592362e-01  5.4312919056e+00  1.2919335958e-01  8.8521492600e-01  4.9991791230e+00 -4.1877445685e+00 -4.8454104257e-01  6.6758455017e+00 -2.7268377628e+00  1.5864521720e+00  5.5419960482e+00  1.7116618084e+00  8.0683672862e-01  2.4104507302e+00  6.1657461182e-01 -5.4356769053e-01  2.4120784368e-01 -1.7167242235e-01 -1.7284529948e+00  6.4397080063e+00 -2.0304415513e+00 -8.7684912102e-01  3.5409181208e+00 -1.3560586565e+00 -2.6440317156e+00  5.0010979369e-01 -2.7489534416e+00 -2.0217008406e+00  1.4194354346e+00 -2.1906424379e+00 -1.1528150467e+00 -3.2243908814e-02
ENERGY -1.039542391232e+03

JOB 17
COORDS  3.0412024169e+00 -1.3259572060e+00  5.7493909975e+00  1.7673786085e+00 -8.7375395416e-01  5.9302299299e+00 -8.3353478996e-01  1.1109395732e+00  2.3079650973e+00 -1.0411410663e+00  1.9609868528e-01  1.3162482384e+00  3.0009057643e+00  5.3582320190e-01  4.6410874157e+00  1.7751240504e-01 -7.9372386312e-01  2.8842020112e+00 -3.6146548520e-01 -2.2180913753e+00  8.9861826896e-01  3.7813630630e+00 -4.5201291628e-01  4.9523508605e+00  1.7271684698e+00  3.5419853362e-01  5.2249575596e+00 -6.0797987801e-02  4.7449957710e-01  3.2717081098e+00 -4.0359468996e-01 -9.7906409146e-01  1.6952187763e+00 -6.9976595537e-01  8.2952857950e-01  5.7721361862e+00  7.0064331299e-01  2.5711599051e+00  4.5098008566e+00  3.5837639880e-01  1.2237015404e+00  4.8807744154e+00  3.4896129230e+00 -2.2197211696e+00  6.1635041893e+00  9.2373780586e-01 -1.2168882478e+00  6.5118861409e+00 -1.1413234226e+00  2.1423323238e+00  2.4060979079e+00 -1.5778721863e+00  2.8185553282e-01  3.8209500782e-01  3.2363619918e+00  1.4129932730e+00  4.0516156956e+00  7.4930583509e-01 -1.5265886904e+00  3.4368995590e+00  1.4004299904e-01 -2.0190386036e+00 -4.9477183969e-02  1.9007514611e-01 -2.9774371410e+00  1.4516734444e+00 -1.3809164110e+00 -2.5633051167e+00  7.2142030730e-01
ENERGY -1.039542855762e+03

JOB 18
COORDS  3.1664012166e+00 -1.2455197015e+00  5.7228275089e+00  1.8600359566e+00 -9.0907398234e-01  5.9213392239e+00 -6.2479659377e-01  1.1220044427e+00  2.2505894055e+00 -8.5506055103e-01  2.2852076595e-01  1.2443777863e+00  2.9691409538e+00  6.5317733830e-01  4.6982956156e+00  2.5186237672e-02 -8.9926089049e-01  2.9399237044e+00 -5.0162577441e-01 -2.2673948688e+00  9.1205005256e-01  3.8298871576e+00 -2.7858215993e-01  4.9669232174e+00  1.7171050700e+00  3.4331086849e-01  5.2743416372e+00 -6.3111333742e-02  3.9744325262e-01  3.2952507697e+00 -4.4270683664e-01 -1.0201104562e+00  1.6945358681e+00 -7.4627317305e-01  5.5938751812e-01  5.8024886711e+00  4.9844906812e-01  2.4825326623e+00  4.6360280589e+00  2.7719171716e-01  1.0943741939e+00  4.9444108190e+00  3.6887753031e+00 -2.1158027099e+00  6.0984389142e+00  1.0522913692e+00 -1.3419934405e+00  6.4939570379e+00 -7.8963892006e-01  2.1880102615e+00  2.3171668696e+00 -1.2699268284e+00  3.7340953753e-01  2.5697743297e-01  3.1299250542e+00  1.5707709031e+00  4.1466133270e+00  4.2257949909e-01 -1.6961929463e+00  3.5528963141e+00  1.1841538199e-01 -2.1620386164e+00  2.0735750903e-02 -1.2774164063e-01 -3.0882267597e+00  1.5228664313e+00 -1.5371423391e+00 -2.4635174998e+00  6.3076043679e-01
ENERGY -1.039543434503e+03

JOB 19
COORDS  3.2650269273e+00 -1.1343274366e+00  5.7167388560e+00  1.9312015434e+00 -9.2586593387e-01  5.9062506908e+00 -4.1612413734e-01  1.1136730215e+00  2.2260173381e+00 -6.6973777948e-01  2.4962650793e-01  1.2001194268e+00  2.9176186982e+00  7.9790261389e-01  4.8017607291e+00 -1.5631177924e-01 -9.7147522990e-01  2.9797208931e+00 -6.7503090512e-01 -2.2763200577e+00  9.0877546500e-01  3.8529911342e+00 -6.8805425229e-02  5.0341924489e+00  1.6887580620e+00  3.4679684089e-01  5.3343201277e+00 -8.3716321756e-02  3.2910637328e-01  3.3244917799e+00 -5.0126640436e-01 -1.0399176055e+00  1.6913899336e+00 -7.9165120026e-01  3.1811219560e-01  5.8164362307e+00  3.0707919669e-01  2.3913918009e+00  4.7528680870e+00  1.9410048630e-01  9.7847372268e-01  5.0020288685e+00  3.8564138109e+00 -1.9763229907e+00  6.0521530437e+00  1.1584120714e+00 -1.4594701766e+00  6.4406423131e+00 -4.3434137740e-01  2.1927743350e+00  2.2805045577e+00 -9.5394541190e-01  4.3961902239e-01  1.7483827190e-01  3.0052193390e+00  1.7577302744e+00  4.3087276386e+00  3.5916945706e-02 -1.8099900134e+00  3.6335095341e+00  4.0756957660e-02 -2.2839584454e+00  8.5632862302e-02 -4.9791354164e-01 -3.1345355589e+00  1.5558632711e+00 -1.6946791666e+00 -2.3139795396e+00  5.2304557502e-01
ENERGY -1.039544124455e+03

JOB 20
COORDS  3.4138589742e+00 -1.0263203875e+00  5.6510960224e+00  2.0654578248e+00 -9.4020277755e-01  5.8306490987e+00 -1.6938279678e-01  1.0342722310e+00  2.1826456076e+00 -4.5144932870e-01  1.9021483143e-01  1.1478668699e+00  2.9165428145e+00  9.2043498989e-01  4.8427918393e+00 -2.9733927428e-01 -1.0457545762e+00  2.9835438263e+00 -8.1972592005e-01 -2.3128150979e+00  8.9008935074e-01  3.9183843875e+00  1.2292488856e-01  5.0408991969e+00  1.7231998128e+00  3.3869772655e-01  5.3302339941e+00 -6.4830015051e-02  2.3878367137e-01  3.3178360197e+00 -5.2590263859e-01 -1.0968863884e+00  1.6689694373e+00 -7.5027643859e-01  1.0430953684e-01  5.7935418279e+00  2.0399033431e-01  2.2858857936e+00  4.7972549995e+00  1.8629379709e-01  8.6200001556e-01  5.0053477753e+00  4.0697622249e+00 -1.8347725156e+00  5.9465714014e+00  1.3355305992e+00 -1.5680785382e+00  6.3206204595e+00 -4.3251081800e-02  2.1066530918e+00  2.2237040437e+00 -6.1018088070e-01  3.9326875911e-01  9.8270129618e-02  2.9289343759e+00  1.9126155746e+00  4.4100316185e+00 -3.1150859324e-01 -1.8822199215e+00  3.6671548834e+00 -4.5359238032e-02 -2.4504129381e+00  1.3418092258e-01 -8.3242847185e-01 -3.1705716985e+00  1.5614359850e+00 -1.7960730484e+00 -2.2057436044e+00  4.1555878289e-01
ENERGY -1.039544931203e+03

JOB 21
COORDS  3.5151029183e+00 -8.3792416892e-01  5.5953935520e+00  2.1614911484e+00 -8.8624024768e-01  5.7456658276e+00  4.2562237259e-02  9.5267671158e-01  2.1539133647e+00 -2.6381398585e-01  1.2475042139e-01  1.1133145140e+00  2.8564473307e+00  1.1050794705e+00  4.9012374353e+00 -4.6016832318e-01 -1.0605168217e+00  2.9789452577e+00 -9.7788576846e-01 -2.3043198525e+00  8.7084948747e-01  3.9231661358e+00  3.9074277393e-01  5.0739099755e+00  1.7118954713e+00  3.8560156094e-01  5.3197119503e+00 -7.7450240605e-02  1.8871305163e-01  3.3086996716e+00 -5.7314905404e-01 -1.1207035152e+00  1.6499163860e+00 -7.3897435357e-01 -5.4880632671e-02  5.7641449083e+00  5.6144198447e-02  2.2219707073e+00  4.8342025297e+00  1.3979882046e-01  7.9547153870e-01  5.0031147560e+00  4.2366613308e+00 -1.6020979327e+00  5.8531352169e+00  1.4837818150e+00 -1.6121167163e+00  6.1705561875e+00  3.1111554921e-01  1.9988084762e+00  2.1838643667e+00 -2.9717683533e-01  3.1470045904e-01  4.9851485760e-02  2.7856422705e+00  2.1223633320e+00  4.5381433614e+00 -6.6393337267e-01 -1.8589912809e+00  3.6779419981e+00 -1.7264821349e-01 -2.5758228106e+00  1.8688244360e-01 -1.1716868619e+00 -3.1300914131e+00  1.5543417385e+00 -1.8855386306e+00 -2.0714773757e+00  3.1238027032e-01
ENERGY -1.039545666835e+03

JOB 22
COORDS  3.5894585172e+00 -5.9484527304e-01  5.5258680049e+00  2.2418785982e+00 -7.5392822320e-01  5.6518706052e+00  2.5000684790e-01  8.7904125594e-01  2.1379736281e+00 -8.3385048321e-02  5.3666220650e-02  1.1039369722e+00  2.7927239856e+00  1.3300785686e+00  4.9339605892e+00 -6.2125381719e-01 -9.9439179694e-01  2.9845769833e+00 -1.1328768440e+00 -2.2528805405e+00  8.8346904239e-01  3.9086802504e+00  6.8955013509e-01  5.0828176942e+00  1.7014235210e+00  5.0150146776e-01  5.2897949357e+00 -9.1112331296e-02  2.0289118566e-01  3.3028817130e+00 -6.2351728175e-01 -1.1043691864e+00  1.6538216074e+00 -7.1844069496e-01 -9.1615300481e-02  5.7492571997e+00 -6.0458313818e-02  2.2411702177e+00  4.8483151651e+00  1.0431822043e-01  8.1953372331e-01  4.9948079332e+00  4.3640580722e+00 -1.3170467082e+00  5.7481953001e+00  1.6168802093e+00 -1.5555219347e+00  6.0171209302e+00  6.6970704357e-01  1.8744433385e+00  2.1504829681e+00  7.3868136611e-03  1.9256800555e-01  3.5918382415e-02  2.6480880754e+00  2.3598881289e+00  4.6333919364e+00 -9.9651130969e-01 -1.7187263921e+00  3.6936551434e+00 -3.2710337008e-01 -2.6576271925e+00  2.6965089705e-01 -1.4842380163e+00 -3.0169375084e+00  1.5758390785e+00 -1.9592558179e+00 -1.9229669313e+00  2.5236773195e-01
ENERGY -1.039546022482e+03

JOB 23
COORDS  3.6963021049e+00 -4.5405049067e-01  5.4583536551e+00  2.3686428252e+00 -7.4258218003e-01  5.5636320634e+00  4.9550296790e-01  6.6498003675e-01  2.1780496916e+00  1.1414290574e-01 -1.1497708605e-01  1.1255894581e+00  2.7294037038e+00  1.4315005113e+00  5.0085454729e+00 -7.3872058190e-01 -1.0215880650e+00  2.9628373500e+00 -1.2795357726e+00 -2.2231466385e+00  8.3582663889e-01  3.8981521653e+00  8.8391968617e-01  5.1163300118e+00  1.7170030899e+00  4.8206132976e-01  5.2920127075e+00 -4.7902785182e-02  8.0486139430e-02  3.3150899880e+00 -6.5302266349e-01 -1.1564099819e+00  1.6368955192e+00 -6.5187565175e-01 -3.1066502531e-01  5.7492362614e+00 -1.7768450746e-01  2.0895888065e+00  4.9226384312e+00  9.7862397120e-02  6.8126561876e-01  5.0203698149e+00  4.5328254290e+00 -1.1190350102e+00  5.6286303048e+00  1.8183140513e+00 -1.6250459696e+00  5.8551756223e+00  1.0809153060e+00  1.5721196022e+00  2.2143480830e+00  3.1669608848e-01 -1.7218070338e-02  6.8404157992e-02  2.4908680947e+00  2.4646717141e+00  4.7900326628e+00 -1.2727727428e+00 -1.6661119103e+00  3.6469547511e+00 -5.0387036154e-01 -2.7693897871e+00  2.9745291715e-01 -1.8097543622e+00 -2.9023653027e+00  1.5022647617e+00 -1.9839392811e+00 -1.7763452124e+00  1.3282913582e-01
ENERGY -1.039545847026e+03

