JOB 0
COORDS  5.9444750382e-01  1.2936409883e+00 -1.6403246682e+00  3.4962666319e-01  1.5699615413e+00 -3.0178601646e+00 -3.6512647072e-01  6.8452125108e-01 -8.8449402576e-01 -8.6163077925e-01  1.2175081016e+00 -3.5360047815e+00 -1.6543755989e+00  2.7864022711e-01 -1.4221601379e+00 -4.2151320992e+00  1.2194433582e+00 -3.6442596388e+00 -4.3680630266e+00 -1.0651595630e-01 -2.9286872930e+00 -3.0465483106e+00  2.5846656262e-01 -3.5446026470e+00 -1.8484310801e+00  6.1426969275e-01 -2.7930973769e+00 -2.5156022362e+00 -3.0392509785e-01 -7.5712200471e-01  1.5482901274e+00  1.5664274138e+00 -1.1945509549e+00  1.0906085764e+00  2.0460140771e+00 -3.6495862893e+00 -2.1204855478e-01  4.4928809342e-01  1.6349902084e-01 -1.1217070032e+00  1.4093127999e+00 -4.5721809071e+00 -4.6725748304e+00  1.3660828135e+00 -4.6186171742e+00 -4.1629998182e+00  2.1074998289e+00 -3.0213309313e+00 -4.4417208797e+00 -9.7061868981e-02 -1.8513786542e+00 -4.9157641175e+00 -9.0142199075e-01 -3.4262069049e+00 -2.7872361856e+00 -2.7925656354e-01 -4.4526654595e+00
ENERGY -4.402844938003e+02

JOB 1
COORDS  5.4479238089e-01  1.3365014152e+00 -1.6204260525e+00  2.6784216786e-01  1.7012637040e+00 -2.9723094849e+00 -3.6321206458e-01  6.1165446786e-01 -9.0318187375e-01 -9.3442394857e-01  1.3340754027e+00 -3.5012476803e+00 -1.6206549788e+00  1.5049663636e-01 -1.4709966765e+00 -4.1614407193e+00  1.2171683524e+00 -3.8318117828e+00 -4.3933020544e+00  8.6758201037e-02 -2.8493555123e+00 -3.0607135927e+00  2.2282943300e-01 -3.5210150551e+00 -1.8824161144e+00  6.4511645733e-01 -2.7835897456e+00 -2.4072587406e+00 -6.0040355532e-01 -8.9025440036e-01  1.4874618833e+00  1.6311216736e+00 -1.1646834461e+00  9.7814236096e-01  2.2566664838e+00 -3.5737978770e+00 -1.7366920463e-01  2.9749106392e-01  1.1786228787e-01 -1.2254171432e+00  1.5892277964e+00 -4.5154965716e+00 -4.6154884004e+00  1.1743225914e+00 -4.8176433259e+00 -4.0488202401e+00  2.2159156301e+00 -3.4203202108e+00 -4.4470307280e+00  3.3263123620e-01 -1.7974369805e+00 -5.0060776862e+00 -7.5633213167e-01 -3.1512914654e+00 -2.8267880986e+00 -5.1130730025e-01 -4.2887343248e+00
ENERGY -4.402868607241e+02

JOB 2
COORDS  5.2707922788e-01  1.2809470538e+00 -1.6143190327e+00  1.9927625980e-01  1.7557730232e+00 -2.9199384942e+00 -3.2087684619e-01  4.3983913660e-01 -9.5093712288e-01 -9.9139676816e-01  1.3700543432e+00 -3.4638832139e+00 -1.5640578850e+00 -3.2394131803e-02 -1.5375627645e+00 -4.0900314056e+00  1.1416138983e+00 -3.9412916547e+00 -4.3932684085e+00  1.7431225994e-01 -2.8146206502e+00 -3.0628517216e+00  1.2027593646e-01 -3.5017156028e+00 -1.8764082504e+00  5.6158773995e-01 -2.7955627593e+00 -2.3094044019e+00 -8.7118945012e-01 -1.0269119183e+00  1.4620167744e+00  1.5866255939e+00 -1.1499160975e+00  8.6322815315e-01  2.4080910272e+00 -3.4752575270e+00 -8.9414088504e-02  4.5739537006e-02  3.3060385485e-02 -1.3187791565e+00  1.6972512500e+00 -4.4455217123e+00 -4.5601296982e+00  9.9621016875e-01 -4.9094344866e+00 -3.9067798193e+00  2.1779232143e+00 -3.6726722498e+00 -4.4081521991e+00  5.6505035126e-01 -1.8044172327e+00 -5.0736596542e+00 -6.5165190550e-01 -2.9922141425e+00 -2.8811071072e+00 -7.2909769512e-01 -4.1561746654e+00
ENERGY -4.402891604588e+02

JOB 3
COORDS  5.0833230605e-01  1.2859658414e+00 -1.6139417406e+00  1.2630297872e-01  1.8386612139e+00 -2.8725353319e+00 -2.7746142200e-01  3.5306210675e-01 -9.9650363675e-01 -1.0526947056e+00  1.4270647671e+00 -3.4258602915e+00 -1.5124539018e+00 -1.2929753516e-01 -1.5879301893e+00 -4.0351301365e+00  1.0871634535e+00 -4.0416851046e+00 -4.4018179985e+00  3.0813684762e-01 -2.7947931522e+00 -3.0795732132e+00  6.9135131929e-02 -3.4628073315e+00 -1.8690913477e+00  5.1800466182e-01 -2.8058793845e+00 -2.2277602311e+00 -1.0187879697e+00 -1.1208179795e+00  1.4363852203e+00  1.6073460733e+00 -1.1463717938e+00  7.4134691210e-01  2.5671783133e+00 -3.3879665946e+00 -4.5028905930e-03 -9.4027343555e-02 -4.6379382491e-02 -1.4123330998e+00  1.8008189714e+00 -4.3784395791e+00 -4.5188488107e+00  8.4035600647e-01 -4.9819846931e+00 -3.7951015138e+00  2.1389865519e+00 -3.9175583262e+00 -4.3817771156e+00  8.3856041192e-01 -1.8492220755e+00 -5.1402766737e+00 -4.8386292497e-01 -2.8584256548e+00 -2.9587983520e+00 -8.7518670964e-01 -3.9871063755e+00
ENERGY -4.402903133056e+02

JOB 4
COORDS  5.0275895758e-01  1.2763358327e+00 -1.6027300025e+00  6.0882025311e-02  1.9043134251e+00 -2.8040012277e+00 -2.1939398831e-01  2.5954146413e-01 -1.0412303080e+00 -1.1085942812e+00  1.4743050448e+00 -3.3661897965e+00 -1.4513761417e+00 -2.2486252343e-01 -1.6333769049e+00 -3.9943997793e+00  1.0035526750e+00 -4.1274359678e+00 -4.4032618229e+00  4.2966010296e-01 -2.7860456077e+00 -3.0953966806e+00  2.6468409452e-02 -3.4094661245e+00 -1.8555632789e+00  4.7367539097e-01 -2.8070542332e+00 -2.1360526160e+00 -1.1581216924e+00 -1.2056450323e+00  1.4260017202e+00  1.6078406222e+00 -1.1327784192e+00  6.2571557462e-01  2.7006114311e+00 -3.2746612763e+00  9.6613905800e-02 -2.4070909497e-01 -1.3182887560e-01 -1.4992573435e+00  1.8958111132e+00 -4.2849764304e+00 -4.4912433622e+00  6.4981667458e-01 -5.0256935191e+00 -3.7182602936e+00  2.0529895919e+00 -4.1523392424e+00 -4.3499260979e+00  1.0907622339e+00 -1.9272268455e+00 -5.1866235883e+00 -3.1946087061e-01 -2.7404258667e+00 -3.0332934008e+00 -9.8669622683e-01 -3.7945929656e+00
ENERGY -4.402902403663e+02

JOB 5
COORDS  5.1094106777e-01  1.2560449940e+00 -1.6058653751e+00 -3.4990279197e-03  1.9606557022e+00 -2.7322422618e+00 -1.4897935490e-01  1.6588430803e-01 -1.1084550293e+00 -1.1720056299e+00  1.5250717245e+00 -3.2939267964e+00 -1.3891147705e+00 -3.1061692953e-01 -1.6869535040e+00 -3.9688839446e+00  8.9857914969e-01 -4.2162586336e+00 -4.4088175339e+00  5.4910888690e-01 -2.8080182708e+00 -3.1163315988e+00  1.0641507500e-03 -3.3564022497e+00 -1.8507051054e+00  4.4443274844e-01 -2.8043383458e+00 -2.0392191502e+00 -1.2835873412e+00 -1.2933858600e+00  1.4373295081e+00  1.5871692191e+00 -1.1419338440e+00  5.0875973207e-01  2.8179877987e+00 -3.1531338322e+00  2.1763312458e-01 -3.9151607087e-01 -2.5293909140e-01 -1.6031119463e+00  2.0033979663e+00 -4.1644995867e+00 -4.4750041933e+00  4.3043525113e-01 -5.0549958247e+00 -3.6678198975e+00  1.9244134594e+00 -4.4000310815e+00 -4.3261316551e+00  1.3314521327e+00 -2.0598272294e+00 -5.2281181450e+00 -1.4630963182e-01 -2.6576567657e+00 -3.1043262699e+00 -1.0573127680e+00 -3.5912130200e+00
ENERGY -4.402893353208e+02

JOB 6
COORDS  5.4442927246e-01  1.2365876921e+00 -1.6200033429e+00 -5.3906999382e-02  2.0156392752e+00 -2.6510262173e+00 -5.2628181888e-02  8.4121310715e-02 -1.1881641940e+00 -1.2322300135e+00  1.5808290798e+00 -3.1927406648e+00 -1.3093752044e+00 -3.8373782942e-01 -1.7358869726e+00 -3.9251233976e+00  7.8535396582e-01 -4.2950004530e+00 -4.4037460415e+00  6.7585666412e-01 -2.8590050157e+00 -3.1282628224e+00 -5.7653420214e-03 -3.2924737961e+00 -1.8453889268e+00  4.3353480292e-01 -2.7751451994e+00 -1.9126695134e+00 -1.3993931480e+00 -1.3753356222e+00  1.4828901885e+00  1.5608429266e+00 -1.1760517066e+00  4.0236390588e-01  2.9276796167e+00 -3.0178820396e+00  3.7539402024e-01 -5.2976085922e-01 -4.0277751275e-01 -1.7218145588e+00  2.1215002675e+00 -3.9925887167e+00 -4.4375246390e+00  2.1067115444e-01 -5.0605722524e+00 -3.5833168683e+00  1.7565154174e+00 -4.6359017169e+00 -4.2936256838e+00  1.5606135946e+00 -2.2387096397e+00 -5.2611124523e+00  5.3183813960e-02 -2.6239572586e+00 -3.1609633581e+00 -1.0852119713e+00 -3.3693208251e+00
ENERGY -4.402882921301e+02

JOB 7
COORDS  5.5159210519e-01  1.2273070277e+00 -1.6293002350e+00 -1.3272034293e-01  2.0667726286e+00 -2.5537762497e+00  1.3714001719e-02  2.5078613554e-02 -1.2610287450e+00 -1.3274017275e+00  1.6358307433e+00 -3.0606406240e+00 -1.2598219918e+00 -4.4184195254e-01 -1.7699954230e+00 -3.8797104357e+00  6.6545133780e-01 -4.3595148814e+00 -4.4197056822e+00  8.0954454589e-01 -2.9470445919e+00 -3.1707700755e+00  1.8792481057e-03 -3.2104971593e+00 -1.8805897564e+00  4.3760411567e-01 -2.7068908478e+00 -1.8043910243e+00 -1.5049492493e+00 -1.4542631223e+00  1.5061334385e+00  1.5452130727e+00 -1.2161578199e+00  2.7028209515e-01  3.0231466669e+00 -2.8659786908e+00  5.0676777991e-01 -6.3665063908e-01 -5.5692004216e-01 -1.8848313260e+00  2.2314994554e+00 -3.7730150799e+00 -4.3959553402e+00  6.0140452148e-03 -5.0505906454e+00 -3.4568112541e+00  1.5456359778e+00 -4.8323486759e+00 -4.2831509157e+00  1.7747744045e+00 -2.4671157722e+00 -5.3234879875e+00  2.8020518392e-01 -2.6617353597e+00 -3.2555513274e+00 -1.0729641874e+00 -3.1230944476e+00
ENERGY -4.402878233912e+02

JOB 8
COORDS  5.6854230556e-01  1.2159893739e+00 -1.6605083343e+00 -1.9449706774e-01  2.1045365803e+00 -2.4708086692e+00  8.3261237951e-02 -2.4097150449e-02 -1.3500762904e+00 -1.4117789631e+00  1.6804739604e+00 -2.9257245473e+00 -1.2082688800e+00 -4.8931061073e-01 -1.8145130379e+00 -3.8226908207e+00  5.4737928940e-01 -4.3831988423e+00 -4.4165743038e+00  9.3100476340e-01 -3.0380612635e+00 -3.2171119412e+00  1.8460182894e-02 -3.1101647387e+00 -1.9153170291e+00  4.4534211784e-01 -2.6280397883e+00 -1.6969629720e+00 -1.5942482017e+00 -1.5554700271e+00  1.5417441778e+00  1.5273386721e+00 -1.2880238979e+00  1.6425607653e-01  3.0931231553e+00 -2.7325759721e+00  6.3834311828e-01 -7.2405707047e-01 -7.3469661049e-01 -2.0330268222e+00  2.3168693668e+00 -3.5454334549e+00 -4.3547524751e+00 -1.6466503341e-01 -5.0067041519e+00 -3.2923168035e+00  1.3128672733e+00 -4.9415837710e+00 -4.2502943961e+00  1.9474954911e+00 -2.6919321695e+00 -5.3656893392e+00  5.0021238881e-01 -2.7344069464e+00 -3.3654644858e+00 -1.0262259683e+00 -2.8736151017e+00
ENERGY -4.402879999876e+02

JOB 9
COORDS  5.6970392077e-01  1.1993871328e+00 -1.7023066013e+00 -2.5251324875e-01  2.1325496745e+00 -2.3962476972e+00  1.1979832747e-01 -6.8330648994e-02 -1.4571401958e+00 -1.4925904174e+00  1.7247754463e+00 -2.8017084676e+00 -1.1885770901e+00 -5.2235738488e-01 -1.8840666346e+00 -3.7946313272e+00  4.1464835155e-01 -4.3843010954e+00 -4.4285284428e+00  1.0134218937e+00 -3.1408723222e+00 -3.2796619742e+00  4.7094599170e-02 -3.0143704288e+00 -1.9620218128e+00  4.6293377887e-01 -2.5668435234e+00 -1.6400519944e+00 -1.6568028596e+00 -1.6941772209e+00  1.5599068394e+00  1.4987612489e+00 -1.3666399491e+00  7.7605376998e-02  3.1434554699e+00 -2.6051030620e+00  7.2092915338e-01 -8.0306405212e-01 -9.3220437970e-01 -2.1581671315e+00  2.3946405326e+00 -3.3340891068e+00 -4.3349828341e+00 -3.4376921259e-01 -4.9424052682e+00 -3.1767866867e+00  1.0680805765e+00 -4.9941193894e+00 -4.2515580332e+00  2.0655249244e+00 -2.9380646390e+00 -5.4067721549e+00  6.6109650421e-01 -2.8282476177e+00 -3.4903512805e+00 -9.4750650916e-01 -2.6461614948e+00
ENERGY -4.402880305512e+02

JOB 10
COORDS  5.9505246202e-01  1.1958723098e+00 -1.7314537391e+00 -2.7016298306e-01  2.1755777284e+00 -2.2964333085e+00  1.6368316439e-01 -9.1004481453e-02 -1.5638948614e+00 -1.5332550432e+00  1.7944809826e+00 -2.6557193465e+00 -1.1634229145e+00 -5.2009835533e-01 -1.9560511780e+00 -3.7547949526e+00  2.6102859080e-01 -4.3519186928e+00 -4.4109135885e+00  1.0778488442e+00 -3.2519534210e+00 -3.3129390771e+00  1.0589273487e-01 -2.9158655126e+00 -1.9848100655e+00  5.1492724839e-01 -2.4951256908e+00 -1.5968233884e+00 -1.6722708565e+00 -1.8502872849e+00  1.6027580379e+00  1.4746327706e+00 -1.4319646228e+00  4.3324570920e-02  3.2030744951e+00 -2.4397052032e+00  7.9800998564e-01 -8.6206590962e-01 -1.1397952072e+00 -2.2336293509e+00  2.5012170173e+00 -3.0838396222e+00 -4.3022892554e+00 -5.5581124101e-01 -4.8117899064e+00 -3.0763496793e+00  7.8839651071e-01 -5.0169850632e+00 -4.2214749571e+00  2.1460712744e+00 -3.2312415936e+00 -5.4104781328e+00  8.0669382391e-01 -2.9258712562e+00 -3.5903044445e+00 -8.1084137643e-01 -2.4133201662e+00
ENERGY -4.402878235411e+02

JOB 11
COORDS  5.9878728713e-01  1.1895174451e+00 -1.7543273732e+00 -2.9893149804e-01  2.2109958844e+00 -2.1769267406e+00  1.8319104306e-01 -1.1180070145e-01 -1.6843082733e+00 -1.5781352879e+00  1.8556658918e+00 -2.5058214840e+00 -1.1612188944e+00 -5.1142622465e-01 -2.0465680306e+00 -3.7315486861e+00  1.0745928760e-01 -4.3077295015e+00 -4.3770369260e+00  1.1233060190e+00 -3.3781733369e+00 -3.3477020395e+00  1.6265862467e-01 -2.8502204692e+00 -2.0133532899e+00  5.6209867118e-01 -2.4428051292e+00 -1.5912124279e+00 -1.6691881094e+00 -2.0303181847e+00  1.6201377356e+00  1.4482315348e+00 -1.4844398905e+00  1.9329800040e-03  3.2506300551e+00 -2.2336927247e+00  8.4299897702e-01 -9.1350375591e-01 -1.3699749846e+00 -2.3086433364e+00  2.5921097344e+00 -2.8155846557e+00 -4.3056969202e+00 -7.4660659515e-01 -4.6526211499e+00 -3.0040039906e+00  4.9028951334e-01 -5.0176229930e+00 -4.1336082377e+00  2.1684723821e+00 -3.5353006905e+00 -5.3997063689e+00  9.5779852484e-01 -3.0532971613e+00 -3.7025895671e+00 -6.5168588716e-01 -2.2312706910e+00
ENERGY -4.402881836642e+02

JOB 12
COORDS  6.0025287585e-01  1.2031719506e+00 -1.7575803274e+00 -3.2678321072e-01  2.2428106062e+00 -2.0566188024e+00  2.0401971947e-01 -1.0603652524e-01 -1.7799225278e+00 -1.6125848552e+00  1.8976585179e+00 -2.3703826718e+00 -1.1510851326e+00 -4.9340240055e-01 -2.1164656047e+00 -3.7180107241e+00 -2.8514923964e-02 -4.2325561941e+00 -4.3150011895e+00  1.1522100840e+00 -3.4828949875e+00 -3.3693257297e+00  2.1095881500e-01 -2.7879915545e+00 -2.0243170518e+00  5.9529553943e-01 -2.4061577391e+00 -1.5770205489e+00 -1.6513356533e+00 -2.1637780468e+00  1.6282809723e+00  1.4547601622e+00 -1.5066970009e+00 -4.1236557666e-02  3.2880023999e+00 -2.0321328373e+00  8.8556966594e-01 -9.2032469028e-01 -1.5575539320e+00 -2.3697481996e+00  2.6416334767e+00 -2.5848493811e+00 -4.3388534159e+00 -8.8687388013e-01 -4.4673606851e+00 -2.9495716549e+00  1.9882881379e-01 -4.9651058086e+00 -3.9835879411e+00  2.1414112025e+00 -3.7804416851e+00 -5.3559308862e+00  1.1081801791e+00 -3.1777181807e+00 -3.7965430346e+00 -4.8618484922e-01 -2.0759329945e+00
ENERGY -4.402891372015e+02

JOB 13
COORDS  5.7352864378e-01  1.2070010396e+00 -1.7418414660e+00 -3.7920929264e-01  2.2491193306e+00 -1.9373438295e+00  2.0173370870e-01 -1.0469515459e-01 -1.8522480855e+00 -1.6638705300e+00  1.9021616725e+00 -2.2512193938e+00 -1.1584303238e+00 -4.9420652514e-01 -2.1690897463e+00 -3.7389085845e+00 -1.7339197404e-01 -4.1385520025e+00 -4.2666375546e+00  1.1352416138e+00 -3.5781360606e+00 -3.4084430271e+00  2.3229862998e-01 -2.7293799567e+00 -2.0489864234e+00  5.9652275618e-01 -2.3843826597e+00 -1.5729722907e+00 -1.6532484260e+00 -2.2578950317e+00  1.6031588749e+00  1.4596142796e+00 -1.4985345710e+00 -1.1128924629e-01  3.2947118944e+00 -1.8395069008e+00  9.0346960201e-01 -9.1864314903e-01 -1.7035236036e+00 -2.4428000383e+00  2.6407992505e+00 -2.3986526939e+00 -4.4146479648e+00 -1.0114450595e+00 -4.2725021610e+00 -2.9357726910e+00 -1.0998203171e-01 -4.8657327755e+00 -3.8405310678e+00  2.0489505828e+00 -3.9799978428e+00 -5.3166859272e+00  1.2107142376e+00 -3.3127630971e+00 -3.8969355262e+00 -3.3204485412e-01 -1.9412306874e+00
ENERGY -4.402900731279e+02

JOB 14
COORDS  5.2229700397e-01  1.0339320084e+00 -1.5755859160e+00  3.3632763431e-01  4.0510692686e-01 -2.8423780234e+00 -5.2353443475e-01  1.6453197624e+00 -9.4161290623e-01 -9.1552864137e-01  4.1322040541e-01 -3.3894154652e+00 -1.8526261967e+00  1.6965008287e+00 -1.5223036530e+00 -4.4159427275e+00  2.6462507314e-01 -2.7465899167e+00 -3.8201817109e+00 -2.2860025439e-01 -4.0488645848e+00 -3.2852273968e+00  1.0191641975e+00 -3.3850541842e+00 -1.9810015824e+00  9.9471765563e-01 -2.7551345656e+00 -2.8236481184e+00  2.2817976574e+00 -1.0363506579e+00  1.5074406080e+00  1.0301992965e+00 -1.1144429225e+00  1.1543144232e+00 -7.1394732549e-02 -3.3701200257e+00 -4.0816064968e-01  2.1412970714e+00  1.6422088580e-02 -1.1350841548e+00 -4.0591942720e-02 -4.3494801408e+00 -5.3928802786e+00  7.3610577230e-01 -2.7506884733e+00 -4.1819836599e+00 -2.9396855919e-01 -1.8467863728e+00 -3.2172784632e+00 -1.1307803962e+00 -4.0081071393e+00 -4.3817909604e+00 -1.0185384709e-01 -4.9694907557e+00 -3.5279143269e+00  1.9800634651e+00 -3.8302942534e+00
ENERGY -4.402904134126e+02

JOB 15
COORDS  5.2868781601e-01  1.0313216077e+00 -1.5934503316e+00  3.6746143104e-01  4.9420274498e-01 -2.9058902069e+00 -5.4275975542e-01  1.5413876439e+00 -9.1587838559e-01 -8.8641902297e-01  4.8085655688e-01 -3.4452306096e+00 -1.8746506789e+00  1.5881533882e+00 -1.4945810277e+00 -4.4532266206e+00  3.7825182152e-01 -2.7655964527e+00 -3.8467756139e+00 -3.1216451830e-01 -3.9640388982e+00 -3.2600872114e+00  9.8599991381e-01 -3.4458083896e+00 -1.9812680503e+00  9.5045376135e-01 -2.7650421423e+00 -2.8554494320e+00  2.1195816816e+00 -9.6939962780e-01  1.5146092433e+00  1.0397330777e+00 -1.1340114369e+00  1.2048031574e+00  1.0046928782e-01 -3.4703147703e+00 -4.4694124374e-01  1.9729621867e+00  7.4939335246e-02 -1.0933910001e+00  8.2075937831e-02 -4.4329380965e+00 -5.4002258236e+00  8.9631115878e-01 -2.8736249815e+00 -4.2859575430e+00 -6.1368873233e-02 -1.7893682409e+00 -3.2805184892e+00 -1.2216305445e+00 -3.7853866231e+00 -4.3689658677e+00 -2.8084215892e-01 -4.9158050014e+00 -3.4228291773e+00  1.8926428729e+00 -4.0229963753e+00
ENERGY -4.402896898506e+02

JOB 16
COORDS  5.4394898848e-01  1.0404891756e+00 -1.6119020109e+00  3.9948244809e-01  6.0210462598e-01 -2.9627568648e+00 -5.4837359540e-01  1.4385640270e+00 -8.9555182728e-01 -8.5683535409e-01  5.6054685021e-01 -3.4922398382e+00 -1.8857245724e+00  1.4722689115e+00 -1.4663381915e+00 -4.4939509991e+00  5.0442779223e-01 -2.8013959752e+00 -3.8951290595e+00 -3.8447382175e-01 -3.8592819717e+00 -3.2334384756e+00  9.3616738201e-01 -3.4978859881e+00 -1.9757745330e+00  9.0615464347e-01 -2.7733309104e+00 -2.8729396713e+00  1.9405967269e+00 -8.9576819634e-01  1.5313418752e+00  1.0653641819e+00 -1.1562743800e+00  1.2512434451e+00  3.0337938157e-01 -3.5628099763e+00 -4.6915564024e-01  1.8017365313e+00  1.2376060478e-01 -1.0507326552e+00  2.2321213022e-01 -4.5056311777e+00 -5.3944760487e+00  1.0645986571e+00 -3.0311506921e+00 -4.4040620093e+00  2.0098596597e-01 -1.7665485270e+00 -3.3906020875e+00 -1.2882702950e+00 -3.5303491922e+00 -4.3745160588e+00 -4.5653550145e-01 -4.8314806328e+00 -3.3065454925e+00  1.7576709981e+00 -4.2060388888e+00
ENERGY -4.402876765465e+02

JOB 17
COORDS  5.6314189051e-01  1.0533071247e+00 -1.6240915665e+00  4.2488653817e-01  7.3991741263e-01 -3.0087511230e+00 -5.4406921792e-01  1.3021791375e+00 -8.6581447375e-01 -8.3444138996e-01  6.7667551645e-01 -3.5278312328e+00 -1.8930301971e+00  1.2886810701e+00 -1.4106871258e+00 -4.5572549027e+00  6.6211527225e-01 -2.8831737437e+00 -3.9578974410e+00 -4.5111323785e-01 -3.7019334434e+00 -3.2139412791e+00  8.6517261393e-01 -3.5333310030e+00 -1.9673266602e+00  8.9277031129e-01 -2.7788822479e+00 -2.8942986481e+00  1.5884575610e+00 -7.5507854392e-01  1.5529604316e+00  1.0996346521e+00 -1.1756473010e+00  1.2825022866e+00  5.5236368271e-01 -3.6444448457e+00 -4.7755757218e-01  1.5616435803e+00  1.8552832102e-01 -1.0163208022e+00  4.2703733852e-01 -4.5684600866e+00 -5.3786140935e+00  1.2318418847e+00 -3.3074461172e+00 -4.5818714748e+00  5.5513576912e-01 -1.8086123671e+00 -3.5533760080e+00 -1.3020115625e+00 -3.1617672868e+00 -4.3662594597e+00 -6.8164353302e-01 -4.6820474837e+00 -3.1846440134e+00  1.5328450550e+00 -4.3899721647e+00
ENERGY -4.402848778368e+02

JOB 18
COORDS  6.0298928215e-01  1.0947678566e+00 -1.6526951897e+00  4.7366416739e-01  8.9336396914e-01 -3.0572591277e+00 -5.1291065333e-01  1.1738817593e+00 -8.6916990578e-01 -7.8409512197e-01  8.1042003464e-01 -3.5805937388e+00 -1.8574950429e+00  1.0439412748e+00 -1.4029285469e+00 -4.5729006666e+00  8.6213779862e-01 -2.9823571967e+00 -4.0164015329e+00 -4.6889219269e-01 -3.4536313706e+00 -3.1785529845e+00  7.8665179181e-01 -3.5476906599e+00 -1.9208138401e+00  9.2551321721e-01 -2.8179515142e+00 -2.8744355455e+00  1.0275929362e+00 -7.0062419072e-01  1.5909494771e+00  1.1787439550e+00 -1.2058612016e+00  1.3359587559e+00  8.0746317482e-01 -3.7082079562e+00 -4.5684711167e-01  1.3120978514e+00  2.0541074556e-01 -9.5221781625e-01  6.5676986614e-01 -4.6414984359e+00 -5.2995720867e+00  1.3664865331e+00 -3.6135621939e+00 -4.6891690745e+00  9.9996603453e-01 -1.9184204278e+00 -3.7438636993e+00 -1.1725647512e+00 -2.6732722572e+00 -4.3767318446e+00 -9.1360548824e-01 -4.3767623093e+00 -3.0690794594e+00  1.2068659325e+00 -4.5424919477e+00
ENERGY -4.402842551964e+02

JOB 19
COORDS  5.7680746595e-01  1.1500460833e+00 -1.6586261702e+00  4.7649024048e-01  1.0237878948e+00 -3.0733562150e+00 -5.5087101654e-01  1.1122722086e+00 -8.8712805835e-01 -7.6801144977e-01  8.9577714643e-01 -3.6217442425e+00 -1.8741219011e+00  9.2571518349e-01 -1.4506391615e+00 -4.5594814672e+00  9.9829222466e-01 -3.0863405178e+00 -4.1128081704e+00 -4.3642364638e-01 -3.3251125862e+00 -3.1695909465e+00  7.1096150587e-01 -3.5929612251e+00 -1.9158024907e+00  8.9788864881e-01 -2.8699781722e+00 -2.9026777815e+00  7.8954789801e-01 -7.7699201326e-01  1.5525389108e+00  1.2690295699e+00 -1.1932960933e+00  1.3500969972e+00  1.0289938582e+00 -3.7147163628e+00 -5.1520855373e-01  1.1869263788e+00  1.9457951395e-01 -9.1144971751e-01  8.0044133742e-01 -4.6929404345e+00 -5.2307786139e+00  1.4604700492e+00 -3.8052016039e+00 -4.6820469458e+00  1.2990524797e+00 -2.0565379585e+00 -3.9309100070e+00 -1.0225905670e+00 -2.4314952033e+00 -4.4907414907e+00 -9.8593437371e-01 -4.1824254072e+00 -3.0164003303e+00  9.4899622460e-01 -4.6401782949e+00
ENERGY -4.402857537587e+02

JOB 20
COORDS  5.9004429302e-01  1.1964753492e+00 -1.6449827375e+00  4.9955728396e-01  1.1490120773e+00 -3.0645792675e+00 -5.3522757565e-01  1.0520970710e+00 -8.8181502916e-01 -7.3295745420e-01  9.6802578749e-01 -3.6262286291e+00 -1.8471183035e+00  8.3985104935e-01 -1.4599853730e+00 -4.4865092467e+00  1.0915312555e+00 -3.1568631051e+00 -4.1657487486e+00 -3.9290547479e-01 -3.2326377688e+00 -3.1226490734e+00  6.3118886947e-01 -3.6077267674e+00 -1.8754740861e+00  8.3652191972e-01 -2.8798000283e+00 -2.8810224071e+00  6.6997376793e-01 -8.0122106854e-01  1.5564158724e+00  1.3450845472e+00 -1.1687942311e+00  1.3710695236e+00  1.2523510447e+00 -3.7004274730e+00 -5.0621274149e-01  1.0759958676e+00  2.0237311507e-01 -8.6747417878e-01  9.2538073544e-01 -4.7019276779e+00 -5.1164588781e+00  1.5358269247e+00 -3.9226928272e+00 -4.5815091367e+00  1.5056836984e+00 -2.1627592292e+00 -4.0539224171e+00 -8.9634298021e-01 -2.2809339422e+00 -4.5774494820e+00 -9.8903749106e-01 -4.0422789525e+00 -2.9378709428e+00  7.3003034827e-01 -4.6716510651e+00
ENERGY -4.402868413851e+02

JOB 21
COORDS  5.7548445891e-01  1.2197420672e+00 -1.6360564281e+00  4.7230137326e-01  1.2514039838e+00 -3.0551769123e+00 -5.3194489121e-01  9.6762971499e-01 -8.7485308814e-01 -7.4990268255e-01  1.0128406873e+00 -3.6178822370e+00 -1.8390467816e+00  7.3281330452e-01 -1.4553808910e+00 -4.4370102022e+00  1.1373668985e+00 -3.2197714680e+00 -4.2461155366e+00 -3.6743674626e-01 -3.1538573174e+00 -3.1132623821e+00  5.2172088605e-01 -3.6067438232e+00 -1.8700455432e+00  7.4123625741e-01 -2.8751025106e+00 -2.8692355659e+00  5.4142410131e-01 -7.9679921870e-01  1.5360176443e+00  1.3993200393e+00 -1.1587346869e+00  1.3266421948e+00  1.4560548002e+00 -3.6898079093e+00 -4.9607338387e-01  9.4237227066e-01  2.0911529117e-01 -8.9161642688e-01  1.0212064241e+00 -4.6934334115e+00 -5.0292893839e+00  1.5669817692e+00 -4.0228828366e+00 -4.4907410109e+00  1.6466207536e+00 -2.2660292856e+00 -4.1921581610e+00 -7.9738181281e-01 -2.1635198801e+00 -4.6968043596e+00 -9.9024700517e-01 -3.9218897145e+00 -2.9075786064e+00  4.9479599864e-01 -4.6708807956e+00
ENERGY -4.402868243555e+02

JOB 22
COORDS  5.9886936754e-01  1.2413776261e+00 -1.6506669502e+00  4.6347334688e-01  1.3498411127e+00 -3.0637656465e+00 -4.7550862697e-01  8.7905088452e-01 -8.8742262618e-01 -7.4953819481e-01  1.0552679395e+00 -3.6184433303e+00 -1.7823966857e+00  6.1208904109e-01 -1.4568504449e+00 -4.3425470872e+00  1.1688581698e+00 -3.3152620170e+00 -4.2829607840e+00 -3.3006057758e-01 -3.1031541549e+00 -3.0682483619e+00  4.0933112015e-01 -3.6117214007e+00 -1.8301875998e+00  6.4985921569e-01 -2.8760580331e+00 -2.7947994254e+00  3.7685487027e-01 -7.8602413000e-01  1.5559071451e+00  1.4540249693e+00 -1.1799373196e+00  1.2871622848e+00  1.6536349476e+00 -3.6992327667e+00 -4.1844627833e-01  8.0191635975e-01  1.9319407256e-01 -9.1485513386e-01  1.1145189170e+00 -4.6890836001e+00 -4.8925637980e+00  1.5747629763e+00 -4.1595074337e+00 -4.3524418490e+00  1.7708954908e+00 -2.4137443114e+00 -4.2853653712e+00 -6.7621253004e-01 -2.0804549557e+00 -4.7685908788e+00 -9.7672471363e-01 -3.8293147128e+00 -2.8442874770e+00  2.5343885517e-01 -4.6612018968e+00
ENERGY -4.402857350142e+02

JOB 23
COORDS  5.8200556693e-01  1.2729988350e+00 -1.6564591838e+00  3.9751605972e-01  1.4547764041e+00 -3.0573516845e+00 -4.4403754866e-01  7.9819720808e-01 -8.9013279134e-01 -8.1090248425e-01  1.1179832053e+00 -3.5951172656e+00 -1.7498583254e+00  4.7637192455e-01 -1.4384041663e+00 -4.2886512365e+00  1.2110962161e+00 -3.4598287809e+00 -4.3547081535e+00 -2.4234680864e-01 -3.0432729352e+00 -3.0694871058e+00  3.2238812526e-01 -3.5962479294e+00 -1.8446149792e+00  6.0320492765e-01 -2.8510455313e+00 -2.7141252535e+00  1.2734831860e-01 -7.4825023784e-01  1.5375314243e+00  1.5183882548e+00 -1.1987113886e+00  1.1814066559e+00  1.8465389686e+00 -3.6950780147e+00 -3.4932192190e-01  6.5858258091e-01  1.8154553000e-01 -1.0159270679e+00  1.2333155995e+00 -4.6543763082e+00 -4.7857504334e+00  1.5402039592e+00 -4.3678704849e+00 -4.2646454254e+00  1.9377579741e+00 -2.6537050955e+00 -4.4096657957e+00 -4.5365689019e-01 -1.9865542257e+00 -4.8687313031e+00 -9.4014530051e-01 -3.6989643498e+00 -2.8225298496e+00  2.0435524087e-03 -4.6031498900e+00
ENERGY -4.402842972211e+02

