JOB 0
COORDS -2.6547816355e+00  1.7230673034e+00  6.0859545190e-02 -2.7307649047e+00  1.9366833335e+00  1.5960548348e+00 -1.1249498093e+00  6.7281005516e-01  1.0758087828e+00  8.0704104511e-01 -3.7241966326e-01 -8.4602534006e-03  1.8945051007e+00  7.4500689645e-01 -8.7153498659e-02 -1.6574975064e+00  9.5338601973e-01 -2.0774661221e-01 -1.7828824219e+00  1.2777697772e+00  2.1682649320e+00  6.2414761831e-01 -1.3611844964e+00 -5.8682745543e-01 -9.1644863506e-02 -1.7955545607e-02  1.2467549920e+00  2.6595126241e+00  6.6366840907e-01  9.9727521165e-01  2.6001746515e+00  5.6199573069e-01 -1.1850584442e+00  1.2776322065e+00  1.9368571304e+00 -1.1750757029e-01 -3.3097585126e+00  2.1460794497e+00 -6.9822482029e-01 -3.4446868674e+00  2.5539272843e+00  2.1376137276e+00
ENERGY -7.509702197158e+02

JOB 1
COORDS -2.6011212497e+00  2.1630365817e+00  6.7178448425e-01 -2.8231210927e+00  1.2365980532e+00  1.8969841917e+00 -1.4200774643e+00  4.1142593492e-01  5.5495906788e-01  6.5275785937e-01  1.4013840589e-01 -7.5070316756e-01  1.7086260835e+00  7.2034571025e-01  2.4663916166e-01 -1.7291772622e+00  1.6256358004e+00 -1.0932663982e-01 -2.0890155019e+00  1.8432873113e-01  1.7775356879e+00  6.5283169421e-01 -4.0563194791e-02 -1.8960121588e+00 -5.3795274759e-01 -3.8185117098e-01  1.4200808316e-01  1.0959542304e+00  1.6150748835e+00  1.0415848069e+00  2.1892892058e+00 -2.7572529112e-01  9.8224083215e-01  2.6605221510e+00  1.3029173732e+00 -4.5285879685e-01 -3.0728638594e+00  3.1240868811e+00  4.7690223870e-01 -3.4648918192e+00  1.4261517959e+00  2.7550565585e+00
ENERGY -7.509663967811e+02

JOB 2
COORDS -2.6501354978e+00  2.1654259947e+00  6.9474158796e-01 -2.7027452581e+00  1.2555886376e+00  1.9525929412e+00 -1.4496270939e+00  4.3907480615e-01  4.6429836301e-01  6.7373390472e-01  1.0918386826e-01 -8.0389207247e-01  1.6296730313e+00  7.1336903267e-01  2.8063155074e-01 -1.8603700613e+00  1.6356186065e+00 -1.7431573540e-01 -1.9637652972e+00  2.1717127301e-01  1.7605461849e+00  8.1583966870e-01 -1.2281481207e-01 -1.9309916637e+00 -6.1107190430e-01 -3.4888271633e-01 -4.7633525340e-02  9.4124406430e-01  1.6255371245e+00  9.9385548129e-01  2.0384654103e+00 -2.6162213969e-01  1.0816553058e+00  2.6417454571e+00  1.2855160393e+00 -3.3681477285e-01 -3.1670919447e+00  3.1107246408e+00  5.4215785514e-01 -3.2373269107e+00  1.4480717127e+00  2.8806900773e+00
ENERGY -7.509613600037e+02

JOB 3
COORDS -2.6991631739e+00  2.2071667210e+00  7.7141478406e-01 -2.6679516923e+00  1.2438122549e+00  1.9913752893e+00 -1.4758101085e+00  5.2076179022e-01  4.0564097330e-01  7.1329188770e-01 -2.4841408749e-02 -7.8481982977e-01  1.5732457378e+00  6.8501153376e-01  3.1812574995e-01 -1.9453957652e+00  1.7322828914e+00 -1.5902851587e-01 -1.9154537752e+00  2.3368273278e-01  1.7165385464e+00  9.9801342426e-01 -4.6541565721e-01 -1.8188466030e+00 -6.9665167893e-01 -2.5789091948e-01 -2.0868062974e-01  8.4403651080e-01  1.6693437019e+00  8.7882053549e-01  1.8895151442e+00 -2.1227753599e-01  1.2428383753e+00  2.6461354614e+00  1.1838055720e+00 -2.5709599244e-01 -3.2450413005e+00  3.1446137237e+00  6.8593484057e-01 -3.1648514816e+00  1.3796668669e+00  2.9499624522e+00
ENERGY -7.509568068608e+02

JOB 4
COORDS -2.7806101059e+00  2.2381743644e+00  8.4165164718e-01 -2.6584812671e+00  1.2324150333e+00  2.0226391799e+00 -1.5069070629e+00  6.2017282956e-01  3.6067479953e-01  6.9754379375e-01 -8.7062951921e-02 -7.8879750531e-01  1.5364921872e+00  6.6184467053e-01  3.0505525125e-01 -2.0524356098e+00  1.8276012819e+00 -1.3843235060e-01 -1.8738218840e+00  2.6886501580e-01  1.6791328421e+00  1.0135036726e+00 -6.4376928429e-01 -1.7550893142e+00 -7.6667831217e-01 -1.2287874623e-01 -3.3999680755e-01  8.3204714733e-01  1.7133645395e+00  7.6388779206e-01  1.7641365060e+00 -1.8552079581e-01  1.3012334680e+00  2.6585777783e+00  1.0700439271e+00 -2.4718888821e-01 -3.3663217833e+00  3.1548899306e+00  8.1542746801e-01 -3.1287446841e+00  1.3059612401e+00  3.0012696379e+00
ENERGY -7.509541548372e+02

JOB 5
COORDS -2.5169946425e+00  2.4273089388e+00  7.2526333583e-01 -2.7548679119e+00  1.2497931521e+00  1.7149581878e+00 -1.3762239524e+00  7.2816203408e-01  1.9952518834e-01  8.3978016243e-01 -3.9186646820e-01 -5.3220759547e-01  1.6515407755e+00  6.7870961819e-01  2.7730600623e-01 -1.6688411576e+00  2.0595023119e+00 -1.7318967362e-01 -2.0327367543e+00  2.4501603510e-01  1.3563688815e+00  1.1813269814e+00 -1.3154419381e+00 -1.1439599795e+00 -6.4091973852e-01 -1.5357884484e-02 -5.0727775427e-01  9.3420851345e-01  1.0671247466e+00  1.3484222635e+00  2.7856444890e+00  1.3338267605e-01  6.5967667990e-01  1.8565797494e+00  1.7233288997e+00 -5.1706593075e-01 -2.9681227633e+00  3.4171008606e+00  7.5849643193e-01 -3.4106119172e+00  1.2421820629e+00  2.5833429434e+00
ENERGY -7.509534711663e+02

JOB 6
COORDS -2.5961963650e+00  2.4171079480e+00  7.3837393723e-01 -2.7097779776e+00  1.2206719940e+00  1.7266496625e+00 -1.3431154755e+00  8.1681292252e-01  1.6453886823e-01  8.1726825720e-01 -3.8637645241e-01 -5.1463915739e-01  1.6785925674e+00  6.5844540403e-01  2.7867454878e-01 -1.7537173524e+00  2.1197735460e+00 -1.9125271326e-01 -1.9177141650e+00  2.8048098608e-01  1.3425638144e+00  1.1209795643e+00 -1.3552328101e+00 -1.0756841725e+00 -6.1975866483e-01  1.2473132990e-01 -6.0608490400e-01  9.3841807358e-01  1.1883205379e+00  1.2723213657e+00  2.7250438979e+00  3.4467117211e-02  7.7559214899e-01  2.0392235897e+00  1.6191164946e+00 -5.6280705404e-01 -3.1226673091e+00  3.3680033273e+00  7.9182096005e-01 -3.3470108505e+00  1.1507482596e+00  2.6059511334e+00
ENERGY -7.509547375689e+02

JOB 7
COORDS -2.6095186917e+00  2.3910137374e+00  7.1754583715e-01 -2.6284486001e+00  1.1529525164e+00  1.6578000884e+00 -1.2407003057e+00  9.1720750096e-01  7.9433986832e-02  8.6330355996e-01 -3.5116120028e-01 -4.8367804515e-01  1.7693445405e+00  6.7884729493e-01  2.7679297753e-01 -1.7532072340e+00  2.1945423575e+00 -2.2634756115e-01 -1.7650835725e+00  2.9379822435e-01  1.2393571364e+00  1.1075069553e+00 -1.3901056776e+00 -9.4083798241e-01 -4.9637934125e-01  3.0709416701e-01 -7.3959022679e-01  1.0344013544e+00  1.2987029008e+00  1.2227363238e+00  2.7644164408e+00  2.1625171247e-02  8.3307816961e-01  2.2073932946e+00  1.5756158378e+00 -5.9808670144e-01 -3.2079085795e+00  3.2954396695e+00  8.0804148953e-01 -3.2639342349e+00  9.9447040622e-01  2.5268375951e+00
ENERGY -7.509578886635e+02

JOB 8
COORDS -2.6941868089e+00  2.3823418074e+00  7.5308667287e-01 -2.6224313816e+00  1.1232104985e+00  1.6599822961e+00 -1.2383734505e+00  1.0202729752e+00  6.4421226137e-02  7.8068841176e-01 -3.5182546864e-01 -3.7510214829e-01  1.7906665259e+00  6.3098187024e-01  3.0926608047e-01 -1.8383780459e+00  2.2671356821e+00 -2.0439463572e-01 -1.7088953145e+00  3.3352507704e-01  1.2126770813e+00  8.7262499907e-01 -1.4638875527e+00 -6.9469827623e-01 -4.6444621917e-01  4.8457574111e-01 -7.7459995262e-01  1.1267640501e+00  1.3556485856e+00  1.2321884271e+00  2.7368087298e+00 -8.1572985344e-02  8.8338144451e-01  2.2874789869e+00  1.4419546223e+00 -6.1624444855e-01 -3.3511659647e+00  3.2416304880e+00  8.7206338125e-01 -3.2402737422e+00  8.9827905904e-01  2.5270669902e+00
ENERGY -7.509623296720e+02

JOB 9
COORDS -2.7942498021e+00  2.3720652765e+00  7.2976618460e-01 -2.6013578244e+00  1.1277381717e+00  1.6374496900e+00 -1.2298167255e+00  1.1447437533e+00  2.7424634981e-02  7.4359104453e-01 -2.7671053456e-01 -3.2846205894e-01  1.8495711317e+00  6.2062635765e-01  3.1750790776e-01 -1.9410044974e+00  2.3341295141e+00 -2.3546143825e-01 -1.6278876320e+00  4.1971607436e-01  1.1798500687e+00  6.8546268248e-01 -1.4081145111e+00 -5.7872259459e-01 -3.9455457978e-01  6.9858463674e-01 -7.9934780694e-01  1.2731636874e+00  1.4008004994e+00  1.2494594925e+00  2.7511395975e+00 -1.6488850380e-01  8.6934990702e-01  2.3857257304e+00  1.3811831468e+00 -6.3077661007e-01 -3.5256442276e+00  3.1680667967e+00  8.5403665970e-01 -3.1841567980e+00  8.5331604036e-01  2.5144824833e+00
ENERGY -7.509668970877e+02

JOB 10
COORDS -2.8878391460e+00  2.2787693493e+00  6.7906860085e-01 -2.5586938679e+00  1.0958541500e+00  1.6282524808e+00 -1.2102225709e+00  1.1957748405e+00  1.5663609760e-03  7.5311993961e-01 -2.3229908259e-01 -3.1091647215e-01  1.9344591151e+00  5.6796083734e-01  3.2193101295e-01 -2.0418926951e+00  2.2966708563e+00 -2.9276898209e-01 -1.5247092714e+00  4.7234065328e-01  1.1800689947e+00  5.7983617377e-01 -1.3535721131e+00 -5.5405681265e-01 -3.0436801675e-01  8.4224189067e-01 -7.9171904555e-01  1.4389393432e+00  1.3796743008e+00  1.2692087921e+00  2.7852036518e+00 -2.9042906545e-01  8.4713224584e-01  2.5084557878e+00  1.2931396878e+00 -6.3396495413e-01 -3.6979637260e+00  2.9976161168e+00  7.8359884929e-01 -3.0951241620e+00  8.0197271257e-01  2.5282565617e+00
ENERGY -7.509703481198e+02

JOB 11
COORDS -2.9846053657e+00  2.2188167757e+00  6.2805508471e-01 -2.5581736644e+00  1.1177556431e+00  1.6346775304e+00 -1.2156367297e+00  1.2538723385e+00  6.1810841683e-03  7.4504617668e-01 -1.7763395762e-01 -2.9517922469e-01  1.9992351456e+00  5.1427656655e-01  3.2013004170e-01 -2.1365457575e+00  2.2657524549e+00 -3.4064883773e-01 -1.4756858137e+00  5.6004825917e-01  1.2147205906e+00  4.6443237776e-01 -1.2733361631e+00 -5.5445461507e-01 -2.3988682601e-01  9.8841277864e-01 -7.3481897399e-01  1.5935786798e+00  1.3253378666e+00  1.3062600113e+00  2.8048045030e+00 -4.1933437217e-01  7.8738926319e-01  2.5913180792e+00  1.2268795798e+00 -6.3510397577e-01 -3.8546223628e+00  2.8686424488e+00  6.9686992542e-01 -3.0625986069e+00  8.3319113113e-01  2.5559376371e+00
ENERGY -7.509720158771e+02

JOB 12
COORDS -3.0694896359e+00  2.1636892780e+00  5.7870104110e-01 -2.5997225337e+00  1.1492676696e+00  1.6549856159e+00 -1.2178899118e+00  1.2975608097e+00  5.9966443906e-02  7.4865529652e-01 -1.2887553895e-01 -2.4344674955e-01  2.0806040103e+00  4.5064648931e-01  3.1768299401e-01 -2.1934997690e+00  2.2241749034e+00 -3.6428304967e-01 -1.4715450756e+00  6.4412018554e-01  1.2929660286e+00  3.6177309694e-01 -1.1913951804e+00 -5.0633488762e-01 -1.6802037306e-01  1.1170137082e+00 -6.0238517745e-01  1.7879585775e+00  1.2290505588e+00  1.3653031303e+00  2.8534515009e+00 -5.5447160124e-01  6.8288686464e-01  2.6556349471e+00  1.1756099422e+00 -6.3925294762e-01 -3.9846350218e+00  2.7522046450e+00  5.8723174385e-01 -3.1042886891e+00  8.9017052742e-01  2.5836306251e+00
ENERGY -7.509715597681e+02

JOB 13
COORDS -3.1430939641e+00  2.1433469801e+00  5.1584397065e-01 -2.7066098370e+00  1.1767446715e+00  1.6502471552e+00 -1.2178331486e+00  1.3585070524e+00  1.5994177015e-01  7.7006522796e-01 -3.9491351643e-02 -1.9815501360e-01  2.1929455337e+00  4.3418541408e-01  2.1908154515e-01 -2.1990654760e+00  2.2304102462e+00 -3.5709130623e-01 -1.5339917324e+00  7.1533326455e-01  1.3825704468e+00  2.8825807229e-01 -1.0677185329e+00 -4.4690928570e-01 -9.0899007573e-02  1.2624014508e+00 -3.8889908596e-01  2.0745545552e+00  1.1648054238e+00  1.3318840550e+00  2.9407004536e+00 -6.3201872715e-01  4.3532146076e-01  2.6938167728e+00  1.1790073362e+00 -7.6390781914e-01 -4.0838764674e+00  2.6848348953e+00  4.4022505480e-01 -3.2606057614e+00  9.2348115906e-01  2.5520174895e+00
ENERGY -7.509690397419e+02

JOB 14
COORDS -3.1826516933e+00  2.1084246668e+00  4.4618064389e-01 -2.8402427573e+00  1.1791640097e+00  1.6450786991e+00 -1.2130458150e+00  1.3641215566e+00  3.0904623161e-01  8.0655179211e-01 -1.0158162285e-02 -1.0404866970e-01  2.2851385304e+00  4.1593934287e-01  1.4039485894e-01 -2.1549586082e+00  2.2002090667e+00 -3.2641719031e-01 -1.6373281289e+00  7.3892468098e-01  1.5067265034e+00  2.7344575300e-01 -1.0183781466e+00 -3.3291469246e-01 -2.1870674782e-02  1.3130509525e+00 -9.9492097310e-02  2.3369902310e+00  1.0729768079e+00  1.3012747889e+00  3.0266196942e+00 -6.7623885262e-01  1.8438428209e-01  2.6680293071e+00  1.2128861560e+00 -8.5418835035e-01 -4.1238502604e+00  2.6218022884e+00  2.5991107803e-01 -3.4746498146e+00  9.3769808127e-01  2.4957173997e+00
ENERGY -7.509649691782e+02

JOB 15
COORDS -3.1664748023e+00  2.0886245992e+00  3.9355036586e-01 -2.9295374775e+00  1.2029058407e+00  1.6519937849e+00 -1.1889368336e+00  1.3521748363e+00  4.6224590511e-01  8.6481735117e-01 -1.0113261881e-03 -6.3782987952e-02  2.3560642590e+00  4.4602507328e-01  4.7391297099e-02 -2.0737850991e+00  2.1573308270e+00 -2.8674843358e-01 -1.7167181066e+00  7.6762340966e-01  1.6376684738e+00  3.2863101851e-01 -1.0003390070e+00 -3.2067111731e-01  3.6302734031e-02  1.2925106003e+00  1.6677029664e-01  2.5280655109e+00  1.0378217024e+00  1.2288718029e+00  3.1105983229e+00 -6.3406803966e-01 -5.3644398700e-02  2.6157797788e+00  1.3014997063e+00 -9.3805051745e-01 -4.0892031129e+00  2.5875511620e+00  1.0399812976e-01 -3.6392717923e+00  9.8202452099e-01  2.4469093254e+00
ENERGY -7.509603208755e+02

JOB 16
COORDS -3.1548695839e+00  2.0520180653e+00  3.3823409940e-01 -2.9917674916e+00  1.2826000067e+00  1.6822729378e+00 -1.1876995708e+00  1.3170933820e+00  5.7903398852e-01  8.9340347957e-01 -4.2032432397e-02 -7.1786797525e-02  2.3725025216e+00  4.5285710655e-01  1.5510997123e-02 -2.0291200503e+00  2.0493988304e+00 -2.8918338827e-01 -1.7812060403e+00  8.5023000117e-01  1.7750787640e+00  3.7423453139e-01 -1.0313815073e+00 -3.8878048639e-01  4.3002514807e-02  1.1871189639e+00  3.4208040368e-01  2.5940152328e+00  8.9979265395e-01  1.2494751435e+00  3.1541175838e+00 -5.7574290163e-01 -2.6242297215e-01  2.5426046144e+00  1.4326383325e+00 -8.6779206764e-01 -4.0571058869e+00  2.5254860065e+00 -4.3836755104e-02 -3.7498706771e+00  1.1218396202e+00  2.4462987068e+00
ENERGY -7.509567402092e+02

JOB 17
COORDS -3.1535804435e+00  1.9907884071e+00  3.0645800328e-01 -3.0160196289e+00  1.3849760607e+00  1.7345065703e+00 -1.1848096899e+00  1.3163795699e+00  6.8002903967e-01  8.7831859529e-01 -6.2345132672e-02 -7.8945309722e-02  2.3591221014e+00  4.2921389264e-01  7.1600159487e-03 -2.0133762995e+00  1.9259497281e+00 -2.9071474907e-01 -1.8017476841e+00  9.9065165880e-01  1.9103781302e+00  3.4935869952e-01 -1.0311248096e+00 -4.3806110736e-01  4.1574477276e-02  1.1188109360e+00  4.7724918714e-01  2.6478218083e+00  6.6726182723e-01  1.2837516488e+00  3.1250702164e+00 -5.3082121190e-01 -4.8024134032e-01  2.4778897679e+00  1.5433589343e+00 -7.0896133499e-01 -4.0508694353e+00  2.4040346583e+00 -1.4993519540e-01 -3.7966007839e+00  1.2873250107e+00  2.4864090078e+00
ENERGY -7.509553858689e+02

JOB 18
COORDS -3.1255388921e+00  1.9064612777e+00  2.4781855125e-01 -3.0405850573e+00  1.4349714950e+00  1.7297924057e+00 -1.1560331575e+00  1.3483741789e+00  7.7746546142e-01  8.4227829752e-01 -2.3287458805e-02 -7.4513504306e-02  2.3398997146e+00  4.2156170738e-01 -3.8452986537e-02 -1.9547981392e+00  1.8297769918e+00 -2.8572418569e-01 -1.8219923263e+00  1.1165135620e+00  2.0028210779e+00  2.6980432972e-01 -9.5623987635e-01 -4.6254649150e-01  7.4812603201e-02  1.1170767430e+00  6.4277620578e-01  2.7259737355e+00  5.0183534421e-01  1.2316282563e+00  3.0409641302e+00 -4.9012195218e-01 -6.8944335388e-01  2.4396119220e+00  1.6101246129e+00 -6.2814664712e-01 -4.0116676772e+00  2.2420732795e+00 -2.8738142170e-01 -3.8588295933e+00  1.3542731454e+00  2.4426691873e+00
ENERGY -7.509563947081e+02

JOB 19
COORDS -3.0586555921e+00  1.8051811043e+00  1.9625850813e-01 -3.0487792291e+00  1.4803255283e+00  1.7190062383e+00 -1.1098460348e+00  1.3725188951e+00  8.9042030517e-01  8.0396316732e-01  3.6413076047e-02 -4.7057667848e-02  2.3169522976e+00  4.2147743328e-01 -6.4555131972e-02 -1.8562723261e+00  1.7156605832e+00 -2.5981528528e-01 -1.8388965832e+00  1.2425362651e+00  2.0938635840e+00  1.7726740948e-01 -8.4167231998e-01 -4.8051435820e-01  1.2305145943e-01  1.1112530026e+00  8.4404728913e-01  2.7888932611e+00  3.4525669316e-01  1.1766660749e+00  2.9399555654e+00 -4.2989847311e-01 -8.6041046389e-01  2.4235441282e+00  1.6674473180e+00 -5.2351115689e-01 -3.9199238047e+00  2.0584065184e+00 -4.1894282760e-01 -3.9073688756e+00  1.4238295073e+00  2.3852753797e+00
ENERGY -7.509598040941e+02

JOB 20
COORDS -2.9729069891e+00  1.7669128104e+00  1.5847262697e-01 -3.0574616803e+00  1.5464108122e+00  1.6953461443e+00 -1.0880707723e+00  1.2856363757e+00  9.8461131971e-01  7.8459949003e-01  1.9796624471e-03 -2.3050750141e-02  2.2710374394e+00  4.5887806535e-01 -1.3212038073e-01 -1.7563134136e+00  1.5852253064e+00 -2.2590231202e-01 -1.8833461208e+00  1.2757047594e+00  2.1521095232e+00  1.6057294764e-01 -8.7006252196e-01 -4.7275973161e-01  1.2588100134e-01  9.5317817819e-01  1.0268873071e+00  2.8518086873e+00  2.9426281985e-01  1.0538148597e+00  2.8601914362e+00 -2.8080090438e-01 -1.0546686779e+00  2.2840614385e+00  1.7475152761e+00 -4.7585366463e-01 -3.7859634013e+00  2.0247278529e+00 -5.1737820884e-01 -3.9507291174e+00  1.5791374111e+00  2.3159657067e+00
ENERGY -7.509644473113e+02

JOB 21
COORDS -2.8259971633e+00  1.7730595071e+00  1.0813240953e-01 -3.0350126219e+00  1.6096781437e+00  1.6382921764e+00 -1.0677884628e+00  1.1015413045e+00  1.0706821052e+00  7.9893193029e-01 -1.1864865633e-01  2.6514155091e-02  2.1927739204e+00  5.4610987916e-01 -1.6846558057e-01 -1.6164355284e+00  1.4427918599e+00 -1.8919567070e-01 -1.9346421188e+00  1.2145445866e+00  2.1797039072e+00  2.5639830935e-01 -1.0384813420e+00 -4.3164193388e-01  9.8627644923e-02  6.5420505813e-01  1.2072914391e+00  2.8864210587e+00  4.0841530107e-01  9.5854888333e-01  2.8009947004e+00 -4.9818291959e-02 -1.1770145365e+00  1.9966931683e+00  1.8418177304e+00 -4.3058992052e-01 -3.5565003475e+00  2.1058129411e+00 -6.2658427360e-01 -3.9541404913e+00  1.7751329519e+00  2.1967467775e+00
ENERGY -7.509687150977e+02

JOB 22
COORDS -2.7157883622e+00  1.7840329547e+00  8.9027270834e-02 -2.9659890071e+00  1.7291467318e+00  1.6195244099e+00 -1.0803352493e+00  9.2785406707e-01  1.1207902391e+00  7.8373146726e-01 -2.4603924952e-01  4.9009724750e-02  2.0531639693e+00  6.2825520892e-01 -1.7547961563e-01 -1.5580385161e+00  1.2803974107e+00 -1.6653504095e-01 -1.9419971462e+00  1.2087854428e+00  2.2030764167e+00  3.6464511858e-01 -1.2223190941e+00 -4.1819072534e-01  2.5924779431e-02  3.6699108805e-01  1.3048205583e+00  2.8305174480e+00  5.1331712709e-01  8.9911391183e-01  2.6712879578e+00  1.9772357046e-01 -1.2589192994e+00  1.6659132104e+00  1.8996343183e+00 -3.2354010180e-01 -3.3828938211e+00  2.1762963101e+00 -6.7593123416e-01 -3.8562034620e+00  2.0598467203e+00  2.1505792914e+00
ENERGY -7.509714738922e+02

JOB 23
COORDS -2.6809078520e+00  1.7466490603e+00  7.6372904848e-02 -2.8650156886e+00  1.8247022201e+00  1.6150791164e+00 -1.1032241792e+00  7.8384219669e-01  1.1041330700e+00  7.9149203376e-01 -3.1685946744e-01  1.8066543861e-02  1.9734542730e+00  6.8724166743e-01 -1.3628906904e-01 -1.5945863375e+00  1.1060256073e+00 -1.8589917337e-01 -1.8800176020e+00  1.2302644088e+00  2.1949408422e+00  4.8371574728e-01 -1.3012957114e+00 -5.1407396906e-01 -3.3472199909e-02  1.5640334974e-01  1.2889190306e+00  2.7373273161e+00  6.0400179396e-01  9.4986953834e-01  2.6516544386e+00  3.7148921601e-01 -1.2220190866e+00  1.4645698679e+00  1.9226915713e+00 -2.3897085796e-01 -3.3354637469e+00  2.1586723012e+00 -6.8908193077e-01 -3.6798599928e+00  2.3032999660e+00  2.1544223135e+00
ENERGY -7.509720138648e+02

