JOB 0
COORDS  1.8554992801e+00 -1.9828583623e+00  4.2824982874e+00  4.9200160041e-01 -1.5450486687e-01  5.1266725200e+00  1.8539815829e+00  1.7417755993e-01  3.1213554369e+00  9.2380346518e-01 -1.4797449258e+00  5.1886613962e+00  2.3156751993e+00 -1.1448673551e+00  3.2648235694e+00  9.8465309437e-01  6.6559823691e-01  4.1133983298e+00  1.5417080124e+00 -1.2796123735e-01 -1.1431423717e+00 -1.7812635200e-01  2.4682674878e-01  6.6534190946e-01  5.9821036419e-01 -1.0969568415e+00 -1.8315287870e+00 -1.0979660846e+00 -7.5324017436e-01 -2.6635157083e-03  1.3189160294e+00 -4.0156380967e-03  3.8248727269e-01 -8.8878088263e-01 -7.9095676293e-01 -1.5368929248e+00 -1.7661885082e+00 -1.8997093210e+00 -2.1365040661e+00 -1.2735046406e+00  5.6851620894e-01 -2.1500846171e+00  2.3950006129e+00  1.1099945176e+00  2.1679516462e+00  2.2035172059e+00  1.0317596495e+00  9.4186381800e-01  2.4138854812e+00  4.8269800090e-01 -1.7215113050e+00 -5.6724430708e-01  1.1748933313e+00  1.3420582418e+00  2.5063710660e-01 -2.6209050216e+00  6.5688566431e+00  3.6685073412e+00 -1.8501547999e+00  2.0959603285e+00  4.8129355203e-01  2.5028075112e+00  4.1140872843e+00  2.2240867435e+00 -2.9984535208e+00  4.3655690924e+00 -2.0178428145e-01  2.4093862337e-01  5.8593215712e+00  8.0206704326e-01 -1.0611629882e+00 -2.9043797220e+00  8.3671552395e-01 -2.1098988500e+00 -1.4772956179e+00 -8.8792791683e-01 -1.7477520589e+00  4.1421906190e-01 -2.1278500303e+00 -4.8778182521e-01  2.4816650024e-01  1.5339800051e+00 -1.0001371045e+00  7.8608011352e-01 -1.6372101495e+00 -1.9518266978e+00 -3.2228688742e+00 -2.8258135286e+00 -1.7104274351e+00 -1.9338700691e+00 -1.5113543019e+00 -2.8799944546e+00 -1.7186336747e+00 -1.1314575106e+00  5.5349632696e-01 -3.2353472650e+00 -6.7194424667e-01  1.3918337904e+00 -1.7510624101e+00 -2.3240819436e+00  7.9983481610e-01 -1.9468980029e+00
ENERGY -8.522431093502e+03

JOB 1
COORDS  2.7522511740e+00 -4.8417898496e-01  4.5309859147e+00  9.9951284048e-01  1.0020634098e+00  5.3308777734e+00  1.8692287094e+00  1.2629629332e+00  3.0601333568e+00  1.8589721875e+00 -7.9496719467e-02  5.5223062486e+00  2.7500844934e+00  1.9713536859e-01  3.3128171762e+00  1.0318486446e+00  1.6764108894e+00  4.1105303331e+00  1.3013207597e+00 -1.7981701997e-01 -8.1664800028e-01 -5.7182376591e-01  5.1172002745e-01  7.6526261855e-01  4.8225020771e-01 -1.3849917341e+00 -1.2340293800e+00 -1.3522033282e+00 -7.1727005604e-01  3.4738340614e-01  9.5963034610e-01  3.8720770572e-01  5.7559029234e-01 -1.0391223748e+00 -1.1435229826e+00 -1.1066323339e+00 -1.7893901976e+00 -2.4454103013e+00 -1.4237987338e+00 -1.4782469232e+00 -3.5885593647e-02 -2.0825648424e+00  1.9555267822e+00  2.0863344438e+00  1.8789536142e+00  1.6087107874e+00  1.6954624088e+00  7.5248533182e-01  2.1810023812e+00  2.9986214943e-01 -1.5002932727e+00 -1.0834171730e+00  1.5129052807e+00  1.2191294602e+00  1.8307513204e+00 -1.0101712311e+00  7.1933923473e+00  4.0224734227e+00 -3.5056022546e-01  1.9858340199e+00 -7.6556471827e-02  3.2112961491e+00  3.8928981353e+00  3.4387569506e+00 -1.3057483185e+00  4.6986833669e+00  3.2791976769e-01  1.3273384942e+00  6.1167667306e+00  7.5963801810e-01 -1.6397310043e+00 -2.2598942006e+00  7.6899960256e-01 -2.2288162242e+00 -5.9027318077e-01 -1.0889618815e+00 -1.5389899893e+00  1.0280180308e+00 -2.4150574739e+00 -4.9855479831e-01  4.7712224780e-01  1.2738549438e+00 -3.7204834694e-01  1.3031877768e+00 -1.5794315580e+00 -2.7745550784e+00 -2.4471340914e+00 -2.8717398349e+00 -2.3036180800e+00 -1.3334419326e+00 -1.4954871521e+00 -3.2517169117e+00 -7.4262165526e-01 -1.2652563552e+00 -3.2745205717e-01 -3.1159550955e+00 -9.6315693579e-01  9.1262291874e-01 -1.8964889767e+00 -2.5534500960e+00  1.5103657713e-01 -1.9956441693e+00
ENERGY -8.522432826797e+03

JOB 2
COORDS  2.4641512558e+00  6.3771177983e-01  4.3122505557e+00  4.3606914766e-01  1.8823356058e+00  4.8257158203e+00  1.3986099539e+00  1.9991454080e+00  2.5824347256e+00  1.4613484227e+00  1.0154871013e+00  5.2047379195e+00  2.4214378867e+00  1.1379087036e+00  3.0100058084e+00  4.2515467148e-01  2.3754077298e+00  3.5209693666e+00  1.2309162069e+00 -7.7989758037e-02 -8.7387794665e-01 -9.5672689571e-01  8.0132830536e-01  5.1319912858e-02  5.9000236995e-01 -1.4349570332e+00 -1.0830361337e+00 -1.5867290490e+00 -5.5905249534e-01 -1.6591825283e-01  5.7811633607e-01  7.6090009972e-01  2.4347266080e-01 -9.3260228222e-01 -1.3265576581e+00 -1.3405573579e+00 -1.5352975774e+00 -2.7369802796e+00 -1.4185904592e+00 -1.1879093196e+00 -5.7562802333e-01 -2.6609379234e+00  1.4484631477e+00  2.6725210847e+00  1.3041714466e+00  1.1179123735e+00  2.1251554658e+00  2.4110160706e-01  2.1739770583e+00  3.3021457272e-01 -1.5175718830e+00 -1.5804186883e+00  1.8405106714e+00  7.8730477962e-02  1.4978812628e+00  3.3627935221e-01  6.9926962055e+00  3.7985575384e+00  6.0905258107e-01  1.7901068532e+00 -9.5944858561e-01  3.5826666632e+00  3.0059455380e+00  3.2617646239e+00 -2.9562602568e-02  4.6172813465e+00 -3.3514347357e-01  2.1764615828e+00  5.5280606934e+00  1.0974124582e+00 -1.9223250760e+00 -1.9191232779e+00  7.6223048543e-01 -2.0406220836e+00 -1.8237321057e-01 -1.4710043417e+00 -1.1441143146e+00  7.5707958334e-01 -2.6553478289e+00 -4.0925739914e-01 -3.3873224934e-01  7.4262448460e-01  2.1663329159e-01  1.1847557659e+00 -1.0940155597e+00 -3.3025796065e+00 -2.2462106669e+00 -2.6167977476e+00 -2.6890212594e+00 -1.5853722259e+00 -1.3599301170e+00 -3.2979905159e+00 -4.9395916329e-01 -7.2130745669e-01 -1.1022420350e+00 -3.4995167337e+00 -7.8449175946e-01  4.4233632518e-01 -2.6469634817e+00 -2.2618494120e+00 -5.0131898470e-01 -2.8599688163e+00
ENERGY -8.522434179516e+03

JOB 3
COORDS  3.4208829371e+00 -7.5967320102e-01  4.2170331301e+00  1.4606961326e+00  2.2711136245e-01  5.2708018910e+00  2.1349257850e+00  9.4899365413e-01  3.0342931840e+00  2.5408733768e+00 -6.5562051328e-01  5.2942754375e+00  3.2085168962e+00  4.8905503635e-02  3.0998538446e+00  1.2745795087e+00  1.0231308361e+00  4.1402063708e+00  1.2179202969e+00 -2.3388815576e-01 -5.3789044723e-01 -8.2113174747e-01  7.6527614149e-01  5.5880485060e-01  4.1727932641e-01 -1.4662776810e+00 -9.0550250015e-01 -1.6243772299e+00 -4.6402398649e-01  1.8550165264e-01  6.9149371733e-01  4.9329991520e-01  7.1954405577e-01 -1.0853225018e+00 -1.1422206827e+00 -1.0988534090e+00 -1.8559665987e+00 -2.4483493309e+00 -1.3415027677e+00 -1.2657117265e+00 -1.9850020013e-01 -2.3027401121e+00  2.0558986814e+00  1.9323994827e+00  1.9739160835e+00  1.4167110096e+00  1.7483991088e+00  9.2782846463e-01  2.1746872120e+00  1.6779626842e-01 -1.1641694912e+00 -1.2987463851e+00  1.8687702413e+00  7.1228555325e-01  2.8237726636e+00 -1.7473961479e+00  6.8404909447e+00  4.4009329212e+00 -1.0431990783e-01  1.6145427853e+00 -2.1266352206e-01  2.2211154188e+00  4.0948598687e+00  4.2549422764e+00 -1.4512450259e+00  4.2413169733e+00  7.7831771753e-01  2.9898167318e-01  6.1097259689e+00  8.4814280058e-01 -1.8915861974e+00 -1.8151458252e+00  5.2684314063e-01 -2.2043899256e+00 -9.9051251238e-02 -1.5732095812e+00 -1.1771947429e+00  1.0197915860e+00 -2.6671765241e+00 -1.6166869167e-01  6.2374568376e-02  7.9258155133e-01 -2.1584518280e-01  1.5556817059e+00 -1.4920534986e+00 -2.9522891037e+00 -2.2433010079e+00 -2.9244155403e+00 -2.2494460089e+00 -1.4775212848e+00 -1.7449417031e+00 -3.1399656272e+00 -4.9904099282e-01 -8.8816025239e-01 -6.6613530634e-01 -3.2176939103e+00 -7.3349889281e-01  7.4963185117e-01 -2.1740762696e+00 -2.3245433106e+00  3.6070713062e-02 -2.4517915540e+00
ENERGY -8.522434304530e+03

JOB 4
COORDS  3.7409231958e+00 -8.4536415763e-01  4.0913856108e+00  1.7024641667e+00 -9.8716467447e-02  5.1915231820e+00  2.3201550068e+00  8.2600797338e-01  3.0132885605e+00  2.8461881298e+00 -8.9654628424e-01  5.1600943568e+00  3.4738225914e+00  2.7053568541e-02  3.0359930858e+00  1.4554602299e+00  7.5670239906e-01  4.1168776277e+00  1.1331255976e+00 -3.3832110494e-01 -2.7065720332e-01 -9.0160125049e-01  8.9587049700e-01  6.2818202478e-01  2.3879852255e-01 -1.4955063383e+00 -6.6617065578e-01 -1.7736393429e+00 -2.7773627693e-01  2.3082478104e-01  5.7315226833e-01  5.2645205496e-01  8.8225368728e-01 -1.2031274925e+00 -1.0369998435e+00 -9.9119656404e-01 -2.0738245760e+00 -2.2696289962e+00 -1.2749476866e+00 -1.1907077090e+00 -1.1182893970e-01 -2.2228678332e+00  2.1797836551e+00  1.8404994029e+00  1.9916051284e+00  1.3856507503e+00  1.7379616488e+00  1.0445406471e+00  2.2013163868e+00 -9.7826242405e-02 -7.9142261184e-01 -1.3092441819e+00  2.0323974783e+00  7.4278925283e-01  3.1993922682e+00 -2.0808406967e+00  6.6203960402e+00  4.7100359627e+00  1.1898944677e-01  1.5857539735e+00 -1.1788551897e-01  1.8444692103e+00  4.1657331298e+00  4.6312855996e+00 -1.4631536043e+00  4.0777914967e+00  1.0167267002e+00 -1.3814900678e-01  6.0297723363e+00  6.9752735382e-01 -1.9958874347e+00 -1.5225737989e+00  2.1242899614e-01 -2.2094332975e+00  1.6892207486e-01 -1.8379935579e+00 -9.6457078898e-01  1.0863856393e+00 -2.7780671304e+00  1.0120890557e-01  2.6948935697e-02  5.8017671380e-01 -1.2964258238e-01  1.7658116211e+00 -1.6875364161e+00 -2.8292480013e+00 -2.1336414248e+00 -3.1031335607e+00 -1.9736773628e+00 -1.5040230953e+00 -2.1001769661e+00 -2.9467071260e+00 -4.1390971992e-01 -7.8694047645e-01 -6.3687083206e-01 -3.0945164017e+00 -5.8064739517e-01  7.8412421331e-01 -2.0668473324e+00 -2.2052744793e+00  2.2050303594e-01 -2.4648137609e+00
ENERGY -8.522434258460e+03

JOB 5
COORDS  2.7223819841e+00 -3.1440712773e+00  3.1436018960e+00  7.4995847604e-01 -2.2516019191e+00  4.2543085119e+00  1.9040991790e+00 -9.1583238236e-01  2.5582172725e+00  1.6689420233e+00 -3.2797812730e+00  4.0477058920e+00  2.8414637439e+00 -1.9543840654e+00  2.4257074124e+00  8.8249971303e-01 -1.0786103467e+00  3.5093131179e+00  7.8391428518e-01 -8.6400014469e-01 -7.3160286507e-01 -8.4523565391e-01  9.3641296488e-01  8.2373580744e-02 -3.5093328414e-01 -1.5054801473e+00 -1.5041451983e+00 -1.9501341340e+00  2.6630552099e-01 -7.0956727586e-01  3.2505404321e-01  9.5586897845e-03  4.5784332276e-01 -1.4151413013e+00 -4.7722146355e-01 -1.9554407901e+00 -2.5727979148e+00 -1.2173032384e+00 -2.6413858854e+00 -7.8472577823e-01  5.2945861049e-01 -2.9362021214e+00  2.1648372028e+00  3.4122867640e-01  1.8987286378e+00  1.4460611232e+00  7.9497482411e-01  9.9394905231e-01  1.9564404068e+00 -1.0241941268e+00 -9.9552487265e-01 -8.7215842575e-01  2.1005173497e+00  4.2202140110e-01  1.4967423547e+00 -4.9043171780e+00  5.0434711224e+00  4.3322355353e+00 -1.7427477189e+00  1.2568820840e+00 -3.7311174230e-01  3.3321175587e-01  3.8364546839e+00  3.4466180941e+00 -3.9386807317e+00  3.0074607888e+00 -4.9910537206e-02 -2.3535396252e+00  4.9783480053e+00  8.2276073088e-02 -2.0297869214e+00 -2.3596141204e+00 -8.2487550373e-01 -2.2543627123e+00 -8.5409167550e-01 -2.4542660262e+00 -4.5270402538e-01 -4.8295730690e-02 -2.6784606203e+00  1.0324136032e+00 -9.8674468291e-01 -8.8885521282e-02 -7.1240763101e-01  1.1756005232e+00 -2.2192681412e+00 -1.7610386362e+00 -3.5240462199e+00 -3.3439814089e+00 -5.1216410255e-01 -2.9694370127e+00 -3.0417917978e+00 -1.9397879859e+00 -1.9641794563e+00 -4.0049852487e-01  1.4834530367e-02 -3.8228187128e+00  4.8819245308e-02  1.0819565289e+00 -2.4893603696e+00 -1.5270285494e+00  1.2644057580e+00 -3.2634892764e+00
ENERGY -8.522433206083e+03

JOB 6
COORDS  1.9988373107e+00 -2.9397433382e+00  3.6657737090e+00 -7.2450013796e-02 -1.9720146016e+00  4.4953773401e+00  1.3128864779e+00 -7.1541825391e-01  2.9133963680e+00  8.3281283253e-01 -3.0294696303e+00  4.4263631736e+00  2.2403639379e+00 -1.7736025897e+00  2.9421288949e+00  1.8408431333e-01 -8.2371841715e-01  3.7435689433e+00  3.7464022498e-01 -9.3031584742e-01 -2.0423237189e-01 -9.7411151613e-01  1.2562456107e+00 -8.2743484046e-02 -7.3232094701e-01 -1.5278530000e+00 -1.0469319543e+00 -2.0175720526e+00  6.2959769752e-01 -9.8825832248e-01 -6.9122096982e-02  2.6025509096e-01  6.7015392651e-01 -1.4455957433e+00 -4.6473816806e-01 -1.9148581556e+00 -2.5938357098e+00 -1.1322747880e+00 -2.6858867679e+00 -4.4458185601e-01  1.5862025188e-01 -2.9059494237e+00  1.6906341196e+00  4.9879523894e-01  2.2368978301e+00  1.0660941062e+00  9.7796640166e-01  1.2757034674e+00  1.5140765367e+00 -1.3461837838e+00 -1.9962167349e-01 -8.7835530950e-01  2.4524191038e+00  9.2644755474e-02  4.8974451126e-01 -4.6234611902e+00  5.4272014947e+00  3.8941294253e+00 -1.6166879986e+00  2.0097869075e+00 -1.0401181728e+00  6.4353732091e-01  3.9387150800e+00  2.7168033865e+00 -3.7512822643e+00  3.6479917260e+00 -9.5315531350e-01 -2.0301688378e+00  5.1240502806e+00 -2.9485648831e-01 -2.3169291878e+00 -1.6636355229e+00 -1.4644532773e+00 -1.9922025412e+00 -3.7144075431e-01 -2.7939450760e+00  1.9122424923e-01 -3.4456348132e-01 -2.4838781623e+00  1.4339290995e+00 -1.5628169036e+00 -7.3159691002e-01 -1.9194289788e-01  1.4204725634e+00 -2.2146812628e+00 -1.9205923750e+00 -3.3450188067e+00 -3.1207351907e+00 -4.0067159814e-01 -3.3077818884e+00 -3.3233766315e+00 -1.5831141541e+00 -2.0038954480e+00 -2.2824767448e-02 -6.0847496676e-01 -3.5634311607e+00  3.9139347456e-01  6.5329261708e-01 -2.3995450355e+00 -9.3947136133e-01  9.0871814052e-01 -3.5310067794e+00
ENERGY -8.522431693679e+03

JOB 7
COORDS  2.6540650641e+00 -2.1739033764e+00  3.6424766513e+00  5.6721926580e-01 -1.3536953712e+00  4.5842080026e+00  1.7643061161e+00 -1.1947362849e-02  2.9199876023e+00  1.5393230985e+00 -2.3441210585e+00  4.4655334629e+00  2.7684008446e+00 -9.9923850209e-01  2.9039235739e+00  6.9924873232e-01 -1.9424526346e-01  3.8161969554e+00  4.7631484732e-01 -5.1884654114e-01  1.8803675248e-01 -6.2002682252e-01  1.6898429008e+00 -2.9090021258e-01 -7.4379688057e-01 -1.2477429493e+00 -3.3417991439e-01 -1.8403777967e+00  9.6780290633e-01 -8.3291276747e-01  1.5720061916e-01  8.7320944930e-01  7.6960487322e-01 -1.4817426091e+00 -4.2022275547e-01 -1.4181855697e+00 -2.7708682990e+00 -1.1539458437e+00 -1.8166476904e+00 -5.7651183597e-01 -2.4935330958e-01 -2.6524483010e+00  2.0108269409e+00  1.2143348867e+00  2.2088612208e+00  1.3008713598e+00  1.6462630381e+00  1.2833748673e+00  1.6055256558e+00 -9.5528100743e-01  1.1043930052e-01 -2.7569896238e-01  2.7945843351e+00 -6.4792832881e-01  1.3593614869e+00 -3.9540384986e+00  5.4834679876e+00  4.3383608370e+00 -7.3328449288e-01  1.8593256051e+00 -5.9743658984e-01  1.1937622595e+00  4.1121466200e+00  3.4253880797e+00 -2.9328939345e+00  3.5834492826e+00 -2.6834531785e-01 -1.4695614997e+00  5.2643326132e+00 -4.1896266969e-01 -2.2122337835e+00 -7.3199024836e-01 -1.4263799266e+00 -1.4324734703e+00  5.0628584039e-01 -2.5561020304e+00  8.3655104454e-01 -9.3900120066e-03 -2.3070310043e+00  1.6038644203e+00 -1.5886959538e+00 -5.6973305614e-01  7.0001997427e-01  1.5735909442e+00 -2.5439472253e+00 -2.1459559479e+00 -2.2218477127e+00 -3.3139085754e+00 -5.9456024106e-01 -2.5858228289e+00 -3.4385072364e+00 -1.2835316000e+00 -9.5768451956e-01 -3.2051310866e-01 -1.2239206781e+00 -3.0803861997e+00  3.6149265645e-01  2.6296696293e-01 -2.4157054916e+00 -1.0863673915e+00  3.3790068785e-01 -3.4227374807e+00
ENERGY -8.522430199694e+03

JOB 8
COORDS  2.8291870589e+00 -2.0893761689e+00  3.5665127669e+00  6.2171585871e-01 -1.6000120322e+00  4.4626465213e+00  1.7184703841e+00  1.0074875652e-02  2.9790059585e+00  1.7126110088e+00 -2.4530765782e+00  4.3232149833e+00  2.8284803015e+00 -8.5490747246e-01  2.9274746628e+00  6.4285262209e-01 -3.7306560538e-01  3.7927671063e+00  3.2652408894e-01 -4.7174493851e-01  3.9374452131e-01 -4.3478412036e-01  1.7241743803e+00 -4.3559982543e-01 -9.2724499120e-01 -1.1464407063e+00 -1.1994077084e-01 -1.6887505566e+00  1.0978166774e+00 -1.0181439819e+00  7.9834023433e-02  9.8611788994e-01  8.2607153029e-01 -1.4796172106e+00 -3.9908287486e-01 -1.3667069135e+00 -2.8280431884e+00 -1.0195976264e+00 -1.7625671891e+00 -4.8471318368e-01 -5.2717705067e-01 -2.5352548911e+00  1.8556766022e+00  1.3100882362e+00  2.3886475591e+00  1.1451479946e+00  1.7678289133e+00  1.4772132693e+00  1.4299839634e+00 -9.7740784832e-01  3.5642546641e-01  1.3800512645e-01  2.6761852842e+00 -9.1661052311e-01  1.6956779260e+00 -4.1458148268e+00  5.2137461108e+00  4.3619009634e+00 -3.4363973311e-01  1.9208182257e+00 -8.3308192262e-01  8.1373546565e-01  4.1224504285e+00  3.6830448290e+00 -2.7508818566e+00  3.4785557716e+00 -2.2261964477e-01 -1.8700315489e+00  5.0858843015e+00 -6.8669363031e-01 -2.1828549522e+00 -3.6845515322e-01 -1.6877512512e+00 -1.1426120748e+00  6.7147223228e-01 -2.4957222549e+00  1.1858700757e+00 -2.7793204039e-01 -1.9770735170e+00  1.6653156179e+00 -1.9059202618e+00 -7.7128585540e-01  9.6510119752e-01  1.5197604192e+00 -2.7087237832e+00 -2.0781166983e+00 -2.0174063408e+00 -3.2471818362e+00 -5.1025332778e-01 -2.6368926452e+00 -3.5559325210e+00 -9.4690215288e-01 -9.4707052555e-01 -3.2245224541e-01 -1.5796724198e+00 -2.7887138644e+00  4.9109347590e-01 -8.9512104333e-02 -2.3038431414e+00 -8.7239852512e-01 -1.8702518624e-02 -3.4237112470e+00
ENERGY -8.522428811691e+03

JOB 9
COORDS  2.6099472429e+00 -1.7163427286e+00  3.8141797517e+00  3.4915263255e-01 -1.2509907441e+00  4.5839083381e+00  1.4552610916e+00  2.9827170299e-01  3.0469738795e+00  1.4771795709e+00 -2.0656865371e+00  4.5540147071e+00  2.5913328380e+00 -5.3047970455e-01  3.0906012623e+00  3.5476467590e-01 -7.3594425518e-02  3.8310226309e+00 -1.5592341121e-02 -3.5493288435e-01  5.4717090644e-01 -3.1365810498e-01  1.7322899270e+00 -7.0268143483e-01 -1.2882141168e+00 -9.4595683360e-01 -1.9700990946e-02 -1.5563045798e+00  1.1831920375e+00 -1.3807984780e+00 -1.1228703645e-01  1.1699091396e+00  7.2901336936e-01 -1.5513315704e+00 -3.6781710113e-01 -1.4421341492e+00 -2.9227934086e+00 -8.5821596793e-01 -1.9311145366e+00 -4.5364935180e-01 -8.4451355041e-01 -2.4118116152e+00  1.5713610121e+00  1.5705873252e+00  2.4036235648e+00  8.8363736241e-01  1.9796228794e+00  1.4544373636e+00  1.0172221307e+00 -9.8266866192e-01  6.7770299953e-01  4.7317488381e-01  2.4916397707e+00 -1.2216801059e+00  1.4834971961e+00 -3.6885766854e+00  5.5669496761e+00  4.1217741317e+00 -4.9926268889e-02  2.0633521944e+00 -1.1945385352e+00  1.0556455988e+00  3.9765790909e+00  3.4861655283e+00 -2.3538746746e+00  3.8000744843e+00 -5.1413084154e-01 -1.5143922616e+00  5.1835211870e+00 -1.1793402428e+00 -2.0321017418e+00 -6.4960447812e-02 -2.1336505279e+00 -7.0199642328e-01  6.3528933424e-01 -2.4336664678e+00  1.5182509312e+00 -8.1099277971e-01 -1.6192459957e+00  1.6089924966e+00 -2.3847629446e+00 -1.0592897379e+00  1.3631489167e+00  1.2510116870e+00 -2.9448582969e+00 -1.9515733801e+00 -1.9914847450e+00 -3.1423347967e+00 -4.6362549040e-01 -2.9289496259e+00 -3.7248867751e+00 -5.3936328981e-01 -1.2565414997e+00 -4.3163046041e-01 -1.9378248399e+00 -2.4606416648e+00  5.4359643682e-01 -5.0786896453e-01 -2.1137978347e+00 -6.4484851377e-01 -4.6252031424e-01 -3.4196683194e+00
ENERGY -8.522426432475e+03

JOB 10
COORDS  2.8041040784e+00 -1.6170298263e+00  3.7493538407e+00  5.4152395962e-01 -1.3756373938e+00  4.6142936789e+00  1.4372362799e+00  2.9080760354e-01  3.0663824818e+00  1.7431236661e+00 -2.0751397568e+00  4.5343431266e+00  2.6423295532e+00 -4.3092931271e-01  3.0436794369e+00  4.0537583288e-01 -1.9753368957e-01  3.8779546912e+00 -2.8447012070e-01 -3.7054111239e-01  6.5198439376e-01 -2.2370874402e-01  1.6520742570e+00 -7.1136804913e-01 -1.5457883132e+00 -8.6609365263e-01 -2.4784848027e-02 -1.4293571722e+00  1.1944825330e+00 -1.5115435039e+00 -2.5824329251e-01  1.1639327084e+00  7.6291484788e-01 -1.5846325542e+00 -3.5072702124e-01 -1.4953188782e+00 -2.9380855059e+00 -7.2779705539e-01 -2.1170664341e+00 -4.4393202676e-01 -9.9293269528e-01 -2.3068095059e+00  1.4112541971e+00  1.5923769208e+00  2.4765562013e+00  6.6957392551e-01  1.9857320169e+00  1.5652522696e+00  6.6520074474e-01 -1.0898586385e+00  8.9638150724e-01  7.0721328907e-01  2.2795877680e+00 -1.1638638532e+00  1.9464612724e+00 -3.6950726539e+00  5.5333138200e+00  4.0595190570e+00  1.9559859400e-01  1.9330085560e+00 -1.2611272495e+00  7.4831835049e-01  4.0276102494e+00  3.7335983061e+00 -2.1708659344e+00  3.6874327331e+00 -2.7202987772e-01 -1.7332810987e+00  5.2342882185e+00 -1.5453868134e+00 -1.9584388763e+00 -6.9618004700e-03 -2.4299667993e+00 -5.0370531418e-01  5.1293975362e-01 -2.3263076937e+00  1.6517588628e+00 -1.0727140272e+00 -1.3251248010e+00  1.5607224540e+00 -2.5353522590e+00 -1.2449238531e+00  1.4628630267e+00  1.1407906934e+00 -3.0682669768e+00 -1.8151474682e+00 -2.1313986595e+00 -3.0034240239e+00 -3.6939982261e-01 -3.1499489492e+00 -3.7715382665e+00 -2.9368323053e-01 -1.5541112802e+00 -5.3124695103e-01 -2.0839465791e+00 -2.2964444791e+00  5.4470416467e-01 -7.3771641969e-01 -1.9145734716e+00 -4.8418546721e-01 -6.5794310960e-01 -3.3481743161e+00
ENERGY -8.522423626203e+03

JOB 11
COORDS  2.9343370627e+00 -1.5121700119e+00  3.5476956548e+00  7.3930701459e-01 -1.4823253399e+00  4.6025244568e+00  1.3816720219e+00  3.1034889960e-01  3.0745218806e+00  1.9811415254e+00 -2.0805881375e+00  4.3942554534e+00  2.6272075196e+00 -3.1255631711e-01  2.9142554438e+00  4.5659683609e-01 -2.9026213741e-01  3.9370669418e+00 -5.8740588998e-01 -4.0062245710e-01  7.7266404339e-01 -1.6754621412e-01  1.5189420456e+00 -6.6373488085e-01 -1.8130521057e+00 -8.0674269396e-01 -2.3057310651e-02 -1.2977247537e+00  1.1266979373e+00 -1.5966577541e+00 -4.3955139163e-01  1.1358274263e+00  8.1760983873e-01 -1.6254371869e+00 -3.8959421811e-01 -1.5134493944e+00 -2.9329415396e+00 -6.6283690903e-01 -2.2729245854e+00 -4.7921693669e-01 -1.2013445407e+00 -2.1451493423e+00  1.2002797991e+00  1.6330957689e+00  2.5625521440e+00  4.1127645587e-01  1.9871045923e+00  1.6782746892e+00  2.4818203496e-01 -1.1997300762e+00  1.1472119643e+00  8.7551081133e-01  2.0236356935e+00 -1.0153289724e+00  2.3917714877e+00 -3.7213597019e+00  5.2915796410e+00  3.8946233262e+00  4.6908368233e-01  1.7210178777e+00 -1.2766127794e+00  4.9507873675e-01  4.1972316530e+00  3.8930546896e+00 -1.9903567929e+00  3.3845077624e+00  4.4782007177e-03 -1.9337945305e+00  5.2585704027e+00 -1.9325011928e+00 -1.8899854916e+00  5.2052124140e-02 -2.7099535073e+00 -3.2356084417e-01  3.8173286959e-01 -2.1878101436e+00  1.7049523822e+00 -1.3152260720e+00 -1.0176500698e+00  1.4047696805e+00 -2.6152147605e+00 -1.4425298301e+00  1.5250837755e+00  1.0342027853e+00 -3.1843355565e+00 -1.7283102060e+00 -2.2411211605e+00 -2.8380123547e+00 -3.7278171357e-01 -3.3248313027e+00 -3.7700964016e+00 -1.0354460494e-01 -1.8412051771e+00 -6.8843614256e-01 -2.2739989823e+00 -2.0836834134e+00  4.8107907764e-01 -1.0245085883e+00 -1.6523365435e+00 -3.6451983729e-01 -9.3700151282e-01 -3.2012072061e+00
ENERGY -8.522421207769e+03

JOB 12
COORDS  2.9475864615e+00 -1.2745935813e+00  2.9826494208e+00  1.4467815888e+00 -1.0122515320e+00  4.8804295026e+00  1.4316262817e+00  6.3583650125e-01  3.0757625547e+00  2.4372768295e+00 -1.7221606607e+00  4.1983009433e+00  2.4415777364e+00 -9.2842567002e-02  2.4372563085e+00  9.7387898669e-01  1.6633828976e-01  4.3165355163e+00 -8.3402578955e-01 -8.4487410550e-02  9.9930033948e-01 -4.2362913405e-02  1.7343200477e+00 -6.2077524160e-01 -1.6370012508e+00 -6.8337849075e-01 -1.4558667679e-01 -8.9957472177e-01  1.1264572434e+00 -1.7116720658e+00 -5.0608971318e-01  1.4151749990e+00  8.2880171808e-01 -1.0548951356e+00 -4.0202248579e-01 -1.5456207740e+00 -2.0216193758e+00 -9.3284675414e-01 -2.6146500697e+00  3.1325606412e-01 -1.0934595027e+00 -1.6918846516e+00  1.0463393497e+00  1.9514229265e+00  2.6610348353e+00  2.8991412280e-01  2.2813849014e+00  1.7410382753e+00 -5.8343663492e-01 -7.2406665999e-01  2.0009070258e+00  9.3528082707e-01  2.4142320182e+00 -8.4408286616e-01  3.1195882993e+00 -3.3409282924e+00  4.9597739992e+00  3.1698103706e+00  5.2110810613e-01  7.7840534140e-01 -4.1049245978e-01  1.1310596815e+00  5.2134909764e+00  3.7246089949e+00 -1.8255613680e+00  2.4659675278e+00  1.0514995888e+00 -1.3686819880e+00  5.8243976364e+00 -1.7159206538e+00 -1.7566490625e+00  4.5719890886e-02 -2.6519214695e+00 -2.6414406358e-01 -8.4134379292e-02 -1.8927720211e+00  1.5953024786e+00 -1.6733525505e+00 -4.4343618617e-01  1.3775176005e+00 -2.6722306801e+00 -1.5012575940e+00  1.8856621122e+00  8.8542961341e-01 -2.1611142385e+00 -2.0142422398e+00 -2.5103773541e+00 -1.6320587266e+00 -7.4129829882e-01 -3.6201719906e+00 -3.0051817116e+00 -4.5620608448e-01 -2.5367803767e+00  2.0789293058e-01 -2.1778291807e+00 -1.5828191778e+00  1.0360471894e+00 -7.5465488323e-01 -9.4283911613e-01  7.4474001306e-01 -8.9114261985e-01 -2.6775862622e+00
ENERGY -8.522421242569e+03

JOB 13
COORDS  2.8357428768e+00 -1.3528194445e+00  2.6445487928e+00  1.3878223825e+00 -1.2387955505e+00  4.5957289339e+00  1.3625389406e+00  5.7300626963e-01  2.9523248891e+00  2.3334555419e+00 -1.9095924165e+00  3.8165578286e+00  2.3531671358e+00 -1.0622863123e-01  2.2337948282e+00  9.3397402780e-01  9.7872647916e-04  4.1633526933e+00 -1.0897946886e+00  5.7994225402e-02  1.1026293416e+00 -6.5747559326e-02  1.7546342479e+00 -5.7289037506e-01 -1.7839929247e+00 -6.0396456870e-01 -7.6003699346e-02 -8.1573019553e-01  1.0467251023e+00 -1.6851100594e+00 -6.1593254273e-01  1.5040372248e+00  8.5598547366e-01 -1.0372418495e+00 -4.5653892162e-01 -1.4153618608e+00 -1.8912991111e+00 -1.0528778242e+00 -2.5442311416e+00  3.1353178735e-01 -1.1915225942e+00 -1.3442518444e+00  9.7424965182e-01  1.9249841033e+00  2.6686619387e+00  1.6678567489e-01  2.3266719699e+00  1.8214683438e+00 -1.0377949615e+00 -4.7387538658e-01  2.1934431487e+00  8.6854703467e-01  2.4983195809e+00 -7.7832644355e-01  2.9753458928e+00 -3.6183782675e+00  4.3939779041e+00  3.1462608601e+00  6.8886193437e-01  6.8567864103e-01 -3.5292893842e-01  9.2636583844e-01  5.2256996559e+00  3.5970922085e+00 -1.8608547214e+00  2.0643674732e+00  1.0132572569e+00 -1.6705868549e+00  5.5163260800e+00 -1.9360058846e+00 -1.6539080118e+00  1.8772869830e-01 -2.7790949692e+00 -1.4329164162e-01 -1.6225877999e-01 -1.7920629812e+00  1.5402124516e+00 -1.7951961065e+00 -2.5689641380e-01  1.2093204267e+00 -2.6100550712e+00 -1.5768851976e+00  2.0463324772e+00  8.2710403735e-01 -2.0795044710e+00 -2.1175806264e+00 -2.3689315161e+00 -1.3813176385e+00 -9.5796919957e-01 -3.5088677840e+00 -2.8601351497e+00 -5.4712309516e-01 -2.6232011000e+00  1.5961334390e-01 -2.2607568943e+00 -1.1656176578e+00  9.5497934696e-01 -8.1162173923e-01 -5.4356809529e-01  8.6611412951e-01 -1.0790720298e+00 -2.2826816632e+00
ENERGY -8.522422063650e+03

JOB 14
COORDS  2.6952471643e+00 -1.3488557231e+00  2.4989479342e+00  1.1968272890e+00 -1.2530030859e+00  4.4103577795e+00  1.2066384088e+00  5.6947512430e-01  2.7783711416e+00  2.1542313150e+00 -1.9221643470e+00  3.6451863064e+00  2.2288307126e+00 -9.4812123228e-02  2.0890037908e+00  7.5640426812e-01 -6.1633396070e-03  3.9822736003e+00 -1.3382020328e+00  1.9369880620e-02  1.0601881483e+00 -7.1041500810e-02  1.4769150121e+00 -7.0177851845e-01 -1.9401041489e+00 -7.5310310709e-01 -9.8852911400e-02 -6.4595773346e-01  5.7253979734e-01 -1.7783905384e+00 -7.5581778566e-01  1.3920857427e+00  6.8508471771e-01 -9.9395459623e-01 -8.5440394725e-01 -1.3125592404e+00 -1.7059867180e+00 -1.5985519817e+00 -2.4522000737e+00  2.8471863953e-01 -1.6153975095e+00 -9.1736437966e-01  7.8887028130e-01  1.9159522632e+00  2.4915240377e+00 -6.1706619755e-02  2.2771825797e+00  1.6665628018e+00 -1.4048464733e+00 -3.7482351934e-01  2.2070074849e+00  8.0513547551e-01  2.2824225105e+00 -9.2840133798e-01  2.7693964250e+00 -3.6429328347e+00  4.2160947116e+00  3.1105269582e+00  7.2765897500e-01  6.0475933840e-01 -4.9619060757e-01  9.3461292778e-01  5.0713409853e+00  3.4767535383e+00 -1.8480008531e+00  1.9382814138e+00  8.0555649184e-01 -1.6879627157e+00  5.3224069819e+00 -2.2209714991e+00 -1.7400515549e+00  2.7760842752e-01 -2.8641826853e+00 -2.3954094096e-01 -4.0105031073e-01 -1.5570370141e+00  1.0638308577e+00 -2.1502891100e+00  7.2151509858e-02  5.6321028632e-01 -2.6025152991e+00 -1.6819855440e+00  1.9609951245e+00  4.8737230986e-01 -1.9654127201e+00 -2.6184052150e+00 -2.1487375681e+00 -1.0611862919e+00 -1.6660459383e+00 -3.3350678242e+00 -2.6297839074e+00 -1.0884044212e+00 -2.7472108458e+00  4.2218195410e-02 -2.6301478240e+00 -5.8543748334e-01  8.2701446074e-01 -1.1258974553e+00 -1.0381566909e-01  9.7036494518e-01 -1.6885653333e+00 -1.7675347641e+00
ENERGY -8.522421778604e+03

JOB 15
COORDS  2.6403424542e+00 -1.2516550536e+00  2.4353842964e+00  9.7342477764e-01 -1.3541210907e+00  4.1990662496e+00  1.1032550670e+00  6.2086672941e-01  2.7608487258e+00  1.9883349258e+00 -1.9485872857e+00  3.4472082416e+00  2.2091719295e+00  4.2375257870e-02  2.1215691407e+00  5.6921943469e-01 -6.3381284749e-02  3.8724344940e+00 -1.5512331440e+00  1.6652762779e-01  1.0790844621e+00  3.1826573726e-02  1.4116556567e+00 -5.9441474567e-01 -2.0488064480e+00 -6.5349729585e-01 -9.6508064905e-02 -4.4619631170e-01  4.4835625400e-01 -1.6682252308e+00 -8.1034270541e-01  1.4570908867e+00  6.9943905931e-01 -9.5435612190e-01 -9.1092637352e-01 -1.1533852964e+00 -1.5560138873e+00 -1.7037738147e+00 -2.3233498318e+00  2.0385359877e-01 -1.7096670794e+00 -5.2831634848e-01  6.6829516249e-01  1.9797668949e+00  2.5474445072e+00 -2.0913946131e-01  2.3394630717e+00  1.7477275762e+00 -1.7913682438e+00 -1.3308070039e-01  2.2306093719e+00  9.4638603442e-01  2.1852491899e+00 -7.7766550630e-01  2.5375294183e+00 -3.7342714385e+00  3.8643420844e+00  3.2640616482e+00  1.0323908145e+00  8.7594652517e-01 -6.7836248025e-01  8.0219862181e-01  5.0284240136e+00  3.4785651743e+00 -1.6874447157e+00  1.9046751360e+00  5.1750389884e-01 -1.8737772321e+00  5.0333985715e+00 -2.4475750239e+00 -1.5883429100e+00  3.0568611631e-01 -2.8837249116e+00 -1.1081950064e-01 -5.6223298781e-01 -1.2586306012e+00  9.5988002593e-01 -2.2049432286e+00  3.7727759917e-01  3.3002835994e-01 -2.3776289695e+00 -1.6594791388e+00  2.0740963935e+00  3.5272348235e-01 -1.9283199332e+00 -2.6761721594e+00 -1.9837003682e+00 -8.0333891434e-01 -1.8858312439e+00 -3.0980252902e+00 -2.3911681666e+00 -1.1645868572e+00 -2.7843283922e+00 -1.4958055865e-01 -2.6744167182e+00 -1.5028251888e-01  6.6919943546e-01 -1.1829083538e+00  3.0915096925e-01  9.8622870382e-01 -1.9001103113e+00 -1.2700377401e+00
ENERGY -8.522419461131e+03

JOB 16
COORDS  3.0322062205e+00 -9.1637254857e-01  1.9729667692e+00  1.2306114620e+00 -1.7374799698e+00  3.3785000024e+00  1.2037493715e+00  5.8079451917e-01  2.5999213326e+00  2.3773506553e+00 -1.9630772080e+00  2.6193772570e+00  2.4628092032e+00  3.5787658642e-01  2.0093718378e+00  6.7551660399e-01 -4.5641710844e-01  3.3942711863e+00 -1.7682860119e+00  4.9682402989e-01  1.0737144207e+00  2.3566739330e-01  1.2448237183e+00 -4.3242504809e-01 -2.1662782619e+00 -4.5709940744e-01 -3.8799360624e-02 -2.3022408171e-01  2.2528750958e-01 -1.4588942493e+00 -7.4267866287e-01  1.5820513590e+00  7.0658220804e-01 -9.9604853453e-01 -9.8250253543e-01 -8.9156513188e-01 -1.5515960915e+00 -1.8245610957e+00 -2.0502254580e+00 -5.6737144443e-02 -1.8450705876e+00 -3.2957402066e-02  6.4716871553e-01  1.9092104096e+00  2.6633155438e+00 -1.9146292243e-01  2.3646599889e+00  1.8699409567e+00 -2.3155929160e+00  4.9045908475e-01  2.1576275646e+00  1.2607515914e+00  1.8787708212e+00 -5.8056052998e-01  3.1040814599e+00 -3.7298130345e+00  2.5165537307e+00  3.5226823768e+00  1.8154671720e+00  1.3882138010e+00 -7.2072920559e-01 -1.2013173447e-01  4.6477397383e+00  3.9801946655e+00 -1.0732036349e+00  1.4720515135e+00  7.8053659431e-01 -2.5312548313e+00  3.9628857671e+00 -2.7287706140e+00 -1.2725330115e+00  4.2380890962e-01 -2.8675754317e+00  8.9931474834e-02 -6.8628301792e-01 -8.7953851524e-01  7.7160970924e-01 -2.1591604553e+00  6.5300224846e-01 -8.3404765286e-02 -2.0249621367e+00 -1.3876873186e+00  2.3306108879e+00  2.1541287614e-01 -2.1042056173e+00 -2.6909590137e+00 -1.6710695224e+00 -7.3979971390e-01 -2.1976608261e+00 -2.6839803672e+00 -2.2310006202e+00 -1.2403174038e+00 -2.6809905252e+00 -5.9324658765e-01 -2.6940834854e+00  4.0263156834e-01  3.7860858946e-01 -1.2765871252e+00  7.9014374681e-01  7.6992056007e-01 -2.2377225117e+00 -6.3346022821e-01
ENERGY -8.522418943425e+03

JOB 17
COORDS  1.4600851661e+00 -4.9936909522e-01  4.8259454324e+00  1.6222558104e-01  1.3426296245e+00  3.9167553843e+00  2.0767765266e+00  4.7673575811e-01  2.6672922384e+00  3.7152227245e-01  3.7275763247e-01  4.8909744491e+00  2.3138166645e+00 -4.1620721405e-01  3.7322251271e+00  1.0362199918e+00  1.4011478646e+00  2.8249000719e+00  1.0637168941e+00  3.8222149205e-01 -9.1893679106e-01  1.0543036851e+00 -1.6886056311e+00  6.4590319178e-01 -2.1563722233e-01 -1.4695512939e-01 -1.5427617691e+00 -1.6017556673e-01 -2.1923636104e+00 -1.1067090234e-01  1.8979600699e+00 -6.4152217250e-01 -1.0401992532e-01 -1.0594274683e+00 -1.0474362449e+00 -6.2119125248e-01 -2.2311940319e+00 -1.6364006382e+00 -1.4204982080e+00 -1.6003534849e+00 -2.3364824079e-01  5.6873940721e-01  3.0889700630e+00  5.6277760719e-01  1.6455120027e+00  3.0703957839e+00  3.4870570794e-02  5.2490013843e-01  1.4657859856e+00  1.5073419975e+00 -1.1180603417e+00  1.3782679571e+00 -2.1419107840e+00  1.7248100963e+00 -8.2367348280e-01  2.6582163776e-01  6.3825331014e+00  3.8560441876e+00 -1.5402929250e+00  3.7086733645e+00  8.1417302124e-01  2.8608305170e+00  1.6111962428e+00  1.6464711902e+00 -1.2220228150e+00  5.6114930328e+00 -6.4812623337e-01  2.0569484514e+00  4.0019874750e+00 -7.8337321376e-01  7.2079473344e-01 -1.8886436861e+00  7.9913645459e-02 -7.1766533124e-01 -2.4352701934e+00  1.9251482336e-01 -2.7856098369e+00 -9.6638778265e-01 -7.0471076209e-01 -2.8648943106e+00  5.5698289668e-01  2.3608864907e+00 -1.2450762083e+00 -9.0207298935e-01 -2.8748564714e+00 -8.4050221351e-01 -1.8104123386e+00 -2.8467971350e+00 -2.2847423751e+00 -7.8789622277e-01 -1.8771185933e+00 -2.2307722533e+00 -2.2702261641e+00 -2.2288951456e+00  5.9154241670e-01  2.1917723471e-01 -8.0087679991e-01  2.0051352114e-01  1.1755933717e+00 -2.2027484322e+00 -8.6720894042e-01  1.2277714762e+00
ENERGY -8.522421105512e+03

JOB 18
COORDS  1.5976436040e+00 -3.2306825600e-01  4.9786610924e+00  1.8755454475e-01  1.4217938140e+00  4.0431998768e+00  2.0968201164e+00  5.9047672762e-01  2.7659621327e+00  4.8191893782e-01  5.1371066889e-01  5.0552792437e+00  2.4020067244e+00 -2.5599182872e-01  3.8477193638e+00  1.0121029183e+00  1.4631037834e+00  2.9139325924e+00  1.0795175309e+00  4.3459155858e-01 -1.0102986259e+00  9.5459203923e-01 -1.4799256848e+00  7.4912815248e-01 -1.1726539581e-01 -1.9053075182e-01 -1.7034909716e+00 -2.1706265458e-01 -2.0472995994e+00 -3.2935477872e-02  1.8445980648e+00 -4.9549962423e-01 -3.2412029923e-02 -1.0521006983e+00 -9.7804753564e-01 -7.6352554653e-01 -2.1450486750e+00 -1.6646565663e+00 -1.5961204622e+00 -1.7012585339e+00 -3.1526392954e-02  2.6255505233e-01  3.0644156280e+00  7.0465188124e-01  1.7104625402e+00  2.9917362651e+00  2.4966631800e-01  5.6148390272e-01  1.4584236810e+00  1.5607018447e+00 -1.2473758962e+00  1.2334210752e+00 -1.8733613388e+00  1.8639136130e+00 -6.3950401662e-01  4.3534079442e-01  6.6051754316e+00  3.9454921912e+00 -1.3740748118e+00  3.7572764373e+00  6.6247829114e-01  2.8183361106e+00  1.6099789891e+00  1.8369246487e+00 -1.0103700769e+00  5.7814612449e+00 -6.5262941266e-01  2.1008752120e+00  4.1279013463e+00 -6.4900153401e-01  6.1483571063e-01 -2.2165159554e+00  2.7304094519e-01 -8.6976075735e-01 -2.4753420782e+00  1.9334100011e-01 -2.7535749092e+00 -7.6930037807e-01 -8.2497232878e-01 -2.6250199720e+00  6.6821696075e-01  2.3563159636e+00 -1.1773593550e+00 -7.3368148401e-01 -2.7448353412e+00 -9.2418715571e-01 -2.1361062651e+00 -2.8212339695e+00 -2.2382552449e+00 -9.5317484606e-01 -1.7146332927e+00 -2.3525227752e+00 -2.3325289721e+00 -2.2938439322e+00  7.3890046850e-01 -2.4116307502e-01 -9.6162996273e-01  4.8297731397e-01  8.8256011765e-01 -2.3641038607e+00 -5.8804862921e-01  9.3312698310e-01
ENERGY -8.522422144101e+03

JOB 19
COORDS  2.0365658293e+00 -3.4363257896e-01  5.1439236575e+00  4.9630470907e-01  1.3698028371e+00  4.3637235052e+00  2.2769802621e+00  5.7845447823e-01  2.8926618613e+00  9.2812551657e-01  4.8214992659e-01  5.3451485443e+00  2.7054962360e+00 -2.6739254813e-01  3.9287739912e+00  1.1834986486e+00  1.4134168509e+00  3.1479261008e+00  1.0557960509e+00  4.4196617977e-01 -1.0217587827e+00  7.9455555014e-01 -1.3033059316e+00  8.6795233595e-01 -1.7909551582e-02 -2.8332834728e-01 -1.8082516450e+00 -3.1513930381e-01 -1.9416312242e+00  4.6588183898e-02  1.7633007613e+00 -4.1661682484e-01  5.9254587928e-02 -1.0566502863e+00 -9.7605383294e-01 -8.9846267201e-01 -2.0396817715e+00 -1.7733988232e+00 -1.7689599969e+00 -1.8255320307e+00  7.3890199219e-02 -7.5473093322e-02  3.1240579046e+00  7.3272316496e-01  1.7481044493e+00  2.9171779413e+00  3.6278836470e-01  5.8609549905e-01  1.3578152932e+00  1.5983633224e+00 -1.2219387005e+00  9.6308812143e-01 -1.5879213514e+00  2.0367299570e+00 -6.5705645478e-03  4.0297318534e-01  7.0142582506e+00  4.2016959896e+00 -1.4142053946e+00  3.6244816634e+00  6.0644762028e-01  2.6769974374e+00  1.8327934607e+00  2.3685031657e+00 -1.0316113219e+00  5.9125440412e+00 -3.5201647639e-01  2.0220591102e+00  4.5344998265e+00 -4.9217799238e-01  4.4612831964e-01 -2.4691925588e+00  4.7148331072e-01 -1.0401319755e+00 -2.4374807183e+00  1.4801669786e-01 -2.7448359842e+00 -5.4527787308e-01 -1.0013227570e+00 -2.4168754985e+00  7.5245512894e-01  2.2823784573e+00 -1.1724209499e+00 -5.5609568355e-01 -2.5779028952e+00 -1.1103936864e+00 -2.4547278231e+00 -2.7821611750e+00 -2.2859038771e+00 -1.1477647420e+00 -1.5205710825e+00 -2.5298526106e+00 -2.3680913263e+00 -2.3489988086e+00  7.7422399250e-01 -7.3447024416e-01 -1.1670762349e+00  6.6353439970e-01  5.7008438452e-01 -2.5696008818e+00 -4.1082549613e-01  5.6512434240e-01
ENERGY -8.522421512515e+03

JOB 20
COORDS  2.1938423498e+00 -8.2616281156e-01  4.6731896424e+00  1.2388191139e+00  1.3906072988e+00  4.9892547344e+00  2.3371980642e+00  8.2784863047e-01  2.8787836701e+00  1.5106803493e+00  1.0179886205e-01  5.4552555930e+00  2.5996656630e+00 -4.4917461423e-01  3.3915319461e+00  1.6744616400e+00  1.7404981013e+00  3.7172106708e+00  9.8341098527e-01  5.4831776629e-01 -1.1891929341e+00  4.2583047913e-01 -4.6013791166e-01  9.0344508755e-01  2.1187987665e-01 -4.9864618961e-01 -1.9701757900e+00 -2.9920101882e-01 -1.6208589703e+00  2.5471378639e-01  1.6621445790e+00 -2.7851819523e-02  9.1025264797e-02 -9.0224920021e-01 -1.1518331730e+00 -1.1051727318e+00 -1.4653349319e+00 -2.3737636009e+00 -1.8470489904e+00 -2.0280802202e+00 -1.3107238023e-01 -8.5620926576e-01  2.9238493746e+00  1.3202238033e+00  1.6730047148e+00  2.7066543812e+00  9.2446242199e-01  5.1917802120e-01  1.0205378330e+00  1.7271175569e+00 -1.4607857707e+00 -3.7221252492e-02  1.7813686028e-01  1.8294446897e+00  9.4413614238e-01 -3.9770175703e-01  7.2141750524e+00  3.5550429625e+00 -1.7535990367e+00  2.3519659654e+00  1.2846323844e+00  3.4795468527e+00  3.0413478895e+00  2.4094838387e+00 -1.8199222150e+00  5.0474828554e+00  7.0047493883e-01  2.1045395674e+00  5.6016302104e+00 -2.1705309767e-01 -2.7226167187e-02 -2.8572158589e+00  9.1645579707e-01 -1.2746279315e+00 -2.2971739646e+00  3.9429215112e-01 -2.4516828191e+00  8.0211564518e-02 -1.0945676621e+00 -1.9579260275e+00  9.2345913327e-01  2.2098294300e+00 -9.2682268190e-01 -2.1075943257e-01 -1.8890758625e+00 -2.0790856578e+00 -2.8130818406e+00 -2.2613759338e+00 -2.8481994265e+00 -1.2633221087e+00 -6.8755643434e-01 -3.1226650944e+00 -2.0319744468e+00 -2.4722183812e+00  1.8195489824e-01 -1.8064974658e+00 -1.6732701467e+00  7.6697047286e-01 -3.4303057810e-01 -2.8180064674e+00 -5.7318623337e-01 -2.4087818026e-01
ENERGY -8.522423128380e+03

JOB 21
COORDS  2.2971508988e+00 -9.7773354137e-01  4.4742636314e+00  1.2341715866e+00  1.1444828676e+00  5.0092148584e+00  2.3456557174e+00  8.5123470049e-01  2.8506736043e+00  1.5612427301e+00 -1.7335697788e-01  5.3394707501e+00  2.6852081094e+00 -4.5204325947e-01  3.2387223596e+00  1.6503150280e+00  1.6449291239e+00  3.7816474290e+00  1.0489043594e+00  4.9137524853e-01 -1.2862737857e+00  3.4401268360e-01 -1.6072976168e-01  9.0999570306e-01  2.9664916340e-01 -6.5807690512e-01 -1.9312244266e+00 -3.8389487865e-01 -1.3880459655e+00  4.0632370420e-01  1.6306462868e+00  1.2497492631e-01  1.1073187439e-01 -8.8909405585e-01 -1.1331055475e+00 -1.0463086423e+00 -1.4506415678e+00 -2.4453086778e+00 -1.6147738010e+00 -1.9911487607e+00 -5.7431574381e-02 -1.0359605612e+00  2.8568533689e+00  1.4843799888e+00  1.6746612460e+00  2.6119401306e+00  1.1551574759e+00  5.0291558537e-01  1.1383190858e+00  1.6044949921e+00 -1.7525793734e+00 -1.2898699953e-01  6.1665380876e-01  1.7162040455e+00  1.0068580872e+00 -8.8267171137e-01  7.0276265810e+00  3.7787597658e+00 -1.5748262964e+00  2.1253415838e+00  1.2002292947e+00  3.4352085249e+00  3.3128568123e+00  2.5745330381e+00 -1.9877758070e+00  4.7516967433e+00  6.6703879792e-01  1.7668510349e+00  5.6914393065e+00 -6.0585592205e-02 -3.3573849617e-01 -2.9118274955e+00  9.9573409421e-01 -1.4926097651e+00 -2.0751353790e+00  2.9312909495e-01 -2.2507793432e+00  4.1110650988e-01 -1.2267711214e+00 -1.5956611438e+00  1.0696323670e+00  2.1903818051e+00 -8.0984155243e-01 -1.7561199630e-03 -1.8083147461e+00 -2.3017764383e+00 -2.6399893136e+00 -2.2945064350e+00 -2.7986898458e+00 -1.0125709866e+00 -6.8967683005e-01 -3.2331994759e+00 -1.6281813196e+00 -2.3670776975e+00  1.1014268815e-01 -2.0502771057e+00 -1.6356003679e+00  9.0228246326e-01 -6.5064781934e-01 -2.8312449939e+00 -3.7439195076e-01 -4.0988839879e-01
ENERGY -8.522426121250e+03

JOB 22
COORDS  1.8886163860e+00 -7.6679715445e-01  4.6549608180e+00  6.8322152189e-01  1.2978979486e+00  5.1012084306e+00  1.9801951266e+00  1.0708556184e+00  3.0391569309e+00  1.0389319518e+00 -6.5421948618e-03  5.4530961173e+00  2.3550672229e+00 -2.1357494835e-01  3.4586518327e+00  1.1783317578e+00  1.8278618475e+00  3.9153350700e+00  1.1725461234e+00  3.7548414687e-01 -1.2005627313e+00  7.3805732591e-02  1.5624479687e-01  9.5604817127e-01  4.7325138854e-01 -8.6183411878e-01 -1.7324127585e+00 -6.3364272931e-01 -1.1135825037e+00  5.3459307375e-01  1.4723167628e+00  2.9363850987e-01  3.2173966077e-01 -8.7342246715e-01 -1.1141508601e+00 -1.0027422436e+00 -1.4268807920e+00 -2.4847913381e+00 -1.4209486485e+00 -1.8814334385e+00 -1.0527389694e-02 -1.3736669210e+00  2.5358077748e+00  1.7372573680e+00  1.8977986730e+00  2.3580825782e+00  1.4046178603e+00  7.1326322627e-01  1.4253677388e+00  1.3563366850e+00 -1.8632484436e+00 -4.5009199976e-01  1.0381300840e+00  1.6064969445e+00  3.7150180273e-01 -7.5260214705e-01  7.0830472868e+00  3.6248453585e+00 -1.2600204402e+00  2.4647053817e+00  7.2036194142e-01  3.6164047582e+00  3.4495062247e+00  2.1957741971e+00 -1.7615521680e+00  4.9554769431e+00  3.7178332195e-02  1.8908196088e+00  5.7379723483e+00  3.1333888520e-01 -7.3698575069e-01 -2.8057260054e+00  1.1323438659e+00 -1.7271301831e+00 -1.5799946447e+00 -1.6019387459e-02 -1.9790752353e+00  8.0618138292e-01 -1.5836306900e+00 -1.1783723477e+00  1.0702689983e+00  2.0140921170e+00 -6.4458544600e-01  4.8875410971e-01 -1.6018736427e+00 -2.5185575812e+00 -2.5015819465e+00 -2.3802538401e+00 -2.6873232418e+00 -9.2121522960e-01 -7.3141841405e-01 -3.2915623200e+00 -1.1648732783e+00 -2.0697782328e+00 -1.3406827665e-02 -2.4519543081e+00 -1.5269016547e+00  9.8813738339e-01 -1.1022508953e+00 -2.8348541016e+00 -1.7343062684e-01 -8.6107507248e-01
ENERGY -8.522428559491e+03

JOB 23
COORDS  1.5660402091e+00 -2.0596861567e+00  4.2434793729e+00  4.3168031439e-01 -6.9551141230e-02  5.0604174389e+00  1.8816953580e+00  8.1109403659e-02  3.0952390413e+00  6.8535515880e-01 -1.4410255173e+00  5.1271172038e+00  2.1611310148e+00 -1.2861678145e+00  3.2435947979e+00  1.0546342796e+00  6.7898135992e-01  4.0659820677e+00  1.5246702347e+00  1.2512227633e-01 -1.2426912576e+00  1.6257814885e-03  8.7986905161e-02  7.0750589417e-01  6.4855376723e-01 -8.7608020640e-01 -1.9730961812e+00 -8.9023416551e-01 -9.2997423020e-01  2.9325367954e-02  1.4847711904e+00 -3.5866749075e-02  2.9902486527e-01 -8.2955894204e-01 -7.8831507519e-01 -1.5151411278e+00 -1.6294794068e+00 -1.9330683052e+00 -2.1545393931e+00 -1.4279221989e+00  5.6587710840e-01 -1.9394665718e+00  2.5641594025e+00  9.4456448093e-01  2.1691807558e+00  2.4291393061e+00  8.9949783123e-01  9.3353317743e-01  2.1733412230e+00  9.8598144853e-01 -1.7943144177e+00 -4.0900013198e-01  9.6616876111e-01  1.4370244707e+00 -1.6272833043e-01 -2.4889963873e+00  6.4843636142e+00  3.4654523425e+00 -2.1600530131e+00  2.1349627628e+00  7.7445055117e-01  2.5622125865e+00  4.0346187310e+00  1.7980090590e+00 -3.1144016966e+00  4.3324991186e+00 -2.2844479960e-01  4.1114412833e-01  5.7729217043e+00  7.3528250662e-01 -6.9055053709e-01 -3.0461397219e+00  1.0294854323e+00 -1.8859831601e+00 -1.7678568463e+00 -5.5581938456e-01 -1.9364866009e+00  3.1354105112e-01 -1.9109201991e+00 -7.8829457102e-01  3.9264794183e-01  1.7870142475e+00 -1.0703017457e+00  5.0011508575e-01 -1.5999707515e+00 -1.8636835890e+00 -3.2471394830e+00 -2.6794355052e+00 -1.8934014186e+00 -1.8450397001e+00 -1.2278496821e+00 -2.9107610479e+00 -1.8663340655e+00 -1.4011440894e+00  6.7097146764e-01 -3.0286919119e+00 -8.8485402170e-01  1.4150199823e+00 -1.5131549315e+00 -2.4704849718e+00  6.4440058978e-01 -1.6150151580e+00
ENERGY -8.522429966076e+03

