JOB 0
COORDS -2.1620949591e+00  1.7181668742e+00  1.0160072320e+00 -1.8866638673e-02  2.2881832249e+00  4.0178475482e+00 -1.5225230848e+00  2.4061603207e+00  4.1579220259e+00 -6.9488799584e-01 -3.5420998894e-01 -1.8477325910e+00  9.7210109722e-01  1.5250668185e+00 -1.3341623085e+00 -8.6155257530e-01  2.7206810610e+00  2.8406491542e+00  9.2460819399e-01  2.0639197117e-02 -2.0264337083e+00 -2.1052618665e+00  7.5323817077e-01 -1.6912991554e-01 -7.4648639345e-01  5.1900426035e-01 -6.8126065077e-01 -1.0143659466e+00  1.7950261704e+00  1.7531533355e+00 -3.1972316616e+00  2.3179152000e+00  1.2885116458e+00 -4.2111551472e-01  1.7017020809e+00 -1.5288535207e+00  1.7662186203e+00 -9.4983961740e-01 -1.4425871735e+00  6.1200354084e-01  3.0355779352e+00  4.4893448081e+00  4.0465498132e-01  1.2879964230e+00  3.9892743496e+00 -2.1000804119e+00  1.4893675714e+00  4.2051761326e+00 -1.9318069962e+00  3.2372581971e+00  4.7230343169e+00 -1.3582377972e+00 -5.1525334115e-02 -2.6600910112e+00 -7.9545378547e-01 -1.4151706186e+00 -1.5981887371e+00  1.2993110308e+00  1.5515373315e+00 -2.9320364604e-01  1.5203871774e+00  2.2427687552e+00 -1.9507196150e+00 -8.2186314677e-01  3.7681326061e+00  2.5488372125e+00  1.2210065834e+00  8.9948034115e-02 -3.0750832788e+00 -2.4880809799e+00 -2.1647102958e-01  1.6993038074e-01 -2.7799462680e+00  1.1339441844e+00 -9.4315234678e-01 -1.9228622344e-01  1.3527240088e+00  1.3609865977e+00  1.5322548601e+00 -1.0040631044e+00 -5.0095593602e-01
ENERGY -6.484361572024e+02

JOB 1
COORDS -2.1782160465e+00  1.7589594678e+00  1.0499518069e+00 -4.9864638442e-02  2.3493474108e+00  4.0557312072e+00 -1.5566524960e+00  2.4066172176e+00  4.2007589264e+00 -6.2433946597e-01 -3.1938773131e-01 -1.7781754217e+00  1.0564083245e+00  1.4422160192e+00 -1.4720916182e+00 -9.1158761410e-01  2.7724766195e+00  2.8889563818e+00  9.1068442502e-01 -2.6095569795e-02 -2.0711398002e+00 -2.0876422921e+00  8.3370389962e-01 -1.6557867608e-01 -7.1904354906e-01  5.8787498095e-01 -6.2345580882e-01 -1.0323457636e+00  1.8630865778e+00  1.7841937065e+00 -3.2382109966e+00  2.3063455499e+00  1.3385495633e+00 -3.2618816118e-01  1.7828843157e+00 -1.3977430509e+00  1.7798994599e+00 -9.7299512095e-01 -1.4689014840e+00  5.5276633261e-01  3.1109451422e+00  4.5412799688e+00  4.1167529491e-01  1.3670434701e+00  4.0056768428e+00 -2.0986297626e+00  1.4676410579e+00  4.2303644281e+00 -1.9961493304e+00  3.2098889772e+00  4.7831922035e+00 -1.3013056955e+00 -2.7110849191e-02 -2.5870303978e+00 -7.6850509734e-01 -1.3657485205e+00 -1.4953565662e+00  1.5444072031e+00  1.4421648372e+00 -4.9185812562e-01  1.5470785426e+00  2.1421890640e+00 -2.1519544103e+00 -9.1281810457e-01  3.8263973930e+00  2.6181013711e+00  1.1414763340e+00 -5.1610753900e-02 -3.1373199958e+00 -2.5114923142e+00 -1.3454760802e-01  1.2235991072e-01 -2.7168750915e+00  1.2574037095e+00 -9.5689417934e-01 -1.9438911017e-01  1.4746635623e+00  1.3674984725e+00  1.5984160717e+00 -9.6503536964e-01 -5.1410453976e-01
ENERGY -6.484724508147e+02

JOB 2
COORDS -2.1846866032e+00  1.7652743406e+00  1.0794140445e+00 -1.0848888484e-01  2.2827482681e+00  4.1343800008e+00 -1.6174339069e+00  2.3422122287e+00  4.2548365140e+00 -5.8629711209e-01 -3.4242142355e-01 -1.6997347482e+00  1.0630043491e+00  1.4128124462e+00 -1.6545939001e+00 -9.4878865559e-01  2.7324274033e+00  2.9619855039e+00  8.7617115395e-01 -6.5462824657e-02 -2.1324761433e+00 -2.0743658656e+00  8.6905381572e-01 -1.5686468849e-01 -7.0324333886e-01  6.0399016801e-01 -5.7905127376e-01 -1.0534253420e+00  1.8458320828e+00  1.8374214883e+00 -3.2492633812e+00  2.3092766572e+00  1.3583937987e+00 -2.4951878669e-01  1.8181658515e+00 -1.2711632536e+00  1.8190465135e+00 -9.5562484726e-01 -1.5459596079e+00  4.8796284688e-01  3.0322123840e+00  4.6457911343e+00  3.5083483319e-01  1.3001763255e+00  4.0715660097e+00 -2.1626524262e+00  1.4046391031e+00  4.2559926762e+00 -2.0643147530e+00  3.1348859129e+00  4.8461431668e+00 -1.3054357173e+00 -1.0618049213e-01 -2.4957739571e+00 -7.1425424659e-01 -1.3731891066e+00 -1.3611270625e+00  1.7550101548e+00  1.4449943689e+00 -8.0265208782e-01  1.4005978297e+00  2.0954171171e+00 -2.4364800581e+00 -9.4208924035e-01  3.7917449484e+00  2.7128526091e+00  1.0089387474e+00 -1.7588690526e-01 -3.2094505115e+00 -2.5283051050e+00 -9.5188798830e-02  9.4786015596e-02 -2.6690949826e+00  1.3258446694e+00 -9.5768374878e-01 -2.0901950006e-01  1.4717374822e+00  1.4194033748e+00  1.7213352222e+00 -8.8907834705e-01 -5.8117078195e-01
ENERGY -6.484879712566e+02

JOB 3
COORDS -2.1610035788e+00  1.8114673464e+00  1.0997012435e+00 -1.4179235625e-01  2.2360046268e+00  4.2070664118e+00 -1.6522373099e+00  2.3073774349e+00  4.3000200720e+00 -5.6702953701e-01 -3.1696515274e-01 -1.6649630587e+00  1.0475397590e+00  1.4245372669e+00 -1.8389232351e+00 -9.5506080256e-01  2.7181595157e+00  3.0287690914e+00  8.8376873638e-01 -9.4434647220e-02 -2.0975806423e+00 -2.0423769868e+00  9.4216843172e-01 -1.5498300312e-01 -6.7335609264e-01  6.2164652019e-01 -5.3862838974e-01 -1.0463138353e+00  1.8562030089e+00  1.8839092883e+00 -3.2225795145e+00  2.3676861846e+00  1.3667369653e+00 -1.3203782106e-01  1.8526028999e+00 -1.1399322108e+00  1.8025735180e+00 -8.7957849955e-01 -1.3424766191e+00  4.5154116171e-01  2.9689376965e+00  4.7453494605e+00  3.0970751376e-01  1.2506670772e+00  4.1323053562e+00 -2.2057446811e+00  1.3750939329e+00  4.2709743075e+00 -2.1032564118e+00  3.0916522036e+00  4.8993507394e+00 -1.2722598516e+00 -5.9403137041e-02 -2.4702558890e+00 -7.3909776194e-01 -1.3407147183e+00 -1.3259175529e+00  1.9464935900e+00  1.5991123048e+00 -1.2352141184e+00  1.1031751278e+00  2.0169543240e+00 -2.7555802980e+00 -9.3392015712e-01  3.7823174024e+00  2.8021252544e+00  1.0564235490e+00 -3.6477899666e-01 -3.1399134722e+00 -2.5486598852e+00 -5.1471215162e-03  5.7782066157e-02 -2.5855942161e+00  1.4458484768e+00 -9.6474044860e-01 -1.9625236430e-01  1.4869422728e+00  1.4734641557e+00  1.6112834124e+00 -7.1804381689e-01 -4.0260398041e-01
ENERGY -6.484902414179e+02

JOB 4
COORDS -2.1212598090e+00  1.8579788535e+00  1.0712929735e+00 -1.9324525659e-01  2.2451293724e+00  4.2412435231e+00 -1.7045592409e+00  2.3400892650e+00  4.2887336111e+00 -5.2912231912e-01 -3.4880426911e-01 -1.6305566603e+00  1.0417417442e+00  1.3736418654e+00 -1.9589370227e+00 -9.6303394734e-01  2.7379221308e+00  3.0386414267e+00  9.2787863616e-01 -1.5641484023e-01 -2.0424556014e+00 -1.9883190794e+00  9.8740963300e-01 -1.8098796719e-01 -6.2482639367e-01  5.8518091860e-01 -5.0180626559e-01 -1.0330129291e+00  1.8749224675e+00  1.8926659540e+00 -3.1763868791e+00  2.4420988670e+00  1.3029366832e+00  4.1922672779e-02  1.8066006836e+00 -1.0138249211e+00  1.8217388507e+00 -8.2727398904e-01 -1.1598062970e+00  3.9503665634e-01  2.9696830479e+00  4.7961387091e+00  2.4498161070e-01  1.2528447208e+00  4.1811231075e+00 -2.2711645630e+00  1.4162896855e+00  4.2442183827e+00 -2.1612135933e+00  3.1322057044e+00  4.8733232482e+00 -1.2146876889e+00 -8.0053203457e-02 -2.4500942002e+00 -7.3362069314e-01 -1.3657417682e+00 -1.2892492289e+00  2.0351907391e+00  1.6716138796e+00 -1.6103370002e+00  8.2959013419e-01  1.8509165920e+00 -2.9218127038e+00 -9.1869800952e-01  3.8011398812e+00  2.8110704077e+00  1.1448040279e+00 -5.3567467601e-01 -3.0421164171e+00 -2.5586141954e+00  7.0851504986e-02  4.1218618376e-03 -2.4629376857e+00  1.5241414410e+00 -1.0125671727e+00 -1.7431235964e-01  1.4979113703e+00  1.5086637273e+00  1.5392728294e+00 -6.1081147392e-01 -2.5409040682e-01
ENERGY -6.484895251323e+02

JOB 5
COORDS -2.0874467082e+00  1.9639725514e+00  9.4857107908e-01 -3.7468799339e-01  2.2442865042e+00  4.2518668985e+00 -1.8732589830e+00  2.4578811911e+00  4.1872714217e+00 -4.6572886840e-01 -3.8880113901e-01 -1.6026307036e+00  9.9754318608e-01  1.3650413757e+00 -2.1076100639e+00 -1.0135128706e+00  2.7781051441e+00  2.9915770512e+00  9.6189434835e-01 -1.6481145908e-01 -2.0959655670e+00 -1.9285738875e+00  1.0595313220e+00 -2.7625545997e-01 -5.6750378563e-01  5.9085706387e-01 -5.1024143499e-01 -1.0672476730e+00  1.9069313492e+00  1.8511254159e+00 -3.1060035213e+00  2.6353880400e+00  1.0904162948e+00  1.9883538410e-01  1.7763464953e+00 -9.8368526262e-01  1.9299208869e+00 -7.3827263179e-01 -1.2247358963e+00  2.2723032942e-01  2.9285531091e+00  4.8421583513e+00 -1.3104115811e-02  1.2199743280e+00  4.2330281951e+00 -2.5063134050e+00  1.5805715811e+00  4.1095212663e+00 -2.3069964008e+00  3.2916842056e+00  4.7298659364e+00 -1.1910693987e+00 -1.9524326569e-01 -2.4084026562e+00 -6.1455215354e-01 -1.3949697760e+00 -1.2052380815e+00  2.0106661324e+00  1.7511610785e+00 -1.9712008951e+00  5.6926074922e-01  1.7635946316e+00 -3.0362991032e+00 -8.6871223712e-01  3.8311020695e+00  2.7584939478e+00  1.1425245230e+00 -5.9441473813e-01 -3.0826922333e+00 -2.5479973659e+00  1.7229890915e-01 -1.0284880300e-01 -2.3350194722e+00  1.5966744648e+00 -1.1428478661e+00 -2.1838119526e-01  1.4485566417e+00  1.5400868733e+00  1.7130277326e+00 -4.4663285787e-01 -3.2268865408e-01
ENERGY -6.484888399691e+02

JOB 6
COORDS -2.0305253647e+00  1.9884855638e+00  9.1426169471e-01 -5.1892213204e-01  2.1469898655e+00  4.3213420241e+00 -1.9849125963e+00  2.4919648602e+00  4.1562721255e+00 -4.2492894033e-01 -4.9319490134e-01 -1.5211484835e+00  8.9206384845e-01  1.3169436758e+00 -2.1801309801e+00 -1.0223104258e+00  2.7268252900e+00  3.0205480165e+00  9.3196139709e-01 -2.0937534528e-01 -2.1670773002e+00 -1.8657271668e+00  1.0581101161e+00 -2.9002688941e-01 -5.1606794596e-01  5.2645960523e-01 -4.5548951692e-01 -1.0769872695e+00  1.8568452501e+00  1.8794796993e+00 -2.9982125471e+00  2.7414391801e+00  9.8680369863e-01  3.3182639090e-01  1.6634731285e+00 -9.0502870599e-01  2.0209571369e+00 -7.2588033341e-01 -1.4114532546e+00  1.0055059167e-01  2.7793464139e+00  4.9501492486e+00 -2.4891583159e-01  1.0946925018e+00  4.3272336662e+00 -2.6868109731e+00  1.6737108819e+00  4.0368879264e+00 -2.3781529871e+00  3.3644340491e+00  4.6680806394e+00 -1.2276610715e+00 -3.8719129198e-01 -2.2657872759e+00 -4.6697425522e-01 -1.4903513541e+00 -1.0781866814e+00  1.8854753353e+00  1.7668275551e+00 -2.2350170922e+00  2.6600505927e-01  1.6912564879e+00 -3.0021137262e+00 -7.6903120004e-01  3.7613246619e+00  2.7973545419e+00  1.0171460690e+00 -6.4237602140e-01 -3.1652922238e+00 -2.5308373555e+00  2.0152111191e-01 -1.2956773826e-01 -2.2155878747e+00  1.5982427926e+00 -1.1793997342e+00 -2.5523836682e-01  1.3198557857e+00  1.6251468393e+00  1.9697761543e+00 -3.3443597010e-01 -5.2303285999e-01
ENERGY -6.484887934707e+02

JOB 7
COORDS -1.9369435394e+00  2.0519601427e+00  9.0566415257e-01 -6.1415925004e-01  2.1336177956e+00  4.3918357365e+00 -2.0400473794e+00  2.5801949999e+00  4.1409771260e+00 -3.5917326371e-01 -5.5306974165e-01 -1.4270803180e+00  8.1181088589e-01  1.3349372991e+00 -2.1646305700e+00 -9.9961938640e-01  2.7365827674e+00  3.0617124683e+00  8.8603735083e-01 -1.8634117677e-01 -2.2451872749e+00 -1.7707462287e+00  1.1003844324e+00 -2.8194553847e-01 -4.4407663031e-01  4.9355730835e-01 -3.7500036670e-01 -1.0500432699e+00  1.8635149996e+00  1.9229430927e+00 -2.8528211508e+00  2.8706133746e+00  9.1966917671e-01  4.8793682724e-01  1.5640608076e+00 -7.8639862146e-01  2.0892169330e+00 -6.9776060787e-01 -1.6839521966e+00  1.1752131539e-02  2.7257257656e+00  5.0526422858e+00 -4.2040325278e-01  1.0649669139e+00  4.4176097518e+00 -2.7905523128e+00  1.8128608288e+00  3.9848019978e+00 -2.3987376419e+00  3.4827040550e+00  4.6253755411e+00 -1.2469874434e+00 -5.4478328163e-01 -2.0728694583e+00 -2.5659874384e-01 -1.5375871407e+00 -9.6621700118e-01  1.7678651710e+00  1.8249858874e+00 -2.3571229185e+00  3.9527389178e-02  1.7407436642e+00 -2.8335165757e+00 -6.6110099933e-01  3.7487484692e+00  2.8492549833e+00  8.3521415021e-01 -5.7055519605e-01 -3.2656271546e+00 -2.4897170053e+00  2.8442988789e-01 -1.4467373675e-01 -2.0545175344e+00  1.6495386331e+00 -1.1896168443e+00 -2.5727192076e-01  1.2644967002e+00  1.7189563695e+00  2.2008431349e+00 -2.8079834049e-01 -8.1241068180e-01
ENERGY -6.484891986739e+02

JOB 8
COORDS -1.8854259419e+00  2.0418756390e+00  9.0977562666e-01 -7.5918490551e-01  2.0814893105e+00  4.4635364333e+00 -2.1396805206e+00  2.6076795593e+00  4.1276424953e+00 -2.8364561022e-01 -6.5466451108e-01 -1.3172558004e+00  7.2333712361e-01  1.3469430177e+00 -2.0770179589e+00 -1.0314596881e+00  2.6937514603e+00  3.1098431888e+00  7.7387095426e-01 -1.5716876959e-01 -2.3277571447e+00 -1.7081959849e+00  1.0712691076e+00 -2.6162083137e-01 -4.0179162989e-01  4.1113108907e-01 -2.8327597994e-01 -1.0672649506e+00  1.8147173677e+00  1.9751171134e+00 -2.7554042196e+00  2.9085546238e+00  8.6843553565e-01  5.9894841096e-01  1.4135952739e+00 -6.4631341735e-01  2.0674399255e+00 -6.9801903685e-01 -2.0770571657e+00 -1.3893587354e-01  2.6423481491e+00  5.1561697850e+00 -6.2971008019e-01  1.0037303525e+00  4.5061906248e+00 -2.9235472514e+00  1.8838921641e+00  3.9324004256e+00 -2.4724119845e+00  3.5338637912e+00  4.5851292911e+00 -1.2479040366e+00 -8.1991831468e-01 -1.8085666880e+00  4.5460084847e-02 -1.5903957402e+00 -8.5993624055e-01  1.6482872878e+00  1.8586476912e+00 -2.3471735667e+00 -1.2963797066e-01  1.8246775993e+00 -2.5773290025e+00 -6.2242262207e-01  3.6825780764e+00  2.9118088996e+00  5.2726603426e-01 -4.3501016837e-01 -3.3540193918e+00 -2.4638542365e+00  2.8659217476e-01 -1.4575648624e-01 -1.9407835139e+00  1.6228598889e+00 -1.1818670811e+00 -2.9625034150e-01  1.1747952204e+00  1.8158270523e+00  2.3486357204e+00 -3.7962141727e-01 -1.2020675692e+00
ENERGY -6.484890458806e+02

JOB 9
COORDS -1.8404224682e+00  2.1096045963e+00  8.8855681645e-01 -9.7097469061e-01  2.2034287688e+00  4.5124762870e+00 -2.3108260510e+00  2.7541532500e+00  4.0685147739e+00 -1.0609656992e-01 -6.3841919935e-01 -1.1540688519e+00  7.6244595478e-01  1.4838019395e+00 -1.8850621855e+00 -1.1317453260e+00  2.7902878565e+00  3.1302133946e+00  4.8607698630e-01  6.2911449653e-02 -2.4156124046e+00 -1.6162436550e+00  1.0979667223e+00 -2.3987122467e-01 -3.2256246648e-01  4.1447655798e-01 -1.5511954143e-01 -1.1097157158e+00  1.8856609971e+00  2.0154348711e+00 -2.6721005346e+00  3.0050923906e+00  7.5985824118e-01  7.5102422033e-01  1.3416477318e+00 -4.4847646894e-01  1.6371262737e+00 -6.0476068178e-01 -2.9248621668e+00 -3.8692299913e-01  2.7652580443e+00  5.2350982487e+00 -8.7208852532e-01  1.1241852358e+00  4.5874043086e+00 -3.0969413193e+00  2.0444862978e+00  3.8341403934e+00 -2.6515868794e+00  3.6982099818e+00  4.4813897982e+00 -1.0341159408e+00 -1.1778714704e+00 -1.3528850216e+00  6.3093592978e-01 -1.3479726378e+00 -7.6568102145e-01  1.7533701606e+00  1.8437272804e+00 -2.1675770445e+00  9.6119695628e-03  2.2093018315e+00 -2.2122106551e+00 -6.8490097722e-01  3.7641204533e+00  2.9400993960e+00 -2.1761832811e-01  7.5665752870e-02 -3.2496295242e+00 -2.3876698423e+00  3.2714066958e-01 -1.3998268132e-01 -1.7987974840e+00  1.6231498992e+00 -1.1850573847e+00 -3.5066796245e-01  1.2178257309e+00  1.9302713609e+00  2.3029457821e+00 -6.3727474250e-01 -2.2178146629e+00
ENERGY -6.484876818434e+02

JOB 10
COORDS -1.7845565580e+00  2.0207827465e+00  8.5057328591e-01 -1.0244096877e+00  2.1647846346e+00  4.4996679018e+00 -2.3093917585e+00  2.7922645504e+00  3.9991865108e+00 -2.2578621010e-02 -7.6187926420e-01 -1.1361742694e+00  7.3873976826e-01  1.4849273036e+00 -1.7039085541e+00 -1.1051146046e+00  2.7156454583e+00  3.0959349724e+00  4.4035294257e-01  1.0188450983e-01 -2.3790188744e+00 -1.5876663182e+00  9.6514423727e-01 -2.4360562295e-01 -3.1772438975e-01  2.5491239366e-01 -1.3023409937e-01 -1.1163532755e+00  1.7742913721e+00  2.0111958071e+00 -2.5422281913e+00  2.9699983370e+00  6.6529473931e-01  8.5320101060e-01  1.0857208790e+00 -3.2610041831e-01  1.5564667495e+00 -4.5661497101e-01 -3.0622197746e+00 -4.2247635213e-01  2.7083729124e+00  5.2215419828e+00 -1.0034819884e+00  1.0843662859e+00  4.6106414324e+00 -3.1365839368e+00  2.1313344012e+00  3.7636271861e+00 -2.5942011247e+00  3.7707045979e+00  4.3724711156e+00 -8.9263194665e-01 -1.3867137384e+00 -1.3509241342e+00  7.9990647832e-01 -1.3854933552e+00 -7.7877222534e-01  1.7040770388e+00  1.8844261886e+00 -2.0200322198e+00 -3.5151987955e-02  2.2422142198e+00 -1.8484164414e+00 -5.8550794483e-01  3.6490310882e+00  2.8885620231e+00 -3.4375016636e-01  1.7271539278e-01 -3.1358975780e+00 -2.3614952029e+00  2.0213979944e-01 -1.0626229235e-01 -1.7881355528e+00  1.4549863459e+00 -1.2030397259e+00 -3.9218574058e-01  1.0648166911e+00  1.9635168875e+00  2.2799688018e+00 -5.5531243700e-01 -2.4212624509e+00
ENERGY -6.484784647074e+02

JOB 11
COORDS -1.7752660424e+00  1.9876825374e+00  8.2123904575e-01 -9.9520097895e-01  2.1620136405e+00  4.4639294956e+00 -2.2720188879e+00  2.8050371102e+00  3.9624868488e+00 -1.3486134132e-03 -8.5501872903e-01 -1.1004819439e+00  7.1742590195e-01  1.4985284279e+00 -1.5025131323e+00 -1.0721858171e+00  2.7016071330e+00  3.0557732796e+00  4.1288148557e-01  1.3825961153e-01 -2.3150214050e+00 -1.5987577984e+00  9.0911195906e-01 -2.5578654149e-01 -3.6072438795e-01  1.6129084310e-01 -1.2063713198e-01 -1.1010135765e+00  1.7513352255e+00  1.9791173809e+00 -2.5161011884e+00  2.9469483302e+00  6.2018214926e-01  9.1813387486e-01  8.5511345704e-01 -2.4022795361e-01  1.5228241496e+00 -3.1096308723e-01 -3.0757333148e+00 -3.8196710638e-01  2.7023326879e+00  5.1786670873e+00 -9.9073227849e-01  1.0824288993e+00  4.5844137165e+00 -3.1103667409e+00  2.1551257059e+00  3.7358480072e+00 -2.5401205684e+00  3.7911667323e+00  4.3277782954e+00 -8.4249423160e-01 -1.5013421320e+00 -1.3690467339e+00  8.3722679635e-01 -1.4477079049e+00 -7.3705130666e-01  1.6655379304e+00  1.9334998711e+00 -1.8264347746e+00 -5.5858824503e-02  2.2660196376e+00 -1.4877477440e+00 -5.3882043873e-01  3.6247947455e+00  2.8382989195e+00 -4.0388002776e-01  2.3610990185e-01 -3.0344362565e+00 -2.3821644943e+00  1.5941425371e-01 -9.8286417009e-02 -1.8047187865e+00  1.3816161849e+00 -1.2227474812e+00 -3.9894708013e-01  1.0192221212e+00  1.9429819965e+00  2.2651963808e+00 -4.4825550041e-01 -2.4643266700e+00
ENERGY -6.484520196093e+02

JOB 12
COORDS -1.7921102610e+00  1.9876467227e+00  7.8045904120e-01 -9.6385293375e-01  2.2183093061e+00  4.4029703447e+00 -2.2710754126e+00  2.8066778929e+00  3.9131448681e+00 -3.2669935166e-02 -9.4573793838e-01 -1.0221768509e+00  7.3793297410e-01  1.5348229306e+00 -1.2971455742e+00 -1.0766478606e+00  2.7509964275e+00  2.9946740344e+00  3.9008246754e-01  1.5821976316e-01 -2.2505044158e+00 -1.6032455069e+00  9.0319944092e-01 -2.8973106876e-01 -4.0074076333e-01  1.1400053008e-01 -1.1405818922e-01 -1.0744518757e+00  1.7991625264e+00  1.9193813226e+00 -2.5704051474e+00  2.9177416482e+00  5.8298254713e-01  9.6380174643e-01  6.7434640016e-01 -2.0294094199e-01  1.4951196694e+00 -2.1353062466e-01 -3.0415027514e+00 -3.6622985769e-01  2.7849204226e+00  5.1105047128e+00 -9.1338015956e-01  1.1400868152e+00  4.5255058364e+00 -3.0840492659e+00  2.1221838106e+00  3.6960432181e+00 -2.5763296302e+00  3.7817007257e+00  4.2790685598e+00 -8.7552340401e-01 -1.5701789799e+00 -1.3376133853e+00  7.9303244518e-01 -1.5422386507e+00 -6.4248281465e-01  1.6867353195e+00  1.9634186616e+00 -1.6287519226e+00 -5.6220686463e-03  2.3152020343e+00 -1.1473684365e+00 -5.8418392228e-01  3.6949886473e+00  2.7707892638e+00 -4.4264030577e-01  2.7727622164e-01 -2.9495689745e+00 -2.4045342861e+00  1.6958658489e-01 -1.4463050826e-01 -1.7778526924e+00  1.3708952346e+00 -1.2650368896e+00 -3.7438627242e-01  1.0645059688e+00  1.8961346736e+00  2.2398487924e+00 -3.9225125272e-01 -2.4439662752e+00
ENERGY -6.484054207326e+02

