JOB 0
COORDS -6.7714638695e-01  6.2227103520e-01  1.1671909609e+00  4.6221748969e-01  1.0200757475e+00  5.0076023084e-01  7.4051655028e-01  4.7673040626e-01 -8.1646679517e-01 -1.3324985422e+00 -7.9802740535e-01 -5.0011595728e-01 -2.1348762670e+00 -1.9477667914e+00 -1.0389042967e+00  2.3566789330e+00  3.3843781373e+00  2.5397270731e+00  1.1836856592e+00  2.4605215725e+00  2.2653219828e+00 -1.5601774174e+00 -3.1621457990e-01  6.8990472157e-01 -2.8080702705e-01 -3.5485416994e-01 -1.2591665286e+00  1.3851410904e+00  1.8887493120e+00  9.6471284556e-01  2.0672548868e+00  7.9188097394e-01 -1.7691856212e+00 -9.2017120774e-01  1.0185761701e+00  2.1474185122e+00 -2.4309443485e+00 -1.7895874960e+00 -2.0817055191e+00 -3.0289776435e+00 -2.0757121976e+00 -4.2904830040e-01 -1.5433725329e+00 -2.8691991576e+00 -9.9334423794e-01  3.2974741909e+00  2.8277987359e+00  2.5172451229e+00  2.4057722325e+00  4.1767372647e+00  1.7879583772e+00  2.2441333124e+00  3.8438454118e+00  3.5269428400e+00  2.3383242152e-01  3.0116193418e+00  2.2795171944e+00  1.1278381088e+00  1.6571731911e+00  3.0121719161e+00 -1.2118661618e-01 -7.5866679912e-01 -2.1791653924e+00
ENERGY -8.557426298188e+02

JOB 1
COORDS -7.3932420631e-01  7.0008151971e-01  1.1285395230e+00  4.1903063590e-01  1.0688110408e+00  4.7770037970e-01  6.9361592189e-01  5.2088197472e-01 -8.3965821042e-01 -1.3908048879e+00 -7.2882728471e-01 -5.3397398817e-01 -2.0520502097e+00 -1.9954433005e+00 -9.9654674260e-01  2.3837594400e+00  3.3267565771e+00  2.5700165876e+00  1.1758320234e+00  2.4581935470e+00  2.2680004880e+00 -1.6079661341e+00 -2.5819629393e-01  6.6222713574e-01 -3.8482854112e-01 -2.1676034306e-01 -1.3181810785e+00  1.3652560905e+00  1.9026806083e+00  9.5852245494e-01  2.0509336577e+00  7.6773538524e-01 -1.7659264948e+00 -9.9039095153e-01  1.1081983520e+00  2.1018800186e+00 -2.3113626537e+00 -1.9705843217e+00 -2.0606443114e+00 -2.9554170357e+00 -2.1689591011e+00 -4.1149824884e-01 -1.3635010986e+00 -2.8328076436e+00 -8.3680009590e-01  3.3007215729e+00  2.7318625148e+00  2.5441326836e+00  2.4725112346e+00  4.1309101724e+00  1.8345559044e+00  2.2816534303e+00  3.7714218785e+00  3.5651128653e+00  2.5003767975e-01  3.0487066910e+00  2.2848038583e+00  1.0789312793e+00  1.6436834538e+00  2.9983800437e+00 -2.2875867501e-01 -6.2393140333e-01 -2.2375572942e+00
ENERGY -8.557384066550e+02

JOB 2
COORDS -8.1784870990e-01  7.8089037008e-01  1.0763428870e+00  3.6564055221e-01  1.1049118762e+00  4.4491667980e-01  6.3728396209e-01  5.4716822403e-01 -8.7225187796e-01 -1.4681052183e+00 -6.5690466909e-01 -5.8085046311e-01 -1.9764354611e+00 -2.0237694448e+00 -9.4472658513e-01  2.3999447061e+00  3.2536721741e+00  2.5858088617e+00  1.1559744878e+00  2.4484553880e+00  2.2559143559e+00 -1.6792298973e+00 -1.8979618060e-01  6.1817721079e-01 -4.9288310447e-01 -9.3847252849e-02 -1.3766138851e+00  1.3392982602e+00  1.8954505594e+00  9.4442119819e-01  2.0187531064e+00  7.1873584833e-01 -1.7741084292e+00 -1.0768047390e+00  1.2061340887e+00  2.0401444334e+00 -2.2227256794e+00 -2.1244376228e+00 -2.0076981151e+00 -2.8578933701e+00 -2.2581190885e+00 -3.4737371304e-01 -1.1878972828e+00 -2.7479503688e+00 -7.1131529422e-01  3.2867290445e+00  2.6142958151e+00  2.5702842929e+00  2.5410712640e+00  4.0583240888e+00  1.8591101193e+00  2.3028114376e+00  3.6950443863e+00  3.5828665970e+00  2.6036139522e-01  3.0839217285e+00  2.2633643207e+00  1.0065240474e+00  1.6331159463e+00  2.9764444694e+00 -3.3997212976e-01 -4.9850004818e-01 -2.2980351000e+00
ENERGY -8.557311766432e+02

JOB 3
COORDS -8.8206254208e-01  8.5956581092e-01  1.0296134369e+00  3.2727166640e-01  1.1290988361e+00  4.2023288148e-01  5.9003749744e-01  5.5649399438e-01 -8.9549523024e-01 -1.5291577156e+00 -6.0279751325e-01 -6.1151505705e-01 -1.8612535672e+00 -2.0445193970e+00 -8.8404278701e-01  2.4243661310e+00  3.1724964083e+00  2.6026912043e+00  1.1473701917e+00  2.4336002703e+00  2.2450534472e+00 -1.7378684606e+00 -1.2331275791e-01  5.8380434454e-01 -5.8787644809e-01  1.7704226311e-02 -1.4191710848e+00  1.3296768304e+00  1.8703571515e+00  9.3767716960e-01  1.9877648304e+00  6.4813123023e-01 -1.7780936215e+00 -1.1507249209e+00  1.3101695038e+00  1.9791431165e+00 -2.1051504605e+00 -2.2504516320e+00 -1.9324762209e+00 -2.6929323958e+00 -2.3573335836e+00 -2.5192358756e-01 -9.7361676798e-01 -2.6315271423e+00 -6.2246252657e-01  3.2765093829e+00  2.4874208274e+00  2.6064132780e+00  2.6236044489e+00  3.9683574318e+00  1.8799175877e+00  2.3286462921e+00  3.6188255780e+00  3.5976677169e+00  2.8664636831e-01  3.1154061596e+00  2.2328813013e+00  9.3876715258e-01  1.6275868249e+00  2.9614014618e+00 -4.4635046257e-01 -3.9239595983e-01 -2.3405615033e+00
ENERGY -8.557209329194e+02

JOB 4
COORDS -9.5528903944e-01  9.3439468388e-01  9.7336944639e-01  2.7622854703e-01  1.1531805659e+00  3.8443995852e-01  5.2762635306e-01  5.7101661232e-01 -9.3443726592e-01 -1.5998783632e+00 -5.4879762257e-01 -6.5543362328e-01 -1.7433362556e+00 -2.0414502932e+00 -8.0961848028e-01  2.4341313602e+00  3.0803569130e+00  2.6130314621e+00  1.1276559152e+00  2.4102532826e+00  2.2277312914e+00 -1.8073228424e+00 -5.7128408576e-02  5.3719151749e-01 -6.8756339915e-01  1.2542284129e-01 -1.4681612335e+00  1.3038435360e+00  1.8452123505e+00  9.1997600140e-01  1.9315260305e+00  5.9643563943e-01 -1.8043699159e+00 -1.2296038538e+00  1.4047023618e+00  1.9115300977e+00 -1.9412923555e+00 -2.3715583518e+00 -1.8357395511e+00 -2.5323130445e+00 -2.4071945513e+00 -1.5161976041e-01 -7.8527665148e-01 -2.4711313942e+00 -4.9497708906e-01  3.2496998397e+00  2.3522581915e+00  2.6288557896e+00  2.6876808022e+00  3.8684663869e+00  1.8988121874e+00  2.3428162046e+00  3.5263248940e+00  3.6085816490e+00  3.0365726972e-01  3.1356231393e+00  2.2040685993e+00  8.6409455340e-01  1.6119147198e+00  2.9344522005e+00 -5.5863973069e-01 -2.8034523428e-01 -2.3939060213e+00
ENERGY -8.557077275895e+02

JOB 5
COORDS -1.0260682188e+00  9.9836629359e-01  9.1181722356e-01  2.2589214412e-01  1.1653294380e+00  3.4294778071e-01  4.6563425550e-01  5.7962030353e-01 -9.8180004479e-01 -1.6638934922e+00 -5.1121952473e-01 -7.0289755464e-01 -1.6107253628e+00 -2.0227343288e+00 -7.1383710636e-01  2.4359907237e+00  2.9740772098e+00  2.6189260390e+00  1.1046147879e+00  2.3730372239e+00  2.2061721620e+00 -1.8770154924e+00  2.8330283017e-03  4.8400953879e-01 -7.7851822202e-01  2.1414561393e-01 -1.5159694010e+00  1.2755255275e+00  1.8056176710e+00  8.9828650601e-01  1.8681618914e+00  5.6011299122e-01 -1.8478250851e+00 -1.3039834700e+00  1.4883154872e+00  1.8387312854e+00 -1.7391794461e+00 -2.4800195108e+00 -1.7014502227e+00 -2.3550350127e+00 -2.4233253165e+00 -2.5104167817e-02 -6.0771167871e-01 -2.2763744089e+00 -3.5015718685e-01  3.2131938209e+00  2.2054598734e+00  2.6462614218e+00  2.7425405794e+00  3.7514331926e+00  1.9137588863e+00  2.3487595662e+00  3.4198853965e+00  3.6149016763e+00  3.1914471171e-01  3.1393726939e+00  2.1710744278e+00  7.8732269704e-01  1.5855421465e+00  2.9028326833e+00 -6.6372547442e-01 -1.8012809068e-01 -2.4492904480e+00
ENERGY -8.556916277343e+02

JOB 6
COORDS -3.0371793559e-01  1.5719976102e-02  1.4691037995e+00  6.0818336132e-01  6.4529515924e-01  6.3786104752e-01  8.3965851643e-01  7.0892792285e-02 -6.9329214652e-01 -1.0400137901e+00 -1.3598410259e+00 -2.2165768700e-01 -2.2061961434e+00 -1.2126585044e+00 -1.1734872913e+00  1.9442075920e+00  3.6429527240e+00  2.2395068909e+00  1.0959113062e+00  2.3847928677e+00  2.1994585740e+00 -1.2551594171e+00 -8.4309005859e-01  9.6371154299e-01  2.6832481822e-01 -1.2098005093e+00 -7.0834828411e-01  1.3053939153e+00  1.7649625900e+00  9.2130847815e-01  1.8005990516e+00  6.5212156633e-01 -1.9000356560e+00 -4.4863565783e-01  3.2470829403e-01  2.4986578898e+00 -2.1484926711e+00 -1.8039886959e-01 -1.5391963259e+00 -3.1432385830e+00 -1.3511049557e+00 -6.3348079007e-01 -2.1788071897e+00 -1.8818925316e+00 -2.0408773022e+00  3.0024039958e+00  3.3978678190e+00  2.1143288825e+00  1.6512155810e+00  4.3301329208e+00  1.4410687429e+00  1.8135139144e+00  4.1478377035e+00  3.2019682890e+00  2.9012759367e-02  2.6169644022e+00  2.3177054945e+00  1.3871110099e+00  1.6865245500e+00  2.9951275003e+00  4.2320802701e-01 -1.6585669650e+00 -1.6107546002e+00
ENERGY -8.556916277304e+02

JOB 7
COORDS -3.5209597222e-01  1.1383607935e-01  1.4387142883e+00  6.0112800044e-01  7.1121513464e-01  6.3507053988e-01  8.3766331915e-01  1.4932954029e-01 -6.9530104808e-01 -1.0640812482e+00 -1.2776014886e+00 -2.4215821610e-01 -2.2337158070e+00 -1.3743274578e+00 -1.1881836870e+00  2.0299791883e+00  3.6300276776e+00  2.3012312244e+00  1.1253063054e+00  2.4133647926e+00  2.2259220411e+00 -1.2970781420e+00 -7.5122802683e-01  9.3077395204e-01  2.1502591144e-01 -1.1022951195e+00 -7.7184717582e-01  1.3388222988e+00  1.7976047854e+00  9.4694287307e-01  1.8364001641e+00  7.2593647850e-01 -1.8778460268e+00 -5.1604763458e-01  4.3397245419e-01  2.4620499175e+00 -2.3119029849e+00 -3.9440627784e-01 -1.6731006952e+00 -3.1482215361e+00 -1.5693457614e+00 -6.2705741891e-01 -2.1178304021e+00 -2.1313070326e+00 -1.9721702043e+00  3.0784822782e+00  3.3367849677e+00  2.2004194765e+00  1.7902331201e+00  4.3374866889e+00  1.5027616384e+00  1.8978863660e+00  4.1314188779e+00  3.2653393019e+00  6.7884992313e-02  2.6948912241e+00  2.3200840625e+00  1.3628748610e+00  1.6946736726e+00  3.0213711670e+00  3.6337010924e-01 -1.5344381986e+00 -1.6826263731e+00
ENERGY -8.557077275801e+02

JOB 8
COORDS -4.0564156254e-01  2.1145514562e-01  1.3971392101e+00  5.8750097087e-01  7.7510521625e-01  6.2096340410e-01  8.3494306738e-01  2.2340621746e-01 -7.0661477846e-01 -1.0967116060e+00 -1.1910122128e+00 -2.7798748468e-01 -2.2522800142e+00 -1.5125429202e+00 -1.1859526483e+00  2.1032586166e+00  3.6091982591e+00  2.3549754167e+00  1.1442514730e+00  2.4377546336e+00  2.2426537256e+00 -1.3410672543e+00 -6.6309529618e-01  8.8985183575e-01  1.4986512404e-01 -9.8576918593e-01 -8.5005659097e-01  1.3615856492e+00  1.8269258106e+00  9.6227680582e-01  1.8890435382e+00  7.8252383913e-01 -1.8543426777e+00 -5.8787120711e-01  5.4443868154e-01  2.4133794650e+00 -2.4604686806e+00 -6.0890386849e-01 -1.7699008647e+00 -3.1313203554e+00 -1.7609656170e+00 -5.9039280282e-01 -2.0476338191e+00 -2.3285747694e+00 -1.8883189877e+00  3.1389255949e+00  3.2672883293e+00  2.2776193508e+00  1.9182530800e+00  4.3349752516e+00  1.5584132177e+00  1.9698530132e+00  4.1067392283e+00  3.3208979364e+00  9.9518191455e-02  2.7691065828e+00  2.3138274596e+00  1.3268685539e+00  1.7002898988e+00  3.0355280776e+00  2.9812662162e-01 -1.4049883917e+00 -1.7662694252e+00
ENERGY -8.557209329137e+02

JOB 9
COORDS -4.6174615048e-01  2.9644412283e-01  1.3510323901e+00  5.7344637931e-01  8.2222593348e-01  6.0520062056e-01  8.3699354306e-01  2.7556037924e-01 -7.1824181413e-01 -1.1275476916e+00 -1.1201229070e+00 -3.1822625794e-01 -2.2570448568e+00 -1.6419895831e+00 -1.1614440184e+00  2.1646633573e+00  3.5736241010e+00  2.4043174377e+00  1.1547250840e+00  2.4500656975e+00  2.2549597589e+00 -1.3843496277e+00 -5.9093804972e-01  8.4558092137e-01  8.2589537503e-02 -8.7658455867e-01 -9.3270782929e-01  1.3824124551e+00  1.8367723820e+00  9.7767118241e-01  1.9560062134e+00  8.0419509598e-01 -1.8225937541e+00 -6.6631881657e-01  6.4766155175e-01  2.3568157049e+00 -2.6024968430e+00 -8.2360409455e-01 -1.8030196091e+00 -3.0794509470e+00 -1.9566984502e+00 -5.1854069981e-01 -1.9637840301e+00 -2.4765607447e+00 -1.8081203797e+00  3.1846457243e+00  3.1827904966e+00  2.3557640887e+00  2.0388877537e+00  4.3116477085e+00  1.6074917659e+00  2.0258262449e+00  4.0716801521e+00  3.3692178403e+00  1.2557501917e-01  2.8313599322e+00  2.2966983233e+00  1.2773291495e+00  1.7004389485e+00  3.0480697931e+00  2.3994392254e-01 -1.2872359796e+00 -1.8507206455e+00
ENERGY -8.557311766522e+02

JOB 10
COORDS -5.1596907012e-01  3.9621992483e-01  1.3007929656e+00  5.5266938719e-01  8.8702411323e-01  5.8075106713e-01  8.2527126018e-01  3.4184857708e-01 -7.3816103091e-01 -1.1728950877e+00 -1.0252084584e+00 -3.6598306421e-01 -2.2431958518e+00 -1.7353640775e+00 -1.1442328664e+00  2.2226536608e+00  3.5458073937e+00  2.4457653211e+00  1.1653317129e+00  2.4723869546e+00  2.2599074999e+00 -1.4281796271e+00 -5.0277305118e-01  8.0082487340e-01  4.7092309595e-03 -7.4657075499e-01 -1.0177416858e+00  1.3927058171e+00  1.8653203373e+00  9.7968126065e-01  2.0045022689e+00  8.3098962402e-01 -1.8018222851e+00 -7.3502461626e-01  7.6074726161e-01  2.2988511859e+00 -2.6869977691e+00 -1.0324178548e+00 -1.8581682454e+00 -3.0212355515e+00 -2.0794026353e+00 -4.6250455222e-01 -1.8557775707e+00 -2.5901721057e+00 -1.7093654362e+00  3.2241871882e+00  3.1083031108e+00  2.4147347542e+00  2.1493706687e+00  4.2980026856e+00  1.6556891000e+00  2.0851427932e+00  4.0385659557e+00  3.4135717155e+00  1.5447673040e-01  2.9011186169e+00  2.2850514141e+00  1.2355760252e+00  1.7079553953e+00  3.0452694514e+00  1.6047114530e-01 -1.1532826638e+00 -1.9373737152e+00
ENERGY -8.557384066473e+02

JOB 11
COORDS -5.6863284544e-01  4.7462416494e-01  1.2508399263e+00  5.2197866590e-01  9.3877484849e-01  5.4680974242e-01  7.9970976524e-01  3.9625780325e-01 -7.7087822790e-01 -1.2182360955e+00 -9.5342493126e-01 -4.1209017671e-01 -2.2213460899e+00 -1.8300831595e+00 -1.1058081413e+00  2.2703483323e+00  3.5017194620e+00  2.4731574444e+00  1.1716702965e+00  2.4767833899e+00  2.2560511433e+00 -1.4663372026e+00 -4.4388133596e-01  7.6219332656e-01 -8.7107961035e-02 -6.1827840466e-01 -1.1098305060e+00  1.3872743004e+00  1.8858207429e+00  9.6633387797e-01  2.0319025104e+00  8.4005945213e-01 -1.7965325309e+00 -7.9672290188e-01  8.5057254470e-01  2.2426073528e+00 -2.7210680853e+00 -1.2671094490e+00 -1.9022556366e+00 -2.9706493228e+00 -2.1550248886e+00 -3.8423395708e-01 -1.7536400851e+00 -2.7108313338e+00 -1.5592893300e+00  3.2532394890e+00  3.0238630816e+00  2.4418915083e+00  2.2356999940e+00  4.2720383983e+00  1.6980510536e+00  2.1437589936e+00  3.9802489729e+00  3.4495571396e+00  1.7947246662e-01  2.9471270528e+00  2.2803980909e+00  1.2018841603e+00  1.6946874578e+00  3.0264696591e+00  7.3084958566e-02 -1.0228322380e+00 -2.0294040463e+00
ENERGY -8.557426298261e+02

JOB 12
COORDS -6.1252807170e-01  5.5553430784e-01  1.2081264021e+00  4.9980025860e-01  9.9162636005e-01  5.2097047090e-01  7.7711728637e-01  4.5183654436e-01 -7.9744824099e-01 -1.2641610731e+00 -8.7024092223e-01 -4.5610433562e-01 -2.1737270600e+00 -1.8946373902e+00 -1.0723750252e+00  2.3238920871e+00  3.4545730100e+00  2.5063547395e+00  1.1872468895e+00  2.4788530217e+00  2.2599524779e+00 -1.5006201550e+00 -3.7591228143e-01  7.2701565866e-01 -1.7603802003e-01 -4.7840399818e-01 -1.1903962251e+00  1.3921426476e+00  1.9031152200e+00  9.6160049037e-01  2.0563108340e+00  8.4179879968e-01 -1.7879651582e+00 -8.4764549408e-01  9.4007904028e-01  2.1949511119e+00 -2.5953755356e+00 -1.5311767379e+00 -2.0161855128e+00 -2.9876762591e+00 -2.1056451083e+00 -3.7938367367e-01 -1.6348439110e+00 -2.8254386980e+00 -1.2819243507e+00  3.2871505015e+00  2.9384128197e+00  2.4733813371e+00  2.3268705126e+00  4.2408386219e+00  1.7466438754e+00  2.2077617724e+00  3.9184799157e+00  3.4910767270e+00  2.1481605529e-01  2.9887700283e+00  2.2840196883e+00  1.1779042522e+00  1.6819108443e+00  3.0155753234e+00 -1.7072814937e-02 -8.8107522858e-01 -2.1109771052e+00
ENERGY -8.557439791212e+02

