JOB 0
COORDS -8.3334008321e-01  1.2106552116e+00  1.2998905400e+00 -3.1914234316e-01 -2.7641581946e+00  2.1408116184e+00  1.4436105919e+00  9.5117154542e-01  3.7582900889e-01  1.0768470653e+00  1.5087430633e+00  2.8355942532e+00  5.3884439774e-01  7.4786192845e-01  1.6079859499e+00 -1.8779709364e+00  1.6566516493e+00  1.0553625924e+00 -4.5615075624e-01 -1.3206831496e+00  1.8257803010e+00  6.1087423547e-01 -6.9648954106e-01  1.9436014926e+00  7.9397000978e-01 -3.1153424173e+00  2.8398463843e+00 -1.2153807509e+00 -3.5080123743e+00  1.7948010012e+00  2.4498623073e+00  5.8761009472e-01  6.0051545827e-01  1.0498819419e+00  4.0465528850e-01 -4.8433366031e-01  1.4943289993e+00  2.0134695905e+00  1.2602526332e-01  2.0885528458e+00  1.1622240230e+00  3.0625189829e+00  4.3790461282e-01  1.3394652123e+00  3.7056511918e+00  1.1048414637e+00  2.5800846970e+00  2.6240586203e+00  9.7375795168e-01 -4.1036417416e+00  2.9548742664e+00  1.5608498612e+00 -2.4570708579e+00  2.8999249503e+00
ENERGY -4.896142767796e+02

JOB 1
COORDS -8.4331119145e-01  1.2008107708e+00  1.3614779636e+00 -2.6163163620e-01 -2.7859330458e+00  2.0506993255e+00  1.3943301578e+00  9.6968057429e-01  3.3626910744e-01  1.1289703426e+00  1.4852768260e+00  2.8183044348e+00  5.4357315766e-01  7.4208004860e-01  1.6020700725e+00 -1.9028672686e+00  1.6401899043e+00  1.1761523611e+00 -4.2564314317e-01 -1.3410515769e+00  1.7889176143e+00  6.3648010983e-01 -7.0835021971e-01  1.9102681550e+00  6.7118529523e-01 -3.1047579736e+00  2.9930212491e+00 -9.9291687424e-01 -3.5606043867e+00  1.4670874234e+00  2.4106609061e+00  6.0756409876e-01  5.1271355612e-01  9.6702368121e-01  4.3388624518e-01 -5.1451341899e-01  1.4297279191e+00  2.0359929916e+00  1.0120040440e-01  2.1507590478e+00  1.1399641527e+00  2.9967763640e+00  5.2757110835e-01  1.2994444454e+00  3.7116030863e+00  1.1439678651e+00  2.5601570535e+00  2.6241421194e+00  8.9611951276e-01 -4.0871704994e+00  3.0850407712e+00  1.3967347772e+00 -2.4261729715e+00  3.1912750796e+00
ENERGY -4.896143501445e+02

JOB 2
COORDS -8.2644115513e-01  1.2385397572e+00  1.4335619627e+00 -1.8799407537e-01 -2.7596668731e+00  1.9434284209e+00  1.3584745039e+00  1.0144977053e+00  2.9647790578e-01  1.2149650100e+00  1.5156949901e+00  2.7918383493e+00  5.7119304597e-01  7.8060581354e-01  1.6017339572e+00 -1.8973555778e+00  1.6735647565e+00  1.3146868891e+00 -3.7285263237e-01 -1.3167950720e+00  1.7278547132e+00  6.7800787686e-01 -6.7446153206e-01  1.8925509306e+00  4.6128087165e-01 -3.0823778357e+00  3.0998341478e+00 -6.7643895302e-01 -3.5330294662e+00  1.1443871745e+00  2.3797585479e+00  6.4390815193e-01  4.1855017469e-01  8.8478135023e-01  4.8783443849e-01 -5.3513801932e-01  1.3896538783e+00  2.0826676595e+00  6.9142228799e-02  2.2447205316e+00  1.1703754573e+00  2.9159362525e+00  6.5980233584e-01  1.3224415867e+00  3.7133184379e+00  1.2185220656e+00  2.5922673704e+00  2.6069204527e+00  7.0764836504e-01 -4.0581629803e+00  3.2120619680e+00  1.0831105105e+00 -2.3927182135e+00  3.5040499729e+00
ENERGY -4.896142663074e+02

JOB 3
COORDS -8.3134403556e-01  1.2167773068e+00  1.5088739969e+00 -8.8534719551e-02 -2.7678446503e+00  1.9045159551e+00  1.2993624341e+00  1.0433917114e+00  2.6300175392e-01  1.2694435215e+00  1.5228140325e+00  2.7665568419e+00  5.8157868427e-01  7.8585313050e-01  1.6032313810e+00 -1.9179919101e+00  1.6246865661e+00  1.4516356136e+00 -3.1308009873e-01 -1.3319445372e+00  1.7301154821e+00  7.2967845199e-01 -6.7121411172e-01  1.8734776109e+00  2.9684232043e-01 -3.1188298660e+00  3.1649138075e+00 -3.3751414308e-01 -3.5198639109e+00  9.8345754782e-01  2.3312229769e+00  6.8887512501e-01  3.3212277304e-01  7.9458113412e-01  5.1416913646e-01 -5.4841168073e-01  1.3018796360e+00  2.1136358345e+00  4.3164965746e-02  2.3091288825e+00  1.1930004769e+00  2.8382431124e+00  7.6281512246e-01  1.3137690109e+00  3.7124063399e+00  1.2466370378e+00  2.6007878997e+00  2.5913875753e+00  5.4811479224e-01 -4.0898736614e+00  3.3049638773e+00  7.5127255216e-01 -2.4274057096e+00  3.7475359672e+00
ENERGY -4.896141377378e+02

JOB 4
COORDS -8.3585483733e-01  1.1232593369e+00  1.6547828209e+00  1.3217096106e-01 -2.8128230210e+00  1.9702363210e+00  1.1937309126e+00  1.0348644055e+00  2.3786355150e-01  1.3428720300e+00  1.5574659089e+00  2.7286308166e+00  6.0081245674e-01  7.6786857079e-01  1.6360795401e+00 -1.9467522988e+00  1.4626358417e+00  1.6946405811e+00 -1.6363860588e-01 -1.3948860967e+00  1.7982919917e+00  8.4403485655e-01 -6.7712223143e-01  1.9106386178e+00  2.7634178676e-01 -3.1798057902e+00  3.2730001535e+00  1.6419893574e-01 -3.5469517823e+00  1.0018343211e+00  2.2433900429e+00  7.2953398094e-01  2.2766128993e-01  6.5117564715e-01  4.6728851573e-01 -5.2151787778e-01  1.1276866026e+00  2.1001068446e+00  3.8841057921e-03  2.3987127154e+00  1.2753212950e+00  2.7211922451e+00  9.2561302602e-01  1.3420055766e+00  3.7157493546e+00  1.2552836730e+00  2.6299482858e+00  2.5405149228e+00  2.6516722043e-01 -4.1693008426e+00  3.4861137164e+00  8.7881009106e-02 -2.5218029511e+00  4.0167249162e+00
ENERGY -4.896140208830e+02

JOB 5
COORDS -8.1682733954e-01  1.1118395430e+00  1.7124068578e+00  2.4174532904e-01 -2.8017695087e+00  1.9896389096e+00  1.1531458296e+00  1.0701061037e+00  2.1073336692e-01  1.3971185321e+00  1.5854030642e+00  2.6956293178e+00  6.2473541933e-01  7.8613958067e-01  1.6313899108e+00 -1.9337376878e+00  1.4214745585e+00  1.7997031013e+00 -9.0518695976e-02 -1.3897065882e+00  1.8406422680e+00  9.0874635994e-01 -6.5451164436e-01  1.8868004209e+00  1.5785409333e-01 -3.2220726091e+00  3.2836675885e+00  4.9262795437e-01 -3.4870351376e+00  1.0176694386e+00  2.2062770267e+00  7.8254100640e-01  1.5474904924e-01  5.8922787091e-01  4.9703708900e-01 -5.2868728356e-01  1.0591585768e+00  2.1352653021e+00 -1.3914521729e-02  2.4570293671e+00  1.3247259264e+00  2.6407770878e+00  1.0278745052e+00  1.3555664938e+00  3.6983986239e+00  1.2798209682e+00  2.6567958777e+00  2.5175730356e+00  1.2930340245e-01 -4.2220022153e+00  3.4414952060e+00 -2.7439234056e-01 -2.6226820499e+00  3.9747698637e+00
ENERGY -4.896144290733e+02

JOB 6
COORDS -8.0515613432e-01  1.0868372318e+00  1.7652767355e+00  3.3194103178e-01 -2.8016641227e+00  2.0754987370e+00  1.1104617429e+00  1.0740168832e+00  1.9434939063e-01  1.4346729135e+00  1.6027320917e+00  2.6671540436e+00  6.3836759378e-01  7.8565109784e-01  1.6339450986e+00 -1.9238894847e+00  1.3777960765e+00  1.8869209581e+00 -3.1145242543e-02 -1.3943241865e+00  1.9264678410e+00  9.5830559564e-01 -6.4701347013e-01  1.8833722371e+00  3.3912390471e-02 -3.2621221662e+00  3.3244372092e+00  7.8013946014e-01 -3.4489253988e+00  1.1497749697e+00  2.1668677769e+00  8.0897929512e-01  1.0267841234e-01  5.3398914975e-01  4.8578418594e-01 -5.2318476766e-01  9.8488787226e-01  2.1358286668e+00 -3.0745203335e-02  2.4958040391e+00  1.3573565039e+00  2.5770750403e+00  1.1033787754e+00  1.3726726844e+00  3.6829513007e+00  1.2951192235e+00  2.6711373591e+00  2.4870695301e+00  2.3979098328e-02 -4.2669430774e+00  3.4495809606e+00 -5.6999375600e-01 -2.7086857463e+00  3.9190971960e+00
ENERGY -4.896147725492e+02

JOB 7
COORDS -7.8731444544e-01  1.0796758111e+00  1.8180830186e+00  4.1671966938e-01 -2.7886448805e+00  2.1577795937e+00  1.0731175339e+00  1.0871785262e+00  1.8220108251e-01  1.4768488686e+00  1.6243382119e+00  2.6413018456e+00  6.5468146192e-01  7.9523968558e-01  1.6377260025e+00 -1.9057494284e+00  1.3559397715e+00  1.9723665796e+00  2.5404909875e-02 -1.3835842538e+00  2.0068390073e+00  1.0024595958e+00 -6.3075458025e-01  1.8777244956e+00 -8.4242318324e-02 -3.2948715072e+00  3.3207525080e+00  1.0483007397e+00 -3.3927683487e+00  1.3138514390e+00  2.1277232770e+00  8.3083499407e-01  5.3640846071e-02  4.7701585606e-01  4.9415458834e-01 -5.1511485668e-01  9.3016383371e-01  2.1477655900e+00 -3.8225634391e-02  2.5372115529e+00  1.3930924429e+00  2.5130828300e+00  1.1851255900e+00  1.3905406223e+00  3.6682572385e+00  1.3162001014e+00  2.6904518711e+00  2.4651745111e+00 -5.3577588831e-02 -4.2997600213e+00  3.4380477758e+00 -8.0800657610e-01 -2.7804786671e+00  3.8064674561e+00
ENERGY -4.896151194488e+02

JOB 8
COORDS -7.7795954859e-01  1.0722094581e+00  1.8460233974e+00  4.6993669188e-01 -2.7848226361e+00  2.2014731224e+00  1.0359870351e+00  1.1065077594e+00  1.5970975183e-01  1.5065112398e+00  1.6197708528e+00  2.6116470038e+00  6.6012707712e-01  7.9593912262e-01  1.6229811504e+00 -1.8937384199e+00  1.3428404238e+00  2.0270745691e+00  5.9680099761e-02 -1.3772841681e+00  2.0585743574e+00  1.0231884687e+00 -6.2828429166e-01  1.8389736199e+00 -2.0465550094e-01 -3.3415897295e+00  3.2463745223e+00  1.2522883282e+00 -3.3441782398e+00  1.4599259827e+00  2.0896388206e+00  8.6398929656e-01  9.0322246293e-04  4.2863946185e-01  5.1323408148e-01 -5.2771751917e-01  8.7396826814e-01  2.1671481714e+00 -4.6799565220e-02  2.5636269435e+00  1.3910707653e+00  2.4552993777e+00  1.2403480989e+00  1.3784093882e+00  3.6437209887e+00  1.3396465931e+00  2.6866707736e+00  2.4461185380e+00 -1.4216755622e-01 -4.3439444121e+00  3.3679668404e+00 -9.9936945119e-01 -2.8520221855e+00  3.6368365714e+00
ENERGY -4.896154961479e+02

JOB 9
COORDS -7.5981533440e-01  1.0643923292e+00  1.8849256123e+00  5.4358010713e-01 -2.7776588620e+00  2.2729701726e+00  1.0016889889e+00  1.1140359325e+00  1.4587885758e-01  1.5446222075e+00  1.6252157672e+00  2.5827296181e+00  6.7306499181e-01  7.9698854226e-01  1.6189914697e+00 -1.8731449012e+00  1.3278535001e+00  2.0900993998e+00  1.0921044011e-01 -1.3702767088e+00  2.1191581439e+00  1.0533380440e+00 -6.2296215820e-01  1.8240736534e+00 -2.9420486315e-01 -3.3832712732e+00  3.1576977804e+00  1.4688158163e+00 -3.2915964510e+00  1.6785766911e+00  2.0512529052e+00  8.7793975614e-01 -4.5884683111e-02  3.7664564140e-01  5.1972952222e-01 -5.2469361503e-01  8.2691135918e-01  2.1741949349e+00 -5.2508512577e-02  2.5977621291e+00  1.4028433289e+00  2.3939475719e+00  1.3111768443e+00  1.3809574411e+00  3.6219585636e+00  1.3661165220e+00  2.6911618603e+00  2.4230431542e+00 -2.0392841072e-01 -4.3792468920e+00  3.3066173399e+00 -1.1339110312e+00 -2.9059439798e+00  3.4577987634e+00
ENERGY -4.896158349024e+02

JOB 10
COORDS -7.5903342066e-01  1.0675404982e+00  1.9449123317e+00  5.7276143221e-01 -2.7650529443e+00  2.3840262071e+00  9.4349654800e-01  1.0957782908e+00  1.4846329781e-01  1.5677779924e+00  1.6375836017e+00  2.5587158420e+00  6.6467007074e-01  7.9651772250e-01  1.6353492784e+00 -1.8657677579e+00  1.3334969376e+00  2.1804039402e+00  1.2465035674e-01 -1.3580762174e+00  2.2066592588e+00  1.0532547498e+00 -6.1940848569e-01  1.8483553760e+00 -4.0330300098e-01 -3.4206483417e+00  3.0654656326e+00  1.6136099693e+00 -3.2347967635e+00  1.9739677096e+00  1.9866933860e+00  8.5935027186e-01 -7.5033788546e-02  2.9766113996e-01  4.9251430371e-01 -4.9391564494e-01  7.5984954933e-01  2.1530194572e+00 -5.7382990736e-02  2.6140179490e+00  1.4109618674e+00  2.3393183879e+00  1.3676744058e+00  1.4080884915e+00  3.6081493264e+00  1.3846851467e+00  2.7012912683e+00  2.3893567636e+00 -2.9918340395e-01 -4.4094804866e+00  3.2471382757e+00 -1.2700232267e+00 -2.9486045546e+00  3.2859757174e+00
ENERGY -4.896160548667e+02

JOB 11
COORDS -7.4336292963e-01  1.0857024039e+00  1.9802396960e+00  6.1840392494e-01 -2.7334306041e+00  2.4617934386e+00  9.0783975148e-01  1.1048165620e+00  1.3802983913e-01  1.6014199832e+00  1.6556582505e+00  2.5271072045e+00  6.7131460887e-01  8.1179841716e-01  1.6333990074e+00 -1.8447881628e+00  1.3531387820e+00  2.2378574512e+00  1.5883585044e-01 -1.3296373747e+00  2.2734578608e+00  1.0656419222e+00 -6.0223024247e-01  1.8436913939e+00 -4.4126720059e-01 -3.4431643763e+00  2.9296654452e+00  1.7329720532e+00 -3.1556798185e+00  2.2351843697e+00  1.9471948394e+00  8.7774361635e-01 -1.1140353885e-01  2.5158982924e-01  4.9098114072e-01 -4.8359178700e-01  7.0725991086e-01  2.1585553033e+00 -6.9696482861e-02  2.6407973588e+00  1.4239002101e+00  2.2820649891e+00  1.4280482503e+00  1.4338841895e+00  3.5829018746e+00  1.4173867407e+00  2.7188358875e+00  2.3550095687e+00 -3.2994573148e-01 -4.4273693675e+00  3.1307930524e+00 -1.3274557033e+00 -2.9831761284e+00  3.0899828534e+00
ENERGY -4.896161352721e+02

JOB 12
COORDS -7.3499727556e-01  1.0885659465e+00  2.0194063632e+00  6.3182158026e-01 -2.7177903469e+00  2.5604095089e+00  8.6698552282e-01  1.0878801008e+00  1.3576344515e-01  1.6286211611e+00  1.6431183886e+00  2.5030586390e+00  6.6803676953e-01  8.0282625625e-01  1.6372626371e+00 -1.8303963099e+00  1.3624236471e+00  2.2953654201e+00  1.7413447400e-01 -1.3184254602e+00  2.3560737872e+00  1.0582628297e+00 -6.1279665557e-01  1.8492705495e+00 -4.6938909656e-01 -3.4722169169e+00  2.8152013311e+00  1.7826667683e+00 -3.1009832388e+00  2.5240974871e+00  1.8964582450e+00  8.4747496393e-01 -1.4081460769e-01  1.8685495817e-01  4.8040376591e-01 -4.6624586513e-01  6.7372367610e-01  2.1431286162e+00 -7.1115660310e-02  2.6593637680e+00  1.3997995385e+00  2.2338506539e+00  1.4790297590e+00  1.4285088240e+00  3.5638337945e+00  1.4503247141e+00  2.7068388808e+00  2.3282311702e+00 -3.5977924227e-01 -4.4572465381e+00  3.0133603447e+00 -1.3767635945e+00 -3.0326202989e+00  2.8925289481e+00
ENERGY -4.896160534542e+02

JOB 13
COORDS -7.0419743197e-01  1.1112235281e+00  2.0681246636e+00  6.6273298843e-01 -2.6821236502e+00  2.6620606356e+00  8.3591876754e-01  1.0683226122e+00  1.3471664264e-01  1.6779335765e+00  1.6550690234e+00  2.4673251430e+00  6.8361724198e-01  8.0927028915e-01  1.6460278592e+00 -1.7883905728e+00  1.3968912220e+00  2.3746051674e+00  2.0466342744e-01 -1.2928791841e+00  2.4313378721e+00  1.0709406023e+00 -6.0582154862e-01  1.8705820543e+00 -4.3073529295e-01 -3.4918860757e+00  2.6639077801e+00  1.8150262754e+00 -3.0154038756e+00  2.8481831158e+00  1.8555864013e+00  8.2025745122e-01 -1.7013360901e-01  1.3552967827e-01  4.5315261251e-01 -4.3552565623e-01  6.3918331220e-01  2.1204621816e+00 -8.4149604360e-02  2.6977013891e+00  1.3961820538e+00  2.1721134408e+00  1.5582455922e+00  1.4606461822e+00  3.5356985306e+00  1.5048158185e+00  2.7172009945e+00  2.2782536427e+00 -3.1194519867e-01 -4.4659275212e+00  2.9076824577e+00 -1.3556286159e+00 -3.0826021640e+00  2.6721111351e+00
ENERGY -4.896158349090e+02

JOB 14
COORDS -7.0076690752e-01  1.1361334428e+00  2.1036858482e+00  6.3741970687e-01 -2.6510898036e+00  2.7567546673e+00  7.8932834863e-01  1.0561998146e+00  1.3440989499e-01  1.7009116061e+00  1.6385728529e+00  2.4423724627e+00  6.7064117834e-01  8.0819090320e-01  1.6499698445e+00 -1.7755418579e+00  1.4383941675e+00  2.4269201523e+00  1.9428231325e-01 -1.2689365310e+00  2.5054212620e+00  1.0382520375e+00 -6.1319551446e-01  1.8766976188e+00 -4.0464550783e-01 -3.5004481355e+00  2.5340725420e+00  1.7485571223e+00 -2.9493066605e+00  3.1457104692e+00  1.7965886345e+00  7.8884308616e-01 -1.9451025997e-01  6.4412296770e-02  4.5038851749e-01 -4.1492116033e-01  6.0535288667e-01  2.1102210749e+00 -8.6296200501e-02  2.7081073753e+00  1.3600486960e+00  2.1226878030e+00  1.6047380948e+00  1.4497912219e+00  3.5140592358e+00  1.5427602837e+00  2.7029520759e+00  2.2527962019e+00 -2.9484823226e-01 -4.4659480339e+00  2.8154294176e+00 -1.3387932533e+00 -3.1218544463e+00  2.4460669390e+00
ENERGY -4.896154961578e+02

JOB 15
COORDS -6.9532126293e-01  1.1553388005e+00  2.1267594776e+00  6.1483727501e-01 -2.6306605451e+00  2.8186251363e+00  7.4830394797e-01  1.0517368840e+00  1.2526739970e-01  1.7234066588e+00  1.6076519367e+00  2.4141199157e+00  6.5857260035e-01  8.0223359444e-01  1.6419174504e+00 -1.7593888334e+00  1.4738087268e+00  2.4693372749e+00  1.9221777244e-01 -1.2497084438e+00  2.5647162861e+00  1.0011306144e+00 -6.2869039856e-01  1.8589862878e+00 -3.4555584286e-01 -3.5022912584e+00  2.3971524518e+00  1.6551014163e+00 -2.9103957961e+00  3.3804732911e+00  1.7442455460e+00  7.7026709671e-01 -2.2567281290e-01  3.2855285535e-03  4.5783084269e-01 -4.1010565004e-01  5.7513392252e-01  2.1086076062e+00 -9.0287190531e-02  2.7175901943e+00  1.3042312143e+00  2.0765287435e+00  1.6419170360e+00  1.4218228770e+00  3.4874751721e+00  1.5885776004e+00  2.6753885032e+00  2.2253643206e+00 -2.6031435509e-01 -4.4646526805e+00  2.6989699394e+00 -1.2708458729e+00 -3.1481003079e+00  2.1904136946e+00
ENERGY -4.896151194626e+02

JOB 16
COORDS -6.8442074407e-01  1.1852943716e+00  2.1730331355e+00  5.8620473909e-01 -2.5992519877e+00  2.9296101299e+00  7.0172894731e-01  1.0266045341e+00  1.3592678074e-01  1.7505403850e+00  1.5864389013e+00  2.3911421002e+00  6.4772407365e-01  7.9696881128e-01  1.6569762031e+00 -1.7337554945e+00  1.5304284364e+00  2.5346914465e+00  1.8636678503e-01 -1.2203043508e+00  2.6589086820e+00  9.6255739372e-01 -6.4057500913e-01  1.8838048448e+00 -2.5066012984e-01 -3.4878780285e+00  2.3207658158e+00  1.5171661160e+00 -2.8635741427e+00  3.6646191967e+00  1.6805323006e+00  7.1679696469e-01 -2.3862020616e-01 -7.1729093630e-02  4.4522074866e-01 -3.7228838300e-01  5.4826556119e-01  2.0846953553e+00 -8.8322884158e-02  2.7284597748e+00  1.2599870692e+00  2.0281752103e+00  1.6955099157e+00  1.4108502159e+00  3.4678654199e+00  1.6327497198e+00  2.6551485780e+00  2.1965528769e+00 -2.0399660054e-01 -4.4486167732e+00  2.6373544108e+00 -1.1341177617e+00 -3.1563946431e+00  1.9543830578e+00
ENERGY -4.896147725363e+02

JOB 17
COORDS -6.7027106980e-01  1.2308500339e+00  2.2089865916e+00  5.5338714441e-01 -2.5538929927e+00  3.0409540008e+00  6.5725128904e-01  1.0037906003e+00  1.4050804911e-01  1.7790835415e+00  1.5714527766e+00  2.3583917795e+00  6.3742734930e-01  8.0016359552e-01  1.6656812519e+00 -1.7028598672e+00  1.6064200904e+00  2.5880528081e+00  1.7918773462e-01 -1.1742848569e+00  2.7525448134e+00  9.1958935030e-01 -6.4283836055e-01  1.9096087131e+00 -1.2886404897e-01 -3.4493723689e+00  2.2722869556e+00  1.3444210734e+00 -2.8108990011e+00  3.9272211594e+00  1.6188317581e+00  6.6597870613e-01 -2.5397735080e-01 -1.4192139624e-01  4.3227760174e-01 -3.3845726252e-01  5.2132616516e-01  2.0611603778e+00 -9.7901148991e-02  2.7386506038e+00  1.2105078769e+00  1.9790995633e+00  1.7441909042e+00  1.4170556750e+00  3.4391783177e+00  1.6875374362e+00  2.6393237917e+00  2.1459392464e+00 -1.1528719493e-01 -4.4167383259e+00  2.5716231089e+00 -9.2079389569e-01 -3.1353278357e+00  1.7264380184e+00
ENERGY -4.896144290890e+02

JOB 18
COORDS -6.5845314238e-01  1.2667465680e+00  2.2577623199e+00  4.7128314986e-01 -2.5432624808e+00  3.1161379202e+00  5.9751341571e-01  9.7140898600e-01  1.5444406953e-01  1.8038795065e+00  1.5237840401e+00  2.3313326421e+00  6.1677464857e-01  7.8446697156e-01  1.6816830962e+00 -1.6650241153e+00  1.6880823447e+00  2.6579487196e+00  1.3913201205e-01 -1.1533004422e+00  2.8240904830e+00  8.5496161767e-01 -6.6546493922e-01  1.9336872051e+00 -2.7488072458e-02 -3.4205721714e+00  2.2027843946e+00  1.0798948889e+00 -2.8204524754e+00  4.1312884804e+00  1.5339860694e+00  5.9541794222e-01 -2.6521058306e-01 -2.3623662169e-01  4.2485928964e-01 -2.9397098886e-01  4.9188827024e-01  2.0303748131e+00 -9.1955221426e-02  2.7392482810e+00  1.1286118089e+00  1.9263142469e+00  1.7966723650e+00  1.3799594065e+00  3.4141209472e+00  1.7408652464e+00  2.5922474461e+00  2.1116420613e+00 -2.8573287753e-02 -4.4028814679e+00  2.4471417904e+00 -6.4564002817e-01 -3.1031616867e+00  1.4687877850e+00
ENERGY -4.896140208740e+02

JOB 19
COORDS -5.8990233046e-01  1.4118365902e+00  2.3287120886e+00  3.1093128223e-01 -2.4486502258e+00  3.2622834711e+00  5.2027428836e-01  9.3262285566e-01  1.7773742098e-01  1.8813295031e+00  1.5100595271e+00  2.2543597797e+00  6.1601933858e-01  8.1712249405e-01  1.7097777913e+00 -1.5342256907e+00  1.9321258914e+00  2.7623238504e+00  3.8749030914e-02 -1.0498213542e+00  2.9276332503e+00  7.7656572675e-01 -6.3067817065e-01  2.0197046467e+00  3.9131466215e-02 -3.3228028025e+00  2.2512048168e+00  6.5673788457e-01 -2.7280985042e+00  4.3928546327e+00  1.4079036035e+00  4.8244628961e-01 -2.7428532047e-01 -3.6961744373e-01  4.1905690701e-01 -1.9555038903e-01  4.6292978331e-01  1.9835298293e+00 -1.1472951963e-01  2.7666085726e+00  1.0398036864e+00  1.8180841157e+00  1.9288321822e+00  1.4184666426e+00  3.3418457101e+00  1.8688647448e+00  2.5691380523e+00  1.9861323042e+00  2.9637525114e-01 -4.2892843763e+00  2.4104095736e+00  4.6649533430e-02 -2.9853146160e+00  1.2972595467e+00
ENERGY -4.896141378525e+02

JOB 20
COORDS -5.5892466267e-01  1.4568452740e+00  2.3695327765e+00  2.0585806175e-01 -2.4460383402e+00  3.2832221741e+00  4.6207958027e-01  9.2120708969e-01  1.8792296255e-01  1.9096422202e+00  1.4625932340e+00  2.2151930927e+00  6.0300454963e-01  8.1213491677e-01  1.7173222272e+00 -1.4656120357e+00  2.0207030745e+00  2.8280502545e+00 -1.0466450673e-02 -1.0285994597e+00  2.9589328248e+00  7.1874845847e-01 -6.3760450537e-01  2.0318609507e+00  1.9749448537e-01 -3.2791231290e+00  2.2028688474e+00  2.9726517944e-01 -2.7692805849e+00  4.4506554153e+00  1.3180813123e+00  4.3688807267e-01 -2.8927713977e-01 -4.5731609264e-01  4.3788191740e-01 -1.5238512794e-01  4.3365293298e-01  1.9718082385e+00 -1.0982762176e-01  2.7632900137e+00  9.5861110792e-01  1.7541458641e+00  1.9889975105e+00  1.3775353984e+00  3.3013783325e+00  1.9257342270e+00  2.5195741717e+00  1.9391634620e+00  4.5669136437e-01 -4.2422296078e+00  2.3775305346e+00  4.2348126654e-01 -2.8881065366e+00  1.2967196648e+00
ENERGY -4.896142615708e+02

JOB 21
COORDS -5.2685916693e-01  1.4637045837e+00  2.4486837987e+00  8.1314714705e-02 -2.4987478295e+00  3.2466592774e+00  3.7720780633e-01  8.9763879979e-01  2.2261063189e-01  1.9298683054e+00  1.4036414463e+00  2.1796403844e+00  5.8548486844e-01  7.8576932902e-01  1.7452222968e+00 -1.3862366867e+00  2.0628551438e+00  2.9512250727e+00 -9.2985497143e-02 -1.0633348972e+00  2.9428210182e+00  6.7611536194e-01 -6.6504541268e-01  2.0523186769e+00  4.3183477179e-01 -3.2801859102e+00  2.1854108255e+00 -1.5336254117e-01 -2.8778640921e+00  4.3765694231e+00  1.1970020589e+00  3.9107493850e-01 -2.9360138648e-01 -5.6943591593e-01  4.3879444225e-01 -7.3237209813e-02  3.6395243889e-01  1.9489880097e+00 -7.3666876516e-02  2.7479706892e+00  8.8319834521e-01  1.6746274404e+00  2.0621946090e+00  1.3131425065e+00  3.2602863508e+00  1.9559771728e+00  2.4613434283e+00  1.9073947152e+00  6.9082172692e-01 -4.2348378865e+00  2.3993298016e+00  8.6958177441e-01 -2.8314737122e+00  1.3896490666e+00
ENERGY -4.896143501384e+02

JOB 22
COORDS -4.8801839409e-01  1.4964920172e+00  2.4863490813e+00 -1.6397436977e-02 -2.5085222694e+00  3.1988711815e+00  3.2129701109e-01  9.1818773096e-01  2.2657924489e-01  1.9539055501e+00  1.3649596331e+00  2.1320575441e+00  5.7780874003e-01  7.8923975507e-01  1.7408344222e+00 -1.3053434627e+00  2.1238199431e+00  3.0233779001e+00 -1.4020985267e-01 -1.0560233461e+00  2.9221950473e+00  6.3586439948e-01 -6.6468476438e-01  2.0352913448e+00  6.1567709990e-01 -3.2422640716e+00  2.2433282341e+00 -5.1652585579e-01 -2.9362483361e+00  4.2202496835e+00  1.1080260512e+00  3.9228424270e-01 -3.2077924297e-01 -6.4732126528e-01  4.8805452638e-01 -3.9253970088e-02  3.2820173497e-01  1.9718390068e+00 -6.1644921856e-02  2.7389464398e+00  8.2467576858e-01  1.5963260206e+00  2.1207856394e+00  1.2647257490e+00  3.2070854469e+00  2.0012024424e+00  2.4231147470e+00  1.8646198100e+00  8.2486229066e-01 -4.2062960924e+00  2.4650661851e+00  1.1614062559e+00 -2.7610384248e+00  1.5393209869e+00
ENERGY -4.896142766823e+02

JOB 23
COORDS -8.0852653149e-01  1.2245170836e+00  1.2308505851e+00 -3.8364070890e-01 -2.7202521460e+00  2.2454605512e+00  1.5057306536e+00  9.5124056864e-01  4.1291350556e-01  1.0319754586e+00  1.5246105579e+00  2.8505514941e+00  5.4620661128e-01  7.5819048941e-01  1.6041153315e+00 -1.8364976245e+00  1.6708049227e+00  9.2422696946e-01 -4.8880547502e-01 -1.2822426479e+00  1.8871382811e+00  5.9681754375e-01 -6.8351404175e-01  1.9531272926e+00  8.5400452327e-01 -3.1616823204e+00  2.5829376386e+00 -1.3988836284e+00 -3.3876424540e+00  2.2090330358e+00  2.5033611421e+00  6.0003108861e-01  6.8951514087e-01  1.1577375181e+00  3.8934988463e-01 -4.5709864401e-01  1.5593554756e+00  2.0100287955e+00  1.4936584903e-01  2.0249450503e+00  1.1652778082e+00  3.1334641129e+00  3.4578801181e-01  1.3739714939e+00  3.6873149494e+00  1.0877712606e+00  2.5929066752e+00  2.6291287606e+00  9.6734215719e-01 -4.1315002249e+00  2.8416282588e+00  1.6383446370e+00 -2.5232777765e+00  2.5908622768e+00
ENERGY -4.896141405405e+02

