JOB 0
COORDS -9.7118559268e-01  1.8075263762e-01  1.4021365594e+00  1.5791661359e+00  1.9339024726e+00 -1.1608303923e+00  1.7073412129e+00 -2.3940706240e+00 -9.9333614109e-01 -2.3599907315e+00  3.4057411075e-01  2.1259799955e+00 -1.0567506317e+00  2.2172782176e-01  2.6267736986e-02  4.5405430044e-02  6.8435502801e-03  2.0323240458e+00 -3.5952904449e-01 -1.1188486033e-01 -2.4502954322e+00  1.4722141774e+00  5.6244038946e-01 -7.1159622578e-01  5.1655211393e-01 -1.7142188961e+00 -5.2591351547e-01  1.5265742031e-01 -2.6638644991e-01 -1.0727651191e+00 -3.3296723033e+00 -1.1376930869e+00  1.7689843425e+00 -2.1284114184e+00  5.1598389638e-01  3.8728286059e+00 -3.2260801733e+00  1.7968184611e+00  1.4795147746e+00  2.5860084026e+00  2.2577612008e+00 -8.9851605283e-01  8.4426330022e-01  2.5546067947e+00 -6.4001729860e-01  1.4264753159e+00  1.9925366225e+00 -2.2406934144e+00  1.6986362860e+00 -3.3705624926e+00 -5.1030876104e-01  2.5947653357e+00 -1.8325499741e+00 -6.9437842106e-01  1.6733929010e+00 -2.5136963985e+00 -2.0792832134e+00 -1.9631572603e+00  3.9182198148e-01 -3.9996651491e-01
ENERGY -2.234290415387e+03

JOB 1
COORDS -9.7261099878e-01  2.5114872650e-01  1.3769022144e+00  1.6634954762e+00  1.9347583389e+00 -1.2332505242e+00  1.5885048523e+00 -2.3956918720e+00 -9.5443336638e-01 -2.3812552798e+00  1.6614626283e-01  2.0721004803e+00 -1.0342239844e+00  3.8585941250e-01  2.4379473818e-03  4.5292647502e-02  1.3962465930e-01  2.0183367959e+00 -3.7853734121e-01 -5.5905721601e-02 -2.4708164539e+00  1.5024494364e+00  5.7471597051e-01 -7.6559330227e-01  4.3401872049e-01 -1.6429293866e+00 -5.0806584222e-01  1.3918334705e-01 -1.9456367286e-01 -1.0937486772e+00 -3.0870475131e+00 -1.4325197239e+00  1.6265636791e+00 -2.2131192103e+00  2.9758520882e-01  3.8304856220e+00 -3.4604581290e+00  1.4901805853e+00  1.4656212555e+00  2.6872900503e+00  2.2168762689e+00 -9.8891202591e-01  9.6370651032e-01  2.5927185063e+00 -7.1002808095e-01  1.4986934993e+00  1.9872847496e+00 -2.3117281982e+00  1.5304419851e+00 -3.3559497070e+00 -4.4311541841e-01  2.5031487965e+00 -1.8709795183e+00 -6.7126217134e-01  1.5473434998e+00 -2.5446787479e+00 -2.0364217093e+00 -1.9506069308e+00  5.0908857222e-01 -4.2008447805e-01
ENERGY -2.234289351185e+03

JOB 2
COORDS -8.7234948706e-01  3.2529584999e-01  1.4990581257e+00  1.7344934381e+00  1.9349977954e+00 -1.1742370292e+00  1.5170124593e+00 -2.4291427220e+00 -8.8519696288e-01 -2.2331901370e+00 -5.4394484731e-02  2.1896168180e+00 -9.5365744649e-01  4.8393036848e-01  1.2201459183e-01  1.5158068312e-01  3.7256279544e-01  2.1371574074e+00 -3.7090832317e-01 -6.5208480015e-02 -2.3526856082e+00  1.5661273256e+00  5.7438156909e-01 -7.1068660649e-01  4.5002954326e-01 -1.6029740383e+00 -3.5753074626e-01  1.7540596601e-01 -1.6434425236e-01 -9.8344216784e-01 -2.5777922418e+00 -1.7615969369e+00  1.7397177394e+00 -2.1045769944e+00  1.1254414800e-01  3.9494398009e+00 -3.5702232954e+00  1.0117161785e+00  1.5795295799e+00  2.7684823195e+00  2.2005121362e+00 -9.5577767401e-01  1.0583962017e+00  2.5985937759e+00 -6.2787295137e-01  1.5424284831e+00  1.9962799057e+00 -2.2478646809e+00  1.4558518000e+00 -3.3727747655e+00 -3.4407512681e-01  2.4809276061e+00 -1.9498290613e+00 -7.0146419665e-01  1.3683170113e+00 -2.6000424640e+00 -1.9544098973e+00 -1.8889659452e+00  5.2483543535e-01 -2.7639682701e-01
ENERGY -2.234287320089e+03

JOB 3
COORDS -8.9555282783e-01  4.4528837319e-01  1.4920066860e+00  1.7921111681e+00  1.9401146424e+00 -1.2664672508e+00  1.3959683348e+00 -2.4206032546e+00 -8.2308461992e-01 -2.2270800474e+00 -1.4553316209e-01  2.0873489602e+00 -9.1426668069e-01  6.5971355376e-01  1.1187428079e-01  8.1789936670e-02  5.8222537981e-01  2.1857070681e+00 -3.9286324708e-01 -4.6917396849e-02 -2.3393223043e+00  1.5910541139e+00  6.0104805509e-01 -7.5546851400e-01  4.0770564005e-01 -1.5103607101e+00 -2.8026688513e-01  1.6844230500e-01 -9.6299225322e-02 -9.7321271558e-01 -2.3932878134e+00 -1.8274575601e+00  1.4838083981e+00 -2.1800255579e+00 -1.2258864631e-01  3.8594919263e+00 -3.6381293652e+00  8.4468008222e-01  1.5089448168e+00  2.8318656131e+00  2.1887817519e+00 -1.0556361928e+00  1.1308668208e+00  2.6382927334e+00 -7.4572988587e-01  1.6031474457e+00  1.9669022630e+00 -2.3421249957e+00  1.3175250752e+00 -3.3306599546e+00 -2.2918610913e-01  2.3934353099e+00 -1.9875845597e+00 -7.2090910053e-01  1.1738606369e+00 -2.6356970473e+00 -1.8712079838e+00 -1.8453590368e+00  6.9734500638e-01 -2.9988442790e-01
ENERGY -2.234283828371e+03

JOB 4
COORDS -1.6469870424e+00  1.0950093311e-01  5.6803981733e-01  1.9586995299e+00  4.8306215146e-01  1.3829901725e+00  6.9030837657e-01 -2.1133294677e+00 -1.8157208755e+00 -3.0157905511e+00 -1.1849617305e-01 -1.7362770465e-01 -7.4336585433e-01  9.5579673194e-01 -8.2731442044e-02 -1.3788401506e+00 -5.2774700502e-01  1.5574023534e+00  7.0054674068e-01  8.9749918663e-01 -2.2969467544e+00  1.8899189088e+00  8.5355943985e-01 -1.6309093328e-02  5.7480175780e-01 -1.1968160017e+00 -6.9818123753e-01  6.6062223427e-01  3.8655533471e-01 -9.1553835284e-01 -3.7302564405e+00  1.4820237833e+00 -6.4095045767e-01 -2.6670080686e+00 -1.0696056469e+00 -1.6606839062e+00 -4.1559073127e+00 -9.9401358722e-01  8.6389998406e-01  2.8512439911e+00  9.6953790039e-01  1.7751861886e+00  2.0408088610e+00 -6.0181258836e-01  1.4797234615e+00  1.0694241224e+00  8.3667401551e-01  1.9106464465e+00  1.7358427187e+00 -2.4117211151e+00 -1.9207762011e+00  3.4198956474e-01 -1.6437572268e+00 -2.7368584705e+00  7.1771002949e-02 -2.9757745458e+00 -1.5674456306e+00 -1.2016692221e+00  1.6257727424e+00 -7.0103635406e-01
ENERGY -2.234278121333e+03

JOB 5
COORDS -1.6936867487e+00 -4.9572874707e-01  1.6964072839e+00  1.0823881308e+00  1.9143688654e+00 -9.1249698782e-01  9.7189868679e-01 -2.3706067897e+00 -1.9214690351e+00 -2.4929575315e+00  8.3879844557e-01  1.8910435001e+00 -3.8892718472e-01 -3.7040236310e-01  1.1596832085e+00 -2.1094176643e+00 -1.5129165977e+00  2.1937655304e+00 -1.2735277348e+00 -9.9526774028e-02 -1.3649965145e+00  1.2091558665e+00  4.7922931467e-01 -7.6484588462e-01  5.3820697141e-01 -1.8853623676e+00 -6.2487513014e-01 -9.9379568588e-02 -4.1863065582e-01 -5.3019520595e-01 -4.2403662236e+00  5.0654251426e-01  1.8383654298e+00 -2.0084424727e+00  1.3887521998e+00  3.5512999971e+00 -2.0887189193e+00  2.1269479066e+00  7.2096164943e-01  8.7798086072e-01  2.3671070308e+00  6.0403526383e-02  2.8409520221e-01  2.1538836146e+00 -1.6184327370e+00  2.0423069556e+00  2.2626189219e+00 -1.2939308029e+00  1.2431936483e+00 -3.4152678962e+00 -1.7730547479e+00  1.8393225210e+00 -1.7985911274e+00 -2.2596181572e+00  1.5528851781e-01 -2.2938196202e+00 -2.6431209384e+00  1.7560071912e-01 -1.1051213365e+00  1.5926915860e+00
ENERGY -2.234273345041e+03

JOB 6
COORDS -1.4122047944e+00 -4.3224632466e-01  1.9356013184e+00  1.1735230392e+00  1.9367378617e+00 -9.3133573325e-01  6.8482461602e-01 -2.3802213300e+00 -1.9227082679e+00 -2.4868505588e+00  7.1297542576e-01  1.8747420722e+00 -2.0399950897e-01 -2.2486259614e-01  1.2405079463e+00 -1.5808477277e+00 -1.3676696106e+00  2.6812279147e+00 -1.2947772515e+00  4.8009639240e-02 -1.1994446589e+00  1.2580392094e+00  4.9424296146e-01 -8.0788276417e-01  4.6491773055e-01 -1.8334721443e+00 -5.9615799578e-01 -7.3486911123e-02 -3.3215268530e-01 -4.6580353273e-01 -3.8610368158e+00  1.0171419348e-01  8.9941345869e-01 -3.0271138184e+00  1.0391443662e+00  3.5564739715e+00 -1.8660211092e+00  2.2428596842e+00  1.1716088201e+00  1.0454960997e+00  2.3827829723e+00  5.7861436551e-02  3.4095998953e-01  2.2125657932e+00 -1.5819406182e+00  2.1197514813e+00  2.2562944702e+00 -1.3676513344e+00  9.2189670356e-01 -3.4331488265e+00 -1.7745074787e+00  1.5236066564e+00 -1.8678988158e+00 -2.4003766619e+00 -2.2110158675e-01 -2.2785240330e+00 -2.5243874386e+00  4.7606588926e-01 -8.6733762091e-01  1.6552200086e+00
ENERGY -2.234276264152e+03

JOB 7
COORDS -1.1657796109e+00 -1.1452296760e-01  2.0972653047e+00  1.7306384381e+00  1.9831747657e+00 -9.8443830003e-01  1.4825970374e-01 -2.2266545533e+00 -1.7231273052e+00 -2.6459015432e+00  2.6385821702e-01  1.7503296652e+00 -1.6740503523e-01  3.6365142286e-01  1.2353799623e+00 -8.9553842827e-01 -6.8014665991e-01  3.1316464098e+00 -9.8407917547e-01  6.3746880343e-01 -1.3463524903e+00  1.5333655305e+00  5.8798531966e-01 -6.3488764767e-01  2.1380720468e-01 -1.5250045862e+00 -4.5464078261e-01  2.6617569057e-02  6.1757397452e-02 -4.4089514453e-01 -3.2088786940e+00 -9.2874102541e-01  5.1222212676e-01 -3.6578601385e+00  1.1154585161e-01  3.2122014497e+00 -2.7579536689e+00  1.9296571538e+00  1.1146629090e+00  1.4605750126e+00  2.6233732161e+00 -1.3985107658e-01  1.1272450957e+00  2.2411030807e+00 -1.8567032508e+00  2.7920922614e+00  2.0875715838e+00 -1.2078767239e+00  1.3128486340e-01 -3.2871486031e+00 -1.4739121779e+00  1.0331478896e+00 -1.9957612869e+00 -2.3219217577e+00 -7.5986624043e-01 -1.9455584346e+00 -2.2600607525e+00  7.2278467858e-01  1.7539480783e-01  1.7016403541e+00
ENERGY -2.234279457699e+03

JOB 8
COORDS -1.1346551407e+00 -8.3501087008e-03  2.1593724952e+00  1.7466164145e+00  1.9726407448e+00 -9.5254461147e-01  1.1655591412e-01 -2.2068961207e+00 -1.7667630848e+00 -2.6256631833e+00  2.2438635511e-01  1.7400761921e+00 -1.3867737190e-01  3.3310383299e-01  1.2413771265e+00 -8.5514600298e-01 -3.7081372821e-01  3.2803702247e+00 -9.8547119743e-01  6.5742977674e-01 -1.3270680697e+00  1.5372001042e+00  5.7064615992e-01 -6.4058295675e-01  2.0479746628e-01 -1.5308780473e+00 -4.8601915716e-01  2.6559341058e-02  5.5749848368e-02 -4.4053395533e-01 -3.0674277120e+00 -1.0523522173e+00  5.4113555194e-01 -3.6786864356e+00  6.3359114764e-02  3.1699537361e+00 -2.8218237979e+00  1.8572232929e+00  1.0344950593e+00  1.4913060994e+00  2.5923853543e+00 -8.8185610123e-02  1.1387101384e+00  2.2615408420e+00 -1.8119051942e+00  2.8071605366e+00  2.0721311549e+00 -1.1825317327e+00  9.3359976513e-02 -3.2719508414e+00 -1.5381850804e+00  9.9552189191e-01 -1.9720376581e+00 -2.3727450605e+00 -7.9589629371e-01 -1.9078283603e+00 -2.2864838440e+00  7.5974407762e-01  1.9458224291e-01  1.7064332881e+00
ENERGY -2.234281742093e+03

JOB 9
COORDS -1.1447802811e+00  4.2699761951e-02  2.1995270014e+00  1.7134850973e+00  1.9359680972e+00 -9.1790709777e-01  1.0424618339e-01 -2.2057138885e+00 -1.8420940279e+00 -2.6364387956e+00  2.0042388571e-01  1.7502917745e+00 -1.4331317243e-01  2.3043031000e-01  1.2507397522e+00 -8.6752876422e-01 -1.6122396931e-01  3.3614891927e+00 -1.0235262839e+00  6.3858992316e-01 -1.2952415028e+00  1.5062577465e+00  5.2598969797e-01 -6.4377255504e-01  1.7677817313e-01 -1.5760747647e+00 -5.3726173070e-01 -3.2973205509e-03  7.5703248183e-03 -4.3937959178e-01 -3.0328811653e+00 -1.1131007271e+00  5.8002130527e-01 -3.7036877341e+00  4.5031178203e-02  3.1705140290e+00 -2.8638933057e+00  1.8155730439e+00  1.0084411354e+00  1.4639685232e+00  2.5320655270e+00 -3.5291748976e-02  1.0999445995e+00  2.2486076811e+00 -1.7648905075e+00  2.7724704841e+00  2.0423739702e+00 -1.1520030959e+00  8.7126208528e-02 -3.2785575366e+00 -1.6526022085e+00  9.8645851128e-01 -1.9431278025e+00 -2.4318863665e+00 -8.0615039392e-01 -1.8950453273e+00 -2.3587382365e+00  7.5769798179e-01  1.1885187739e-01  1.7156597497e+00
ENERGY -2.234282888980e+03

JOB 10
COORDS -1.1710409187e+00  9.2270857613e-02  2.1867465807e+00  1.6977933522e+00  1.8852569480e+00 -9.0511934795e-01  1.2876267991e-01 -2.2296808548e+00 -1.9106078837e+00 -2.6626823583e+00  1.5017297002e-01  1.7144982275e+00 -1.6330614094e-01  1.3697182656e-01  1.2315282183e+00 -8.9945834376e-01  5.7757804822e-02  3.3678996006e+00 -1.0365981916e+00  5.9259332299e-01 -1.3073763709e+00  1.4917240015e+00  4.7158939469e-01 -6.5159515308e-01  1.6844752683e-01 -1.6331691615e+00 -5.8910798181e-01 -1.8131197424e-02 -5.3050809078e-02 -4.6038463481e-01 -2.9927345731e+00 -1.2157926383e+00  5.8684697409e-01 -3.7377850812e+00 -4.2277187518e-03  3.1295079585e+00 -2.9494882913e+00  1.7307694946e+00  9.1820986193e-01  1.4424298441e+00  2.4693582571e+00 -1.6003319519e-02  1.0885194568e+00  2.2088258525e+00 -1.7510527719e+00  2.7579380598e+00  1.9969492458e+00 -1.1314274701e+00  1.2695515385e-01 -3.3072705386e+00 -1.7493428139e+00  1.0158446291e+00 -1.9374599160e+00 -2.4788707921e+00 -7.7829771122e-01 -1.9213201283e+00 -2.4346166105e+00  7.3738292133e-01  8.0559250610e-02  1.7054048530e+00
ENERGY -2.234283277285e+03

JOB 11
COORDS -1.3913617845e+00  6.2199279355e-02  1.9979722997e+00  1.8870547541e+00  1.8225527110e+00 -5.7613911953e-01  5.3072251407e-01 -2.2498154161e+00 -1.9450776108e+00 -2.7990322855e+00  4.4262544197e-02  1.3125652231e+00 -2.5448107310e-01 -1.4777284096e-02  1.2059429273e+00 -1.2968424801e+00  1.5774813890e-01  3.2032881821e+00 -7.5067721028e-01  5.3967836616e-01 -1.4124095086e+00  1.6574391803e+00  4.0051515043e-01 -4.0333657822e-01  3.5893588422e-01 -1.7079849341e+00 -6.1086996611e-01  1.3970482770e-01 -1.3547090895e-01 -4.5164349642e-01 -2.9187639235e+00 -1.3405497127e+00  1.6816809222e-01 -4.0603677587e+00 -1.3714795296e-01  2.5616732726e+00 -3.0228229918e+00  1.6076733194e+00  4.6203302219e-01  1.5047975732e+00  2.3748608250e+00  2.8758408395e-01  1.4011308505e+00  2.1747044881e+00 -1.4879325082e+00  2.9677072570e+00  1.9446205873e+00 -6.4607966432e-01  5.2499934999e-01 -3.3330713346e+00 -1.8279137043e+00  1.4876749258e+00 -1.9233927702e+00 -2.3610124473e+00 -2.9264970491e-01 -1.9319769588e+00 -2.5881406599e+00  5.6747744173e-01 -2.9629370731e-02  1.8079807183e+00
ENERGY -2.234283195026e+03

JOB 12
COORDS -1.3808279105e+00  1.7407712000e-01  2.0004826283e+00  1.8910304424e+00  1.7974662994e+00 -5.5418628364e-01  5.4803525369e-01 -2.2316459472e+00 -1.9683281837e+00 -2.7985605924e+00  8.8281946320e-02  1.3404523124e+00 -2.5668845400e-01 -5.6638533848e-02  1.2202618727e+00 -1.2711958212e+00  4.2478025608e-01  3.1821291623e+00 -7.6347239325e-01  5.4985081026e-01 -1.3819859240e+00  1.6526736495e+00  3.7496341418e-01 -3.9809661326e-01  3.3885325382e-01 -1.7195888466e+00 -6.2774814975e-01  1.2988752101e-01 -1.4941278987e-01 -4.4122677187e-01 -2.9150407410e+00 -1.3286164041e+00  2.3978370519e-01 -4.0308654633e+00 -8.0863213886e-02  2.6215998289e+00 -3.0716998573e+00  1.6217996800e+00  4.4748254264e-01  1.5203383904e+00  2.3415299625e+00  3.1991774631e-01  1.3997999459e+00  2.1652647531e+00 -1.4568939340e+00  2.9718835101e+00  1.9129875643e+00 -6.3153902169e-01  5.3920341955e-01 -3.3172382497e+00 -1.8756972719e+00  1.5162313311e+00 -1.8965047103e+00 -2.3498802315e+00 -2.5741963094e-01 -1.8998735265e+00 -2.6270050900e+00  5.7054031178e-01 -2.5344652390e-02  1.8143189308e+00
ENERGY -2.234282713616e+03

JOB 13
COORDS -1.3916961440e+00  2.5632100621e-01  1.9669564856e+00  1.8773719182e+00  1.7725027816e+00 -5.2078445038e-01  5.5670495058e-01 -2.2232270343e+00 -2.0033028447e+00 -2.8177168831e+00  8.9575635984e-02  1.3391836101e+00 -2.7960902278e-01 -1.1814989430e-01  1.2235004900e+00 -1.2720721471e+00  6.6158776431e-01  3.1036698806e+00 -7.8093164876e-01  5.4410099512e-01 -1.3619724994e+00  1.6384771298e+00  3.4752242941e-01 -3.8980390030e-01  3.2456782648e-01 -1.7413161437e+00 -6.5533201110e-01  1.1497550154e-01 -1.7582225253e-01 -4.3900149627e-01 -2.9158662260e+00 -1.3572509651e+00  2.7927975078e-01 -4.0123648439e+00 -8.6485371360e-02  2.6574471329e+00 -3.1653750170e+00  1.5871510534e+00  4.1067307412e-01  1.5127913559e+00  2.3008534956e+00  3.6557997169e-01  1.3811203515e+00  2.1576942313e+00 -1.4134060366e+00  2.9578664818e+00  1.8884759921e+00 -6.0221455051e-01  5.5352440414e-01 -3.3105611441e+00 -1.9340196411e+00  1.5281106390e+00 -1.8740916901e+00 -2.3635312467e+00 -2.4149420638e-01 -1.8827203408e+00 -2.6664080975e+00  5.4840806407e-01 -4.2069947194e-02  1.8128813207e+00
ENERGY -2.234281849615e+03

JOB 14
COORDS -1.3777941657e+00  3.3240441785e-01  1.9290432553e+00  1.8676098559e+00  1.7416706060e+00 -4.9296252633e-01  5.7409700375e-01 -2.2149777407e+00 -2.0384215519e+00 -2.8212870166e+00  9.0529265180e-02  1.3652680954e+00 -2.9180253775e-01 -1.9132783267e-01  1.2326048531e+00 -1.2317475482e+00  8.8994590637e-01  2.9953597697e+00 -8.0140753511e-01  5.3585213160e-01 -1.3261579012e+00  1.6291587791e+00  3.1429412810e-01 -3.8701626811e-01  3.1308843628e-01 -1.7676827166e+00 -6.8383861573e-01  1.0473315283e-01 -2.0802728514e-01 -4.3204648751e-01 -2.9219436213e+00 -1.3821459853e+00  3.4486711131e-01 -3.9454063524e+00 -9.3547147530e-02  2.7465453068e+00 -3.2665535075e+00  1.5488479749e+00  4.1621198238e-01  1.5085494401e+00  2.2538943189e+00  4.0508223791e-01  1.3662080529e+00  2.1432543289e+00 -1.3753880951e+00  2.9476628278e+00  1.8588007247e+00 -5.7843594060e-01  5.7272611995e-01 -3.3036918890e+00 -1.9966410986e+00  1.5514987648e+00 -1.8544394455e+00 -2.3699709766e+00 -2.1193062274e-01 -1.8605393335e+00 -2.7088425671e+00  5.4032389041e-01 -8.8717599089e-02  1.8130488554e+00
ENERGY -2.234280528432e+03

JOB 15
COORDS -1.3495982225e+00  4.0738278181e-01  1.8586009512e+00  1.8483246748e+00  1.7100417362e+00 -4.3493045277e-01  6.1638942805e-01 -2.2201737506e+00 -2.0767514204e+00 -2.8181959720e+00  1.1372949873e-01  1.3880492027e+00 -3.0795613528e-01 -2.7968772069e-01  1.2301512686e+00 -1.1579168297e+00  1.1177023416e+00  2.8206434419e+00 -8.1628557219e-01  5.0674424422e-01 -1.2979220758e+00  1.6245187466e+00  2.7673060209e-01 -3.8567961490e-01  3.2163275314e-01 -1.8066564701e+00 -7.1812632579e-01  1.0328150158e-01 -2.5515683690e-01 -4.3227244841e-01 -2.9566483402e+00 -1.3725629639e+00  3.9604566710e-01 -3.8338941189e+00 -8.1387769616e-02  2.8554960523e+00 -3.3705936839e+00  1.5418350320e+00  4.5295493877e-01  1.4950285724e+00  2.1805039502e+00  4.8794795156e-01  1.3327378763e+00  2.1427147156e+00 -1.2941845275e+00  2.9261003480e+00  1.8414029235e+00 -5.2773456548e-01  6.1517186538e-01 -3.3095397316e+00 -2.0620330459e+00  1.6010737628e+00 -1.8505790309e+00 -2.3747909932e+00 -1.5378854902e-01 -1.8502426484e+00 -2.7571962800e+00  5.2541061208e-01 -1.7892828588e-01  1.8103836837e+00
ENERGY -2.234278577209e+03

JOB 16
COORDS -1.4132391959e+00  5.4685576864e-01  1.6946888763e+00  1.8160360832e+00  1.7099295036e+00 -4.2511335455e-01  6.2512273688e-01 -2.2079574071e+00 -2.0997674505e+00 -2.8926337879e+00  1.4394532214e-01  1.3577980759e+00 -3.9137574443e-01 -2.7527245743e-01  1.1917193022e+00 -1.2045940156e+00  1.4372435107e+00  2.4864952602e+00 -8.4299012758e-01  5.2070423193e-01 -1.3288202134e+00  1.5887704338e+00  2.7571587260e-01 -3.9247603582e-01  2.8351723782e-01 -1.8016621801e+00 -7.5011583757e-01  6.7141414605e-02 -2.5152202863e-01 -4.6009478867e-01 -3.0294788534e+00 -1.3201844212e+00  3.3755005570e-01 -3.7004406484e+00 -1.8006712261e-01  2.9362806467e+00 -3.6693344780e+00  1.5344291413e+00  5.4285087260e-01  1.4378883231e+00  2.1745403216e+00  4.9070854323e-01  1.3244487631e+00  2.1487716407e+00 -1.2951531334e+00  2.8961692277e+00  1.8394219699e+00 -4.8789531888e-01  6.1279075581e-01 -3.2973238675e+00 -2.0938092090e+00  1.6236677418e+00 -1.8455930049e+00 -2.3576257334e+00 -1.1559368286e-01 -1.8259356410e+00 -2.8059345557e+00  4.3193509039e-01 -1.3549170728e-01  1.7793349979e+00
ENERGY -2.234275857565e+03

JOB 17
COORDS -1.3511394465e+00  8.0797537696e-01  1.5211633073e+00  2.0923382219e+00  1.5637881059e+00 -5.2493793815e-01  5.7519668849e-01 -2.3231226163e+00 -1.9985530710e+00 -2.8096588844e+00  2.4535406147e-01  1.4740385089e+00 -3.3712427344e-01 -1.0251960462e-01  1.1378858655e+00 -1.1217464962e+00  1.8633369460e+00  2.0603028275e+00 -6.3270420991e-01  5.6501356901e-01 -1.4482080939e+00  1.7324796197e+00  1.6233431134e-01 -4.0260949320e-01  2.4728620802e-01 -1.8057782992e+00 -6.8450851948e-01  1.6980381428e-01 -2.2652870656e-01 -4.9346262541e-01 -3.0786893645e+00 -9.2115875482e-01  1.4905876349e-01 -2.9959042939e+00 -6.0580297503e-01  3.0636033543e+00 -3.9765351183e+00  1.5844430883e+00  1.3546580717e+00  1.7009563078e+00  2.1333611937e+00  3.2382036385e-01  1.6992428245e+00  1.9725715821e+00 -1.4574325437e+00  3.1816781575e+00  1.5933600615e+00 -5.2102051560e-01  4.5885974064e-01 -3.4042246908e+00 -1.9294810052e+00  1.6089246615e+00 -2.0731143247e+00 -2.2515910534e+00 -1.1051931390e-01 -1.9162429063e+00 -2.7452574983e+00  4.7640712627e-01  8.2885439206e-02  1.7257218883e+00
ENERGY -2.234273226569e+03

JOB 18
COORDS -8.4262779848e-01  6.3484561040e-02  1.6160524885e+00  1.4280214844e+00  1.7351597945e+00 -4.6669658958e-01  1.7523105302e+00 -2.4076236141e+00 -2.0638219795e+00 -2.2462721712e+00  7.8151373940e-01  1.6067841926e+00 -6.5764828464e-01 -9.1410812984e-01  6.3366073554e-01  3.0138921009e-02  4.7733749513e-01  2.3400059128e+00 -4.5943833080e-01 -2.2394235619e-01 -1.9468988196e+00  1.4937462020e+00  2.9716912932e-01 -2.8538613482e-01  1.0133588318e+00 -2.0899271308e+00 -8.5786546221e-01  3.1226919324e-01 -6.5947500574e-01 -7.6182131287e-01 -3.5880435168e+00 -4.1634244664e-01  1.3705242161e+00 -2.5082355212e+00  1.6577914785e+00  3.1283917754e+00 -2.2112486030e+00  1.9214938841e+00  2.1862803550e-01  1.0201707675e+00  2.1867100051e+00  4.3921813047e-01  8.1385354614e-01  1.9840369133e+00 -1.3342074819e+00  2.4546441816e+00  2.0677430556e+00 -6.2142371279e-01  2.0236777478e+00 -3.4594307233e+00 -1.9779379179e+00  2.6555069069e+00 -1.7939340748e+00 -2.1187481445e+00  1.1277189327e+00 -2.2467144254e+00 -2.9454428963e+00 -1.5451408787e+00 -1.3113456459e+00  3.2273545899e-01
ENERGY -2.234276269835e+03

JOB 19
COORDS -1.1100229610e+00 -4.2248254599e-01  1.4512622568e+00  1.2473826587e+00  1.7065738481e+00 -1.0364045223e+00  2.1133304127e+00 -2.3101818439e+00 -1.3124858015e+00 -2.0572935040e+00  7.4778534991e-01  1.9130232508e+00 -1.2128542456e+00 -7.6108021931e-01  1.0482380330e-01 -2.7596456018e-01 -8.5912803619e-01  2.2055271960e+00 -4.1950765667e-01 -4.0257644525e-01 -2.3584750055e+00  1.1255827312e+00  4.0255820862e-01 -4.1522504430e-01  8.3032133218e-01 -2.0513801537e+00 -6.9520410323e-01  8.9161104348e-02 -6.7570034230e-01 -9.9729517366e-01 -3.7385667539e+00  4.9030630628e-01  1.2832028507e+00 -2.0988312641e+00  8.5759010796e-01  3.6801956978e+00 -1.3873783393e+00  2.2667800035e+00  1.2092455169e+00  1.6774709765e+00  2.3602858443e+00 -2.7768747982e-01  2.7577670317e-01  2.0860859870e+00 -1.3557360044e+00  1.9117618397e+00  1.6333518044e+00 -1.9000030501e+00  2.4116967914e+00 -3.3014262789e+00 -9.7288844641e-01  2.8435783120e+00 -1.5670836140e+00 -9.8226407704e-01  2.0189170740e+00 -2.3005897803e+00 -2.4015603487e+00 -2.0677321544e+00 -4.5432208642e-01 -3.5589014686e-01
ENERGY -2.234282131010e+03

JOB 20
COORDS -1.0609978470e+00 -2.2192621559e-01  1.5742190369e+00  1.1838645682e+00  1.8620962573e+00 -9.3793767601e-01  2.0644542770e+00 -2.2706961172e+00 -1.1231460933e+00 -2.1447748027e+00  7.7460122156e-01  2.1331555975e+00 -1.1907092574e+00 -5.1205941941e-01  2.2619094963e-01 -1.4316584115e-01 -5.7692936751e-01  2.2739831399e+00 -4.2351201033e-01 -3.3153475784e-01 -2.2571988015e+00  1.1906147477e+00  5.1941590463e-01 -3.9191588528e-01  7.9484079331e-01 -1.9252285974e+00 -5.1859829844e-01  1.0013951856e-01 -5.4503006764e-01 -8.9109462659e-01 -3.7970998167e+00  3.4140195365e-01  1.5297200996e+00 -2.1400586720e+00  7.6744207000e-01  3.9035980468e+00 -1.7005604666e+00  2.4139793916e+00  1.5154604541e+00  2.1191337337e+00  2.3181788352e+00 -6.1355922378e-01  3.3828240664e-01  2.4245765954e+00 -5.3641240406e-01  1.1289026782e+00  1.8274582491e+00 -2.0275189319e+00  2.3192574343e+00 -3.2556990567e+00 -7.3368120025e-01  2.8258862542e+00 -1.5435817460e+00 -8.3167262398e-01  1.9668487881e+00 -2.3118796063e+00 -2.2111001406e+00 -2.0643591781e+00 -2.3572450227e-01 -2.1570357545e-01
ENERGY -2.234286633236e+03

JOB 21
COORDS -9.7248827735e-01 -9.1911168532e-02  1.4996269760e+00  1.2223332691e+00  1.9039809934e+00 -9.1482797305e-01  2.0635040778e+00 -2.3399364817e+00 -1.1090006078e+00 -2.1726744961e+00  7.1805770593e-01  2.1182446182e+00 -1.1031039379e+00 -3.4530200288e-01  1.5013399042e-01 -1.7770183893e-03 -3.5761566111e-01  2.1686210173e+00 -3.3095340521e-01 -3.4037256032e-01 -2.3309639910e+00  1.3215358104e+00  5.2039805997e-01 -4.9774649448e-01  8.1270423271e-01 -1.9041622156e+00 -5.2159587023e-01  1.8548427707e-01 -5.1111044603e-01 -9.5651811881e-01 -3.7618607583e+00  7.4106701284e-02  1.5400679333e+00 -2.1143260113e+00  6.5698646081e-01  3.8861841761e+00 -1.9807767906e+00  2.4248411999e+00  1.5453325890e+00  2.1560532431e+00  2.3754820318e+00 -6.0923142398e-01  3.8228622626e-01  2.3874330435e+00 -4.0859119910e-01  1.0968521363e+00  1.9652197242e+00 -1.9978227366e+00  2.2546407624e+00 -3.3299345809e+00 -6.9647751495e-01  2.8647757937e+00 -1.6535130724e+00 -8.2656898126e-01  1.9708285516e+00 -2.3986152818e+00 -2.1965038871e+00 -1.9937652176e+00 -1.3583528158e-01 -2.9231540334e-01
ENERGY -2.234289428589e+03

JOB 22
COORDS -9.3865186069e-01  2.7548263939e-02  1.4886453248e+00  1.3045351284e+00  1.9495053822e+00 -9.3904656333e-01  2.0051486182e+00 -2.3579038877e+00 -1.0320778095e+00 -2.2268661180e+00  6.3087245802e-01  2.1637562331e+00 -1.0601533756e+00 -1.5274993364e-01  1.2870913712e-01  6.3048855731e-02 -1.7274487813e-01  2.1348967540e+00 -3.0146941749e-01 -3.0104376411e-01 -2.3489502041e+00  1.3981875882e+00  5.5684135416e-01 -5.5525554802e-01  7.7113402463e-01 -1.8389215981e+00 -4.7725343684e-01  2.1283774647e-01 -4.3566427568e-01 -9.6996350188e-01 -3.7132478630e+00 -2.3074426437e-01  1.5958331210e+00 -2.1102187835e+00  5.1832984526e-01  3.9260624613e+00 -2.3119539822e+00  2.3655254665e+00  1.6528497887e+00  2.2560516625e+00  2.4019194972e+00 -6.6101054309e-01  4.9166230912e-01  2.4336520131e+00 -3.8966129783e-01  1.1386019409e+00  2.0366716035e+00 -2.0150676054e+00  2.1412429758e+00 -3.3404740733e+00 -5.8170341143e-01  2.8362387686e+00 -1.7021089006e+00 -7.6383162462e-01  1.9217669867e+00 -2.4515427980e+00 -2.1178509417e+00 -1.9663874136e+00 -8.1682747532e-03 -3.0684545595e-01
ENERGY -2.234290587074e+03

JOB 23
COORDS -9.9819820994e-01  1.0628439722e-01  1.4473076860e+00  1.4123978367e+00  1.9408406838e+00 -1.0711732752e+00  1.8113686964e+00 -2.3746479827e+00 -9.8132927300e-01 -2.3374210344e+00  5.1092203629e-01  2.1705598315e+00 -1.1097123559e+00  5.3315540072e-02  7.5181947954e-02  1.4332936235e-02 -1.0063435308e-01  2.0742468706e+00 -3.8727502564e-01 -2.0188309125e-01 -2.4027803441e+00  1.3923444643e+00  5.5819924699e-01 -6.4414666273e-01  5.8109904475e-01 -1.7775981737e+00 -5.0260655730e-01  1.2916425494e-01 -3.4713778820e-01 -1.0258307668e+00 -3.6606998528e+00 -6.1061136526e-01  1.6646195739e+00 -2.1322423141e+00  4.4675337683e-01  3.9272059416e+00 -2.7538642158e+00  2.1980005922e+00  1.6583685101e+00  2.3944756071e+00  2.3252372579e+00 -7.9699553866e-01  6.3579477716e-01  2.5045731461e+00 -5.4583489109e-01  1.2622906328e+00  2.0069108412e+00 -2.1509503772e+00  1.8627673890e+00 -3.3582108138e+00 -5.1569173989e-01  2.6626802836e+00 -1.7651108701e+00 -6.7159540902e-01  1.7846049521e+00 -2.4767858290e+00 -2.0692638045e+00 -2.0168515756e+00  2.1633853993e-01 -3.5189981908e-01
ENERGY -2.234290746939e+03

