JOB 0
COORDS  1.3542471981e+00 -9.8043147866e-01 -3.0315807106e-01  2.6398309008e+00 -1.1351521522e+00  2.2320468334e-01  2.4748462611e-01 -8.2449757431e-01  5.3646055351e-01  1.7217309883e+00 -9.6170548536e-01  2.4909132223e+00  2.7905927207e+00 -1.1208095532e+00  1.6033176476e+00  4.5648686822e-01 -8.1726637017e-01  1.9089606213e+00  1.9047366314e+00 -9.1991538988e-01  3.9713728448e+00  3.8167822415e+00  1.3002515163e+00  4.2688164887e+00  1.9004963012e+00  7.5781360517e-01  6.0818090968e+00  1.1794155972e+00  1.6895157066e+00  3.8059844424e+00  4.0306651802e+00 -1.2717141767e+00  2.1285577763e+00 -6.0532627771e-01 -6.8549838341e-01  2.7336532430e+00  4.1314206301e+00  2.3164997681e+00  5.0736252241e+00  4.6404682052e+00  2.6907256438e-01  4.5160226336e+00  3.9507595264e+00  1.6884399131e+00  2.9965630635e+00  2.0083466299e+00  8.0490980476e-01  4.6231935185e+00  1.2131087856e+00 -9.8396438339e-01 -1.3796958573e+00  3.5110025147e+00 -1.2617350376e+00 -4.1071608300e-01 -7.5812127519e-01 -7.0699897106e-01  1.4697119878e-01  2.8004836850e+00 -1.4373592775e+00  4.3156361579e+00  1.0348441639e+00 -1.3048300033e+00  4.5093080757e+00
ENERGY -1.355816190412e+03

JOB 1
COORDS  1.3259448839e+00 -9.9435275145e-01 -2.8445854068e-01  2.6177730325e+00 -1.1548743022e+00  2.2409332982e-01  2.3312393330e-01 -8.2944445615e-01  5.7155321913e-01  1.7365027951e+00 -9.7065151789e-01  2.5055201385e+00  2.7907165006e+00 -1.1376591058e+00  1.6020867034e+00  4.6404429088e-01 -8.1993100218e-01  1.9402615942e+00  1.9342502511e+00 -9.2717687548e-01  3.9839610061e+00  3.8572738576e+00  1.2990365609e+00  4.4203924236e+00  1.7914438919e+00  7.6766223969e-01  6.0792562494e+00  1.2549204028e+00  1.6893620328e+00  3.7497132995e+00  4.0386995054e+00 -1.2956135844e+00  2.1057300580e+00 -5.8424606313e-01 -6.7855761179e-01  2.7807175794e+00  4.1955531462e+00  2.0822080075e+00  5.4469337859e+00  4.6449355625e+00  2.1171359913e-01  4.4210741944e+00  4.0209032966e+00  1.9744365641e+00  3.2812940702e+00  2.0131486369e+00  8.0454640798e-01  4.6332381739e+00  1.1689388362e+00 -1.0004060511e+00 -1.3588049633e+00  3.4784914484e+00 -1.2890459514e+00 -4.2243231410e-01 -7.7771381881e-01 -7.0670173770e-01  1.9753101946e-01  2.8391950870e+00 -1.4339749217e+00  4.3183627665e+00  1.0739514769e+00 -1.3222410280e+00  4.5296035227e+00
ENERGY -1.355814382736e+03

JOB 2
COORDS  1.3990575605e+00 -1.0418631578e+00 -2.7965730733e-01  2.6740104895e+00 -1.2562955174e+00  2.5040283588e-01  3.0272283177e-01 -8.1755156274e-01  5.5819069516e-01  1.7721751097e+00 -9.8923218896e-01  2.5166550859e+00  2.8287381535e+00 -1.2267687895e+00  1.6309502226e+00  5.1399059715e-01 -7.9878784669e-01  1.9297984999e+00  1.9473264094e+00 -9.3132923331e-01  3.9971380568e+00  3.7873363271e+00  1.3785877657e+00  4.5002567316e+00  1.6887243114e+00  7.3142375689e-01  6.0943077248e+00  1.1898616236e+00  1.6692719406e+00  3.7594622437e+00  4.0584587901e+00 -1.4541679409e+00  2.1506037446e+00 -5.4101390502e-01 -6.1256252235e-01  2.7521223980e+00  4.1828194323e+00  1.8667908743e+00  5.6761833891e+00  4.5813846962e+00  3.4769468488e-01  4.1639213721e+00  3.8785671000e+00  2.3304961540e+00  3.5720754964e+00  1.9525554857e+00  8.0245360894e-01  4.6562860214e+00  1.2570411325e+00 -1.0567890350e+00 -1.3560198309e+00  3.5357553351e+00 -1.4455269370e+00 -3.8086046730e-01 -6.9699093943e-01 -6.5898031567e-01  1.6809047487e-01  2.8626312237e+00 -1.4088939260e+00  4.3455617124e+00  1.0926675263e+00 -1.3509061040e+00  4.5339287684e+00
ENERGY -1.355812897316e+03

JOB 3
COORDS  1.4350594826e+00 -1.1080158904e+00 -3.1488000080e-01  2.6971965459e+00 -1.3446445736e+00  2.3592756602e-01  3.3454736111e-01 -8.3910759492e-01  5.0401727925e-01  1.7778131470e+00 -9.9772973153e-01  2.4828138466e+00  2.8382322602e+00 -1.2887041262e+00  1.6172244319e+00  5.2988092796e-01 -7.9560391427e-01  1.8775021559e+00  1.9360602948e+00 -9.1731631454e-01  3.9640620121e+00  3.7086811169e+00  1.4379814507e+00  4.4858078893e+00  1.6115882248e+00  7.1326481503e-01  6.0599593565e+00  1.1160037266e+00  1.6706876233e+00  3.7269250796e+00  4.0526306798e+00 -1.5513084787e+00  2.1553723113e+00 -5.3169504109e-01 -5.7636543495e-01  2.6827132259e+00  4.2200557771e+00  1.5996869680e+00  5.7061317813e+00  4.4542684971e+00  5.4391204496e-01  3.8123275806e+00  3.7244942540e+00  2.5983386353e+00  3.8324263647e+00  1.8883068017e+00  8.1574096988e-01  4.6260772620e+00  1.3054703950e+00 -1.1440230589e+00 -1.3923266120e+00  3.5600082311e+00 -1.5744505924e+00 -3.8021384380e-01 -6.5697507297e-01 -6.6790496756e-01  9.8637554147e-02  2.8604325468e+00 -1.3687644660e+00  4.3244123747e+00  1.0891963682e+00 -1.3573742465e+00  4.4973274258e+00
ENERGY -1.355812569707e+03

JOB 4
COORDS  1.4452967492e+00 -1.1267148210e+00 -2.9594968635e-01  2.7045982766e+00 -1.3728379203e+00  2.5739019681e-01  3.4867396696e-01 -8.3451637227e-01  5.2013830820e-01  1.7890907190e+00 -9.8614047135e-01  2.5004061877e+00  2.8448902117e+00 -1.3014046492e+00  1.6378339268e+00  5.4365731672e-01 -7.7685524623e-01  1.8932939139e+00  1.9502258890e+00 -8.9185547340e-01  3.9804627037e+00  3.7212517450e+00  1.4416400085e+00  4.4926239982e+00  1.6267994995e+00  7.3272478045e-01  6.0722929101e+00  1.1419298217e+00  1.7037520989e+00  3.7384559605e+00  4.0550792485e+00 -1.5745566660e+00  2.1803367364e+00 -5.1515670574e-01 -5.3473949215e-01  2.6959641310e+00  4.3554198777e+00  1.2766005855e+00  5.6546458910e+00  4.3572747642e+00  7.3498869677e-01  3.5414627956e+00  3.7237066970e+00  2.7284737215e+00  4.1488476959e+00  1.9040074094e+00  8.4169563337e-01  4.6389433959e+00  1.3148689284e+00 -1.1738501707e+00 -1.3728665780e+00  3.5644921420e+00 -1.6212023690e+00 -3.5566244824e-01 -6.4063020177e-01 -6.5594110775e-01  1.1255788181e-01  2.8760811538e+00 -1.3407266730e+00  4.3422551970e+00  1.1063350351e+00 -1.3311378421e+00  4.5191926106e+00
ENERGY -1.355813330496e+03

JOB 5
COORDS  1.4734725256e+00 -1.2053195225e+00 -3.3480778077e-01  2.7251717116e+00 -1.4135017762e+00  2.5105415162e-01  3.5409768179e-01 -9.1256820045e-01  4.4949686181e-01  1.7540858899e+00 -9.9150519360e-01  2.4630652329e+00  2.8344960720e+00 -1.3051494518e+00  1.6315279571e+00  5.1944683814e-01 -8.1781731064e-01  1.8246556378e+00  1.8851195289e+00 -8.6335298021e-01  3.9434137578e+00  3.6278644271e+00  1.4694688654e+00  4.4063226400e+00  1.5459291126e+00  7.9534011668e-01  6.0031330237e+00  1.0583943895e+00  1.7241890578e+00  3.6521814263e+00  4.0382192088e+00 -1.5346946305e+00  2.2086405047e+00 -5.5968702303e-01 -5.7303935807e-01  2.5990678057e+00  4.3545249420e+00  1.0341276264e+00  5.4397733996e+00  4.1571524733e+00  9.9295723937e-01  3.2665858353e+00  3.6405870764e+00  2.8014284666e+00  4.3650223568e+00  1.8212004994e+00  8.7927429200e-01  4.5678067684e+00  1.3673790097e+00 -1.2815717929e+00 -1.4127239949e+00  3.6025811552e+00 -1.6588678767e+00 -3.3787819461e-01 -6.2898748782e-01 -7.6143716628e-01  1.6477472355e-02  2.8081810915e+00 -1.2964351643e+00  4.3321142952e+00  1.0365745145e+00 -1.3010332048e+00  4.4761689873e+00
ENERGY -1.355814709064e+03

JOB 6
COORDS  1.5219184878e+00 -1.2262147304e+00 -3.2054860189e-01  2.7595751617e+00 -1.4140745456e+00  3.0172217147e-01  3.7635538380e-01 -9.4522303820e-01  4.2946362086e-01  1.7159886278e+00 -1.0028189096e+00  2.4822931987e+00  2.8253182282e+00 -1.2997370606e+00  1.6838470504e+00  4.9874183441e-01 -8.4370961583e-01  1.8090258314e+00  1.8103301098e+00 -8.7311496250e-01  3.9654150634e+00  3.5949274056e+00  1.4332594322e+00  4.2749056483e+00  1.6495319003e+00  7.9716125605e-01  6.0356698513e+00  9.7780014819e-01  1.7147104254e+00  3.7276883230e+00  4.0156192801e+00 -1.4964866990e+00  2.3010291923e+00 -6.0508041552e-01 -6.0616636820e-01  2.5498505607e+00  4.4390187919e+00  7.4693546190e-01  5.0550272087e+00  3.9222753170e+00  1.2329189722e+00  2.9886057798e+00  3.6792862350e+00  2.7358823469e+00  4.5465440572e+00  1.8066794781e+00  8.6776749113e-01  4.5819935850e+00  1.4482878127e+00 -1.3067794459e+00 -1.4008410025e+00  3.6578928342e+00 -1.6448121095e+00 -2.6096674462e-01 -5.9502230118e-01 -8.0747588057e-01 -3.3423113365e-02  2.7052578989e+00 -1.3375180475e+00  4.3824397805e+00  9.3110743640e-01 -1.2761401468e+00  4.4754168698e+00
ENERGY -1.355816175916e+03

JOB 7
COORDS  1.5408153298e+00 -1.2424227982e+00 -3.1109241797e-01  2.7758003220e+00 -1.3786745606e+00  3.2964214246e-01  3.7472334638e-01 -9.9965394385e-01  4.2055341673e-01  1.6846417375e+00 -1.0014480576e+00  2.4931974863e+00  2.8162569846e+00 -1.2552245244e+00  1.7118212619e+00  4.7311218653e-01 -8.8610810880e-01  1.8010930048e+00  1.7535270080e+00 -8.5563612512e-01  3.9767547246e+00  3.5781004889e+00  1.4273570181e+00  4.1778913874e+00  1.6720403970e+00  8.9248701014e-01  6.0041446661e+00  9.4388684573e-01  1.7251704711e+00  3.6862850612e+00  4.0050471371e+00 -1.3906975700e+00  2.3483927565e+00 -6.4869408755e-01 -6.7813352765e-01  2.5236528198e+00  4.4347518125e+00  5.5826045183e-01  4.7352494144e+00  3.7883239848e+00  1.4683205064e+00  2.8556739276e+00  3.7733291453e+00  2.6402820968e+00  4.6965140040e+00  1.7894156392e+00  8.9882490225e-01  4.5452883871e+00  1.4860892810e+00 -1.3306196452e+00 -1.3919029089e+00  3.6910344349e+00 -1.5740689204e+00 -2.1896878913e-01 -5.9378249883e-01 -8.9833136246e-01 -5.7505706649e-02  2.6272487793e+00 -1.3349190958e+00  4.4198712622e+00  8.5146173779e-01 -1.2235397346e+00  4.4726930077e+00
ENERGY -1.355816934962e+03

JOB 8
COORDS  1.4955514822e+00 -1.2809674860e+00 -3.2721125875e-01  2.7435636841e+00 -1.3700842121e+00  2.9592553473e-01  3.3408489797e-01 -1.0645713701e+00  4.1996381463e-01  1.6748290444e+00 -1.0042410791e+00  2.4725864445e+00  2.8019395845e+00 -1.2289816894e+00  1.6759364647e+00  4.5071380592e-01 -9.3032208470e-01  1.7969021976e+00  1.7572554931e+00 -8.2626920931e-01  3.9519708886e+00  3.6255193951e+00  1.4386991982e+00  4.1773316738e+00  1.5931366318e+00  1.0340028306e+00  5.8963979031e+00  1.0221672767e+00  1.7464799742e+00  3.5016591963e+00  4.0050866615e+00 -1.3156322140e+00  2.2933608910e+00 -6.6516267047e-01 -7.3906527705e-01  2.5338581196e+00  4.4276431496e+00  4.3547397897e-01  4.5755957178e+00  3.8534778073e+00  1.7003370810e+00  2.8873561929e+00  3.8873145371e+00  2.5176253505e+00  4.9151967819e+00  1.8009090240e+00  9.5170470828e-01  4.4502888177e+00  1.4272026924e+00 -1.3838987018e+00 -1.4059284485e+00  3.6562472641e+00 -1.5420075324e+00 -2.6464892180e-01 -6.4405538737e-01 -9.9641212050e-01 -4.4092721610e-02  2.6315294442e+00 -1.2979986344e+00  4.4008730198e+00  8.5587276831e-01 -1.1729641563e+00  4.4634567565e+00
ENERGY -1.355816190370e+03

JOB 9
COORDS  1.4679048406e+00 -1.2988783356e+00 -3.1310887893e-01  2.7232807022e+00 -1.4020353767e+00  2.9231101303e-01  3.2002594699e-01 -1.0660886843e+00  4.5007322582e-01  1.6908078348e+00 -1.0177568026e+00  2.4836296031e+00  2.8036977591e+00 -1.2581958529e+00  1.6714547967e+00  4.5816169381e-01 -9.3018859947e-01  1.8245388973e+00  1.7894511417e+00 -8.3903070020e-01  3.9617517437e+00  3.6555648061e+00  1.4484164703e+00  4.3231617451e+00  1.4877336149e+00  1.0353898939e+00  5.8812180431e+00  1.1006406793e+00  1.7347961101e+00  3.4470516288e+00  4.0154187451e+00 -1.3603671541e+00  2.2687948958e+00 -6.4441113896e-01 -7.2342698448e-01  2.5773311533e+00  4.4389694533e+00  3.6356979688e-01  4.4760460579e+00  3.9017323341e+00  2.0039373110e+00  3.1369769562e+00  3.9311917139e+00  2.3101799274e+00  5.3015456780e+00  1.8066395270e+00  9.4547831189e-01  4.4558166431e+00  1.3829100951e+00 -1.4039428162e+00 -1.3904470562e+00  3.6254898887e+00 -1.5876523609e+00 -2.8075983079e-01 -6.6381137820e-01 -9.8673850650e-01  8.1863167226e-05  2.6753526108e+00 -1.2990079421e+00  4.3984859143e+00  8.9896697185e-01 -1.1970111124e+00  4.4841229134e+00
ENERGY -1.355814381657e+03

JOB 10
COORDS  1.4574706026e+00 -1.3259190307e+00 -3.0392379457e-01  2.7067648975e+00 -1.4913175776e+00  2.9972128619e-01  3.2604938271e-01 -1.0265346130e+00  4.6058340204e-01  1.7069815954e+00 -1.0198995448e+00  2.4900384290e+00  2.8008182595e+00 -1.3367138095e+00  1.6773984323e+00  4.7685881218e-01 -8.8355109710e-01  1.8328424857e+00  1.8166234392e+00 -8.2826385042e-01  3.9655126819e+00  3.6372333503e+00  1.5199659457e+00  4.3469735081e+00  1.4619335146e+00  1.0158351228e+00  5.8893702229e+00  1.0794827466e+00  1.7395988225e+00  3.4579856614e+00  4.0055002736e+00 -1.5159871904e+00  2.2694367535e+00 -6.1271022818e-01 -6.2383039069e-01  2.5873442907e+00  4.4363434406e+00  4.5718229406e-01  4.1414803078e+00  3.7819777723e+00  2.3772596662e+00  3.3378370860e+00  3.9854662476e+00  2.1027482569e+00  5.4936140236e+00  1.7953226521e+00  9.5820814624e-01  4.4652287455e+00  1.3632244658e+00 -1.4384923577e+00 -1.3797489290e+00  3.5947655798e+00 -1.7370519590e+00 -2.7295957089e-01 -6.5483021519e-01 -9.0401431019e-01  1.3792847778e-02  2.7148924932e+00 -1.2702920750e+00  4.3953697901e+00  9.3848531813e-01 -1.1995417718e+00  4.4999820803e+00
ENERGY -1.355812897729e+03

JOB 11
COORDS  1.8094106323e+00 -7.4592525393e-01 -2.0760822070e-01  2.8012512851e+00 -1.5087974197e+00  4.1426545128e-01  7.9384534509e-01 -1.4287865700e-01  5.4015915093e-01  1.7433638045e+00 -1.1033122174e+00  2.5900787059e+00  2.7460456798e+00 -1.6671421082e+00  1.7936483448e+00  7.8689850612e-01 -3.3302193309e-01  1.9149378039e+00  1.6708991462e+00 -1.2965786813e+00  4.0674755012e+00  1.2539235834e+00 -4.2314218946e+00  4.5070043970e+00 -6.7664734686e-01 -2.5703439554e+00  3.5601040557e+00  9.1158405689e-02 -2.2817148854e+00  5.9975771184e+00  3.7186412441e+00 -2.3857171227e+00  2.4032056187e+00 -1.7027763143e-01  2.6864421233e-01  2.6537713194e+00  2.5588998597e+00 -4.0754912642e+00  4.2221255207e+00  1.1357714484e+00 -4.8296684089e+00  5.6916985614e+00  6.8457037313e-01 -4.9850785126e+00  3.5669031145e+00  3.6950000281e-01 -2.5174018493e+00  4.5796943984e+00  1.8325082856e+00 -6.1344279129e-01 -1.2850391949e+00  3.6063725358e+00 -1.9726980595e+00 -1.4561969742e-01  2.0599619168e-02  4.6219137792e-01  7.8919004576e-02  1.3215776186e+00 -4.0074341550e-01  4.5871901710e+00  2.6110591195e+00 -1.6262643517e+00  4.5086108006e+00
ENERGY -1.355812701572e+03

JOB 12
COORDS  1.8486879685e+00 -7.2946854473e-01 -2.5641335714e-01  2.7966510563e+00 -1.5372513328e+00  3.7740674076e-01  8.5928829478e-01 -7.1583702154e-02  4.8015221120e-01  1.7528170050e+00 -1.0537671391e+00  2.5437244263e+00  2.7255646202e+00 -1.6795169956e+00  1.7574366349e+00  8.3499079842e-01 -2.4896193322e-01  1.8565711935e+00  1.6661728019e+00 -1.2307065056e+00  4.0228314954e+00  1.3008074177e+00 -4.1566046160e+00  4.4196190911e+00 -6.5618683291e-01 -2.5146862725e+00  3.4883354005e+00  9.3876617755e-02 -2.2696235863e+00  5.9392164285e+00  3.6457442520e+00 -2.4543189771e+00  2.3808130696e+00 -1.0167890412e-01  3.9807460872e-01  2.5838674583e+00  2.6291219402e+00 -3.9790661963e+00  4.5022258007e+00  8.9860272910e-01 -4.9112338918e+00  5.4441680545e+00  9.9909048116e-01 -4.7726969237e+00  3.2756504475e+00  3.8061517977e-01 -2.4702503276e+00  4.5182614732e+00  1.8838151739e+00 -6.0807218128e-01 -1.3348201192e+00  3.5770752117e+00 -2.0503704097e+00 -1.7441261720e-01  1.1777268054e-01  5.6446718642e-01  8.6078231696e-03  1.2993571201e+00 -3.3323055659e-01  4.5269318472e+00  2.6044767131e+00 -1.5435051206e+00  4.4798776789e+00
ENERGY -1.355813955421e+03

JOB 13
COORDS  1.8566573343e+00 -7.8441800105e-01 -2.5587526758e-01  2.7801887933e+00 -1.6064606184e+00  3.9607711319e-01  8.8505998886e-01 -8.3889081657e-02  4.6474937965e-01  1.7491679387e+00 -1.0443064384e+00  2.5497013524e+00  2.7023531167e+00 -1.7162322055e+00  1.7781086644e+00  8.5345336900e-01 -2.3099586900e-01  1.8449488388e+00  1.6618605426e+00 -1.1911989413e+00  4.0323242746e+00  1.3413917963e+00 -4.0995226449e+00  4.3656334234e+00 -6.7411378736e-01 -2.4728284906e+00  3.5635689177e+00  1.7571546558e-01 -2.2858516495e+00  5.9862909462e+00  3.5924624052e+00 -2.5089564273e+00  2.4228995889e+00 -6.8508450557e-02  4.5422595617e-01  2.5560316166e+00  2.6269686026e+00 -3.9525966750e+00  4.7215772041e+00  7.6299901174e-01 -4.9928716776e+00  5.1716077363e+00  1.2682633692e+00 -4.5338998368e+00  3.1043179185e+00  4.0473555407e-01 -2.4433952686e+00  4.5496472308e+00  1.8961485892e+00 -6.8710276082e-01 -1.3365573159e+00  3.5445329079e+00 -2.1553086251e+00 -1.4371043555e-01  1.6186057738e-01  5.6176978069e-01 -2.1943453479e-02  1.2823207010e+00 -2.8836128525e-01  4.5170457162e+00  2.6037596214e+00 -1.4813534638e+00  4.4979619124e+00
ENERGY -1.355815823762e+03

JOB 14
COORDS  1.8289593209e+00 -8.1219393398e-01 -2.5432042043e-01  2.7794365022e+00 -1.6036684759e+00  3.9707607832e-01  8.3797031571e-01 -1.3977234140e-01  4.6671610396e-01  1.7319857298e+00 -1.0721956973e+00  2.5500951517e+00  2.7068072315e+00 -1.7132095009e+00  1.7791347416e+00  8.1235643512e-01 -2.8427244751e-01  1.8475557662e+00  1.6599563173e+00 -1.2195617471e+00  4.0333397852e+00  1.3214362664e+00 -4.1224355297e+00  4.2487364999e+00 -7.3259143618e-01 -2.4621426706e+00  3.6950740474e+00  3.1412689373e-01 -2.3814748383e+00  6.0397674594e+00  3.6240941450e+00 -2.4725493047e+00  2.4262237912e+00 -1.2418407752e-01  3.7902895609e-01  2.5596198602e+00  2.5528214737e+00 -4.0909000647e+00  4.7815055268e+00  6.1800934227e-01 -5.1046083416e+00  4.8137639455e+00  1.4137507323e+00 -4.3415583718e+00  2.9312882882e+00  4.2754825566e-01 -2.4774065158e+00  4.5838788830e+00  1.8633889988e+00 -7.1547332517e-01 -1.3352353110e+00  3.5602081940e+00 -2.1285395779e+00 -1.4303278965e-01  9.5991249135e-02  4.8416126458e-01 -2.0064305567e-02  1.2812639059e+00 -3.1828827949e-01  4.5224173052e+00  2.6093666449e+00 -1.5033914809e+00  4.4886420174e+00
ENERGY -1.355816908672e+03

JOB 15
COORDS  1.8179175082e+00 -8.1268995443e-01 -2.7279896138e-01  2.8004647733e+00 -1.5688013696e+00  3.7329532317e-01  8.0951159146e-01 -1.7375412530e-01  4.5427110650e-01  1.7465286572e+00 -1.0775231856e+00  2.5314342625e+00  2.7415934289e+00 -1.6811742490e+00  1.7557258029e+00  7.9853737939e-01 -3.1771955981e-01  1.8355384109e+00  1.6957475541e+00 -1.2213488847e+00  4.0154887611e+00  1.2868046652e+00 -4.1183549623e+00  4.2750363175e+00 -7.4442770164e-01 -2.4264967145e+00  3.7822181348e+00  3.9762083702e-01 -2.3212719503e+00  6.0758268412e+00  3.6949450191e+00 -2.3999368444e+00  2.3968489924e+00 -1.5010361982e-01  3.2001213145e-01  2.5542365554e+00  2.4069749756e+00 -4.2246282363e+00  5.0051741661e+00  4.3973215456e-01 -5.0908213937e+00  4.6087059190e+00  1.6046145495e+00 -4.2227464345e+00  2.9764318617e+00  4.5384825852e-01 -2.4455361518e+00  4.6184613637e+00  1.8422776253e+00 -7.1531591951e-01 -1.3539393858e+00  3.5973619677e+00 -2.0635035498e+00 -1.7170039108e-01  4.4546132644e-02  4.2584810786e-01 -2.7503717017e-02  1.3468119596e+00 -3.1058390851e-01  4.5098491043e+00  2.6488542318e+00 -1.5211049797e+00  4.4536079511e+00
ENERGY -1.355816422101e+03

JOB 16
COORDS  1.8933044925e+00 -9.5503929701e-01 -1.6129953880e-01  2.8340550236e+00 -1.7123920306e+00  5.4225359190e-01  9.1989152425e-01 -2.1057440631e-01  5.1110562726e-01  1.8128275444e+00 -9.9874682507e-01  2.6531675227e+00  2.7714872952e+00 -1.7183173475e+00  1.9299687202e+00  9.0062773005e-01 -2.5053585571e-01  1.8993797441e+00  1.7468375493e+00 -1.0518627741e+00  4.1457771523e+00  5.7071663708e-01 -2.2026111226e+00  6.5192428831e+00  1.3098137306e+00 -3.7198273933e+00  4.4064441996e+00 -7.1074865424e-01 -2.1782364635e+00  4.1269607673e+00  3.6844104734e+00 -2.4329664302e+00  2.6238491413e+00 -2.0924634596e-02  4.8072917186e-01  2.5633605085e+00 -2.8683447496e-01 -1.2215541106e+00  6.8253855560e+00  1.8499072616e-01 -3.3362329167e+00  7.0985568419e+00  1.7934775584e+00 -1.8574376568e+00  6.9688543104e+00  6.3666611880e-01 -2.4414127364e+00  4.6298522564e+00  1.9215489113e+00 -9.4171445033e-01 -1.2466597399e+00  3.6007643383e+00 -2.2913047108e+00  3.8462807180e-02  1.8573613837e-01  3.8800657923e-01 -1.7552990591e-02  1.3033529866e+00 -1.4879560333e-01  4.5687835130e+00  2.7159448956e+00 -1.2636598375e+00  4.5968061276e+00
ENERGY -1.355815222344e+03

JOB 17
COORDS  1.8968776054e+00 -9.3877438081e-01 -1.7200224469e-01  2.8194157220e+00 -1.7266761437e+00  5.2212922002e-01  9.4792160845e-01 -1.7208598822e-01  5.1025535022e-01  1.8290148671e+00 -9.9969417172e-01  2.6422007962e+00  2.7642331910e+00 -1.7408549864e+00  1.9100690702e+00  9.3427768609e-01 -2.2109720906e-01  1.8982773974e+00  1.7690166396e+00 -1.0591671695e+00  4.1346425045e+00  5.5532899842e-01 -2.2167905528e+00  6.5146162337e+00  1.2717458517e+00 -3.7172367473e+00  4.3708536877e+00 -7.1210197507e-01 -2.1258737001e+00  4.1062612280e+00  3.6610494053e+00 -2.4845066416e+00  2.5944103203e+00  3.6381420120e-02  5.3096076972e-01  2.5716937501e+00 -4.9855235182e-01 -1.4692216311e+00  6.8513583075e+00  4.6518949857e-01 -3.4113063585e+00  7.0925402124e+00  1.6756288767e+00 -1.5954573944e+00  6.9395784070e+00  6.2690084395e-01 -2.4271064857e+00  4.6106780948e+00  1.9203282533e+00 -9.1889964188e-01 -1.2573838254e+00  3.5672793536e+00 -2.3230531361e+00  1.0477882191e-02  2.2815942009e-01  4.5032932033e-01 -1.0602570313e-02  1.3489322637e+00 -1.4846491922e-01  4.5643245212e+00  2.7348815619e+00 -1.2943663339e+00  4.5806713378e+00
ENERGY -1.355814116086e+03

JOB 18
COORDS  1.9654871386e+00 -8.6136890894e-01 -1.9768399963e-01  2.8642119617e+00 -1.6735595440e+00  4.9961782844e-01  1.0340000213e+00 -7.0969823525e-02  4.8154058600e-01  1.8835039693e+00 -9.2345563522e-01  2.6172065465e+00  2.8021223781e+00 -1.6873377439e+00  1.8872870674e+00  1.0133150574e+00 -1.2095092304e-01  1.8695011772e+00  1.8169159709e+00 -9.8187508715e-01  4.1095987335e+00  6.1728785656e-01 -2.1842377198e+00  6.4969551599e+00  1.2290397817e+00 -3.6192425204e+00  4.2642807618e+00 -7.0525134868e-01 -1.9495142825e+00  4.1226874737e+00  3.6776057148e+00 -2.4535203494e+00  2.5741641642e+00  1.3225999014e-01  6.5385144199e-01  2.5393533781e+00 -5.5866558587e-01 -1.7108522897e+00  6.9070948041e+00  8.3334435628e-01 -3.3832768062e+00  7.0327702200e+00  1.5901806184e+00 -1.3377910087e+00  6.8978336685e+00  6.3478440601e-01 -2.3200503333e+00  4.5757332569e+00  1.9941407319e+00 -8.4094720060e-01 -1.2829350916e+00  3.5987773248e+00 -2.2885398989e+00 -9.3012082046e-03  3.3305495778e-01  5.7073974925e-01 -4.1582005419e-02  1.4245927411e+00 -6.0247361829e-02  4.5406352007e+00  2.7747201451e+00 -1.2472368548e+00  4.5566973107e+00
ENERGY -1.355813271777e+03

JOB 19
COORDS  1.9610697203e+00 -9.1342143617e-01 -1.9263039116e-01  2.8300144229e+00 -1.7424392957e+00  5.2247631942e-01  1.0402340978e+00 -9.5778024020e-02  4.6853619015e-01  1.8394837209e+00 -9.5402209071e-01  2.6212126853e+00  2.7489939330e+00 -1.7452291499e+00  1.9091628694e+00  9.9944840843e-01 -1.3556495815e-01  1.8564721599e+00  1.7516079738e+00 -1.0011321514e+00  4.1129512718e+00  5.9721069637e-01 -2.2576575885e+00  6.4958059074e+00  1.0677165461e+00 -3.6123907273e+00  4.1737348669e+00 -8.0726651088e-01 -1.8664526106e+00  4.1921873792e+00  3.5969872081e+00 -2.5267511364e+00  2.6131382251e+00  1.2775080147e-01  6.6431655416e-01  2.5087935828e+00 -6.3082584033e-01 -2.0852861780e+00  6.9802831749e+00  1.1116418495e+00 -3.3940155001e+00  6.9625165370e+00  1.3777891855e+00 -1.2298551651e+00  6.8937250540e+00  5.3373278109e-01 -2.3101175060e+00  4.5702333668e+00  2.0048744536e+00 -9.0124833949e-01 -1.2775054615e+00  3.5558732710e+00 -2.3788580295e+00  2.7646467195e-02  3.6255756017e-01  5.5948499418e-01 -6.8282821014e-02  1.3761482931e+00 -6.9018275770e-02  4.5348888413e+00  2.6982375696e+00 -1.2865614016e+00  4.5726085961e+00
ENERGY -1.355813177020e+03

JOB 20
COORDS  2.0264916707e+00 -9.0752710798e-01 -1.9011633775e-01  2.8712074673e+00 -1.7520750896e+00  5.3583852106e-01  1.1149904058e+00 -7.0864197093e-02  4.6005156030e-01  1.8740857446e+00 -9.3995348981e-01  2.6224659017e+00  2.7751406810e+00 -1.7504971790e+00  1.9214702105e+00  1.0583172070e+00 -1.0685377651e-01  1.8476175059e+00  1.7693887269e+00 -9.8446588092e-01  4.1130886675e+00  6.8340584096e-01 -2.2961366606e+00  6.4766009572e+00  1.0003514536e+00 -3.5677789215e+00  4.0859746953e+00 -8.1776690661e-01 -1.7690713698e+00  4.2733692057e+00  3.6006367526e+00 -2.5463540136e+00  2.6361158932e+00  1.9371705401e-01  7.0945400109e-01  2.4891816179e+00 -5.2072489713e-01 -2.4431614424e+00  7.0234529500e+00  1.4781027635e+00 -3.2991060444e+00  6.8542261749e+00  1.2275194862e+00 -1.1347571447e+00  6.8970808030e+00  5.2467736763e-01 -2.2702918418e+00  4.5637341045e+00  2.0820103303e+00 -8.9829097640e-01 -1.2744833814e+00  3.5895037632e+00 -2.4037680075e+00  4.9942207690e-02  4.5597496195e-01  5.9643274415e-01 -8.5098973803e-02  1.4092076119e+00 -4.5668017855e-02  4.5327232113e+00  2.7070890092e+00 -1.2890267099e+00  4.5801230095e+00
ENERGY -1.355813887716e+03

JOB 21
COORDS  2.0467977512e+00 -8.9705263832e-01 -1.9706402576e-01  2.8682172461e+00 -1.7693705689e+00  5.2280875365e-01  1.1549818484e+00 -4.3125115611e-02  4.5794140717e-01  1.8874444025e+00 -9.5076714565e-01  2.6137459569e+00  2.7695229425e+00 -1.7780588024e+00  1.9082744101e+00  1.0945204455e+00 -9.0440706419e-02  1.8449551123e+00  1.7766538561e+00 -1.0044475198e+00  4.1036217637e+00  6.6856966177e-01 -2.2764231785e+00  6.4475342348e+00  9.5393157025e-01 -3.5727935374e+00  4.0751086272e+00 -8.2887367051e-01 -1.7388720459e+00  4.2567906270e+00  3.5730432959e+00 -2.6003118836e+00  2.6177218298e+00  2.4896923623e-01  7.4117746826e-01  2.4924732251e+00 -4.6123080089e-01 -2.7208203932e+00  6.9912637750e+00  1.6877396786e+00 -3.0629207646e+00  6.8115111346e+00  9.1855526412e-01 -1.0251849728e+00  6.8820112918e+00  5.0445007618e-01 -2.2638442729e+00  4.5464108913e+00  2.1052587024e+00 -8.7956851938e-01 -1.2811653023e+00  3.5708999123e+00 -2.4345231703e+00  3.2346545720e-02  5.1430852222e-01  6.4543905784e-01 -8.2616820564e-02  1.4355224809e+00 -6.0793859425e-02  4.5282591376e+00  2.7058027766e+00 -1.3344524342e+00  4.5714653349e+00
ENERGY -1.355814992197e+03

JOB 22
COORDS  1.3758338550e+00 -9.2917613134e-01 -2.9658235281e-01  2.6514481072e+00 -1.1786039673e+00  2.1802374381e-01  2.8866767173e-01 -7.0988111944e-01  5.5416245379e-01  1.7672008508e+00 -9.5673173810e-01  2.4946024421e+00  2.8145441261e+00 -1.1880666259e+00  1.5968313517e+00  5.0790089517e-01 -7.3210325115e-01  1.9252428587e+00  1.9656873796e+00 -9.5951362425e-01  3.9730939126e+00  3.7898943792e+00  1.3016191523e+00  4.3699909604e+00  1.9542793495e+00  5.2189250248e-01  6.1887028097e+00  1.1447094684e+00  1.6428060607e+00  4.0191398247e+00  4.0423229584e+00 -1.4467189457e+00  2.1085314589e+00 -5.3897100381e-01 -5.5593943803e-01  2.7598990750e+00  3.9137436412e+00  2.5714661523e+00  4.7530425708e+00  4.6653695621e+00  5.3980858881e-01  5.0420507684e+00  4.0456424271e+00  1.1980891519e+00  3.0575229417e+00  2.0187271408e+00  7.2011267569e-01  4.7399115321e+00  1.2262202596e+00 -9.1294080694e-01 -1.3718955131e+00  3.5056021760e+00 -1.3637376734e+00 -4.2461934945e-01 -7.1094844372e-01 -5.2639032488e-01  1.7481216285e-01  2.8832391245e+00 -1.4614275633e+00  4.2839244969e+00  1.1204639745e+00 -1.4038329607e+00  4.5058002583e+00
ENERGY -1.355816148762e+03

JOB 23
COORDS  1.3998463125e+00 -9.4321557971e-01 -2.8763075901e-01  2.6734888974e+00 -1.1457883716e+00  2.5193067465e-01  2.8931734648e-01 -7.5861095578e-01  5.4102035802e-01  1.7366822070e+00 -9.5637153989e-01  2.5096654070e+00  2.8097494415e+00 -1.1475196147e+00  1.6334672951e+00  4.8236266522e-01 -7.7030314958e-01  1.9161571692e+00  1.9078427617e+00 -9.4508236026e-01  3.9919959098e+00  3.7682758431e+00  1.2998643272e+00  4.2734185296e+00  1.9826284640e+00  6.1376416610e-01  6.1690157399e+00  1.1108581549e+00  1.6562844808e+00  3.9900784397e+00  4.0370603657e+00 -1.3487392951e+00  2.1721403599e+00 -5.8493087407e-01 -6.2028067962e-01  2.7299407719e+00  4.0114540848e+00  2.4614292295e+00  4.8812203465e+00  4.6497156428e+00  3.8022889788e-01  4.6954783268e+00  3.8919262683e+00  1.4548529804e+00  2.9488994886e+00  2.0020981384e+00  7.5062016885e-01  4.7119882811e+00  1.2708192536e+00 -9.3350975085e-01 -1.3656762125e+00  3.5465510049e+00 -1.2979318176e+00 -3.7368837796e-01 -7.0787385360e-01 -6.0765828270e-01  1.4149974121e-01  2.8041631507e+00 -1.4669474140e+00  4.3292429422e+00  1.0375454638e+00 -1.3515651507e+00  4.5139050985e+00
ENERGY -1.355816933854e+03

