JOB 0
COORDS  6.4653864598e+00  5.3879416497e-01  5.7512761886e-02  4.1121850535e+00  9.9027585843e-01  1.9120998387e-01  1.5328463544e+00 -1.3798989659e+00 -1.9200637756e-01  2.6881222984e+00 -1.3521776182e+00  1.9498664538e+00  3.3508011980e-01 -1.0480804618e+00  4.4047374629e-01  1.4813562716e+00 -1.0501415196e+00  2.5924310012e+00  2.7180291622e+00 -1.4782864991e+00  5.5238483327e-01  3.1881816330e-01 -9.0209760369e-01  1.8327846253e+00  5.1702754278e+00  3.1764962290e-02  5.3646337523e-01  7.4906808384e+00  9.4300003782e-01 -3.0744689781e-01  3.2846820147e+00  1.7436795613e+00 -1.2188186904e-01  3.8948022775e+00 -1.9347732328e+00 -1.2164111311e-01  4.9983802769e+00 -1.3795063098e+00 -1.1385089906e-01 -1.4059251909e+00  2.1055442603e-01  2.7550531069e+00  1.5598812493e+00 -1.5404546982e+00 -1.2656702532e+00  3.5803697481e+00 -1.5212022948e+00  2.5464916386e+00 -5.7173974682e-01 -9.3169246408e-01 -1.4386798204e-01  1.4577193375e+00 -9.4603206087e-01  3.6721884943e+00  5.2208656285e+00 -8.7050475268e-02  1.6223624721e+00
ENERGY -7.550066708839e+03

JOB 1
COORDS  6.4291985240e+00  5.2701034394e-01 -1.1865782667e-01  4.1562879246e+00  9.6787768285e-01  4.3024902765e-01  1.5472270872e+00 -1.3795637407e+00 -2.1461679064e-01  2.6601546820e+00 -1.3077049909e+00  1.9498467675e+00  3.3359138734e-01 -1.0551736871e+00  3.9056544326e-01  1.4376147373e+00 -1.0150038091e+00  2.5649430421e+00  2.7181601161e+00 -1.4551880224e+00  5.5488331894e-01  2.8795740066e-01 -8.9317543864e-01  1.7811146202e+00  5.2527875339e+00  1.6255534543e-03  5.9531826283e-01  7.3562717251e+00  9.4550852479e-01 -6.7835250964e-01  3.3249061410e+00  1.7525940085e+00  2.2108443962e-01  3.9091714417e+00 -1.9335984512e+00 -7.1639159134e-02  5.0317149996e+00 -1.4234476210e+00 -7.4363461428e-04 -1.4688843029e+00  2.0082091668e-01  2.6581772802e+00  1.5961332997e+00 -1.5549744753e+00 -1.2852632165e+00  3.5454817495e+00 -1.4564294527e+00  2.5620617723e+00 -5.6365840923e-01 -9.5778535286e-01 -2.1187382447e-01  1.3918624468e+00 -8.9641049169e-01  3.6425208678e+00  5.4975447052e+00 -1.1859948111e-01  1.6551552103e+00
ENERGY -7.550064749044e+03

JOB 2
COORDS  6.2599930136e+00  5.4893019027e-01 -3.8828079540e-01  4.2815606925e+00  9.4433644647e-01  8.8264471268e-01  1.5689339169e+00 -1.4642298637e+00 -2.2676655174e-01  2.6122470684e+00 -1.2436323290e+00  1.9628456492e+00  3.3159951164e-01 -1.1241114049e+00  3.1899869082e-01  1.3673735529e+00 -9.3021833127e-01  2.5187087981e+00  2.7159584672e+00 -1.4736998711e+00  5.8276963330e-01  2.4133521485e-01 -8.7480660696e-01  1.6938355454e+00  5.3443388855e+00 -3.6649637119e-02  6.0674392608e-01  6.9759473369e+00  1.0117891903e+00 -1.1764901655e+00  3.5088064478e+00  1.7840720328e+00  1.1045877815e+00  3.9211147329e+00 -1.9640544189e+00 -2.8859416068e-03  5.0449077505e+00 -1.4575324087e+00  4.7070628896e-02 -1.5612762369e+00  2.3725419842e-01  2.4449100957e+00  1.6565097013e+00 -1.7120173184e+00 -1.2805999416e+00  3.4820182745e+00 -1.3229979324e+00  2.6094903457e+00 -5.4835283125e-01 -1.0824012156e+00 -3.1442559322e-01  1.2872524408e+00 -7.3464684012e-01  3.5829132845e+00  5.9021010301e+00 -2.2246045365e-01  1.5311083623e+00
ENERGY -7.550062936822e+03

JOB 3
COORDS  5.4380348118e+00  3.0446964881e-01 -1.2030938387e+00  4.2511092653e+00  1.0651681094e+00  7.9028501762e-01  2.2339171152e+00 -9.5754333209e-01  1.3586410747e-01  2.3079600316e+00 -1.7961748404e+00  2.4237674791e+00  8.7758102465e-01 -6.5606104991e-01  2.9793182879e-01  9.6360865664e-01 -1.4707517116e+00  2.5968971931e+00  2.9553873051e+00 -1.4947904555e+00  1.2146665781e+00  2.5699855087e-01 -9.1567997195e-01  1.5227097982e+00  5.2537700783e+00  1.4164973831e-01  2.4344708916e-01  5.5809272433e+00  3.9667690210e-01 -2.3524290699e+00  3.5483603210e+00  1.8611002824e+00  1.2637076153e+00  4.2849167156e+00 -1.9794486382e+00  1.0529308266e+00  5.2385309295e+00 -1.3881311362e+00  5.3749590114e-01 -1.6723415685e+00  1.4169961780e-01  1.9733129796e+00  2.7058208586e+00 -7.9775244148e-01 -8.2991043664e-01  2.8657502938e+00 -2.2770613376e+00  3.2220146223e+00  3.2012358470e-01 -2.2927626371e-01 -5.2945597057e-01  4.7153583841e-01 -1.6734415811e+00  3.5424404118e+00  6.2052284887e+00  4.1354835712e-01  7.1747091385e-01
ENERGY -7.550065377827e+03

JOB 4
COORDS  5.1179875903e+00  3.0937609160e-01 -1.1934444267e+00  4.3802720545e+00  1.0112196738e+00  1.0475334885e+00  2.3000907422e+00 -1.0192195963e+00  7.0146444434e-02  2.3089544071e+00 -1.7085867624e+00  2.4090323569e+00  9.3729519213e-01 -7.1790329384e-01  1.7238808794e-01  9.5935110660e-01 -1.3782625145e+00  2.5210245302e+00  2.9915623056e+00 -1.4815932103e+00  1.2029163904e+00  2.8182035152e-01 -8.9926703184e-01  1.3923197109e+00  5.2561864527e+00  1.4229794898e-01  2.5498945769e-01  5.0194768227e+00  3.8950118192e-01 -2.3487239790e+00  3.7948164988e+00  1.7113223587e+00  1.7673620174e+00  4.3276298419e+00 -1.9680709598e+00  1.1012408389e+00  5.2925491893e+00 -1.3834094636e+00  5.9843997754e-01 -1.6604071640e+00  1.8997885215e-01  1.7148761765e+00  2.7950368771e+00 -9.2866240257e-01 -8.9187006015e-01  2.8433195506e+00 -2.1300378992e+00  3.2554129788e+00  4.0203319561e-01 -3.5577627164e-01 -6.9921038817e-01  4.4147443659e-01 -1.5191538227e+00  3.4640643282e+00  6.2831364960e+00  4.2682072100e-01  5.1199546115e-01
ENERGY -7.550068195557e+03

JOB 5
COORDS  4.9200761448e+00  3.3055110058e-01 -1.1124343391e+00  4.4780178145e+00  9.8838520890e-01  1.2089605612e+00  2.3010539486e+00 -1.0935230996e+00  1.3511047696e-02  2.3362257460e+00 -1.6649953742e+00  2.3818504795e+00  9.4108008636e-01 -7.7537523370e-01  1.1905142345e-01  9.9101591142e-01 -1.3190158028e+00  2.4962341038e+00  3.0056993564e+00 -1.4991253300e+00  1.1580192260e+00  3.0213665573e-01 -8.9071693302e-01  1.3544281903e+00  5.2712822936e+00  1.5787484206e-01  2.9754656989e-01  4.6697352742e+00  4.1866891799e-01 -2.2441152544e+00  3.9298778649e+00  1.6361102346e+00  2.0031716406e+00  4.3497204575e+00 -1.9784314923e+00  1.0851841623e+00  5.3401237563e+00 -1.3680195217e+00  6.7434275275e-01 -1.6291040014e+00  2.3520116466e-01  1.6493378845e+00  2.7807102809e+00 -1.0509138617e+00 -9.5764381270e-01  2.8799959738e+00 -2.0439663164e+00  3.2421394449e+00  3.9761356820e-01 -4.5175306328e-01 -7.6243537719e-01  4.8695840137e-01 -1.4077261267e+00  3.4529807446e+00  6.3183629657e+00  4.5425861343e-01  4.1432992377e-01
ENERGY -7.550069591879e+03

JOB 6
COORDS  4.7665732240e+00  3.8315756342e-01 -9.8891213366e-01  4.6012418443e+00  9.7197996864e-01  1.3671813676e+00  2.2749215025e+00 -1.1988003605e+00 -6.3900239397e-02  2.3708113155e+00 -1.5963113561e+00  2.3368973142e+00  9.2125888067e-01 -8.5495025385e-01  5.5992168815e-02  1.0308798950e+00 -1.2329643221e+00  2.4621297458e+00  3.0070450062e+00 -1.5235301621e+00  1.0865178446e+00  3.1599287387e-01 -8.7695960353e-01  1.3124171669e+00  5.2968213760e+00  1.6780185657e-01  3.5763175577e-01  4.4045713063e+00  5.1901222149e-01 -2.0851425960e+00  4.0843068520e+00  1.5932400679e+00  2.2023729248e+00  4.3569869679e+00 -2.0053208641e+00  1.0315735139e+00  5.3686255086e+00 -1.3658840859e+00  7.4088950929e-01 -1.5947550908e+00  2.9522838456e-01  1.5834075871e+00  2.7269699120e+00 -1.2291253434e+00 -1.0477979312e+00  2.9348688292e+00 -1.9153811447e+00  3.2082548086e+00  3.5888238601e-01 -5.8661601897e-01 -8.3220328710e-01  5.5424810863e-01 -1.2475505402e+00  3.4366940142e+00  6.3529693996e+00  4.4970326237e-01  3.5587239770e-01
ENERGY -7.550068475083e+03

JOB 7
COORDS  4.4698807493e+00  6.5250671845e-01 -5.8701844495e-01  4.8969327815e+00  7.7827327683e-01  1.8278864067e+00  2.1309751639e+00 -1.5932920919e+00 -2.3015664318e-01  2.5093378365e+00 -1.2454837131e+00  2.1502693669e+00  7.9107743443e-01 -1.2308213442e+00 -7.2596437940e-02  1.1654685553e+00 -8.9052399701e-01  2.3132444563e+00  2.9917135127e+00 -1.5696982139e+00  8.7523627478e-01  3.2101416518e-01 -8.9868442947e-01  1.2016393753e+00  5.2709639488e+00  1.8083956555e-01  5.4490269618e-01  3.9050747335e+00  9.9327760540e-01 -1.5437341503e+00  4.6771917356e+00  1.2240137674e+00  2.8784535330e+00  4.3329605946e+00 -2.0742507333e+00  7.2957698124e-01  5.3521178537e+00 -1.3945587680e+00  6.1155155105e-01 -1.6013752606e+00  2.9613215251e-01  1.3310365898e+00  2.5056252839e+00 -1.8798698106e+00 -1.2079948637e+00  3.1659237928e+00 -1.2778100308e+00  3.0135432068e+00  1.3353898959e-01 -1.2164600236e+00 -9.3552375278e-01  7.9824819854e-01 -6.2184361825e-01  3.2981483382e+00  6.3122471138e+00  4.5140545403e-01  3.4711651578e-01
ENERGY -7.550068024678e+03

JOB 8
COORDS  4.3204798187e+00  8.7662493731e-01 -1.6925921972e-01  5.3092061319e+00  5.9161502675e-01  2.0600101295e+00  1.9867403290e+00 -1.8608639322e+00 -2.4663331082e-01  2.5614078543e+00 -9.5534493013e-01  1.9410566549e+00  6.5333595023e-01 -1.5024619658e+00 -5.7079706793e-02  1.2163066704e+00 -6.2179069495e-01  2.1466971797e+00  2.9494070379e+00 -1.5364961487e+00  7.2394636145e-01  2.7997539170e-01 -8.9758576599e-01  1.1495352327e+00  5.3205388850e+00  1.9033440510e-01  6.5356828672e-01  3.5775406444e+00  1.3946372360e+00 -8.9758482745e-01  5.3441201279e+00  8.6459953308e-01  3.1893853246e+00  4.2739289813e+00 -2.0271719701e+00  5.0172101898e-01  5.3227252672e+00 -1.3782335178e+00  5.0108978865e-01 -1.6777516137e+00  2.2245869075e-01  1.2048923171e+00  2.2934128987e+00 -2.3720851018e+00 -1.1543656519e+00  3.2757588842e+00 -7.8525552997e-01  2.7379032106e+00 -8.0812377010e-02 -1.7154182159e+00 -8.2711287926e-01  9.1668246449e-01 -1.6167187978e-01  3.0824322809e+00  6.3055023046e+00  4.4462532612e-01  2.4999079772e-01
ENERGY -7.550069521957e+03

JOB 9
COORDS  4.2657131618e+00  9.0724708690e-01  7.6820773169e-04  5.4752447930e+00  5.8292001624e-01  2.0935180094e+00  1.9700034816e+00 -1.9078443080e+00 -2.7475946193e-01  2.5432586436e+00 -8.8876792827e-01  1.8643897188e+00  6.3100808509e-01 -1.5691380464e+00 -8.7686073303e-02  1.1940323394e+00 -5.7713210919e-01  2.0690301266e+00  2.9328602606e+00 -1.5226105243e+00  6.7248090624e-01  2.5420150675e-01 -9.1899086571e-01  1.0946558658e+00  5.3396746793e+00  1.8204798816e-01  6.9015032401e-01  3.4913013042e+00  1.4736673210e+00 -6.5532634370e-01  5.5883281973e+00  8.5102475309e-01  3.2188072635e+00  4.2595270492e+00 -2.0171522609e+00  4.9869673780e-01  5.3130403520e+00 -1.3822374999e+00  6.0402905811e-01 -1.7261642372e+00  1.5141366047e-01  1.1222732302e+00  2.2787185604e+00 -2.4568023750e+00 -1.1595477160e+00  3.2635513325e+00 -6.6942435183e-01  2.6455784765e+00 -1.0638242588e-01 -1.8332947448e+00 -8.3860921998e-01  8.9199177031e-01 -8.2248627491e-02  2.9861720216e+00  6.2776480406e+00  4.1288749094e-01  1.7567803130e-01
ENERGY -7.550068821331e+03

JOB 10
COORDS  3.8862275812e+00  1.1840503640e+00  1.9747223477e-01  5.9887430747e+00  8.5529424623e-03  8.5501478567e-02  1.0330671590e+00 -1.3464682767e+00  6.2952850778e-02  3.0048753046e+00 -1.2961901285e+00  1.4963993089e+00  2.0467663643e-01 -1.2599756155e+00  1.1805353910e+00  2.1745521352e+00 -1.2391045525e+00  2.6209271890e+00  2.4290020046e+00 -1.3134707661e+00  2.1518083272e-01  7.8747822141e-01 -1.2222515440e+00  2.4534491557e+00  4.7588129142e+00  3.5016719274e-01 -6.4268613582e-01  3.2306401396e+00  1.9325061030e+00  7.9867409127e-01  6.9454494852e+00 -3.0476358288e-01  6.6588691906e-01  3.2100100716e+00 -1.5482024903e+00 -9.5244847181e-01  4.2481301759e+00 -9.7234844868e-01 -1.2920161477e+00 -4.7295693118e-01 -4.8774997263e-01  4.1612131028e+00  6.0748647534e-01 -1.4328133371e+00 -9.3251577316e-01  4.0814895577e+00 -1.3544694050e+00  1.6301742412e+00 -8.7366173545e-01 -1.2521264343e+00  1.0604252406e+00  2.6159566882e+00 -1.2135670813e+00  3.6118564882e+00  5.0279390500e+00  9.3566302554e-01 -1.5278779459e+00
ENERGY -7.550066352717e+03

JOB 11
COORDS  3.9756783647e+00  1.1040246044e+00  3.6923929110e-01  6.1163212952e+00  1.6180199164e-01 -1.7740811337e-01  1.0549884611e+00 -1.3554003921e+00  6.3414841044e-02  2.9572361716e+00 -1.3692772005e+00  1.5869201320e+00  1.7997825281e-01 -1.2234845528e+00  1.1413084586e+00  2.0805770694e+00 -1.2624736273e+00  2.6715951949e+00  2.4412278271e+00 -1.3764659200e+00  2.8197073475e-01  7.0476955032e-01 -1.1927095782e+00  2.4388850355e+00  4.7306976414e+00  3.4189517251e-01 -6.3751545555e-01  3.4241918568e+00  1.7968139118e+00  1.1227139191e+00  7.2027016765e+00 -1.1463922336e-02  1.9567275278e-01  3.2780070797e+00 -1.6544450548e+00 -8.3966523069e-01  4.2947167774e+00 -1.0499116739e+00 -1.1878771043e+00 -6.0532057159e-01 -3.8895089156e-01  4.0798153486e+00  6.7133227692e-01 -1.4341425994e+00 -9.4966658445e-01  4.0254499530e+00 -1.4575475424e+00  1.7653842680e+00 -8.9034326404e-01 -1.1732370608e+00  9.7037194202e-01  2.4764619805e+00 -1.2376233901e+00  3.6815039548e+00  4.7460516645e+00  9.3313699284e-01 -1.5600161254e+00
ENERGY -7.550063687323e+03

JOB 12
COORDS  3.8420245272e+00  1.0908336936e+00  2.3537864101e-01  5.8902044577e+00  7.5987977210e-01 -9.7409368964e-01  1.6702477722e+00 -9.1544992941e-01  2.4417996544e-01  2.8030367481e+00 -2.0813784495e+00  2.0574983797e+00  5.6226678525e-01 -7.1327404737e-01  1.0738780896e+00  1.7125362505e+00 -1.8561950675e+00  2.8968144278e+00  2.8043169600e+00 -1.5680108833e+00  7.5068886134e-01  5.9384794458e-01 -1.1849587836e+00  2.3885344336e+00  4.4902830640e+00  3.2444953122e-01 -8.4011804345e-01  3.3693159837e+00  1.7707275316e+00  1.0512950694e+00  6.9941129292e+00  1.1034111220e+00 -1.0806474657e+00  3.8869260005e+00 -1.9521934289e+00 -9.5234709558e-02  4.5663489335e+00 -1.2289527149e+00 -8.2869143425e-01 -8.5996642397e-01 -3.0507350336e-01  3.8569782223e+00  1.6320630753e+00 -5.8132721759e-01 -7.8917140931e-01  3.6622730429e+00 -2.6440417554e+00  2.4106610290e+00 -3.0953117609e-01 -1.9359543898e-01  6.9027557499e-01  1.7276174918e+00 -2.2224262160e+00  3.9180713654e+00  3.9745005527e+00  5.5287842711e-01 -1.7802842477e+00
ENERGY -7.550063267773e+03

JOB 13
COORDS  4.1145372111e+00  9.3111874482e-01  5.5918510226e-01  5.7621632317e+00  8.5234016748e-01 -1.1964431191e+00  1.6744259516e+00 -9.8674619476e-01  1.7711152785e-01  2.7998915596e+00 -2.0001630207e+00  2.0832487437e+00  5.3467019829e-01 -7.8082156976e-01  9.6291037551e-01  1.6781332167e+00 -1.7668174201e+00  2.8781077912e+00  2.8181747661e+00 -1.5655557702e+00  7.4936565040e-01  5.4675339675e-01 -1.1741635296e+00  2.3030465470e+00  4.4642571909e+00  3.3546559643e-01 -7.3717389103e-01  3.9198687053e+00  1.4094154662e+00  1.6003396581e+00  6.7797793056e+00  1.2662500146e+00 -1.5718254589e+00  3.9169562996e+00 -1.9551011099e+00 -7.7066914518e-02  4.5836871795e+00 -1.2163507067e+00 -8.0814688966e-01 -9.8181750624e-01 -2.6562848238e-01  3.6778331935e+00  1.6496977467e+00 -7.3160165626e-01 -8.7887114335e-01  3.6702245505e+00 -2.5004381916e+00  2.4976221787e+00 -3.4848529033e-01 -3.2962750344e-01  5.2268417178e-01  1.6806590500e+00 -2.0683274859e+00  3.9205146161e+00  3.7066137770e+00  6.1766609507e-01 -1.4768338765e+00
ENERGY -7.550064932325e+03

JOB 14
COORDS  4.3017641053e+00  8.6796155036e-01  7.0130365389e-01  5.6179221777e+00  9.2876071829e-01 -1.3250169140e+00  1.6850384701e+00 -1.0166083647e+00  1.4519806450e-01  2.7843931560e+00 -1.9894179202e+00  2.0857663214e+00  5.3755767004e-01 -7.8697785002e-01  9.1415307726e-01  1.6546969452e+00 -1.7349331586e+00  2.8628872359e+00  2.8213185729e+00 -1.5823992492e+00  7.4370705399e-01  5.3367000329e-01 -1.1489404196e+00  2.2629789886e+00  4.4543126011e+00  3.3032816464e-01 -6.5592884931e-01  4.2110377885e+00  1.2786181037e+00  1.7845842706e+00  6.5250991340e+00  1.4096686381e+00 -1.8668387608e+00  3.9525818914e+00 -1.9705640472e+00 -4.2882304647e-02  4.6582307432e+00 -1.2179125676e+00 -7.2217896604e-01 -1.0010567427e+00 -1.9499259861e-01  3.6046044844e+00  1.6681373553e+00 -7.8522861223e-01 -9.1637475083e-01  3.6491489921e+00 -2.4819648387e+00  2.5203173599e+00 -3.3915417777e-01 -3.4317495174e-01  4.5404098661e-01  1.6452996533e+00 -2.0133273885e+00  3.9115734894e+00  3.5634093994e+00  5.7988842871e-01 -1.2399690825e+00
ENERGY -7.550066848108e+03

JOB 15
COORDS  4.5603055553e+00  8.1506971302e-01  8.2576332127e-01  5.4827034850e+00  9.7533701342e-01 -1.4094133857e+00  1.6745200486e+00 -1.0546188700e+00  9.5194753177e-02  2.7743740244e+00 -1.9441492956e+00  2.0753295931e+00  5.1908403298e-01 -8.1381749812e-01  8.4977059384e-01  1.6332597150e+00 -1.6846411072e+00  2.8353737918e+00  2.8133744244e+00 -1.5849782244e+00  7.1997530994e-01  5.0991315028e-01 -1.1329161510e+00  2.2094671062e+00  4.4761467790e+00  3.3066043173e-01 -5.5678220792e-01  4.6279854080e+00  1.1718342409e+00  1.9294581877e+00  6.2597118552e+00  1.4900114827e+00 -2.1017148278e+00  3.9669811101e+00 -1.9779436976e+00 -3.8818496513e-02  4.7209756065e+00 -1.2118109681e+00 -6.4748960594e-01 -1.0474046003e+00 -1.5860083561e-01  3.5124317521e+00  1.6584449689e+00 -8.6344921409e-01 -9.7485414194e-01  3.6432875258e+00 -2.4081095320e+00  2.5323635268e+00 -3.5973938833e-01 -3.9607890967e-01  3.6956585129e-01  1.6213910627e+00 -1.9283675093e+00  3.8925943798e+00  3.4860708578e+00  5.7025366823e-01 -9.5213636545e-01
ENERGY -7.550067305194e+03

JOB 16
COORDS  5.0305858674e+00  4.8906020345e-01  1.0721829325e+00  5.3718964829e+00  1.0982926139e+00 -1.2587156296e+00  1.4711117501e+00 -1.3107461504e+00 -5.1302249733e-02  2.8168414686e+00 -1.6322564098e+00  1.9513289227e+00  3.5196031561e-01 -1.0349626941e+00  7.4170630382e-01  1.6977917774e+00 -1.3641538223e+00  2.7474002463e+00  2.7075918562e+00 -1.5715299790e+00  5.5647243799e-01  4.7614938969e-01 -1.0778511563e+00  2.1330049067e+00  4.5663033484e+00  3.2415618447e-01 -3.0868854299e-01  5.3932065588e+00  5.8110020945e-01  2.1721246835e+00  5.9808133696e+00  1.7161668795e+00 -2.0303440920e+00  3.8128209203e+00 -1.9618053785e+00 -2.8402743442e-01  4.6570376298e+00 -1.1796322270e+00 -7.2954671884e-01 -1.0981589377e+00 -1.6511040775e-02  3.3575540292e+00  1.3804526447e+00 -1.3261516905e+00 -1.1341899986e+00  3.7644837297e+00 -1.8803750761e+00  2.4185850716e+00 -5.9763289233e-01 -8.0242149209e-01  2.7110209489e-01  1.7921727232e+00 -1.3859201027e+00  3.8281545607e+00  3.5241326315e+00  6.5879366108e-01 -3.6593171009e-01
ENERGY -7.550069048867e+03

JOB 17
COORDS  5.3867389674e+00  3.2716648970e-01  1.1172440783e+00  5.3328640082e+00  1.1296051658e+00 -1.1791634292e+00  1.3742471197e+00 -1.4411551119e+00 -9.2657308098e-02  2.8327182283e+00 -1.4604184084e+00  1.8561852902e+00  2.7371377067e-01 -1.1720118785e+00  7.2466806357e-01  1.7288738573e+00 -1.2095272983e+00  2.6811498066e+00  2.6572345361e+00 -1.5380210943e+00  4.6701894052e-01  4.6351722088e-01 -1.0708366432e+00  2.1071085420e+00  4.6821017278e+00  2.8945178883e-01 -1.6697237094e-01  5.9256954975e+00  3.0721352641e-01  2.1464834136e+00  5.8135015817e+00  1.8003126061e+00 -1.9960288341e+00  3.7392336769e+00 -1.9115218320e+00 -4.0318238690e-01  4.6772467442e+00 -1.1706499686e+00 -7.1614448588e-01 -1.1309396340e+00 -3.1588584553e-02  3.3127889649e+00  1.2427556416e+00 -1.5650781145e+00 -1.1639621657e+00  3.8115836031e+00 -1.6017945866e+00  2.3027987504e+00 -7.1223039490e-01 -1.0634375754e+00  2.8459513928e-01  1.8691279764e+00 -1.1336628680e+00  3.7544603710e+00  3.6565231597e+00  6.4642404681e-01 -1.0635180652e-02
ENERGY -7.550070442708e+03

JOB 18
COORDS  5.6734992942e+00  2.2886188375e-01  1.1342041310e+00  5.2352425918e+00  1.1788321443e+00 -1.0613352738e+00  1.2824713888e+00 -1.4882595720e+00 -1.0880688550e-01  2.7675202438e+00 -1.2949427608e+00  1.8127673108e+00  1.7753727012e-01 -1.2387798527e+00  7.0690422240e-01  1.6591348681e+00 -1.0621468977e+00  2.6366363811e+00  2.5779509596e+00 -1.4681383618e+00  4.3164356123e-01  3.7904584876e-01 -1.0377058722e+00  2.0773476383e+00  4.7525639922e+00  2.8046608072e-01 -4.8604619746e-03  6.3652943056e+00  1.2737879301e-01  2.0623920122e+00  5.5739644362e+00  1.8942347792e+00 -1.9108781588e+00  3.6571392775e+00 -1.8218294908e+00 -4.4140114516e-01  4.6689021825e+00 -1.1379585910e+00 -6.4131839708e-01 -1.2611560852e+00 -2.9010651556e-02  3.2441467085e+00  1.1488025894e+00 -1.6882453870e+00 -1.1680857936e+00  3.7582399872e+00 -1.3569557989e+00  2.2534002355e+00 -8.1962454418e-01 -1.2236609730e+00  2.7932630496e-01  1.8045641880e+00 -9.1231418107e-01  3.7014228160e+00  3.7761421738e+00  6.3603605492e-01  3.4256803745e-01
ENERGY -7.550070918062e+03

JOB 19
COORDS  6.0086983979e+00  7.2607334983e-01  4.6860085864e-01  4.5775994398e+00  8.1015725883e-01 -1.5202687389e+00  1.8698081175e+00 -8.8594261922e-01  1.5939323234e-01  2.6455786044e+00 -1.9211047209e+00  2.2216439744e+00  6.6265078369e-01 -5.5495517989e-01  7.8724377104e-01  1.4495715416e+00 -1.5773747630e+00  2.8551047953e+00  2.8757574292e+00 -1.5372229731e+00  8.9218882956e-01  4.6247589282e-01 -9.0547820004e-01  2.1251668582e+00  4.7771968242e+00  2.5762331321e-01 -1.7847263220e-01  6.9612479430e+00  1.0789593454e+00  1.0314287868e+00  4.3559815566e+00  1.2048327687e+00 -2.5903430592e+00  4.0738035882e+00 -2.0057210392e+00  2.6050762784e-01  4.9122773985e+00 -1.2878335369e+00 -2.9797769330e-01 -1.1388402172e+00  1.8275306708e-01  3.2721982573e+00  2.0116932331e+00 -6.5125454675e-01 -8.9241391258e-01  3.4094411449e+00 -2.4774329177e+00  2.7572711046e+00 -1.0837826788e-01 -3.6057280268e-02  2.2723305278e-01  1.2896874133e+00 -1.8493436595e+00  3.8933182175e+00  3.9331258444e+00  5.5884855700e-01  4.5077190102e-01
ENERGY -7.550069891716e+03

JOB 20
COORDS  6.1506039077e+00  7.8200366010e-01  3.0922739618e-01  4.3950498287e+00  7.6844815381e-01 -1.3810871723e+00  1.9294554056e+00 -8.5942302506e-01  1.5276758507e-01  2.6113113251e+00 -1.9595575841e+00  2.2158425737e+00  7.0357845551e-01 -5.2764041011e-01  7.4347398758e-01  1.3979063944e+00 -1.6139527702e+00  2.8132778803e+00  2.8980359214e+00 -1.5423010281e+00  9.0654431221e-01  4.4987459637e-01 -9.0814809961e-01  2.0634893642e+00  4.8371929638e+00  2.5543549393e-01 -8.1759510356e-02  7.1790105876e+00  1.1880999768e+00  6.6380365506e-01  3.9896173053e+00  1.1227493420e+00 -2.4108998438e+00  4.1208584229e+00 -2.0095292340e+00  3.2359699228e-01  4.9931013645e+00 -1.2905862064e+00 -1.7956137481e-01 -1.1780155434e+00  1.7658920295e-01  3.1793214084e+00  2.1098393354e+00 -6.0040750787e-01 -8.8630004747e-01  3.3462424691e+00 -2.5426011722e+00  2.7634462234e+00 -3.9556973876e-02  1.3866770210e-02  1.6736819440e-01  1.1939412192e+00 -1.9106249815e+00  3.8368646818e+00  4.1025732774e+00  5.4451554602e-01  6.7857189383e-01
ENERGY -7.550070950188e+03

JOB 21
COORDS  6.2456127761e+00  7.2911453118e-01  2.8692404636e-01  4.2501445213e+00  8.2951897353e-01 -1.0763237747e+00  1.8455805405e+00 -9.5422872976e-01  5.4349919698e-02  2.6030645058e+00 -1.8604760716e+00  2.1828120472e+00  6.2614297757e-01 -5.9854638979e-01  6.4469312669e-01  1.3953969538e+00 -1.4900640944e+00  2.7794738140e+00  2.8453282228e+00 -1.5507758625e+00  8.3602711287e-01  4.1356364797e-01 -8.7215651583e-01  1.9974038373e+00  4.8815819712e+00  2.1847802812e-01  9.7693333033e-02  7.3199103244e+00  1.1311658945e+00  4.6660865120e-01  3.7260361010e+00  1.2704104763e+00 -2.0150000503e+00  4.0630728160e+00 -2.0384513306e+00  2.4676488382e-01  4.9997972125e+00 -1.3213670696e+00 -1.2082666501e-01 -1.2122372660e+00  2.7010483671e-01  3.0602079555e+00  1.9992092834e+00 -7.7335927918e-01 -1.0045259670e+00  3.3623255595e+00 -2.3791652790e+00  2.7614469759e+00 -1.4056341971e-01 -1.2252796460e-01  4.2237708340e-02  1.2249902251e+00 -1.7007325048e+00  3.8302402621e+00  4.2780396046e+00  4.4338836070e-01  9.8522523704e-01
ENERGY -7.550070370191e+03

JOB 22
COORDS  6.3363018560e+00  6.6372604314e-01  2.7754805304e-01  4.1616563323e+00  8.8434704653e-01 -7.3327123836e-01  1.7418406178e+00 -1.0939146215e+00 -5.3919452383e-02  2.6637276257e+00 -1.7256796076e+00  2.1079942590e+00  5.3945110378e-01 -7.3225083095e-01  5.6339776305e-01  1.4644326166e+00 -1.3602130405e+00  2.7291618286e+00  2.8106765300e+00 -1.5564022017e+00  7.2391968894e-01  4.1116059822e-01 -8.7895993838e-01  1.9469327347e+00  4.9559788380e+00  1.6262858144e-01  2.6869323087e-01  7.4273886126e+00  1.0592539579e+00  3.0876949404e-01  3.5285290983e+00  1.4254866177e+00 -1.5432700265e+00  4.0146112231e+00 -2.0444970458e+00  9.7453997883e-02  5.0168653793e+00 -1.3536130034e+00 -1.0712668343e-01 -1.2140203765e+00  2.9533627499e-01  2.9877026224e+00  1.8430947182e+00 -1.0077301325e+00 -1.1311073565e+00  3.4762744078e+00 -2.1430517787e+00  2.6968309410e+00 -2.7723509379e-01 -3.4825708061e-01 -3.9089055160e-02  1.3617622231e+00 -1.4626579130e+00  3.8044423692e+00  4.5019152464e+00  2.9473042143e-01  1.2563198050e+00
ENERGY -7.550068926492e+03

JOB 23
COORDS  6.5008149945e+00  5.1113671094e-01  2.0181501925e-01  4.1484755451e+00  1.0310938313e+00 -5.8538152698e-02  1.5442052831e+00 -1.3565913181e+00 -1.7389408477e-01  2.7242148974e+00 -1.3789307523e+00  1.9545938913e+00  3.5800144874e-01 -1.0170346809e+00  4.7733380830e-01  1.5297820992e+00 -1.0636855762e+00  2.6148539068e+00  2.7357527114e+00 -1.4848780152e+00  5.5540764382e-01  3.6114693355e-01 -8.8714553252e-01  1.8705689734e+00  5.1249247491e+00  6.1789446431e-02  4.5094211064e-01  7.5938808672e+00  8.6280088456e-01  3.0246789480e-02  3.3588684784e+00  1.7782559069e+00 -4.6889516236e-01  3.8970590812e+00 -1.9367793394e+00 -1.5540556255e-01  4.9772617778e+00 -1.3412871554e+00 -2.2509627174e-01 -1.3368975193e+00  2.4285052763e-01  2.8251868530e+00  1.5568330126e+00 -1.5025096231e+00 -1.2498906437e+00  3.6177957176e+00 -1.5748103084e+00  2.5415801250e+00 -5.5297563285e-01 -8.7851383171e-01 -9.5527018775e-02  1.5203561683e+00 -9.7318154208e-01  3.6961051744e+00  4.9895401597e+00 -3.8373153227e-02  1.5304300454e+00
ENERGY -7.550067307872e+03

