JOB 0
COORDS -1.4465200681e-01  1.7768670760e+00  1.3835793793e+00 -4.6945928706e+00  2.7796052780e+00  2.6873676106e+00 -1.0851174388e+00  2.6713994134e+00  1.8349829104e+00 -3.3880733551e+00  3.1708082185e+00  2.4973685942e+00 -5.0864162290e-01  4.4409684204e-01  1.1097141927e+00 -5.0374796482e+00  1.4600469810e+00  2.3932775168e+00 -2.4250030554e+00  2.2496705081e+00  2.0222182675e+00 -2.8178101715e+00  8.9486187757e-01  1.7378490424e+00 -1.8105569746e+00 -1.7296556952e-02  1.2703669611e+00 -5.0689313042e+00 -9.0331449095e-01  1.2663002712e-01 -2.0313059334e+00 -3.3990306175e+00 -1.1599966523e-01 -4.7438692703e+00 -7.9284101389e-01  1.6125250652e+00 -1.2416520948e+00 -2.1876741024e+00  3.4121709765e-01 -4.1564698110e+00  5.5284361373e-01  1.9447301578e+00 -2.1656486753e+00 -1.2990789806e+00  1.0255780314e+00  8.8697450652e-01  2.0834772497e+00  1.2414346871e+00 -5.4583367641e+00  3.4569176846e+00  3.0521363222e+00 -8.2289833581e-01  3.7006725816e+00  2.0578416301e+00 -3.0778650577e+00  4.1898816765e+00  2.7106755768e+00  2.5801577486e-01 -2.4425112302e-01  7.7736213160e-01 -6.0552445952e+00  1.1095851881e+00  2.5157460166e+00 -5.8075204937e+00 -1.5426825411e-01 -1.7439661432e-01 -5.4884700608e+00 -1.8937810022e+00 -7.0402293236e-02 -4.1740143207e+00 -7.8482481718e-01 -4.8618064195e-01 -2.4948149739e+00 -3.9103877320e+00  7.3230992931e-01 -2.8093726241e+00 -3.1131094786e+00 -8.2833847488e-01 -1.3568917032e+00 -4.1044802728e+00 -6.0985015865e-01 -4.0505807725e+00 -1.5584956339e+00  1.9382446615e+00 -5.6482264219e+00 -8.7686663408e-01  2.2151796802e+00 -8.1085443236e-01 -1.6577864172e+00 -5.1483288672e-01 -4.3960820316e-01 -2.4600749636e+00  1.0354859329e+00
ENERGY -6.348941064990e+02

JOB 1
COORDS -1.4212434194e-01  1.7801495556e+00  1.3959485563e+00 -4.7117818755e+00  2.7977644257e+00  2.6184767414e+00 -1.0972541019e+00  2.6873970668e+00  1.7876966230e+00 -3.4087037146e+00  3.1925817944e+00  2.4127498126e+00 -4.9048058697e-01  4.3183618251e-01  1.1883193194e+00 -5.0406136324e+00  1.4633673350e+00  2.3813693133e+00 -2.4342021939e+00  2.2610199784e+00  1.9834412666e+00 -2.8121336056e+00  8.9038486251e-01  1.7584561897e+00 -1.7921673096e+00 -3.3378123461e-02  1.3441742220e+00 -5.0586959638e+00 -9.6019492495e-01  2.0417533228e-01 -2.1064564499e+00 -3.2764425855e+00 -2.5264459790e-01 -4.7259739024e+00 -8.1233719800e-01  1.6850723379e+00 -1.2463453650e+00 -2.2160497149e+00  4.0869054633e-01 -4.1491904988e+00  5.4698978255e-01  1.9742711795e+00 -2.1229346285e+00 -1.3333234118e+00  1.1667151800e+00  8.8952710232e-01  2.0880518053e+00  1.2568492962e+00 -5.4828281020e+00  3.4828932692e+00  2.9519230866e+00 -8.4749605117e-01  3.7289214157e+00  1.9628824607e+00 -3.1091672194e+00  4.2232408476e+00  2.5807826195e+00  2.8966723396e-01 -2.6951672926e-01  9.1952972222e-01 -6.0553339769e+00  1.1080268802e+00  2.5151873006e+00 -5.8109686911e+00 -2.2964454098e-01 -1.0820704563e-01 -5.4611310190e+00 -1.9614751357e+00  2.7977982149e-02 -4.1693793516e+00 -8.3650090988e-01 -4.1573010676e-01 -2.6794588806e+00 -3.8414859837e+00  4.8796700745e-01 -2.7963606210e+00 -2.8297841135e+00 -9.7238969131e-01 -1.4610612231e+00 -3.9792474413e+00 -7.8800967007e-01 -4.0226221614e+00 -1.5625589588e+00  2.0239788580e+00 -5.6252851683e+00 -8.8940460540e-01  2.2962772810e+00 -7.1952859360e-01 -1.6300852118e+00 -3.4986757103e-01 -5.1528182672e-01 -2.6456995821e+00  1.1007100188e+00
ENERGY -6.348925377298e+02

JOB 2
COORDS -1.0575446097e-01  1.7616293563e+00  1.4373452431e+00 -4.7078532660e+00  2.8029590370e+00  2.5036745832e+00 -1.0759175503e+00  2.6799387458e+00  1.7599585089e+00 -3.4031524926e+00  3.1962784270e+00  2.3056641015e+00 -4.4373185988e-01  4.0552331757e-01  1.2691248759e+00 -5.0207918896e+00  1.4548431181e+00  2.3339175065e+00 -2.4145792112e+00  2.2526868456e+00  1.9397556941e+00 -2.7800854759e+00  8.7089399855e-01  1.7634774772e+00 -1.7490855199e+00 -6.0190152040e-02  1.3920714482e+00 -5.0706679289e+00 -1.0839069003e+00  3.3827378515e-01 -2.1022410884e+00 -3.0966113633e+00 -4.5913583041e-01 -4.6775099443e+00 -8.5545221140e-01  1.7936187337e+00 -1.2231621768e+00 -2.2628511418e+00  4.5503157280e-01 -4.1158183636e+00  5.2702288250e-01  1.9869669368e+00 -2.0725029919e+00 -1.3646316919e+00  1.2314243845e+00  9.2928510979e-01  2.0675348175e+00  1.3209172094e+00 -5.4896428006e+00  3.4975864746e+00  2.7889661515e+00 -8.3656521281e-01  3.7296009507e+00  1.8969308482e+00 -3.1126119815e+00  4.2353301821e+00  2.4327703096e+00  3.4864577151e-01 -3.0124937982e-01  1.0558293516e+00 -6.0325531950e+00  1.0953001695e+00  2.4792284014e+00 -5.8608988520e+00 -3.9380116598e-01  2.7578387349e-02 -5.4448576074e+00 -2.1048939234e+00  2.2424926859e-01 -4.2142987703e+00 -9.5894086199e-01 -3.2558355813e-01 -2.8631627642e+00 -3.6410348773e+00  1.0689755200e-01 -2.5936721026e+00 -2.4726351512e+00 -1.2094619292e+00 -1.4799754286e+00 -3.8305827906e+00 -9.8057222579e-01 -3.9452438834e+00 -1.5742966376e+00  2.1384163138e+00 -5.5470289376e+00 -9.1668312688e-01  2.4485228505e+00 -5.1985075110e-01 -1.6777895136e+00 -1.4073532832e-01 -6.6265066275e-01 -2.8742375488e+00  1.1673867522e+00
ENERGY -6.348904361159e+02

JOB 3
COORDS -5.6818562576e-01  2.2872655740e+00  8.5849904596e-01 -4.4004979839e+00  2.4913139348e+00  3.8056739035e+00 -1.2162865600e+00  2.8465419930e+00  1.9349016470e+00 -3.1619731302e+00  2.9501884593e+00  3.4161096742e+00 -1.1648051493e+00  1.2295126986e+00  1.4770476424e-01 -4.9629573325e+00  1.4288726788e+00  3.0978879991e+00 -2.4874666482e+00  2.3568493114e+00  2.3229846785e+00 -3.1035730993e+00  1.2641315078e+00  1.6162522033e+00 -2.3981740446e+00  6.9415350334e-01  5.0366515088e-01 -4.5866368886e+00 -1.6518635522e+00  2.0496848682e+00 -2.4276939225e+00 -1.3060838374e+00 -2.3581680682e+00 -5.0998390496e+00 -3.3609398226e-01  1.4738544225e+00 -2.1716352525e+00 -1.3267277096e+00 -8.6249883093e-01 -4.3605626169e+00  8.3872836690e-01  2.0548145825e+00 -2.9798233255e+00 -3.0220968252e-01 -2.0500418125e-01  3.9787979888e-01  2.6642616416e+00  5.3750190520e-01 -4.9475635297e+00  2.9237002117e+00  4.6356409071e+00 -7.7813470155e-01  3.6689385637e+00  2.4913629294e+00 -2.6869659647e+00  3.7751179764e+00  3.9396810580e+00 -6.5532387085e-01  8.3350662475e-01 -7.2329090559e-01 -5.9315295779e+00  1.0285331050e+00  3.3726491430e+00 -3.5287636773e+00 -1.8000751801e+00  1.8263485468e+00 -5.1498047192e+00 -2.4776177789e+00  1.6059761131e+00 -4.7244973753e+00 -1.6906919947e+00  3.1343470915e+00 -3.4916368390e+00 -1.4417183487e+00 -2.5694538239e+00 -2.1023873110e+00 -3.6311751875e-01 -2.8071371242e+00 -1.8771017776e+00 -2.1235319176e+00 -2.8339639173e+00 -6.1478871363e+00 -1.8286985184e-01  1.7316219862e+00 -5.0086083389e+00 -2.9728158820e-01  3.9520177665e-01 -1.1183529265e+00 -1.1888295233e+00 -6.1271138431e-01 -2.5003834355e+00 -2.2726658846e+00 -4.2260099089e-01
ENERGY -6.348896907916e+02

JOB 4
COORDS -5.8265731885e-01  2.2245007108e+00  8.2235130346e-01 -4.4141951368e+00  2.5383250680e+00  3.7624264713e+00 -1.2327493164e+00  2.8276899694e+00  1.8730834911e+00 -3.1781168232e+00  2.9847588347e+00  3.3516740515e+00 -1.1763777966e+00  1.1385639826e+00  1.5236443916e-01 -4.9741604206e+00  1.4478571790e+00  3.0966031258e+00 -2.5035274092e+00  2.3526117954e+00  2.2804545845e+00 -3.1191216857e+00  1.2338018640e+00  1.6162325817e+00 -2.4132866553e+00  6.2260936338e-01  5.2489916989e-01 -4.5881962890e+00 -1.6715100478e+00  2.1553437439e+00 -2.3333099453e+00 -1.1146846593e+00 -2.3825236372e+00 -5.1120191702e+00 -3.7743890371e-01  1.5410522734e+00 -2.1947615106e+00 -1.3593695933e+00 -8.8952609543e-01 -4.3733331550e+00  8.2078287259e-01  2.0742328006e+00 -2.9971203371e+00 -4.0837046451e-01 -1.2773222190e-01  3.8557850003e-01  2.5861451949e+00  4.9039507430e-01 -4.9602464184e+00  2.9999805570e+00  4.5771944146e+00 -7.9512854767e-01  3.6716154097e+00  2.3966452305e+00 -2.7037374583e+00  3.8297869109e+00  3.8426663217e+00 -6.5893815818e-01  7.0556065315e-01 -6.9511923243e-01 -5.9401449221e+00  1.0545188449e+00  3.3897007476e+00 -3.5323165432e+00 -1.8236413933e+00  1.9254510409e+00 -5.1528278456e+00 -2.5127346320e+00  1.7435913348e+00 -4.7170588375e+00 -1.6752319569e+00  3.2418222830e+00 -3.3840512075e+00 -1.1549542612e+00 -2.6811043803e+00 -1.9280416579e+00 -1.4229130617e-01 -2.6769944718e+00 -1.7913943028e+00 -1.8919520241e+00 -2.9303341035e+00 -6.1580495479e+00 -2.1956817926e-01  1.8039097595e+00 -5.0325864738e+00 -3.7468871943e-01  4.6070809516e-01 -1.1593424084e+00 -1.3268695045e+00 -5.4319458157e-01 -2.6084554983e+00 -2.3337549237e+00 -6.1843680864e-01
ENERGY -6.348910621787e+02

JOB 5
COORDS -5.6888986121e-01  2.1503191307e+00  8.1552925344e-01 -4.4463831449e+00  2.5753277762e+00  3.6776647320e+00 -1.2436780987e+00  2.8037778582e+00  1.8187873177e+00 -3.2098746182e+00  3.0147132656e+00  3.2612170040e+00 -1.1386442200e+00  1.0214393568e+00  1.9677904211e-01 -4.9888031117e+00  1.4491517615e+00  3.0587190559e+00 -2.5157531460e+00  2.3365278577e+00  2.2314367259e+00 -3.1113816301e+00  1.1799635894e+00  1.6158013511e+00 -2.3807124862e+00  5.1850815283e-01  5.6899545522e-01 -4.5871498324e+00 -1.7074581716e+00  2.2774785181e+00 -2.3296014210e+00 -9.0392722044e-01 -2.3763276741e+00 -5.0972391418e+00 -4.4591802396e-01  1.5887574835e+00 -2.1863855269e+00 -1.3904560438e+00 -9.4277447796e-01 -4.3691028037e+00  7.7916939413e-01  2.0752808316e+00 -2.9435603757e+00 -5.6330500305e-01 -1.4566366551e-02  4.0414596952e-01  2.4997077536e+00  4.8441120600e-01 -5.0069779249e+00  3.0703426273e+00  4.4623978144e+00 -8.2313602405e-01  3.6787895270e+00  2.3037861729e+00 -2.7497607140e+00  3.8875854167e+00  3.7157446910e+00 -5.8978555760e-01  5.4179643183e-01 -6.0333012909e-01 -5.9555229771e+00  1.0622467633e+00  3.3577050214e+00 -3.5306066074e+00 -1.8780281752e+00  2.0648201965e+00 -5.1537421601e+00 -2.5659925052e+00  1.9059760349e+00 -4.7275344216e+00 -1.6513252303e+00  3.3611420662e+00 -3.3832929064e+00 -8.7314629441e-01 -2.6659157127e+00 -1.9029231525e+00  9.2130418133e-02 -2.5221699670e+00 -1.8112803109e+00 -1.5974010762e+00 -3.0458325093e+00 -6.1481490937e+00 -2.7472877308e-01  1.8220003328e+00 -4.9969327898e+00 -4.9712046454e-01  5.1145304635e-01 -1.1466744042e+00 -1.4537720515e+00 -6.1092998689e-01 -2.6336023155e+00 -2.3792831281e+00 -8.2532746571e-01
ENERGY -6.348921485544e+02

JOB 6
COORDS -5.3514597925e-01  2.0746694782e+00  8.2516881731e-01 -4.4818987839e+00  2.6096162940e+00  3.5695852102e+00 -1.2429943904e+00  2.7789489966e+00  1.7693687311e+00 -3.2417865692e+00  3.0411073178e+00  3.1556523020e+00 -1.0745204237e+00  9.0298746463e-01  2.6143203538e-01 -4.9993268678e+00  1.4473212683e+00  2.9979973564e+00 -2.5185124036e+00  2.3178896901e+00  2.1780003254e+00 -3.0874881545e+00  1.1229850046e+00  1.6120511291e+00 -2.3246530992e+00  4.1195768630e-01  6.2230266639e-01 -4.5709189199e+00 -1.7384498870e+00  2.3952324854e+00 -2.3847399717e+00 -7.1011462174e-01 -2.3254053140e+00 -5.0620532090e+00 -5.1844467508e-01  1.6230182570e+00 -2.2003036294e+00 -1.4195755625e+00 -9.9203149996e-01 -4.3519722257e+00  7.3460882439e-01  2.0635703088e+00 -2.8530372035e+00 -7.2088799769e-01  1.0499522344e-01  4.4513457012e-01  2.4124428709e+00  5.0354748545e-01 -5.0639474206e+00  3.1378462146e+00  4.3161191160e+00 -8.4451508374e-01  3.6853916317e+00  2.2136026376e+00 -2.8004938506e+00  3.9417275375e+00  3.5731925706e+00 -4.8898443670e-01  3.7212885299e-01 -4.7766707954e-01 -5.9689088937e+00  1.0660755450e+00  3.2950554850e+00 -3.5097656029e+00 -1.9206127288e+00  2.2186706150e+00 -5.1287796097e+00 -2.6167474228e+00  2.0582665388e+00 -4.7398367166e+00 -1.6208062269e+00  3.4698932302e+00 -3.4477060164e+00 -5.8950970210e-01 -2.5515580719e+00 -1.9131403978e+00  2.7522632293e-01 -2.3477256067e+00 -1.9353181077e+00 -1.3168830784e+00 -3.1176042462e+00 -6.1201014401e+00 -3.3768150793e-01  1.8129791083e+00 -4.9272624756e+00 -6.2844678274e-01  5.5402011792e-01 -1.1489010915e+00 -1.5874038482e+00 -7.4044358963e-01 -2.6969408661e+00 -2.3907717680e+00 -9.9643493615e-01
ENERGY -6.348924586990e+02

JOB 7
COORDS -4.9633790885e-01  2.0134846459e+00  8.5098905539e-01 -4.5325542308e+00  2.6475244379e+00  3.4427858061e+00 -1.2432211473e+00  2.7608061083e+00  1.7308677177e+00 -3.2847572163e+00  3.0715400126e+00  3.0440252780e+00 -1.0080350788e+00  8.0746108002e-01  3.3763342228e-01 -5.0219126900e+00  1.4521359265e+00  2.9161514519e+00 -2.5262381742e+00  2.3083204798e+00  2.1252973596e+00 -3.0677427806e+00  1.0804190560e+00  1.6035931197e+00 -2.2694959242e+00  3.3019949426e-01  6.7560943232e-01 -4.5365798529e+00 -1.7545300706e+00  2.4897998964e+00 -2.4513369585e+00 -5.1172141924e-01 -2.2449462236e+00 -5.0216754793e+00 -5.8285303324e-01  1.6425624215e+00 -2.2467024580e+00 -1.4143395643e+00 -1.0373879342e+00 -4.3408962649e+00  7.0095615499e-01  2.0376870641e+00 -2.7527344343e+00 -8.4402048158e-01  2.0533124503e-01  4.9355251810e-01  2.3408969088e+00  5.4864203872e-01 -5.1410979879e+00  3.2057039367e+00  4.1450778968e+00 -8.6721872453e-01  3.6936681234e+00  2.1386556367e+00 -2.8643794256e+00  3.9961957997e+00  3.4294245221e+00 -3.9237359299e-01  2.2747905084e-01 -3.3890055800e-01 -5.9957430535e+00  1.0751137350e+00  3.2047685526e+00 -3.4695305552e+00 -1.9328342564e+00  2.3486428722e+00 -5.0756601459e+00 -2.6560789308e+00  2.1852572071e+00 -4.7347233690e+00 -1.5829352234e+00  3.5521438130e+00 -3.5096241603e+00 -2.6409225660e-01 -2.3692584357e+00 -1.8829099061e+00  4.1845786944e-01 -2.1840359211e+00 -2.1220506371e+00 -1.0463452320e+00 -3.1412479711e+00 -6.0871683804e+00 -4.0756894866e-01  1.7921307619e+00 -4.8527395094e+00 -7.4613531347e-01  5.8531160095e-01 -1.1967061077e+00 -1.6926021131e+00 -8.9997819506e-01 -2.8218965431e+00 -2.3358778788e+00 -1.1327934588e+00
ENERGY -6.348915956801e+02

JOB 8
COORDS -4.6060298243e-01  1.9558750510e+00  8.8937841885e-01 -4.5912790308e+00  2.6682200407e+00  3.3117468246e+00 -1.2447192619e+00  2.7353356566e+00  1.7082045659e+00 -3.3330696223e+00  3.0850745869e+00  2.9380139798e+00 -9.4796238082e-01  7.2530102557e-01  4.1339272183e-01 -5.0507066970e+00  1.4448271584e+00  2.8233451048e+00 -2.5373932635e+00  2.2904489751e+00  2.0794153832e+00 -3.0524797451e+00  1.0369063945e+00  1.5920015812e+00 -2.2209513048e+00  2.5942822482e-01  7.2163146034e-01 -4.4862289453e+00 -1.7748717743e+00  2.5591375725e+00 -2.4940249134e+00 -3.4751275143e-01 -2.1574689021e+00 -4.9797648589e+00 -6.5231362942e-01  1.6523273584e+00 -2.3284260440e+00 -1.4015113819e+00 -1.0734440427e+00 -4.3345240728e+00  6.6193280655e-01  2.0026749090e+00 -2.6619281958e+00 -9.4199467830e-01  2.7478770631e-01  5.3858649072e-01  2.2766606200e+00  6.1153852737e-01 -5.2281965194e+00  3.2506740898e+00  3.9676474151e+00 -8.8915284192e-01  3.6880901144e+00  2.0876099525e+00 -2.9331759953e+00  4.0288013905e+00  3.2981962010e+00 -3.1022291236e-01  1.0863368910e-01 -2.1023450365e-01 -6.0292006638e+00  1.0696297316e+00  3.0983917495e+00 -3.4145463925e+00 -1.9407186424e+00  2.4402269620e+00 -5.0048785231e+00 -2.6989525508e+00  2.2886087655e+00 -4.7032581545e+00 -1.5583665105e+00  3.6094957650e+00 -3.4998374188e+00  8.3867783577e-02 -2.1375681475e+00 -1.7673974376e+00  4.6324042142e-01 -2.0851953760e+00 -2.3562110112e+00 -8.3106428212e-01 -3.1294592415e+00 -6.0516063973e+00 -4.9441352994e-01  1.7735828682e+00 -4.7853092292e+00 -8.5908006421e-01  6.0703656159e-01 -1.3113097500e+00 -1.8074176097e+00 -1.0573315491e+00 -3.0159274002e+00 -2.2350675627e+00 -1.2226027307e+00
ENERGY -6.348896655554e+02

JOB 9
COORDS -4.3250339920e-01  1.9520782245e+00  9.0765759517e-01 -4.6205044377e+00  2.6647484143e+00  3.2314780754e+00 -1.2460881301e+00  2.7416241292e+00  1.6877136675e+00 -3.3617240114e+00  3.0925007239e+00  2.8705970605e+00 -8.9409674904e-01  7.0048907480e-01  4.6149719296e-01 -5.0550393066e+00  1.4237689949e+00  2.7652976443e+00 -2.5396081985e+00  2.2883808479e+00  2.0469888778e+00 -3.0274873495e+00  1.0149603906e+00  1.5831125722e+00 -2.1673964755e+00  2.2628695494e-01  7.5418284270e-01 -4.4438270585e+00 -1.7936736552e+00  2.5872445527e+00 -2.5123943668e+00 -2.5428081576e-01 -2.0828721948e+00 -4.9302603959e+00 -6.9867256573e-01  1.6437939922e+00 -2.4211602103e+00 -1.3907289919e+00 -1.0772675102e+00 -4.3118355954e+00  6.3210186586e-01  1.9776111305e+00 -2.5629965348e+00 -1.0000755691e+00  3.3057058000e-01  5.6787278235e-01  2.2797317205e+00  6.4234209473e-01 -5.2774386094e+00  3.2535500199e+00  3.8614226628e+00 -9.1188554874e-01  3.7094553788e+00  2.0482004686e+00 -2.9828609048e+00  4.0508651547e+00  3.2146157546e+00 -2.3875405707e-01  6.5882639318e-02 -1.2619057167e-01 -6.0337311479e+00  1.0418484457e+00  3.0305408188e+00 -3.3675100828e+00 -1.9466329828e+00  2.4976275307e+00 -4.9428490114e+00 -2.7308808315e+00  2.3251162395e+00 -4.6900779167e+00 -1.5568751588e+00  3.6267174156e+00 -3.4351790858e+00  3.2126751275e-01 -1.9562436196e+00 -1.6662210069e+00  4.3267426688e-01 -2.0374505976e+00 -2.5280552150e+00 -6.9318865360e-01 -3.0852952350e+00 -6.0068626799e+00 -5.5289140018e-01  1.7353827664e+00 -4.7090925890e+00 -9.2712636373e-01  6.0832747117e-01 -1.4744575451e+00 -1.9315408601e+00 -1.1747292416e+00 -3.2321826646e+00 -2.1076471670e+00 -1.2190555709e+00
ENERGY -6.348872601175e+02

JOB 10
COORDS -4.1522439456e-01  1.9473666875e+00  9.2546098773e-01 -4.6509378183e+00  2.6589416093e+00  3.1616467865e+00 -1.2516113418e+00  2.7422445677e+00  1.6752564319e+00 -3.3906262942e+00  3.0948131352e+00  2.8148922112e+00 -8.6075689783e-01  6.8491214639e-01  4.9247490948e-01 -5.0652829473e+00  1.4047200607e+00  2.7133781550e+00 -2.5480193348e+00  2.2842171747e+00  2.0192626034e+00 -3.0160040349e+00  9.9871956455e-01  1.5683038613e+00 -2.1360665277e+00  2.0554790062e-01  7.6549792458e-01 -4.3914651954e+00 -1.8083887781e+00  2.6068942124e+00 -2.4895382223e+00 -1.9982782139e-01 -2.0511279381e+00 -4.8925190381e+00 -7.4025075404e-01  1.6407517993e+00 -2.5341168925e+00 -1.3714654898e+00 -1.0847148204e+00 -4.3008175261e+00  6.0751167001e-01  1.9517591438e+00 -2.5012253475e+00 -1.0327898472e+00  3.4629078783e-01  5.8774771211e-01  2.2785632971e+00  6.7467892808e-01 -5.3241566714e+00  3.2517913573e+00  3.7701952409e+00 -9.3270218072e-01  3.7190075869e+00  2.0255633714e+00 -3.0273075842e+00  4.0627135137e+00  3.1489745194e+00 -1.9223058427e-01  4.1088470300e-02 -7.0046999299e-02 -6.0429793436e+00  1.0160780936e+00  2.9725800745e+00 -3.3125110700e+00 -1.9451005024e+00  2.5236682136e+00 -4.8738693290e+00 -2.7586233646e+00  2.3611066322e+00 -4.6461281368e+00 -1.5554847901e+00  3.6405136151e+00 -3.2772473353e+00  5.3152651826e-01 -1.8430005964e+00 -1.5288213515e+00  3.1730680862e-01 -2.0581500782e+00 -2.6595549516e+00 -5.9404103957e-01 -3.0578694006e+00 -5.9721866471e+00 -6.1289236303e-01  1.7237759132e+00 -4.6638498823e+00 -9.8497040328e-01  6.1082438024e-01 -1.7031554740e+00 -2.0603473461e+00 -1.2594424625e+00 -3.4653322117e+00 -1.9324011393e+00 -1.2002801360e+00
ENERGY -6.348851926144e+02

JOB 11
COORDS -2.3520089792e-01  1.4791405246e+00  1.2780667990e+00 -4.6185643785e+00  2.2041231467e+00  3.2060199703e+00 -1.0656342064e+00  2.1715760699e+00  2.1290806421e+00 -3.2864068448e+00  2.5399599005e+00  3.0973582897e+00 -7.4317743320e-01  3.9283635509e-01  5.4126140600e-01 -5.0989226987e+00  1.1475723385e+00  2.4323135110e+00 -2.4319468179e+00  1.8099432713e+00  2.2389761874e+00 -2.9595891623e+00  7.0325951825e-01  1.4834906287e+00 -2.0607320582e+00 -3.4113303455e-02  6.4954504754e-01 -5.3113774363e+00 -5.0397785937e-02 -6.4125621384e-01 -1.0661509328e+00 -2.6173040387e+00  1.3607115702e+00 -5.0454837181e+00 -5.8458518813e-01  7.6218676472e-01 -2.0276879983e+00 -2.4566244954e+00  1.9603761453e-01 -4.3226378549e+00  4.2613265592e-01  1.6093215423e+00 -2.4864588145e+00 -1.0881578749e+00 -9.5877164460e-02  8.0654692364e-01  1.7635039956e+00  1.1668156484e+00 -5.3026404592e+00  2.7387733010e+00  3.8550473090e+00 -6.9770740679e-01  3.0076353549e+00  2.7158173606e+00 -2.8763906184e+00  3.3696040202e+00  3.6665810764e+00 -9.8482836580e-02 -1.4549261269e-01 -1.4596999928e-01 -6.1459437426e+00  8.7007216344e-01  2.4595693421e+00 -5.9130514902e+00  8.6279296314e-01 -6.0798157767e-01 -5.8689999252e+00 -8.0496088063e-01 -1.2030978920e+00 -4.3813010189e+00  1.4809265264e-01 -1.1753656306e+00 -9.4745374268e-02 -2.1523434557e+00  1.1829919706e+00 -1.4782749579e+00 -2.2201209426e+00  2.2934813806e+00 -8.9736074119e-01 -3.6894523698e+00  1.5021781571e+00 -4.4644752427e+00 -1.4982141718e+00  7.4393878866e-01 -5.9798758289e+00 -7.9152928116e-01  1.2842975865e+00 -2.9431267789e+00 -3.0286010280e+00  3.7940529317e-01 -1.5861862661e+00 -2.8182557772e+00 -7.3514084982e-01
ENERGY -6.348839008386e+02

JOB 12
COORDS -2.1204208931e-01  1.4552095748e+00  1.3357048036e+00 -4.6200146504e+00  2.3011479714e+00  3.1495965459e+00 -1.0475896353e+00  2.1791488215e+00  2.1550643213e+00 -3.2804125675e+00  2.6115191205e+00  3.0620124089e+00 -7.2713454790e-01  3.7506578176e-01  5.9557875134e-01 -5.1002141870e+00  1.2220836723e+00  2.4074819264e+00 -2.4221452947e+00  1.8444700084e+00  2.2404073881e+00 -2.9548041261e+00  7.3186023411e-01  1.4964976798e+00 -2.0565889159e+00 -2.0984142896e-02  6.7531688877e-01 -5.3672779171e+00 -1.2945656091e-01 -5.7475259413e-01 -1.1388428363e+00 -2.6572958017e+00  1.3307394424e+00 -5.0396235410e+00 -5.9936929971e-01  8.3848211971e-01 -1.9522190703e+00 -2.4071028069e+00  7.1994788687e-02 -4.3199589513e+00  4.6461756899e-01  1.6216970094e+00 -2.5051460438e+00 -1.0530214435e+00 -8.3768431093e-02  8.3789028041e-01  1.7158939911e+00  1.2452268332e+00 -5.3084665346e+00  2.8659827185e+00  3.7676725265e+00 -6.7706016476e-01  3.0192674479e+00  2.7342231761e+00 -2.8673509911e+00  3.4480924743e+00  3.6187722994e+00 -7.8123132413e-02 -1.7633779731e-01 -7.7201289554e-02 -6.1487186539e+00  9.5019091786e-01  2.4358320757e+00 -5.9979113244e+00  7.6449493924e-01 -5.5647711366e-01 -5.9168645812e+00 -9.2221041445e-01 -1.0900842536e+00 -4.4608486944e+00  7.9356711711e-02 -1.1444350790e+00 -1.8808991083e-01 -2.1221672452e+00  1.3434082546e+00 -1.6968902921e+00 -2.3974264080e+00  2.2361381481e+00 -9.1565141075e-01 -3.7278926482e+00  1.3736499876e+00 -4.4303028842e+00 -1.4947229809e+00  8.3753524224e-01 -5.9491289436e+00 -8.1289953744e-01  1.4006067491e+00 -2.8326691443e+00 -3.0546255986e+00  4.5931181176e-02 -1.3620501991e+00 -2.6062921144e+00 -8.2667761753e-01
ENERGY -6.348851932081e+02

JOB 13
COORDS -2.1601387795e-01  1.4373514696e+00  1.3521606052e+00 -4.6260680756e+00  2.3709816749e+00  3.1201597806e+00 -1.0487132256e+00  2.1906461041e+00  2.1477595198e+00 -3.2833095898e+00  2.6653946539e+00  3.0304214059e+00 -7.3624224212e-01  3.4638524390e-01  6.3262219011e-01 -5.1114080365e+00  1.2768125722e+00  2.4036317190e+00 -2.4267979846e+00  1.8720619320e+00  2.2317863217e+00 -2.9668155840e+00  7.4802918089e-01  1.5108194427e+00 -2.0717988361e+00 -3.0569307907e-02  7.0986800556e-01 -5.3976386090e+00 -1.5537472109e-01 -5.3297580697e-01 -1.1588919233e+00 -2.7157969613e+00  1.3047574672e+00 -5.0610794892e+00 -5.8949790751e-01  8.8969382965e-01 -1.8662629548e+00 -2.3740089943e+00  3.2788771119e-03 -4.3345431855e+00  4.9408786541e-01  1.6398630279e+00 -2.5403864163e+00 -1.0703057493e+00 -2.4617329216e-02  8.3760283463e-01  1.6835683948e+00  1.2640511947e+00 -5.3119473602e+00  2.9568596839e+00  3.7213223775e+00 -6.7266101936e-01  3.0399502227e+00  2.7095569738e+00 -2.8646740613e+00  3.5107911291e+00  3.5693070285e+00 -8.4120577984e-02 -2.2602639912e-01 -1.9050419174e-02 -6.1616997137e+00  1.0124575741e+00  2.4362762422e+00 -6.0284622897e+00  7.3864709130e-01 -5.3382369906e-01 -5.9497945142e+00 -9.6101640504e-01 -1.0250692499e+00 -4.4948383876e+00  3.9899348094e-02 -1.1132527550e+00 -2.8287335615e-01 -2.0948288289e+00  1.4970182882e+00 -1.8354109064e+00 -2.6383725656e+00  2.1621793994e+00 -8.1985790961e-01 -3.7543624037e+00  1.2402283959e+00 -4.4509009794e+00 -1.4842765277e+00  9.0745294953e-01 -5.9669756787e+00 -7.8655475852e-01  1.4634949275e+00 -2.6763159750e+00 -3.0768735461e+00 -2.0072632466e-01 -1.1741483609e+00 -2.4045827178e+00 -8.4423062597e-01
ENERGY -6.348872597688e+02

JOB 14
COORDS -2.2906031409e-01  1.4147860757e+00  1.3733695551e+00 -4.6387636090e+00  2.4485683063e+00  3.0859887111e+00 -1.0587971841e+00  2.2045336256e+00  2.1354174463e+00 -3.2933891325e+00  2.7270732846e+00  2.9912273531e+00 -7.5211558529e-01  3.0075947873e-01  6.9240277377e-01 -5.1299539612e+00  1.3361908767e+00  2.4021475910e+00 -2.4396896434e+00  1.9007691249e+00  2.2229998574e+00 -2.9862037999e+00  7.5781193068e-01  1.5380931703e+00 -2.0925110292e+00 -5.9258199490e-02  7.7186829865e-01 -5.4146020160e+00 -1.8334702463e-01 -4.8993804471e-01 -1.1331144695e+00 -2.8147375964e+00  1.2397296474e+00 -5.0938553291e+00 -5.7657478213e-01  9.4829342479e-01 -1.7935121373e+00 -2.3464147870e+00 -4.7898545702e-02 -4.3574552128e+00  5.2173088276e-01  1.6678213792e+00 -2.5816232730e+00 -1.1212300415e+00  8.5917832631e-02  8.2763030344e-01  1.6469033251e+00  1.2837429759e+00 -5.3217794552e+00  3.0595209486e+00  3.6650787040e+00 -6.7785752505e-01  3.0693602023e+00  2.6693132794e+00 -2.8688416795e+00  3.5858385887e+00  3.5036118542e+00 -9.3204401775e-02 -2.9901534526e-01  7.4350681152e-02 -6.1828629765e+00  1.0831599386e+00  2.4373581829e+00 -6.0317515188e+00  7.1952350817e-01 -5.2424613584e-01 -5.9754668294e+00 -9.9621693458e-01 -9.5981069797e-01 -4.5053829725e+00 -1.9620456756e-02 -1.0701639909e+00 -3.3551722869e-01 -2.1528568909e+00  1.5807330361e+00 -1.8676716008e+00 -2.9178941995e+00  2.0446688893e+00 -6.9255259625e-01 -3.8002393688e+00  1.0600909484e+00 -4.4953338633e+00 -1.4778918507e+00  9.9932952930e-01 -6.0064777953e+00 -7.4205680481e-01  1.5211932019e+00 -2.5285293230e+00 -3.0701219859e+00 -4.0246546650e-01 -1.0594682492e+00 -2.1983175891e+00 -8.4714242700e-01
ENERGY -6.348896657383e+02

JOB 15
COORDS -2.2948223438e-01  1.4049068099e+00  1.4488829763e+00 -4.6650993252e+00  2.5587737515e+00  3.0009894523e+00 -1.0683797345e+00  2.2398247202e+00  2.1486099578e+00 -3.3154883850e+00  2.8204747151e+00  2.9245163316e+00 -7.4389109492e-01  2.6168628605e-01  8.1003752421e-01 -5.1512350849e+00  1.4166972183e+00  2.3644791587e+00 -2.4531333501e+00  1.9498750828e+00  2.2172047827e+00 -2.9944597885e+00  7.8031926165e-01  1.5751741063e+00 -2.0908321485e+00 -7.9757176644e-02  8.6463669445e-01 -5.4167916688e+00 -2.5469537042e-01 -4.3499670297e-01 -1.0927410526e+00 -2.9473499567e+00  1.1066419238e+00 -5.1034570729e+00 -5.7373088621e-01  1.0231352448e+00 -1.7380875625e+00 -2.2966021959e+00 -1.0771968632e-01 -4.3699774691e+00  5.6024870809e-01  1.6893101384e+00 -2.5933304850e+00 -1.1641309219e+00  2.2756326361e-01  8.3211797730e-01  1.6202476413e+00  1.3772397713e+00 -5.3550729791e+00  3.2035607158e+00  3.5332552999e+00 -6.9236843695e-01  3.1266472678e+00  2.6486622763e+00 -2.8936006499e+00  3.6989845489e+00  3.4045724833e+00 -6.5564040254e-02 -3.6993479224e-01  2.4976213831e-01 -6.2063749136e+00  1.1722752718e+00  2.3914527159e+00 -6.0392138879e+00  6.4133187930e-01 -5.1865500049e-01 -5.9692735155e+00 -1.0934215452e+00 -8.6794652893e-01 -4.5045552742e+00 -1.1277397055e-01 -1.0163189176e+00 -3.9473006075e-01 -2.2864701792e+00  1.6244705495e+00 -1.8534647297e+00 -3.2765506114e+00  1.8205375685e+00 -5.3523251719e-01 -3.8292294412e+00  7.7638046882e-01 -4.5066709855e+00 -1.4717344677e+00  1.1254591397e+00 -6.0193840005e+00 -7.0839157831e-01  1.5987217512e+00 -2.4267035623e+00 -2.9828754233e+00 -6.0173536390e-01 -9.9963403834e-01 -1.9779385277e+00 -8.5053676379e-01
ENERGY -6.348915937325e+02

JOB 16
COORDS -2.3312826086e-01  1.3972994088e+00  1.5287067990e+00 -4.6884409085e+00  2.6693715475e+00  2.9161304176e+00 -1.0784797489e+00  2.2800054767e+00  2.1570834459e+00 -3.3356350413e+00  2.9169593695e+00  2.8531938091e+00 -7.4074497920e-01  2.2075681191e-01  9.4585967332e-01 -5.1706158580e+00  1.4973427438e+00  2.3336867749e+00 -2.4665503627e+00  2.0029208774e+00  2.2118999901e+00 -3.0037916698e+00  8.0429684774e-01  1.6231532965e+00 -2.0930198925e+00 -1.0193849220e-01  9.7813543399e-01 -5.4007840864e+00 -3.2900844829e-01 -3.6951528715e-01 -1.0601253816e+00 -3.0816523063e+00  9.3632183715e-01 -5.1136545562e+00 -5.6600032014e-01  1.1094263033e+00 -1.7273285489e+00 -2.2421573553e+00 -1.4324231314e-01 -4.3828746870e+00  5.9981465694e-01  1.7220689376e+00 -2.6018859335e+00 -1.2184070619e+00  4.0858360373e-01  8.3272792532e-01  1.5960467258e+00  1.4745203723e+00 -5.3836629785e+00  3.3467609102e+00  3.3987641766e+00 -7.0561058296e-01  3.1911195368e+00  2.6138300196e+00 -2.9158708575e+00  3.8168131261e+00  3.2939365605e+00 -4.7063231868e-02 -4.5060180065e-01  4.5689294755e-01 -6.2277805523e+00  1.2613985035e+00  2.3536163964e+00 -6.0141654152e+00  5.6532456462e-01 -5.1512571327e-01 -5.9532053467e+00 -1.1869920506e+00 -7.6304255246e-01 -4.4780250249e+00 -2.2602664408e-01 -9.4252820422e-01 -3.8210021910e-01 -2.4996248140e+00  1.5650269543e+00 -1.8123616053e+00 -3.5475393767e+00  1.5787352161e+00 -4.7893257881e-01 -3.8778366360e+00  4.6090986451e-01 -4.5263993578e+00 -1.4609264940e+00  1.2744892665e+00 -6.0403226179e+00 -6.6111935744e-01  1.6755235222e+00 -2.4062685740e+00 -2.8487498425e+00 -7.4404338185e-01 -1.0094141928e+00 -1.7761642278e+00 -8.2479279979e-01
ENERGY -6.348924583535e+02

JOB 17
COORDS -2.4018711354e-01  1.4199389620e+00  1.6129944184e+00 -4.7284155974e+00  2.7472462115e+00  2.8327014574e+00 -1.1029322165e+00  2.3367397086e+00  2.1641825118e+00 -3.3759172962e+00  2.9993425848e+00  2.7809474922e+00 -7.3053180737e-01  2.0583481411e-01  1.0958575212e+00 -5.1950869665e+00  1.5428996480e+00  2.3060503009e+00 -2.4906311935e+00  2.0557944747e+00  2.2082110124e+00 -3.0113588991e+00  8.2313790038e-01  1.6782051978e+00 -2.0836980580e+00 -1.1580574364e-01  1.1080958209e+00 -5.3454984374e+00 -4.2864224156e-01 -3.0604393507e-01 -1.0332147875e+00 -3.1960922286e+00  7.5704305698e-01 -5.1037111018e+00 -5.8139392812e-01  1.1920159917e+00 -1.7261729861e+00 -2.1848696363e+00 -1.4314234871e-01 -4.3915418398e+00  6.1800316696e-01  1.7593229653e+00 -2.5730067210e+00 -1.2766778882e+00  6.1679670631e-01  8.2672673504e-01  1.6170686332e+00  1.5765692177e+00 -5.4355492591e+00  3.4460716577e+00  3.2648138436e+00 -7.4330317822e-01  3.2756595549e+00  2.5726729190e+00 -2.9688686568e+00  3.9245646565e+00  3.1790527419e+00 -2.0945393081e-02 -5.0162918059e-01  6.8699637689e-01 -6.2515947324e+00  1.3034830510e+00  2.3178267301e+00 -5.9606275185e+00  4.5050649097e-01 -5.2027114185e-01 -5.8780898606e+00 -1.3120748692e+00 -6.6937569890e-01 -4.4060334026e+00 -3.4680232861e-01 -8.5497296416e-01 -3.3582661373e-01 -2.7236257208e+00  1.4540078285e+00 -1.7696106318e+00 -3.7596885726e+00  1.3358951861e+00 -4.7026946514e-01 -3.9030141942e+00  1.3964013862e-01 -4.5230903638e+00 -1.4652995603e+00  1.4261749053e+00 -6.0479865415e+00 -6.4490489243e-01  1.7328182164e+00 -2.4271085245e+00 -2.6835742520e+00 -8.1513687079e-01 -1.0303586907e+00 -1.6071186163e+00 -7.5726717992e-01
ENERGY -6.348921503213e+02

JOB 18
COORDS -2.3502533276e-01  1.4561543001e+00  1.6773522902e+00 -4.7508359260e+00  2.8091080191e+00  2.7658158439e+00 -1.1134907281e+00  2.3958870188e+00  2.1627685630e+00 -3.3998525564e+00  3.0706974421e+00  2.7179756419e+00 -7.1048000789e-01  2.1229140038e-01  1.2217724648e+00 -5.2018021201e+00  1.5776540205e+00  2.2901922591e+00 -2.4998573984e+00  2.1080398489e+00  2.2028171246e+00 -3.0047765841e+00  8.4674233061e-01  1.7271529362e+00 -2.0628855806e+00 -1.1280517210e-01  1.2222904945e+00 -5.2808738736e+00 -5.1069755194e-01 -2.3932870803e-01 -1.0907019776e+00 -3.2949909573e+00  5.8864687164e-01 -5.0759561794e+00 -5.9349766079e-01  1.2698052878e+00 -1.7471243247e+00 -2.1267949490e+00 -1.2706231829e-01 -4.3844564298e+00  6.3501505235e-01  1.7974361629e+00 -2.5224608224e+00 -1.3142062520e+00  8.0395406452e-01  8.3156963412e-01  1.6567825460e+00  1.6528013690e+00 -5.4688116197e+00  3.5214118388e+00  3.1559773399e+00 -7.6592442503e-01  3.3574419833e+00  2.5267146279e+00 -3.0056498718e+00  4.0175252636e+00  3.0762572754e+00  7.0900593634e-03 -5.2327470035e-01  8.7894719626e-01 -6.2567277953e+00  1.3310601218e+00  2.2987739562e+00 -5.9043635526e+00  3.4719727638e-01 -5.0826875183e-01 -5.7881336685e+00 -1.4184584434e+00 -5.7796804963e-01 -4.3291902290e+00 -4.3384991761e-01 -7.6775033458e-01 -3.4906428268e-01 -2.9614903529e+00  1.3202851215e+00 -1.8412949641e+00 -3.8964383837e+00  1.1079949318e+00 -5.8681155162e-01 -3.9334513906e+00 -1.4371059031e-01 -4.4962892050e+00 -1.4620314714e+00  1.5581402695e+00 -6.0335393473e+00 -6.3828597523e-01  1.7886478016e+00 -2.4856328363e+00 -2.4828440743e+00 -8.4954429229e-01 -1.0340261971e+00 -1.4947307591e+00 -6.6090931559e-01
ENERGY -6.348910645154e+02

JOB 19
COORDS -2.2259885715e-01  1.5178574429e+00  1.7128429469e+00 -4.7737176079e+00  2.8287815766e+00  2.7060659225e+00 -1.1235713184e+00  2.4595156647e+00  2.1521783707e+00 -3.4270097637e+00  3.1127065790e+00  2.6610603084e+00 -6.7324306747e-01  2.5202774038e-01  1.2949707203e+00 -5.1980959050e+00  1.5742367039e+00  2.2677341253e+00 -2.5053585031e+00  2.1499393188e+00  2.1860896123e+00 -2.9836310209e+00  8.6521034702e-01  1.7459079851e+00 -2.0205530263e+00 -9.3195082899e-02  1.2831047699e+00 -5.2229828812e+00 -5.8943519404e-01 -1.9235387046e-01 -1.2335952882e+00 -3.3937126068e+00  4.5869727491e-01 -5.0230907406e+00 -6.2623710983e-01  1.3192344390e+00 -1.7334845236e+00 -2.0821071878e+00 -1.1823499072e-01 -4.3598896904e+00  6.3121541534e-01  1.8124523150e+00 -2.4430091464e+00 -1.3243039132e+00  9.1007012923e-01  8.4114940290e-01  1.7339687119e+00  1.6989924425e+00 -5.5076516680e+00  3.5402782888e+00  3.0669030274e+00 -7.9662825654e-01  3.4386233226e+00  2.4874509008e+00 -3.0529539771e+00  4.0775007277e+00  2.9919944620e+00  5.8471529992e-02 -4.8893213834e-01  9.9399196017e-01 -6.2483855927e+00  1.3083475379e+00  2.2765141722e+00 -5.8626559522e+00  2.4762877911e-01 -4.8756128230e-01 -5.7089426574e+00 -1.5164481305e+00 -5.0920743762e-01 -4.2710893152e+00 -5.0459968471e-01 -7.1927907226e-01 -4.9210108837e-01 -3.2282000699e+00  1.2456988270e+00 -2.0614861755e+00 -3.9711686004e+00  8.7840278031e-01 -7.6908288757e-01 -3.9877902149e+00 -3.3443567888e-01 -4.4252454063e+00 -1.4731822020e+00  1.6332472274e+00 -5.9816955589e+00 -6.7722567313e-01  1.8357533924e+00 -2.4747920173e+00 -2.2575447169e+00 -9.0313022802e-01 -9.3222172890e-01 -1.4753777244e+00 -5.4328613384e-01
ENERGY -6.348896905778e+02

JOB 20
COORDS -2.1168277196e-01  1.8117372082e+00  1.2471120946e+00 -4.6556254041e+00  2.5639780797e+00  3.0088486631e+00 -1.0997912209e+00  2.5911946798e+00  1.9503093469e+00 -3.3517771926e+00  2.9695826892e+00  2.8316028258e+00 -6.2584710104e-01  5.7685013553e-01  7.1385453052e-01 -5.0438602599e+00  1.3363582832e+00  2.4719535330e+00 -2.4360252191e+00  2.1542746966e+00  2.1253987891e+00 -2.8741645407e+00  8.8991180398e-01  1.5940683568e+00 -1.9156536308e+00  8.6185088767e-02  8.8930555322e-01 -5.2324691023e+00 -5.3066080059e-01 -2.2251982255e-01 -1.9790078585e+00 -3.4689591188e+00  6.9027327507e-01 -4.8415959836e+00 -7.1592354705e-01  1.2398819004e+00 -1.3474396068e+00 -2.1838127250e+00  1.8636176352e-01 -4.2078411091e+00  5.2841461706e-01  1.8026487533e+00 -2.3081693772e+00 -1.1011211357e+00  3.7301615098e-01  8.0958131328e-01  2.1433132624e+00  1.0872724049e+00 -5.3843445818e+00  3.1624692744e+00  3.5435067649e+00 -8.0153655558e-01  3.5471583079e+00  2.3687678908e+00 -3.0083322218e+00  3.9206375325e+00  3.2288363618e+00  7.9999536256e-02 -5.7292228365e-03  1.3334463296e-01 -6.0621606260e+00  9.8139185006e-01  2.5757360990e+00 -5.9441998448e+00  2.9195426943e-01 -3.4054635656e-01 -5.7114393759e+00 -1.4478034180e+00 -5.7689177919e-01 -4.3588717247e+00 -3.4157832182e-01 -8.4805037807e-01 -2.1917167929e+00 -3.4049248717e+00  1.7613733627e+00 -2.9049773023e+00 -3.6938522832e+00  1.5332045859e-01 -1.2860710147e+00 -4.3005728410e+00  5.2957489818e-01 -4.1528459324e+00 -1.5401968732e+00  1.3759921124e+00 -5.7200982762e+00 -9.0281743611e-01  1.8576448615e+00 -1.1040128094e+00 -2.2284255634e+00 -8.7874474938e-01 -4.3856288856e-01 -1.9617954955e+00  7.5061450900e-01
ENERGY -6.348908203962e+02

JOB 21
COORDS -2.0490249069e-01  1.8065990466e+00  1.2742155405e+00 -4.6706453416e+00  2.6456651156e+00  2.9370410165e+00 -1.1016262659e+00  2.6207903916e+00  1.9241905184e+00 -3.3641582868e+00  3.0416149081e+00  2.7571582435e+00 -6.1233090678e-01  5.4671252145e-01  7.9588197896e-01 -5.0538253752e+00  1.3936668892e+00  2.4559512337e+00 -2.4407083803e+00  2.1931555351e+00  2.1020558939e+00 -2.8740596480e+00  9.0606794208e-01  1.6253197569e+00 -1.9070640765e+00  6.9349583086e-02  9.7093773096e-01 -5.2232962715e+00 -6.0601068171e-01 -1.3872887680e-01 -1.9730947488e+00 -3.5171535654e+00  4.7064078688e-01 -4.8379901002e+00 -7.1783508440e-01  1.3326278466e+00 -1.3136491635e+00 -2.1729334667e+00  2.2682341228e-01 -4.2100324432e+00  5.5470870036e-01  1.8361915443e+00 -2.3003125848e+00 -1.1411364844e+00  5.1376410894e-01  8.2008726881e-01  2.1274595301e+00  1.1163901598e+00 -5.4050555322e+00  3.2694490889e+00  3.4336561005e+00 -8.0782496977e-01  3.5955559576e+00  2.3002088657e+00 -3.0242865643e+00  4.0099457200e+00  3.1136047359e+00  1.0539110486e-01 -6.5022393969e-02  2.6302474612e-01 -6.0731953676e+00  1.0435747158e+00  2.5657317898e+00 -5.9382707025e+00  2.0639181105e-01 -2.9999228316e-01 -5.6963700881e+00 -1.5416816049e+00 -4.4994044290e-01 -4.3478488783e+00 -4.4289786090e-01 -7.6897328979e-01 -2.2670451568e+00 -3.6222973426e+00  1.5187671520e+00 -2.8548722981e+00 -3.6463248859e+00 -1.6324450334e-01 -1.2649993069e+00 -4.3163336861e+00  2.3243398929e-01 -4.1477085119e+00 -1.5325976865e+00  1.5126197110e+00 -5.7187617117e+00 -8.7631114350e-01  1.9550460913e+00 -9.8179220800e-01 -2.0539802880e+00 -8.0956255965e-01 -4.5741784564e-01 -2.0414515768e+00  8.9465465931e-01
ENERGY -6.348925588502e+02

JOB 22
COORDS -1.9444416671e-01  1.7941840947e+00  1.3099131059e+00 -4.6867454265e+00  2.7182083044e+00  2.8506412023e+00 -1.1017730950e+00  2.6434934779e+00  1.8963722212e+00 -3.3776929314e+00  3.1053450044e+00  2.6703574051e+00 -5.9262700081e-01  5.0874471910e-01  8.9443256236e-01 -5.0607159780e+00  1.4416690808e+00  2.4311076282e+00 -2.4436949565e+00  2.2247297417e+00  2.0753918332e+00 -2.8687873845e+00  9.1418590384e-01  1.6599866522e+00 -1.8922307194e+00  4.4144392095e-02  1.0646281252e+00 -5.1960756506e+00 -6.9808499447e-01 -4.9830845045e-02 -1.9754080255e+00 -3.5232649893e+00  2.4982909446e-01 -4.8259727085e+00 -7.2842147723e-01  1.4293022998e+00 -1.2923096905e+00 -2.1694215009e+00  2.6320712543e-01 -4.2071094835e+00  5.7198683507e-01  1.8695244619e+00 -2.2836724303e+00 -1.1894698301e+00  6.7313120893e-01  8.3464335399e-01  2.1042992416e+00  1.1573528592e+00 -5.4291032351e+00  3.3662291808e+00  3.3024086981e+00 -8.1389962632e-01  3.6373442148e+00  2.2238224848e+00 -3.0435438863e+00  4.0912656548e+00  2.9810264333e+00  1.3998801399e-01 -1.3327292984e-01  4.2204486807e-01 -6.0810635934e+00  1.0957645903e+00  2.5446854579e+00 -5.9135443902e+00  1.0023225470e-01 -2.6227831569e-01 -5.6606442749e+00 -1.6519234221e+00 -3.1534591310e-01 -4.3146870086e+00 -5.6306420086e-01 -6.7850261379e-01 -2.3267126466e+00 -3.7929104636e+00  1.2495987414e+00 -2.8232187800e+00 -3.5302015716e+00 -4.4083644448e-01 -1.2628307743e+00 -4.2850919213e+00 -7.9068772607e-02 -4.1355111412e+00 -1.5299462494e+00  1.6611063591e+00 -5.7129421496e+00 -8.5604869687e-01  2.0499279476e+00 -9.1359370671e-01 -1.8909801452e+00 -7.2617361196e-01 -4.6538646312e-01 -2.1577809294e+00  9.8070147719e-01
ENERGY -6.348939904300e+02

JOB 23
COORDS -1.7541774560e-01  1.7797036065e+00  1.3573562129e+00 -4.7001070366e+00  2.7701337603e+00  2.7549072131e+00 -1.0978301490e+00  2.6591388383e+00  1.8708904213e+00 -3.3895040104e+00  3.1527754720e+00  2.5759106393e+00 -5.5983782209e-01  4.6945198143e-01  1.0114212322e+00 -5.0612771892e+00  1.4699661447e+00  2.4023303548e+00 -2.4413230342e+00  2.2446692298e+00  2.0486795168e+00 -2.8536491325e+00  9.1094565717e-01  1.7001837947e+00 -1.8634028442e+00  1.2934649179e-02  1.1720147006e+00 -5.1503848048e+00 -8.0515121690e-01  4.6968641132e-02 -2.0038185840e+00 -3.4804531489e+00  4.5582546657e-02 -4.7998756191e+00 -7.5191880730e-01  1.5302078128e+00 -1.2771248346e+00 -2.1735839911e+00  2.9647157104e-01 -4.1940529890e+00  5.7463685617e-01  1.9054760705e+00 -2.2446721395e+00 -1.2438824027e+00  8.5041031462e-01  8.5704099508e-01  2.0828487100e+00  1.2138738731e+00 -5.4528385136e+00  3.4389060054e+00  3.1564913791e+00 -8.2002901590e-01  3.6717985555e+00  2.1450745839e+00 -3.0647292066e+00  4.1561469965e+00  2.8366165880e+00  1.9001961739e-01 -2.0062193124e-01  6.1120703066e-01 -6.0818336302e+00  1.1253916084e+00  2.5181842731e+00 -5.8720651242e+00 -2.6549556232e-02 -2.1796128002e-01 -5.6022463003e+00 -1.7764724529e+00 -1.7308796671e-01 -4.2618259864e+00 -6.9424785548e-01 -5.7634136261e-01 -2.3970663434e+00 -3.8956465792e+00  9.7758568542e-01 -2.8282350900e+00 -3.3414566908e+00 -6.5901063900e-01 -1.3065753925e+00 -4.2056938900e+00 -3.8334584307e-01 -4.1087023609e+00 -1.5354045197e+00  1.8155327098e+00 -5.6946274709e+00 -8.5042495351e-01  2.1449355307e+00 -8.7619557197e-01 -1.7526021615e+00 -6.3214470430e-01 -4.6027362576e-01 -2.3027406316e+00  1.0147492545e+00
ENERGY -6.348945857663e+02

