JOB 0
COORDS  1.5077339694e+00 -1.4860456994e+00 -4.0434059238e-01 -9.3866493965e-01 -1.3353960305e+00 -9.4644065783e-02  3.9167337265e+00 -1.4237162089e-01  2.0770501112e+00  2.8643444278e+00 -1.2068939982e+00  2.3787279730e-01  4.3228610336e-01 -1.1375167296e+00  3.4689723890e-01  1.4551260298e+00 -1.9801873573e+00 -1.5312151957e+00  2.7250621081e+00 -7.2754749956e-01  1.5692157401e+00 -1.4773048786e+00 -2.0013797638e+00  5.8859564059e-01 -9.1036440728e-01 -1.7894924459e+00 -1.0856843091e+00 -1.4731649674e+00 -3.8070355866e-01 -1.5490721263e-01  3.7007704983e+00  1.9555847852e-01  3.0927965965e+00  4.2279664760e+00  7.1749070377e-01  1.4665800626e+00  4.7382078273e+00 -8.7219925217e-01  2.1076363534e+00  3.3751712563e+00 -4.6676270282e-01 -3.9450242538e-01  3.4512490201e+00 -2.1346211561e+00  2.0849876406e-01  6.2702444093e-01 -7.5408753429e-01  1.2639269934e+00
ENERGY -3.631151658000e+02

JOB 1
COORDS  2.0434781685e+00 -1.3788519888e+00 -7.6630316764e-01 -4.1023385858e-01 -1.2178275134e+00 -5.2287149708e-01  4.2290109492e+00 -6.8530774822e-01  2.1018316424e+00  3.3704396610e+00 -1.3802474491e+00 -8.4933878774e-03  9.4155447296e-01 -1.2290692071e+00  1.1710927746e-02  2.0373340763e+00 -1.4957942878e+00 -1.9923651041e+00  3.1775163719e+00 -1.3387738680e+00  1.4016957477e+00 -9.3462391509e-01 -3.0042397966e-01 -2.3408843482e-01 -9.8310260374e-01 -2.0815481205e+00 -1.6647349761e-01 -3.4205720464e-01 -1.2627745914e+00 -1.6103349893e+00  3.9656638093e+00 -7.0224611687e-01  3.1616769854e+00  4.3382036745e+00  3.5758022332e-01  1.7716176445e+00  5.1872769425e+00 -1.2050940343e+00  1.9631148672e+00  3.9336088748e+00 -5.0366820939e-01 -3.5549160742e-01  3.9308580825e+00 -2.2764240907e+00 -3.0322381125e-01  1.1024973807e+00 -1.1690433414e+00  1.0100363144e+00
ENERGY -3.631143825175e+02

JOB 2
COORDS  2.0746621110e+00 -1.3811354138e+00 -7.5717438867e-01 -3.6978321194e-01 -1.1593530815e+00 -4.7324607935e-01  4.1571920522e+00 -6.3351314863e-01  2.0897816997e+00  3.4095011573e+00 -1.4827260629e+00 -1.6948025573e-02  9.8663656899e-01 -1.2442873995e+00  4.2494338907e-02  2.0516081761e+00 -1.4175793487e+00 -1.9879905088e+00  3.2476221547e+00 -1.4835967911e+00  1.4000398490e+00 -8.6524561339e-01 -2.4995672431e-01 -1.1629690268e-01 -9.6296896245e-01 -2.0295378615e+00 -1.6962443240e-01 -3.1421683583e-01 -1.1318197179e+00 -1.5620659179e+00  3.9106331907e+00 -6.9983209724e-01  3.1518698546e+00  4.0571587014e+00  4.1029752026e-01  1.7600564041e+00  5.1972105878e+00 -9.5623658325e-01  1.9444669488e+00  4.0207320655e+00 -6.3503106384e-01 -3.4878344790e-01  3.9082667249e+00 -2.4023861679e+00 -3.4482767218e-01  1.1614805183e+00 -1.2629543873e+00  1.0402757325e+00
ENERGY -3.631136071801e+02

JOB 3
COORDS  2.1226428316e+00 -1.3855188188e+00 -7.3915818744e-01 -3.1355959389e-01 -1.1210734880e+00 -4.1753268524e-01  4.0715379178e+00 -5.8394004807e-01  2.0683423996e+00  3.4581715841e+00 -1.5848258534e+00 -1.7226849326e-02  1.0453660031e+00 -1.2654363480e+00  7.8480935840e-02  2.0882966087e+00 -1.3451449925e+00 -1.9694473003e+00  3.3308230019e+00 -1.6031057324e+00  1.4039622911e+00 -7.8964410918e-01 -2.3106090041e-01  7.7435528011e-03 -9.2024897253e-01 -2.0002378393e+00 -1.7156293324e-01 -2.6586714829e-01 -1.0174580697e+00 -1.5021434266e+00  3.8608854701e+00 -6.8366673694e-01  3.1355796741e+00  3.7680640100e+00  4.1796572962e-01  1.7331835918e+00  5.1509208897e+00 -7.0455028817e-01  1.9050098515e+00  4.1323626692e+00 -7.9052538027e-01 -3.5530272352e-01  3.8754619495e+00 -2.5401698907e+00 -3.5393804742e-01  1.2261235671e+00 -1.3699492223e+00  1.0699683938e+00
ENERGY -3.631134412899e+02

JOB 4
COORDS  1.8329747988e+00 -3.3697653563e-01  3.1485112406e-01  1.2583376196e+00 -2.2855891972e+00 -1.0927171396e+00  4.9165114608e+00 -6.2294210729e-01  1.6842935487e+00  2.9912527312e+00  5.1283539982e-01  8.4805027967e-01  2.2107938094e+00 -1.4048528931e+00 -4.3562972170e-01  6.6896481506e-01 -2.6278932153e-02  5.6838075769e-01  4.2800563620e+00 -2.3370584432e-02  5.5847940030e-01  1.5068334282e+00 -3.3336384610e+00 -8.9684445924e-01  1.2426454384e+00 -2.1201783420e+00 -2.1765136398e+00  2.6748321005e-01 -2.0699640808e+00 -6.9123825033e-01  5.8710663053e+00 -1.0219242362e+00  1.3338463553e+00  4.3137205768e+00 -1.4424707475e+00  2.1006806333e+00  5.1054703155e+00  1.1830448896e-01  2.4722499641e+00  2.8363880765e+00  6.5429838566e-01  1.9230036465e+00  2.9178982000e+00  1.4955411939e+00  3.7053575437e-01  3.2036378014e+00 -1.4922229565e+00 -6.1790465338e-01
ENERGY -3.631140648010e+02

JOB 5
COORDS  1.8497248833e+00 -3.5541689939e-01  3.4680487905e-01  1.3049354574e+00 -2.3292572679e+00 -1.0400543056e+00  4.7992198473e+00 -7.1625477450e-01  1.6415406892e+00  2.9876428179e+00  5.6940758557e-01  7.9649497516e-01  2.2420500692e+00 -1.3911097779e+00 -4.4250878589e-01  6.8777282129e-01 -1.2449915579e-01  6.8072643649e-01  4.2922982221e+00  5.4980013937e-02  5.5381471037e-01  1.6309898221e+00 -3.3601056714e+00 -8.6806451262e-01  1.2058517209e+00 -2.1625213423e+00 -2.1191487121e+00  3.3195253304e-01 -2.1768913205e+00 -5.7154650846e-01  5.7803061328e+00 -1.0874917670e+00  1.3372929600e+00  4.1452200870e+00 -1.5683494795e+00  1.8739858264e+00  4.9114337958e+00 -9.7036593539e-02  2.5417513080e+00  2.8300705419e+00  8.0774669354e-01  1.8546603705e+00  2.8965027510e+00  1.4997544661e+00  2.2712356175e-01  3.2230410303e+00 -1.4164648199e+00 -6.9444682777e-01
ENERGY -3.631149187009e+02

JOB 6
COORDS  1.9330948458e+00 -3.0410975652e-01  4.3522075654e-01  1.3403541048e+00 -2.2740957327e+00 -9.4382420638e-01  4.7420728446e+00 -7.9362400836e-01  1.6389864820e+00  3.0728888080e+00  6.6249133992e-01  7.8622961292e-01  2.2854657346e+00 -1.2961000317e+00 -4.2804521403e-01  8.0152785200e-01 -1.3819096794e-01  8.8892784172e-01  4.3794685257e+00  1.2956798564e-01  6.1268128579e-01  1.7154263337e+00 -3.2917802928e+00 -7.9304914634e-01  1.1511408176e+00 -2.1193877293e+00 -2.0124273447e+00  4.0267024862e-01 -2.1528178196e+00 -4.0037164322e-01  5.7431831556e+00 -1.1569066685e+00  1.3973456007e+00  4.0482951770e+00 -1.6434259527e+00  1.6873761816e+00  4.7642699539e+00 -2.9769601227e-01  2.6191905171e+00  2.9073228517e+00  1.0049157379e+00  1.8151500270e+00  2.9978071856e+00  1.5294024278e+00  1.2275129546e-01  3.2435178219e+00 -1.2911819104e+00 -7.5741379349e-01
ENERGY -3.631147936616e+02

JOB 7
COORDS  2.2293004589e+00 -3.1408872321e-03  6.9532605109e-01  1.4018652371e+00 -1.9486300684e+00 -6.0175049118e-01  4.9346613199e+00 -7.2291116759e-01  1.6915044302e+00  3.4299875510e+00  9.3749127133e-01  8.7846666288e-01  2.4168196470e+00 -9.6746016056e-01 -2.5000942244e-01  1.1890336343e+00  1.5561161947e-01  1.3315343032e+00  4.7060820266e+00  3.2307012254e-01  7.4762975714e-01  1.7852990640e+00 -2.9677166314e+00 -4.8159787077e-01  1.0643811958e+00 -1.8155579540e+00 -1.6358569903e+00  5.5262420961e-01 -1.8044524880e+00  6.6961320085e-02  5.9433986730e+00 -1.0963685254e+00  1.5034252092e+00  4.2157844962e+00 -1.5438856724e+00  1.5801869575e+00  4.8769486632e+00 -3.4129767762e-01  2.7206928953e+00  3.3132306795e+00  1.4043638799e+00  1.8648075636e+00  3.3870910264e+00  1.7211656006e+00  1.1624839225e-01  3.3212161279e+00 -9.9278407717e-01 -7.0560337588e-01
ENERGY -3.631128082322e+02

JOB 8
COORDS  2.2992959665e+00 -1.6997295102e-01  7.1053304895e-01  1.5043616223e+00 -2.1138025890e+00 -6.0502796956e-01  4.9845203322e+00 -7.6680315302e-01  1.5097339212e+00  3.4044047192e+00  8.9431318480e-01  7.9765974739e-01  2.4040875222e+00 -9.9265073113e-01 -3.7472112238e-01  1.3904146307e+00 -2.3373192240e-01  1.5353002758e+00  4.7363081953e+00  3.9166517775e-01  7.1466828416e-01  1.9202650998e+00 -3.0561802351e+00 -2.2693283366e-01  1.3040785935e+00 -2.2172164848e+00 -1.6752056888e+00  5.6901368765e-01 -1.9129485330e+00 -8.1733756166e-02  6.0490162207e+00 -9.8683874497e-01  1.4058494104e+00  4.4021706323e+00 -1.6333304239e+00  1.1742262505e+00  4.7563837274e+00 -5.7981370142e-01  2.5684622199e+00  3.2471241968e+00  1.4141099641e+00  1.7509072044e+00  3.2994362653e+00  1.6135450811e+00 -1.9969114775e-02  3.2385757129e+00 -9.0502727633e-01 -9.4188565124e-01
ENERGY -3.631092056607e+02

JOB 9
COORDS  2.2621019878e+00 -2.3252604289e-01  7.6812656192e-01  1.3699524732e+00 -2.1372019157e+00 -5.4250499788e-01  4.8462008954e+00 -8.7339020760e-01  1.6089790323e+00  3.3519041412e+00  8.4958125218e-01  7.9391391177e-01  2.2466097016e+00 -9.8659869826e-01 -3.7276375085e-01  1.4726981789e+00 -3.8842838103e-01  1.6970408363e+00  4.6894401371e+00  3.5594604885e-01  9.0327008304e-01  1.8754666383e+00 -3.0767851632e+00 -2.8655397339e-01  1.0198152362e+00 -2.1906700928e+00 -1.5772083832e+00  5.1417059949e-01 -2.0118284556e+00  1.2134104525e-01  5.9219526119e+00 -1.0536539509e+00  1.6625471854e+00  4.3686394782e+00 -1.7131111923e+00  1.0886911649e+00  4.4387466950e+00 -8.1308606813e-01  2.6269240849e+00  3.1173303827e+00  1.4885683405e+00  1.6532346713e+00  3.3219545184e+00  1.4539443105e+00 -1.1828712924e-01  2.9984701244e+00 -8.4625807811e-01 -1.0358501942e+00
ENERGY -3.631052531053e+02

JOB 10
COORDS  2.4164622650e+00 -2.0688164760e-01  7.1928629014e-01  1.4153160834e+00 -2.0637903405e+00 -5.7942456820e-01  4.9647083842e+00 -7.1697444312e-01  1.6446189946e+00  3.4452217885e+00  9.3041280569e-01  6.7617214700e-01  2.2731085995e+00 -8.9311518698e-01 -4.5494367935e-01  1.7821205083e+00 -4.7304314643e-01  1.7385060696e+00  4.7841368014e+00  5.4634489871e-01  1.0075607295e+00  1.9804968414e+00 -2.9961368346e+00 -4.5871623430e-01  9.2625655216e-01 -2.0661492603e+00 -1.5575661515e+00  6.5799612394e-01 -2.0138508334e+00  2.0345007236e-01  6.0377535728e+00 -8.0260903131e-01  1.8294220337e+00  4.6480411507e+00 -1.5503588355e+00  1.0031391283e+00  4.4244093174e+00 -7.7921991749e-01  2.5966277181e+00  3.0967922364e+00  1.6797091961e+00  1.3956851677e+00  3.4860835358e+00  1.3889349609e+00 -3.1844543899e-01  2.8917158155e+00 -6.6081054469e-01 -1.2205161968e+00
ENERGY -3.631023649546e+02

JOB 11
COORDS  3.2929600440e+00 -9.1623798640e-01 -9.2395892784e-02  9.8568391848e-01 -1.7757518723e+00 -3.8293942936e-01  4.4453943835e+00 -5.9736998187e-01  2.4019752202e+00  4.1331261440e+00  3.4079074171e-01  1.6218881287e-01  1.9438829129e+00 -7.0158328107e-01 -1.6087264239e-01  3.8076508079e+00 -2.0247691639e+00 -2.3144300683e-01  4.7021766244e+00  4.4975407257e-01  1.4678746172e+00  2.8639631482e-01 -1.5062257701e+00 -1.1806221488e+00  4.1986259838e-01 -2.0009079065e+00  5.2861233245e-01  1.5441853796e+00 -2.6644598037e+00 -6.7786197140e-01  4.9162161654e+00 -2.7801922760e-01  3.3344380865e+00  4.8754507344e+00 -1.5509175395e+00  2.0787116593e+00  3.3692253719e+00 -7.3472802579e-01  2.5794581426e+00  3.5400357675e+00  1.2477457705e+00 -1.5716038312e-02  4.9498122450e+00  3.1627110437e-01 -5.6781706377e-01  1.5957561000e+00  2.3022146336e-01  1.8205145195e-02
ENERGY -3.631011573229e+02

JOB 12
COORDS  3.3023180134e+00 -9.1853419664e-01 -1.7730409427e-01  9.6718909064e-01 -1.7525641375e+00 -2.7669199961e-01  4.3137432587e+00 -6.2615305103e-01  2.3737275586e+00  4.1708085379e+00  3.0994714735e-01  1.2337958368e-01  1.9548026721e+00 -6.9703692879e-01 -9.9994788259e-02  3.7951328655e+00 -2.0107834416e+00 -4.5320806377e-01  4.5139002702e+00  4.8509832642e-01  1.5021254695e+00  1.9728971706e-01 -1.4424102264e+00 -9.9023686205e-01  4.8848390894e-01 -2.0155854409e+00  6.7396849107e-01  1.4842360066e+00 -2.6303615137e+00 -6.6492282713e-01  4.6531545695e+00 -2.9340270072e-01  3.3570935491e+00  4.8956779002e+00 -1.5022903636e+00  2.0640761292e+00  3.2551433300e+00 -9.1041892680e-01  2.4413675901e+00  3.6746833328e+00  1.2331447074e+00 -1.9747504667e-01  5.0877580665e+00  1.8118098844e-01 -4.6247077953e-01  1.6390268498e+00  2.2095654807e-01  1.8322399149e-01
ENERGY -3.631023612188e+02

JOB 13
COORDS  3.3231952024e+00 -9.1110678130e-01 -2.7048144695e-01  9.8278739989e-01 -1.7341158643e+00 -2.0916807245e-01  4.2128842550e+00 -5.7541732646e-01  2.3570085313e+00  4.2227002734e+00  2.8026920551e-01  9.0908488855e-02  1.9926447214e+00 -6.9982005835e-01 -3.4159232042e-02  3.7761860909e+00 -1.9537486422e+00 -7.3744187555e-01  4.3350725898e+00  5.5105145740e-01  1.4906403462e+00  1.2466118611e-01 -1.3405752001e+00 -7.6284565971e-01  6.3629555435e-01 -2.1266328122e+00  7.5455944932e-01  1.4336453503e+00 -2.5476357507e+00 -7.7790484770e-01  4.4063046247e+00 -2.0131914634e-01  3.3646217582e+00  4.9460843318e+00 -1.3561992388e+00  2.1147718776e+00  3.2080337885e+00 -1.0145135055e+00  2.3251342192e+00  3.8520882158e+00  1.2012642457e+00 -3.7033314038e-01  5.2093874660e+00  4.5149736354e-02 -3.2482264398e-01  1.7306497190e+00  1.6365096579e-01  4.2451882725e-01
ENERGY -3.631052414124e+02

JOB 14
COORDS  3.2899004516e+00 -9.5018300143e-01 -3.0804764104e-01  9.3574336547e-01 -1.7244138534e+00 -1.8027984802e-01  4.1802530962e+00 -5.7057617635e-01  2.3918304904e+00  4.2400521625e+00  1.8179927443e-01  1.1311351866e-01  1.9917867255e+00 -7.5452363637e-01  6.9601080880e-02  3.6802614768e+00 -1.9179044136e+00 -9.5735983068e-01  4.1898134611e+00  5.3713613502e-01  1.4926721741e+00  6.2044332093e-02 -1.2342557185e+00 -6.2147297871e-01  6.3038951413e-01 -2.2343091965e+00  7.4142665239e-01  1.3215288574e+00 -2.4653782798e+00 -8.8091446038e-01  4.2208697246e+00 -1.4792857531e-01  3.3978514713e+00  5.0554489469e+00 -1.2171841796e+00  2.2368502050e+00  3.2734944115e+00 -1.1788346557e+00  2.2914656820e+00  4.0062425462e+00  1.0936342597e+00 -4.4459173427e-01  5.2475675043e+00 -1.5362066283e-01 -1.6269079376e-01  1.7963101472e+00  4.9585140199e-02  6.5350814552e-01
ENERGY -3.631092096180e+02

JOB 15
COORDS  3.2620270986e+00 -9.7663193138e-01 -3.9395523741e-01  9.0489269800e-01 -1.7326398395e+00 -2.3245209545e-01  4.2179752519e+00 -5.6245609493e-01  2.3864409663e+00  4.2504436655e+00  9.3050941079e-02  9.5017263573e-02  2.0006060964e+00 -8.3680749826e-01  1.0433215811e-01  3.6005140388e+00 -1.8406680069e+00 -1.2007306197e+00  4.0766538625e+00  5.0235609587e-01  1.4464777798e+00  5.3781463257e-02 -1.1714705014e+00 -6.3255534368e-01  5.7406864093e-01 -2.3039035092e+00  6.4271539807e-01  1.2630314833e+00 -2.4264831618e+00 -9.9359907834e-01  4.0839587424e+00 -1.2273184123e-01  3.3769277430e+00  5.2194207909e+00 -1.0109361378e+00  2.3227141180e+00  3.4699412517e+00 -1.3501798707e+00  2.2337440553e+00  4.1331698901e+00  9.9310362064e-01 -5.1564943292e-01  5.2567310438e+00 -3.1236674604e-01 -7.0282706755e-02  1.8535961180e+00 -9.2284175411e-02  7.7535884510e-01
ENERGY -3.631128113317e+02

JOB 16
COORDS  1.6878645864e+00 -1.3075576078e+00 -3.8987828009e-01 -6.7781048897e-01 -1.4689154978e+00  3.2649797155e-01  3.3879083281e+00 -5.9976408309e-01  2.0976250627e+00  2.9729157494e+00 -4.8188949568e-01 -2.3664609916e-01  6.4649502659e-01 -8.6897511901e-01  3.6940721204e-01  1.6351474932e+00 -2.2550204197e+00 -1.1730568757e+00  3.0748771810e+00  2.3806160777e-01  9.8545749994e-01 -1.0076637127e+00 -1.7549474800e+00  1.3309160252e+00 -6.2132424211e-01 -2.3600370962e+00 -2.9960138946e-01 -1.4118675398e+00 -7.7925790212e-01 -1.0582227611e-01  3.4298556537e+00  4.6067859444e-02  2.9772414942e+00  4.3640642633e+00 -1.0844400551e+00  1.9581643523e+00  2.6261254830e+00 -1.3756353467e+00  2.2514863294e+00  2.9966057995e+00  2.6079909466e-01 -1.0398315596e+00  3.8199839577e+00 -1.1645105724e+00 -3.7706617714e-01  8.1748449124e-01 -5.3104554548e-02  9.4515247507e-01
ENERGY -3.631147925140e+02

JOB 17
COORDS  1.6178507659e+00 -1.3116592166e+00 -4.2657218717e-01 -7.4616798590e-01 -1.4693586380e+00  2.8482660160e-01  3.4678426929e+00 -5.2904157768e-01  2.1170907289e+00  2.9340892762e+00 -5.5796228175e-01 -1.9868370027e-01  6.0105932825e-01 -9.3231079074e-01  3.9302922877e-01  1.5314426016e+00 -2.1654088931e+00 -1.3089765856e+00  2.9715849135e+00  2.0739098286e-01  1.0007230921e+00 -1.0921054275e+00 -1.8456323250e+00  1.2533132572e+00 -7.2278800055e-01 -2.2913127823e+00 -4.3157557067e-01 -1.4494646605e+00 -7.0850561377e-01 -7.2990928348e-02  3.4204646215e+00  1.3585132541e-01  2.9822964824e+00  4.5103335948e+00 -8.3354079021e-01  1.9531285015e+00  2.8616460644e+00 -1.4243243448e+00  2.3142157904e+00  3.0584477679e+00  1.4114015331e-01 -1.0316498332e+00  3.7520655165e+00 -1.2858531394e+00 -2.4744492815e-01  7.9948695860e-01 -1.7076518492e-01  1.0310853387e+00
ENERGY -3.631149166546e+02

JOB 18
COORDS  1.6009329725e+00 -1.2972965443e+00 -4.6408324291e-01 -7.7510911698e-01 -1.4551875148e+00  2.0070365427e-01  3.5910394673e+00 -4.3764833075e-01  2.1372258987e+00  2.9353975194e+00 -6.1211922307e-01 -1.5092767435e-01  5.8433802017e-01 -9.6967093139e-01  3.7594026303e-01  1.5099405159e+00 -2.0677072202e+00 -1.4200909524e+00  2.9152930519e+00  1.7149221885e-01  1.0399434775e+00 -1.1440621513e+00 -1.9152593332e+00  1.1235044896e+00 -7.6481866387e-01 -2.2031067113e+00 -5.9299320330e-01 -1.4525599017e+00 -6.4287534260e-01 -8.7030865703e-02  3.4809383365e+00  2.3524345625e-01  2.9906185705e+00  4.6594926571e+00 -5.6865647042e-01  1.9196983836e+00  3.1546173428e+00 -1.4146065887e+00  2.3892498207e+00  3.1627825322e+00  5.3093292132e-02 -9.9035710027e-01  3.7102133266e+00 -1.3856874151e+00 -1.2119334809e-01  7.9429739638e-01 -2.6790810170e-01  1.0760046500e+00
ENERGY -3.631140642203e+02

JOB 19
COORDS  1.5518446957e+00 -1.2980579258e+00 -4.7131118732e-01 -8.3688202399e-01 -1.4384467431e+00  1.4563768458e-01  3.6978682573e+00 -3.8119114901e-01  2.1510559101e+00  2.9029640903e+00 -6.9000127736e-01 -8.4979762846e-02  5.2975140198e-01 -9.9628752523e-01  3.6992882572e-01  1.4584447906e+00 -1.9996542956e+00 -1.4790243727e+00  2.8473975072e+00  8.8639213051e-02  1.1095643328e+00 -1.2237647383e+00 -1.9647266451e+00  1.0248200443e+00 -8.3417221849e-01 -2.1193975850e+00 -7.0628040783e-01 -1.4950742563e+00 -5.9136893686e-01 -7.9546334100e-02  3.5375607455e+00  2.7353146802e-01  3.0106782249e+00  4.7546842438e+00 -3.3060121039e-01  1.8563466355e+00  3.4539760601e+00 -1.4147811925e+00  2.4347301208e+00  3.2274154352e+00 -5.3245869443e-02 -9.1529465828e-01  3.6184705123e+00 -1.5150249954e+00 -1.7573799901e-04  7.5178754264e-01 -3.6596261718e-01  1.1315245188e+00
ENERGY -3.631134417745e+02

JOB 20
COORDS  1.4838951361e+00 -1.3187039603e+00 -5.0920925889e-01 -9.1732081946e-01 -1.4468646167e+00  5.9051933287e-02  3.7636594718e+00 -3.3044395992e-01  2.1045018027e+00  2.8436168052e+00 -7.8387104442e-01 -5.5911054104e-02  4.5440834750e-01 -1.0519391440e+00  3.3416327815e-01  1.3931062141e+00 -1.9482269803e+00 -1.5637874310e+00  2.7566250401e+00 -2.2602934720e-02  1.1469328665e+00 -1.3252421159e+00 -2.0365804173e+00  8.8708381578e-01 -9.1687973975e-01 -2.0549752652e+00 -8.4624908791e-01 -1.5561776060e+00 -5.7087268516e-01 -1.0172203123e-01  3.5677923472e+00  2.8989136424e-01  2.9820412798e+00  4.7666353946e+00 -9.8695336580e-02  1.7208086741e+00  3.7279789305e+00 -1.3898022562e+00  2.3955924686e+00  3.2524241362e+00 -1.6950509498e-01 -8.6647308610e-01  3.5001584682e+00 -1.6535783037e+00  6.7334844236e-02  6.7765133813e-01 -4.8581249112e-01  1.1442135481e+00
ENERGY -3.631136080884e+02

JOB 21
COORDS  1.4725786493e+00 -1.3206036112e+00 -4.8484497488e-01 -9.4499373178e-01 -1.4174451185e+00  1.3570982398e-02  3.8471492002e+00 -2.7061245630e-01  2.1111302730e+00  2.8325727557e+00 -8.6122627646e-01  3.8817682745e-02  4.2710958417e-01 -1.0680613698e+00  3.4288347736e-01  1.3943717909e+00 -1.8843227254e+00 -1.5771003445e+00  2.7150552686e+00 -1.3905077838e-01  1.2603249843e+00 -1.3835563197e+00 -2.0470480725e+00  7.9536013290e-01 -9.3481622608e-01 -1.9703110754e+00 -9.2637458343e-01 -1.5629064314e+00 -5.2045678592e-01 -1.0836362085e-01  3.6379769013e+00  3.0917531997e-01  3.0127928596e+00  4.7553087858e+00  1.2430543226e-01  1.6347061141e+00  4.0172438068e+00 -1.3212555124e+00  2.3864654681e+00  3.3080676218e+00 -2.4877580331e-01 -7.3762319165e-01  3.4417110825e+00 -1.7651856772e+00  1.7256208625e-01  6.4285486375e-01 -5.7325978890e-01  1.2000903213e+00
ENERGY -3.631143812062e+02

JOB 22
COORDS  1.4579063792e+00 -1.3375313719e+00 -4.6406879293e-01 -9.7486521019e-01 -1.3830975007e+00 -4.4518633412e-02  3.9041321407e+00 -2.1916007274e-01  2.0916735873e+00  2.8163108239e+00 -9.5052137356e-01  1.1540149235e-01  3.9576477676e-01 -1.0955989714e+00  3.4575659713e-01  1.3935767712e+00 -1.8442614700e+00 -1.5847083475e+00  2.6828374966e+00 -2.9098233680e-01  1.3680083990e+00 -1.4577738682e+00 -2.0387855531e+00  6.8810891074e-01 -9.5082222601e-01 -1.8856618911e+00 -1.0120060418e+00 -1.5607478131e+00 -4.6140816895e-01 -1.3701839237e-01  3.6902315330e+00  2.9348458106e-01  3.0318844463e+00  4.6642506099e+00  3.4899827552e-01  1.5368677611e+00  4.2976448180e+00 -1.2230785576e+00  2.3067023763e+00  3.3289547754e+00 -3.1256749789e-01 -6.1678783682e-01  3.3988337563e+00 -1.8771340876e+00  2.1900877843e-01  5.9581408480e-01 -6.5074373441e-01  1.2334588539e+00
ENERGY -3.631151667681e+02

JOB 23
COORDS  1.5102132431e+00 -1.4091405198e+00 -4.1323842271e-01 -9.3670665473e-01 -1.3687159968e+00 -7.6143458344e-02  3.9528535554e+00 -1.6971878520e-01  2.1084334667e+00  2.8607699772e+00 -1.0716174465e+00  2.1216844502e-01  4.2885538401e-01 -1.1108011965e+00  3.5106383868e-01  1.4666459990e+00 -1.9158273937e+00 -1.5349575620e+00  2.7094520949e+00 -4.9439182039e-01  1.5018514294e+00 -1.4411392015e+00 -2.0507379116e+00  6.1732214618e-01 -8.9844440699e-01 -1.8295051689e+00 -1.0637320798e+00 -1.5107620277e+00 -4.3746127603e-01 -1.3902059541e-01  3.7307133777e+00  2.6303065344e-01  3.0860782449e+00  4.5094880308e+00  5.6273697370e-01  1.5063224767e+00  4.5758117649e+00 -1.0657826217e+00  2.2422030172e+00  3.3813683967e+00 -3.8452570646e-01 -4.6960863131e-01  3.4452781886e+00 -2.0013905635e+00  2.6120630592e-01  6.1376841657e-01 -6.9840901532e-01  1.2573974461e+00
ENERGY -3.631154723064e+02

