JOB 0
COORDS -2.4101241596e+00  9.3562790194e-01  2.5227104265e-01  3.2942917580e-01  1.2351360753e+00  1.4880817924e+00  1.1048797187e+00  1.7925093506e+00  3.4630313260e+00  1.4114784487e-01 -3.3132745617e-01 -4.8096526674e-01 -6.2405868454e-05  1.1036612353e+00  2.8887111875e-02 -3.2846248757e+00  2.7702101005e-01  6.6340271382e-01  1.2797930808e+00  1.9737855924e+00  1.9933110884e+00 -2.2190505510e-01  4.2095882006e-01  2.5198947487e+00 -3.1330850647e-01  1.5572000304e+00  3.5038723288e+00 -1.3682191748e+00  1.6296523176e+00 -2.4227633509e-01  1.8973205597e+00  1.9204364279e+00  4.3535550518e+00 -5.4500120738e-01 -1.0116011068e+00  3.1005021950e-02 -7.4956136814e-02 -3.6239412197e-01 -1.5515442161e+00  1.1618258860e+00 -6.8137118530e-01 -3.0995621646e-01  6.8510237677e-01  1.7621809664e+00 -5.0776482744e-01 -1.1894109944e+00  1.5103059441e-01  2.3039334438e+00 -5.2413927429e-01  1.1302561738e+00  4.4143714307e+00 -1.4554801476e+00  2.6348493588e+00 -1.1566827968e-01
ENERGY -5.437292321556e+02

JOB 1
COORDS -2.2767778262e+00  8.5237044580e-01  1.1366250755e-01  2.4815268926e-01  1.0101832293e+00  1.7478650083e+00  7.9303369404e-01  1.4688150640e+00  3.8012931838e+00  3.4318915385e-01 -4.2120355393e-01 -3.3682081833e-01  1.3902197068e-01  9.7739569513e-01  2.4634055365e-01 -3.2019317236e+00  1.8489055916e-01  3.7141238645e-01  1.0777068394e+00  1.7605191489e+00  2.4144197450e+00 -4.4340002433e-01  1.1311829112e-01  2.5846291768e+00 -5.5053479760e-01  9.6612496668e-01  3.7668285865e+00 -1.1666022924e+00  1.5471448908e+00 -1.9480551443e-01  1.4680047720e+00  1.6859489357e+00  4.7776278151e+00 -4.2184077855e-01 -1.1205857936e+00  1.1177349837e-02  2.9877387119e-01 -3.7337722673e-01 -1.4274274371e+00  1.3200498508e+00 -8.0545000119e-01 -3.3787398682e-02  9.0256284602e-01  1.6575495665e+00 -1.3432464979e-01 -1.3856901245e+00 -1.0161135913e-01  2.2436061305e+00 -7.0949644604e-01  3.7476516330e-01  4.5859479865e+00 -1.2557249424e+00  2.5475230961e+00 -3.5833240112e-02
ENERGY -5.437603080136e+02

JOB 2
COORDS -2.2774632430e+00  9.0084763452e-01  8.7879729111e-02  2.2259054597e-01  9.9867944597e-01  1.7401497104e+00  7.4491188487e-01  1.5305813372e+00  3.7863004769e+00  3.1752928211e-01 -4.4152345610e-01 -3.4496925836e-01  1.3543836144e-01  9.6096657899e-01  2.3482913424e-01 -3.2146982138e+00  2.5728663717e-01  3.6278962902e-01  1.0116541938e+00  1.7899906153e+00  2.4070558314e+00 -5.0078131812e-01  1.2734666508e-01  2.5478477728e+00 -4.8451597174e-01  8.0771834047e-01  3.8043618348e+00 -1.1491075880e+00  1.5597663123e+00 -2.3128861061e-01  1.3682048288e+00  1.8898319613e+00  4.7610576627e+00 -4.7111337882e-01 -1.1223348143e+00 -1.3224789383e-02  2.9779416309e-01 -3.9303710733e-01 -1.4362462388e+00  1.2780267984e+00 -8.5007049877e-01 -2.1685560382e-02  9.1990641743e-01  1.6239078503e+00 -1.3274468539e-01 -1.4523774176e+00 -8.1082844723e-02  2.2358620030e+00 -5.5170050091e-01  1.6215795817e-01  4.5899455181e+00 -1.2109247309e+00  2.5648385259e+00 -8.9375840089e-02
ENERGY -5.437771183850e+02

JOB 3
COORDS -2.2560366090e+00  9.4337642158e-01  9.7866536060e-02  2.2827908986e-01  9.8474872360e-01  1.7596615272e+00  6.7965574095e-01  1.5990338279e+00  3.7957168943e+00  3.1055224992e-01 -4.6140434228e-01 -3.2745867862e-01  1.5455507339e-01  9.4380609760e-01  2.5166984972e-01 -3.2059940795e+00  3.2294579187e-01  3.8220524142e-01  9.6526513839e-01  1.8244239382e+00  2.4247049709e+00 -5.1772823417e-01  1.2540979183e-01  2.5474744013e+00 -4.0119504609e-01  6.7156202844e-01  3.8454966474e+00 -1.1121507777e+00  1.5718398396e+00 -2.2729296283e-01  1.2196125825e+00  2.0823902083e+00  4.7696233272e+00 -4.9719840740e-01 -1.1241707999e+00 -5.4381478149e-03  3.0543032253e-01 -4.1212062929e-01 -1.4188562374e+00  1.2573057852e+00 -8.9307214800e-01  6.5656021965e-03  9.5586853336e-01  1.5902574397e+00 -1.0874582683e-01 -1.4786599880e+00 -7.2550835887e-02  2.2622720364e+00 -3.5017548368e-01 -2.3530256264e-02  4.5854640486e+00 -1.1487692638e+00  2.5786531785e+00 -8.7595693244e-02
ENERGY -5.437826970506e+02

JOB 4
COORDS -2.2665030357e+00  9.8261619236e-01  5.9995603846e-02  1.9483293110e-01  9.6545852620e-01  1.7353322028e+00  5.4981364019e-01  1.6490970824e+00  3.7704613563e+00  2.6794056196e-01 -4.8697829680e-01 -3.5001969391e-01  1.3965701508e-01  9.2165439560e-01  2.2602296399e-01 -3.2306790851e+00  3.8727406059e-01  3.4997352319e-01  8.8004644038e-01  1.8453967445e+00  2.4049612580e+00 -5.7982463450e-01  1.2407376754e-01  2.5117066257e+00 -3.5862833819e-01  5.5603030823e-01  3.8276959251e+00 -1.1066079321e+00  1.5797041327e+00 -2.6817737934e-01  9.8415698177e-01  2.2373073659e+00  4.7397994235e+00 -5.6032725363e-01 -1.1287397371e+00 -3.7922437032e-02  2.7962331307e-01 -4.3941809282e-01 -1.4414494954e+00  1.1987574281e+00 -9.4240882634e-01 -2.6115953701e-03  9.5962963393e-01  1.5493129775e+00 -1.2578751323e-01 -1.5503733216e+00 -6.0409007666e-02  2.2555086912e+00 -2.2085222000e-01 -1.6871089186e-01  4.5238607832e+00 -1.1174870165e+00  2.5871410381e+00 -1.2721108988e-01
ENERGY -5.437791880870e+02

JOB 5
COORDS -2.4399807665e+00  6.1796496554e-01 -4.3798732994e-02  1.2444237122e-02  1.0107044424e+00  1.8039202952e+00  8.0397223150e-01  9.6743372247e-01  3.8257764459e+00  3.2132501203e-01 -3.4668171285e-01 -2.8298480018e-01 -7.2132981686e-02  1.0190575523e+00  2.9271287122e-01 -3.3165755585e+00 -1.4146725094e-01  1.0739047170e-01  1.1321134429e+00  1.1058414877e+00  2.4557401665e+00 -1.1086890221e+00  8.9515921234e-01  2.6039936707e+00 -5.8451920896e-01  6.3689517956e-01  3.8902139950e+00 -1.3946969905e+00  1.4453614591e+00 -2.1745580191e-01  1.5232420832e+00  1.0965646726e+00  4.7947621076e+00 -3.7692203140e-01 -1.1271323137e+00  3.2985742833e-02  3.2216220213e-01 -2.9949092748e-01 -1.3746088997e+00  1.3199057876e+00 -6.1025023386e-01  7.0346093124e-02  6.4502898784e-01  1.7666358924e+00 -5.3688525884e-02 -1.8579702914e+00  2.6571218085e-01  2.3151927790e+00 -1.1012108485e+00  1.0833740310e+00  4.6435298384e+00 -1.6196799202e+00  2.4227000560e+00 -5.5242518264e-02
ENERGY -5.437816444520e+02

JOB 6
COORDS -2.4412799865e+00  6.4390078203e-01 -4.3654754458e-02  2.2981409536e-02  1.0078382705e+00  1.8092378382e+00  7.8414999403e-01  1.0366389519e+00  3.8380794986e+00  3.0263144606e-01 -3.6660718750e-01 -2.6641126628e-01 -6.5255577694e-02  1.0106096933e+00  2.9896793635e-01 -3.3324257019e+00 -1.0047536912e-01  9.7025456509e-02  1.1378758017e+00  1.1349322640e+00  2.4641677264e+00 -1.1051001740e+00  9.5215020090e-01  2.6238158341e+00 -5.4701385353e-01  5.0582438753e-01  3.8653096349e+00 -1.3823350986e+00  1.4554368292e+00 -2.0732237054e-01  1.4560867646e+00  1.2849174900e+00  4.8149923671e+00 -4.0745193159e-01 -1.1325559250e+00  5.8394440609e-02  3.0017729678e-01 -3.2781867788e-01 -1.3583786642e+00  1.2981678916e+00 -6.4469943744e-01  8.4667496440e-02  6.6248890944e-01  1.7436378667e+00 -5.6016487561e-02 -1.8569190915e+00  3.3948986118e-01  2.3011400813e+00 -1.0786586069e+00  8.6082611024e-01  4.6594501242e+00 -1.5917225515e+00  2.4374925382e+00 -5.3578536401e-02
ENERGY -5.437758488717e+02

JOB 7
COORDS -2.4397373079e+00  7.1723128645e-01 -7.2038724642e-02  3.5200291251e-02  1.0276379174e+00  1.7925484039e+00  7.3189674491e-01  1.1806632188e+00  3.8444840562e+00  2.3965708782e-01 -4.1564588086e-01 -2.4245343483e-01 -5.2703340795e-02  9.9419705040e-01  2.8572234501e-01 -3.3573381055e+00  2.2489078934e-03  4.8351863674e-02  1.1158671786e+00  1.3131305889e+00  2.4595046115e+00 -1.0866041446e+00  9.0627313499e-01  2.6338464251e+00 -4.1854357589e-01  3.2096049889e-01  3.7948270775e+00 -1.3507678894e+00  1.4915943808e+00 -2.2282645846e-01  1.2842693009e+00  1.6023044341e+00  4.8309111606e+00 -4.9852582197e-01 -1.1393761038e+00  1.1431999436e-01  2.2103190212e-01 -4.0848738322e-01 -1.3350428594e+00  1.2277976998e+00 -7.3058242218e-01  9.9142752739e-02  7.0998501419e-01  1.6793394012e+00 -8.9920077683e-02 -1.7895341999e+00  2.5123081784e-01  2.2799298173e+00 -9.9451027039e-01  4.8907803493e-01  4.6233421194e+00 -1.5238579449e+00  2.4789161333e+00 -5.6721335730e-02
ENERGY -5.437588073512e+02

JOB 8
COORDS -2.4241697187e+00  8.1693229998e-01 -9.3591424502e-02  5.3454227382e-02  1.0790511718e+00  1.7552983765e+00  6.5163959656e-01  1.3318578158e+00  3.8491854783e+00  1.8280547395e-01 -4.6075929113e-01 -2.1669258020e-01 -2.5996317317e-02  9.8270774531e-01  2.5573720630e-01 -3.3733698413e+00  1.4727115546e-01  3.9642305301e-02  1.0628987465e+00  1.5504631124e+00  2.4354194706e+00 -1.0407803562e+00  8.6810822367e-01  2.6440084374e+00 -1.9240734152e-01  1.7806327354e-01  3.6804474079e+00 -1.2984737084e+00  1.5328751193e+00 -2.6862523260e-01  1.0071825300e+00  1.8917802436e+00  4.8481245968e+00 -5.9292575517e-01 -1.1285868631e+00  1.6784163892e-01  1.5936341036e-01 -4.9431048098e-01 -1.3087138272e+00  1.1531979532e+00 -8.1971508418e-01  1.3301811126e-01  7.7269256657e-01  1.6113599844e+00 -1.4295237091e-01 -1.6940774575e+00  1.6450581691e-01  2.2803550800e+00 -7.7575331698e-01  1.0805878548e-01  4.5236321310e+00 -1.4202386599e+00  2.5308621369e+00 -1.1975645939e-01
ENERGY -5.437276889836e+02

