JOB 0
COORDS  9.0273008048e-02 -1.0885374537e+00 -1.7129556412e+00 -3.8025021496e-01 -1.0622370674e+00 -4.5512823592e-01 -8.3343833658e-01 -4.3295594171e+00 -6.7030494169e-01 -4.4323877529e-01 -2.0089303125e+00 -2.7828767580e+00 -1.4980269171e+00 -1.9544835375e+00  3.6033744723e-02 -1.7628489311e+00 -2.6810814055e+00 -2.3737233127e+00 -1.7792531295e+00 -3.1496297162e+00 -9.0086808807e-01 -1.2212760415e+00 -5.4671661649e+00 -5.2023536223e-01  5.0309131941e-01 -4.0559290373e+00 -6.2849524940e-01  9.0468071566e-01 -4.2074035030e-01 -1.9897110424e+00  4.4247369679e-02 -3.6015647752e-01  2.6076614711e-01 -5.9307796444e-01 -1.4380318005e+00 -3.7069809499e+00  3.1790551585e-01 -2.7627611154e+00 -3.0235628762e+00 -1.2786669747e+00 -2.3069363696e+00  1.0513511319e+00 -2.4153505879e+00 -1.3578175796e+00  1.2605733158e-01 -2.5802221813e+00 -1.9598098450e+00 -2.4900961163e+00 -1.9839982662e+00 -3.5232963466e+00 -3.0365883018e+00 -2.7687241017e+00 -3.5529369472e+00 -6.7717824506e-01  6.4459002965e-01 -3.0938994198e+00 -5.2606306029e-01
ENERGY -4.232960917454e+02

JOB 1
COORDS  1.1757985545e-01 -1.0735222107e+00 -1.6758666492e+00 -3.6317877225e-01 -1.0582527203e+00 -4.2191462070e-01 -8.2092547306e-01 -4.3160184665e+00 -6.0898469948e-01 -4.0790128025e-01 -1.9827643987e+00 -2.7584308011e+00 -1.4888049967e+00 -1.9491520804e+00  5.2215807397e-02 -1.7216910833e+00 -2.6748686121e+00 -2.3623608226e+00 -1.7606708045e+00 -3.1442579677e+00 -8.9140190019e-01 -1.2089104473e+00 -5.4081288179e+00 -2.5863392348e-01  5.2076399016e-01 -4.0718761880e+00 -7.3026178300e-01  9.3509008186e-01 -4.0422663900e-01 -1.9398927885e+00  5.6820608343e-02 -3.6364369189e-01  3.0388386123e-01 -5.6439635959e-01 -1.3987918322e+00 -3.6734898277e+00  3.6066960961e-01 -2.7245069749e+00 -3.0100097715e+00 -1.2843330506e+00 -2.3049425565e+00  1.0695021558e+00 -2.4069308517e+00 -1.3522054650e+00  1.3104083743e-01 -2.5473693007e+00 -1.9648404225e+00 -2.4897649734e+00 -1.9237792064e+00 -3.5173334399e+00 -3.0314179717e+00 -2.7549464470e+00 -3.5408261410e+00 -6.7688985449e-01  7.0377988399e-01 -3.1296028158e+00 -5.4585601467e-01
ENERGY -4.232930966986e+02

JOB 2
COORDS  1.1990773933e-01 -1.0577309616e+00 -1.6819601681e+00 -3.6062351688e-01 -1.0593826642e+00 -4.2815647747e-01 -8.0751077653e-01 -4.2956443899e+00 -6.0323592215e-01 -4.1005488381e-01 -1.9444171558e+00 -2.7803505225e+00 -1.4957783089e+00 -1.9463243077e+00  2.8279713529e-02 -1.7096733865e+00 -2.6681013738e+00 -2.3896782499e+00 -1.7550627719e+00 -3.1415347005e+00 -9.2144298222e-01 -1.1667232683e+00 -5.3243083180e+00 -7.7510745019e-02  5.2292701344e-01 -4.0908562824e+00 -8.8798866699e-01  9.4218472149e-01 -3.9000161660e-01 -1.9353468902e+00  6.3602607303e-02 -3.7970292390e-01  3.0926401917e-01 -5.8891785520e-01 -1.3361061415e+00 -3.6755404759e+00  3.6492206172e-01 -2.6669314482e+00 -3.0634279207e+00 -1.3112957725e+00 -2.3042159217e+00  1.0483918554e+00 -2.4144564666e+00 -1.3479857996e+00  9.0018041817e-02 -2.5509402819e+00 -1.9773788439e+00 -2.5217395338e+00 -1.8885105982e+00 -3.5120291566e+00 -3.0636449662e+00 -2.7489427575e+00 -3.5412844857e+00 -7.0921087861e-01  7.7804251142e-01 -3.1874653389e+00 -6.1780376853e-01
ENERGY -4.232889746418e+02

JOB 3
COORDS -2.1458359082e+00 -4.1363683458e-01  7.2361375444e-02 -8.4656852383e-01 -7.3952567381e-01  6.9740148943e-02 -9.5144122890e-01 -4.4555144812e+00  1.0443348090e+00 -3.2504805408e+00 -1.4100992282e+00  3.2645909629e-01 -3.3141352789e-01 -2.1291363535e+00  3.5533093541e-01 -2.7527924286e+00 -2.8596139476e+00  2.4769701702e-01 -1.4255686479e+00 -3.0143334455e+00  9.9731638025e-01 -1.3977887332e+00 -5.3582797224e+00  3.8010151924e-01  1.0963437373e-01 -4.6825515839e+00  1.9145070419e+00 -2.4372337635e+00  6.1780731549e-01 -1.2096900862e-01 -1.0034434535e-01  2.3605284695e-02 -1.4663102793e-01 -3.6986919840e+00 -1.2132353495e+00  1.3115337531e+00 -4.0577938942e+00 -1.2556404012e+00 -3.9973737175e-01  1.7509405030e-02 -2.5936877550e+00 -5.7761429773e-01  5.4272110146e-01 -2.0809870356e+00  1.0131669012e+00 -3.5012545509e+00 -3.5479987506e+00  6.5158463437e-01 -2.5978111789e+00 -3.1453886011e+00 -7.9775949178e-01 -1.5566271573e+00 -2.6671728576e+00  2.0330754333e+00 -1.5962461352e-01 -4.4692291920e+00  2.8231870656e+00
ENERGY -4.232845750121e+02

JOB 4
COORDS -2.1643573299e+00 -4.2381711090e-01  5.8589236157e-02 -8.6210893087e-01 -7.3767526713e-01  6.0182588186e-02 -9.4110230963e-01 -4.4502596266e+00  1.0516493556e+00 -3.2617093594e+00 -1.4282216324e+00  3.1300378919e-01 -3.3574038832e-01 -2.1216871317e+00  3.5211867857e-01 -2.7516175888e+00 -2.8735476428e+00  2.3772446330e-01 -1.4251230425e+00 -3.0150266779e+00  9.9091088092e-01 -1.4044752631e+00 -5.3714306879e+00  4.2593695219e-01  1.7893220112e-01 -4.6338165912e+00  1.8656610481e+00 -2.4640811545e+00  6.0449156582e-01 -1.3861176834e-01 -1.2204182659e-01  3.1419823779e-02 -1.5659531013e-01 -3.7125725586e+00 -1.2337036270e+00  1.2973440227e+00 -4.0695235006e+00 -1.2816432761e+00 -4.1433432298e-01  2.3306667487e-02 -2.5842727094e+00 -5.7811554757e-01  5.3323992467e-01 -2.0649610747e+00  1.0153424411e+00 -3.4953272785e+00 -3.5675864936e+00  6.4054011406e-01 -2.5921548019e+00 -3.1589777504e+00 -8.0739252415e-01 -1.5589322269e+00 -2.6691261420e+00  2.0264883260e+00 -8.7143971859e-02 -4.6462732781e+00  2.7995452789e+00
ENERGY -4.232822921904e+02

JOB 5
COORDS -2.1659834745e+00 -4.1290735515e-01  4.3133267458e-02 -8.6408840011e-01 -7.2795495308e-01  5.4144930558e-02 -9.4763492615e-01 -4.4292928514e+00  1.0781823380e+00 -3.2642054406e+00 -1.4154372578e+00  3.0126421746e-01 -3.3828118142e-01 -2.1091852811e+00  3.5983461773e-01 -2.7540010547e+00 -2.8615687621e+00  2.4073363957e-01 -1.4313389758e+00 -2.9965611243e+00  1.0014820463e+00 -1.4082594753e+00 -5.3578085522e+00  4.6046214879e-01  1.9728929277e-01 -4.5827231282e+00  1.8670140665e+00 -2.4644297431e+00  6.1387243088e-01 -1.6396266111e-01 -1.2276190996e-01  3.9221289339e-02 -1.6512685068e-01 -3.7191161004e+00 -1.2127089463e+00  1.2820628779e+00 -4.0689662780e+00 -1.2750984170e+00 -4.3069457155e-01  2.4833845783e-02 -2.5788919441e+00 -5.6527075137e-01  5.2670156082e-01 -2.0475191932e+00  1.0273936621e+00 -3.4999962017e+00 -3.5515333324e+00  6.4641015404e-01 -2.5905458653e+00 -3.1560974735e+00 -8.0133237048e-01 -1.5661085293e+00 -2.6437629770e+00  2.0339699762e+00 -4.9718657394e-02 -4.8363718046e+00  2.7711390723e+00
ENERGY -4.232820871259e+02

JOB 6
COORDS -2.1782335166e+00 -4.2538821287e-01  2.6145536850e-02 -8.7556951877e-01 -7.3672737505e-01  4.6653013932e-02 -9.5413908964e-01 -4.4263083965e+00  1.1139310653e+00 -3.2736030079e+00 -1.4295385014e+00  2.9008119227e-01 -3.4564207469e-01 -2.1126483447e+00  3.6891810094e-01 -2.7579464289e+00 -2.8744622026e+00  2.4709989400e-01 -1.4387425708e+00 -2.9960839385e+00  1.0158837944e+00 -1.4184853374e+00 -5.3672084457e+00  5.1533152051e-01  2.1403203430e-01 -4.5444704438e+00  1.8686394360e+00 -2.4791761521e+00  5.9824720056e-01 -1.9278283910e-01 -1.3582839858e-01  3.0732639747e-02 -1.7688052213e-01 -3.7333872720e+00 -1.2183324659e+00  1.2667870474e+00 -4.0757237854e+00 -1.2999365585e+00 -4.4675612246e-01  2.2601853362e-02 -2.5906606141e+00 -5.4986879075e-01  5.1614160635e-01 -2.0404345115e+00  1.0393855434e+00 -3.5033628405e+00 -3.5626865662e+00  6.5654377055e-01 -2.5887969578e+00 -3.1791703391e+00 -7.9121645652e-01 -1.5781336698e+00 -2.6329989931e+00  2.0436920929e+00  2.7110899305e-02 -5.0150581528e+00  2.6975611057e+00
ENERGY -4.232843102155e+02

JOB 7
COORDS -2.1921538073e+00 -4.5348127694e-01  8.9657915655e-03 -8.8834623644e-01 -7.5913041134e-01  4.0109469680e-02 -9.6448781180e-01 -4.4347380727e+00  1.1654570780e+00 -3.2845730142e+00 -1.4582886941e+00  2.8244497295e-01 -3.5451541955e-01 -2.1280609495e+00  3.8523280257e-01 -2.7629992223e+00 -2.9015096841e+00  2.6216608481e-01 -1.4471283494e+00 -3.0061867327e+00  1.0391561735e+00 -1.4470655684e+00 -5.3923132950e+00  6.0490159457e-01  2.2284583284e-01 -4.5229098877e+00  1.8797083657e+00 -2.4961756935e+00  5.6567834886e-01 -2.2608503816e-01 -1.5068268654e-01  8.1493695126e-03 -1.9080505247e-01 -3.7492994091e+00 -1.2352674542e+00  1.2541668103e+00 -4.0840820284e+00 -1.3424744120e+00 -4.5950893423e-01  2.1067461580e-02 -2.6176081455e+00 -5.2444468259e-01  5.0349840873e-01 -2.0412471547e+00  1.0588112445e+00 -3.5071192329e+00 -3.5871761797e+00  6.7772456474e-01 -2.5877666830e+00 -3.2197808630e+00 -7.7118469016e-01 -1.5941980648e+00 -2.6296211564e+00  2.0607950258e+00  1.1653770487e-01 -5.1684706661e+00  2.5988131167e+00
ENERGY -4.232884995390e+02

JOB 8
COORDS -2.1915950164e+00 -4.4507032037e-01 -3.8237776795e-03 -8.8735169318e-01 -7.4766397659e-01  3.7313575217e-02 -9.7066568707e-01 -4.4166578125e+00  1.1894298425e+00 -3.2847356073e+00 -1.4489461619e+00  2.7002407192e-01 -3.5482917365e-01 -2.1137326151e+00  3.9567145536e-01 -2.7613997262e+00 -2.8915203994e+00  2.6336902893e-01 -1.4501955025e+00 -2.9881022519e+00  1.0493493514e+00 -1.4567177630e+00 -5.3841792798e+00  6.4477227184e-01  2.0622969859e-01 -4.4938455510e+00  1.9063702807e+00 -2.4956627070e+00  5.7194419522e-01 -2.4785593189e-01 -1.4941967991e-01  1.9212831842e-02 -1.9418067770e-01 -3.7557109230e+00 -1.2194774783e+00  1.2372185369e+00 -4.0797280679e+00 -1.3394759050e+00 -4.7773093769e-01  2.6834195948e-02 -2.6096903792e+00 -5.0795600531e-01  4.9923378106e-01 -2.0202329710e+00  1.0735509997e+00 -3.5069236051e+00 -3.5751128628e+00  6.7955963188e-01 -2.5795886062e+00 -3.2170102804e+00 -7.6661411164e-01 -1.6053235828e+00 -2.6050647263e+00  2.0670988147e+00  1.6611663352e-01 -5.2846163453e+00  2.4728987577e+00
ENERGY -4.232936485984e+02

JOB 9
COORDS -2.1994605679e+00 -4.6431022362e-01 -1.8293251453e-02 -8.9345043360e-01 -7.5815640517e-01  2.9524709640e-02 -9.5995886462e-01 -4.4097991511e+00  1.2372563415e+00 -3.2874319462e+00 -1.4695011072e+00  2.7074911390e-01 -3.5426963198e-01 -2.1150908761e+00  4.1178770187e-01 -2.7560828221e+00 -2.9089251082e+00  2.8772072283e-01 -1.4454319173e+00 -2.9852889083e+00  1.0772210131e+00 -1.4372169000e+00 -5.3915828988e+00  7.0631826184e-01  1.9041365489e-01 -4.4738914560e+00  1.9826668550e+00 -2.5090900323e+00  5.4669548762e-01 -2.7961057688e-01 -1.5958361514e-01  9.0639860616e-03 -2.1346409547e-01 -3.7605793429e+00 -1.2270332143e+00  1.2336732462e+00 -4.0822363826e+00 -1.3765493944e+00 -4.7944649025e-01  3.3036603928e-02 -2.6238172454e+00 -4.8230591270e-01  4.9757559173e-01 -2.0046811619e+00  1.0902062923e+00 -3.4981649280e+00 -3.5900409653e+00  7.1388795229e-01 -2.5708893014e+00 -3.2496685406e+00 -7.3666516423e-01 -1.6055946997e+00 -2.5893882312e+00  2.0889314095e+00  2.2792059721e-01 -5.3638491364e+00  2.3791144397e+00
ENERGY -4.232985597165e+02

JOB 10
COORDS -2.2576536190e+00 -4.7216169596e-01 -4.1264074158e-02 -9.4531416191e-01 -7.3739166093e-01 -9.9684268000e-04 -9.1563526048e-01 -4.3615157033e+00  1.2738323985e+00 -3.3206218556e+00 -1.4947046700e+00  2.7827513108e-01 -3.7416728385e-01 -2.0754937192e+00  4.0078261933e-01 -2.7585119871e+00 -2.9219052377e+00  3.2305600175e-01 -1.4384542707e+00 -2.9523668862e+00  1.1004358408e+00 -1.3189260075e+00 -5.3535829758e+00  6.9901134190e-01  1.5610423172e-01 -4.4034272898e+00  2.1199467449e+00 -2.5916781676e+00  5.2697757733e-01 -3.1779858220e-01 -2.3042819874e-01  4.0684392214e-02 -2.6493501613e-01 -3.7922158092e+00 -1.2405821110e+00  1.2388967475e+00 -4.1223859486e+00 -1.4359065574e+00 -4.6797042673e-01  8.5068595573e-03 -2.5958426706e+00 -4.8869321174e-01  4.8531104528e-01 -1.9349847510e+00  1.0643286657e+00 -3.4820307295e+00 -3.6074735583e+00  7.7382053355e-01 -2.5768958531e+00 -3.2837540367e+00 -6.9443177495e-01 -1.5952160940e+00 -2.5394656876e+00  2.1050568862e+00  3.1236192193e-01 -5.3457377303e+00  2.3214163480e+00
ENERGY -4.233021197817e+02

JOB 11
COORDS -2.2191616163e+00 -5.0471512325e-01 -4.4983101457e-02 -9.0939338249e-01 -7.8083898190e-01  3.3071076388e-03 -9.0782512200e-01 -4.3844978190e+00  1.3196471472e+00 -3.2914247013e+00 -1.5115143245e+00  2.9290078796e-01 -3.5065114616e-01 -2.1150483021e+00  4.3394984341e-01 -2.7422895967e+00 -2.9427510841e+00  3.5811868521e-01 -1.4249816935e+00 -2.9747682057e+00  1.1405262161e+00 -1.2555260742e+00 -5.3636943705e+00  6.8844023511e-01  5.6058512052e-02 -4.4522172459e+00  2.2824190712e+00 -2.5436421487e+00  4.9117453097e-01 -3.4360949545e-01 -1.8690120995e-01 -1.5277786881e-02 -2.7605998847e-01 -3.7579893257e+00 -1.2384027045e+00  1.2507168061e+00 -4.0943158202e+00 -1.4566322810e+00 -4.5237362887e-01  3.7882262652e-02 -2.6526108227e+00 -4.4267558384e-01  5.0272153267e-01 -1.9669823647e+00  1.1042699862e+00 -3.4736212881e+00 -3.6153454940e+00  8.1634231275e-01 -2.5605411118e+00 -3.3199788379e+00 -6.5355353081e-01 -1.5803776006e+00 -2.5526894783e+00  2.1409562135e+00  3.4477008533e-01 -5.3848316030e+00  2.3127162084e+00
ENERGY -4.233035040596e+02

JOB 12
COORDS -2.2250265282e+00 -5.0066331867e-01 -4.6593985707e-02 -9.1540877755e-01 -7.7738277825e-01  2.4516712703e-03 -9.1701873257e-01 -4.3850763584e+00  1.3064928695e+00 -3.2988730004e+00 -1.5078885627e+00  2.8477850964e-01 -3.5878986438e-01 -2.1145136732e+00  4.2707465198e-01 -2.7510299245e+00 -2.9398083621e+00  3.4637969147e-01 -1.4344669386e+00 -2.9755115224e+00  1.1296580179e+00 -1.2668775887e+00 -5.3630283479e+00  6.7564754021e-01  5.2280456025e-03 -4.4628314016e+00  2.3112943071e+00 -2.5483395230e+00  4.9702960384e-01 -3.4041631784e-01 -1.9199049003e-01 -1.0746244646e-02 -2.7151806733e-01 -3.7675020751e+00 -1.2377327283e+00  1.2424057011e+00 -4.0999265807e+00 -1.4495392053e+00 -4.6222739955e-01  2.8417190148e-02 -2.6481788529e+00 -4.5269896287e-01  4.9467241986e-01 -1.9709048252e+00  1.0983438014e+00 -3.4831946350e+00 -3.6130715626e+00  8.0227178199e-01 -2.5689139432e+00 -3.3144095584e+00 -6.6621313507e-01 -1.5894757465e+00 -2.5565022158e+00  2.1315686644e+00  4.4489131757e-01 -5.3294972657e+00  2.2177354933e+00
ENERGY -4.233023330043e+02

JOB 13
COORDS -2.2139957533e+00 -5.0456388293e-01 -4.4717164762e-02 -9.0630369341e-01 -7.8902882209e-01  1.0780156134e-02 -9.3588979466e-01 -4.3965421845e+00  1.3173900231e+00 -3.2959061671e+00 -1.5049520480e+00  2.8110122359e-01 -3.6046305895e-01 -2.1299472015e+00  4.3788638372e-01 -2.7576226157e+00 -2.9404417458e+00  3.4471998083e-01 -1.4451782106e+00 -2.9851045689e+00  1.1337583024e+00 -1.3063676813e+00 -5.3772993646e+00  7.0560106663e-01 -2.8843785691e-02 -4.4758649928e+00  2.3433679434e+00 -2.5295038130e+00  4.9529805634e-01 -3.3967418824e-01 -1.7679937861e-01 -2.6734015993e-02 -2.5919138623e-01 -3.7669348972e+00 -1.2321556009e+00  1.2367841838e+00 -4.0932429548e+00 -1.4407904170e+00 -4.6939309737e-01  2.8684022086e-02 -2.6644213155e+00 -4.4078486253e-01  4.8964271656e-01 -1.9916328721e+00  1.1145485136e+00 -3.4957202384e+00 -3.6094281919e+00  7.9721646308e-01 -2.5737450509e+00 -3.3156990602e+00 -6.6741950788e-01 -1.6009670785e+00 -2.5655988472e+00  2.1355633921e+00  5.5607800875e-01 -5.2333217385e+00  2.1568159423e+00
ENERGY -4.232988827684e+02

JOB 14
COORDS -2.2200935153e+00 -5.1503660277e-01 -4.3949180216e-02 -9.1349324855e-01 -8.0261087286e-01  2.1119262327e-02 -9.6409633956e-01 -4.4203389493e+00  1.3103490573e+00 -3.3065448323e+00 -1.5159961258e+00  2.6447000116e-01 -3.7312706777e-01 -2.1471313146e+00  4.4406160089e-01 -2.7713234497e+00 -2.9530712347e+00  3.2065214434e-01 -1.4661369205e+00 -3.0069718953e+00  1.1200294167e+00 -1.3933315688e+00 -5.4097638256e+00  7.5778859257e-01 -1.0436646174e-02 -4.4894204411e+00  2.3056186707e+00 -2.5309444949e+00  4.8769803275e-01 -3.3414873491e-01 -1.8038502305e-01 -3.9577099661e-02 -2.3671959398e-01 -3.7848169261e+00 -1.2505119213e+00  1.2185962197e+00 -4.0975847421e+00 -1.4436109779e+00 -4.9191008619e-01  2.7046037886e-02 -2.6736574377e+00 -4.3483768735e-01  4.6829592084e-01 -2.0142609690e+00  1.1323511279e+00 -3.5138676322e+00 -3.6252935635e+00  7.6040558590e-01 -2.5797835863e+00 -3.3191452134e+00 -6.9370369902e-01 -1.6299923559e+00 -2.5939144887e+00  2.1239251770e+00  6.8495318150e-01 -5.1094280952e+00  2.0231580498e+00
ENERGY -4.232940136554e+02

JOB 15
COORDS -2.2234468039e+00 -5.4631776606e-01 -4.8098488807e-02 -9.1765230600e-01 -8.3429695634e-01  3.0104728467e-02 -9.8550793265e-01 -4.4410675350e+00  1.3615481764e+00 -3.3132889920e+00 -1.5433141529e+00  2.6092494291e-01 -3.8173150197e-01 -2.1748802965e+00  4.7102630446e-01 -2.7800095083e+00 -2.9804240071e+00  3.3345704500e-01 -1.4810755455e+00 -3.0289841497e+00  1.1427250279e+00 -1.4617180244e+00 -5.4415653830e+00  8.7590572643e-01  1.8828448526e-02 -4.4928854585e+00  2.3184184192e+00 -2.5307905054e+00  4.5401404422e-01 -3.5009470137e-01 -1.8187885691e-01 -7.4247115417e-02 -2.2890277783e-01 -3.7980153151e+00 -1.2692614093e+00  1.2093419455e+00 -4.0988436988e+00 -1.4762716979e+00 -5.0162590697e-01  2.8412273869e-02 -2.7082071637e+00 -3.9956617587e-01  4.5206012773e-01 -2.0344726242e+00  1.1670138986e+00 -3.5259283556e+00 -3.6487544504e+00  7.7293992661e-01 -2.5815416000e+00 -3.3546061891e+00 -6.7687262268e-01 -1.6533461414e+00 -2.6064806439e+00  2.1419102667e+00  7.9603373924e-01 -4.9449081303e+00  1.9486516436e+00
ENERGY -4.232888652336e+02

JOB 16
COORDS -2.2184966592e+00 -5.6539638362e-01 -4.9714641772e-02 -9.1357978143e-01 -8.5440167351e-01  3.7530429951e-02 -9.9529683487e-01 -4.4551023129e+00  1.3899019238e+00 -3.3120674389e+00 -1.5578100103e+00  2.6006421049e-01 -3.8255586326e-01 -2.1928345474e+00  4.9157254029e-01 -2.7818971019e+00 -2.9953560628e+00  3.4371153386e-01 -1.4875333073e+00 -3.0430199443e+00  1.1605744782e+00 -1.4902507278e+00 -5.4573350785e+00  9.3249520768e-01  4.3128577000e-02 -4.5103580084e+00  2.3203851105e+00 -2.5221275482e+00  4.3343186412e-01 -3.6020731603e-01 -1.7498721702e-01 -9.7357654530e-02 -2.2222095953e-01 -3.8005986648e+00 -1.2769341363e+00  1.2045001567e+00 -4.0938475654e+00 -1.4936003400e+00 -5.0657054218e-01  3.4220074355e-02 -2.7312302761e+00 -3.7295422658e-01  4.4526566999e-01 -2.0454983278e+00  1.1934266460e+00 -3.5313939561e+00 -3.6598048350e+00  7.8277514759e-01 -2.5789221852e+00 -3.3754896860e+00 -6.6358808382e-01 -1.6641424249e+00 -2.6153741946e+00  2.1567313152e+00  8.7375196159e-01 -4.7507166556e+00  1.8775699339e+00
ENERGY -4.232846295496e+02

JOB 17
COORDS  1.5258931075e-01 -1.0149148321e+00 -1.9049611203e+00 -2.0072606349e-01 -9.3678210191e-01 -6.1317695755e-01 -3.8042517615e-01 -4.1084499148e+00 -7.2250602118e-01 -4.7701066508e-01 -1.9661849249e+00 -2.8928592373e+00 -1.2587298885e+00 -1.8218974591e+00  4.0203619368e-03 -1.7121951670e+00 -2.6827815332e+00 -2.3210740374e+00 -1.4989424802e+00 -3.0781844236e+00 -8.5164398545e-01  8.5114463162e-03 -4.8084258567e+00 -1.6259264692e+00  8.8512267476e-02 -4.2925285692e+00  5.7764385328e-01  9.3788385113e-01 -3.6036065260e-01 -2.2814705428e+00  2.8026089895e-01 -2.0346610090e-01  3.2674864957e-02 -7.5595009105e-01 -1.4142898482e+00 -3.7990571845e+00  2.7007056152e-01 -2.7037104737e+00 -3.2111529377e+00 -9.8367513780e-01 -2.1028777408e+00  1.0245568431e+00 -2.2023759349e+00 -1.2666492342e+00  9.0233673325e-02 -2.5783607958e+00 -2.0125640403e+00 -2.3645324697e+00 -1.9469595623e+00 -3.5632510185e+00 -2.9240065179e+00 -2.3924509046e+00 -3.5922343195e+00 -4.7041931052e-01  8.7997562954e-01 -3.7474852954e+00  7.2047423317e-01
ENERGY -4.232824110644e+02

JOB 18
COORDS  1.7280235127e-01 -1.0575870013e+00 -1.8072172292e+00 -2.5463456230e-01 -9.7103539332e-01 -5.3759043115e-01 -4.8025291819e-01 -4.1426828978e+00 -7.2019200202e-01 -4.2496531113e-01 -1.9940522220e+00 -2.8307923362e+00 -1.3572159881e+00 -1.8411033551e+00  2.1945330304e-02 -1.7118094580e+00 -2.6704186206e+00 -2.3307857736e+00 -1.5806523363e+00 -3.0837218716e+00 -8.5060667513e-01 -3.9709614354e-01 -5.0954743230e+00 -1.4573851779e+00  4.2489842594e-01 -3.9684916807e+00  3.1773756267e-01  9.8786733393e-01 -4.1579110464e-01 -2.1398839083e+00  2.0314239427e-01 -2.4627569649e-01  1.3417727718e-01 -6.3270040648e-01 -1.4355264448e+00 -3.7517250834e+00  3.1764563612e-01 -2.7531463116e+00 -3.1123039712e+00 -1.1228857306e+00 -2.1314331997e+00  1.0499667724e+00 -2.2914280032e+00 -1.2656289349e+00  7.1320665239e-02 -2.5509981581e+00 -1.9706557347e+00 -2.4127400161e+00 -1.9455514348e+00 -3.5428404033e+00 -2.9449971775e+00 -2.5036487313e+00 -3.5892973297e+00 -5.4074827889e-01  1.0506802299e+00 -3.2627026412e+00  7.6106442719e-02
ENERGY -4.232831533753e+02

JOB 19
COORDS  1.6992942829e-01 -1.0529435588e+00 -1.7631708403e+00 -2.8120069005e-01 -9.7115779450e-01 -5.0090451115e-01 -5.4869814746e-01 -4.1761834532e+00 -7.1251829262e-01 -4.0000714540e-01 -2.0000074285e+00 -2.7931934399e+00 -1.3814498802e+00 -1.8536964678e+00  4.4478318585e-02 -1.7079662774e+00 -2.6556327438e+00 -2.3243037829e+00 -1.6173626646e+00 -3.0841419403e+00 -8.4313124803e-01 -6.0320075732e-01 -5.2131930198e+00 -1.3307972552e+00  5.1699218206e-01 -3.9097344459e+00  1.2335272448e-01  9.8096026992e-01 -3.9966604554e-01 -2.0825785856e+00  1.5613338725e-01 -2.4050392706e-01  1.7787297090e-01 -5.7120243804e-01 -1.4545192459e+00 -3.7289951719e+00  3.4495965160e-01 -2.7699574174e+00 -3.0396588627e+00 -1.1406350181e+00 -2.1592181656e+00  1.0675962653e+00 -2.3129082227e+00 -1.2756584342e+00  1.1098981751e-01 -2.5313174197e+00 -1.9387768232e+00 -2.4190548605e+00 -1.9467439015e+00 -3.5209335103e+00 -2.9470508795e+00 -2.5586120876e+00 -3.5692181009e+00 -5.6244705831e-01  9.6421941129e-01 -3.0990145238e+00 -1.8530131395e-01
ENERGY -4.232865510085e+02

JOB 20
COORDS  1.2512361295e-01 -1.0789705257e+00 -1.7443613796e+00 -3.3400529441e-01 -1.0022675383e+00 -4.8422338726e-01 -7.0215400143e-01 -4.2209105262e+00 -7.3138369953e-01 -4.5040445207e-01 -2.0117761327e+00 -2.7843118701e+00 -1.4520249722e+00 -1.8715437294e+00  4.6892062163e-02 -1.7815184517e+00 -2.6334803354e+00 -2.3355273492e+00 -1.7231613423e+00 -3.0833248842e+00 -8.5852013344e-01 -8.7459915134e-01 -5.3006782240e+00 -1.2494935998e+00  4.5698831410e-01 -3.9504807735e+00 -4.9560408745e-02  9.4742581702e-01 -4.3443845185e-01 -2.0520449364e+00  1.0927359882e-01 -2.8398763831e-01  2.0372555063e-01 -5.9283107151e-01 -1.4622568899e+00 -3.7223275409e+00  2.7989000956e-01 -2.7995135523e+00 -3.0189520883e+00 -1.2175312273e+00 -2.1980702588e+00  1.0657855129e+00 -2.3686195217e+00 -1.2719230960e+00  1.2638340084e-01 -2.5806677839e+00 -1.8896040655e+00 -2.4302809133e+00 -2.0417428740e+00 -3.4834665254e+00 -2.9711454896e+00 -2.6838368091e+00 -3.5364121243e+00 -5.9550661986e-01  7.8142633801e-01 -3.0655822516e+00 -3.0863646832e-01
ENERGY -4.232908026325e+02

JOB 21
COORDS  1.4170107794e-01 -1.0540323338e+00 -1.7348985288e+00 -3.2123480042e-01 -9.8847388553e-01 -4.7534592482e-01 -6.7157034724e-01 -4.2331442383e+00 -7.1648128005e-01 -4.1089001130e-01 -1.9981775871e+00 -2.7762560011e+00 -1.4257638442e+00 -1.8778861197e+00  5.2231007038e-02 -1.7331640950e+00 -2.6423036849e+00 -2.3341854221e+00 -1.6854525326e+00 -3.0918205266e+00 -8.5591619138e-01 -9.0781517881e-01 -5.3556465374e+00 -1.1038800889e+00  5.4974127138e-01 -3.9295744022e+00 -1.8414417012e-01  9.5447833476e-01 -3.9566582900e-01 -2.0382296253e+00  1.0896485887e-01 -2.6528298225e-01  2.1568862500e-01 -5.5829376013e-01 -1.4526948498e+00 -3.7157945709e+00  3.3660453905e-01 -2.7713468287e+00 -3.0044226248e+00 -1.1865431589e+00 -2.2033323983e+00  1.0710026906e+00 -2.3503110904e+00 -1.2913958671e+00  1.3551121513e-01 -2.5437766431e+00 -1.9116343951e+00 -2.4356586865e+00 -1.9776584507e+00 -3.4959576959e+00 -2.9717306658e+00 -2.6480724932e+00 -3.5441522046e+00 -6.0287113769e-01  7.5826385213e-01 -2.9907573112e+00 -3.6307083090e-01
ENERGY -4.232945605304e+02

JOB 22
COORDS  1.3031953971e-01 -1.0558964419e+00 -1.7314973911e+00 -3.3450831092e-01 -1.0022255100e+00 -4.7214440937e-01 -7.2700148905e-01 -4.2656106149e+00 -7.1024113920e-01 -4.1450841175e-01 -1.9966671735e+00 -2.7792603503e+00 -1.4385656551e+00 -1.8964800828e+00  4.8114988520e-02 -1.7375087202e+00 -2.6458131089e+00 -2.3469011973e+00 -1.7109747729e+00 -3.1025902283e+00 -8.7005268986e-01 -1.0385275239e+00 -5.4148822764e+00 -9.3228873915e-01  5.5084856397e-01 -3.9633893943e+00 -3.4393796994e-01  9.4169005195e-01 -3.9274481465e-01 -2.0278654019e+00  9.2680715940e-02 -2.8343808496e-01  2.2529460369e-01 -5.6023926833e-01 -1.4467671119e+00 -3.7164783922e+00  3.3756129198e-01 -2.7650357932e+00 -3.0069466569e+00 -1.1971897281e+00 -2.2331556691e+00  1.0632818219e+00 -2.3607744217e+00 -1.3082763636e+00  1.4306738026e-01 -2.5477043770e+00 -1.9149901850e+00 -2.4518151377e+00 -1.9791996125e+00 -3.4948376023e+00 -2.9924087794e+00 -2.6844833793e+00 -3.5350579620e+00 -6.2756643935e-01  7.0245143497e-01 -3.0012256394e+00 -4.3389083487e-01
ENERGY -4.232969295563e+02

JOB 23
COORDS  1.1228592109e-01 -1.0876707822e+00 -1.7426084377e+00 -3.5137482513e-01 -1.0446476015e+00 -4.8255702346e-01 -7.7977120320e-01 -4.3147763926e+00 -7.0572204993e-01 -4.2939367135e-01 -2.0220988202e+00 -2.7969765913e+00 -1.4600640013e+00 -1.9373803029e+00  2.8932316307e-02 -1.7509321163e+00 -2.6794561088e+00 -2.3712900633e+00 -1.7421947097e+00 -3.1393046182e+00 -8.9514672448e-01 -1.1411733951e+00 -5.4703615366e+00 -7.4798885675e-01  5.3548269702e-01 -4.0218183321e+00 -5.0297591049e-01  9.2348523012e-01 -4.2214526240e-01 -2.0338525302e+00  7.5585366726e-02 -3.3138062064e-01  2.2066132696e-01 -5.7842200819e-01 -1.4647794200e+00 -3.7293412994e+00  3.2611032920e-01 -2.7847661999e+00 -3.0298908574e+00 -1.2262920168e+00 -2.2803169312e+00  1.0441293567e+00 -2.3790522929e+00 -1.3440898941e+00  1.2444711950e-01 -2.5635162481e+00 -1.9518968984e+00 -2.4811323461e+00 -1.9858816777e+00 -3.5261024773e+00 -3.0230391364e+00 -2.7237644746e+00 -3.5552149828e+00 -6.5889760995e-01  6.6537211165e-01 -3.0525032239e+00 -4.9471237766e-01
ENERGY -4.232974726856e+02

