JOB 0
COORDS -4.1013360494e-01 -2.1179943257e+00 -2.0487219137e+00 -3.9651559744e-02  7.0910824171e-01 -1.2625609056e+00 -8.2551097486e-01  2.7087412785e-01 -3.1532161785e-02  4.7393512348e-01 -4.0458717284e-01 -3.6650260854e-01 -2.6197572643e+00 -2.5948146322e+00 -2.7506487466e+00  4.8383102491e-01 -1.8558759515e+00 -8.5855500189e-01  1.6024031077e+00 -1.7934108398e-01  5.2412215631e-01 -5.5948033067e-02 -2.0917263527e+00 -3.2122840956e+00 -1.6894485503e+00 -2.3720851554e+00 -1.6706118002e+00 -4.3806378756e-01  4.6777896783e-01 -2.2435553356e+00  4.8253718243e-01  1.6609466150e+00 -1.2137252203e+00 -8.4164719728e-01  9.3717221460e-01  8.2783288818e-01 -1.7444344485e+00 -2.8563446854e-01 -1.8457306328e-01 -3.5814474539e+00 -2.7817822277e+00 -2.2729699389e+00 -2.3109522652e+00 -3.4561627894e+00 -3.3473442723e+00 -2.6736325689e+00 -1.7140363934e+00 -3.3951433754e+00  2.1050264501e-01 -2.5091644371e+00 -2.5822513299e-02  1.5003502502e+00 -2.1034609325e+00 -1.1755660557e+00  1.4620590916e+00  6.7026675722e-01  1.0666051491e+00  2.4509280908e+00 -4.2986101898e-02 -2.5101530397e-02
ENERGY -4.405162981168e+02

JOB 1
COORDS -3.7296344301e-01 -2.1624322665e+00 -1.9883228822e+00 -2.2007904430e-01  6.4893000965e-01 -1.1965186987e+00 -7.9988761845e-01  2.6085640990e-01  1.5691252554e-01  4.5484445771e-01 -4.0504300066e-01 -3.3134303792e-01 -2.5487027424e+00 -2.4732415556e+00 -2.8697100056e+00  4.2535525830e-01 -1.8865240728e+00 -7.3577598759e-01  1.6987589072e+00 -9.5972175133e-02  3.5758915288e-01  8.7488568958e-02 -2.2602011563e+00 -3.1094001261e+00 -1.7014282552e+00 -2.2640639700e+00 -1.7210891822e+00 -7.6308903768e-01  3.5370952758e-01 -2.0894445822e+00  2.8088328546e-01  1.6099804919e+00 -1.2764485113e+00 -7.1532468109e-01  9.7004443067e-01  9.7715642352e-01 -1.7129073601e+00 -3.2666908982e-01  1.6058485497e-01 -3.5646689869e+00 -2.5219469637e+00 -2.4779679591e+00 -2.2839307789e+00 -3.4057727839e+00 -3.3733521397e+00 -2.4466061271e+00 -1.6447485339e+00 -3.5749607236e+00  4.8608399466e-02 -2.4846239485e+00  9.8451003506e-02  1.4491071420e+00 -2.2010968281e+00 -9.4812741447e-01  1.6210721409e+00  7.9265766322e-01  8.4807388697e-01  2.4495842153e+00  7.5774607601e-03 -3.2497468905e-01
ENERGY -4.405151197490e+02

JOB 2
COORDS -3.8333851751e-01 -2.1834249040e+00 -1.9355030296e+00 -3.5031233264e-01  6.2159235831e-01 -1.1105125879e+00 -7.2930806783e-01  3.1358902669e-01  3.3031678233e-01  4.2831049239e-01 -4.0686331576e-01 -3.0180605176e-01 -2.4705141188e+00 -2.5072310992e+00 -3.0046333847e+00  3.0151998556e-01 -1.9086928065e+00 -6.1729319133e-01  1.7629945506e+00 -9.0118515292e-02  1.8619177317e-01  1.7389953606e-01 -2.2642561545e+00 -3.0132133138e+00 -1.7287686140e+00 -2.2989517799e+00 -1.7848771572e+00 -1.0296788077e+00  2.9716924129e-01 -1.8928553565e+00  1.4992034331e-01  1.5645404789e+00 -1.3144063270e+00 -5.1396342341e-01  1.0575828911e+00  1.0939106790e+00 -1.6422014092e+00 -2.5092682530e-01  4.9772841657e-01 -3.5160113368e+00 -2.5709793094e+00 -2.7032500689e+00 -2.1515566807e+00 -3.4320604009e+00 -3.4907789328e+00 -2.3169732648e+00 -1.6715141632e+00 -3.6918508622e+00 -2.1724022755e-01 -2.4224748889e+00  1.9574055863e-01  1.3086812960e+00 -2.3214444077e+00 -6.9382583267e-01  1.7762503861e+00  8.4362019238e-01  5.9240498333e-01  2.4146118420e+00 -7.6668914953e-02 -5.9901830563e-01
ENERGY -4.405137305798e+02

JOB 3
COORDS -3.9905265041e-01 -2.1530555790e+00 -1.9290472350e+00 -4.8163345819e-01  6.3663230917e-01 -9.9298323300e-01 -6.1510173800e-01  3.7721821275e-01  4.9996343998e-01  4.0215561413e-01 -3.9001159112e-01 -3.0050347276e-01 -2.3797106173e+00 -2.5491922546e+00 -3.1611517838e+00  1.7657301514e-01 -1.8918302382e+00 -5.5609643181e-01  1.8041688939e+00 -1.0138262475e-01 -3.1884293271e-02  2.3824643463e-01 -2.1573102015e+00 -2.9654128421e+00 -1.7420370583e+00 -2.3473766367e+00 -1.8824209240e+00 -1.2896304099e+00  3.0130888120e-01 -1.6368689521e+00 -8.8675877091e-03  1.5624145937e+00 -1.3098094415e+00 -2.5221762809e-01  1.1346926729e+00  1.1909394479e+00 -1.4988824561e+00 -1.5360480809e-01  8.4249422209e-01 -3.4393039507e+00 -2.6795076724e+00 -2.9414056226e+00 -1.9750761665e+00 -3.4372239438e+00 -3.6520946997e+00 -2.2224056781e+00 -1.6815150339e+00 -3.8064563673e+00 -4.7400469764e-01 -2.3215469479e+00  2.0843114700e-01  1.1452907816e+00 -2.3911029542e+00 -5.0209578263e-01  1.9078794105e+00  8.6398352984e-01  2.7665826710e-01  2.3336948703e+00 -1.8456280598e-01 -9.0104093541e-01
ENERGY -4.405136193486e+02

JOB 4
COORDS -3.9312742345e-01 -2.1142557955e+00 -1.8813587089e+00 -5.5067738682e-01  6.8280449717e-01 -8.4200274291e-01 -4.6234168334e-01  4.6156883238e-01  6.6169393363e-01  3.8854410583e-01 -3.6382324629e-01 -2.6552900561e-01 -2.2110328861e+00 -2.6777774197e+00 -3.2839850248e+00  5.0717092196e-02 -1.8475393802e+00 -4.6008840487e-01  1.8265181141e+00 -1.4366502687e-01 -2.0470695914e-01  3.2241318265e-01 -2.0135086591e+00 -2.8615609539e+00 -1.7057966801e+00 -2.4465951057e+00 -1.9515922812e+00 -1.4566459932e+00  3.5967928353e-01 -1.3485108295e+00 -1.0170418265e-01  1.5831205097e+00 -1.2525942324e+00  3.5216420084e-02  1.2177678522e+00  1.2644812440e+00 -1.3026352132e+00 -1.8147439560e-02  1.1556715714e+00 -3.2648988777e+00 -2.9250843867e+00 -3.1569629928e+00 -1.6744376373e+00 -3.5040118001e+00 -3.7559564096e+00 -2.0948117102e+00 -1.7800311623e+00 -3.8956614148e+00 -7.3162868034e-01 -2.1669684082e+00  2.3099487583e-01  9.5006460328e-01 -2.4337452694e+00 -2.5925133487e-01  2.0187475385e+00  8.3727892112e-01 -6.5992825670e-03  2.2247683998e+00 -3.3257768261e-01 -1.1265181082e+00
ENERGY -4.405153358913e+02

JOB 5
COORDS -4.5391207327e-01 -2.0866181163e+00 -1.9500048562e+00 -5.2077208885e-01  7.4912352542e-01 -6.9208174078e-01 -2.5714094419e-01  4.4707112466e-01  7.7756600174e-01  3.7996498803e-01 -4.0327942250e-01 -2.8997036844e-01 -1.9844137778e+00 -3.0540932435e+00 -3.4702431388e+00 -1.3709730985e-01 -1.8225272095e+00 -4.9248465823e-01  1.8275199468e+00 -3.3210229406e-01 -4.1449723962e-01  2.5547216162e-01 -1.7561993112e+00 -2.8839124691e+00 -1.6285842907e+00 -2.7424523340e+00 -2.1060898603e+00 -1.5101158960e+00  5.2930645988e-01 -1.0866045993e+00 -4.9837038378e-02  1.6262098901e+00 -1.1270807280e+00  3.8870278341e-01  1.1246441495e+00  1.3309322466e+00 -1.0659193760e+00  2.5426959784e-02  1.3678716227e+00 -2.9434735245e+00 -3.5683916912e+00 -3.4103802638e+00 -1.2277223469e+00 -3.6993168940e+00 -3.9226769543e+00 -2.0725526309e+00 -2.1381237938e+00 -4.0589023515e+00 -1.0320195496e+00 -2.0126462392e+00  1.0374130127e-01  6.3665139580e-01 -2.5279715152e+00 -1.7286704935e-01  2.1486782763e+00  6.1025465732e-01 -1.9846060552e-01  2.0730893885e+00 -5.0566641929e-01 -1.3910239816e+00
ENERGY -4.405180580639e+02

JOB 6
COORDS -6.3485551499e-01 -1.8548071548e+00 -1.9443577498e+00 -4.8054388309e-01  1.0367899474e+00 -4.6142438543e-01 -9.4555021703e-02  5.8576415772e-01  9.4186512219e-01  3.0405055140e-01 -2.4435008055e-01 -2.4914056204e-01 -1.8674915015e+00 -3.1490864750e+00 -3.4932397364e+00 -4.1600213256e-01 -1.5600900055e+00 -4.7323427991e-01  1.7208003422e+00 -3.3816937805e-01 -5.5951525042e-01 -4.4636479672e-03 -1.3664074602e+00 -2.8650978598e+00 -1.6234265386e+00 -2.7632137149e+00 -2.1239015411e+00 -1.5270803153e+00  9.7231843485e-01 -7.4934058792e-01  5.0688065465e-02  1.8826183313e+00 -8.8849912136e-01  6.9039423707e-01  1.1347769971e+00  1.4563180042e+00 -8.7756151477e-01  2.1640287661e-01  1.5984893103e+00 -2.6761781732e+00 -3.8784901116e+00 -3.4500357000e+00 -9.6979208317e-01 -3.5934857765e+00 -3.9294966128e+00 -2.1623240234e+00 -2.2806416514e+00 -4.0868282380e+00 -1.3874720786e+00 -1.5791550385e+00  2.8348544590e-02  1.8006987184e-01 -2.3780724197e+00 -5.2019662792e-02  2.2005228694e+00  5.0988397696e-01 -2.6429981429e-01  1.8221542789e+00 -4.0245000911e-01 -1.5731105978e+00
ENERGY -4.405202821599e+02

JOB 7
COORDS -7.9093366423e-01 -1.7671474062e+00 -1.9998481145e+00 -3.8619232814e-01  1.1689339061e+00 -3.1688313660e-01  7.1210726171e-02  5.4411584035e-01  9.9521060278e-01  2.4690082711e-01 -2.1198245720e-01 -2.9304625653e-01 -1.7703157320e+00 -3.2950345006e+00 -3.5167160862e+00 -6.5356018358e-01 -1.4064042391e+00 -5.3305399391e-01  1.5974820888e+00 -4.3458416073e-01 -7.7885993794e-01 -2.7587656189e-01 -1.1812433098e+00 -2.9350704175e+00 -1.5828214609e+00 -2.8549577040e+00 -2.1551752625e+00 -1.4542459054e+00  1.2591955929e+00 -4.9778645807e-01  2.0841197581e-01  1.9818151770e+00 -7.2396358371e-01  9.6370747567e-01  9.4694749812e-01  1.4677511086e+00 -6.8503960735e-01  2.0578698608e-01  1.6985594322e+00 -2.4220351853e+00 -4.1663204720e+00 -3.4532973991e+00 -8.1093878277e-01 -3.5630955874e+00 -3.9654065975e+00 -2.2370158820e+00 -2.5066817058e+00 -4.1119978077e+00 -1.6591914791e+00 -1.2355787457e+00 -1.3501690534e-01 -2.5560022863e-01 -2.2855660597e+00 -1.3331836457e-02  2.2228826993e+00  2.8463126470e-01 -4.2261007670e-01  1.5920737113e+00 -3.6233756000e-01 -1.7957167449e+00
ENERGY -4.405205633404e+02

JOB 8
COORDS -8.8420597498e-01 -1.7217427970e+00 -2.0560787651e+00 -3.0330933466e-01  1.2476017085e+00 -1.8770632464e-01  1.5539430383e-01  4.5169542826e-01  1.0273403372e+00  1.7742419907e-01 -1.8865736922e-01 -3.3206912729e-01 -1.5663789618e+00 -3.4552722147e+00 -3.5109689631e+00 -8.6079232409e-01 -1.2633238243e+00 -6.1107686764e-01  1.4640990837e+00 -4.8423459632e-01 -9.3669092553e-01 -4.7136421162e-01 -1.0924778922e+00 -3.0139549712e+00 -1.4644919637e+00 -2.9398316704e+00 -2.1669911122e+00 -1.3631972202e+00  1.4663414496e+00 -2.8791483179e-01  3.5394075523e-01  2.0312809789e+00 -5.5407013555e-01  1.1097719609e+00  7.1199550895e-01  1.4785743638e+00 -5.9444236396e-01  1.2170477191e-01  1.7416538173e+00 -2.0529430182e+00 -4.4256745846e+00 -3.4136380606e+00 -5.7280089172e-01 -3.5644614975e+00 -3.9516696761e+00 -2.1635195033e+00 -2.7845141642e+00 -4.1333371111e+00 -1.8678104821e+00 -9.1292534791e-01 -3.5951650426e-01 -6.6938252223e-01 -2.1450816299e+00  9.3824780540e-03  2.1851826516e+00  1.1586189141e-01 -5.4338886557e-01  1.4101968872e+00 -2.9520328971e-01 -1.9363016378e+00
ENERGY -4.405188435580e+02

JOB 9
COORDS -9.9439461721e-01 -1.6738709482e+00 -2.1210903567e+00 -1.8433327826e-01  1.2743607278e+00 -6.5582637236e-02  2.5917348741e-01  3.0038239386e-01  1.0179367767e+00  1.2638970140e-01 -1.7793517866e-01 -4.0004755645e-01 -1.3823745991e+00 -3.5835871643e+00 -3.4542812521e+00 -1.0455954743e+00 -1.1094102034e+00 -7.1578574597e-01  1.3366140129e+00 -5.2126138786e-01 -1.1255579766e+00 -6.9452803633e-01 -1.0468693312e+00 -3.1222265826e+00 -1.3671864211e+00 -2.9736363351e+00 -2.1465414118e+00 -1.2184749689e+00  1.6088229985e+00 -6.0532699971e-02  5.3032619925e-01  2.0252354685e+00 -3.9147052104e-01  1.2614560961e+00  4.0799655220e-01  1.4258433489e+00 -4.7889602914e-01 -3.2520266434e-02  1.7431202727e+00 -1.7064098662e+00 -4.6113950608e+00 -3.2914559854e+00 -3.8301896997e-01 -3.5588405191e+00 -3.8945712575e+00 -2.0783769708e+00 -3.0583346848e+00 -4.1126926350e+00 -1.9991599295e+00 -5.8128524311e-01 -6.1173350708e-01 -1.0615265241e+00 -1.9517271687e+00 -1.8624191948e-02  2.1366346645e+00 -3.6214085660e-02 -7.2629809711e-01  1.2426164675e+00 -2.2599160092e-01 -2.0960178573e+00
ENERGY -4.405160025199e+02

JOB 10
COORDS -8.0491834060e-01 -2.5485669808e+00  1.0654202650e+00 -3.9599533014e-01  6.3491926656e-01 -8.0400809926e-01  1.3645030851e-01  1.1931602316e+00  5.1095919195e-01  2.9666649524e-02 -3.0452388159e-01  2.9102118771e-01 -1.0671411475e+00 -4.5428727984e+00 -1.6427460557e-01 -1.0585634287e+00 -1.0551816778e+00  1.0797888291e+00  1.2011134432e+00 -1.1235198669e+00  2.3124804460e-02 -1.6454322848e-01 -3.1463773526e+00  1.9106336930e+00 -1.3711482813e+00 -3.1425054814e+00 -7.9904481453e-03 -1.4567747111e+00  7.3723899682e-01 -1.0136763105e+00  2.3848166396e-01  7.1041081102e-01 -1.6840086998e+00  1.1298267665e+00  1.6344084477e+00  5.0864109079e-01 -5.6975575134e-01  1.6749565626e+00  1.1830662405e+00 -1.5784813014e+00 -4.8526234280e+00 -1.0758452478e+00 -1.4302289082e+00 -5.1127262743e+00  6.9445771298e-01  1.2129043580e-02 -4.6819718885e+00 -2.6068904277e-01 -2.0467674173e+00 -8.3651676260e-01  6.6980255721e-01 -1.0388030469e+00 -7.4953395347e-01  2.1290813072e+00  1.7100443140e+00 -1.3065822317e+00  8.8819717607e-01  1.8370009985e+00 -6.3416718455e-01 -6.0297119036e-01
ENERGY -4.405135593684e+02

JOB 11
COORDS -8.0224385458e-01 -2.5240781145e+00  9.8474506744e-01 -3.5687458548e-01  8.5516687032e-01 -7.2353262609e-01  1.9764456779e-01  1.1839798776e+00  6.5708382461e-01  3.4819189260e-03 -2.5818193987e-01  2.2127655996e-01 -1.0602336100e+00 -4.6542105677e+00  8.4459746676e-03 -1.1450068641e+00 -1.0526301252e+00  8.8051829860e-01  1.1388741537e+00 -1.0890965473e+00 -1.4572195862e-01 -6.2840235530e-02 -2.9989863217e+00  1.8286022216e+00 -1.4143638407e+00 -3.2564288947e+00  2.9209833870e-02 -1.4090021150e+00  1.0492595706e+00 -9.1229075728e-01  2.8569503706e-01  1.0198609754e+00 -1.5854370325e+00  1.2157130675e+00  1.5600448471e+00  7.1724179798e-01 -4.8382849984e-01  1.6064606658e+00  1.3914857418e+00 -1.6250624247e+00 -5.0854811364e+00 -8.1806970383e-01 -1.3312651195e+00 -5.1322520027e+00  9.5282530779e-01  1.3687030188e-02 -4.7656724162e+00 -1.5776526895e-01 -2.0696950183e+00 -9.3378617005e-01  3.1231257324e-01 -1.3119768288e+00 -6.9671886048e-01  1.9001026162e+00  1.6417068085e+00 -1.3850148035e+00  6.9065257736e-01  1.7893790314e+00 -5.6070693135e-01 -7.2285545458e-01
ENERGY -4.405125771322e+02

JOB 12
COORDS -7.8976401677e-01 -2.5244116766e+00  8.4969426084e-01 -3.2047312545e-01  1.0334659909e+00 -6.2263411932e-01  2.1332953684e-01  1.1213663955e+00  8.0113027281e-01 -6.2663595208e-03 -2.2720895365e-01  1.3317984135e-01 -1.1167618822e+00 -4.7689135236e+00  2.0289890693e-01 -1.1931789713e+00 -1.0836561478e+00  6.1381513961e-01  1.1260571623e+00 -1.0181176797e+00 -3.1877207937e-01  3.8576183482e-02 -2.8855930173e+00  1.6677941526e+00 -1.4722759281e+00 -3.3784489117e+00  5.6121780004e-02 -1.3645283230e+00  1.2812541223e+00 -7.9440613735e-01  3.4187825227e-01  1.3171270237e+00 -1.4372878012e+00  1.2392830586e+00  1.4535685281e+00  9.3643158554e-01 -4.7093706376e-01  1.4411466350e+00  1.5829727695e+00 -1.7494963591e+00 -5.3066127982e+00 -5.0315414332e-01 -1.3045329046e+00 -5.1058749565e+00  1.2251180166e+00 -6.0850647620e-02 -4.9142618103e+00 -3.6211511190e-02 -2.0012509098e+00 -1.0647010551e+00 -1.2082976159e-01 -1.5816629581e+00 -6.9915137534e-01  1.5608776977e+00  1.6043134189e+00 -1.4243538254e+00  4.8436789758e-01  1.7930013810e+00 -4.2859258756e-01 -8.1139559864e-01
ENERGY -4.405134801062e+02

JOB 13
COORDS -7.4498695958e-01 -2.5439151162e+00  6.9740257551e-01 -3.2874399411e-01  1.1768918804e+00 -4.4493859095e-01  1.7840134742e-01  1.0113661156e+00  9.8150860926e-01 -3.0422914874e-03 -1.9570842271e-01  7.1767375521e-02 -1.2322707838e+00 -4.8391151770e+00  4.3367246864e-01 -1.1789169636e+00 -1.1344787116e+00  3.4910251542e-01  1.1533417369e+00 -8.8049683853e-01 -4.7843444468e-01  1.8619552111e-01 -2.8346876961e+00  1.4279336204e+00 -1.5517528957e+00 -3.4661274797e+00  1.2498191833e-01 -1.3742698722e+00  1.4352236975e+00 -5.9191676402e-01  3.4177938402e-01  1.6149616370e+00 -1.1804877529e+00  1.1961195729e+00  1.3271175267e+00  1.1943582471e+00 -5.2313276469e-01  1.1731496190e+00  1.7957664713e+00 -1.9741766995e+00 -5.4360611997e+00 -9.6545734610e-02 -1.2939932027e+00 -5.0128214634e+00  1.5106273837e+00 -2.2436134988e-01 -5.0796097106e+00  8.8041661083e-02 -1.8336979617e+00 -1.1936469574e+00 -5.2470951467e-01 -1.7819365592e+00 -7.6378161636e-01  1.1845542761e+00  1.6217858436e+00 -1.3990417640e+00  2.6283726133e-01  1.8151987442e+00 -2.0684719261e-01 -8.5639490176e-01
ENERGY -4.405160025225e+02

JOB 14
COORDS -7.0392430061e-01 -2.5213326688e+00  5.6909741790e-01 -3.5614215273e-01  1.2792813534e+00 -2.9487753993e-01  1.2562630947e-01  8.9583032463e-01  1.0983484510e+00  3.8970536267e-03 -1.4972557949e-01 -1.8736689979e-04 -1.3043759844e+00 -4.8060504760e+00  6.5102499295e-01 -1.1374747375e+00 -1.1495690463e+00  9.0531679249e-02  1.1877245887e+00 -7.0849456840e-01 -6.2851481235e-01  3.0009685600e-01 -2.7713927556e+00  1.2120207019e+00 -1.6076360977e+00 -3.4646787831e+00  2.1388464570e-01 -1.4052031044e+00  1.5308350240e+00 -4.2748348114e-01  3.1760447116e-01  1.8492384311e+00 -9.3003054290e-01  1.1279827812e+00  1.2002868532e+00  1.3863431489e+00 -5.9648140417e-01  9.0043335708e-01  1.9106231730e+00 -2.1254741805e+00 -5.4229325476e+00  2.8612400248e-01 -1.2443831397e+00 -4.8484019368e+00  1.7411819656e+00 -3.5429527455e-01 -5.1378022230e+00  2.2602622308e-01 -1.6073359991e+00 -1.2780309034e+00 -8.9019868005e-01 -1.9191566188e+00 -7.9435218166e-01  7.7092966385e-01  1.6589367266e+00 -1.3176286202e+00  3.8399369968e-02  1.8344832703e+00  3.3387339468e-02 -8.8557174303e-01
ENERGY -4.405188435539e+02

JOB 15
COORDS -6.4136479527e-01 -2.5318523798e+00  4.3603630285e-01 -3.8565065161e-01  1.2904720175e+00 -1.8295212940e-01  8.3990204327e-02  7.2162401721e-01  1.1501336097e+00  3.6405749243e-02 -1.5041967445e-01 -9.2798905259e-02 -1.3525220000e+00 -4.7472091577e+00  8.6126296088e-01 -1.0483178862e+00 -1.2048540543e+00 -1.7555989896e-01  1.2496601732e+00 -5.5335358060e-01 -7.8215133739e-01  4.2697814567e-01 -2.7821009475e+00  9.6440259976e-01 -1.6404834542e+00 -3.4394655066e+00  3.2339047857e-01 -1.4414974121e+00  1.5170109047e+00 -3.0520985656e-01  2.7577344801e-01  1.9768186325e+00 -7.0597340403e-01  1.0639833936e+00  1.0210792096e+00  1.5107113921e+00 -6.5526193762e-01  5.7005196664e-01  1.9325842534e+00 -2.2517665442e+00 -5.3377097117e+00  6.8640527779e-01 -1.1360699272e+00 -4.6813399241e+00  1.9301348610e+00 -4.9525249018e-01 -5.1893709786e+00  3.4823336472e-01 -1.3081028833e+00 -1.3918385369e+00 -1.2238958453e+00 -1.9665014908e+00 -8.7463046396e-01  3.2109187351e-01  1.7308513470e+00 -1.2481741631e+00 -2.1216521484e-01  1.8741221737e+00  2.4272879370e-01 -8.9002252005e-01
ENERGY -4.405205650800e+02

JOB 16
COORDS -6.0477733888e-01 -2.5115372434e+00  2.8237109252e-01 -4.6684655382e-01  1.2920714056e+00 -2.1165424482e-02  1.8988488453e-02  5.4270958227e-01  1.2133605758e+00  4.7114677592e-02 -1.1683223510e-01 -1.5272228588e-01 -1.4315618056e+00 -4.6043148136e+00  1.0105879254e+00 -9.5801294149e-01 -1.2188311786e+00 -4.2692063735e-01  1.2867721816e+00 -3.1469992353e-01 -8.8512458508e-01  5.0203183826e-01 -2.8148349271e+00  6.9062991533e-01 -1.6834499954e+00 -3.3229198563e+00  3.9566384515e-01 -1.5329897541e+00  1.4721746538e+00 -1.2879167343e-01  1.5753680111e-01  2.0924917767e+00 -4.1064551697e-01  9.7125672496e-01  8.3678332039e-01  1.6454856337e+00 -7.2261996483e-01  2.1905948078e-01  1.9396930074e+00 -2.3920671489e+00 -5.1193811235e+00  1.0131977901e+00 -1.0620907215e+00 -4.4714255235e+00  2.0300493298e+00 -6.9404228967e-01 -5.1658770052e+00  4.3232493700e-01 -9.8907869222e-01 -1.4241627932e+00 -1.5033470876e+00 -1.9682156890e+00 -9.2781486408e-01 -1.2608539254e-01  1.7884038455e+00 -1.0948706714e+00 -4.5912031206e-01  1.8809017736e+00  5.0719293480e-01 -7.9577846889e-01
ENERGY -4.405202821653e+02

JOB 17
COORDS -5.4415810045e-01 -2.5516311434e+00  1.2672793915e-01 -5.4923804028e-01  1.1770736664e+00  1.2281726410e-01  9.5619080961e-03  2.9554136521e-01  1.2322996771e+00  8.3719944661e-02 -1.4711024242e-01 -2.1643407843e-01 -1.4982254973e+00 -4.4225749103e+00  1.2125031696e+00 -8.2129188337e-01 -1.2889079057e+00 -6.6276573001e-01  1.3250969309e+00 -1.1231675047e-01 -9.7397410122e-01  5.6752434739e-01 -2.9616756705e+00  4.1047286498e-01 -1.6840461302e+00 -3.1898280542e+00  4.8431217128e-01 -1.6276832059e+00  1.2780103739e+00  3.8778704460e-02  2.2776540966e-03  2.0769000691e+00 -1.3907608628e-01  9.3465037883e-01  6.0307993138e-01  1.7118698192e+00 -6.9652810713e-01 -1.9713404325e-01  1.8967476653e+00 -2.5022693385e+00 -4.7965419290e+00  1.4123517698e+00 -9.6228893731e-01 -4.2356438203e+00  2.1458894229e+00 -9.3203733712e-01 -5.1379152633e+00  6.1145140364e-01 -6.3310590672e-01 -1.4952779785e+00 -1.7214682204e+00 -1.8768512220e+00 -1.0302684880e+00 -5.5528555294e-01  1.8817927062e+00 -9.2796230943e-01 -7.1150308208e-01  1.8701492425e+00  7.0678204964e-01 -7.0951540316e-01
ENERGY -4.405180578006e+02

JOB 18
COORDS -8.3555501429e-01 -2.4389396622e+00  6.1620584652e-01 -5.0831768984e-01  1.1240460300e+00  3.6142934557e-02  1.4383258529e-01  3.3877314276e-01  1.1654507226e+00  5.3285980792e-02 -2.4594139722e-01 -2.3506533129e-01  5.7447362220e-01 -4.0321689493e+00  1.6568056319e+00 -9.1917004096e-01 -1.4054754558e+00 -4.8414920108e-01  1.2163470959e+00 -3.1659874296e-01 -1.1083411074e+00 -1.6953834060e+00 -2.6636002175e+00  1.4463413875e+00  3.6415305067e-01 -3.0778085835e+00  5.9585777177e-01 -1.5873734404e+00  1.2462701490e+00  5.6861302545e-02  2.9511714131e-02  1.9772012863e+00 -3.7073410323e-01  1.1225564755e+00  6.6311936686e-01  1.5092486553e+00 -5.0131523369e-01 -5.8219275483e-02  1.9450590210e+00  1.5713076470e+00 -4.4404529566e+00  1.4898020654e+00 -1.7777480833e-01 -4.8231218031e+00  1.6129911841e+00  5.1857003028e-01 -3.5377418088e+00  2.6296254668e+00 -6.7528616819e-01 -1.8577178380e+00 -1.4485385850e+00 -1.9523072203e+00 -1.0562066598e+00 -5.1299958311e-01  1.7831584564e+00 -1.1213538640e+00 -8.3539319599e-01  1.8022170400e+00  5.0589160903e-01 -9.7234516853e-01
ENERGY -4.405160603200e+02

JOB 19
COORDS -8.2547116198e-01 -2.4004931198e+00  5.9549473648e-01 -5.3350658175e-01  1.0742915672e+00  1.8076935751e-01  2.9985225681e-01  2.5762102327e-01  1.1561765417e+00  9.7842509226e-02 -2.1259020518e-01 -2.7720487295e-01  4.4756048096e-01 -4.0024929911e+00  1.7844864245e+00 -8.0665299923e-01 -1.4255289713e+00 -5.5821326563e-01  1.1726219178e+00 -1.0423393202e-01 -1.2545688605e+00 -1.7340767536e+00 -2.5356021316e+00  1.3935526141e+00  3.3625270658e-01 -3.0992724673e+00  6.6575411838e-01 -1.6096338339e+00  1.0894317735e+00  3.2804226760e-01 -1.2093954986e-01  2.0065123530e+00 -1.9823656599e-01  1.2862834783e+00  6.3095248882e-01  1.4184985718e+00 -2.2340183263e-01 -2.4744629709e-01  1.9635067698e+00  1.4277832932e+00 -4.4692638456e+00  1.6869351109e+00 -3.4307178765e-01 -4.7555437862e+00  1.7476492591e+00  3.7486594377e-01 -3.4528780952e+00  2.7261628120e+00 -4.3275780371e-01 -1.9240507912e+00 -1.4549511468e+00 -1.8364368906e+00 -1.1145606135e+00 -7.4139172933e-01  1.8636531640e+00 -8.3364640080e-01 -1.0724874040e+00  1.6569807184e+00  7.8490710462e-01 -1.1421815123e+00
ENERGY -4.405142363653e+02

JOB 20
COORDS -7.8878982137e-01 -2.3692580236e+00  6.0322088854e-01 -5.6404152932e-01  9.8968238664e-01  3.0408477536e-01  4.5697270260e-01  2.1230277041e-01  1.1200842109e+00  1.3494479398e-01 -1.8884418602e-01 -3.1373322361e-01  3.1248579104e-01 -4.0083461618e+00  1.9045995772e+00 -6.7105050697e-01 -1.4689051331e+00 -6.0293951730e-01  1.0887166575e+00  8.3998847852e-02 -1.3799355388e+00 -1.7166172338e+00 -2.3751514474e+00  1.3916594838e+00  3.0298296521e-01 -3.1625250884e+00  7.3644084281e-01 -1.6101970317e+00  8.7055904569e-01  5.7137564907e-01 -2.9981482975e-01  1.9841953048e+00 -4.8146563705e-02  1.4262417900e+00  6.7266567947e-01  1.2925961776e+00  8.5839736162e-02 -3.8438928130e-01  1.9480980773e+00  1.2495714226e+00 -4.5629274585e+00  1.8556371850e+00 -5.4068837319e-01 -4.6905611277e+00  1.8886622581e+00  2.6970946819e-01 -3.4035790080e+00  2.8137247901e+00 -1.6311048139e-01 -2.0106447786e+00 -1.4033180571e+00 -1.6778006096e+00 -1.2190824964e+00 -9.4346552679e-01  1.8885949577e+00 -5.4271703915e-01 -1.2858482338e+00  1.4501131236e+00  1.0321738528e+00 -1.2933004956e+00
ENERGY -4.405139053385e+02

JOB 21
COORDS -2.3477705617e+00 -1.0518409346e+00  8.5559641434e-02 -1.8383425876e-01  1.3147587938e+00 -5.3020064778e-01 -2.8941400992e-01  8.5224443394e-01  9.1684448604e-01  1.8367833158e-02 -1.3634068461e-01 -1.9714791016e-01 -4.4027159862e+00  1.2102207099e-01  1.8112830462e-01 -1.0260793510e+00 -1.1735702104e+00 -6.3588724727e-01  1.3600246075e+00 -6.8225198051e-01 -3.3808950044e-01 -2.6753533821e+00 -1.6932158106e+00  1.0651914943e+00 -3.1393172764e+00 -1.0193447515e-01 -4.7836396369e-01 -1.1040610100e+00  1.5924868484e+00 -1.0349425607e+00  6.8725619745e-01  1.8959588949e+00 -8.2374479660e-01  5.2561657682e-01  1.1014501302e+00  1.5910502252e+00 -1.2702179442e+00  8.5636664225e-01  1.3831230101e+00 -4.8955530800e+00  9.0741971927e-01 -3.9046854464e-01 -4.2429013854e+00  4.3787025577e-01  1.2146979360e+00 -5.0012710800e+00 -7.9281979498e-01  1.7617194782e-01 -6.3799053293e-01 -2.1666903722e+00 -4.0068849350e-01 -1.1719523398e+00 -1.1090779101e+00 -1.7175319974e+00  1.5577394060e+00 -1.3067597514e+00  4.4373904454e-01  2.0518320235e+00  6.3617225834e-02 -3.0257388029e-01
ENERGY -4.405151192359e+02

JOB 22
COORDS -2.3786277892e+00 -1.0106293173e+00  1.5032704094e-01 -2.9386403458e-01  1.2977938200e+00 -3.7488539046e-01 -1.7274763967e-01  7.4676406657e-01  1.0417492273e+00  1.3037144201e-02 -1.5764805884e-01 -1.6431942232e-01 -4.4530267788e+00  1.1989784412e-01  4.3998902579e-03 -1.0335362730e+00 -1.2239134946e+00 -5.0513826267e-01  1.3371530481e+00 -6.3026632159e-01 -5.3983285131e-01 -2.7323201552e+00 -1.5045846672e+00  1.2043249286e+00 -3.1626376438e+00 -1.6964177074e-01 -5.7233947162e-01 -1.2818594211e+00  1.5648319066e+00 -7.3556940142e-01  5.0671214660e-01  1.9337065750e+00 -7.4561068035e-01  7.1858440799e-01  1.0035420961e+00  1.6079702284e+00 -1.0741332601e+00  6.6167273166e-01  1.6414073085e+00 -4.9403638887e+00  7.9706704530e-01 -6.9697339942e-01 -4.3359754660e+00  5.9487267291e-01  9.8151157845e-01 -5.0327235346e+00 -7.9868746081e-01  1.2049882430e-01 -6.6661997784e-01 -2.1904857892e+00 -1.4992578717e-01 -1.1428249821e+00 -1.2714508123e+00 -1.5917580018e+00  1.6853648149e+00 -1.2744620813e+00  1.7010634742e-01  1.9928878503e+00  1.4705479497e-01 -5.8015295308e-01
ENERGY -4.405162980761e+02

JOB 23
COORDS -2.4151849464e+00 -8.7126330296e-01  1.9461709390e-01 -3.3000245630e-01  1.3163614847e+00 -1.7947927140e-01  9.6446482326e-03  6.4821864290e-01  1.1494684363e+00  1.3623661144e-02 -1.4659722669e-01 -1.4220458233e-01 -4.5279784961e+00  1.1550233083e-01 -1.9965986313e-01 -1.0669804405e+00 -1.1987344475e+00 -4.0554927804e-01  1.2648057635e+00 -5.6024146798e-01 -7.6131938315e-01 -2.7492121504e+00 -1.1024704086e+00  1.3423541042e+00 -3.2283762423e+00 -2.5896350719e-01 -7.0233512100e-01 -1.3605199206e+00  1.6018088380e+00 -3.6606793320e-01  4.0084455169e-01  1.9959174368e+00 -6.1143802223e-01  9.7705279123e-01  8.7518449481e-01  1.5897864980e+00 -7.9013999629e-01  4.8935886088e-01  1.8658711114e+00 -5.0408241259e+00  5.8417493516e-01 -1.0394150222e+00 -4.4276418415e+00  8.1701664634e-01  6.3217493246e-01 -5.0729734979e+00 -7.6755647079e-01  1.4186281570e-01 -7.4475005481e-01 -2.1479926101e+00  3.4337921061e-02 -1.1595275579e+00 -1.3252896905e+00 -1.4862825877e+00  1.7227637982e+00 -1.2583400177e+00 -1.7507321683e-01  1.9030748975e+00  2.2987282637e-01 -8.2674423933e-01
ENERGY -4.405167194760e+02

