JOB 0
COORDS  2.2978694525e-01 -5.1982533338e-01  5.7598472091e+00 -2.9480193561e-01 -3.3209149359e-01  4.4493285995e+00  1.6026976464e+00 -4.8239249658e-01  5.9749933186e+00  6.5750326688e-01 -2.6603535433e-01  3.4756077011e+00  2.0815488844e+00 -2.2939427633e-01  3.7834189634e+00  1.8110475371e+00 -5.5511572899e-01  1.7986010452e+00  3.0511445621e+00 -1.8438676139e+00  1.7401924049e-01  7.2271548398e-01 -1.2062723062e+00 -3.1594931504e-01  3.5001176554e+00 -1.0497647642e+00 -1.0517814809e+00  1.2203414902e+00 -4.2808921783e-01 -1.5357854061e+00  2.8834717656e+00 -3.6048274262e-01 -3.2851238259e+00  2.5514988961e+00 -3.2283696263e-01  5.0082274439e+00  2.8334253289e+00 -1.7582499325e-01  2.5356204904e+00  1.7932733012e+00 -1.2832313153e+00  6.8454858122e-01  2.4427481426e+00 -1.0325091342e+00 -2.0667246603e+00  6.5552585327e-01  1.7340077831e-01  2.1252772415e+00 -4.4155489549e-01 -6.6179175827e-01  6.6011333218e+00 -1.3601191435e+00 -2.5499571445e-01  4.2520961672e+00  1.9880062387e+00 -5.7768709752e-01  6.9882195460e+00  2.8657734951e+00 -2.8863427008e+00 -1.0532613904e-01  3.7942842378e+00 -1.7993014134e+00  9.6971551123e-01 -1.4897010947e-01 -7.2898918847e-01  1.2833521404e-01  4.6426023556e-01 -2.2285026921e+00 -6.1089245285e-01  3.7849108770e+00 -2.9087441055e-02 -7.3502082683e-01  4.3889644745e+00 -1.5263255433e+00 -1.4781214086e+00  4.4784277816e-01 -4.5332403582e-01 -2.3118670092e+00  1.3742098722e+00  6.3034359497e-01 -1.2497375098e+00  3.7669224528e+00 -8.6768532323e-01 -3.6850916325e+00  3.1395668140e+00  7.0282666033e-01 -3.1231285461e+00  2.0926335356e+00 -4.1118441265e-01 -4.0401365586e+00
ENERGY -7.218822562540e+02

JOB 1
COORDS  2.4140352112e-01 -2.5015582359e-01  5.8173372156e+00 -2.9555603091e-01 -2.3348561942e-01  4.5049874009e+00  1.6226194544e+00 -2.8849843666e-01  6.0071915096e+00  6.4114837041e-01 -3.7094277539e-01  3.5166632101e+00  2.0489663809e+00 -4.0196053749e-01  3.7929549290e+00  1.7501549679e+00 -8.6287537501e-01  1.7809967298e+00  3.0546225514e+00 -1.9728015687e+00  7.2674190070e-02  7.1738190361e-01 -1.3670991466e+00 -4.0003577202e-01  3.4980748387e+00 -1.0464829236e+00 -1.0590383696e+00  1.2072384651e+00 -4.5520179014e-01 -1.5272171612e+00  2.8976462142e+00 -1.5840843163e-01 -3.2252270426e+00  2.5479430751e+00 -3.4931072413e-01  5.0160200953e+00  2.7583997961e+00 -5.4449778413e-01  2.5638309876e+00  1.7687966021e+00 -1.5131453392e+00  6.1103055225e-01  2.4590470036e+00 -9.6352222319e-01 -2.0898440043e+00  5.7491302638e-01 -1.8736614526e-01  2.1233476604e+00 -4.1787922770e-01 -2.0844319012e-01  6.6788665144e+00 -1.3587781443e+00 -1.2818930436e-01  4.3099710440e+00  2.0247026119e+00 -2.6157802551e-01  7.0181708972e+00  2.9146539451e+00 -2.9885061621e+00 -3.1230761079e-01  3.7839746843e+00 -1.9837912887e+00  8.8201115561e-01 -1.8057861536e-01 -9.6613279046e-01  6.7269766984e-02  4.9728220963e-01 -2.3617621561e+00 -8.0189513254e-01  3.7403333278e+00 -5.2838705846e-02 -6.3771105205e-01  4.4109354571e+00 -1.4475623176e+00 -1.5117804409e+00  4.4992848176e-01 -4.2837355746e-01 -2.3182540457e+00  1.3200995746e+00  5.7439667115e-01 -1.1356723415e+00  3.8057966025e+00 -5.9277829210e-01 -3.6546265982e+00  3.1128127425e+00  8.9143284447e-01 -2.9525413595e+00  2.1229613227e+00 -1.5926184066e-01 -3.9985817117e+00
ENERGY -7.219154126077e+02

JOB 2
COORDS  2.8211314531e-01 -7.4211372653e-04  5.7726946304e+00 -2.8045110790e-01 -1.3854198725e-01  4.4839633960e+00  1.6665334729e+00 -9.8908538520e-02  5.9464542793e+00  6.3061418485e-01 -4.4071870900e-01  3.5019583351e+00  2.0255066525e+00 -5.2266179719e-01  3.7582628427e+00  1.6929445871e+00 -1.1008738626e+00  1.7505364973e+00  3.0416821448e+00 -2.0765493090e+00 -3.9501933256e-03  6.9786147563e-01 -1.5112888731e+00 -4.6325394958e-01  3.4729176889e+00 -1.0284280489e+00 -1.0293640216e+00  1.1696172070e+00 -4.7501999571e-01 -1.4861285174e+00  2.8792160923e+00  5.5150052682e-02 -3.1060174185e+00  2.5585191203e+00 -3.4665938186e-01  4.9612688949e+00  2.6918323444e+00 -8.3197946295e-01  2.5588138651e+00  1.7320251016e+00 -1.7197459780e+00  5.5512102077e-01  2.4503104765e+00 -8.7755017906e-01 -2.0692245351e+00  4.8953324791e-01 -5.0163955243e-01  2.1148115239e+00 -3.5357435794e-01  1.9786884630e-01  6.6300410022e+00 -1.3433160233e+00 -2.1334597013e-02  4.2943473784e+00  2.0915669094e+00  3.5255206878e-02  6.9394678223e+00  2.9425764828e+00 -3.0525258751e+00 -4.9062322877e-01  3.7606874149e+00 -2.1473086204e+00  8.1139743683e-01 -2.2737875510e-01 -1.1950034885e+00  1.6185487417e-02  5.2585547976e-01 -2.4693600381e+00 -9.6481570436e-01  3.6726815506e+00 -7.3831829545e-02 -5.0731274062e-01  4.4073592189e+00 -1.3512620875e+00 -1.5006080753e+00  4.2606880867e-01 -3.9863085008e-01 -2.2871443049e+00  1.2348960446e+00  5.1512679040e-01 -9.9419379836e-01  3.8110688824e+00 -2.9993554656e-01 -3.5571489750e+00  3.0497877958e+00  1.0783992434e+00 -2.7225849091e+00  2.1197447048e+00  1.0679697010e-01 -3.8927198011e+00
ENERGY -7.219383644772e+02

JOB 3
COORDS  3.1133998122e-01  1.6727724721e-01  5.7118530345e+00 -2.6610796642e-01 -7.4591803252e-02  4.4485667394e+00  1.6912603396e+00  7.3732532821e-03  5.8935643445e+00  6.2629472940e-01 -4.9788260182e-01  3.4907383993e+00  2.0095509703e+00 -6.3444444556e-01  3.7517600746e+00  1.6702073543e+00 -1.2596141008e+00  1.7477891107e+00  3.0478250527e+00 -2.1308107433e+00 -4.0843352078e-02  6.9889672146e-01 -1.5883716095e+00 -4.8975074846e-01  3.4665650540e+00 -1.0212796775e+00 -1.0053676773e+00  1.1565022888e+00 -4.8882879539e-01 -1.4511945404e+00  2.8673433833e+00  1.6386661957e-01 -3.0239966894e+00  2.5588117985e+00 -3.8342565735e-01  4.9374612103e+00  2.6555410605e+00 -1.0632591748e+00  2.5884961828e+00  1.7269268239e+00 -1.8343441635e+00  5.2570854189e-01  2.4493712438e+00 -8.3327894093e-01 -2.0444589001e+00  4.3912696352e-01 -7.5240888792e-01  2.1400393824e+00 -3.0649508907e-01  4.8507971612e-01  6.5460087650e+00 -1.3262108457e+00  5.9032473853e-02  4.2546554427e+00  2.1285653038e+00  2.0941323879e-01  6.8697131822e+00  2.9741506620e+00 -3.0814051042e+00 -5.7965643770e-01  3.7631952278e+00 -2.2317275980e+00  7.7435066766e-01 -2.3786955567e-01 -1.3174657755e+00 -4.7562170797e-03  5.4886064850e-01 -2.5203704873e+00 -1.0448432904e+00  3.6435049719e+00 -9.2132525655e-02 -4.3127935725e-01  4.4108352195e+00 -1.2997822626e+00 -1.4853528873e+00  4.1771051260e-01 -3.8272712797e-01 -2.2533000995e+00  1.1988506493e+00  4.7432364745e-01 -9.0550752610e-01  3.8096717949e+00 -1.4699230121e-01 -3.4859507107e+00  3.0143845312e+00  1.1673842654e+00 -2.5827479774e+00  2.1130382667e+00  2.4447157268e-01 -3.8132676383e+00
ENERGY -7.219514136590e+02

JOB 4
COORDS  8.0459605193e-02 -2.9112935679e-01  5.9608735933e+00 -4.1060111569e-01 -2.0768228494e-01  4.6430916992e+00  1.4180165792e+00 -6.4306561980e-01  6.1896699688e+00  5.2255242917e-01 -4.9574268993e-01  3.6722068416e+00  1.8541255426e+00 -8.4350587729e-01  3.9836599206e+00  1.6642077774e+00 -8.7372347891e-01  1.8594729982e+00  3.1130121462e+00 -1.4762270882e+00  1.7349982768e-02  7.2504411291e-01 -9.9769859477e-01 -4.1110990746e-01  3.4426554914e+00 -8.4772092357e-01 -1.3318913985e+00  1.1277867686e+00 -3.8079789866e-01 -1.7474531580e+00  2.6727553193e+00 -5.1401370345e-01 -3.5973981701e+00  2.3204761282e+00 -9.2258379315e-01  5.2285515452e+00  2.5496978953e+00 -1.0831646957e+00  2.8000475551e+00  1.8516161034e+00 -9.2484208307e-01  5.2173425913e-01  2.3338531828e+00 -1.0193219228e+00 -2.2716884229e+00  3.9619204347e-01 -5.1026262400e-01  2.2934213418e+00 -5.7143672149e-01 -8.3470580958e-02  6.8037718603e+00 -1.4380206653e+00  6.1993400547e-02  4.4174459474e+00  1.7868886347e+00 -7.0442328801e-01  7.2119750238e+00  3.0210723649e+00 -2.5657810440e+00 -9.1408292620e-02  3.8955075944e+00 -1.2680558074e+00  7.4680082551e-01 -1.2506521114e-01 -4.6059242599e-01  8.7998613072e-03  4.3526130027e-01 -2.0472603809e+00 -5.6387203489e-01  3.6874826761e+00  2.2198437830e-01 -1.1855840507e+00  4.3312968440e+00 -1.3398386254e+00 -1.7404985822e+00  3.1073674882e-01 -5.2667682382e-01 -2.4618766113e+00  1.2691981955e+00  7.0954206187e-01 -1.6148542265e+00  3.5520075416e+00 -1.0425748825e+00 -3.9787645530e+00  2.8925009236e+00  5.7017156277e-01 -3.6032818920e+00  1.8417606956e+00 -6.9809048916e-01 -4.2857098575e+00
ENERGY -7.219554645180e+02

JOB 5
COORDS  1.1429221495e-01 -1.7102479731e-01  5.9309875263e+00 -3.9862955415e-01 -1.7675572116e-01  4.6181296287e+00  1.4369823505e+00 -5.6850332745e-01  6.1684516297e+00  5.1052474677e-01 -5.5784178916e-01  3.6575959154e+00  1.8303302339e+00 -9.4661921338e-01  3.9779877294e+00  1.6387504910e+00 -9.9933800751e-01  1.8578596077e+00  3.1167442601e+00 -1.5054343736e+00  1.2743000543e-02  7.2377817942e-01 -1.0526748108e+00 -4.2376429720e-01  3.4476726723e+00 -8.2642317329e-01 -1.3113219845e+00  1.1296861560e+00 -3.8437004067e-01 -1.7340089087e+00  2.6937662477e+00 -4.3010806914e-01 -3.5719830687e+00  2.3095081306e+00 -9.6389867010e-01  5.2194656131e+00  2.5015609572e+00 -1.2843225758e+00  2.8011358051e+00  1.8400184620e+00 -9.9575782161e-01  5.2301984352e-01  2.3509825952e+00 -9.8528127261e-01 -2.2672943882e+00  3.4275615852e-01 -7.4948499738e-01  2.2938264224e+00 -5.1234510764e-01  1.3250012972e-01  6.7639262795e+00 -1.4233229248e+00  1.0042017820e-01  4.3890864259e+00  1.8185091663e+00 -5.7297077844e-01  7.1879305035e+00  3.0463198474e+00 -2.5923459224e+00 -1.3151579378e-01  3.8875883287e+00 -1.3077805999e+00  7.5759554260e-01 -1.3793354115e-01 -5.4336995808e-01  7.1010968315e-03  4.5141753964e-01 -2.1006323951e+00 -6.1404308012e-01  3.6722993640e+00  2.4191424274e-01 -1.1270536521e+00  4.3487344945e+00 -1.2889818902e+00 -1.7270383515e+00  3.2192389757e-01 -5.1891841893e-01 -2.4610379040e+00  1.2520466070e+00  7.0303582432e-01 -1.5635151919e+00  3.5857338348e+00 -9.3047111259e-01 -3.9616980771e+00  2.8945762439e+00  6.5726029994e-01 -3.5393444819e+00  1.8727706776e+00 -6.0522790558e-01 -4.2744575947e+00
ENERGY -7.219514446776e+02

JOB 6
COORDS  9.3319149769e-02  6.3075930022e-02  5.8305419619e+00 -4.3983662432e-01 -7.1460303175e-02  4.5291655330e+00  1.3922406180e+00 -3.7781342180e-01  6.1042097368e+00  4.4289213207e-01 -5.8147859283e-01  3.6095419301e+00  1.7519855248e+00 -1.0112940641e+00  3.9663418633e+00  1.5726810726e+00 -1.1539779368e+00  1.8717646093e+00  3.0995304884e+00 -1.5632076402e+00  4.0554310646e-02  7.0667148752e-01 -1.1362476991e+00 -4.3339432938e-01  3.4481045580e+00 -7.9646638679e-01 -1.2301335803e+00  1.1321039522e+00 -3.7923755482e-01 -1.6882958260e+00  2.7443063448e+00 -2.7909095077e-01 -3.4823226885e+00  2.2345927837e+00 -9.2577718957e-01  5.2000170297e+00  2.4135930016e+00 -1.4959763306e+00  2.8182982004e+00  1.7964687466e+00 -1.1191708286e+00  5.4501443449e-01  2.3804254714e+00 -9.2013502457e-01 -2.2233499923e+00  2.5797639322e-01 -9.9488364060e-01  2.2915991394e+00 -5.0630164635e-01  4.9296780673e-01  6.6269093246e+00 -1.4588535874e+00  2.1161961831e-01  4.2824213578e+00  1.7830864108e+00 -2.9310167870e-01  7.1165646151e+00  3.0590974683e+00 -2.6402553311e+00 -1.7067017011e-01  3.8433588219e+00 -1.3942173094e+00  8.1924839423e-01 -1.7605576735e-01 -6.7390543300e-01  7.4403916382e-03  4.6353238021e-01 -2.1756669067e+00 -6.9455226113e-01  3.6428925441e+00  2.6315352871e-01 -9.7496702147e-01  4.3703474330e+00 -1.2124415161e+00 -1.6485189769e+00  3.4705254310e-01 -4.8514276233e-01 -2.4443011190e+00  1.2251678972e+00  6.9790799629e-01 -1.4480512630e+00  3.6570499377e+00 -7.3602245074e-01 -3.8771465723e+00  2.9197149832e+00  8.0813051299e-01 -3.3782407537e+00  1.9459221868e+00 -4.2799119989e-01 -4.2161486432e+00
ENERGY -7.219383194301e+02

JOB 7
COORDS  2.4152005590e-01  2.6382729580e-01  5.6504811262e+00 -3.4739709793e-01 -2.9631416645e-02  4.3943325417e+00  1.5099818843e+00 -2.2705757334e-01  5.9594650340e+00  4.7579161082e-01 -7.0726934156e-01  3.5361957845e+00  1.7715211212e+00 -1.1822099560e+00  3.9304754078e+00  1.5524003910e+00 -1.4598912039e+00  1.8763963650e+00  3.0907434944e+00 -1.7285644611e+00  2.6231281280e-02  6.8501692277e-01 -1.3390920679e+00 -4.3083820610e-01  3.4217576363e+00 -7.9568793439e-01 -1.1342348615e+00  1.0934039800e+00 -4.1575968765e-01 -1.5759224826e+00  2.7217004327e+00 -3.2842865526e-02 -3.3172400559e+00  2.2891679443e+00 -9.6354446155e-01  5.1272929923e+00  2.3762720020e+00 -1.8497841872e+00  2.8249166700e+00  1.7636264740e+00 -1.4037776084e+00  5.5751893425e-01  2.3700112937e+00 -8.3639460644e-01 -2.1512219631e+00  2.2975497306e-01 -1.3695724527e+00  2.3197631948e+00 -3.0119399940e-01  8.4972913870e-01  6.3858835132e+00 -1.3609844980e+00  2.6690590142e-01  4.1407074311e+00  1.9357163840e+00 -2.8526247134e-02  6.9412239809e+00  3.0915577531e+00 -2.7706505086e+00 -3.1790615849e-01  3.8142031729e+00 -1.6311177500e+00  8.3588602725e-01 -2.2004882511e-01 -9.7576220949e-01  5.4226600643e-02  4.9432405144e-01 -2.3478433262e+00 -8.2056862649e-01  3.5712574740e+00  2.3021147195e-01 -7.4567101406e-01  4.3643904102e+00 -1.1197428297e+00 -1.5869040566e+00  3.2306643209e-01 -4.5931813756e-01 -2.3528661532e+00  1.1373928862e+00  6.2645077267e-01 -1.2037299526e+00  3.6564666531e+00 -4.0258583758e-01 -3.7498591942e+00  2.8517408439e+00  1.0394313304e+00 -3.0792143572e+00  1.9382571857e+00 -1.2232735753e-01 -4.0763024483e+00
ENERGY -7.219152927900e+02

JOB 8
COORDS  4.0997724675e-01  6.0365728596e-01  5.2647562114e+00 -2.5405444118e-01  1.0805210192e-01  4.1064865280e+00  1.6373772615e+00  7.4198942450e-02  5.6465846304e+00  4.8213766747e-01 -7.8451713336e-01  3.3848815142e+00  1.7637645505e+00 -1.2954080179e+00  3.8559355641e+00  1.4974184733e+00 -1.7886576289e+00  1.9074261791e+00  3.0622994271e+00 -1.8910587001e+00  6.2574496821e-02  6.5215419799e-01 -1.5324538441e+00 -4.0059267191e-01  3.3786462376e+00 -7.7881990901e-01 -9.3347853866e-01  1.0443791647e+00 -4.2877547724e-01 -1.3804687242e+00  2.6944837275e+00  2.7782267845e-01 -2.9965164810e+00  2.3305764113e+00 -8.8621100897e-01  4.9705180683e+00  2.3039311674e+00 -2.2095511346e+00  2.8593615577e+00  1.7102044626e+00 -1.7012124284e+00  5.9898830125e-01  2.3518256912e+00 -7.0537365528e-01 -1.9739059720e+00  1.7024345263e-01 -1.7192137145e+00  2.3625995619e+00 -5.4114358790e-02  1.3748500573e+00  5.8717767118e+00 -1.2560974684e+00  4.2195484079e-01  3.8284808014e+00  2.1105182429e+00  4.2712867066e-01  6.5608385154e+00  3.1063554744e+00 -2.8661988462e+00 -4.3656935362e-01  3.7600858418e+00 -1.8935156344e+00  9.0010264363e-01 -2.7997253580e-01 -1.2931309099e+00  1.0859445690e-01  5.2836395309e-01 -2.4788198415e+00 -9.4153116245e-01  3.4758624608e+00  1.7996332389e-01 -3.8857476764e-01  4.3441384028e+00 -9.9252088210e-01 -1.4030650325e+00  2.9524271121e-01 -3.8529610454e-01 -2.1778059171e+00  1.0318351401e+00  5.4535984309e-01 -8.5369309147e-01  3.6535426686e+00  1.4073421341e-02 -3.4527612166e+00  2.7728895495e+00  1.3061854507e+00 -2.5974666658e+00  1.9325764655e+00  2.7251653839e-01 -3.7822051200e+00
ENERGY -7.218821454768e+02

