JOB 0
COORDS -5.4931135928e+00 -3.5648130601e+00  8.0133272740e-01 -4.4486741075e+00 -4.4755983363e+00  9.7027496989e-01 -5.7117995341e+00 -2.5662895892e+00  1.7548370544e+00 -3.6127040285e+00 -4.4135070068e+00  2.0945033863e+00 -4.8977717201e+00 -2.4698744848e+00  2.8900284169e+00 -3.8638142280e+00 -3.4082213265e+00  3.0396659817e+00 -2.6810460434e+00 -3.6654500062e+00  6.5357816812e+00 -2.4782733782e+00 -5.3925153111e+00  2.2824552795e+00 -5.0985172707e+00 -1.3852501861e+00  3.9212636326e+00 -1.1863377654e+00 -1.9630103976e+00  7.5207472792e+00 -3.3941890625e+00 -4.1148406256e+00  5.2643979031e+00 -1.9472503635e+00 -2.5296422974e+00  6.4185408688e+00 -2.8131950552e+00 -4.3207730195e+00  7.5698513752e+00 -3.0304425661e+00 -3.2885339828e+00  4.1507825443e+00 -6.1307474323e+00 -3.6262692759e+00 -7.6671182169e-02 -4.2713485472e+00 -5.2430363774e+00  2.2010746108e-01 -6.5188071090e+00 -1.8505666189e+00  1.6163069049e+00 -1.6235475021e+00 -4.9184182384e+00  2.7717472920e+00 -2.7833738698e+00 -6.2419343293e+00  2.9055479961e+00 -2.1503320509e+00 -5.7961400092e+00  1.3206906287e+00 -5.3060413716e+00 -1.7990691200e+00  4.9137742574e+00 -4.2020570615e+00 -7.6412236348e-01  4.0193871073e+00 -5.9349790387e+00 -7.3807110864e-01  3.6456025526e+00 -1.4762553430e+00 -9.2161510380e-01  7.6967172922e+00 -1.0990213012e-01 -2.0031518394e+00  7.3188444220e+00 -1.4009454632e+00 -2.5494408287e+00  8.4146738517e+00 -3.1270195931e+00 -5.1610486127e+00  5.0809642940e+00 -4.4737055208e+00 -4.0674354639e+00  5.4461713388e+00 -1.9095679123e+00 -2.1072118122e+00  5.4988733956e+00
ENERGY -6.335394631538e+02

JOB 1
COORDS -5.5492785250e+00 -3.4764332694e+00  8.8036741309e-01 -4.5573985832e+00 -4.4565087351e+00  9.5336548967e-01 -5.6365206680e+00 -2.4941854389e+00  1.8707456091e+00 -3.6431518896e+00 -4.4782807154e+00  2.0160183191e+00 -4.7402487233e+00 -2.4805061933e+00  2.9468858001e+00 -3.7598513283e+00 -3.4841080980e+00  2.9985090008e+00 -2.6277593533e+00 -3.7079220467e+00  6.4736192335e+00 -2.5672165443e+00 -5.5337681432e+00  2.1065649569e+00 -4.8019953851e+00 -1.4155505292e+00  4.0155330897e+00 -1.4635514926e+00 -1.7879863708e+00  7.5056236762e+00 -3.1659212279e+00 -4.2868972267e+00  5.1675101514e+00 -2.0447155243e+00 -2.4869268425e+00  6.3706023497e+00 -2.7547548428e+00 -4.3474696729e+00  7.5180427248e+00 -2.8427906173e+00 -3.4497175252e+00  4.0475586727e+00 -6.2498659869e+00 -3.4733935031e+00  4.9477629703e-02 -4.4845869035e+00 -5.2138646188e+00  1.7610204752e-01 -6.4052477376e+00 -1.7274248319e+00  1.8087833437e+00 -1.6337647843e+00 -5.1141162862e+00  2.4911611972e+00 -2.8626221746e+00 -6.3464796733e+00  2.7810323654e+00 -2.3734147598e+00 -5.9770434398e+00  1.1262046579e+00 -4.8947815869e+00 -1.8457412368e+00  5.0177997959e+00 -3.8923529694e+00 -8.0465496746e-01  4.0154820189e+00 -5.6543679852e+00 -7.5121699097e-01  3.8521454364e+00 -1.9142406067e+00 -7.9660643185e-01  7.6227858034e+00 -3.8020696302e-01 -1.6741938810e+00  7.3860869752e+00 -1.6610633225e+00 -2.3779228996e+00  8.4012371599e+00 -2.7360018115e+00 -5.2861423537e+00  5.0404780135e+00 -4.2509183412e+00 -4.3938103408e+00  5.2706917564e+00 -1.9921903525e+00 -2.0898617844e+00  5.4404498278e+00
ENERGY -6.335394789422e+02

JOB 2
COORDS -5.3120219187e+00 -3.9288744860e+00  5.3898040090e-01 -4.0109050276e+00 -4.3277945804e+00  8.5096634263e-01 -6.0745664114e+00 -3.2372540283e+00  1.4834908861e+00 -3.4546100622e+00 -4.0491974174e+00  2.1068821829e+00 -5.5550243764e+00 -2.9412905806e+00  2.7504970526e+00 -4.2470948038e+00 -3.3621587020e+00  3.0397038931e+00 -4.1577857788e+00 -3.6286296496e+00  6.6305098714e+00 -2.0453647392e+00 -4.4670470378e+00  2.4515178439e+00 -6.3676186541e+00 -2.1844522159e+00  3.7731339635e+00 -4.9025925650e+00 -1.6840892109e+00  7.9610258374e+00 -3.6875997093e+00 -4.0949112735e+00  5.2531822479e+00 -4.4435196808e+00 -2.3061899956e+00  6.7298313435e+00 -4.2365051659e+00 -4.4426792045e+00  7.5508615486e+00 -3.7041658884e+00 -3.0363328730e+00  4.2816113737e+00 -5.7293320307e+00 -4.1503956729e+00 -4.3976134338e-01 -3.4129061896e+00 -4.8560853745e+00  1.1189205851e-01 -7.0860613727e+00 -2.9221635986e+00  1.2380154456e+00 -1.5253428009e+00 -3.6793623852e+00  3.0042561342e+00 -2.0360419878e+00 -5.3659427954e+00  3.0793142637e+00 -1.4749190757e+00 -4.6930969845e+00  1.5468960618e+00 -6.4686926941e+00 -2.7435895210e+00  4.7083408634e+00 -5.8973360348e+00 -1.2258703026e+00  4.0206979586e+00 -7.3706303703e+00 -1.9758536076e+00  3.3923238779e+00 -5.8850987170e+00 -1.2201094356e+00  7.8205135091e+00 -4.1947020452e+00 -9.2088410147e-01  8.3027261783e+00 -4.9808437881e+00 -2.4614255087e+00  8.7218711964e+00 -2.6706859864e+00 -4.4860769562e+00  5.3637820116e+00 -4.3379401714e+00 -4.9175919583e+00  4.9424211739e+00 -4.3375111343e+00 -1.7580381772e+00  5.8852161144e+00
ENERGY -6.335389686373e+02

JOB 3
COORDS -5.4180731066e+00 -3.9042408920e+00  5.1365182730e-01 -4.0946028084e+00 -4.2519082075e+00  7.9097011584e-01 -6.1389283853e+00 -3.1293321820e+00  1.4246434556e+00 -3.4781706139e+00 -3.8395655068e+00  1.9794792464e+00 -5.5604230395e+00 -2.7013116167e+00  2.6275007763e+00 -4.2329277426e+00 -3.0775686569e+00  2.8873117405e+00 -4.1773651895e+00 -3.2305839499e+00  6.3947875534e+00 -2.0392967387e+00 -4.1880247453e+00  2.2767342230e+00 -6.3426536016e+00 -1.8567926650e+00  3.6041822932e+00 -5.2588113895e+00 -1.3846306616e+00  7.6320797068e+00 -3.4633768313e+00 -3.6117138058e+00  5.0967931276e+00 -4.5458091848e+00 -1.9273715081e+00  6.4871907178e+00 -4.3312417941e+00 -4.0737287742e+00  7.2783353265e+00 -3.6173654922e+00 -2.6304357728e+00  4.0564211333e+00 -5.8837451327e+00 -4.2280687723e+00 -4.1336845734e-01 -3.5259396015e+00 -4.8411274454e+00  7.5214193458e-02 -7.1668595488e+00 -2.8510946237e+00  1.2043546080e+00 -1.5044300300e+00 -3.3273287096e+00  2.6889000279e+00 -1.9622746905e+00 -4.9988897292e+00  3.0105025760e+00 -1.5249017909e+00 -4.5162407791e+00  1.3698964739e+00 -6.4574622537e+00 -2.3559421561e+00  4.5709554156e+00 -5.8435340407e+00 -8.9903985208e-01  3.7894134227e+00 -7.3407967648e+00 -1.6429155015e+00  3.2137270852e+00 -6.3082385037e+00 -1.1793761390e+00  7.3882632774e+00 -4.7857533671e+00 -4.5820805935e-01  7.9726132860e+00 -5.2217970051e+00 -2.1223739486e+00  8.4343418830e+00 -2.3973100595e+00 -3.7247366016e+00  5.3215436792e+00 -3.8530851765e+00 -4.5822931496e+00  4.7818075644e+00 -4.4098133568e+00 -1.3629092916e+00  5.6578922998e+00
ENERGY -6.335379536753e+02

JOB 4
COORDS -5.5124738973e+00 -3.9835296874e+00  6.7721718562e-01 -4.1863866037e+00 -4.3541322465e+00  9.0593916780e-01 -6.1527498435e+00 -3.1185473529e+00  1.5659985712e+00 -3.4915356636e+00 -3.8821710273e+00  2.0267792925e+00 -5.4963937465e+00 -2.6297088222e+00  2.7044518389e+00 -4.1721746950e+00 -3.0418456818e+00  2.9269135350e+00 -4.1237089349e+00 -3.2656650975e+00  6.3188479278e+00 -2.0407795265e+00 -4.2428404249e+00  2.2456371601e+00 -6.2045559690e+00 -1.6814036714e+00  3.6418311861e+00 -5.4453890717e+00 -1.5902435300e+00  7.5687336184e+00 -3.2347134371e+00 -3.4806917975e+00  5.0911522128e+00 -4.5562153193e+00 -1.9885266237e+00  6.4895051638e+00 -4.3364200546e+00 -4.1920370501e+00  7.1002755178e+00 -3.4697611405e+00 -2.5431755337e+00  4.0260703569e+00 -6.0394073519e+00 -4.3529769216e+00 -1.9850570720e-01 -3.6743953078e+00 -5.0048270421e+00  2.0068253359e-01 -7.1792705542e+00 -2.8127102528e+00  1.3780121681e+00 -1.4760527411e+00 -3.3855224611e+00  2.6226547924e+00 -1.9250876654e+00 -5.0538797371e+00  2.9740397311e+00 -1.5827808804e+00 -4.5767310583e+00  1.3109628454e+00 -6.4171218861e+00 -2.1517785322e+00  4.6064331186e+00 -5.6019233925e+00 -7.8771201452e-01  3.8348729464e+00 -7.1548288032e+00 -1.3570143174e+00  3.2101375406e+00 -6.4661296113e+00 -1.4195717402e+00  7.2045269576e+00 -5.0812153885e+00 -6.7453226879e-01  8.0447109300e+00 -5.4644922397e+00 -2.3942265019e+00  8.3051723859e+00 -2.1906542315e+00 -3.3720933509e+00  5.4032785116e+00 -3.3919681481e+00 -4.5078052474e+00  4.7581318185e+00 -4.3789669752e+00 -1.3502953236e+00  5.7242049929e+00
ENERGY -6.335364756399e+02

JOB 5
COORDS -5.5992350581e+00 -4.0831262062e+00  8.7998143218e-01 -4.2808446213e+00 -4.4892690089e+00  1.0866020863e+00 -6.1456774010e+00 -3.0833939889e+00  1.6854049502e+00 -3.5031897778e+00 -3.9292239692e+00  2.1085583132e+00 -5.4078351471e+00 -2.5040746079e+00  2.7268054783e+00 -4.0987745783e+00 -2.9673616085e+00  2.9475706683e+00 -3.9849423839e+00 -3.2466559405e+00  6.2121131932e+00 -2.0523998071e+00 -4.3291798859e+00  2.2573020091e+00 -6.0216051075e+00 -1.4003587112e+00  3.5555342705e+00 -5.6098860747e+00 -1.8677543880e+00  7.4699268153e+00 -2.9814543887e+00 -3.2372002826e+00  5.0543238718e+00 -4.6084728748e+00 -2.0587505508e+00  6.4331031521e+00 -4.1197031977e+00 -4.2497498873e+00  6.9114150641e+00 -3.3312576958e+00 -2.3793693845e+00  3.9562636438e+00 -6.1883020325e+00 -4.5227017627e+00  7.9512059532e-02 -3.8342142480e+00 -5.2361394971e+00  4.3396618318e-01 -7.1607820059e+00 -2.7373602932e+00  1.5045476083e+00 -1.4535037852e+00 -3.5101522621e+00  2.6632271065e+00 -1.9286261902e+00 -5.1928572418e+00  2.9212178338e+00 -1.6365314771e+00 -4.6082225191e+00  1.2851962476e+00 -6.3984350912e+00 -1.7798844493e+00  4.5105043016e+00 -5.2969681301e+00 -6.0850913472e-01  3.7672074336e+00 -6.8641226785e+00 -9.5026942853e-01  3.0238283878e+00 -6.6172779465e+00 -1.7824448652e+00  7.0441105394e+00 -5.3930085662e+00 -9.6530796486e-01  8.0500710467e+00 -5.5798734462e+00 -2.7345514006e+00  8.1307717905e+00 -2.0201746638e+00 -2.8773453137e+00  5.4347107053e+00 -2.8629961237e+00 -4.2727921998e+00  4.7362679675e+00 -4.4609605046e+00 -1.3352134990e+00  5.7419213978e+00
ENERGY -6.335347908498e+02

JOB 6
COORDS -6.0036044516e+00 -3.8924282862e+00  1.2711534048e+00 -4.7578551461e+00 -4.4717025717e+00  1.5122523092e+00 -6.3024089726e+00 -2.6436835851e+00  1.8220710394e+00 -3.8019716365e+00 -3.8434572182e+00  2.3251237780e+00 -5.3835875703e+00 -1.9838314071e+00  2.6466351912e+00 -4.1541854774e+00 -2.6190516977e+00  2.9236491111e+00 -3.7688239511e+00 -2.6034189260e+00  6.1302588973e+00 -2.4283520505e+00 -4.4574264284e+00  2.4755901013e+00 -5.6718847717e+00 -6.0808201385e-01  3.2004632207e+00 -6.0735688221e+00 -2.9362980623e+00  6.9145701496e+00 -2.7968389464e+00 -2.5140606066e+00  4.9468720314e+00 -5.0895233551e+00 -2.7660571858e+00  5.8530731940e+00 -3.3177736138e+00 -2.5672727115e+00  7.2756160697e+00 -3.2841114609e+00 -1.9127310472e+00  3.7405612937e+00 -6.7267345232e+00 -4.3976408863e+00  6.3665265927e-01 -4.5043002103e+00 -5.4208417596e+00  1.0452198713e+00 -7.2570159534e+00 -2.1687832686e+00  1.6080095245e+00 -1.6575670099e+00 -3.6897434540e+00  2.5835426444e+00 -2.3622471922e+00 -5.1257487376e+00  3.3423396499e+00 -2.1877520986e+00 -5.0546272759e+00  1.5917965602e+00 -5.5440640881e+00 -5.6859038276e-01  4.2857353772e+00 -4.9813530484e+00  1.2999808867e-01  2.7786301704e+00 -6.6922767921e+00 -3.0096465948e-01  2.9562756680e+00 -6.0651319567e+00 -3.9565371910e+00  7.3156970053e+00 -7.0664528490e+00 -2.7153219327e+00  6.5163586390e+00 -5.8484576175e+00 -2.2478047201e+00  7.7311163018e+00 -1.9716596263e+00 -1.8819888112e+00  5.2749276247e+00 -2.4024333688e+00 -3.5185692620e+00  4.7724183406e+00 -5.3788498165e+00 -2.8991103665e+00  4.8922204264e+00
ENERGY -6.335337733452e+02

JOB 7
COORDS -6.0453106136e+00 -3.8904291424e+00  1.3250076906e+00 -4.8326285629e+00 -4.5017659283e+00  1.6432375270e+00 -6.3027593448e+00 -2.5940729571e+00  1.7770726234e+00 -3.8670352302e+00 -3.8565199448e+00  2.4312467347e+00 -5.3743279034e+00 -1.9152145392e+00  2.5743358059e+00 -4.1754357038e+00 -2.5739593494e+00  2.9222502366e+00 -3.7359539408e+00 -2.7684885428e+00  6.0453063798e+00 -2.5352426832e+00 -4.5290890685e+00  2.6745185966e+00 -5.6250058285e+00 -5.0030733455e-01  3.0415255440e+00 -6.0184690987e+00 -3.2226822681e+00  6.8079769969e+00 -2.7731478892e+00 -2.3565637502e+00  4.9252799337e+00 -5.0716181448e+00 -2.7617700717e+00  5.7989310757e+00 -3.2492778325e+00 -3.0771558262e+00  7.1339745338e+00 -3.3096015910e+00 -1.8284201051e+00  3.7070151722e+00 -6.7748634826e+00 -4.4116427716e+00  7.1124579159e-01 -4.6130539728e+00 -5.4955319367e+00  1.2595213835e+00 -7.2328744394e+00 -2.0982212790e+00  1.5095071556e+00 -1.7105005208e+00 -3.8124341824e+00  2.6241953025e+00 -2.4912985037e+00 -5.0250910174e+00  3.6509076639e+00 -2.3595477928e+00 -5.2955258031e+00  1.9151380008e+00 -5.5518391375e+00 -4.0859429232e-01  4.1297650906e+00 -4.8800101313e+00  1.8494529528e-01  2.6239349568e+00 -6.6167394106e+00 -1.6221565380e-01  2.7300214443e+00 -5.9837273715e+00 -4.3115678998e+00  6.9288989710e+00 -7.0252517844e+00 -2.9254175009e+00  6.5069135995e+00 -5.7777615298e+00 -2.7655039115e+00  7.7694776214e+00 -2.1611893903e+00 -1.5489875780e+00  5.3309686881e+00 -2.1121210674e+00 -3.2073459308e+00  4.7506786567e+00 -5.3920925106e+00 -2.6689303608e+00  4.8437178710e+00
ENERGY -6.335340591489e+02

JOB 8
COORDS -5.9565362927e+00 -3.9115118618e+00  1.2337581514e+00 -4.8013662852e+00 -4.5513981297e+00  1.6804012683e+00 -6.1948701686e+00 -2.5863418429e+00  1.6056611937e+00 -3.8727412566e+00 -3.9063401121e+00  2.5135417746e+00 -5.3068507507e+00 -1.9080905114e+00  2.4458436490e+00 -4.1648589979e+00 -2.5894146244e+00  2.9141665520e+00 -3.7707437543e+00 -3.1895266011e+00  5.8125835071e+00 -2.5985578121e+00 -4.6299601045e+00  2.8905553915e+00 -5.5452538019e+00 -4.6698807545e-01  2.8329292617e+00 -6.1186152557e+00 -3.4924875234e+00  6.5005350064e+00 -2.8013560775e+00 -2.3840948415e+00  4.9396273958e+00 -5.0587429433e+00 -2.7508835655e+00  5.8301812998e+00 -3.3499239212e+00 -4.1298149898e+00  6.4862520534e+00 -3.3467399825e+00 -1.8253970296e+00  3.7387834882e+00 -6.6552165064e+00 -4.4341665492e+00  5.8620086931e-01 -4.5953244367e+00 -5.5718536919e+00  1.3657977611e+00 -7.0803327359e+00 -2.0693972781e+00  1.2431130317e+00 -1.7203799262e+00 -3.9939478315e+00  2.7417158336e+00 -2.5985483013e+00 -4.9682187525e+00  3.9316505646e+00 -2.4757025024e+00 -5.5140400874e+00  2.2597851332e+00 -5.6006297260e+00 -3.2670266827e-01  3.9189697722e+00 -4.7280691574e+00  1.7474916729e-01  2.4883150634e+00 -6.4792090521e+00 -1.0152305341e-01  2.3984881058e+00 -6.6290286862e+00 -4.1740508047e+00  5.8095501738e+00 -6.8484252466e+00 -2.7953420429e+00  6.9214730988e+00 -5.6721481675e+00 -4.0767526084e+00  7.3052086034e+00 -2.4571970452e+00 -1.5204315192e+00  5.5165484316e+00 -1.9408077343e+00 -3.0222549793e+00  4.7433891007e+00 -5.3240419977e+00 -2.0689413713e+00  5.1325348283e+00
ENERGY -6.335343108937e+02

JOB 9
COORDS -5.9912803725e+00 -3.9454506408e+00  1.4226846609e+00 -4.8210268046e+00 -4.5819080889e+00  1.8371075743e+00 -6.2021210010e+00 -2.6038943243e+00  1.7516806344e+00 -3.8522459967e+00 -3.9109804169e+00  2.5990013857e+00 -5.2690495470e+00 -1.9003740408e+00  2.5210565414e+00 -4.1165667018e+00 -2.5785163096e+00  2.9609611859e+00 -3.7790189821e+00 -3.1762940359e+00  5.7790241476e+00 -2.5592761825e+00 -4.6043342206e+00  2.9624025363e+00 -5.4719213623e+00 -4.4221127316e-01  2.8608195612e+00 -6.1368783289e+00 -3.5618390893e+00  6.3649144009e+00 -2.7925502879e+00 -2.2961088608e+00  4.9993506899e+00 -5.0664653483e+00 -2.7319112905e+00  5.8246687382e+00 -3.3805733810e+00 -4.1789595843e+00  6.3704637485e+00 -3.2290454511e+00 -1.8201301179e+00  3.7147043366e+00 -6.7252008352e+00 -4.4848100620e+00  8.2996827542e-01 -4.6382268312e+00 -5.6154663427e+00  1.5520557103e+00 -7.1000138255e+00 -2.0942107614e+00  1.4097978655e+00 -1.7021508050e+00 -3.9419567845e+00  2.8060968099e+00 -2.5434266215e+00 -4.9328488666e+00  4.0064817607e+00 -2.4187067569e+00 -5.4883751238e+00  2.3350306554e+00 -5.4395272360e+00 -2.5344559582e-01  3.9404490461e+00 -4.6811868963e+00  1.7685158187e-01  2.4247825722e+00 -6.4350195591e+00 -8.8018580396e-02  2.4844498038e+00 -6.5106023089e+00 -4.2718732371e+00  5.6172605958e+00 -6.9584990969e+00 -2.9220382149e+00  6.6964687041e+00 -5.7490260627e+00 -4.1214209333e+00  7.2162606302e+00 -2.5801115944e+00 -1.3951770379e+00  5.5835351702e+00 -1.8707406013e+00 -2.8722536251e+00  4.9065429932e+00 -5.3267493497e+00 -2.0101055368e+00  5.1661601182e+00
ENERGY -6.335334351294e+02

JOB 10
COORDS -6.0377739594e+00 -3.9591660764e+00  1.5362796290e+00 -4.8652453938e+00 -4.6071950373e+00  1.9286964137e+00 -6.2150643759e+00 -2.6043638625e+00  1.8306119262e+00 -3.8614080885e+00 -3.9303234627e+00  2.6367019367e+00 -5.2421919355e+00 -1.8943148447e+00  2.5440087301e+00 -4.0901303118e+00 -2.5830454603e+00  2.9629409388e+00 -3.7931587470e+00 -3.1316539692e+00  5.7483728245e+00 -2.5666516305e+00 -4.6183242641e+00  2.9995253857e+00 -5.4032872971e+00 -4.2322079857e-01  2.8481925372e+00 -6.1466954432e+00 -3.6253635733e+00  6.2529910189e+00 -2.8216812417e+00 -2.1895585194e+00  5.0215368380e+00 -5.0941958218e+00 -2.7240008615e+00  5.7965379272e+00 -3.3821854868e+00 -4.1506253221e+00  6.3017816608e+00 -3.1423606009e+00 -1.8436418828e+00  3.6578040365e+00 -6.8019228825e+00 -4.5015859630e+00  9.8589922035e-01 -4.7121813654e+00 -5.6524404095e+00  1.6698774343e+00 -7.1160211549e+00 -2.0900178122e+00  1.5039288949e+00 -1.7137759521e+00 -3.9550161736e+00  2.8247453812e+00 -2.5426229413e+00 -4.9186467288e+00  4.0517288559e+00 -2.4303671789e+00 -5.5168225027e+00  2.3918811424e+00 -5.3261314231e+00 -2.0498069656e-01  3.9202302479e+00 -4.6167260727e+00  1.6550255730e-01  2.3652888382e+00 -6.3723912035e+00 -5.8323327769e-02  2.4982851945e+00 -6.4352985407e+00 -4.3338326197e+00  5.4670893578e+00 -7.0195282092e+00 -3.0383165818e+00  6.5485645294e+00 -5.7806644995e+00 -4.1860254485e+00  7.1132579665e+00 -2.7583353176e+00 -1.2416173790e+00  5.5666908460e+00 -1.8455597588e+00 -2.6776513065e+00  5.0500147856e+00 -5.3681012166e+00 -1.9881887876e+00  5.1592709429e+00
ENERGY -6.335317469119e+02

JOB 11
COORDS -5.9011376001e+00 -4.0335946568e+00  1.0032732021e+00 -4.5325621253e+00 -4.3120750647e+00  9.8655455997e-01 -6.4351197685e+00 -3.2165922194e+00  2.0037437386e+00 -3.6703935699e+00 -3.7687993094e+00  1.9494771631e+00 -5.6061145095e+00 -2.6493091723e+00  2.9799815743e+00 -4.2277248970e+00 -2.9174977225e+00  2.9179931702e+00 -2.4923972917e+00 -7.7095551077e-01  2.1278835940e+00 -2.1978203625e+00 -4.1023428982e+00  1.9641729620e+00 -6.1602067899e+00 -1.7774347534e+00  4.0826704296e+00 -3.7854457862e+00  2.3677725411e-02  1.9957961888e-01 -2.5276523695e+00 -1.2742090375e+00  3.5796649971e+00 -3.6660907413e+00 -2.9540082995e-01  1.6185556793e+00 -1.4297657186e+00 -7.3687088214e-01  1.5080572725e+00 -3.4268550628e+00 -2.3587362940e+00  3.9023807253e+00 -6.5531082343e+00 -4.4658701165e+00  2.4883941984e-01 -4.1235618194e+00 -4.9712840173e+00  2.2418843882e-01 -7.5039556339e+00 -3.0169396764e+00  2.0310267479e+00 -1.5905944240e+00 -3.2929509091e+00  1.5469698895e+00 -1.8513721082e+00 -4.2745720791e+00  2.9876822175e+00 -2.0036114641e+00 -5.0038147711e+00  1.3769723944e+00 -5.9796291206e+00 -2.2267671618e+00  5.0643787154e+00 -5.6868043434e+00 -7.8873036779e-01  4.1083751051e+00 -7.2368618292e+00 -1.6334377322e+00  3.9606967016e+00 -4.6599491730e+00  6.6103003294e-01  4.9639361632e-02 -3.8900279306e+00 -8.8323383310e-01 -4.0836316990e-01 -2.8899731802e+00  5.5715767768e-01 -1.1996514956e-01 -1.5124550862e+00 -1.5999110040e+00  3.8112861289e+00 -2.7907618424e+00 -4.3720083981e-01  4.2375675020e+00 -4.5179596070e+00 -5.5944938232e-01  2.0960715971e+00
ENERGY -6.335303262163e+02

JOB 12
COORDS -5.8509623664e+00 -4.1020296083e+00  9.9075015774e-01 -4.4817600042e+00 -4.3725040747e+00  1.0202032229e+00 -6.4108666616e+00 -3.2504502400e+00  1.9472343310e+00 -3.6428510161e+00 -3.7888159245e+00  1.9807565353e+00 -5.6082378944e+00 -2.6388693397e+00  2.9174555916e+00 -4.2262382893e+00 -2.8972088878e+00  2.8963975839e+00 -2.4865178855e+00 -7.9429598786e-01  2.0682270011e+00 -2.1748707055e+00 -4.1382180445e+00  2.0481322932e+00 -6.1987521440e+00 -1.7369410378e+00  3.9759547625e+00 -3.9002480118e+00  1.5363186549e-01  2.9719387445e-01 -2.4417790459e+00 -1.3343775070e+00  3.5055657924e+00 -3.6530177300e+00 -1.9535008224e-01  1.6920933080e+00 -1.4932556422e+00 -8.5282885088e-01  1.3447560730e+00 -3.4640332981e+00 -2.2814199941e+00  3.8802151682e+00 -6.4826751476e+00 -4.5677346489e+00  2.3898028071e-01 -4.0515738195e+00 -5.0619021717e+00  2.9731483675e-01 -7.4812396064e+00 -3.0573706535e+00  1.9437597413e+00 -1.5473455637e+00 -3.3582970385e+00  1.6055335875e+00 -1.8557225138e+00 -4.2707535943e+00  3.0865913618e+00 -1.9807652206e+00 -5.0697970271e+00  1.5099725495e+00 -6.0436720448e+00 -2.1528960221e+00  4.9766456388e+00 -5.7340113502e+00 -7.4359848247e-01  3.9885842713e+00 -7.2724056672e+00 -1.6052648683e+00  3.8188686138e+00 -4.7084913072e+00  8.8714554048e-01  2.4921967190e-01 -4.1754284579e+00 -7.2849996312e-01 -2.9348822161e-01 -2.9932913312e+00  5.8791620102e-01 -1.2405707381e-01 -1.4599578460e+00 -1.7960356559e+00  3.6272923874e+00 -2.5293211921e+00 -5.0044850608e-01  4.2103253641e+00 -4.4641097708e+00 -3.6542147885e-01  2.2714959943e+00
ENERGY -6.335317425825e+02

JOB 13
COORDS -5.8318471425e+00 -4.2045141101e+00  1.0609109294e+00 -4.4622751653e+00 -4.4651245416e+00  1.1107268979e+00 -6.3982946275e+00 -3.3091344843e+00  1.9720006679e+00 -3.6284096576e+00 -3.8315595316e+00  2.0448588569e+00 -5.6024197090e+00 -2.6448372884e+00  2.9114433245e+00 -4.2170578221e+00 -2.8949213555e+00  2.9122224941e+00 -2.3762563559e+00 -8.1996635962e-01  2.0749105862e+00 -2.1641266812e+00 -4.1975333156e+00  2.1259225629e+00 -6.2061140169e+00 -1.6951538812e+00  3.9196121190e+00 -3.7719120140e+00  2.4732947618e-01  3.5407261994e-01 -2.3421149102e+00 -1.4303962862e+00  3.4827828266e+00 -3.5379611672e+00 -2.0147625034e-01  1.7217600280e+00 -1.3738528352e+00 -8.4806818187e-01  1.3619446811e+00 -3.4868228909e+00 -2.2075443506e+00  3.8741149517e+00 -6.4577038841e+00 -4.7107936661e+00  3.3094190780e-01 -4.0249974994e+00 -5.1884896036e+00  4.2630904709e-01 -7.4694200841e+00 -3.1211835955e+00  1.9561031484e+00 -1.5206235230e+00 -3.4390133801e+00  1.6689609501e+00 -1.8486270452e+00 -4.3225504934e+00  3.1664574772e+00 -1.9842443428e+00 -5.1416750788e+00  1.6052354777e+00 -6.0526420289e+00 -2.0566084273e+00  4.9415544443e+00 -5.7517424367e+00 -6.9783662884e-01  3.8830345753e+00 -7.2801140279e+00 -1.5832605466e+00  3.7502695304e+00 -4.5389040972e+00  1.0256541114e+00  3.5632248973e-01 -4.0970082911e+00 -5.7891802662e-01 -2.8963065371e-01 -2.8434196644e+00  6.5692146733e-01 -4.4258345756e-02 -1.4305440633e+00 -2.0271166086e+00  3.5397707675e+00 -2.2752631350e+00 -6.2439245337e-01  4.2203135779e+00 -4.3501465717e+00 -3.8863468969e-01  2.2941460157e+00
ENERGY -6.335334344729e+02

JOB 14
COORDS -5.8766622749e+00 -4.3675130461e+00  1.1399108838e+00 -4.5068428247e+00 -4.6156730112e+00  1.2142849368e+00 -6.4541642661e+00 -3.4359940616e+00  2.0058169477e+00 -3.6797503102e+00 -3.9403461376e+00  2.1265081010e+00 -5.6687242005e+00 -2.7276660393e+00  2.9201528819e+00 -4.2801376442e+00 -2.9698774653e+00  2.9497749185e+00 -2.3052373586e+00 -8.5594899382e-01  2.2114505406e+00 -2.2176394287e+00 -4.3199595694e+00  2.2132364378e+00 -6.2892146981e+00 -1.7372066661e+00  3.8779910829e+00 -3.6033453211e+00  3.7081057870e-01  5.1493263173e-01 -2.3500004266e+00 -1.5886169204e+00  3.5574613939e+00 -3.4591917308e+00 -2.4659849208e-01  1.8268037534e+00 -1.2491241658e+00 -7.9542143666e-01  1.5820241288e+00 -3.5925631492e+00 -2.2167541948e+00  3.8948625112e+00 -6.4920839389e+00 -4.9089705183e+00  4.2666095724e-01 -4.0597392103e+00 -5.3647991493e+00  5.6494374348e-01 -7.5255627020e+00 -3.2521494190e+00  1.9733755691e+00 -1.5605287122e+00 -3.5685802548e+00  1.7637080692e+00 -1.9044949293e+00 -4.4650935146e+00  3.2517791168e+00 -2.0484681246e+00 -5.2610244322e+00  1.6837288355e+00 -6.1373470174e+00 -2.0456785557e+00  4.9174295144e+00 -5.8480823979e+00 -7.3708022943e-01  3.7939020368e+00 -7.3634635576e+00 -1.6482890075e+00  3.6972529643e+00 -4.3110011496e+00  1.2017344294e+00  5.7728926974e-01 -3.9590098054e+00 -3.4965036080e-01 -2.3146798946e-01 -2.6298928808e+00  7.4823736542e-01  2.0121005560e-01 -1.5175049378e+00 -2.2907405918e+00  3.5674673844e+00 -2.1841408557e+00 -8.5598746648e-01  4.3531046827e+00 -4.2995714117e+00 -4.8197341469e-01  2.3369908235e+00
ENERGY -6.335343092429e+02

JOB 15
COORDS -5.9035772221e+00 -4.2965015008e+00  1.1095804082e+00 -4.5535362817e+00 -4.6204287964e+00  1.2439941303e+00 -6.4619799989e+00 -3.3156516502e+00  1.9325791733e+00 -3.7282362660e+00 -3.9667283312e+00  2.1719971331e+00 -5.6757846830e+00 -2.6296257691e+00  2.8651715516e+00 -4.3018724339e+00 -2.9423023771e+00  2.9483181637e+00 -2.4373524039e+00 -4.3192810573e-01  2.4945790612e+00 -2.2942543333e+00 -4.4155348012e+00  2.3377946013e+00 -6.2737950647e+00 -1.5906472453e+00  3.7849302856e+00 -3.6460595136e+00  7.2776457472e-01  7.0824355430e-01 -2.3915792710e+00 -1.5293681620e+00  3.5644951614e+00 -3.5837719336e+00 -2.4890475658e-01  1.7896429007e+00 -1.4250048131e+00  2.5040657129e-01  2.3305707973e+00 -3.5987012076e+00 -2.2223070624e+00  3.9014491276e+00 -6.5208834941e+00 -4.8197062686e+00  3.8445681705e-01 -4.1255455465e+00 -5.4112572904e+00  6.3207658192e-01 -7.5201330702e+00 -3.0770730674e+00  1.8553293895e+00 -1.5917225524e+00 -3.7760479357e+00  1.7911626155e+00 -1.9960343717e+00 -4.4196492101e+00  3.3901040605e+00 -2.1736251878e+00 -5.4310640464e+00  1.9516526196e+00 -6.1917316109e+00 -1.9036954436e+00  4.8309776683e+00 -5.7557336736e+00 -6.2940818319e-01  3.7096363965e+00 -7.3308088074e+00 -1.4349249240e+00  3.5539491338e+00 -4.6912394844e+00  8.7564186197e-01  4.2841549401e-01 -3.0797247789e+00  3.9671271017e-01 -1.6990704595e-01 -3.2241576488e+00  1.6754562749e+00  1.0478992791e+00 -1.5893114915e+00 -2.2123635815e+00  3.2795278857e+00 -2.0860583702e+00 -1.0395702714e+00  4.4907782056e+00 -4.3116514114e+00 -9.4917148874e-01  1.8495212885e+00
ENERGY -6.335340590765e+02

JOB 16
COORDS -5.8956565686e+00 -4.3571411993e+00  1.1412258328e+00 -4.5696670808e+00 -4.7448587107e+00  1.3335974844e+00 -6.4195713668e+00 -3.2967139484e+00  1.8849786079e+00 -3.7329883981e+00 -4.0729265890e+00  2.2378334055e+00 -5.6199439812e+00 -2.5911663652e+00  2.7918102609e+00 -4.2654484894e+00 -2.9648846244e+00  2.9235326752e+00 -2.4955817289e+00 -2.8350380163e-01  2.5941064832e+00 -2.3349938637e+00 -4.5910191687e+00  2.4900638318e+00 -6.1901073661e+00 -1.4811952727e+00  3.6435161097e+00 -3.7647265912e+00  9.4979493312e-01  8.8952534301e-01 -2.3311818618e+00 -1.5654185930e+00  3.4204265124e+00 -3.5704146465e+00 -1.9792190267e-01  1.7665176331e+00 -1.6353134400e+00  5.9371784944e-01  2.6779015418e+00 -3.5273240068e+00 -2.2332252831e+00  3.8417389135e+00 -6.5244977888e+00 -4.8942917682e+00  4.3640226227e-01 -4.1733488939e+00 -5.6006958847e+00  7.9161145149e-01 -7.4627914370e+00 -3.0128676058e+00  1.7677137706e+00 -1.5909026255e+00 -4.1203452222e+00  1.8365547647e+00 -2.0275228864e+00 -4.4224348685e+00  3.5255070017e+00 -2.2953387451e+00 -5.6666660677e+00  2.2976075479e+00 -6.1759033622e+00 -1.7612920002e+00  4.7022331916e+00 -5.6080975015e+00 -5.5941624283e-01  3.5580596650e+00 -7.2244006966e+00 -1.2703491407e+00  3.3590341845e+00 -4.8102597071e+00  9.8244682767e-01  5.7489504636e-01 -3.1230004225e+00  8.9555202897e-01  2.3494705398e-03 -3.5198578500e+00  1.8653766684e+00  1.4310389672e+00 -1.6669488067e+00 -2.2302752024e+00  2.8620446016e+00 -1.8206784199e+00 -1.2749830067e+00  4.3386247826e+00 -4.1785745194e+00 -1.0005325509e+00  1.6635552025e+00
ENERGY -6.335337733114e+02

JOB 17
COORDS -5.0022039759e+00 -4.4983408744e+00  1.2724063787e+00 -3.6396791720e+00 -4.5590689594e+00  1.5666910326e+00 -5.8155342319e+00 -3.5985575716e+00  1.9613773100e+00 -3.0762385420e+00 -3.7599387871e+00  2.5709126520e+00 -5.2923191726e+00 -2.7727554036e+00  2.9649199692e+00 -3.9267823607e+00 -2.8986996532e+00  3.2863656213e+00 -2.9375470928e+00 -3.3303691282e+00  6.3822456720e+00 -1.5909785075e+00 -3.8287088841e+00  2.8373449627e+00 -6.1794977605e+00 -1.7495037236e+00  3.6378016994e+00 -6.3074151695e-01 -4.1799599741e+00  6.6680406973e+00 -3.8058200319e+00 -2.3283584280e+00  5.6143843062e+00 -1.6156868760e+00 -3.2959909110e+00  6.0657965942e+00 -3.4289968377e+00 -4.0313580331e+00  7.2657016988e+00 -3.3815320982e+00 -2.0661727825e+00  4.2671134178e+00 -5.4213044015e+00 -5.1284765136e+00  4.9249528493e-01 -2.9946547096e+00 -5.2324217404e+00  1.0068412662e+00 -6.8695581517e+00 -3.5141791967e+00  1.7061378048e+00 -1.1708842944e+00 -2.8354364508e+00  3.0213027984e+00 -1.3693541068e+00 -4.4572590228e+00  3.7055835872e+00 -1.0706696010e+00 -4.2586187440e+00  1.9773535787e+00 -6.6807946644e+00 -2.1570128770e+00  4.5236260594e+00 -5.6076757392e+00 -8.7345742029e-01  3.9537401999e+00 -6.9616748420e+00 -1.4176689492e+00  2.9494062616e+00  2.3143864283e-01 -3.6076735437e+00  7.0249325693e+00 -2.8325676067e-01 -4.9374938947e+00  5.9548343015e+00 -1.1019280340e+00 -4.6822308924e+00  7.5134137217e+00 -4.8262974642e+00 -2.7091493656e+00  5.6498939765e+00 -3.7731760237e+00 -1.3696537620e+00  6.1417039759e+00 -1.3549681799e+00 -2.7231657712e+00  5.2740405350e+00
ENERGY -6.335347919012e+02

JOB 18
COORDS -5.0304396181e+00 -4.3308536893e+00  1.1061831722e+00 -3.7072772604e+00 -4.5533477374e+00  1.4901927533e+00 -5.8103043788e+00 -3.4115289177e+00  1.8098451223e+00 -3.1476739334e+00 -3.8872176026e+00  2.5899243965e+00 -5.2878763506e+00 -2.7190487495e+00  2.9094249675e+00 -3.9631515442e+00 -2.9900671208e+00  3.2988282545e+00 -2.8605213440e+00 -3.4811453483e+00  6.4774681694e+00 -1.7081545869e+00 -4.1315144118e+00  2.9741987616e+00 -6.1159681130e+00 -1.6864175854e+00  3.6378175800e+00 -4.4439544694e-01 -3.9252231580e+00  6.7652533601e+00 -3.8878372001e+00 -2.6772325995e+00  5.6762308810e+00 -1.5651188312e+00 -3.2335426487e+00  6.1493407634e+00 -3.2277928041e+00 -4.2231177681e+00  7.3878267128e+00 -3.4307697054e+00 -2.2743441392e+00  4.3735997454e+00 -5.4461163267e+00 -4.8586780306e+00  2.5198292643e-01 -3.0921399800e+00 -5.2538643835e+00  9.3028462558e-01 -6.8327417560e+00 -3.2135675369e+00  1.4962488213e+00 -1.1591720934e+00 -3.1901574318e+00  3.0817009078e+00 -1.6300249078e+00 -4.6704798080e+00  3.9230213378e+00 -1.2046170381e+00 -4.7264421374e+00  2.2079512257e+00 -6.5418881337e+00 -2.0827944853e+00  4.5668790831e+00 -5.5105543742e+00 -8.1557882271e-01  3.9047551493e+00 -6.9491318819e+00 -1.3525301044e+00  3.0139799981e+00  3.1807042010e-01 -3.2089914959e+00  7.0873994861e+00  1.2136833888e-02 -4.6420128737e+00  6.0716010780e+00 -8.1849569262e-01 -4.4655862454e+00  7.6353970891e+00 -4.7895871153e+00 -3.2879931445e+00  5.6093450965e+00 -4.1244810032e+00 -1.7688686472e+00  6.2403596301e+00 -1.4128845679e+00 -2.6645912659e+00  5.3262350774e+00
ENERGY -6.335364751709e+02

JOB 19
COORDS -5.0772221384e+00 -4.2108530559e+00  9.4106429544e-01 -3.7825620850e+00 -4.5450122787e+00  1.3438754553e+00 -5.8183218154e+00 -3.2865631952e+00  1.6798036997e+00 -3.2125160974e+00 -3.9770884708e+00  2.4915624734e+00 -5.2827967703e+00 -2.6922355056e+00  2.8298567504e+00 -3.9856209392e+00 -3.0618822992e+00  3.2237744145e+00 -2.7777424431e+00 -3.5067292342e+00  6.4908491860e+00 -1.8092614485e+00 -4.3364887631e+00  2.9166565129e+00 -6.0660955446e+00 -1.6715037191e+00  3.6202678413e+00 -3.2853997090e-01 -3.6573504050e+00  6.7879435693e+00 -3.8948166588e+00 -2.9315069434e+00  5.6184432095e+00 -1.5185372207e+00 -3.1849022605e+00  6.0992417417e+00 -3.0613831654e+00 -4.1629691072e+00  7.4929269080e+00 -3.4287634159e+00 -2.4488361421e+00  4.3461294269e+00 -5.5031354009e+00 -4.6625418876e+00  4.9068933844e-02 -3.2020759527e+00 -5.2580448666e+00  7.6318078188e-01 -6.8203645167e+00 -3.0118990253e+00  1.3583380980e+00 -1.1686557926e+00 -3.4486402015e+00  2.9624431493e+00 -1.7919060709e+00 -4.8014323245e+00  3.9068591816e+00 -1.3600549414e+00 -5.0358522022e+00  2.2070120512e+00 -6.4789587525e+00 -2.1015216209e+00  4.5403135926e+00 -5.4306897514e+00 -8.3056693603e-01  3.9132365369e+00 -6.9040134069e+00 -1.2869383796e+00  3.0331608979e+00  3.5019026961e-01 -2.8240725717e+00  6.9959219046e+00  2.0362946235e-01 -4.4095365455e+00  6.1932392583e+00 -6.4061709800e-01 -4.1091561006e+00  7.7301359988e+00 -4.6456344408e+00 -3.7144129963e+00  5.4901933769e+00 -4.3531077051e+00 -2.1007695837e+00  6.1657925361e+00 -1.4350954274e+00 -2.6856163828e+00  5.2225562855e+00
ENERGY -6.335379564771e+02

JOB 20
COORDS -5.1325419896e+00 -4.0363383492e+00  8.0768690001e-01 -3.8895989328e+00 -4.5012957445e+00  1.2440737105e+00 -5.8255828068e+00 -3.0865802321e+00  1.5611785627e+00 -3.3240278136e+00 -4.0318473507e+00  2.4370986858e+00 -5.2934527313e+00 -2.5926397163e+00  2.7597715082e+00 -4.0466073589e+00 -3.0833466880e+00  3.1778624412e+00 -2.7898485697e+00 -3.4901801353e+00  6.5279153737e+00 -1.9751742191e+00 -4.5181764627e+00  2.9093819477e+00 -6.0300558945e+00 -1.5638794470e+00  3.5832708843e+00 -3.5212668072e-01 -3.3103898198e+00  6.8909239196e+00 -3.9373964808e+00 -3.1716794576e+00  5.5703089644e+00 -1.5608564010e+00 -3.0929335576e+00  6.1129788574e+00 -3.0305926264e+00 -4.0545592716e+00  7.5954078285e+00 -3.4795259157e+00 -2.5749404147e+00  4.3457582465e+00 -5.5570792379e+00 -4.4095847702e+00 -1.2055232378e-01 -3.3484051497e+00 -5.2373275634e+00  6.5413517731e-01 -6.7888024583e+00 -2.7174450128e+00  1.2164169738e+00 -1.2504733150e+00 -3.6969703708e+00  2.9479914470e+00 -2.0246970992e+00 -4.9487684363e+00  3.9141402434e+00 -1.5808313294e+00 -5.2807795108e+00  2.2330190587e+00 -6.5144281260e+00 -2.0215581496e+00  4.4540310811e+00 -5.3465199655e+00 -7.9699601281e-01  3.9586802480e+00 -6.8100803045e+00 -1.0776577630e+00  2.9916727748e+00  1.4958259558e-01 -2.3604139793e+00  7.1044013904e+00  3.4430892862e-01 -3.9685597262e+00  6.3591440692e+00 -6.3781597577e-01 -3.7818458670e+00  7.8318622946e+00 -4.4718294138e+00 -4.1050055325e+00  5.3716637216e+00 -4.6217656770e+00 -2.4889439627e+00  6.0853543448e+00 -1.5143793687e+00 -2.6504405417e+00  5.2034223408e+00
ENERGY -6.335389776515e+02

JOB 21
COORDS -5.1503692591e+00 -3.9746042747e+00  7.6266830162e-01 -3.9390106206e+00 -4.5333216755e+00  1.1794303502e+00 -5.7828319984e+00 -3.0096134473e+00  1.5490886789e+00 -3.3479233170e+00 -4.1399897344e+00  2.3866954835e+00 -5.2233173381e+00 -2.5921770186e+00  2.7649470392e+00 -4.0107791939e+00 -3.1749417444e+00  3.1615647038e+00 -2.7587447919e+00 -3.4918297559e+00  6.5879156819e+00 -2.0284239333e+00 -4.7131429778e+00  2.8450590029e+00 -5.8981931780e+00 -1.5501398811e+00  3.6242421430e+00 -3.8439498687e-01 -3.0055848438e+00  7.0684337876e+00 -3.8591487030e+00 -3.4162645024e+00  5.5324968495e+00 -1.5473353768e+00 -3.0228259397e+00  6.1956713439e+00 -3.0118634665e+00 -3.9661727972e+00  7.6955899134e+00 -3.4039092259e+00 -2.7538978453e+00  4.3436669645e+00 -5.5970652638e+00 -4.2868800798e+00 -1.7761302997e-01 -3.4441562419e+00 -5.2798158953e+00  5.6248338280e-01 -6.7202006679e+00 -2.5684869395e+00  1.2177398263e+00 -1.2570239838e+00 -3.9363097935e+00  2.8918710446e+00 -2.0976693836e+00 -5.1518595962e+00  3.8455131079e+00 -1.6834668027e+00 -5.4899342582e+00  2.1579255633e+00 -6.4719725144e+00 -2.0138383992e+00  4.4356516873e+00 -5.1647393902e+00 -8.8239205996e-01  4.0842154375e+00 -6.5948959116e+00 -9.5001438568e-01  3.0329902174e+00 -4.4311234557e-02 -1.9797869936e+00  7.2489637939e+00  4.3903421071e-01 -3.5814034054e+00  6.6320000648e+00 -6.7032874831e-01 -3.4573905737e+00  8.0188404300e+00 -4.1779127521e+00 -4.4395044246e+00  5.3075520025e+00 -4.7095681798e+00 -2.8835225205e+00  5.9712325028e+00 -1.4920324201e+00 -2.6459100572e+00  5.2573289015e+00
ENERGY -6.335394792254e+02

JOB 22
COORDS -5.3233177357e+00 -3.8172029458e+00  7.4521197105e-01 -4.1240712841e+00 -4.4650322565e+00  1.0552233824e+00 -5.8397028472e+00 -2.8511687516e+00  1.6107203655e+00 -3.4315965325e+00 -4.1631422367e+00  2.2342097764e+00 -5.1769851817e+00 -2.5221381631e+00  2.8020098900e+00 -3.9822216848e+00 -3.1971209886e+00  3.0917843633e+00 -2.6598280232e+00 -3.4350364763e+00  6.5388432955e+00 -2.1217719355e+00 -4.8309087201e+00  2.5787127630e+00 -5.7265309384e+00 -1.4742433509e+00  3.7404221174e+00 -3.9950172284e-01 -2.6170198412e+00  7.1098191390e+00 -3.6973319234e+00 -3.5614594491e+00  5.4276885477e+00 -1.4983774532e+00 -2.8303454294e+00  6.1814887821e+00 -2.9106466006e+00 -3.8839320767e+00  7.6576301903e+00 -3.2719103952e+00 -2.8703370578e+00  4.2459215607e+00 -5.8491564690e+00 -4.0591220116e+00 -1.7468525977e-01 -3.7172645655e+00 -5.2094104195e+00  3.7469244265e-01 -6.7656046168e+00 -2.3379978351e+00  1.3607215188e+00 -1.3168378386e+00 -4.0942794646e+00  2.6722935208e+00 -2.1744282185e+00 -5.3647948768e+00  3.5333925507e+00 -1.8382447061e+00 -5.5502039452e+00  1.8062012275e+00 -6.3269757157e+00 -1.9279040908e+00  4.5381683792e+00 -4.9214817770e+00 -9.0963640523e-01  4.2179171174e+00 -6.3734259259e+00 -7.7434078789e-01  3.2046371783e+00 -2.1414997242e-01 -1.5475991307e+00  7.2605123512e+00  5.1813409369e-01 -3.0882941059e+00  6.7413579026e+00 -6.7311665554e-01 -3.0677191182e+00  8.0643178132e+00 -3.8443932065e+00 -4.6275430558e+00  5.2206916118e+00 -4.6425783215e+00 -3.1551966465e+00  5.8026712789e+00 -1.4380454262e+00 -2.4920148194e+00  5.2288401672e+00
ENERGY -6.335394662972e+02

JOB 23
COORDS -5.4869928905e+00 -3.6677189483e+00  8.2168201636e-01 -4.3607364586e+00 -4.4603875894e+00  1.0516552781e+00 -5.8314768400e+00 -2.6621576948e+00  1.7289207578e+00 -3.5679710568e+00 -4.2708229643e+00  2.1923151583e+00 -5.0651071622e+00 -2.4410249310e+00  2.8803605609e+00 -3.9467704467e+00 -3.2629849330e+00  3.0922025444e+00 -2.5855252774e+00 -3.4904114272e+00  6.5396530505e+00 -2.3458250177e+00 -5.1208828498e+00  2.4473999409e+00 -5.4133587546e+00 -1.3491691069e+00  3.8638615646e+00 -6.8554435790e-01 -2.1109482715e+00  7.3084851950e+00 -3.4993811065e+00 -3.8125364048e+00  5.3621818379e+00 -1.6445471095e+00 -2.5410829077e+00  6.3032585564e+00 -2.7409549355e+00 -4.0836147158e+00  7.6074478262e+00 -3.1544145016e+00 -3.0262018342e+00  4.2149273056e+00 -6.0894109264e+00 -3.8251183632e+00 -6.9154477818e-02 -4.0849869737e+00 -5.2322417600e+00  3.3658271890e-01 -6.7007792514e+00 -2.0361850073e+00  1.5410822625e+00 -1.5515163057e+00 -4.5406428507e+00  2.9237915503e+00 -2.5761059366e+00 -5.9633990289e+00  3.1107822668e+00 -1.9614020075e+00 -5.5382961575e+00  1.5128776614e+00 -5.8076509787e+00 -1.7596654924e+00  4.8006391508e+00 -4.5325933208e+00 -7.5442921782e-01  4.1225021130e+00 -6.1742774536e+00 -6.8265781865e-01  3.4497894959e+00 -7.9382500209e-01 -1.0414372460e+00  7.5200144736e+00  3.4085120657e-01 -2.3058760014e+00  6.9785315581e+00 -8.7902296586e-01 -2.6753416242e+00  8.2211939002e+00 -3.4056092239e+00 -4.8823712003e+00  5.1461374097e+00 -4.5322993392e+00 -3.6189895253e+00  5.6718352175e+00 -1.6288317002e+00 -2.1363260774e+00  5.3751335180e+00
ENERGY -6.335393219580e+02

