JOB 0
COORDS -1.0564893736e+00 -2.4293488690e-01  1.2418671701e+00 -2.0296788602e+00 -1.1033201583e+00  1.7314738524e+00 -1.8535346796e+00  1.6119726611e+00  2.5861032321e+00 -3.9130363659e+00  9.6166288093e-01  4.0560685524e+00 -2.8576311248e+00  7.6933194058e-01  3.1107830065e+00 -9.5039948757e-01  1.1145462286e+00  1.6545856600e+00 -2.9319687453e+00 -5.8704681419e-01  2.6735858341e+00 -4.5825183917e+00 -2.4384379117e-01  4.1682324147e+00 -5.7322367495e+00 -5.6594878532e-01  5.0080190971e+00  1.4735843524e+00  1.7233498498e+00  1.9229779315e+00 -1.2555233882e-01  3.4572574011e+00  1.0132017607e+00  1.8899674787e-01  1.9558570408e+00  1.1001744774e+00 -3.9875709713e+00 -1.1800153399e+00  3.3288097731e+00 -6.2996916708e+00  1.9894753386e-01  5.7674217356e+00 -6.1267564162e+00 -1.8711637183e+00  4.8511167304e+00 -3.4586424616e-01 -6.1841706984e-01  5.0845161064e-01 -2.0888653569e+00 -2.1342186882e+00  1.3917528901e+00 -1.7970077554e+00  2.6454486125e+00  2.9160196116e+00 -4.1681868405e+00  1.8617664629e+00  4.5991543849e+00  1.3286507280e+00  2.0496001066e+00  2.9589957008e+00  2.3145214568e+00  2.2861670244e+00  1.5013454680e+00  1.7468309976e+00  6.6345235513e-01  1.9427885738e+00 -8.5496835119e-02  3.9353059391e+00  1.9984480913e+00 -1.1103281342e+00  3.6434966510e+00  5.7401665263e-01  6.2397696664e-01  3.9599660764e+00  3.9236241238e-01  3.9804786850e-01  1.6032917184e+00  8.1900195342e-02 -4.2998905314e+00 -2.1366305871e+00  3.2365162526e+00 -6.8917464464e+00 -1.9933556984e+00  5.4444915500e+00
ENERGY -6.704653395801e+02

JOB 1
COORDS -1.0895859724e+00 -1.5191872036e-01  1.1517190430e+00 -2.0710500433e+00 -1.0336730626e+00  1.5858621053e+00 -1.9344864704e+00  1.6507828106e+00  2.5377529969e+00 -4.0270353704e+00  9.3955615816e-01  3.9309820923e+00 -2.9469657861e+00  7.8655766081e-01  3.0063207279e+00 -1.0047143331e+00  1.1902989839e+00  1.6127001787e+00 -3.0015107406e+00 -5.5431776813e-01  2.5194547166e+00 -4.6915318229e+00 -2.7262763236e-01  3.9829329760e+00 -5.8611876692e+00 -6.2958967737e-01  4.7802103796e+00  1.3555425270e+00  1.9189379831e+00  2.0668273726e+00 -2.3243858766e-01  3.5542219445e+00  9.6643364182e-01  1.3905952302e-01  2.0659521082e+00  1.1283853043e+00 -4.0700790022e+00 -1.1753542212e+00  3.1262844468e+00 -6.4517974926e+00  1.0477562513e-01  5.5519665203e+00 -6.2454083665e+00 -1.9295370561e+00  4.5653010293e+00 -3.5659509339e-01 -4.9858101781e-01  4.2631127847e-01 -2.1145255119e+00 -2.0529090489e+00  1.2104576730e+00 -1.8887353590e+00  2.6729821016e+00  2.9044320779e+00 -4.3019445484e+00  1.8185944706e+00  4.4983790891e+00  1.1028611151e+00  2.2567599713e+00  3.0781669393e+00  2.2001119672e+00  2.5188711489e+00  1.7076691614e+00  1.6809909456e+00  8.7573086753e-01  2.1351210363e+00 -5.9039044246e-02  4.1156642284e+00  1.8914117445e+00 -1.2701429583e+00  3.6925125640e+00  6.5122128066e-01  4.1181332672e-01  4.0173306539e+00  2.1092868078e-01  4.6716872423e-01  1.6947917673e+00  1.4978320568e-01 -4.3742991477e+00 -2.1296238610e+00  2.9922663887e+00 -7.0249930527e+00 -2.0763157024e+00  5.1335853362e+00
ENERGY -6.704637614587e+02

JOB 2
COORDS -1.1418657600e+00 -1.6813057764e-01  1.1052824509e+00 -2.1463680594e+00 -1.0281171380e+00  1.5330978245e+00 -1.8867573466e+00  1.6117419614e+00  2.5747756345e+00 -3.9726605198e+00  9.2914373951e-01  3.9927175815e+00 -2.9197347006e+00  7.7042681043e-01  3.0377362638e+00 -9.9616992752e-01  1.1517000604e+00  1.6107148297e+00 -3.0361011987e+00 -5.4946073753e-01  2.5051699558e+00 -4.6813556180e+00 -2.5835714307e-01  4.0178372835e+00 -5.8451909408e+00 -6.0106813965e-01  4.8301586714e+00  1.3254616032e+00  1.9466525441e+00  2.1456199729e+00 -2.2479003123e-01  3.4850107084e+00  8.4550810012e-01  1.6181183688e-01  2.0117767980e+00  1.1328328214e+00 -4.1137889485e+00 -1.1518336701e+00  3.1153005181e+00 -6.3917131828e+00  1.2475260288e-01  5.6414333390e+00 -6.2812551159e+00 -1.8777042892e+00  4.5786012400e+00 -4.3970774977e-01 -5.1561143136e-01  3.5059262939e-01 -2.2366476977e+00 -2.0310389189e+00  1.1236764387e+00 -1.7918905135e+00  2.6180257144e+00  2.9760253698e+00 -4.2008105914e+00  1.7963246920e+00  4.5977774909e+00  1.0170921707e+00  2.3564617183e+00  3.1139124914e+00  2.1842333773e+00  2.5268635223e+00  1.7881001260e+00  1.6519780011e+00  9.1418160358e-01  2.3079026641e+00  1.2982335258e-01  4.1562147954e+00  1.6351652460e+00 -1.3026615801e+00  3.6178811824e+00  7.2527878574e-01  2.5306891493e-01  3.8291415370e+00 -7.8003913788e-02  5.4995555048e-01  1.5771218731e+00  2.0467925068e-01 -4.4569525388e+00 -2.0886463553e+00  2.9548998944e+00 -7.0527702371e+00 -2.0172674131e+00  5.1595956178e+00
ENERGY -6.704616307954e+02

JOB 3
COORDS -1.2525798188e+00 -1.8675865335e-01  1.1308965935e+00 -2.2836857616e+00 -1.0120470341e+00  1.5658838941e+00 -1.8676591983e+00  1.5813258858e+00  2.6723689129e+00 -3.9392134074e+00  9.5607727085e-01  4.1354141979e+00 -2.9245400803e+00  7.7605757289e-01  3.1432118262e+00 -1.0291305188e+00  1.1088535744e+00  1.6674550512e+00 -3.1197512513e+00 -5.2114607889e-01  2.5778208990e+00 -4.7023046777e+00 -1.9719151889e-01  4.1492643292e+00 -5.8565483884e+00 -5.0757444287e-01  4.9880890650e+00  1.2686780079e+00  1.9626758650e+00  2.2296952124e+00 -2.4811309674e-01  3.3784378328e+00  7.4163689302e-01  1.4705586695e-01  1.9374007710e+00  1.1713213494e+00 -4.2058336017e+00 -1.0901559448e+00  3.2051406109e+00 -6.3413650997e+00  2.2139139378e-01  5.8349419175e+00 -6.3616243257e+00 -1.7542759498e+00  4.7164812712e+00 -5.9064635952e-01 -5.4517566348e-01  3.4570766858e-01 -2.4326488702e+00 -1.9976020119e+00  1.1321946438e+00 -1.7134104353e+00  2.5701104027e+00  3.0987101609e+00 -4.1073135939e+00  1.8148355501e+00  4.7713721896e+00  9.3348700885e-01  2.4758811338e+00  3.1379576784e+00  2.1499991368e+00  2.4909576601e+00  1.8481808794e+00  1.5697518990e+00  9.4825553382e-01  2.5109680538e+00  3.0057517123e-01  4.1332956578e+00  1.3145531846e+00 -1.3157780974e+00  3.5680282450e+00  8.7616034246e-01 -2.0365893971e-02  3.5507182432e+00 -3.1496762799e-01  5.5521685461e-01  1.4236019241e+00  2.9421649274e-01 -4.5984173154e+00 -2.0045693235e+00  3.0295711645e+00 -7.1210517675e+00 -1.8732135634e+00  5.3176409943e+00
ENERGY -6.704603837065e+02

JOB 4
COORDS -1.1829751939e+00 -1.1503782525e-01  1.0316278373e+00 -2.2363664392e+00 -9.5042699155e-01  1.3879183281e+00 -1.7885531201e+00  1.5430894919e+00  2.6935617410e+00 -3.8928554782e+00  8.5101900474e-01  4.0761721825e+00 -2.8670068640e+00  7.2572551682e-01  3.0869538256e+00 -9.4250701590e-01  1.1309761492e+00  1.6681147302e+00 -3.0782696386e+00 -5.2111262415e-01  2.4223187577e+00 -4.6775206577e+00 -2.8451681473e-01  3.9921047102e+00 -5.8509175334e+00 -6.3255658405e-01  4.7885630291e+00  1.2626919516e+00  2.1395810195e+00  2.3766208131e+00 -1.9832824852e-01  3.3673443619e+00  6.7622557486e-01  2.4244346271e-01  1.9863988625e+00  1.2341940355e+00 -4.1837608962e+00 -1.1143592469e+00  2.9905650391e+00 -6.3351979848e+00  4.4057874304e-02  5.6780795222e+00 -6.3744746995e+00 -1.8463858596e+00  4.4202554390e+00 -5.1545285117e-01 -4.2738910007e-01  2.3164979785e-01 -2.3959500967e+00 -1.8978284079e+00  8.7946569539e-01 -1.6248231313e+00  2.4945113631e+00  3.1948332647e+00 -4.0542563498e+00  1.6626813694e+00  4.7728257674e+00  8.4163252653e-01  2.7221183906e+00  3.2036321946e+00  2.1610708148e+00  2.6592548695e+00  2.0252020728e+00  1.5610106450e+00  1.1640207412e+00  2.7736986401e+00  4.5995560478e-01  4.1683154439e+00  1.0292673446e+00 -1.2080638281e+00  3.6241044365e+00  1.0088966560e+00 -2.0512774652e-01  3.3800125102e+00 -4.1757664419e-01  7.2767610266e-01  1.4350805929e+00  4.2125939304e-01 -4.5910876788e+00 -2.0048145613e+00  2.7410303579e+00 -7.1456877928e+00 -1.9932514730e+00  4.9998423016e+00
ENERGY -6.704610197994e+02

JOB 5
COORDS -1.2904386253e+00 -1.3413772322e-01  1.0859054213e+00 -2.3651820006e+00 -9.3731439277e-01  1.4517046566e+00 -1.8155883109e+00  1.5295959231e+00  2.7694975850e+00 -3.9208067849e+00  8.9603633812e-01  4.1784687902e+00 -2.9145039327e+00  7.4476719672e-01  3.1729352334e+00 -9.9904749862e-01  1.0981941979e+00  1.7283727735e+00 -3.1769407019e+00 -4.8876758798e-01  2.5020229952e+00 -4.7439547141e+00 -2.1216934783e-01  4.0976441080e+00 -5.9170814329e+00 -5.2714480001e-01  4.9081201062e+00  1.2081082544e+00  2.1419878835e+00  2.4089246614e+00 -2.4280796008e-01  3.2641591812e+00  6.3692108445e-01  1.9900280499e-01  1.9233954930e+00  1.2695277971e+00 -4.2926059104e+00 -1.0498590886e+00  3.0826830897e+00 -6.3675642926e+00  1.5846894824e-01  5.8084394076e+00 -6.4846165575e+00 -1.7208716378e+00  4.5392696021e+00 -6.4536183815e-01 -4.6217559457e-01  2.7382567653e-01 -2.5627867073e+00 -1.8753844388e+00  9.3932314048e-01 -1.6139199455e+00  2.4703621776e+00  3.2766430917e+00 -4.0449961418e+00  1.7070624450e+00  4.8834513464e+00  7.8376905176e-01  2.7736913967e+00  3.1972204926e+00  2.1106216811e+00  2.6383730829e+00  2.0355448145e+00  1.5008117106e+00  1.1910992614e+00  2.8653438424e+00  5.4661045079e-01  4.0195327895e+00  7.1880111738e-01 -1.1127158510e+00  3.6713340947e+00  1.1623530613e+00 -5.2228320236e-01  3.1459829453e+00 -4.1407739915e-01  6.8255985769e-01  1.3279380859e+00  4.8650877810e-01 -4.7329018808e+00 -1.9243170820e+00  2.8325620032e+00 -7.2523862644e+00 -1.8466339915e+00  5.1283163325e+00
ENERGY -6.704629733860e+02

JOB 6
COORDS -1.2572388130e+00 -1.3070020515e-01  1.0826076626e+00 -2.3268827742e+00 -9.4282988578e-01  1.4430347052e+00 -1.8112904636e+00  1.5330883118e+00  2.7569024495e+00 -3.9217735199e+00  8.8356631637e-01  4.1512698208e+00 -2.9061100563e+00  7.3921328982e-01  3.1542726532e+00 -9.8278891263e-01  1.1064708018e+00  1.7234829011e+00 -3.1514721819e+00 -4.9881297406e-01  2.4854032559e+00 -4.7337347004e+00 -2.3268685728e-01  4.0678564300e+00 -5.9099765815e+00 -5.5699947369e-01  4.8700742501e+00  1.2216397561e+00  2.1568217616e+00  2.4084187277e+00 -2.4180938541e-01  3.2824246958e+00  6.5929239973e-01  2.0951036349e-01  1.9415531091e+00  1.2708389340e+00 -4.2661959788e+00 -1.0689068595e+00  3.0590697210e+00 -6.3740348291e+00  1.2642053095e-01  5.7651527527e+00 -6.4630408065e+00 -1.7571167386e+00  4.4999723999e+00 -6.0272144425e-01 -4.5499369800e-01  2.7661588686e-01 -2.5112075634e+00 -1.8846757062e+00  9.3263776702e-01 -1.6219121162e+00  2.4762717429e+00  3.2640185755e+00 -4.0593548240e+00  1.6955853417e+00  4.8525947664e+00  7.9283249505e-01  2.7706797910e+00  3.2082816420e+00  2.1162278428e+00  2.6703304582e+00  2.0388448605e+00  1.5289737163e+00  1.2031452787e+00  2.8491247425e+00  6.1216335633e-01  3.9537662184e+00  5.1398638604e-01 -9.3822337854e-01  3.7985413379e+00  1.3291046920e+00 -7.5179071952e-01  3.1363034312e+00 -2.9774203948e-01  7.0047412010e-01  1.3652421108e+00  4.7748510508e-01 -4.6959584364e+00 -1.9483987537e+00  2.8082664586e+00 -7.2340771122e+00 -1.8888615408e+00  5.0834186494e+00
ENERGY -6.704648853751e+02

JOB 7
COORDS -1.2732628076e+00 -1.4100909983e-01  1.1004402826e+00 -2.3460095598e+00 -9.4788737388e-01  1.4631040045e+00 -1.8224066035e+00  1.5322958536e+00  2.7669427452e+00 -3.9380205689e+00  8.9733167944e-01  4.1605212008e+00 -2.9212524703e+00  7.4457874745e-01  3.1659468699e+00 -9.9429536408e-01  1.0976353704e+00  1.7366449710e+00 -3.1699986037e+00 -4.9565558921e-01  2.5025312254e+00 -4.7539897508e+00 -2.1633746055e-01  4.0813398972e+00 -5.9327205261e+00 -5.3302400500e-01  4.8829460767e+00  1.2130187073e+00  2.1514807057e+00  2.4114046897e+00 -2.5141728344e-01  3.2694360052e+00  6.6682413822e-01  1.9578815986e-01  1.9291836719e+00  1.2783696945e+00 -4.2876149362e+00 -1.0588725851e+00  3.0773454554e+00 -6.3958814396e+00  1.5645819208e-01  5.7738300669e+00 -6.4891729271e+00 -1.7331054385e+00  4.5177422968e+00 -6.1914546793e-01 -4.7066355097e-01  2.9637263743e-01 -2.5331737010e+00 -1.8915326339e+00  9.5704954380e-01 -1.6301886314e+00  2.4773326849e+00  3.2693214966e+00 -4.0737701288e+00  1.7132215393e+00  4.8576959427e+00  7.8183040757e-01  2.7542377200e+00  3.2182247270e+00  2.0979911002e+00  2.6796203935e+00  2.0388640699e+00  1.5369213781e+00  1.1992408710e+00  2.8433606781e+00  6.1137490562e-01  3.8345219121e+00  2.9610927063e-01 -7.6175353060e-01  3.8905942663e+00  1.4112563387e+00 -9.4412756399e-01  3.1114375801e+00 -1.6585889891e-01  7.0245787028e-01  1.3607357585e+00  4.8898093252e-01 -4.7200986387e+00 -1.9380287208e+00  2.8300813353e+00 -7.2616701321e+00 -1.8594051091e+00  5.1004593814e+00
ENERGY -6.704657002316e+02

JOB 8
COORDS -1.5409052297e+00 -5.7101424966e-01  1.7128211088e+00 -2.5106654818e+00 -1.2526415247e+00  2.4357485687e+00 -1.9038909055e+00  1.4874229592e+00  2.9433538607e+00 -3.7581108209e+00  1.2419734781e+00  4.7672528822e+00 -2.8961164228e+00  8.3071925082e-01  3.7030809517e+00 -1.2225638840e+00  7.9508302249e-01  1.9494893291e+00 -3.1875518294e+00 -5.4085895389e-01  3.4372599245e+00 -4.5285338296e+00  1.4602371772e-01  5.1125396468e+00 -5.5558337253e+00  5.1003800050e-02  6.1453246229e+00  1.2609107451e+00  1.1573677409e+00  1.8102247362e+00 -2.8602095027e-01  2.9392492799e+00  8.9890633177e-01 -1.0266294172e-01  1.4326988426e+00  1.1420431784e+00 -4.1823071747e+00 -9.3227321189e-01  4.3048191488e+00 -5.9071270676e+00  9.4923590364e-01  6.8893094942e+00 -6.1089840850e+00 -1.2039802874e+00  6.1982410237e+00 -1.0027103726e+00 -1.1001767886e+00  9.2914060041e-01 -2.7357853972e+00 -2.2954442192e+00  2.2270773934e+00 -1.6821695294e+00  2.5321437865e+00  3.1426848193e+00 -3.8225426956e+00  2.2140306711e+00  5.2375447205e+00  1.3000726452e+00  1.6173770701e+00  2.8040301695e+00  2.0801226020e+00  1.5700396884e+00  1.2099303073e+00  1.4338505388e+00  8.3355084956e-02  1.9333751997e+00  3.8052657694e-01  3.2778551521e+00  9.8854001918e-02 -6.1136215446e-02  3.5278504800e+00  1.7948893223e+00 -1.3110275817e+00  3.1703380938e+00  5.9082634532e-01 -7.7010062280e-02  9.4173565919e-01  1.6080373899e-01 -4.6078707720e+00 -1.8466114157e+00  4.3684566525e+00 -6.7769936777e+00 -1.1729992678e+00  6.9089051815e+00
ENERGY -6.704652754372e+02

JOB 9
COORDS -1.5529836722e+00 -4.2667724498e-01  1.5393309877e+00 -2.5578874772e+00 -1.1581803223e+00  2.1595105330e+00 -2.0601581990e+00  1.5707243437e+00  2.8192074386e+00 -4.0393040200e+00  1.2100740249e+00  4.4860499460e+00 -3.0896877653e+00  8.6263343696e-01  3.4748355883e+00 -1.2894701296e+00  9.3464485361e-01  1.8527727614e+00 -3.3262252997e+00 -5.0311290035e-01  3.1328468150e+00 -4.8059718163e+00  8.4225575377e-02  4.7273606323e+00 -5.9060926866e+00 -7.5562165310e-02  5.6736897666e+00  1.1590783949e+00  1.4743866829e+00  1.9995919055e+00 -3.8822747169e-01  3.1312660786e+00  8.6966082286e-01 -1.3146179186e-01  1.6392702063e+00  1.1672375633e+00 -4.3737048759e+00 -9.5172777251e-01  3.9058439982e+00 -6.3328146583e+00  7.8320256234e-01  6.4247705819e+00 -6.4333503533e+00 -1.3420059726e+00  5.6317510005e+00 -9.4369340193e-01 -9.1141160163e-01  7.7946869888e-01 -2.7404032494e+00 -2.1963777218e+00  1.8940362456e+00 -1.8766465773e+00  2.6110856495e+00  3.0751567404e+00 -4.1630866149e+00  2.1599846131e+00  4.9885859178e+00  1.0425782592e+00  1.9399978376e+00  2.9846589231e+00  2.0097967857e+00  1.9486723565e+00  1.4962693946e+00  1.3987468056e+00  4.1751257346e-01  2.1560816164e+00  1.6648975171e-01  3.4462053119e+00 -1.9964029767e-02 -9.8581732461e-02  3.7746723889e+00  1.7068858561e+00 -1.4461162112e+00  3.3149611157e+00  6.5547952393e-01  6.2610744392e-02  1.1370256869e+00  2.1177947757e-01 -4.7805754421e+00 -1.8766972142e+00  3.8998902960e+00 -7.1537336889e+00 -1.3546815701e+00  6.2898821036e+00
ENERGY -6.704636327713e+02

JOB 10
COORDS -1.6023919400e+00 -4.3815770464e-01  1.4992901218e+00 -2.6288787061e+00 -1.1477982984e+00  2.1112793188e+00 -2.0074054468e+00  1.5340867837e+00  2.8526494127e+00 -3.9753760664e+00  1.2008142869e+00  4.5374390738e+00 -3.0560786540e+00  8.4847659338e-01  3.5000171888e+00 -1.2781003736e+00  8.9893907418e-01  1.8531694649e+00 -3.3551403346e+00 -4.9444586796e-01  3.1167404739e+00 -4.7851126651e+00  1.0040432588e-01  4.7530677250e+00 -5.8773703965e+00 -4.4184304466e-02  5.7111132951e+00  1.1459864014e+00  1.5187121439e+00  2.0752904358e+00 -3.9418244066e-01  3.0545543241e+00  7.5870294454e-01 -1.0665524205e-01  1.5889284401e+00  1.1750554435e+00 -4.4094502744e+00 -9.2485646775e-01  3.8912156160e+00 -6.2555804620e+00  8.0679073368e-01  6.4962348617e+00 -6.4587734630e+00 -1.2850964754e+00  5.6366231946e+00 -1.0245302816e+00 -9.2255282758e-01  7.1526337299e-01 -2.8579816136e+00 -2.1683646229e+00  1.8153567911e+00 -1.7744341115e+00  2.5570159527e+00  3.1393083771e+00 -4.0516290052e+00  2.1374578742e+00  5.0732072653e+00  9.7578523764e-01  2.0555812552e+00  3.0152467895e+00  2.0090154098e+00  1.9734947213e+00  1.5751213356e+00  1.3987324105e+00  4.8251925859e-01  2.3231135697e+00 -3.1965880767e-02  3.2504979043e+00 -2.5529775032e-01  7.3411821726e-02  3.7745202946e+00  1.4378539996e+00 -1.4684675436e+00  3.2607764854e+00  7.4434521275e-01  1.4487071415e-01  1.0245029800e+00  2.7001988698e-01 -4.8550253702e+00 -1.8313428561e+00  3.8614955052e+00 -7.1693746290e+00 -1.2891860410e+00  6.3054189980e+00
ENERGY -6.704615503486e+02

JOB 11
COORDS -1.5887239096e+00 -3.8580094434e-01  1.4266364966e+00 -2.6452073677e+00 -1.1009856463e+00  1.9800405798e+00 -1.9614724889e+00  1.5120212836e+00  2.8891189836e+00 -3.9663211228e+00  1.1385577344e+00  4.5210662509e+00 -3.0395815913e+00  8.2131430397e-01  3.4784447432e+00 -1.2323674517e+00  9.1717535205e-01  1.8638399484e+00 -3.3694801628e+00 -4.8768385369e-01  3.0110712869e+00 -4.8097690419e+00  5.1271321200e-02  4.6582819663e+00 -5.9226572293e+00 -1.1733287834e-01  5.5884962599e+00  1.1388062798e+00  1.6811883896e+00  2.2266491055e+00 -3.8356138893e-01  3.0422853267e+00  6.9318385660e-01 -4.0890754810e-02  1.6254013252e+00  1.2351952537e+00 -4.4481140823e+00 -9.3208668914e-01  3.7431303473e+00 -6.2910917190e+00  6.9736774266e-01  6.4155990198e+00 -6.5367428413e+00 -1.3345442272e+00  5.4319528303e+00 -1.0119207736e+00 -8.4045710460e-01  6.2434343671e-01 -2.8966810527e+00 -2.0956855294e+00  1.6209841393e+00 -1.7056881441e+00  2.5096787438e+00  3.2391995017e+00 -4.0255367801e+00  2.0438254240e+00  5.1102711510e+00  8.8498300776e-01  2.2932731133e+00  3.0993059425e+00  2.0233237123e+00  2.1208282541e+00  1.7516893643e+00  1.4014610663e+00  6.8066155123e-01  2.5854260494e+00 -2.2221626988e-01  3.1030859246e+00 -3.8752015656e-01  2.3694990053e-01  3.8134524008e+00  1.1613956852e+00 -1.4287013375e+00  3.3046574448e+00  8.7574669763e-01  2.8757710079e-01  1.0108982537e+00  3.8998433231e-01 -4.9187576979e+00 -1.8216740498e+00  3.6524718044e+00 -7.2590747901e+00 -1.3572350782e+00  6.0876823520e+00
ENERGY -6.704603792783e+02

JOB 12
COORDS -1.7325360329e+00 -4.0611437064e-01  1.5185559563e+00 -2.8088119710e+00 -1.0708115900e+00  2.0965962169e+00 -1.9533157799e+00  1.4873385070e+00  3.0158480738e+00 -3.9218162945e+00  1.1998499011e+00  4.7081661440e+00 -3.0480617488e+00  8.4800273326e-01  3.6313563563e+00 -1.2902461253e+00  8.6873247407e-01  1.9600361141e+00 -3.4646833706e+00 -4.3401011389e-01  3.1584630559e+00 -4.8192048227e+00  1.5874778031e-01  4.8597557360e+00 -5.9099018452e+00  3.7613815576e-02  5.8231241133e+00  1.0823320666e+00  1.6754665803e+00  2.2726038102e+00 -4.5797596516e-01  2.8871289022e+00  6.2920017108e-01 -9.1631594096e-02  1.5290289532e+00  1.2878165833e+00 -4.5416285513e+00 -8.2936658318e-01  3.9206146883e+00 -6.2090099293e+00  8.6036586643e-01  6.6700081198e+00 -6.5922500008e+00 -1.1434991021e+00  5.6731502763e+00 -1.2072830638e+00 -8.8090492980e-01  6.9284167360e-01 -3.1250117792e+00 -2.0455250692e+00  1.7339146009e+00 -1.6335417560e+00  2.4645555559e+00  3.3708630712e+00 -3.9119908349e+00  2.0983691881e+00  5.3104217580e+00  8.2891382375e-01  2.3640659304e+00  3.0862398543e+00  1.9679246910e+00  2.0709926329e+00  1.7627955649e+00  1.3439043597e+00  7.1149214592e-01  2.7208260800e+00 -5.8160805129e-01  2.7838991580e+00 -4.5331914400e-01  3.3916833276e-01  3.6232988187e+00  7.8255187810e-01 -1.3790582123e+00  3.3080501354e+00  1.0391767651e+00  2.2020412474e-01  8.4386511405e-01  4.9195656674e-01 -5.0627639152e+00 -1.6908317684e+00  3.8347272273e+00 -7.2941913057e+00 -1.1361309637e+00  6.3510076623e+00
ENERGY -6.704610248073e+02

JOB 13
COORDS -1.7456812979e+00 -4.0302491750e-01  1.5351155964e+00 -2.8252648088e+00 -1.0637897845e+00  2.1112455537e+00 -1.9575229757e+00  1.4879871349e+00  3.0353350734e+00 -3.9273214310e+00  1.2066672239e+00  4.7267845753e+00 -3.0555852126e+00  8.5245789223e-01  3.6492974889e+00 -1.2969261745e+00  8.6913149595e-01  1.9783615412e+00 -3.4790687060e+00 -4.2633096460e-01  3.1740130606e+00 -4.8300975527e+00  1.6979166886e-01  4.8758223772e+00 -5.9214271507e+00  5.3382530353e-02  5.8390058072e+00  1.0745366980e+00  1.6918793346e+00  2.2888098076e+00 -4.7223818455e-01  2.8654631356e+00  6.3242270206e-01 -9.5385525048e-02  1.5244725868e+00  1.3043719250e+00 -4.5579503388e+00 -8.1836385502e-01  3.9350993879e+00 -6.2142877658e+00  8.7714286993e-01  6.6870790258e+00 -6.6111946484e+00 -1.1232791263e+00  5.6876236154e+00 -1.2223293856e+00 -8.7940249331e-01  7.0908752056e-01 -3.1452538651e+00 -2.0366102890e+00  1.7468515141e+00 -1.6326487077e+00  2.4615713065e+00  3.3952714163e+00 -3.9129014527e+00  2.1039084960e+00  5.3308617279e+00  8.2378549222e-01  2.4077075191e+00  3.0796075502e+00  1.9658940367e+00  2.0644981533e+00  1.7719008716e+00  1.3259359897e+00  7.4054893237e-01  2.7685194733e+00 -8.5915699781e-01  2.7064617237e+00 -3.7911691582e-01  4.1296345090e-01  3.5042572562e+00  5.2903050465e-01 -1.2161783273e+00  3.4205848263e+00  1.2096089029e+00  2.1204778410e-01  8.3242922572e-01  5.1215064863e-01 -5.0839197009e+00 -1.6766857870e+00  3.8470718105e+00 -7.3126772210e+00 -1.1125736507e+00  6.3659064776e+00
ENERGY -6.704629489578e+02

JOB 14
COORDS -1.2891991626e+00 -1.3774571672e-01  1.0295887891e+00 -2.3406662348e+00 -9.3207952254e-01  1.4734985576e+00 -1.6435237277e+00  1.5034976937e+00  2.7786567787e+00 -3.6310681152e+00  8.7449738026e-01  4.3518093199e+00 -2.7162286207e+00  7.2723588509e-01  3.2619393939e+00 -9.2548681124e-01  1.0791828764e+00  1.6647394760e+00 -3.0534758345e+00 -4.9075047983e-01  2.5963354098e+00 -4.4749396550e+00 -2.2067651655e-01  4.3241695492e+00 -5.5795085328e+00 -5.3405930682e-01  5.2264065227e+00  1.3545221762e+00  2.0728656516e+00  2.1607849913e+00 -2.3721556880e-01  3.2563811029e+00  5.6760230300e-01  2.3870163742e-01  1.8971331754e+00  1.1172704883e+00 -4.1239832932e+00 -1.0465645297e+00  3.2610460791e+00 -5.9427974963e+00  1.4036192400e-01  6.1733886690e+00 -6.1935508053e+00 -1.7133835855e+00  4.8870350649e+00 -7.2085102818e-01 -4.6040945979e-01  1.6005872723e-01 -2.5951311788e+00 -1.8587000612e+00  9.6538982825e-01 -1.3843699565e+00  2.4315819644e+00  3.2828165054e+00 -3.6826473627e+00  1.6749097561e+00  5.0776401583e+00  1.0151660767e+00  2.6857543932e+00  3.0031561605e+00  2.2241881828e+00  2.5704349584e+00  1.7173502044e+00  1.6769102801e+00  1.1062632083e+00  2.5606996809e+00 -8.0387622221e-01  3.1296651961e+00 -3.6049470952e-01  6.2160695529e-01  3.8981354892e+00  3.3685994402e-01 -8.6569077892e-01  3.7859810754e+00  1.2899694938e+00  6.4324113462e-01  1.3253207481e+00  2.7368099745e-01 -4.5970013047e+00 -1.9105116012e+00  3.0353301348e+00 -6.9104454701e+00 -1.8397163498e+00  5.5369367320e+00
ENERGY -6.704648526599e+02

JOB 15
COORDS -1.2138622065e+00 -1.2217607591e-01  9.9339932206e-01 -2.2579373618e+00 -9.3638212008e-01  1.4181763256e+00 -1.6131999676e+00  1.4988661900e+00  2.7517849724e+00 -3.6102172306e+00  8.2699968960e-01  4.2948053743e+00 -2.6800721403e+00  7.0253934314e-01  3.2151906068e+00 -8.7584116553e-01  1.0944585097e+00  1.6431446743e+00 -2.9906544509e+00 -5.1501463839e-01  2.5358979931e+00 -4.4369666859e+00 -2.8053255154e-01  4.2480735433e+00 -5.5474479991e+00 -6.1796125972e-01  5.1342608044e+00  1.3867308794e+00  2.1165367047e+00  2.1660430376e+00 -2.1048917081e-01  3.2973296097e+00  5.8616246940e-01  2.7740683045e-01  1.9361589231e+00  1.1147948135e+00 -4.0605201926e+00 -1.0924891427e+00  3.1829778266e+00 -5.9314052124e+00  4.2959510219e-02  6.0825952100e+00 -6.1393461072e+00 -1.8037076182e+00  4.7783205072e+00 -6.3051113801e-01 -4.2828309728e-01  1.2791085741e-01 -2.4920122002e+00 -1.8626581034e+00  8.9972729073e-01 -1.3742264195e+00  2.4266169773e+00  3.2662220843e+00 -3.6827451785e+00  1.6205751763e+00  5.0263222947e+00  1.0254828215e+00  2.6856673859e+00  3.0296009486e+00  2.2374803663e+00  2.6612773307e+00  1.7413607841e+00  1.7452508634e+00  1.1488355270e+00  2.5311905120e+00 -9.6510861454e-01  3.1685603735e+00 -1.9639904202e-01  6.2338034561e-01  3.8721678372e+00  1.6729673470e-01 -6.5874434553e-01  3.8942901216e+00  1.3879099327e+00  7.1193987898e-01  1.3917681913e+00  2.6758245780e-01 -4.5176300888e+00 -1.9615744712e+00  2.9445379915e+00 -6.8616119334e+00 -1.9463534133e+00  5.4188329073e+00
ENERGY -6.704656978976e+02

JOB 16
COORDS -1.3818093390e+00 -3.1641445641e-01  1.3677367144e+00 -2.3504522150e+00 -1.1042824514e+00  1.9750219566e+00 -1.9646243101e+00  1.6280978489e+00  2.6951685481e+00 -3.9169979446e+00  1.1455976160e+00  4.3625165082e+00 -2.9597307790e+00  8.6128039196e-01  3.3390325606e+00 -1.1727130848e+00  1.0480188262e+00  1.7113310207e+00 -3.1398513493e+00 -5.0491051285e-01  2.9676557997e+00 -4.6333921309e+00 -1.7228096224e-02  4.5825835092e+00 -5.7194169549e+00 -2.4521485766e-01  5.5310585363e+00  1.2866571500e+00  1.5600089709e+00  1.7720725678e+00 -3.0256821483e-01  3.3134196913e+00  8.7952214795e-01 -4.3755316491e-02  1.8058721596e+00  1.0301059710e+00 -4.1622739488e+00 -1.0150651972e+00  3.7355975532e+00 -6.1776629410e+00  5.7697450741e-01  6.3041962941e+00 -6.1923704127e+00 -1.5318417891e+00  5.4629044697e+00 -7.5753628370e-01 -7.5726422665e-01  5.9330605789e-01 -2.4904596704e+00 -2.1427435072e+00  1.6857868510e+00 -1.8272382757e+00  2.6687065860e+00  2.9754012800e+00 -4.0779377511e+00  2.0779537716e+00  4.8869695630e+00  1.2316369605e+00  1.9494592196e+00  2.7949178906e+00  2.1177441893e+00  2.0590835028e+00  1.2601884374e+00  1.5153804040e+00  4.9120277917e-01  1.8347166576e+00 -1.3211891570e+00  3.5149996541e+00  5.3339935489e-01  4.0448686417e-01  3.7554005155e+00  1.7038795162e-01 -1.7265912651e-01  3.8366040510e+00  1.8339730970e+00  7.6355885370e-02  1.3895774974e+00  2.1645522853e-02 -4.5292189604e+00 -1.9562921896e+00  3.7109136760e+00 -6.9070672790e+00 -1.5903718629e+00  6.1247363754e+00
ENERGY -6.704652827104e+02

JOB 17
COORDS -1.0396791733e+00 -5.4435658388e-02  1.0087116365e+00 -2.0246889572e+00 -9.4969101361e-01  1.4061043251e+00 -1.8901701285e+00  1.6994191360e+00  2.4530153426e+00 -3.9921598765e+00  9.4251834827e-01  3.8070755777e+00 -2.9059791298e+00  8.2048195197e-01  2.8848821010e+00 -9.5582106566e-01  1.2704023584e+00  1.5171127100e+00 -2.9595187818e+00 -5.0249581209e-01  2.3509562621e+00 -4.6590959268e+00 -2.6934373737e-01  3.8122069913e+00 -5.8340432294e+00 -6.5275304939e-01  4.5893527411e+00  1.3840133410e+00  2.0210103832e+00  2.0402525161e+00 -1.9491574406e-01  3.6474100779e+00  9.1029850016e-01  1.8978003345e-01  2.1619470110e+00  1.0706964612e+00 -4.0331615466e+00 -1.1425068199e+00  2.9286259905e+00 -6.4285474901e+00  5.4897677217e-02  5.3827398576e+00 -6.2177042765e+00 -1.9441292410e+00  4.3272800576e+00 -3.0334240595e-01 -3.7604827665e-01  2.7530780402e-01 -2.0673955695e+00 -1.9548967550e+00  9.9455138509e-01 -1.8450631892e+00  2.7076556192e+00  2.8567326148e+00 -4.2688881681e+00  1.8012890084e+00  4.4038268355e+00  1.1012216971e+00  2.3454732954e+00  3.0479358647e+00  2.2289659407e+00  2.6356405629e+00  1.7082073844e+00  1.7210627624e+00  9.8131982798e-01  2.1061054431e+00 -1.2422498989e+00  3.7673431116e+00  6.1785501305e-01  4.4387141477e-01  4.1423491097e+00  1.7310764273e-01 -7.3949661028e-02  4.1864486720e+00  1.8577602051e+00  5.5024597452e-01  1.8015946964e+00  9.9415223322e-02 -4.3381277130e+00 -2.0908531898e+00  2.7589909776e+00 -7.0008181901e+00 -2.1099774614e+00  4.8853873455e+00
ENERGY -6.704636420049e+02

JOB 18
COORDS -1.0091789119e+00  4.7490992654e-03  9.1883816969e-01 -2.0213401501e+00 -8.8931912297e-01  1.2475925390e+00 -1.8527123773e+00  1.6928076394e+00  2.4441857148e+00 -3.9959701711e+00  9.0854160865e-01  3.7142199154e+00 -2.8947443660e+00  8.1444064347e-01  2.8064857420e+00 -9.0894862206e-01  1.2960102084e+00  1.5025283474e+00 -2.9655159361e+00 -4.7554365430e-01  2.1975601349e+00 -4.6875411304e+00 -2.8683611127e-01  3.6379619288e+00 -5.8854753724e+00 -6.8583874742e-01  4.3711814606e+00  1.3512445155e+00  2.1300166466e+00  2.2160194315e+00 -1.4983652698e-01  3.6689565882e+00  8.5813253419e-01  2.5594448556e-01  2.1971249808e+00  1.1301005164e+00 -4.0634965228e+00 -1.1235014077e+00  2.7183645584e+00 -6.4791409767e+00 -9.0959671010e-03  5.1916553104e+00 -6.2922969468e+00 -1.9515189351e+00  4.0307302375e+00 -2.6483199178e-01 -2.9225760984e-01  1.8330629865e-01 -2.0761121135e+00 -1.8691885883e+00  7.8021214438e-01 -1.7925917042e+00  2.6763352579e+00  2.9045674334e+00 -4.2662892529e+00  1.7382334937e+00  4.3535244495e+00  9.6883150368e-01  2.5017942890e+00  3.1732013098e+00  2.2152077938e+00  2.7429432355e+00  1.9337109570e+00  1.6944214115e+00  1.1015497391e+00  2.3693915529e+00 -1.2288476551e+00  3.7754393245e+00  7.1768185209e-01  3.5970796528e-01  4.0672847516e+00 -2.3859236767e-02  1.1686682434e-01  4.3121348192e+00  1.7047304697e+00  7.1675892396e-01  1.8001380457e+00  2.1836414360e-01 -4.3848682555e+00 -2.0539989859e+00  2.4902486051e+00 -7.0894909649e+00 -2.1299456977e+00  4.5644967107e+00
ENERGY -6.704615433569e+02

JOB 19
COORDS -1.0623647813e+00 -1.9655061738e-03  8.9856256499e-01 -2.0927521677e+00 -8.7720247460e-01  1.2244421612e+00 -1.7977453918e+00  1.6429792329e+00  2.5212232722e+00 -3.9231879338e+00  8.7560853204e-01  3.8312635694e+00 -2.8561117429e+00  7.8514756762e-01  2.8826934250e+00 -8.9828077432e-01  1.2583897267e+00  1.5314195352e+00 -2.9900177379e+00 -4.7471827775e-01  2.2227893659e+00 -4.6563283474e+00 -2.9249204932e-01  3.7290110413e+00 -5.8429317561e+00 -6.8361186626e-01  4.4848389898e+00  1.3209247021e+00  2.1820756628e+00  2.2796485074e+00 -1.5404880352e-01  3.5879298517e+00  7.4005547925e-01  2.7435491541e-01  2.1494740045e+00  1.1476691102e+00 -4.0911320853e+00 -1.1085670455e+00  2.7543826642e+00 -6.3880327751e+00 -2.3743112819e-02  5.3514604061e+00 -6.3021244502e+00 -1.9199711094e+00  4.1058180914e+00 -3.5357531981e-01 -2.9175943401e-01  1.2607987708e-01 -2.1949237348e+00 -1.8341758785e+00  7.1912251835e-01 -1.6906443842e+00  2.6043888575e+00  3.0187322438e+00 -4.1444933828e+00  1.6854898689e+00  4.5133926849e+00  9.0611737196e-01  2.6492469877e+00  3.1798101496e+00  2.2021807967e+00  2.7585298877e+00  1.9757644575e+00  1.6455407701e+00  1.1712348331e+00  2.5472256982e+00 -1.2341303210e+00  3.7306596391e+00  8.2581754153e-01  1.2329190267e-01  3.8073983121e+00 -2.9547138534e-01  3.2628862827e-01  4.3424519834e+00  1.3720065906e+00  7.6075815182e-01  1.6844044084e+00  2.8337032617e-01 -4.4512632242e+00 -2.0173553314e+00  2.4984617275e+00 -7.0875626715e+00 -2.0955215296e+00  4.6576629734e+00
ENERGY -6.704603761984e+02

JOB 20
COORDS -1.0901897218e+00  2.2788806357e-02  8.8065352430e-01 -2.1428155435e+00 -8.3840393638e-01  1.1716976094e+00 -1.7836635010e+00  1.6208408454e+00  2.5661090709e+00 -3.9279411424e+00  8.5641936370e-01  3.8465438038e+00 -2.8633661435e+00  7.7658614117e-01  2.8941295776e+00 -8.9308557463e-01  1.2527309399e+00  1.5619227944e+00 -3.0297408497e+00 -4.5262059431e-01  2.1854659576e+00 -4.6912263422e+00 -2.8723321314e-01  3.6995996950e+00 -5.8880583102e+00 -6.7749582168e-01  4.4397243528e+00  1.2827748770e+00  2.2412317753e+00  2.3771445032e+00 -1.4147136850e-01  3.5375283345e+00  6.9476857198e-01  2.9602846945e-01  2.1358022126e+00  1.2003362131e+00 -4.1465342901e+00 -1.0785965493e+00  2.6933801679e+00 -6.4182736689e+00 -3.8120723299e-02  5.3306011348e+00 -6.3763813727e+00 -1.8872243693e+00  4.0142255158e+00 -3.8833140926e-01 -2.5565673639e-01  9.7733252550e-02 -2.2682388580e+00 -1.7723019258e+00  6.2977504992e-01 -1.6537619938e+00  2.5588342237e+00  3.1013614453e+00 -4.1283888757e+00  1.6442856873e+00  4.5601361972e+00  8.2704323737e-01  2.7633954491e+00  3.2257692612e+00  2.1783750295e+00  2.7995988235e+00  2.0823848974e+00  1.5926425031e+00  1.2498390745e+00  2.7230656218e+00 -1.1684329135e+00  3.7707954742e+00  9.8759127817e-01 -1.2103910496e-01  3.5799042758e+00 -3.9937303614e-01  5.1743089056e-01  4.3282330492e+00  1.0673666086e+00  8.0646971010e-01  1.6259976846e+00  3.7597507692e-01 -4.5297077817e+00 -1.9671944303e+00  2.4024250575e+00 -7.1664811457e+00 -2.0645857706e+00  4.5587978520e+00
ENERGY -6.704610537169e+02

JOB 21
COORDS -8.8583382379e-01  1.7362612245e-01  7.6368562972e-01 -1.9250775271e+00 -7.3362314230e-01  9.3935969924e-01 -1.7055436814e+00  1.6246741891e+00  2.5236797864e+00 -3.8846974258e+00  7.1319064132e-01  3.6374528272e+00 -2.7741930998e+00  7.3056767421e-01  2.7357634289e+00 -7.5730336903e-01  1.3547199626e+00  1.5413525044e+00 -2.8705771102e+00 -4.4705528096e-01  1.9329466813e+00 -4.6058481400e+00 -4.3607769766e-01  3.3702892558e+00 -5.8255284230e+00 -9.0869245916e-01  4.0194262066e+00  1.2849169128e+00  2.4720211475e+00  2.5434838408e+00 -7.1354617271e-02  3.6651177795e+00  7.4077664664e-01  4.1146095473e-01  2.3014487909e+00  1.2892079519e+00 -3.9909223779e+00 -1.1378870646e+00  2.3383561171e+00 -6.4164746232e+00 -3.4695223590e-01  4.9242978722e+00 -6.2574217439e+00 -2.0972133273e+00  3.4865418332e+00 -1.3936717583e-01 -2.8490086805e-02 -1.2449837221e-03 -1.9960490537e+00 -1.6286663822e+00  3.2665379495e-01 -1.6300430468e+00  2.5232569095e+00  3.1317141161e+00 -4.1421397634e+00  1.4412055451e+00  4.3950061903e+00  7.3614103554e-01  2.9858730863e+00  3.3404363188e+00  2.1752869222e+00  3.0684608801e+00  2.3155897341e+00  1.6098349685e+00  1.5023126036e+00  2.9338613981e+00 -1.0357290791e+00  3.9498327746e+00  1.1716132535e+00 -2.3035355395e-01  3.6090982764e+00 -3.4175269789e-01  6.5641283288e-01  4.4603119659e+00  9.3269363449e-01  1.0145842783e+00  1.8235135442e+00  5.0878194067e-01 -4.3337599578e+00 -2.0121596517e+00  1.9652359747e+00 -7.0678467853e+00 -2.3325592199e+00  3.9765316413e+00
ENERGY -6.704629902353e+02

JOB 22
COORDS -9.0135305826e-01  1.6054205223e-01  7.7621251398e-01 -1.9446591095e+00 -7.4107853599e-01  9.5546393334e-01 -1.7170290512e+00  1.6252474766e+00  2.5276748137e+00 -3.9021468545e+00  7.2914863558e-01  3.6425766384e+00 -2.7901847430e+00  7.3698879170e-01  2.7426121921e+00 -7.6919546866e-01  1.3452686664e+00  1.5480008416e+00 -2.8904170102e+00 -4.4438193545e-01  1.9459968687e+00 -4.6281959677e+00 -4.1827960161e-01  3.3807683905e+00 -5.8509463452e+00 -8.8272987990e-01  4.0299966863e+00  1.2779983267e+00  2.4683255963e+00  2.5400238038e+00 -8.0502545790e-02  3.6428158340e+00  7.3741745624e-01  4.0146120895e-01  2.2865758254e+00  1.2894938826e+00 -4.0143752243e+00 -1.1279583866e+00  2.3536165679e+00 -6.4408072327e+00 -3.1363646206e-01  4.9309761708e+00 -6.2869887388e+00 -2.0721521183e+00  3.5024472707e+00 -1.5451691879e-01 -4.8813777630e-02  1.3593276182e-02 -2.0184697556e+00 -1.6395863451e+00  3.4817924503e-01 -1.6377425552e+00  2.5256202683e+00  3.1323875893e+00 -4.1575989896e+00  1.4624378781e+00  4.3956957973e+00  7.3150114779e-01  2.9894473972e+00  3.3338057063e+00  2.1682668810e+00  3.0623136377e+00  2.3051246405e+00  1.6034851070e+00  1.5020642765e+00  2.9382866716e+00 -8.9644493368e-01  4.0496280642e+00  1.3434981257e+00 -4.7401831932e-01  3.5275811311e+00 -2.7847275059e-01  7.3478998510e-01  4.3736766935e+00  7.0701257159e-01  1.0094541152e+00  1.8112309210e+00  5.1052652692e-01 -4.3603657082e+00 -2.0027683218e+00  1.9846953782e+00 -7.0992324721e+00 -2.3015556857e+00  3.9922436488e+00
ENERGY -6.704648798284e+02

JOB 23
COORDS -8.6645312118e-01  1.6188323592e-01  7.7916982361e-01 -1.9023064449e+00 -7.4910341899e-01  9.5375524043e-01 -1.7133003348e+00  1.6275894486e+00  2.5155087326e+00 -3.9006444209e+00  7.1608864057e-01  3.6135573888e+00 -2.7800228564e+00  7.3008542008e-01  2.7245704267e+00 -7.5362572095e-01  1.3515543060e+00  1.5464526690e+00 -2.8605040456e+00 -4.5654843250e-01  1.9336392286e+00 -4.6124971575e+00 -4.4008714017e-01  3.3511381601e+00 -5.8366392595e+00 -9.1338370037e-01  3.9912441193e+00  1.2881088744e+00  2.4803608710e+00  2.5426904309e+00 -8.1739206029e-02  3.6649249736e+00  7.6483957164e-01  4.0679352247e-01  2.3040519810e+00  1.2935616893e+00 -3.9815086374e+00 -1.1491587488e+00  2.3340455748e+00 -6.4409346438e+00 -3.4579917517e-01  4.8835744247e+00 -6.2555477293e+00 -2.1099164158e+00  3.4658998057e+00 -1.1042696147e-01 -4.3435758412e-02  2.4612336420e-02 -1.9614038343e+00 -1.6516860991e+00  3.5091333588e-01 -1.6488096950e+00  2.5321569423e+00  3.1155448262e+00 -4.1708476356e+00  1.4509249139e+00  4.3599903330e+00  7.3404023982e-01  2.9677449867e+00  3.3524272720e+00  2.1610512029e+00  3.1027893265e+00  2.3158504435e+00  1.6419620572e+00  1.5139376570e+00  2.9156301870e+00 -7.1398316258e-01  4.1703645233e+00  1.5030555881e+00 -6.7238601313e-01  3.5430844707e+00 -1.4892707970e-01  7.6589807508e-01  4.3227461323e+00  5.4203949386e-01  1.0302257637e+00  1.8530127586e+00  5.1199157717e-01 -4.3149884917e+00 -2.0294781650e+00  1.9667176602e+00 -7.0700748191e+00 -2.3449985264e+00  3.9491656061e+00
ENERGY -6.704656989821e+02

