JOB 0
COORDS  7.6088573310e-01 -4.2795132294e-01 -6.1564071772e+00  1.8263876902e+00  1.9424431148e+00 -5.4868668517e+00  1.0637947682e+00 -1.1042596340e-01 -4.8286186759e+00  1.5200575266e+00  1.5994090065e+00 -6.8152086270e+00  7.7787940245e-01 -1.1082978731e+00 -3.7348949997e+00  1.9399953527e+00 -2.6162905161e+00 -1.0875016210e+00  8.0489677819e-01 -6.0967278552e-01 -8.0140514909e-02  1.6380315571e+00 -3.3870533536e+00  1.9885622355e-01  5.4144168794e-01 -1.4405715612e+00  1.1787668748e+00  8.9320418726e-01 -1.5159640946e+00 -1.3099977251e+00  1.7107970358e+00 -3.0432785449e+00  2.6474326445e+00  5.7114763107e-01 -3.9323497112e+00  3.1598231462e+00  1.5965323742e+00  1.0794634485e+00 -4.5008225910e+00  9.9493335049e-01  4.3515759837e-01 -7.1552179984e+00  1.5819397650e+00 -2.4594998076e+00  1.3346522414e+00  1.1957056921e+00 -7.2404651921e-01 -2.5015657726e+00  1.9058723475e-01 -2.1650592334e+00 -3.9789820094e+00  8.6446596947e-01 -4.4005868874e+00  4.4011659067e+00 -6.0790611574e-01 -3.2648847672e+00  3.2539484729e+00  3.5216483027e-01 -5.0111447616e+00  2.3669984437e+00  1.8425341259e+00  2.7573594322e+00 -8.0849747419e+00  3.2503709510e-01 -1.3904191184e+00 -6.4056302182e+00  2.2535136968e+00  2.9101000823e+00 -5.2372250039e+00  2.9328092248e+00 -2.1580370678e+00 -1.0161120816e+00  1.9375604514e+00 -3.2989393967e+00 -1.9423467040e+00  1.9646091348e-03  1.2560923695e-01 -2.0825326430e-01  1.7494298326e+00 -6.5134358264e-02  4.4354488750e-02  6.9679563596e-01 -3.9486595332e+00  7.8308898074e-02  2.4267110327e+00 -4.1216296800e+00  3.8879680619e-01  5.5246320459e-01 -7.9217834047e-01  2.0605549219e+00 -4.6684376296e-01 -1.8833790588e+00  1.1169601935e+00 -7.8015927299e-02 -1.9971905452e+00 -1.4756759491e+00  2.6143006775e+00 -3.6608722171e+00  2.6842443480e+00  1.8269469051e+00 -2.2474890469e+00  3.3909323779e+00  1.4481489829e+00  2.5357806127e-01 -2.4005399584e+00
ENERGY -1.519874626141e+03

JOB 1
COORDS  9.2478011481e-01 -5.4713805589e-01 -6.1234627242e+00  1.6813184661e+00  1.9537916954e+00 -5.5146193329e+00  1.1198346829e+00 -1.4319749275e-01 -4.7986944836e+00  1.4943594696e+00  1.5223726254e+00 -6.8395019535e+00  8.7796309498e-01 -1.1176366798e+00 -3.6744863743e+00  1.9185954488e+00 -2.6132274752e+00 -1.0601089289e+00  9.2686995010e-01 -5.5593964519e-01 -1.3951991908e-02  1.6075109870e+00 -3.3746043991e+00  2.2960318871e-01  6.4663083147e-01 -1.3771384627e+00  1.2474146871e+00  9.2757951094e-01 -1.4580693654e+00 -1.2498118338e+00  1.7582162106e+00 -3.0545991423e+00  2.6777314486e+00  5.8294512653e-01 -3.8815784986e+00  3.2131376842e+00  1.4964178779e+00  1.1124264066e+00 -4.5009893706e+00  1.1209395429e+00  2.9291934496e-01 -7.1495190064e+00  1.6307425314e+00 -2.4543796218e+00  1.3723555556e+00  1.2582753991e+00 -6.6795946893e-01 -2.4424901793e+00  3.3647502912e-01 -2.2034919736e+00 -3.8869433652e+00  8.7351697545e-01 -4.3622274925e+00  4.4505203867e+00 -5.5763764938e-01 -3.1531506002e+00  3.3265104551e+00  2.9327923787e-01 -4.9491088576e+00  2.4276316061e+00  1.7620907034e+00  2.6536254126e+00 -8.1453667864e+00  6.0736137501e-01 -1.5605615196e+00 -6.3489329822e+00  1.9784639860e+00  2.9747747961e+00 -5.2899804130e+00  2.9345970759e+00 -2.2062656793e+00 -1.0110998213e+00  1.8593507515e+00 -3.2911012733e+00 -1.9159669974e+00  1.6336932612e-01  2.2580500796e-01 -1.1307572683e-01  1.9039647450e+00 -6.7804894415e-02  8.4234667035e-02  6.3454486138e-01 -3.8840723936e+00  1.3054026393e-01  2.3600399254e+00 -4.1519300878e+00  3.9437976731e-01  7.1632097577e-01 -7.3563391699e-01  2.1315291615e+00 -3.8653961057e-01 -1.7613332483e+00  1.2084162350e+00 -7.4452498617e-02 -1.8865911158e+00 -1.3851071311e+00  2.6253110845e+00 -3.7232847445e+00  2.6871773206e+00  1.9386354077e+00 -2.2728732483e+00  3.4233724668e+00  1.2357833166e+00  3.4135924540e-01 -2.3329845537e+00
ENERGY -1.519871814313e+03

JOB 2
COORDS  1.0099449623e+00 -6.0725103590e-01 -6.0866667019e+00  1.6877308753e+00  1.9314020016e+00 -5.5469961799e+00  1.1373148207e+00 -1.4663125122e-01 -4.7718525222e+00  1.5754327967e+00  1.4416980394e+00 -6.8602380591e+00  8.5887938494e-01 -1.0781396617e+00 -3.6209477029e+00  1.8797722361e+00 -2.5672825145e+00 -1.0460968315e+00  9.1886476630e-01 -5.2268105722e-01  4.5624820790e-02  1.5785697597e+00 -3.3485052832e+00  2.3407329609e-01  6.4505226668e-01 -1.3613076825e+00  1.2967528164e+00  8.9442999477e-01 -1.4037665652e+00 -1.2052202697e+00  1.7553734906e+00 -3.0740320543e+00  2.6856062258e+00  5.7904061266e-01 -3.9025486520e+00  3.2165263262e+00  1.4748199364e+00  1.1276524467e+00 -4.5088315412e+00  1.2413326032e+00  1.9307265186e-01 -7.1366169685e+00  1.6205759179e+00 -2.4492573653e+00  1.3926196521e+00  1.2294066134e+00 -5.9107790338e-01 -2.3879111766e+00  2.7891607676e-01 -2.1465327947e+00 -3.8076930806e+00  8.7682418425e-01 -4.4074086480e+00  4.4425871586e+00 -5.5563620351e-01 -3.1688454637e+00  3.3527795387e+00  2.7536218424e-01 -4.9540655144e+00  2.4147247509e+00  1.8866897304e+00  2.5232297900e+00 -8.1979432900e+00  7.1895178422e-01 -1.6341372938e+00 -6.2857202535e+00  1.9502691932e+00  2.9678580319e+00 -5.3516767905e+00  2.8983473298e+00 -2.1664216190e+00 -1.0018702302e+00  1.8079755351e+00 -3.2334144027e+00 -1.9100773764e+00  1.6126399303e-01  2.6825078201e-01 -2.9187900156e-02  1.9010994054e+00 -4.4630704888e-02  1.3706898616e-01  6.0149297164e-01 -3.8503559045e+00  1.3700884692e-01  2.3282053417e+00 -4.1330654531e+00  3.7642733427e-01  7.3127209717e-01 -7.3507931639e-01  2.1903432363e+00 -3.9201551420e-01 -1.7355478791e+00  1.2638954367e+00 -1.1327420357e-01 -1.8229762508e+00 -1.3320557967e+00  2.6176998857e+00 -3.7489035690e+00  2.6752640943e+00  1.9479752803e+00 -2.3072280877e+00  3.4435900257e+00  1.0093454992e+00  3.9398223238e-01 -2.2665141703e+00
ENERGY -1.519866951254e+03

JOB 3
COORDS  1.3691172113e+00 -1.0602583593e+00 -5.3657228679e+00  2.2638646199e+00  1.4586330898e+00 -5.1472899305e+00  1.4117511401e+00 -4.0129216154e-01 -4.1318787364e+00  2.2373929600e+00  7.6904653956e-01 -6.3726680877e+00  9.1525917927e-01 -1.1006984111e+00 -2.8942080282e+00  1.6799046045e+00 -2.3382481568e+00 -1.5856785849e-01  8.0820300708e-01 -1.5106271471e-01  6.9925830059e-01  1.2779427386e+00 -2.9794530764e+00  1.1707133144e+00  4.2916071307e-01 -8.5118499967e-01  2.0066350954e+00  7.7552112726e-01 -1.1404326961e+00 -4.6782434215e-01  1.3635061045e+00 -2.4941195500e+00  3.5943088373e+00  1.0784402550e-01 -3.1828685885e+00  4.1435356363e+00  1.8592950404e+00  8.6203352780e-01 -4.0298093905e+00  1.7978330707e+00 -4.7189217605e-01 -6.4910139216e+00  1.3276199497e+00 -1.9825542855e+00  2.2460462380e+00  1.2187322010e+00 -4.5632817744e-01 -1.7014136566e+00  2.2065453857e-01 -2.1089282943e+00 -2.9904000222e+00  3.3162330570e-01 -3.6255746133e+00  5.4087300733e+00 -9.6278571203e-01 -2.3487087437e+00  4.1977170020e+00 -2.6655255852e-01 -4.2575500137e+00  3.4049196378e+00  2.8074124005e+00  1.5780798557e+00 -7.8136586606e+00  9.8647728269e-01 -2.0738013915e+00 -5.4383643795e+00  2.6161629528e+00  2.4850583379e+00 -5.0854550588e+00  2.7182497280e+00 -1.9933262894e+00 -1.0292400350e-01  1.6047003774e+00 -3.0799529811e+00 -9.5837207640e-01  1.0850463766e-01  6.7616124423e-01  5.2021826240e-01  1.8150924440e+00  2.7191366776e-01  7.8992053830e-01  2.7668363655e-01 -3.4301809262e+00  1.0717378562e+00  1.9708202246e+00 -3.7901070277e+00  1.4169637848e+00  5.1839144712e-01 -1.5116333434e-01  2.8433979823e+00 -6.2764444726e-01 -1.1641964353e+00  1.9593986439e+00 -2.5171395684e-01 -1.5089526877e+00 -5.9818137856e-01  2.1719731923e+00 -3.2272320668e+00  3.6834291658e+00  1.5839666498e+00 -1.6767139407e+00  4.2893353474e+00  8.8713804381e-01  5.0597156657e-01 -1.7000987718e+00
ENERGY -1.519860287500e+03

JOB 4
COORDS  9.9909815070e-01 -6.9310964025e-01 -6.0377432421e+00  1.9082123186e+00  1.7934270206e+00 -5.6236827000e+00  1.0799093101e+00 -1.4640133470e-01 -4.7511630694e+00  1.8453651545e+00  1.2153306038e+00 -6.9045782703e+00  6.1785707727e-01 -9.5387373254e-01 -3.5684349304e+00  1.7470394433e+00 -2.4057402545e+00 -1.1176506138e+00  7.3568059475e-01 -4.8040452527e-01  1.2570384189e-01  1.5637570311e+00 -3.2649604996e+00  1.3492053815e-01  5.7887964025e-01 -1.3907454328e+00  1.3461728342e+00  6.8891320545e-01 -1.2991808797e+00 -1.1666408621e+00  1.8581397132e+00 -3.1019912859e+00  2.5840655534e+00  7.5914446964e-01 -4.0194202575e+00  3.1342592442e+00  1.5356199642e+00  1.1021146048e+00 -4.5511858551e+00  1.3980801620e+00 -9.8735294904e-03 -7.1193150435e+00  1.6177883987e+00 -2.4230448314e+00  1.3345916045e+00  9.3413062362e-01 -3.9719074906e-01 -2.3179624871e+00 -6.6755853570e-02 -1.9563331257e+00 -3.7376460688e+00  1.1588723069e+00 -4.5782664555e+00  4.3067950892e+00 -3.9860330328e-01 -3.3549435548e+00  3.3842694300e+00  4.5546931746e-01 -5.0373388628e+00  2.2899551868e+00  2.3789170339e+00  2.1469353685e+00 -8.2839093818e+00  6.1010835068e-01 -1.6954656672e+00 -6.1895101255e+00  2.2659063287e+00  2.8101477940e+00 -5.4820803413e+00  2.7409713585e+00 -1.9452361314e+00 -1.1069921397e+00  1.6705419507e+00 -3.0403263396e+00 -2.0053972285e+00 -6.7124233181e-02  2.6908345838e-01  1.3296025076e-01  1.6922437205e+00  5.0458091126e-02  1.8439534642e-01  6.1393424916e-01 -3.8203564439e+00  6.2757773790e-02  2.3650323058e+00 -4.0080073072e+00  1.9645684725e-01  6.8095604286e-01 -8.0365343164e-01  2.2643844169e+00 -4.3561405034e-01 -1.8239153384e+00  1.3512018929e+00 -3.0021857809e-01 -1.7699360717e+00 -1.2565000798e+00  2.7527946446e+00 -3.7267756202e+00  2.4922539343e+00  2.0527815806e+00 -2.3638166853e+00  3.3695066291e+00  3.8209660956e-01  4.4578200611e-01 -2.1628760414e+00
ENERGY -1.519852616397e+03

JOB 5
COORDS  9.4281659940e-01 -7.0908075175e-01 -5.9901216225e+00  2.1567259251e+00  1.6442185820e+00 -5.5854474814e+00  1.0381220356e+00 -1.4256611105e-01 -4.7118451631e+00  2.0742601498e+00  1.0448490211e+00 -6.8557487543e+00  4.2378300088e-01 -8.5598916849e-01 -3.5391388802e+00  1.6653187677e+00 -2.2728766004e+00 -1.1607541886e+00  5.7152937085e-01 -4.5708062152e-01  1.7183055053e-01  1.5752738972e+00 -3.1812887311e+00  6.7312238412e-02  5.0879835551e-01 -1.4127630372e+00  1.3657049781e+00  5.3826310980e-01 -1.2361809173e+00 -1.1449219401e+00  1.9282812389e+00 -3.0770337688e+00  2.5110543350e+00  9.0574150325e-01 -4.0810862778e+00  3.0571885667e+00  1.6480136701e+00  1.0393194189e+00 -4.5172337140e+00  1.4767691059e+00 -1.1562043829e-01 -7.0660947158e+00  1.6106157175e+00 -2.3753616261e+00  1.2918248018e+00  7.0465648305e-01 -2.7970482367e-01 -2.2713256064e+00 -3.3084180149e-01 -1.8009865817e+00 -3.7248077998e+00  1.3701210053e+00 -4.6468282888e+00  4.2022431893e+00 -2.8668990771e-01 -3.5030683039e+00  3.3540551046e+00  6.4915679575e-01 -5.0913799527e+00  2.1882534614e+00  2.7894485076e+00  1.8580943860e+00 -8.2271081040e+00  4.3175864117e-01 -1.6554696677e+00 -6.1392720250e+00  2.6420618652e+00  2.6074280923e+00 -5.4488329836e+00  2.6276960335e+00 -1.7496482502e+00 -1.1640530609e+00  1.6048689219e+00 -2.8863265632e+00 -2.0654535151e+00 -2.7595771326e-01  2.3934484714e-01  2.2519786642e-01  1.4938035049e+00  1.3193014188e-01  2.1956324375e-01  6.6144944581e-01 -3.7950875792e+00  3.0082201526e-03  2.4243089235e+00 -3.8719425214e+00  8.2190755509e-02  6.0102930395e-01 -8.4918420345e-01  2.2996061586e+00 -4.7528646976e-01 -1.9107166110e+00  1.3850874958e+00 -4.2231157310e-01 -1.7646713795e+00 -1.2221723240e+00  2.8582765721e+00 -3.6392730585e+00  2.3757962375e+00  2.0966284248e+00 -2.3533110089e+00  3.3157553790e+00  2.6024735015e-02  4.6453758617e-01 -2.1019490738e+00
ENERGY -1.519845054405e+03

JOB 6
COORDS  2.2704300089e+00  9.0131591940e-01 -4.7656833239e+00  2.8726789031e-02 -5.6054853937e-01 -4.8885312208e+00  2.2715024422e+00 -4.6681339287e-01 -4.4618951169e+00  4.6045271046e-02  8.1734025466e-01 -5.1619664483e+00  3.5784081086e+00 -1.1543878458e+00 -4.1430781734e+00  2.8919775941e+00 -3.5116554681e+00 -1.2670249700e+00  2.5687546755e+00 -1.0348831025e+00 -1.2265078823e+00  1.8874664139e+00 -3.6341000971e+00 -1.1902256492e-01  1.5727477402e+00 -1.2157042678e+00 -7.8910555013e-02  2.5852407546e+00 -2.2780098683e+00 -2.1220768513e+00  1.3245276008e+00 -2.5127751277e+00  2.0090300152e+00 -1.9216337089e-01 -2.7133641658e+00  2.1156617584e+00  1.1433346112e+00 -1.1930830855e+00 -4.5271769242e+00  1.1475471705e+00  1.5477488819e+00 -5.1023535019e+00  1.9069076773e+00 -2.4151341950e+00  6.9306463994e-01  3.6351663906e+00 -2.1597562712e+00 -3.1594086095e+00  4.5897273157e+00 -7.4299468547e-01 -4.6957022542e+00 -5.6652262660e-01 -2.7785196616e+00  3.4196588323e+00 -8.9439815168e-01 -1.6990790925e+00  1.5486639807e+00 -6.0958428217e-01 -3.8614483084e+00  1.5226069519e+00 -1.4451698424e+00  1.6166364819e+00 -5.5994698542e+00  3.1909528794e+00  1.4767043807e+00 -4.7309927034e+00 -8.8868040854e-01 -1.1387939805e+00 -4.9621812621e+00  3.9068886155e+00 -3.4288075167e+00 -8.6348993001e-01  2.8455825420e+00 -4.4195194946e+00 -1.8824666902e+00  2.2889573044e+00 -1.4357074243e-01 -1.7985796867e+00  3.5750960454e+00 -8.7176726584e-01 -8.2624025364e-01  8.8513780759e-01 -3.8422950786e+00 -5.2982314823e-01  2.1541610004e+00 -4.4820150711e+00  5.1966652481e-01  1.6146408487e+00 -3.4959852164e-01  5.8884450381e-01  5.4876731050e-01 -1.2583565559e+00 -4.8720287422e-01  1.5927081590e+00 -2.4076938115e+00 -2.5688745046e+00  1.7772289244e+00 -3.3525426917e+00  2.5468181039e+00  1.5480417002e+00 -1.6022579475e+00  2.5749084096e+00  3.8002240223e+00 -3.0680373503e+00 -3.5886004146e+00
ENERGY -1.519845309739e+03

JOB 7
COORDS  2.3662737427e+00  8.6264938846e-01 -4.8791742382e+00  2.6171087956e-02 -4.3602067025e-01 -4.7597510653e+00  2.2952201265e+00 -4.8247755414e-01 -4.4915088474e+00  1.1854033390e-01  9.1909305688e-01 -5.1171689554e+00  3.5777067954e+00 -1.2356427241e+00 -4.2259624949e+00  2.9909413426e+00 -3.4987320949e+00 -1.2558406976e+00  2.5141502312e+00 -1.0463951894e+00 -1.2695715990e+00  1.9900638458e+00 -3.6586174419e+00 -1.0945274423e-01  1.5246147863e+00 -1.2655096564e+00 -1.2319744340e-01  2.6132468632e+00 -2.3048500281e+00 -2.1391497208e+00  1.3499641715e+00 -2.5300116418e+00  1.9926949358e+00 -1.5075465564e-01 -2.8267982805e+00  2.0996282451e+00  1.1180365311e+00 -1.1264537913e+00 -4.4368214988e+00  1.2691104512e+00  1.5692256838e+00 -5.1774962141e+00  1.9304519064e+00 -2.4241614229e+00  6.7640425231e-01  3.6565658295e+00 -2.1481757117e+00 -3.1757921547e+00  4.5660389852e+00 -9.2916117609e-01 -4.8861966319e+00 -5.2608244701e-01 -2.8839963338e+00  3.4035832443e+00 -9.1478969949e-01 -1.8750409759e+00  1.5051169362e+00 -4.8934579451e-01 -4.0141070372e+00  1.5341473277e+00 -1.3421802671e+00  1.7999487671e+00 -5.4993966436e+00  3.3245211499e+00  1.3694170810e+00 -4.9442635147e+00 -9.3157809907e-01 -9.4949989211e-01 -4.7356564297e+00  3.9964004329e+00 -3.3455926354e+00 -8.4833351101e-01  3.0032178221e+00 -4.4207015590e+00 -1.8516427350e+00  2.1840149758e+00 -1.8670229510e-01 -1.8614513821e+00  3.5057883032e+00 -8.1372294717e-01 -8.6689814076e-01  1.0048112746e+00 -3.9366436151e+00 -5.2012823181e-01  2.3051204688e+00 -4.4752521824e+00  5.4763079421e-01  1.5071136657e+00 -3.8405957402e-01  5.2522575200e-01  5.0804566123e-01 -1.3825960544e+00 -5.3531944199e-01  1.6353192829e+00 -2.5031498132e+00 -2.5904448959e+00  1.8543250837e+00 -3.3258242756e+00  2.5509676280e+00  1.5112217233e+00 -1.5941188127e+00  2.5378822797e+00  3.9840468306e+00 -3.0527102022e+00 -3.5054298727e+00
ENERGY -1.519850887069e+03

JOB 8
COORDS  2.3980996199e+00  8.0850337942e-01 -5.0296489834e+00 -7.2661110900e-04 -3.2811061877e-01 -4.6690260040e+00  2.2745530369e+00 -4.9503745890e-01 -4.5285851297e+00  1.4628726361e-01  9.8560126752e-01 -5.1419719025e+00  3.5317012791e+00 -1.2953344515e+00 -4.2805896005e+00  3.0155843780e+00 -3.4648742101e+00 -1.2326971875e+00  2.4613039607e+00 -1.0283081905e+00 -1.2681915869e+00  2.0175282856e+00 -3.6452257736e+00 -8.6513743657e-02  1.4748313153e+00 -1.2675634539e+00 -1.2359108785e-01  2.5997687445e+00 -2.2918941130e+00 -2.1260233392e+00  1.3318050694e+00 -2.5198702830e+00  2.0020993550e+00 -1.5884284596e-01 -2.8652087574e+00  2.1037959344e+00  1.0682243120e+00 -1.0571919713e+00 -4.3534846168e+00  1.3265571454e+00  1.5559682658e+00 -5.3209239312e+00  1.9148486021e+00 -2.4062185991e+00  6.8743646076e-01  3.6262742282e+00 -2.1155510627e+00 -3.1737103453e+00  4.4924607415e+00 -1.0978962854e+00 -5.0233291560e+00 -5.3865237464e-01 -2.9273326297e+00  3.4061984963e+00 -9.5073455960e-01 -1.9425748939e+00  1.4999539867e+00 -4.5507121582e-01 -4.0662332822e+00  1.5435845263e+00 -1.2825374778e+00  1.9230067150e+00 -5.5116615346e+00  3.3779895466e+00  1.2471655737e+00 -5.1922240231e+00 -9.8268602236e-01 -7.7794797320e-01 -4.5469630074e+00  4.0147033362e+00 -3.2774015416e+00 -8.2286660881e-01  3.0564680559e+00 -4.3910295079e+00 -1.8202617532e+00  2.1093084923e+00 -1.8577088583e-01 -1.8710359333e+00  3.4439517685e+00 -7.6318904292e-01 -8.6350054977e-01  1.0437768686e+00 -3.9595562949e+00 -4.9813644925e-01  2.3569794534e+00 -4.4447839285e+00  5.7930411484e-01  1.4271446367e+00 -3.8211794803e-01  5.1779883269e-01  4.6414648838e-01 -1.4205320282e+00 -5.3814331849e-01  1.6287851305e+00 -2.5236611589e+00 -2.5741639904e+00  1.8592715078e+00 -3.2937492427e+00  2.5697658207e+00  1.4592449573e+00 -1.5744871799e+00  2.5397488370e+00  4.1133255665e+00 -2.9795368853e+00 -3.3941753030e+00
ENERGY -1.519856338907e+03

JOB 9
COORDS  2.3604896140e+00  7.8123711407e-01 -5.2491312926e+00 -4.9521400132e-02 -1.8645109959e-01 -4.5918080173e+00  2.2225144967e+00 -4.4466519557e-01 -4.5817738379e+00  1.1446693370e-01  1.0485861445e+00 -5.2383311673e+00  3.4704030657e+00 -1.2536506810e+00 -4.3164559334e+00  3.0253588486e+00 -3.4295861776e+00 -1.2641342373e+00  2.4113052066e+00 -1.0047020756e+00 -1.2481268108e+00  2.0520424389e+00 -3.6513638716e+00 -1.0396552321e-01  1.4511994054e+00 -1.2877478900e+00 -9.1390686508e-02  2.5674799641e+00 -2.2508583449e+00 -2.1288220925e+00  1.3769560724e+00 -2.5780532869e+00  2.0151772531e+00 -1.0364418526e-01 -2.9584374748e+00  2.1370726578e+00  1.0100328134e+00 -9.2078898521e-01 -4.2579094837e+00  1.3005187936e+00  1.5357835970e+00 -5.5640313728e+00  1.9336459679e+00 -2.4282830021e+00  6.9267248852e-01  3.5622696538e+00 -2.0358784785e+00 -3.1952046683e+00  4.4241618982e+00 -1.1118421194e+00 -5.0853960108e+00 -4.5747050015e-01 -3.0550762444e+00  3.4446428812e+00 -9.2677131889e-01 -2.0416794569e+00  1.5669123246e+00 -3.8381432577e-01 -4.1542192043e+00  1.5578166280e+00 -1.2997324039e+00  1.9978548376e+00 -5.6340258614e+00  3.3431405212e+00  1.1486578793e+00 -5.5279942936e+00 -1.0369617065e+00 -5.6963105392e-01 -4.3474914427e+00  4.0263928799e+00 -3.2263575378e+00 -8.6524973495e-01  3.0773241848e+00 -4.3433914865e+00 -1.8690604311e+00  2.0275114750e+00 -1.6503469029e-01 -1.8347360595e+00  3.3933847254e+00 -7.2035942824e-01 -8.5500279472e-01  1.0791251753e+00 -3.9818441533e+00 -5.0468064138e-01  2.4215428187e+00 -4.4539310421e+00  5.4195067252e-01  1.3917138629e+00 -4.1449116726e-01  5.6554657127e-01  4.3782884483e-01 -1.4598599558e+00 -4.9174117104e-01  1.5967399732e+00 -2.4959167972e+00 -2.5676526595e+00  1.9315280922e+00 -3.3497130849e+00  2.5595307450e+00  1.4930998951e+00 -1.6395837604e+00  2.5673048279e+00  4.2182038831e+00 -2.7999008392e+00 -3.3250338144e+00
ENERGY -1.519860815996e+03

JOB 10
COORDS  2.0382604234e+00 -2.4409805116e-01 -5.9544357629e+00  3.0354168842e-01  7.4977538797e-01 -4.1715843440e+00  2.2805601309e+00 -3.2757711360e-01 -4.5750302946e+00  7.4929371002e-02  8.0606541814e-01 -5.5549742374e+00  3.5868511740e+00 -9.3981355355e-01 -4.1290060346e+00  2.9265265915e+00 -3.1559338637e+00 -1.2900559265e+00  2.6312625501e+00 -7.2134199645e-01 -7.4419686921e-01  1.8831414462e+00 -3.4838698639e+00 -2.1810758304e-01  1.5966441581e+00 -1.1195549800e+00  3.0940590886e-01  2.6753804417e+00 -1.7595616020e+00 -1.8704620933e+00  1.2727797021e+00 -2.8159165474e+00  2.0787177407e+00 -2.4964377706e-01 -2.9984726429e+00  2.1019513102e+00  1.4037981904e+00  1.7372026010e-01 -3.6901794563e+00  9.2391035766e-01  3.1437020810e-01 -6.4423280839e+00  1.8964483818e+00 -2.4587708788e+00  8.2762879378e-01  3.7124155288e+00 -1.4353590353e+00 -2.8620407612e+00  4.5432719751e+00 -9.1296896390e-01 -4.9090780664e+00 -6.6164359917e-01 -3.3442369189e+00  3.3490808814e+00 -9.1691171644e-01 -1.8666982160e+00  1.7602094904e+00 -6.7067321136e-01 -3.9746671425e+00  1.2570498727e+00 -1.3902239078e+00  1.5543573244e+00 -6.1474251066e+00  2.7612012816e+00 -6.3448553005e-01 -6.6636936430e+00 -4.0637452954e-01  1.1704029693e+00 -3.4640163423e+00  3.9258909655e+00 -3.1932297007e+00 -8.3755254983e-01  2.8858828595e+00 -3.9084626180e+00 -2.0858550182e+00  2.3804357102e+00  2.5484018761e-01 -1.1669453428e+00  3.6212421837e+00 -6.5217309362e-01 -2.7897155178e-01  8.9274688710e-01 -3.5777440622e+00 -6.9486746181e-01  2.1106892329e+00 -4.4523126480e+00  2.3837288169e-01  1.6183706675e+00 -4.1133537576e-01  1.1435004397e+00  5.8697632808e-01 -1.0656551052e+00 -1.3226582270e-01  1.7053800140e+00 -1.7655109812e+00 -2.3708188950e+00  1.6941560074e+00 -3.7598552011e+00  2.4402285554e+00  1.4951235058e+00 -2.0491429283e+00  2.8282520701e+00  4.5711432928e+00 -1.9705436098e+00 -2.7688261262e+00
ENERGY -1.519864402685e+03

JOB 11
COORDS  2.2754323510e+00 -3.9250007009e-01 -5.9710134583e+00  3.8170343158e-01  5.2199437343e-01 -4.3115535927e+00  2.3900635270e+00 -5.4073974736e-01 -4.5803120980e+00  2.8332162609e-01  6.4555516435e-01 -5.7058386895e+00  3.6511225503e+00 -1.1769080797e+00 -4.0459979351e+00  2.7843557438e+00 -3.3547080387e+00 -1.1904985030e+00  2.5458532986e+00 -8.9236181407e-01 -7.4448064439e-01  1.6987419380e+00 -3.6100718537e+00 -1.4122290686e-01  1.4674756787e+00 -1.2206630810e+00  2.8946731901e-01  2.5954251547e+00 -1.9743278458e+00 -1.8298499341e+00  1.0396488749e+00 -2.8380638813e+00  2.1094699310e+00 -4.8759671753e-01 -2.9755303612e+00  2.0914784220e+00  1.4343934703e+00 -7.7922521551e-02 -3.7582999318e+00  1.2117360404e+00  1.9430857933e-01 -6.5330329653e+00  1.7116770751e+00 -2.5468749170e+00  8.6629382304e-01  3.6657056252e+00 -1.7279952399e+00 -2.8006358058e+00  4.6587849751e+00 -1.1752868663e+00 -4.7609965674e+00 -9.4769125314e-01 -3.2586545110e+00  3.3375967734e+00 -1.1096320000e+00 -1.8394653328e+00  1.6845515101e+00 -9.1195956806e-01 -3.9722059112e+00  1.2727039882e+00 -1.1204630586e+00  1.4275584393e+00 -6.3954516740e+00  3.0605951758e+00 -7.5403964463e-01 -6.6272253645e+00 -3.9208771926e-01  9.0965409875e-01 -3.6538489474e+00  3.7677492247e+00 -3.4050492322e+00 -7.0546070760e-01  2.7469989118e+00 -4.1334873476e+00 -1.9600933749e+00  2.3366933106e+00  7.4000641375e-02 -1.2106774077e+00  3.5216603905e+00 -8.3236016882e-01 -2.4818636251e-01  7.2079935788e-01 -3.6917664480e+00 -6.4514151001e-01  1.8814764110e+00 -4.5668671611e+00  3.5791462418e-01  1.4836473292e+00 -4.8169443207e-01  1.0966024886e+00  4.7458868878e-01 -1.1551452982e+00 -1.8716193240e-01  1.6452387715e+00 -1.9673232051e+00 -2.3655405201e+00  1.4212965704e+00 -3.7794090248e+00  2.5186847204e+00  1.2620335280e+00 -2.0502208572e+00  2.8368288555e+00  4.5794180164e+00 -2.1103452737e+00 -2.5744341259e+00
ENERGY -1.519865878234e+03

JOB 12
COORDS  2.2893786111e+00 -2.2502985396e-01 -5.9487913028e+00  2.9414518922e-01  4.6369421412e-01 -4.2994033178e+00  2.3585844406e+00 -4.8540159335e-01 -4.5709244210e+00  2.4312756898e-01  7.0145456041e-01 -5.6810725536e+00  3.6282827473e+00 -1.1135356727e+00 -4.0452457249e+00  2.7834201361e+00 -3.3855275569e+00 -1.1973159398e+00  2.5493711659e+00 -9.1315051500e-01 -8.1027383588e-01  1.7207540153e+00 -3.6162275791e+00 -1.1906796629e-01  1.4920136643e+00 -1.2167312276e+00  2.5268035742e-01  2.5773745351e+00 -2.0233572976e+00 -1.8688863268e+00  1.1063107454e+00 -2.7850990944e+00  2.1239689239e+00 -4.2009913952e-01 -2.9315197204e+00  2.1405727120e+00  1.3521755656e+00 -1.3470491693e-01 -3.7547740476e+00  1.2223205947e+00  3.6215396946e-01 -6.5033613070e+00  1.7517541203e+00 -2.5264024099e+00  8.5962216815e-01  3.6235756949e+00 -1.8158102869e+00 -2.8745403365e+00  4.6475626685e+00 -1.0352304547e+00 -4.7387558791e+00 -8.5470752625e-01 -3.1695500762e+00  3.4052094966e+00 -1.0565785884e+00 -1.8150149565e+00  1.7029336868e+00 -8.5416764308e-01 -3.9607946580e+00  1.3685781301e+00 -1.1676264186e+00  1.4786133655e+00 -6.3614667253e+00  3.1136934717e+00 -4.9780396985e-01 -6.5997456546e+00 -5.2124172436e-01  7.5952758364e-01 -3.6442712547e+00  3.7769045654e+00 -3.4217224818e+00 -7.3205955367e-01  2.7336625030e+00 -4.1831169366e+00 -1.9462216409e+00  2.3272011750e+00  4.1014116935e-02 -1.2949265560e+00  3.5345192848e+00 -8.4007344850e-01 -3.3391152861e-01  7.3243003657e-01 -3.7132846786e+00 -5.9941453037e-01  1.9172780361e+00 -4.5586413304e+00  4.0160341357e-01  1.5201137715e+00 -4.5679004080e-01  1.0397865815e+00  4.9089447164e-01 -1.1668840043e+00 -2.0800825563e-01  1.6167792431e+00 -2.0319792850e+00 -2.3851551429e+00  1.5019059750e+00 -3.7119790644e+00  2.5525356944e+00  1.3382061620e+00 -1.9752163016e+00  2.8236002974e+00  4.5723935144e+00 -2.0162974612e+00 -2.5691334432e+00
ENERGY -1.519865213411e+03

JOB 13
COORDS  1.8312354845e+00 -9.7188252559e-02 -5.9325143713e+00  1.2902809075e-01  8.1789708612e-01 -4.0778989342e+00  2.1302141129e+00 -1.7833225440e-01 -4.5640726978e+00 -1.5521465822e-01  8.7080865671e-01 -5.4510504486e+00  3.4857440532e+00 -7.1875653300e-01 -4.1688756286e+00  2.9079281722e+00 -3.1201239122e+00 -1.3830094855e+00  2.6591805455e+00 -6.7824934824e-01 -8.4433524545e-01  1.9091624655e+00 -3.4290416574e+00 -2.6453417607e-01  1.6698009749e+00 -1.0591732799e+00  2.5873011963e-01  2.6466479244e+00 -1.7249531263e+00 -1.9647859225e+00  1.4061008446e+00 -2.7379483874e+00  2.0527441342e+00 -1.1585403642e-01 -2.9031144040e+00  2.1436599378e+00  1.2692246960e+00  2.8348959166e-01 -3.6432339317e+00  6.7736473592e-01  4.1759835978e-01 -6.3738867392e+00  1.9788617624e+00 -2.3968622510e+00  7.7312013625e-01  3.6329639085e+00 -1.4435753017e+00 -3.0145782119e+00  4.4134975664e+00 -5.8870308164e-01 -4.9707922104e+00 -4.7696510713e-01 -3.2322703087e+00  3.4109658327e+00 -7.8459637688e-01 -1.7664481438e+00  1.8204342636e+00 -5.8451725326e-01 -3.8817521319e+00  1.3275786252e+00 -1.6717752233e+00  1.5602992591e+00 -5.9815769553e+00  2.5405218494e+00 -4.5473806180e-01 -6.6723544932e+00 -5.6874752958e-01  1.2070286816e+00 -3.3408429890e+00  3.9264946327e+00 -3.1653151063e+00 -9.7757057614e-01  2.8288082704e+00 -3.8735290575e+00 -2.1736222109e+00  2.3980746106e+00  2.9857898443e-01 -1.2589150777e+00  3.6682859855e+00 -6.1692721010e-01 -4.1719574734e-01  8.9715274923e-01 -3.5141609579e+00 -6.9566029652e-01  2.1448584645e+00 -4.3967417504e+00  1.8934995167e-01  1.7357110059e+00 -3.4434208662e-01  1.0849851774e+00  6.4285377555e-01 -9.9676157918e-01 -1.3963535342e-01  1.6600433859e+00 -1.7266640844e+00 -2.4302835854e+00  1.8325423722e+00 -3.6840008015e+00  2.4024889460e+00  1.6689319794e+00 -1.9685533914e+00  2.7864051455e+00  4.5916539359e+00 -1.4140647729e+00 -2.6765640231e+00
ENERGY -1.519862335047e+03

JOB 14
COORDS  1.7096512419e+00 -2.1649615464e-01 -5.9090871655e+00  1.8643594234e-01  9.1989510981e-01 -4.0215398603e+00  2.1172037150e+00 -1.7779792148e-01 -4.5674801889e+00 -2.0827985360e-01  8.5200275403e-01 -5.3669579312e+00  3.4926107332e+00 -7.0656763277e-01 -4.2255616347e+00  2.9838666531e+00 -3.0746354630e+00 -1.4219757388e+00  2.7123397931e+00 -6.3969244558e-01 -8.7091380582e-01  1.9775649636e+00 -3.3989079670e+00 -3.1480784006e-01  1.7168151464e+00 -1.0339791038e+00  2.2206706425e-01  2.7157686431e+00 -1.6779019580e+00 -1.9987138647e+00  1.4449818273e+00 -2.7261629202e+00  2.0014726194e+00 -7.6665053224e-02 -2.9025421710e+00  2.0749621148e+00  1.3452750165e+00  3.9380984026e-01 -3.6292689293e+00  5.3519225285e-01  2.8899773434e-01 -6.3051272491e+00  2.0292423829e+00 -2.3729138370e+00  7.3040343688e-01  3.7087362682e+00 -1.3856362905e+00 -3.0437532809e+00  4.3601867664e+00 -6.3808888074e-01 -5.0962189810e+00 -4.4908789592e-01 -3.2408681651e+00  3.3366344015e+00 -7.4994985837e-01 -1.7687600961e+00  1.7505719033e+00 -5.2973010583e-01 -3.8799799755e+00  1.2488815057e+00 -1.7475748409e+00  1.5332332223e+00 -5.8384923502e+00  2.3471394854e+00 -6.6315861021e-01 -6.6658471763e+00 -4.3987488260e-01  1.3975520498e+00 -3.2724298597e+00  3.9995851629e+00 -3.1131380069e+00 -1.0098752903e+00  2.9186142245e+00 -3.8231669381e+00 -2.2183200604e+00  2.4504097045e+00  3.3937190322e-01 -1.2791092811e+00  3.7174291694e+00 -5.7846572584e-01 -4.3298244284e-01  9.6998159803e-01 -3.4891569254e+00 -7.5534736393e-01  2.2165086075e+00 -4.3675340324e+00  1.3544909352e-01  1.7718587087e+00 -3.2404726996e-01  1.0534016112e+00  6.9286262969e-01 -9.7437749011e-01 -1.8448232918e-01  1.7310691981e+00 -1.6887838697e+00 -2.4693096880e+00  1.8741909629e+00 -3.6715100785e+00  2.3497258773e+00  1.6942948455e+00 -1.9597816758e+00  2.7430070500e+00  4.6201376195e+00 -1.1673691682e+00 -2.6483276375e+00
ENERGY -1.519857441702e+03

JOB 15
COORDS  1.6291023412e+00 -3.7111696306e-01 -5.8223929858e+00  3.0710564568e-01  1.0497247417e+00 -3.9764582028e+00  2.1423284731e+00 -1.9661676069e-01 -4.5293975678e+00 -1.9640772612e-01  8.4419535808e-01 -5.2712894112e+00  3.5206786494e+00 -7.3751197755e-01 -4.2183451663e+00  3.0243108774e+00 -3.0360171753e+00 -1.3996731750e+00  2.7185555227e+00 -6.0945217627e-01 -8.3470211102e-01  1.9878840500e+00 -3.3784028764e+00 -3.2636594249e-01  1.6957775473e+00 -1.0207287028e+00  2.2644655261e-01  2.7637225942e+00 -1.6353052126e+00 -1.9720121065e+00  1.3829525441e+00 -2.7315742557e+00  1.9802065912e+00 -1.3940420829e-01 -2.9145800566e+00  2.0085816217e+00  1.4709157357e+00  5.1643691076e-01 -3.6106223851e+00  4.4692028051e-01  1.4004186338e-01 -6.1877767151e+00  2.0015958580e+00 -2.3624757312e+00  7.3020094404e-01  3.7885049533e+00 -1.3255843695e+00 -2.9861190906e+00  4.3339741530e+00 -7.7291155210e-01 -5.1377229599e+00 -5.4597486053e-01 -3.2692086234e+00  3.2552213466e+00 -8.0793284697e-01 -1.7793460949e+00  1.6789115374e+00 -5.6508455278e-01 -3.8835682495e+00  1.1585751697e+00 -1.7405246760e+00  1.5390920193e+00 -5.7044567743e+00  2.1856385292e+00 -9.3340443865e-01 -6.5661414351e+00 -2.3836166144e-01  1.6419263973e+00 -3.2461305804e+00  4.0281861588e+00 -3.0700072741e+00 -9.6043470000e-01  2.9888525705e+00 -3.7766872033e+00 -2.2051752399e+00  2.4633815767e+00  3.7293591519e-01 -1.2392102473e+00  3.7102233585e+00 -5.4840935267e-01 -3.6612823613e-01  9.9394502990e-01 -3.4707411217e+00 -7.9671936691e-01  2.2197601451e+00 -4.3498497956e+00  1.2155998254e-01  1.7234543432e+00 -3.1851289668e-01  1.0657340002e+00  6.8307498289e-01 -9.6253731292e-01 -2.0780446976e-01  1.7913842132e+00 -1.6529884241e+00 -2.4698597566e+00  1.8060322264e+00 -3.6789793741e+00  2.3302949567e+00  1.6077581955e+00 -1.9723501803e+00  2.7368527641e+00  4.6124955669e+00 -9.2187828704e-01 -2.5469350686e+00
ENERGY -1.519851210261e+03

JOB 16
COORDS  1.5590485013e+00 -4.8526946038e-01 -5.8106919763e+00  4.2292419519e-01  1.1355421312e+00 -4.0055464009e+00  2.1545895577e+00 -2.4859476891e-01 -4.5640640596e+00 -1.6423354443e-01  8.6892516612e-01 -5.2539662285e+00  3.5168039179e+00 -8.4123059691e-01 -4.2749030838e+00  3.0940491674e+00 -2.9989636035e+00 -1.4039284994e+00  2.7281458928e+00 -5.7958676060e-01 -8.4385657381e-01  2.0524486979e+00 -3.3645596577e+00 -3.4364915395e-01  1.7035833741e+00 -1.0140578511e+00  2.0662253636e-01  2.8123108071e+00 -1.6034792234e+00 -1.9798377710e+00  1.4110054877e+00 -2.7310499941e+00  1.9575066488e+00 -1.0734724124e-01 -2.9460027943e+00  1.9722053405e+00  1.5759381063e+00  5.6484903468e-01 -3.6651322409e+00  3.8711596257e-01  6.7039393934e-02 -6.1495895219e+00  2.0326940720e+00 -2.3487703727e+00  7.1320973000e-01  3.8485559535e+00 -1.2708790830e+00 -2.9797479000e+00  4.2623647498e+00 -1.0372093027e+00 -5.2264384963e+00 -5.1759154801e-01 -3.3114762344e+00  3.2146372535e+00 -7.9653898967e-01 -1.8241356685e+00  1.6388332808e+00 -5.0545478132e-01 -3.9217179906e+00  1.1167827094e+00 -1.6907950251e+00  1.6195343375e+00 -5.6533394843e+00  2.0396225319e+00 -1.1315014391e+00 -6.5391154955e+00 -4.8616346109e-02  1.8069557730e+00 -3.2924093273e+00  4.0937414767e+00 -3.0101984125e+00 -9.5541609817e-01  3.0847808464e+00 -3.7391381313e+00 -2.2107048106e+00  2.4544385965e+00  3.9678989608e-01 -1.2514696766e+00  3.7126427160e+00 -4.9500705992e-01 -3.6381006102e-01  1.0656670534e+00 -3.4775920499e+00 -8.2464899629e-01  2.2995325703e+00 -4.3309527928e+00  1.0708772032e-01  1.7072078897e+00 -3.1176182211e-01  1.0463801144e+00  6.9424523962e-01 -9.7741433101e-01 -2.3800520661e-01  1.8442689544e+00 -1.6429737434e+00 -2.4880377073e+00  1.8508402733e+00 -3.6694730296e+00  2.3111065974e+00  1.6128529496e+00 -1.9675861467e+00  2.7164077599e+00  4.5608706558e+00 -6.7721025017e-01 -2.5613750020e+00
ENERGY -1.519844761933e+03

JOB 17
COORDS  6.7887662898e-01 -5.2310186075e-01 -6.1521617982e+00  1.5759345130e+00  1.9569205930e+00 -5.6839464539e+00  1.1813725577e+00 -1.4898776097e-01 -4.8987280307e+00  1.0406596628e+00  1.5690493437e+00 -6.9259143315e+00  1.2491420272e+00 -1.1678985157e+00 -3.7930595335e+00  2.1017313580e+00 -2.6665434955e+00 -1.0807915229e+00  9.8292335958e-01 -6.2200352792e-01 -1.4318657594e-01  1.6365390255e+00 -3.4419994429e+00  1.5436627735e-01  5.4702694276e-01 -1.4589249062e+00  1.0618642096e+00  1.1498931994e+00 -1.5016209507e+00 -1.3864188625e+00  1.4642759627e+00 -3.1582604844e+00  2.6024570793e+00  2.3318675110e-01 -3.9992450746e+00  2.9626429453e+00  1.6302032772e+00  1.0973437585e+00 -4.6719076992e+00  5.9573352235e-01  3.4769452800e-01 -7.1670130338e+00  1.5108728928e+00 -2.5373872918e+00  1.3011755130e+00  1.5876773590e+00 -6.4243122969e-01 -2.5211025389e+00  1.1062965823e+00 -2.3557798530e+00 -4.0524571784e+00  3.6134765259e-01 -4.5030937706e+00  4.2184369772e+00 -9.1754332177e-01 -3.2791951339e+00  2.9380140222e+00  5.7035595898e-02 -5.0537016452e+00  2.1263526587e+00  9.5191021807e-01  2.7431291270e+00 -8.2173464979e+00  3.3721857684e-01 -1.5381662929e+00 -6.3310214784e+00  1.9485658068e+00  2.9654506178e+00 -5.5227807708e+00  3.1074091447e+00 -2.2670094524e+00 -8.8827140835e-01  2.1578358619e+00 -3.3366738359e+00 -1.9420119058e+00  2.4560756553e-01  1.6198979253e-01 -3.4323369430e-01  1.9360481141e+00 -1.2973214622e-01  8.5297176698e-02  6.8605965893e-01 -3.9520181079e+00 -7.5811173968e-02  2.3642389524e+00 -4.2211500059e+00  4.0292766788e-01  4.9877910807e-01 -8.3003829201e-01  1.9566624869e+00 -4.7071902170e-01 -1.8474258790e+00  8.8687255415e-01  1.7309640296e-01 -1.9159955552e+00 -1.6583136628e+00  2.3260980603e+00 -3.8237869376e+00  2.7199858923e+00  1.5371852421e+00 -2.3872148959e+00  3.3768257281e+00  2.6039888127e+00 -5.8224655020e-01 -2.4434224787e+00
ENERGY -1.519844064110e+03

JOB 18
COORDS  6.4383186622e-01 -4.9899620246e-01 -6.1845685238e+00  1.8139057252e+00  1.8668678821e+00 -5.7220395738e+00  1.1257321351e+00 -1.5496846873e-01 -4.9156609361e+00  1.2970808698e+00  1.5127726952e+00 -6.9814250010e+00  1.0205457052e+00 -1.1423335560e+00 -3.7840282252e+00  2.0215265684e+00 -2.6029757881e+00 -1.1293870601e+00  8.1387319538e-01 -6.4225192895e-01 -1.2069739602e-01  1.6599196059e+00 -3.4175675349e+00  1.1499965644e-01  4.8641440485e-01 -1.5173555880e+00  1.0916907873e+00  9.8430948266e-01 -1.4988421425e+00 -1.3792100741e+00  1.5834439869e+00 -3.1636389416e+00  2.5716338934e+00  4.2872478679e-01 -4.0873644427e+00  2.9784930592e+00  1.7125827228e+00  1.0330598269e+00 -4.6915275433e+00  7.1858768425e-01  3.4844014805e-01 -7.2199124882e+00  1.5284653740e+00 -2.5318443719e+00  1.2759626359e+00  1.3242566268e+00 -6.1507450596e-01 -2.5207566916e+00  7.8522361753e-01 -2.3223055497e+00 -4.0209844580e+00  6.4741020621e-01 -4.5903598296e+00  4.2219854861e+00 -7.6691718228e-01 -3.4451180762e+00  3.0129995499e+00  2.8482749123e-01 -5.1449490881e+00  2.1401178726e+00  1.4186912737e+00  2.6530792026e+00 -8.3007079921e+00  1.9044523942e-01 -1.4700123740e+00 -6.3594095587e+00  2.2994121476e+00  2.8262857783e+00 -5.5622450473e+00  3.0075310432e+00 -2.1427945229e+00 -9.7578792739e-01  2.0804607355e+00 -3.2602858505e+00 -2.0003893984e+00  1.7914989378e-02  9.2579945963e-02 -2.7905845003e-01  1.7413575676e+00 -9.0015179517e-02  7.5171735412e-02  7.3387434312e-01 -3.9839118622e+00 -7.9795646947e-02  2.4449376421e+00 -4.1514899230e+00  3.2320160137e-01  4.3593142650e-01 -9.0123054675e-01  1.9951168419e+00 -5.1027807716e-01 -1.9703906238e+00  9.5537146603e-01  2.7117715268e-02 -1.9721582651e+00 -1.6197190833e+00  2.4920680089e+00 -3.7708886517e+00  2.6427721643e+00  1.6406997081e+00 -2.3950465495e+00  3.3497278297e+00  2.3179686758e+00 -4.0063410060e-01 -2.4442752772e+00
ENERGY -1.519852293718e+03

JOB 19
COORDS  6.1053035105e-01 -4.5731865795e-01 -6.1796393598e+00  1.9680505544e+00  1.8028989612e+00 -5.6938976476e+00  1.0717709948e+00 -1.4052484701e-01 -4.8968691608e+00  1.4725096362e+00  1.4784559402e+00 -6.9693481942e+00  8.3674224621e-01 -1.0995107263e+00 -3.7596299928e+00  1.9523794973e+00 -2.5258992969e+00 -1.1469377689e+00  6.8324326229e-01 -6.2932409113e-01 -8.7805980332e-02  1.6676565458e+00 -3.3635664156e+00  1.0206784881e-01  4.3765500718e-01 -1.5255210007e+00  1.1285995282e+00  8.5530418622e-01 -1.4719597140e+00 -1.3550071148e+00  1.6602964416e+00 -3.1238390127e+00  2.5616280810e+00  5.5859824252e-01 -4.0936076067e+00  3.0063776566e+00  1.7538910952e+00  9.9317954304e-01 -4.6609424795e+00  8.0301285104e-01  3.6645924312e-01 -7.2191089067e+00  1.5320643191e+00 -2.4900794928e+00  1.2720541367e+00  1.1195975228e+00 -5.8160763474e-01 -2.5028613692e+00  5.0931269117e-01 -2.2610104113e+00 -3.9885047601e+00  8.4776918233e-01 -4.5989554569e+00  4.2343356633e+00 -6.5714049439e-01 -3.4960771388e+00  3.0978413046e+00  4.1810544963e-01 -5.1479025105e+00  2.1635620402e+00  1.7485394987e+00  2.5851407668e+00 -8.2942782341e+00  7.9133471778e-02 -1.3864707536e+00 -6.3619381505e+00  2.5298041868e+00  2.7177114822e+00 -5.5234926462e+00  2.9200272868e+00 -2.0211952878e+00 -1.0224659771e+00  2.0125245395e+00 -3.1746189342e+00 -2.0247803932e+00 -1.5285548486e-01  6.5906443528e-02 -2.1582271669e-01  1.5885888032e+00 -3.3529729761e-02  8.3604127062e-02  7.6329065439e-01 -3.9713592343e+00 -6.7444817755e-02  2.4922935421e+00 -4.0607615544e+00  2.8116814904e-01  3.8752094058e-01 -9.1727546675e-01  2.0372922562e+00 -5.4033206083e-01 -2.0245981928e+00  1.0212450601e+00 -8.3204215844e-02 -1.9906957580e+00 -1.5717510212e+00  2.5942543295e+00 -3.6946432317e+00  2.5953701179e+00  1.7162936939e+00 -2.3566947490e+00  3.3413206147e+00  2.0689305856e+00 -2.1946059139e-01 -2.4392691577e+00
ENERGY -1.519860548216e+03

JOB 20
COORDS  6.1676832338e-01 -4.1684843406e-01 -6.1503697738e+00  2.0883444739e+00  1.7614909955e+00 -5.6170238846e+00  1.0460367233e+00 -1.2253741908e-01 -4.8517193556e+00  1.6283336856e+00  1.4582264186e+00 -6.9103959827e+00  7.1101072028e-01 -1.0600699310e+00 -3.7209374137e+00  1.8987747024e+00 -2.4668289353e+00 -1.1397770561e+00  6.0016226999e-01 -6.1206455930e-01 -4.0114198427e-02  1.6704175268e+00 -3.3177777381e+00  1.1148654195e-01  4.1198821522e-01 -1.5210123004e+00  1.1773639449e+00  7.6469986032e-01 -1.4459582582e+00 -1.3133763239e+00  1.7158039436e+00 -3.0877882423e+00  2.5718868791e+00  6.6305950296e-01 -4.1046591791e+00  3.0295846781e+00  1.7855080814e+00  9.6930647417e-01 -4.5921336226e+00  9.0310182075e-01  3.8732928299e-01 -7.1835669598e+00  1.5380536949e+00 -2.4528203985e+00  1.2885593164e+00  9.7345861425e-01 -5.5762945176e-01 -2.4662714873e+00  3.0250860621e-01 -2.1967490747e+00 -3.9539196144e+00  9.8825744594e-01 -4.5964130511e+00  4.2539328834e+00 -5.7641953087e-01 -3.5607259968e+00  3.1347213304e+00  5.5934818948e-01 -5.1644774505e+00  2.1884692955e+00  2.0294970661e+00  2.5354469855e+00 -8.2276742520e+00  3.5036496815e-02 -1.3116950436e+00 -6.3495129195e+00  2.6950589450e+00  2.6427517285e+00 -5.4258713184e+00  2.8536131916e+00 -1.9342438083e+00 -1.0402264306e+00  1.9529045376e+00 -3.1094504824e+00 -2.0228719138e+00 -2.5961341065e-01  5.8167640827e-02 -1.4293997782e-01  1.4920631831e+00  8.8711682034e-03  1.1236037226e-01  7.8072457815e-01 -3.9517605672e+00 -3.7813647838e-02  2.5197894365e+00 -3.9903856680e+00  2.6738783822e-01  3.6667884721e-01 -9.1836629410e-01  2.0900039801e+00 -5.5325247694e-01 -2.0480761494e+00  1.0913964936e+00 -1.6269306884e-01 -1.9917812357e+00 -1.5094186247e+00  2.6732850897e+00 -3.6191990980e+00  2.5867046161e+00  1.7531085433e+00 -2.3225569996e+00  3.3544166628e+00  1.8537594400e+00 -5.0204360111e-02 -2.4169456791e+00
ENERGY -1.519867608893e+03

JOB 21
COORDS  6.8264226089e-01 -4.2534546812e-01 -6.1879808099e+00  2.1418909620e+00  1.7444824716e+00 -5.5881690532e+00  1.0563438986e+00 -1.3530656656e-01 -4.8716954566e+00  1.7416404265e+00  1.4423778780e+00 -6.9014647708e+00  6.6068282200e-01 -1.0689375881e+00 -3.7564526860e+00  1.8706002585e+00 -2.4723135004e+00 -1.1728338407e+00  5.7096462527e-01 -6.1755210137e-01 -7.1929799676e-02  1.6643181265e+00 -3.3134713463e+00  8.8739689810e-02  4.0797351381e-01 -1.5167444923e+00  1.1562496937e+00  7.2592431935e-01 -1.4618669834e+00 -1.3393122619e+00  1.7448561388e+00 -3.0597343368e+00  2.5459993813e+00  7.0065867469e-01 -4.0714653897e+00  3.0338198623e+00  1.7898132327e+00  9.5237213459e-01 -4.5790083486e+00  1.0234977415e+00  3.7566942951e-01 -7.2072608803e+00  1.5429523431e+00 -2.4382700887e+00  1.2595991233e+00  9.1375488984e-01 -5.9047744841e-01 -2.5020165170e+00  1.8310086228e-01 -2.1770951975e+00 -4.0038980337e+00  1.0501379163e+00 -4.5531634825e+00  4.2554063676e+00 -5.3595242090e-01 -3.5252204243e+00  3.1597319204e+00  5.7889696268e-01 -5.1378638168e+00  2.2036341983e+00  2.2106477316e+00  2.5161888405e+00 -8.1990154398e+00  1.0231492175e-01 -1.3150744061e+00 -6.4120056742e+00  2.7418871901e+00  2.6237202445e+00 -5.3688485938e+00  2.8222361748e+00 -1.9317962718e+00 -1.0934729617e+00  1.9159209195e+00 -3.1222839223e+00 -2.0513287995e+00 -2.9639566175e-01  4.4032601745e-02 -1.6791099353e-01  1.4601790504e+00  1.1669370839e-02  6.2919905014e-02  7.7610756088e-01 -3.9537179521e+00 -4.2120816975e-02  2.5195500776e+00 -3.9798279086e+00  2.3879242149e-01  3.7062176538e-01 -9.0582107716e-01  2.0636912833e+00 -5.5403484752e-01 -2.0521131903e+00  1.0887272835e+00 -1.9974929083e-01 -2.0165650106e+00 -1.5194460598e+00  2.7019173357e+00 -3.5919112877e+00  2.5469258122e+00  1.7983735853e+00 -2.2869571465e+00  3.3202178288e+00  1.6918092016e+00  6.0637438533e-02 -2.4429665147e+00
ENERGY -1.519872627997e+03

JOB 22
COORDS  6.2896601808e-01 -4.1663351517e-01 -6.1214837479e+00  2.0486858734e+00  1.7746651772e+00 -5.5011107117e+00  9.9529237122e-01 -1.3095878751e-01 -4.8023638414e+00  1.6618127773e+00  1.4722356373e+00 -6.8182037571e+00  6.0391144993e-01 -1.0755012214e+00 -3.6939468316e+00  1.8760941500e+00 -2.4949371834e+00 -1.1055708181e+00  6.0148231241e-01 -6.1773420039e-01 -1.2325401875e-02  1.6822560303e+00 -3.3179694272e+00  1.6968664503e-01  4.5063643391e-01 -1.4996005764e+00  1.2300006252e+00  7.3395568072e-01 -1.4808479723e+00 -1.2694007458e+00  1.7984080718e+00 -3.0303226290e+00  2.6221015900e+00  7.5749910382e-01 -4.0320317681e+00  3.1368350729e+00  1.7081209687e+00  9.6772231172e-01 -4.4996440625e+00  9.6330413997e-01  3.9556724979e-01 -7.1342059807e+00  1.5816584882e+00 -2.4259849589e+00  1.3299840519e+00  9.1215589664e-01 -6.3489625253e-01 -2.4463351641e+00  5.4704384292e-02 -2.1509500387e+00 -3.9443972000e+00  1.1187726360e+00 -4.4949063001e+00  4.3621817918e+00 -4.7657381412e-01 -3.4809200715e+00  3.2667559451e+00  6.2489395450e-01 -5.1112026145e+00  2.3250912361e+00  2.1204748300e+00  2.5610564051e+00 -8.1070293343e+00  6.0471888421e-02 -1.3121699503e+00 -6.3522194899e+00  2.6286221828e+00  2.6649382148e+00 -5.2726494405e+00  2.8310152824e+00 -1.9584501438e+00 -1.0493277311e+00  1.9040873648e+00 -3.1563411490e+00 -1.9765407509e+00 -2.6412206645e-01  4.7043719550e-02 -1.0390946855e-01  1.4966575602e+00  7.2278490562e-03  1.0170699265e-01  7.8896479183e-01 -3.9552168063e+00  6.0317215022e-02  2.5359746985e+00 -3.9867185231e+00  3.1743512581e-01  4.2941062729e-01 -8.7599095722e-01  2.1292732334e+00 -5.1538560993e-01 -2.0297818365e+00  1.1828560103e+00 -1.9725939128e-01 -2.0337209819e+00 -1.4279635298e+00  2.7539663463e+00 -3.5651783016e+00  2.6182196173e+00  1.8638682247e+00 -2.2471479539e+00  3.3848434264e+00  1.5635669851e+00  1.4246016304e-01 -2.3976689826e+00
ENERGY -1.519875268141e+03

JOB 23
COORDS  6.1700410268e-01 -3.5009952304e-01 -6.1459612048e+00  2.0007603268e+00  1.8552368133e+00 -5.4959728372e+00  9.9458303181e-01 -8.5873854943e-02 -4.8256350003e+00  1.6100299113e+00  1.5697487481e+00 -6.8156498755e+00  6.2422059511e-01 -1.0557014959e+00 -3.7314516367e+00  1.8978673310e+00 -2.5409069130e+00 -1.1007773256e+00  6.5590209408e-01 -6.0863185035e-01 -6.8017819434e-02  1.6512600526e+00 -3.3363296131e+00  1.8264603360e-01  4.5176175694e-01 -1.4645451377e+00  1.1850123911e+00  7.9038740627e-01 -1.4968987866e+00 -1.3075198065e+00  1.7241117344e+00 -3.0082718455e+00  2.6322262422e+00  6.4114737593e-01 -3.9658163801e+00  3.1441459893e+00  1.6880093588e+00  1.0209537961e+00 -4.5078821724e+00  9.2843051397e-01  4.8665612942e-01 -7.1460643917e+00  1.5524075699e+00 -2.4214169427e+00  1.3253497889e+00  1.0285904659e+00 -6.8202436399e-01 -2.4936086584e+00 -5.0548894099e-03 -2.0863570706e+00 -3.9850356742e+00  9.6783830988e-01 -4.4241413487e+00  4.3807776543e+00 -5.7443308677e-01 -3.3699317390e+00  3.2480798227e+00  4.8239836605e-01 -5.0507022229e+00  2.3448400638e+00  2.0393952113e+00  2.6902336536e+00 -8.0875180233e+00  5.7891940894e-02 -1.2485964574e+00 -6.3876667646e+00  2.5615305465e+00  2.7543363432e+00 -5.2546157920e+00  2.8662391642e+00 -2.0314086561e+00 -1.0335934625e+00  1.9256251520e+00 -3.2170193030e+00 -1.9606929274e+00 -1.8872269142e-01  7.8647657763e-02 -1.8827255449e-01  1.5665604747e+00 -8.5003224278e-03  5.6179671657e-02  7.4172910153e-01 -3.9485256147e+00  6.4663341712e-02  2.4811424134e+00 -4.0272905482e+00  3.6063605027e-01  4.2954748806e-01 -8.2477186498e-01  2.0728318760e+00 -5.2842179806e-01 -1.9666635066e+00  1.1251962239e+00 -1.5356334964e-01 -2.0251068344e+00 -1.4778667367e+00  2.6614856675e+00 -3.5737824612e+00  2.6569172410e+00  1.8005939690e+00 -2.2135411383e+00  3.3819200371e+00  1.5399803673e+00  1.9097230668e-01 -2.4194411994e+00
ENERGY -1.519875774996e+03

