JOB 0
COORDS  1.4199395492e+00  7.3336822217e-01  1.7955799418e+00  3.7955038016e-02  7.1442550131e-01  1.4281145927e+00  1.6133419243e+00 -2.7404744948e-01  2.7246517838e+00 -5.7225642478e-01 -3.0339790767e-01  2.1457179558e+00 -2.8438927944e+00 -2.9160851608e-01  1.0564898772e+00 -1.9974580327e+00 -7.7790104670e-01  2.2407009007e+00  3.9686037840e-01 -8.8436076716e-01  2.9347675517e+00 -1.9859101584e+00 -2.2460978147e+00  2.4330151969e+00  2.1828750054e+00  1.4044936700e+00  1.4220016203e+00 -4.5058659838e-01  1.3768966230e+00  7.2544675715e-01  2.5059411467e+00 -6.0411541953e-01  3.2385087265e+00 -2.4428764927e+00 -6.7260533832e-01  1.1074832087e-01 -3.8774490883e+00 -6.3955232257e-01  1.1608767208e+00 -2.8616285714e+00  8.0184699144e-01  1.0020620703e+00 -2.4395463506e+00 -3.6638954541e-01  3.1595247623e+00  2.1364594328e-01 -1.7124315093e+00  3.4870243758e+00 -1.6849648110e+00 -2.6913010956e+00  1.5649576171e+00 -2.9347380641e+00 -2.5728743878e+00  2.6137586876e+00
ENERGY -3.442130336020e+02

JOB 1
COORDS  1.4085078188e+00  7.8639747058e-01  1.8544107815e+00  1.1875728154e-02  8.3222636421e-01  1.5526358789e+00  1.6248963344e+00 -3.3328222029e-01  2.6394485274e+00 -5.8501135205e-01 -2.5855952346e-01  2.1683027126e+00 -2.8044503983e+00 -3.6567134713e-01  9.8001902464e-01 -2.0143184198e+00 -7.3307252347e-01  2.2446024226e+00  4.0896808863e-01 -9.5362429972e-01  2.8194521326e+00 -2.0085142956e+00 -2.1828850985e+00  2.5478709995e+00  2.1669392842e+00  1.4872501697e+00  1.5291811468e+00 -4.9346955238e-01  1.5801199380e+00  9.5519192334e-01  2.5323119805e+00 -7.3562483428e-01  3.0687624179e+00 -2.3569738755e+00 -8.3782212169e-01  9.8602012038e-02 -3.8440543252e+00 -7.0085597734e-01  1.0685938477e+00 -2.8133493380e+00  7.1651401139e-01  8.1351949984e-01 -2.5004340068e+00 -2.5265113571e-01  3.1050734296e+00  2.1591982111e-01 -1.8055820024e+00  3.3309344332e+00 -1.7488723107e+00 -2.6961525618e+00  1.7043524020e+00 -2.9526964050e+00 -2.4823924313e+00  2.7872941563e+00
ENERGY -3.442128070443e+02

JOB 2
COORDS  1.7032935081e+00  2.5815115432e-02  1.8775629129e+00  5.4608605473e-01 -6.8360836648e-01  1.4293637991e+00  1.3250815049e+00  7.8330780600e-01  2.9729699611e+00 -5.0792407275e-01 -3.3088495315e-01  2.2600752681e+00 -2.1050634655e+00 -2.2732070067e+00  2.0972851372e+00 -1.9565861834e+00 -7.5650930910e-01  2.2984885046e+00 -1.3189876793e-02  5.4635560260e-01  3.1970724992e+00 -2.5567464722e+00 -2.7820444487e-01  3.5665879896e+00  2.6978908323e+00 -1.8744579345e-02  1.4519853661e+00  4.9558125841e-01 -1.3739788663e+00  5.9676862022e-01  1.8917373532e+00  1.4550584952e+00  3.6031505882e+00 -1.5945807220e+00 -2.8128058038e+00  2.9026423704e+00 -3.1632697306e+00 -2.5595275984e+00  2.0954523172e+00 -1.6639690236e+00 -2.5972755945e+00  1.1490949746e+00 -2.4983363592e+00 -2.4213306973e-01  1.4941273127e+00 -6.1652241299e-01  9.8761199258e-01  3.8799631957e+00 -2.3131851020e+00 -9.2964931119e-01  4.3138030606e+00 -3.5720275996e+00 -3.0183563682e-01  3.4901301746e+00
ENERGY -3.442116297071e+02

JOB 3
COORDS  1.6491137772e+00  1.4781990249e-01  1.6230307785e+00  4.7167413597e-01 -5.3706796685e-01  1.1882387854e+00  1.3743674183e+00  6.9438444854e-01  2.8646228545e+00 -4.8574157656e-01 -3.9294392660e-01  2.1809318437e+00 -2.0188171334e+00 -2.3864560935e+00  2.2598991047e+00 -1.9211774481e+00 -8.5549629733e-01  2.2700640458e+00  7.0513954277e-02  3.7397559237e-01  3.1780780947e+00 -2.5350087908e+00 -3.1138342169e-01  3.5020221223e+00  2.5857152195e+00  2.3450587573e-01  1.0867063217e+00  3.3908800750e-01 -1.0646948413e+00  2.5151570795e-01  1.9873744359e+00  1.2802629813e+00  3.5357339875e+00 -1.5357807552e+00 -2.8044707220e+00  3.1491936427e+00 -3.0664640121e+00 -2.7122590738e+00  2.2389664460e+00 -1.5176849792e+00 -2.7924740308e+00  1.3778945608e+00 -2.4480510081e+00 -4.9391048926e-01  1.3726037281e+00 -4.0601239838e-01  5.2581937285e-01  4.0582622349e+00 -3.3681658984e+00 -8.4956695599e-01  3.7320224272e+00 -2.8488865275e+00  6.4347321377e-01  3.3337470601e+00
ENERGY -3.442104221629e+02

JOB 4
COORDS  1.6188882945e+00  1.9884501311e-01  1.6029802206e+00  4.1796918190e-01 -4.0886006567e-01  1.1202571104e+00  1.3894143932e+00  5.8469281324e-01  2.9125757989e+00 -5.0633497474e-01 -3.8334890231e-01  2.1532299041e+00 -1.9876852321e+00 -2.4081696788e+00  2.3779806447e+00 -1.9276594822e+00 -8.7919989597e-01  2.2463553170e+00  9.4746156291e-02  2.3186954792e-01  3.2268006965e+00 -2.5788392788e+00 -2.5376154253e-01  3.4182938850e+00  2.5395172859e+00  3.4592846161e-01  1.0524476865e+00  2.4864004777e-01 -8.1348267204e-01  1.2973669373e-01  2.0285279148e+00  1.0800589345e+00  3.6306141267e+00 -1.5062000932e+00 -2.7286391658e+00  3.3075735793e+00 -3.0266440722e+00 -2.7618680776e+00  2.3799831586e+00 -1.4666332592e+00 -2.8799379205e+00  1.5413003938e+00 -2.4360251270e+00 -6.1278789825e-01  1.3061648826e+00 -3.7812007363e-01  3.3774191058e-01  4.1155103999e+00 -3.4627588284e+00 -7.2355465992e-01  3.6065200798e+00 -2.8062106420e+00  7.1652346703e-01  3.2034218900e+00
ENERGY -3.442119039466e+02

JOB 5
COORDS  1.5949024739e+00  2.7290422201e-01  1.5735136055e+00  3.7304461990e-01 -2.6217758220e-01  1.0572959149e+00  1.4101550564e+00  4.9106510015e-01  2.9279530271e+00 -5.1852275465e-01 -3.6035648450e-01  2.1135014276e+00 -1.9431247030e+00 -2.4066728815e+00  2.4765695556e+00 -1.9224343122e+00 -8.9452189441e-01  2.2025018207e+00  1.2630906303e-01  9.9176593568e-02  3.2397548680e+00 -2.6249822292e+00 -1.9660272117e-01  3.3020069787e+00  2.4996551393e+00  4.8243882861e-01  1.0170456812e+00  1.7001042998e-01 -5.4560994828e-01  3.1696355029e-02  2.0732697239e+00  8.9808585125e-01  3.6790759494e+00 -1.4685797205e+00 -2.6249137655e+00  3.4384821762e+00 -2.9722515270e+00 -2.7870333241e+00  2.5016580673e+00 -1.3988446561e+00 -2.9406815933e+00  1.6934807629e+00 -2.4013699022e+00 -7.2615126736e-01  1.2251366340e+00 -3.3651713760e-01  1.6244362582e-01  4.1375128029e+00 -3.5413536702e+00 -6.1848469439e-01  3.4449067166e+00 -2.7864030285e+00  7.7520231802e-01  3.0393622673e+00
ENERGY -3.442128086126e+02

JOB 6
COORDS  1.5650329037e+00  3.4504823058e-01  1.5605459799e+00  3.2032920663e-01 -1.2267394533e-01  1.0323584558e+00  1.4381017903e+00  3.8538784746e-01  2.9378364166e+00 -5.2765827928e-01 -3.5538684215e-01  2.1023582999e+00 -1.9193641166e+00 -2.3985242131e+00  2.5941554379e+00 -1.9175687443e+00 -9.1847116683e-01  2.1789787580e+00  1.7082430621e-01 -5.6068464838e-02  3.2526130090e+00 -2.6800988298e+00 -1.5014743108e-01  3.1902145364e+00  2.4475049595e+00  6.2324455329e-01  9.9855811964e-01  7.5012057429e-02 -2.8075246730e-01 -1.0794159132e-02  2.1326266314e+00  6.9735144098e-01  3.7059940309e+00 -1.4807271164e+00 -2.5152450901e+00  3.5898306582e+00 -2.9416139238e+00 -2.7961644345e+00  2.6196266885e+00 -1.3368856566e+00 -2.9941683164e+00  1.8860742407e+00 -2.3535818378e+00 -8.4511140645e-01  1.1705154646e+00 -2.6410204797e-01 -4.6598378975e-02  4.1660269462e+00 -3.6201224055e+00 -5.3443410577e-01  3.2782723860e+00 -2.7822239695e+00  8.1455633013e-01  2.8768848564e+00
ENERGY -3.442127871275e+02

JOB 7
COORDS  1.5273266929e+00  4.3579615000e-01  1.5473348461e+00  2.6005903715e-01  1.7583318554e-02  1.0312945482e+00  1.4800115643e+00  2.8416285497e-01  2.9211370192e+00 -5.2414536344e-01 -3.7299112893e-01  2.1036465736e+00 -1.9194578916e+00 -2.3851244477e+00  2.7186185286e+00 -1.9065852376e+00 -9.5316650008e-01  2.1616628657e+00  2.4059135127e-01 -2.2741575797e-01  3.2432909497e+00 -2.7382081872e+00 -1.1014040188e-01  3.0545908475e+00  2.3745683749e+00  7.9929502869e-01  9.7995749663e-01 -4.1549962480e-02 -1.0221576989e-02 -8.7224873894e-03  2.2154061105e+00  4.9832705852e-01  3.6848103410e+00 -1.5542849649e+00 -2.3993312332e+00  3.7498747337e+00 -2.9372802563e+00 -2.7934371153e+00  2.7153590916e+00 -1.2848578204e+00 -3.0400776572e+00  2.1149256851e+00 -2.2833167597e+00 -9.7816587320e-01  1.1274595383e+00 -1.3795101992e-01 -3.1400763833e-01  4.1769381895e+00 -3.6936985386e+00 -4.6614638003e-01  3.0741601875e+00 -2.7812698174e+00  8.3709925172e-01  2.6807327457e+00
ENERGY -3.442116575392e+02

JOB 8
COORDS  1.4775929740e+00  5.5043409981e-01  1.5609520681e+00  1.9232047457e-01  1.6244740700e-01  1.0688433421e+00  1.5259659996e+00  1.9807838493e-01  2.8971942399e+00 -5.1014941452e-01 -4.0881612136e-01  2.1174117721e+00 -1.9281979140e+00 -2.3740864356e+00  2.8498992487e+00 -1.8868405306e+00 -1.0063075816e+00  2.1546044097e+00  3.2523374904e-01 -4.0029230892e-01  3.2163403141e+00 -2.7909798924e+00 -9.3459587818e-02  2.8986743239e+00  2.2758284027e+00  1.0213139548e+00  1.0015809422e+00 -1.7593457471e-01  2.7115137093e-01  5.5839753054e-02  2.3075659612e+00  3.1658832472e-01  3.6353350666e+00 -1.6541001291e+00 -2.2810475476e+00  3.9053452561e+00 -2.9399416943e+00 -2.7938604948e+00  2.8109400900e+00 -1.2452260292e+00 -3.0799647732e+00  2.3683136250e+00 -2.1953394242e+00 -1.1386301784e+00  1.1060230731e+00  3.2484802266e-02 -6.5577790931e-01  4.1489592210e+00 -3.7522223821e+00 -4.2744281053e-01  2.8248075526e+00 -2.7633299629e+00  8.2922199960e-01  2.4669032992e+00
ENERGY -3.442099202726e+02

JOB 9
COORDS  1.4292282202e+00  6.5422198717e-01  1.5860360537e+00  1.2460870830e-01  2.9976421353e-01  1.1233459496e+00  1.5728020867e+00  1.1714548319e-01  2.8522718885e+00 -4.9752832885e-01 -4.3513663402e-01  2.1207636164e+00 -1.9437783321e+00 -2.3332139255e+00  2.9811137062e+00 -1.8703188235e+00 -1.0476979402e+00  2.1486495393e+00  4.0620036063e-01 -5.5179904938e-01  3.1569525990e+00 -2.8279923243e+00 -7.4035741528e-02  2.7327404324e+00  2.1793098034e+00  1.2228118512e+00  1.0513444424e+00 -3.0954418181e-01  5.3821100447e-01  1.5968618751e-01  2.4008055656e+00  1.4584885923e-01  3.5473952060e+00 -1.7495514485e+00 -2.1212846063e+00  4.0376580799e+00 -2.9478298404e+00 -2.7673055205e+00  2.9222170544e+00 -1.2283128939e+00 -3.0807660825e+00  2.6249490281e+00 -2.1206287729e+00 -1.2960210307e+00  1.1053526987e+00  1.9991686755e-01 -9.7896039426e-01  4.0483413274e+00 -3.7822266950e+00 -4.0382345968e-01  2.5842060822e+00 -2.7412868622e+00  8.1444693002e-01  2.2417800993e+00
ENERGY -3.442082293641e+02

JOB 10
COORDS  1.3725711932e+00  7.3419173538e-01  1.6303105013e+00  4.7161072592e-02  4.1931755799e-01  1.2014492626e+00  1.5998958300e+00  3.6036250843e-02  2.8022953339e+00 -5.0609304039e-01 -4.5334179589e-01  2.1268526644e+00 -1.9643049037e+00 -2.2912074918e+00  3.0964311564e+00 -1.8687919824e+00 -1.0946122249e+00  2.1439859230e+00  4.5949938502e-01 -6.8630825849e-01  3.0839988913e+00 -2.8755712520e+00 -9.1170035280e-02  2.5715076553e+00  2.0815132111e+00  1.3842938724e+00  1.1336955985e+00 -4.4472724872e-01  7.7623521247e-01  3.0425666156e-01  2.4674392440e+00 -1.1513184094e-02  3.4461352679e+00 -1.8154114175e+00 -1.9707291044e+00  4.1330500460e+00 -2.9622083489e+00 -2.7385628101e+00  3.0413152816e+00 -1.2346913076e+00 -3.0674549273e+00  2.8427240556e+00 -2.0629322073e+00 -1.4551371742e+00  1.1208779990e+00  3.2228124189e-01 -1.2506769939e+00  3.9097560969e+00 -3.8110416178e+00 -4.3303959350e-01  2.3497546302e+00 -2.7401591971e+00  7.6788183202e-01  2.0414516564e+00
ENERGY -3.442068018442e+02

JOB 11
COORDS  1.3508702238e+00  7.8119138245e-01  1.7042071256e+00  9.1642757999e-04  5.2182849603e-01  1.3178537586e+00  1.6415509839e+00 -5.6507093375e-02  2.7652555641e+00 -5.0422907224e-01 -4.5980905730e-01  2.1582928505e+00 -1.9917654371e+00 -2.2231825196e+00  3.2178157113e+00 -1.8586349866e+00 -1.1230313394e+00  2.1597268643e+00  5.1347602044e-01 -8.0750731323e-01  3.0220527006e+00 -2.9017545508e+00 -1.0361781148e-01  2.4253003451e+00  2.0322121162e+00  1.4917477440e+00  1.2539391954e+00 -5.3665042466e-01  9.9043954523e-01  5.0190120462e-01  2.5428648517e+00 -1.8005107772e-01  3.3497679258e+00 -1.8632855657e+00 -1.8069571941e+00  4.2223834897e+00 -2.9928036449e+00 -2.6641822332e+00  3.1754259227e+00 -1.2700105632e+00 -3.0318638130e+00  3.0556754993e+00 -1.9935165080e+00 -1.5892396128e+00  1.1692983345e+00  4.2286971302e-01 -1.4737887241e+00  3.7750144181e+00 -3.8102836087e+00 -4.6643578034e-01  2.1367653330e+00 -2.7214069819e+00  7.2502054022e-01  1.8621185931e+00
ENERGY -3.442056736854e+02

JOB 12
COORDS  1.7390634018e+00 -5.0900643181e-02  1.8189795528e+00  7.1954896740e-01 -9.6126655304e-01  1.4046849533e+00  1.1373004279e+00  9.0386828140e-01  2.6169235189e+00 -4.8236181309e-01 -5.3719773326e-01  1.9524761237e+00 -2.9587719428e+00 -2.3707064119e-01  2.4179341169e+00 -1.8549990185e+00 -1.1612179645e+00  1.8908677027e+00 -2.0436043714e-01  5.9148380116e-01  2.6963554975e+00 -2.1756970375e+00 -1.5055526595e+00  4.8809853644e-01  2.7904493640e+00 -9.2151735311e-02  1.5645909474e+00  8.5950399243e-01 -1.8378978437e+00  7.8362573433e-01  1.5430739278e+00  1.7682952048e+00  3.1242391110e+00 -2.9886668916e+00  6.9198879218e-01  1.8403656903e+00 -3.9338086426e+00 -7.2415165564e-01  2.3149871399e+00 -2.8260603061e+00 -8.0524802079e-03  3.4819844328e+00 -1.8384480094e+00 -2.0600186672e+00  2.5319143826e+00 -8.9795768917e-01  1.1486435719e+00  3.1732211685e+00 -2.9463464302e+00 -2.1730155505e+00  4.7609525635e-01 -1.3810003019e+00 -1.9702016082e+00  5.4202197595e-02
ENERGY -3.442048570946e+02

JOB 13
COORDS  1.7314537199e+00  1.5342248861e-02  1.7404519589e+00  6.9274145688e-01 -8.4810486903e-01  1.2735790244e+00  1.1802831610e+00  8.3797364764e-01  2.7037003737e+00 -4.6859885307e-01 -5.3223717640e-01  1.9615190551e+00 -2.9535464055e+00 -1.6492153060e-01  2.2976392658e+00 -1.8435437643e+00 -1.1527131806e+00  1.9159709664e+00 -1.5087280690e-01  4.9432366033e-01  2.8291978387e+00 -2.1141077031e+00 -1.6567454232e+00  5.5574319870e-01  2.7605719606e+00  3.4024791946e-02  1.4052140520e+00  7.9354516840e-01 -1.6075177970e+00  5.0864965188e-01  1.6123761777e+00  1.6332090897e+00  3.2954986412e+00 -2.9379656617e+00  7.0432783713e-01  1.6339176767e+00 -3.9326945994e+00 -6.4743338251e-01  2.2065797041e+00 -2.8628446140e+00  1.6915006981e-01  3.3376588838e+00 -1.8643324426e+00 -1.9707249499e+00  2.6594833824e+00 -8.0909166048e-01  9.5822227593e-01  3.4375679956e+00 -2.9563106814e+00 -2.2306687729e+00  5.8252463373e-01 -1.3607135963e+00 -2.2759385854e+00  2.6249304772e-01
ENERGY -3.442046392480e+02

JOB 14
COORDS  1.7040798255e+00  1.1680301563e-01  1.6733678559e+00  6.4391955696e-01 -7.0182835150e-01  1.1716789151e+00  1.2225853884e+00  7.7868118949e-01  2.7856820221e+00 -4.5618605748e-01 -5.2549612549e-01  1.9943846732e+00 -2.9419484146e+00 -9.2873810275e-02  2.1619391635e+00 -1.8345224156e+00 -1.1351756855e+00  1.9518306493e+00 -8.9869557032e-02  3.8679590835e-01  2.9656612315e+00 -2.0380726510e+00 -1.7998895915e+00  6.5400571222e-01  2.6995836693e+00  2.1611732210e-01  1.2598733904e+00  6.7520909186e-01 -1.3211715132e+00  2.8531595174e-01  1.6910561902e+00  1.4909718321e+00  3.4509938264e+00 -2.8916337958e+00  6.7568756239e-01  1.3855395401e+00 -3.9275843985e+00 -5.7044228028e-01  2.1172502799e+00 -2.8641346902e+00  3.8872087075e-01  3.1425227552e+00 -1.9073275387e+00 -1.8555421108e+00  2.7888612797e+00 -6.8826907072e-01  7.0907047856e-01  3.7120266736e+00 -2.9372402307e+00 -2.2791564941e+00  6.7043844016e-01 -1.3329975274e+00 -2.5254717515e+00  5.3168194219e-01
ENERGY -3.442055578487e+02

JOB 15
COORDS  1.6573318566e+00  2.1045746953e-01  1.6232420242e+00  5.7336199112e-01 -5.6082334859e-01  1.0958926628e+00  1.2557660720e+00  7.0283073017e-01  2.8495090583e+00 -4.5834094808e-01 -5.2630595387e-01  2.0181390805e+00 -2.9339717573e+00 -4.4346491328e-02  2.0249362866e+00 -1.8406088243e+00 -1.1230467740e+00  1.9842187706e+00 -3.2589594825e-02  2.5616599114e-01  3.0748968498e+00 -1.9926452765e+00 -1.9233080771e+00  7.5955703834e-01  2.6161692326e+00  3.8999987333e-01  1.1538229056e+00  5.3239882425e-01 -1.0563229446e+00  1.3550169552e-01  1.7683873097e+00  1.3231539180e+00  3.5719943472e+00 -2.8471923697e+00  6.0811813869e-01  1.1515169481e+00 -3.9299967824e+00 -5.0334260164e-01  2.0236786071e+00 -2.8544049733e+00  5.6918149852e-01  2.9281525268e+00 -1.9616103063e+00 -1.7420222239e+00  2.8941943010e+00 -5.6787481343e-01  4.3967580858e-01  3.9114406744e+00 -2.9117365625e+00 -2.3625838465e+00  7.6167577608e-01 -1.3083468917e+00 -2.6786089939e+00  7.6161822865e-01
ENERGY -3.442069469096e+02

JOB 16
COORDS  1.6073144363e+00  2.8719047806e-01  1.5891146551e+00  4.9106565597e-01 -4.2242547267e-01  1.0434043395e+00  1.2942665151e+00  6.1000944471e-01  2.8956064592e+00 -4.7183939570e-01 -5.1873946938e-01  2.0333340118e+00 -2.9357127286e+00 -1.2481579008e-02  1.8943419782e+00 -1.8584459647e+00 -1.1028095306e+00  2.0145457732e+00  2.8066579935e-02  1.1940255592e-01  3.1523153126e+00 -1.9758775390e+00 -2.0212206910e+00  8.7169924264e-01  2.5320046972e+00  5.3343710295e-01  1.0827592219e+00  3.8256304131e-01 -8.0468822660e-01  3.7570730562e-02  1.8587727580e+00  1.1315368317e+00  3.6564763343e+00 -2.8101934631e+00  5.2852870794e-01  9.5236522973e-01 -3.9403074254e+00 -4.5274442896e-01  1.9165859964e+00 -2.8634490343e+00  7.0275059805e-01  2.7198702787e+00 -2.0183510675e+00 -1.6187748010e+00  2.9810548730e+00 -4.4757861179e-01  1.8265215907e-01  4.0413079390e+00 -2.8975577620e+00 -2.4547630444e+00  8.7858522568e-01 -1.2912049252e+00 -2.7701320036e+00  9.6366274463e-01
ENERGY -3.442078737171e+02

JOB 17
COORDS  1.5713198893e+00  3.5558892241e-01  1.5753863381e+00  4.1604159194e-01 -2.7535690241e-01  1.0168159447e+00  1.3448093394e+00  5.1196495206e-01  2.9302643507e+00 -4.8586476404e-01 -4.8879082912e-01  2.0458076407e+00 -2.9415150253e+00  5.0355149976e-03  1.7697544731e+00 -1.8741365218e+00 -1.0681249847e+00  2.0410916522e+00  9.3790689199e-02 -6.1575373553e-03  3.2032170939e+00 -1.9609359685e+00 -2.0947659937e+00  9.8945648497e-01  2.4672709165e+00  6.5662632586e-01  1.0473417919e+00  2.4748399601e-01 -5.4524439115e-01 -1.7019266952e-02  1.9621602261e+00  9.3119034574e-01  3.7129659566e+00 -2.7777476457e+00  4.4532824059e-01  7.8256973370e-01 -3.9487564507e+00 -4.2915485141e-01  1.7980161382e+00 -2.8933318343e+00  8.0062853709e-01  2.5199859468e+00 -2.0654097424e+00 -1.4818429818e+00  3.0498508263e+00 -3.3298767993e-01 -4.1487825562e-02  4.1182648591e+00 -2.8761358106e+00 -2.5413070633e+00  1.0202653798e+00 -1.2628476874e+00 -2.8176018510e+00  1.1558508304e+00
ENERGY -3.442080191977e+02

JOB 18
COORDS  1.5457902447e+00  4.1913138784e-01  1.5715114057e+00  3.4730831807e-01 -1.1887049673e-01  1.0094928689e+00  1.4007952199e+00  4.0819496317e-01  2.9471779319e+00 -5.0113762871e-01 -4.4291055105e-01  2.0556642753e+00 -2.9481401575e+00  8.8542175091e-03  1.6484062384e+00 -1.8883667150e+00 -1.0247721612e+00  2.0618640722e+00  1.5777245830e-01 -1.2283282359e-01  3.2271804461e+00 -1.9447963017e+00 -2.1537364492e+00  1.1144807036e+00  2.4169116671e+00  7.6946069422e-01  1.0323966074e+00  1.2200896826e-01 -2.6674059878e-01 -3.8369952712e-02  2.0693931057e+00  7.2142444238e-01  3.7372868124e+00 -2.7473020190e+00  3.5576520270e-01  6.3145543102e-01 -3.9532112944e+00 -4.3019025865e-01  1.6746488956e+00 -2.9336112105e+00  8.7137914725e-01  2.3220045819e+00 -2.1092228470e+00 -1.3359593519e+00  3.1005364921e+00 -2.2506826734e-01 -2.5005274642e-01  4.1534873782e+00 -2.8468370741e+00 -2.6222176212e+00  1.1893631587e+00 -1.2248935666e+00 -2.8355699406e+00  1.3469968952e+00
ENERGY -3.442075665633e+02

JOB 19
COORDS  1.5231605670e+00  4.8177800247e-01  1.5788737989e+00  2.8168209981e-01  4.4992180121e-02  1.0243966637e+00  1.4542059774e+00  2.9706279648e-01  2.9485133725e+00 -5.1819979152e-01 -3.9194759021e-01  2.0681244097e+00 -2.9497067277e+00  5.4507587062e-03  1.5325411024e+00 -1.9042404407e+00 -9.7651223613e-01  2.0808861901e+00  2.1539479078e-01 -2.4091455455e-01  3.2300054069e+00 -1.9329116017e+00 -2.1978808951e+00  1.2496736793e+00  2.3718900540e+00  8.8196324178e-01  1.0387797723e+00  1.6405889879e-03  3.1988729044e-02 -2.0803550697e-02  2.1710420716e+00  5.0008813073e-01  3.7323017508e+00 -2.7132405928e+00  2.5777331968e-01  4.9562563306e-01 -3.9520721585e+00 -4.3902438485e-01  1.5583597526e+00 -2.9657019503e+00  9.2648278376e-01  2.1231662429e+00 -2.1588015263e+00 -1.1850469044e+00  3.1370735057e+00 -1.2649710993e-01 -4.6122776276e-01  4.1549463115e+00 -2.8236927048e+00 -2.6785678504e+00  1.3721112717e+00 -1.1976384719e+00 -2.8365171430e+00  1.5473424051e+00
ENERGY -3.442069443654e+02

JOB 20
COORDS  1.4754427192e+00  4.1014124115e-01  1.5928548590e+00  1.7715771033e-01  7.2590401560e-02  1.0999415914e+00  1.5068298637e+00  7.4103113874e-02  2.9339215703e+00 -5.4860599599e-01 -4.6812007378e-01  2.1508872752e+00 -2.9429474103e+00 -7.5383974883e-02  1.4858129136e+00 -1.9534730813e+00 -1.0010726321e+00  2.2161422656e+00  2.7073555949e-01 -4.4278057252e-01  3.2602951482e+00 -1.9739711953e+00 -2.4089762090e+00  1.7594675704e+00  2.2873773884e+00  8.5829867110e-01  1.0344537478e+00 -1.8853399423e-01  2.2643486872e-01  9.2377697227e-02  2.2900987838e+00  1.6925216253e-01  3.6733990447e+00 -2.6975950231e+00 -2.6181746743e-03  4.2051159369e-01 -3.9643205486e+00 -4.6477615736e-01  1.5702341093e+00 -2.9225702705e+00  9.3465492868e-01  1.9076970156e+00 -2.2483112981e+00 -1.0197264896e+00  3.2746574334e+00  2.5933991722e-02 -8.4718619448e-01  4.1534653460e+00 -1.5546579087e+00 -2.4604805257e+00  8.3164046938e-01 -2.9408561431e+00 -2.7212521859e+00  1.6629881378e+00
ENERGY -3.442071414844e+02

JOB 21
COORDS  1.4457160846e+00  4.9168464272e-01  1.6180903107e+00  1.1925025706e-01  2.4417068253e-01  1.1452717879e+00  1.5300406660e+00 -2.8893730485e-02  2.8962628324e+00 -5.6887582094e-01 -4.2728586871e-01  2.1443186642e+00 -2.9376523319e+00 -1.1271546691e-01  1.3523135888e+00 -1.9782625115e+00 -9.4590886009e-01  2.2173755373e+00  2.9858204168e-01 -5.6400717739e-01  3.2091880835e+00 -1.9830659211e+00 -2.3991458068e+00  1.9319877690e+00  2.2396577044e+00  1.0045239049e+00  1.0903517539e+00 -2.8849846192e-01  5.4367407111e-01  1.8835005893e-01  2.3493968995e+00 -5.2410989364e-02  3.6017518411e+00 -2.6588238604e+00 -1.6487744392e-01  2.9387338964e-01 -3.9607395034e+00 -4.9371580482e-01  1.4470104089e+00 -2.9317207070e+00  9.3908129729e-01  1.6553833128e+00 -2.3125373617e+00 -8.4463462363e-01  3.2595326941e+00  9.3848297765e-02 -1.1140974268e+00  4.0321460183e+00 -1.5871060225e+00 -2.5527812285e+00  1.0046129681e+00 -2.9457789878e+00 -2.7368139148e+00  1.9003715599e+00
ENERGY -3.442086199316e+02

JOB 22
COORDS  1.4469234267e+00  5.8421804912e-01  1.6808184708e+00  9.9359544555e-02  4.2080655992e-01  1.2295781040e+00  1.5738660536e+00 -1.2642093942e-01  2.8601193379e+00 -5.5669455203e-01 -3.9004008877e-01  2.1423421122e+00 -2.8946852107e+00 -1.4748641394e-01  1.2388395083e+00 -1.9751882251e+00 -8.8025545318e-01  2.2264262785e+00  3.4824028951e-01 -6.9151440840e-01  3.1405611256e+00 -1.9821248481e+00 -2.3571449002e+00  2.1210285604e+00  2.2270839051e+00  1.1638123516e+00  1.2041014245e+00 -3.4183976172e-01  8.6493784387e-01  3.4677913324e-01  2.4225162573e+00 -2.6932712479e-01  3.5152220459e+00 -2.5787952563e+00 -3.2109566977e-01  2.0380181617e-01 -3.9232226239e+00 -5.1034241568e-01  1.3412654323e+00 -2.8924959135e+00  9.3178567146e-01  1.4215366737e+00 -2.3442748900e+00 -6.5590933626e-01  3.2375047802e+00  1.6907055401e-01 -1.3809060355e+00  3.8583929637e+00 -1.6138301365e+00 -2.6240985641e+00  1.2075943983e+00 -2.9432428790e+00 -2.6978167731e+00  2.1616122637e+00
ENERGY -3.442103927044e+02

JOB 23
COORDS  1.4345258159e+00  6.6940356796e-01  1.7398909938e+00  6.8777007008e-02  5.7815995895e-01  1.3238838792e+00  1.5998012082e+00 -2.0107232118e-01  2.8020742165e+00 -5.5899381880e-01 -3.4784506255e-01  2.1421866608e+00 -2.8679945293e+00 -2.1742593011e-01  1.1451384603e+00 -1.9807583984e+00 -8.2674700483e-01  2.2390402132e+00  3.8086415623e-01 -7.9455193349e-01  3.0483410961e+00 -1.9757099629e+00 -2.3059620748e+00  2.2994670613e+00  2.2030545344e+00  1.3023428754e+00  1.3148481046e+00 -4.0039112478e-01  1.1396872932e+00  5.2654117995e-01  2.4736155036e+00 -4.4365033122e-01  3.3915008170e+00 -2.5085125515e+00 -4.9629353411e-01  1.4813084761e-01 -3.8972568672e+00 -5.7725867052e-01  1.2500160982e+00 -2.8831698859e+00  8.7534818175e-01  1.2101693349e+00 -2.3837909067e+00 -4.9679491579e-01  3.2075687852e+00  2.0898802673e-01 -1.5758865345e+00  3.6676680947e+00 -1.6405865704e+00 -2.6723543887e+00  1.4076265558e+00 -2.9304084286e+00 -2.6461374243e+00  2.4160105089e+00
ENERGY -3.442121117110e+02

