JOB 0
COORDS  1.8716009336e+00 -1.0773066230e+00 -1.3200499364e-01  3.0666071803e+00 -1.0442940351e+00  5.9620555893e-01  6.4591022475e-01 -1.0968393049e+00  5.3838336467e-01  3.0408367895e+00 -1.0293299151e+00  1.9905656188e+00  6.0759641405e-01 -1.0850381307e+00  1.9355477729e+00  1.8057280981e+00 -1.0534809511e+00  2.6608942727e+00  2.3121749795e+00  3.5045076276e-01  5.0401339221e+00  1.8490840760e+00 -9.2893148973e-01  4.4640429892e+00 -2.5970268556e-02 -1.5073796120e+00  5.1114255047e+00  3.0208912114e+00 -2.5358101323e+00  5.0508410946e+00  1.8974157146e+00 -1.0895395139e+00 -1.2182723735e+00  4.0213479758e+00 -1.0289849500e+00  7.8339209400e-02 -2.8422449772e-01 -1.1232926573e+00 -2.2143569627e-02  3.9726143302e+00 -1.0027673444e+00  2.5482468062e+00 -3.4820377851e-01 -1.1069784188e+00  2.4477546336e+00
ENERGY -1.568662180078e+03

JOB 1
COORDS  1.8625094219e+00 -1.0796415981e+00 -1.1511727360e-01  3.0701732112e+00 -1.1530156335e+00  5.8659478931e-01  6.5182283735e-01 -1.0086615647e+00  5.8071799787e-01  3.0720875796e+00 -1.1565290426e+00  1.9825093419e+00  6.4217486071e-01 -1.0120085806e+00  1.9771738653e+00  1.8544753234e+00 -1.0950066282e+00  2.6782615128e+00  2.0332271045e+00  4.2969570825e-01  5.0349051041e+00  1.8753174533e+00 -9.3061630940e-01  4.4796360645e+00  1.5202416688e-01 -1.8783530839e+00  5.1227490528e+00  3.3531500448e+00 -2.2379305940e+00  5.1064386540e+00  1.8651087150e+00 -1.0799278668e+00 -1.2017360884e+00  4.0128383265e+00 -1.2083213510e+00  4.9591605074e-02 -2.8809868295e-01 -9.5153513098e-01  3.9125872016e-02  4.0136389040e+00 -1.2183272637e+00  2.5191946947e+00 -3.0247900791e-01 -9.6184138196e-01  2.5090459128e+00
ENERGY -1.568661862619e+03

JOB 2
COORDS  1.8531895779e+00 -1.0571711086e+00 -1.0467534493e-01  3.0632126198e+00 -1.2244016741e+00  5.7429977309e-01  6.6213834456e-01 -9.0182510677e-01  6.1329363110e-01  3.0901588804e+00 -1.2392110151e+00  1.9712728796e+00  6.7781859427e-01 -9.1432928192e-01  2.0082203073e+00  1.8940339925e+00 -1.0954205209e+00  2.6878368709e+00  1.7412690455e+00  4.2657290850e-01  5.0441633258e+00  1.8823561718e+00 -9.3571404981e-01  4.4890440796e+00  3.6731176030e-01 -2.2081313214e+00  5.1029894364e+00  3.5792788074e+00 -1.9184553852e+00  5.1417720790e+00  1.8368916002e+00 -1.0481672086e+00 -1.1911394982e+00  3.9897878504e+00 -1.3439713469e+00  2.0033569149e-02 -2.7986395115e-01 -7.6906475798e-01  8.8853650314e-02  4.0333400410e+00 -1.3737582964e+00  2.4901707868e+00 -2.5054143753e-01 -7.9384705625e-01  2.5586843939e+00
ENERGY -1.568661978730e+03

JOB 3
COORDS  1.8421807237e+00 -1.0681388850e+00 -1.0972969329e-01  3.0458988887e+00 -1.3044847851e+00  5.5904695701e-01  6.7154131545e-01 -8.2357577366e-01  6.1806401098e-01  3.0869433637e+00 -1.3026737026e+00  1.9563200774e+00  7.0196415843e-01 -8.1407620039e-01  2.0121686337e+00  1.9121127123e+00 -1.0675173333e+00  2.6816704456e+00  1.4698648218e+00  3.9005805500e-01  5.0320634086e+00  1.8729370744e+00 -9.2082742052e-01  4.4818754244e+00  6.0782201864e-01 -2.4475944259e+00  5.0851115275e+00  3.7145197519e+00 -1.5761029822e+00  5.1479170700e+00  1.8147805631e+00 -1.0721522724e+00 -1.1960212438e+00  3.9569615615e+00 -1.4897171324e+00 -2.8443614313e-03 -2.6477720127e-01 -6.3472763566e-01  1.0068982653e-01  4.0244739069e+00 -1.4901505195e+00  2.4683489429e+00 -2.0721717249e-01 -6.1449763035e-01  2.5723283175e+00
ENERGY -1.568662492551e+03

JOB 4
COORDS  1.8615040456e+00 -1.0663206922e+00 -9.2027220956e-02  3.0339470964e+00 -1.3874117302e+00  5.9765301281e-01  6.9649794355e-01 -7.4367288676e-01  6.1367873223e-01  3.0486335105e+00 -1.3956257201e+00  1.9951519070e+00  7.0088880432e-01 -7.4354335456e-01  2.0083946374e+00  1.8773410290e+00 -1.0861888658e+00  2.6979546067e+00  1.1281624196e+00  2.0937947195e-01  5.0557821658e+00  1.7772990228e+00 -9.9501072372e-01  4.4974458254e+00  7.8780952142e-01 -2.7356378391e+00  5.0365258651e+00  3.6885967082e+00 -1.3220778901e+00  5.2025464637e+00  1.8556732004e+00 -1.0617032457e+00 -1.1786656261e+00  3.9409457845e+00 -1.6295373372e+00  5.1012370535e-02 -2.1298797842e-01 -4.8375866383e-01  7.9494874090e-02  3.9612063935e+00 -1.6472251462e+00  2.5248083870e+00 -1.9739949393e-01 -4.7443109866e-01  2.5566498971e+00
ENERGY -1.568663429539e+03

JOB 5
COORDS  1.8628634195e+00 -1.0613260522e+00 -9.8059773672e-02  3.0058607677e+00 -1.4619303003e+00  6.0164511786e-01  7.1576895424e-01 -6.6307474405e-01  5.9684076019e-01  3.0067015146e+00 -1.4735895142e+00  1.9980033719e+00  7.0581435815e-01 -6.6619722318e-01  1.9926291382e+00  1.8510509304e+00 -1.0867379131e+00  2.6897722188e+00  8.8672447482e-01  3.7624201396e-02  5.0495402503e+00  1.7353187828e+00 -1.0338007341e+00  4.4878700438e+00  1.0734547440e+00 -2.9239412295e+00  5.0223768929e+00  3.6780280575e+00 -1.0272974339e+00  5.1865608162e+00  1.8685457458e+00 -1.0529508719e+00 -1.1847072249e+00  3.8998407415e+00 -1.7616303591e+00  6.2173351710e-02 -1.6835196804e-01 -3.4065580621e-01  5.4145097318e-02  3.8959646564e+00 -1.7834149501e+00  2.5371270737e+00 -1.7405672161e-01 -3.3705241998e-01  2.5374910343e+00
ENERGY -1.568664606763e+03

JOB 6
COORDS  1.8648280567e+00 -1.0631352160e+00 -8.6912736666e-02  2.9767449239e+00 -1.5384796724e+00  6.1883478725e-01  7.4633893463e-01 -5.8054527184e-01  5.9939031297e-01  2.9722032127e+00 -1.5379767996e+00  2.0140754250e+00  7.3265626881e-01 -5.7309089240e-01  1.9963290269e+00  1.8448118747e+00 -1.0623246569e+00  2.6989705771e+00  7.2119441504e-01 -9.8978286398e-02  5.0574303254e+00  1.7311845406e+00 -1.0200793325e+00  4.4958515564e+00  1.4189100906e+00 -2.9919605286e+00  5.0500637091e+00  3.6539115515e+00 -6.7783195829e-01  5.1683384114e+00  1.8739254797e+00 -1.0647275706e+00 -1.1735758262e+00  3.8478619666e+00 -1.9053213407e+00  8.3378401370e-02 -1.1233761769e-01 -2.0360034314e-01  5.0967174711e-02  3.8363566424e+00 -1.9040056903e+00  2.5600179806e+00 -1.2367242076e-01 -1.8623521318e-01  2.5403163582e+00
ENERGY -1.568665681705e+03

JOB 7
COORDS  1.8753169885e+00 -1.0548737950e+00 -6.0739913986e-02  2.9411034537e+00 -1.6155089262e+00  6.5525463655e-01  7.8930994085e-01 -4.9186765716e-01  6.1536248181e-01  2.9232521464e+00 -1.6160990629e+00  2.0495793992e+00  7.6008124679e-01 -4.8598235094e-01  2.0128447333e+00  1.8291718366e+00 -1.0521720890e+00  2.7224194453e+00  5.7188840811e-01 -2.5904177633e-01  5.0759560528e+00  1.7161991029e+00 -1.0093879171e+00  4.5181559214e+00  1.7671018548e+00 -2.9940330801e+00  5.1044375595e+00  3.5614248147e+00 -3.3050483819e-01  5.1613735469e+00  1.8949973862e+00 -1.0561893590e+00 -1.1473054966e+00  3.7851412367e+00 -2.0497215354e+00  1.2692617757e-01 -3.4776198601e-02 -5.4840821912e-02  5.8531657296e-02  3.7505210671e+00 -2.0488016237e+00  2.6048883494e+00 -7.4127271184e-02 -4.7438724926e-02  2.5518717111e+00
ENERGY -1.568666307524e+03

JOB 8
COORDS  1.8836435738e+00 -1.0352910211e+00 -7.4116964118e-02  2.9006772774e+00 -1.6819220049e+00  6.4015925174e-01  8.3177513023e-01 -4.1383170846e-01  6.0482108708e-01  2.8701426258e+00 -1.7076568824e+00  2.0339826021e+00  7.8850539800e-01 -4.3260110571e-01  2.0017687881e+00  1.8135921440e+00 -1.0781373540e+00  2.7086690513e+00  4.3442393674e-01 -5.1462609351e-01  5.0611487455e+00  1.6904119465e+00 -1.0579719418e+00  4.5039679483e+00  2.1119773223e+00 -2.9943320035e+00  5.0974404429e+00  3.3840662837e+00 -5.0720670690e-02  5.1410727130e+00  1.9121081239e+00 -1.0196697407e+00 -1.1603756733e+00  3.7153597510e+00 -2.1675373773e+00  1.1055496731e-01  4.1587130499e-02  8.3760253699e-02  4.9745640033e-02  3.6576266883e+00 -2.2112241717e+00  2.5873039926e+00 -2.6333569982e-02  4.0069624993e-02  2.5416651430e+00
ENERGY -1.568666260472e+03

JOB 9
COORDS  1.7618912598e+00 -1.0618306253e+00  1.5079636531e-01  2.6401812836e+00 -1.2665686109e+00  1.2215443467e+00  6.6947945626e-01 -2.0015706690e-01  2.9009698952e-01  2.4334539982e+00 -6.0676622234e-01  2.4336034092e+00  4.5018012207e-01  4.6359942722e-01  1.4994025801e+00  1.3428931641e+00  2.6477617569e-01  2.5644543380e+00 -4.1690939304e-01  1.6241687682e+00  4.2438155447e+00  9.7785775208e-01  1.1644243068e+00  4.0813910878e+00  1.6704351425e+00 -2.9321003361e-02  5.6191424260e+00  2.3529491578e+00  2.7158758388e+00  4.1113688322e+00  1.9265392775e+00 -1.5799925013e+00 -7.9013299585e-01  3.4834525828e+00 -1.9429833679e+00  1.1145730944e+00 -1.6807229670e-02 -4.8444684425e-02 -5.3822559102e-01  3.1146364657e+00 -7.6849395812e-01  3.2633408590e+00 -4.0488250023e-01  1.1210839136e+00  1.6240578633e+00
ENERGY -1.568665552603e+03

JOB 10
COORDS  7.8323368764e+00  1.2565280469e+00  2.9368401525e+00  6.9735926706e+00  2.2151439347e-01  2.5530473858e+00  9.0008123411e+00  1.5072578470e+00  2.2092251609e+00  7.2730448259e+00 -5.6216388510e-01  1.4365180145e+00  9.3134040413e+00  7.2748859271e-01  1.0947119819e+00  8.4364857044e+00 -2.9795193391e-01  7.0168329007e-01  1.0401228831e+01 -1.4658440548e+00 -8.9774319615e-01  8.9478954820e+00 -1.2530547291e+00 -7.3925323190e-01  7.8242042279e+00 -2.9859670243e+00 -7.0541981534e-01  8.1076880835e+00 -2.4645757094e-01 -2.3465499383e+00  7.5948728570e+00  1.8626868740e+00  3.8069422779e+00  6.0717767340e+00  1.9360929109e-02  3.1239436472e+00  9.6746070454e+00  2.3031171641e+00  2.5137309818e+00  6.6046078149e+00 -1.3647854900e+00  1.1430035387e+00  1.0230404862e+01  9.0398953771e-01  5.4023285609e-01
ENERGY -1.568664417206e+03

JOB 11
COORDS  1.7633934087e+00 -1.0625700081e+00  1.2358023489e-01  2.5631727907e+00 -1.4100251618e+00  1.2156818195e+00  7.9586123203e-01 -5.9175679494e-02  2.5241726888e-01  2.4072327604e+00 -7.5407441388e-01  2.4399931916e+00  6.2764119053e-01  5.9874426571e-01  1.4705405876e+00  1.4481190339e+00  2.5928307143e-01  2.5609087279e+00 -3.2154143360e-01  1.1990241485e+00  4.5122184659e+00  1.0959004020e+00  1.1318714876e+00  4.1009681318e+00  2.3582249698e+00  3.2720480215e-01  5.5229577913e+00  1.9269275818e+00  3.0106304160e+00  3.8097096232e+00  1.8893197909e+00 -1.5755999718e+00 -8.2604288696e-01  3.3089011928e+00 -2.1940753007e+00  1.1196510335e+00  1.6641771608e-01  2.0592840059e-01 -5.9231675843e-01  3.0327034408e+00 -1.0270065851e+00  3.2830466336e+00 -1.3542613460e-01  1.3648526571e+00  1.5749825548e+00
ENERGY -1.568663248978e+03

JOB 12
COORDS  1.7579384086e+00 -1.0618422470e+00  9.7330997685e-02  2.5056252586e+00 -1.4835603897e+00  1.1997116725e+00  8.5274578341e-01 -1.8337389540e-03  2.2679521378e-01  2.3573865505e+00 -8.4770122046e-01  2.4356735160e+00  6.9342126113e-01  6.3628315541e-01  1.4564478480e+00  1.4583780050e+00  2.1920023907e-01  2.5598547869e+00 -2.7246201001e-01  8.5649871195e-01  4.6711663365e+00  1.0953929716e+00  1.0214862731e+00  4.1374622804e+00  2.5835915359e+00  4.1592823219e-01  5.4358868695e+00  1.5862087091e+00  3.0097124250e+00  3.8151919794e+00  1.8779765426e+00 -1.5582817039e+00 -8.6178293011e-01  3.2055644330e+00 -2.3086705068e+00  1.1030810770e+00  2.6709458361e-01  3.2534820200e-01 -6.2760843539e-01  2.9437931444e+00 -1.1784898459e+00  3.2859908344e+00 -1.5739771799e-02  1.4534671530e+00  1.5538053151e+00
ENERGY -1.568662383768e+03

JOB 13
COORDS  1.7624629061e+00 -1.0687049282e+00  1.0529026771e-01  2.4502804501e+00 -1.5253572254e+00  1.2330771936e+00  9.2703649865e-01  4.9804422115e-02  1.9903336391e-01  2.3089319171e+00 -8.6759311810e-01  2.4575720936e+00  7.7812429802e-01  7.1367573732e-01  1.4171591275e+00  1.4802848273e+00  2.5983397141e-01  2.5459463360e+00 -1.3555207292e-01  6.7719650962e-01  4.8085308904e+00  1.1288632964e+00  1.0438633556e+00  4.1373841871e+00  2.8065672391e+00  7.0315438030e-01  5.2972953051e+00  1.2739209340e+00  3.0734662101e+00  3.7491512471e+00  1.8772854595e+00 -1.5820333352e+00 -8.4553258035e-01  3.0989053434e+00 -2.3940195764e+00  1.1640401421e+00  3.8948378624e-01  4.0640890382e-01 -6.7498777168e-01  2.8500700746e+00 -1.2261653550e+00  3.3269022653e+00  1.2937080723e-01  1.5820912557e+00  1.4815118620e+00
ENERGY -1.568661935823e+03

JOB 14
COORDS  1.7836206284e+00 -1.0779270653e+00  1.0481016615e-01  2.3854158842e+00 -1.5666153098e+00  1.2691698519e+00  1.0031074181e+00  8.0821514687e-02  1.5529777115e-01  2.2102984281e+00 -9.0063238021e-01  2.4831609676e+00  8.2151592689e-01  7.5600437051e-01  1.3644565752e+00  1.4334471487e+00  2.6803504074e-01  2.5283103536e+00 -8.1278237059e-03  4.3788280797e-01  4.9373534052e+00  1.0864592393e+00  1.0230598702e+00  4.1353394937e+00  2.9077750034e+00  1.0030771881e+00  5.1208366971e+00  8.2205020136e-01  3.0360845339e+00  3.7402522016e+00  1.9246242539e+00 -1.5977178849e+00 -8.3896630264e-01  2.9927582179e+00 -2.4666090319e+00  1.2348788963e+00  5.3401078866e-01  4.6375478931e-01 -7.4654639345e-01  2.6846354471e+00 -1.2847396110e+00  3.3809704081e+00  2.1817361639e-01  1.6575150721e+00  1.3923103294e+00
ENERGY -1.568661875790e+03

JOB 15
COORDS  1.7795168878e+00 -1.0679379108e+00  1.0922866308e-01  2.2961802098e+00 -1.6149842102e+00  1.2896607546e+00  1.0823547658e+00  1.4238716192e-01  1.4466208636e-01  2.1153590663e+00 -9.5555967349e-01  2.5051132208e+00  8.9872671519e-01  8.1408253889e-01  1.3566430756e+00  1.4164891678e+00  2.6369342807e-01  2.5360481378e+00  2.9867599653e-01  2.5301473746e-01  5.1082398085e+00  1.1501524186e+00  1.0049079574e+00  4.1630335743e+00  3.0631363307e+00  1.3090999889e+00  4.8994859372e+00  4.9710967752e-01  2.9315977021e+00  3.8066058411e+00  1.9221957846e+00 -1.5847298571e+00 -8.3593324085e-01  2.8387492658e+00 -2.5557561770e+00  1.2651720662e+00  6.8065758348e-01  5.6956088587e-01 -7.6978709926e-01  2.5160427312e+00 -1.3860840603e+00  3.4184099670e+00  3.6227054910e-01  1.7565358319e+00  1.3747428795e+00
ENERGY -1.568662282904e+03

JOB 16
COORDS  1.8109315544e+00 -1.0877166367e+00  8.9249405609e-02  2.2043532164e+00 -1.6857730788e+00  1.2922266186e+00  1.1945729891e+00  1.6662491009e-01  9.6464553453e-02  1.9809075871e+00 -1.0323768105e+00  2.5039229105e+00  9.7082299300e-01  8.3309389466e-01  1.3043883507e+00  1.3576985634e+00  2.2802953733e-01  2.5067287247e+00  5.7363151609e-01  1.3914817293e-01  5.1880120156e+00  1.1526174110e+00  9.9182697024e-01  4.1290171753e+00  3.0579385730e+00  1.6490376453e+00  4.6159634594e+00  1.2670911524e-01  2.7544742048e+00  3.8156766236e+00  1.9855783431e+00 -1.6002208744e+00 -8.5290440388e-01  2.6825032877e+00 -2.6611858104e+00  1.2881420881e+00  8.8916513960e-01  6.3147867546e-01 -8.3666143347e-01  2.2761789649e+00 -1.5005036386e+00  3.4386896267e+00  5.0032576609e-01  1.8104205446e+00  1.3035781907e+00
ENERGY -1.568663321181e+03

JOB 17
COORDS  1.8162098869e+00 -1.0880495015e+00  9.5445484670e-02  2.1285494291e+00 -1.7228368000e+00  1.3024011262e+00  1.2874019802e+00  2.0701289619e-01  9.8695558274e-02  1.9129239616e+00 -1.0672624874e+00  2.5158172535e+00  1.0718552106e+00  8.7487105924e-01  1.3058864396e+00  1.3776833599e+00  2.3179823691e-01  2.5129021751e+00  8.7628645021e-01  1.1350865619e-01  5.2519350700e+00  1.2086995970e+00  1.0134770483e+00  4.1279945867e+00  3.0089615010e+00  1.9995497620e+00  4.4172261974e+00 -1.1908497879e-01  2.5733759546e+00  3.8702503261e+00  1.9828930251e+00 -1.6027386208e+00 -8.4702029738e-01  2.5364782489e+00 -2.7296730125e+00  1.3011001576e+00  1.0430139239e+00  6.9960236122e-01 -8.3814836343e-01  2.1405585645e+00 -1.5604019617e+00  3.4562801546e+00  6.6636724765e-01  1.8813989845e+00  1.3037947771e+00
ENERGY -1.568664660904e+03

JOB 18
COORDS  1.8507026629e+00 -1.0251265988e+00 -1.0943782889e-01  2.9526185919e+00 -5.2144035231e-01  5.8839178379e-01  7.7897183080e-01 -1.6008803315e+00  5.8378413910e-01  2.9897443947e+00 -5.8892407215e-01  1.9833555330e+00  8.0290853887e-01 -1.6717451520e+00  1.9768810890e+00  1.9125693332e+00 -1.1687295402e+00  2.6712861514e+00  3.3627800118e+00 -9.5955182937e-01  5.0396097041e+00  2.0126055890e+00 -1.1462541946e+00  4.4687691272e+00  6.8008880213e-01  3.3089263776e-01  5.0480423226e+00  1.0564732677e+00 -2.8657440137e+00  5.0998005181e+00  1.8260701283e+00 -9.7153305840e-01 -1.1945558292e+00  3.7850039516e+00 -7.7644935333e-02  4.9585810547e-02 -7.5009378561e-02 -1.9942522550e+00  3.9682611502e-02  3.8441084306e+00 -2.0942764077e-01  2.5356518405e+00 -2.9314678597e-02 -2.1173845713e+00  2.5134280403e+00
ENERGY -1.568665756723e+03

JOB 19
COORDS  1.8611711755e+00 -1.0477617146e+00 -1.1092494363e-01  2.9909036729e+00 -6.0078484613e-01  5.7999911949e-01  7.5045543981e-01 -1.5357513778e+00  5.8986254571e-01  3.0184503572e+00 -6.3852755626e-01  1.9770503043e+00  7.6584200947e-01 -1.5778347855e+00  1.9835870477e+00  1.9031346833e+00 -1.1293981580e+00  2.6714235267e+00  3.3149148791e+00 -7.3868558479e-01  5.0384499180e+00  2.0082252106e+00 -1.1271003396e+00  4.4681497570e+00  4.4338390984e-01  7.4918211735e-02  5.0942432617e+00  1.3600034123e+00 -3.0032645699e+00  5.0512753012e+00  1.8437669614e+00 -1.0179509974e+00 -1.1971254745e+00  3.8517582182e+00 -2.2361506989e-01  3.5154087064e-02 -1.2572108778e-01 -1.8834306934e+00  4.9952960810e-02  3.8901780350e+00 -2.9794831779e-01  2.5273551443e+00 -9.5188677992e-02 -1.9566210245e+00  2.5268670964e+00
ENERGY -1.568666316365e+03

JOB 20
COORDS  1.8731480436e+00 -1.0671455259e+00 -1.2864035724e-01  3.0238208413e+00 -6.7671755997e-01  5.6205047133e-01  7.2824894663e-01 -1.4664980902e+00  5.7315610533e-01  3.0385423723e+00 -6.8290333316e-01  1.9597594254e+00  7.3105991785e-01 -1.4773379041e+00  1.9675545403e+00  1.8879491098e+00 -1.0821262436e+00  2.6553550529e+00  3.2238881790e+00 -5.1021537845e-01  5.0309862579e+00  1.9956684617e+00 -1.0928528069e+00  4.4518289467e+00  2.4670392387e-01 -2.0155851432e-01  5.1048170819e+00  1.6816918614e+00 -3.0671305285e+00  4.9917318911e+00  1.8652850379e+00 -1.0602444122e+00 -1.2153318037e+00  3.9103726961e+00 -3.6616059901e-01  1.6386340055e-02 -1.6501992102e-01 -1.7684542589e+00  3.3751554948e-02  3.9238183230e+00 -3.7849660344e-01  2.5096824337e+00 -1.5673637810e-01 -1.7865661805e+00  2.5116992878e+00
ENERGY -1.568666278461e+03

JOB 21
COORDS  1.8811914927e+00 -1.0887244895e+00 -1.3213617384e-01  3.0495678085e+00 -7.6240496452e-01  5.6321865216e-01  7.0663878477e-01 -1.3955214564e+00  5.6539329584e-01  3.0515361777e+00 -7.4159877416e-01  1.9599967161e+00  6.9676214113e-01 -1.3807787196e+00  1.9605056804e+00  1.8698922281e+00 -1.0480324113e+00  2.6529043603e+00  3.1069806362e+00 -3.1011565682e-01  5.0394323941e+00  1.9878280736e+00 -1.0733112499e+00  4.4493600985e+00  1.1867145888e-01 -5.2144866483e-01  5.1365582486e+00  2.0303050190e+00 -3.0875545273e+00  4.9372608620e+00  1.8836413729e+00 -1.1027394043e+00 -1.2187531892e+00  3.9596256311e+00 -5.2164131823e-01  2.1054101787e-02 -2.0083194428e-01 -1.6464394635e+00  2.3521028408e-02  3.9504479941e+00 -4.8018461529e-01  2.5101641532e+00 -2.1414456848e-01 -1.6208745702e+00  2.5003277747e+00
ENERGY -1.568665638297e+03

JOB 22
COORDS  1.8762738816e+00 -1.1000235289e+00 -1.2814568272e-01  3.0604534454e+00 -8.5016729887e-01  5.7392382661e-01  6.7723313197e-01 -1.3016009986e+00  5.6325030989e-01  3.0512051467e+00 -8.0043414713e-01  1.9687149731e+00  6.5547817574e-01 -1.2600928220e+00  1.9589574134e+00  1.8427403417e+00 -1.0016132287e+00  2.6569574109e+00  2.9267480232e+00 -4.6910187461e-02  5.0453219887e+00  1.9587704870e+00 -9.9438137771e-01  4.4555524968e+00  2.3688490372e-02 -7.9314406485e-01  5.1508246078e+00  2.3708680195e+00 -2.9680301332e+00  4.9465880061e+00  1.8875225668e+00 -1.1360911815e+00 -1.2141777133e+00  3.9913081263e+00 -6.9063773512e-01  3.7132872568e-02 -2.4252467745e-01 -1.4932047681e+00  1.7922370865e-02  3.9648128767e+00 -5.9319149613e-01  2.5182956154e+00 -2.7551750801e-01 -1.4218221055e+00  2.4922410870e+00
ENERGY -1.568664460546e+03

JOB 23
COORDS  1.8766301096e+00 -1.0997765280e+00 -1.4022422004e-01  3.0714627530e+00 -9.4631734057e-01  5.7293502831e-01  6.6206852920e-01 -1.2133352741e+00  5.4155707242e-01  3.0540031014e+00 -9.0456674210e-01  1.9667507793e+00  6.3310868058e-01 -1.1786141246e+00  1.9385614864e+00  1.8294081247e+00 -1.0181691920e+00  2.6485711825e+00  2.6868602832e+00  1.4630691137e-01  5.0464983198e+00  1.9309186303e+00 -9.7438040003e-01  4.4503994893e+00 -5.5260017711e-03 -1.1611514767e+00  5.1429492196e+00  2.7350900275e+00 -2.8227630084e+00  4.9429154733e+00  1.8938760404e+00 -1.1311487512e+00 -1.2262896207e+00  4.0165278989e+00 -8.5688107451e-01  4.4806271390e-02 -2.6593365117e-01 -1.3324854594e+00 -1.0415348675e-02  3.9805793983e+00 -7.7584610495e-01  2.5191326791e+00 -3.1167664539e-01 -1.2765108221e+00  2.4621418279e+00
ENERGY -1.568663115678e+03

