JOB 0
COORDS -1.7846241019e+00  4.0095438737e+00  5.2677152137e-01 -2.9856012101e+00  3.4928536967e+00  1.2396990364e-01 -7.7513049899e-01  3.0147850486e+00  7.7033379244e-01 -1.2475031227e+00  1.7378868887e+00  5.4061856408e-01 -1.9437560504e+00 -1.7340718146e+00  6.5798182071e-01 -1.4681971066e+00 -6.4080275125e-01  1.2612957868e+00  6.1571077637e-01  3.4138027314e+00  1.2123701684e+00 -5.7073058716e-01  3.7610342284e-01  5.9043789842e-01  6.9579216199e-01  4.2104052500e-01  1.3484316773e+00 -2.9257951799e+00  1.7673082967e+00  4.0090997171e-02 -1.6083502987e+00  5.0733089452e+00  6.5765582689e-01 -3.9014671042e+00  4.0211778129e+00 -1.0891689524e-01 -2.5858372442e+00 -2.4384468397e+00  1.1808317732e+00 -1.7167167946e+00 -1.9531373647e+00 -3.8410022951e-01 -1.7077356636e+00 -4.2814566156e-01  2.3026309216e+00  6.4206777806e-01  4.4833000180e+00  1.4390386547e+00  9.2897303563e-01  2.8648702932e+00  2.1020370457e+00  1.3603109257e+00  3.2370539629e+00  4.2617252456e-01 -4.1859378661e-01  4.2267141790e-02 -4.5024242241e-01  1.3916765074e+00  9.4898772458e-01  8.2501424482e-01  1.0501351487e+00 -5.3254762027e-01  1.4136073693e+00
ENERGY -7.644139023677e+02

JOB 1
COORDS -1.7781490490e+00  4.0133080786e+00  5.4709915918e-01 -3.0198924285e+00  3.4879226799e+00  3.0961767721e-01 -7.5805728958e-01  3.0208684536e+00  7.3876649316e-01 -1.2621091714e+00  1.7387626639e+00  6.5052693030e-01 -1.8830570696e+00 -1.7344031467e+00  4.4377889728e-01 -1.4949382542e+00 -6.9365261377e-01  1.1860426169e+00  6.8148948455e-01  3.4098985378e+00  9.8786932022e-01 -5.5797372439e-01  3.9139040147e-01  7.0571973702e-01  5.9464029246e-01  4.2003005876e-01  1.6323500870e+00 -2.9793191920e+00  1.7601415301e+00  3.1993713306e-01 -1.5805072646e+00  5.0807326727e+00  5.8493544653e-01 -3.9510668654e+00  4.0130163606e+00  1.3839093556e-01 -2.5573980488e+00 -2.4916990769e+00  8.3569242103e-01 -1.5496065246e+00 -1.8554591426e+00 -5.8551526529e-01 -1.8394305486e+00 -5.8295196733e-01  2.2137636898e+00  7.9800845281e-01  4.4942176023e+00  9.0893025010e-01  1.0141719787e+00  3.1086095523e+00  1.9852979664e+00  1.3610285751e+00  2.9625074973e+00  2.5260892824e-01 -2.5552564130e-01  1.3310167014e-01 -3.2383912995e-01  1.3435480807e+00  9.8465770763e-01  1.2389809801e+00  9.5977883921e-01 -5.2932178222e-01  1.7010374358e+00
ENERGY -7.644137502014e+02

JOB 2
COORDS -1.7673355769e+00  4.0184505302e+00  5.6784885475e-01 -3.0372534584e+00  3.5100975421e+00  4.9799599192e-01 -7.5552323915e-01  3.0109660270e+00  7.0886907790e-01 -1.2915916038e+00  1.7405971760e+00  7.6753196774e-01 -1.7844236814e+00 -1.7218108639e+00  2.4180771054e-01 -1.5182881715e+00 -7.4034735044e-01  1.1079792775e+00  7.1501869124e-01  3.3544462628e+00  7.4706953752e-01 -5.7160587427e-01  4.0443239617e-01  8.3321120716e-01  4.4194801114e-01  4.0610960281e-01  1.9109942211e+00 -3.0287340067e+00  1.7846885964e+00  6.0393981165e-01 -1.5460626714e+00  5.0803442316e+00  5.0918867064e-01 -3.9708625282e+00  4.0465980044e+00  3.8555057663e-01 -2.4698274630e+00 -2.5281773299e+00  4.9040456841e-01 -1.3348398697e+00 -1.7443060532e+00 -7.4954111545e-01 -1.9714939679e+00 -7.3492971960e-01  2.0987576340e+00  8.8519833687e-01  4.3471681722e+00  3.2069429084e-01  1.1051301927e+00  3.3709612619e+00  1.7716737678e+00  1.3160824496e+00  2.6472449200e+00  1.6497910558e-01 -1.2092174755e-01  2.3199635979e-01 -1.6006054110e-01  1.1402973637e+00  1.1244624324e+00  1.7414466829e+00  9.2962159017e-01 -4.8881742337e-01  1.8902873002e+00
ENERGY -7.644144322848e+02

JOB 3
COORDS -1.5641217225e+00  4.0784269839e+00  5.2393067891e-01 -2.4162436647e+00  3.9245902442e+00 -5.3834013487e-01 -9.3362225232e-01  2.8548381384e+00  9.2569305535e-01 -1.3540280963e+00  1.7801097571e+00  1.6852525713e-01 -2.2088087203e+00 -1.5123722527e+00 -7.8768002930e-01 -1.3384514456e+00 -5.0481380172e-01 -8.9868733159e-01  8.3009239079e-02  2.7849164404e+00  2.0387858098e+00 -8.5343826666e-01  3.5130417252e-01  2.5075909128e-01 -1.2155010215e+00 -2.4048282584e-01  1.5513333107e+00 -2.4804762365e+00  2.2787816323e+00 -1.0647659196e+00 -1.3754784676e+00  5.0344881075e+00  1.0038802271e+00 -3.0081165020e+00  4.6809904256e+00 -1.0381322561e+00 -2.5089113004e+00 -2.0910528755e+00 -1.6575297421e+00 -2.6478189978e+00 -1.7667395455e+00  1.7272958406e-01 -9.1531644624e-01 -2.5375730025e-01 -1.8709327280e+00 -3.9098201836e-01  2.6325540538e+00  3.0167363938e+00  8.0019147307e-01  1.9724091839e+00  1.8855534556e+00  6.5046226126e-01  3.7184742069e+00  2.1007643245e+00  2.4550699912e-01  4.1885423394e-01  1.3615891700e-01 -1.0154135476e+00  4.1543497237e-01  2.3008513352e+00 -6.4971721099e-01 -1.0726118878e+00  1.7124480670e+00
ENERGY -7.644159216919e+02

JOB 4
COORDS -1.5849974476e+00  4.0966712171e+00  5.6377013412e-01 -2.5337280850e+00  3.8666949267e+00 -3.9822961490e-01 -8.8467625374e-01  2.9095234687e+00  9.6109880733e-01 -1.3369239943e+00  1.7919765499e+00  2.9070705620e-01 -2.0623248580e+00 -1.5108225842e+00 -7.2209407612e-01 -1.1938970639e+00 -4.9547664984e-01 -7.4189331543e-01  2.0286436390e-01  2.9088522668e+00  2.0060496882e+00 -8.4320701667e-01  3.7026510158e-01  4.4846132842e-01 -1.3637689606e+00 -2.0232941835e-01  1.7037288001e+00 -2.6031842479e+00  2.1950985430e+00 -8.3756692248e-01 -1.3785959316e+00  5.0805318465e+00  9.7545003038e-01 -3.1900748083e+00  4.5836711975e+00 -8.7533969179e-01 -2.2647450433e+00 -2.0916521216e+00 -1.6183600680e+00 -2.5996539666e+00 -1.7686585737e+00  1.8597971229e-01 -6.7613160178e-01 -2.3647742593e-01 -1.6649745473e+00 -2.1516575798e-01  2.9382970836e+00  3.0199898118e+00  8.3779162764e-01  2.0210650595e+00  1.9357040063e+00  8.4692835363e-01  3.7874852522e+00  1.8980340173e+00  2.6014583968e-01  4.3751879915e-01  4.6236900331e-01 -1.2429069890e+00  4.6754479894e-01  2.4594889122e+00 -8.3014363086e-01 -1.0370823851e+00  1.9438246156e+00
ENERGY -7.644178211977e+02

JOB 5
COORDS -1.5717174236e+00  4.0832175770e+00  5.5665085098e-01 -2.6119544848e+00  3.8251040507e+00 -2.9674339269e-01 -8.3754928330e-01  2.9058459887e+00  9.2487003261e-01 -1.3499031434e+00  1.7707299735e+00  3.3188059750e-01 -1.9621266410e+00 -1.4973161504e+00 -8.5380270280e-01 -1.1015957276e+00 -4.8148601913e-01 -7.3766363754e-01  3.3207880855e-01  2.9448468112e+00  1.8760209567e+00 -8.9004712550e-01  3.4246616832e-01  5.1436922445e-01 -1.5775105913e+00 -2.5562767336e-01  1.6737060537e+00 -2.7267766556e+00  2.1410810759e+00 -6.7440248785e-01 -1.3244046003e+00  5.0792165706e+00  9.1290509631e-01 -3.3100693497e+00  4.5298622782e+00 -7.3106157356e-01 -2.0620479463e+00 -2.0420743517e+00 -1.7891493144e+00 -2.5972418471e+00 -1.7908656367e+00 -2.3013443581e-02 -4.8921638944e-01 -1.8257818211e-01 -1.5878750942e+00  3.3304315828e-03  3.1815119852e+00  2.8950434667e+00  8.6603740266e-01  1.9921348179e+00  1.9142399244e+00  1.0503500744e+00  3.7173724554e+00  1.5808882540e+00  2.0204200108e-01  3.9361347141e-01  6.6663295181e-01 -1.5277545575e+00  3.8701179893e-01  2.4612824551e+00 -1.1019222740e+00 -1.1152004885e+00  1.9464969217e+00
ENERGY -7.644186621514e+02

JOB 6
COORDS -1.5339571885e+00  4.0721274821e+00  5.3909261288e-01 -2.6625056345e+00  3.8048934721e+00 -1.8902160703e-01 -7.9222858612e-01  2.8920252651e+00  8.8778905681e-01 -1.3878464637e+00  1.7464459131e+00  4.0293069792e-01 -1.8219029848e+00 -1.4682454263e+00 -9.9916549321e-01 -9.9962842711e-01 -4.5194556013e-01 -7.2166123832e-01  4.7756212997e-01  2.9586594930e+00  1.6989851182e+00 -9.5928459709e-01  3.0939644307e-01  5.8734380704e-01 -1.8054490263e+00 -3.3541440512e-01  1.6072203054e+00 -2.8545858787e+00  2.1098493334e+00 -4.7454792384e-01 -1.2302322542e+00  5.0753723314e+00  8.2419266682e-01 -3.3895387295e+00  4.5082523979e+00 -5.7570044474e-01 -1.7945767999e+00 -1.9615350270e+00 -1.9674181294e+00 -2.5534388440e+00 -1.8133843514e+00 -2.7423504739e-01 -2.9146329064e-01 -1.0000871419e-01 -1.4712640880e+00  2.9894601085e-01  3.4535323983e+00  2.6603079132e+00  8.9190622725e-01  1.9699926827e+00  1.9080165088e+00  1.2469553979e+00  3.5372463467e+00  1.1750177483e+00  1.0034485354e-01  3.4456306921e-01  8.8962968608e-01 -1.8449252909e+00  2.5936406824e-01  2.4323863826e+00 -1.3880908863e+00 -1.2226207268e+00  1.8864847329e+00
ENERGY -7.644189049227e+02

JOB 7
COORDS -1.8854004772e+00  3.9357806724e+00  4.7130581989e-01 -2.6794043216e+00  3.7078006869e+00 -6.2148500447e-01 -1.1726422851e+00  2.7689968701e+00  9.0963101415e-01 -1.4594243164e+00  1.6673231741e+00  1.3200983379e-01  1.2653723522e+00 -2.6587464305e-01 -1.0220152230e+00 -5.3462827988e-02 -5.1739916307e-02 -1.0214216405e+00 -2.0193906668e-01  2.7941638918e+00  2.0655673850e+00 -8.5652784141e-01  2.8729225811e-01  2.1463576664e-01 -1.9302949932e+00 -7.1361366103e-01  3.7826262383e-01 -2.5906260698e+00  2.0599034462e+00 -1.1411003882e+00 -1.8089464126e+00  4.9019350447e+00  9.6141411382e-01 -3.3291096437e+00  4.4060949748e+00 -1.1340616236e+00  1.8031255178e+00 -5.0348364423e-01 -1.9364126571e+00  1.8535715910e+00 -2.0162972628e-01 -1.0781097178e-01 -6.2663126521e-01 -1.2554199647e-01 -1.9449844817e+00 -4.4578276832e-01  3.6088040278e+00  2.7538562210e+00 -2.1628232603e-01  1.8627535933e+00  2.6385499841e+00  8.2642429059e-01  2.9527146575e+00  1.7195912528e+00 -1.5781093267e-01  3.0130928126e-01  1.0645045124e+00 -2.5036519816e+00 -4.6982569192e-01  1.1843826954e+00 -1.5192765156e+00 -1.6299049750e+00  5.5140521823e-01
ENERGY -7.644191483939e+02

JOB 8
COORDS -1.5846099590e+00  3.8585859242e+00  4.5343016077e-01 -2.5022485934e+00  3.6030356258e+00 -5.3177264234e-01 -8.6520116141e-01  2.6906529594e+00  8.7540779965e-01 -1.2765396517e+00  1.5616711554e+00  2.0032681317e-01  1.5735540818e+00 -2.9323690343e-01 -7.3580292931e-01  2.6594809918e-01 -5.9817667750e-02 -8.8372352592e-01  2.4086915023e-01  2.7293635791e+00  1.9009516776e+00 -6.8857636630e-01  1.7524952430e-01  2.6605144832e-01 -1.7708704933e+00 -8.2457077429e-01  2.0792799257e-01 -2.5249395040e+00  1.9272361410e+00 -9.6618531999e-01 -1.4222318320e+00  4.8457482385e+00  8.7625729868e-01 -3.1848286102e+00  4.2975705047e+00 -1.0053758365e+00  2.2249539066e+00 -4.4592873567e-01 -1.5926487771e+00  2.0374921719e+00 -3.3241885270e-01  2.4861015878e-01 -1.8465968039e-01 -2.3855284764e-02 -1.8750452956e+00  1.9817525738e-01  1.8753678942e+00  2.5840306785e+00  1.2272584731e+00  2.7166271114e+00  1.4222988065e+00  1.7701038824e-01  3.6398254965e+00  2.5038096351e+00 -1.0419225323e-01  1.1758197994e-01  1.1975197184e+00 -2.4155761880e+00 -6.7751131045e-01  9.8315811013e-01 -1.3777070249e+00 -1.7597763490e+00  3.0130947828e-01
ENERGY -7.644205996257e+02

JOB 9
COORDS -1.4526216304e+00  4.0802220448e+00  3.8523131633e-01 -1.6527362308e+00  3.9776784045e+00 -9.6717049534e-01 -1.0811456455e+00  2.8378611283e+00  9.9814142867e-01 -1.0194264407e+00  1.8111690794e+00  8.0620280412e-02  1.7356375539e+00 -3.9024608183e-02  1.2290418181e+00  9.3213796892e-01  2.9759911193e-01  2.1511520334e-01 -7.5020204949e-01  2.6922075664e+00  2.4621155777e+00 -5.7455976782e-01  3.8957357987e-01  3.1860482077e-01 -1.1815168824e+00 -4.9649824167e-01 -6.8902242809e-01 -1.3971236296e+00  2.3604292905e+00 -1.5322985073e+00 -1.5688759512e+00  5.0082327797e+00  9.3752641091e-01 -1.9536194619e+00  4.7547090571e+00 -1.6587344755e+00  2.8158288854e+00 -7.4752442913e-02  1.1116809852e+00  1.3386054142e+00 -2.8524713694e-01  2.2126116406e+00  1.3420349940e+00  5.4396057441e-01 -7.6398050493e-01 -1.2520901619e+00  1.8274569841e+00  2.9095666044e+00  3.2703821439e-01  2.5552750941e+00  2.6128346012e+00 -1.0573452079e+00  3.5808606036e+00  3.0206967025e+00 -8.5512966716e-01  1.2380765511e-01  1.3506101657e+00 -2.1952311465e+00 -4.9566968951e-01 -5.8429135912e-01 -8.5644995682e-01 -1.4507844165e+00 -5.4349810794e-01
ENERGY -7.644214351822e+02

JOB 10
COORDS -1.4761258001e+00  4.0867218244e+00  3.8797949651e-01 -1.8269059986e+00  3.9637320484e+00 -9.3171102754e-01 -1.0192488467e+00  2.8580567106e+00  9.6906181939e-01 -1.0296593967e+00  1.8239495243e+00  5.6841254134e-02  1.6125909681e+00 -6.7473759231e-02  1.3933780440e+00  9.0239220263e-01  3.0805604222e-01  3.2520561501e-01 -5.6375339018e-01  2.7258951562e+00  2.4000841029e+00 -6.0862403321e-01  3.9139054775e-01  2.8795432702e-01 -1.0939146348e+00 -4.5836321033e-01 -8.1263005471e-01 -1.6034413820e+00  2.3452313855e+00 -1.5058738466e+00 -1.5432859348e+00  5.0200058321e+00  9.3962119360e-01 -2.2052726033e+00  4.7296895402e+00 -1.5970064020e+00  2.6990651481e+00 -9.8547389556e-02  1.3716139985e+00  1.1301284136e+00 -3.5047626990e-01  2.3275470877e+00  1.3978552098e+00  5.9336879026e-01 -6.0243090119e-01 -1.0156185769e+00  1.8561521756e+00  2.8900020009e+00  5.2296223396e-01  2.5993464081e+00  2.4625805021e+00 -8.3604712625e-01  3.6132578024e+00  2.9784607172e+00 -9.8908763361e-01  8.1513711014e-02  1.2753303654e+00 -2.1111700334e+00 -5.1804907862e-01 -7.8313513955e-01 -7.3082419442e-01 -1.4026079568e+00 -6.9468513657e-01
ENERGY -7.644209602291e+02

JOB 11
COORDS -1.5094791888e+00  4.1001270536e+00  3.8811545121e-01 -2.0045695123e+00  3.9518132551e+00 -8.8157683007e-01 -9.5907907712e-01  2.8910765530e+00  9.2781897322e-01 -1.0274718761e+00  1.8477594623e+00  2.7426111647e-02  1.4837192856e+00 -1.3366590073e-01  1.5367019264e+00  8.7527345258e-01  3.1450842424e-01  4.3490741069e-01 -3.9445391247e-01  2.7868324194e+00  2.3224091413e+00 -6.2580753145e-01  4.0596412328e-01  2.5646815455e-01 -9.8053740839e-01 -4.1271170531e-01 -9.1740851920e-01 -1.7943726855e+00  2.3351277523e+00 -1.4620472131e+00 -1.5383064435e+00  5.0385511673e+00  9.3434806995e-01 -2.4655653795e+00  4.7012612883e+00 -1.5125767397e+00  2.5675128595e+00 -1.7957640564e-01  1.6087674610e+00  9.1807937901e-01 -4.6126272861e-01  2.4075036184e+00  1.4547953545e+00  6.4466248252e-01 -4.2670395309e-01 -7.8202327484e-01  1.9080628582e+00  2.8493835936e+00  6.9660787571e-01  2.6944489970e+00  2.3112254281e+00 -6.5548920962e-01  3.6710730002e+00  2.9107956760e+00 -1.1036461855e+00  5.9358013264e-02  1.1879812422e+00 -1.9933408475e+00 -5.1747834030e-01 -9.7599439697e-01 -5.9217884878e-01 -1.3468661844e+00 -7.9900475576e-01
ENERGY -7.644190872933e+02

JOB 12
COORDS -1.5551934171e+00  4.0745318296e+00  4.1191857303e-01 -2.1933344253e+00  3.8956439175e+00 -7.8746258427e-01 -9.0428210816e-01  2.8915033995e+00  8.9544849930e-01 -1.0334486183e+00  1.8343669894e+00  1.6372907785e-02  1.3493020275e+00 -2.9380551402e-01  1.6472649898e+00  8.5109880048e-01  2.9206417337e-01  5.5531961853e-01 -2.0586510858e-01  2.8382582680e+00  2.2330104586e+00 -6.2400255580e-01  3.8844636644e-01  2.2703117934e-01 -8.2803254964e-01 -3.8771622406e-01 -1.0133909094e+00 -1.9941658844e+00  2.2812120735e+00 -1.3718855395e+00 -1.5483472617e+00  5.0190438330e+00  9.4815252919e-01 -2.7420423509e+00  4.6234144271e+00 -1.3718042277e+00  2.4208463334e+00 -3.5721571014e-01  1.8195535880e+00  7.0170261162e-01 -7.1955337083e-01  2.4122529199e+00  1.5123472222e+00  7.1629756875e-01 -1.9956656720e-01 -5.2841196240e-01  1.9748346511e+00  2.8235426679e+00  8.8021737068e-01  2.7605115078e+00  2.1250381135e+00 -4.2541837821e-01  3.7402038368e+00  2.8115175347e+00 -1.1949819433e+00 -1.0383880692e-02  1.0823780567e+00 -1.8257317368e+00 -5.1471855275e-01 -1.1853936278e+00 -4.3598234821e-01 -1.3186068736e+00 -8.8133274181e-01
ENERGY -7.644162572318e+02

JOB 13
COORDS -1.6118128742e+00  4.0639439465e+00  4.3821656660e-01 -2.3845166965e+00  3.8403547593e+00 -6.6968380016e-01 -8.7008556217e-01  2.9121205023e+00  8.6781848290e-01 -1.0732452747e+00  1.8266311747e+00  3.8041687647e-02  1.1705527788e+00 -4.2352170678e-01  1.7800624987e+00  7.9953097046e-01  2.9114704819e-01  7.1468047841e-01 -1.3000652485e-02  2.9433245319e+00  2.1127193116e+00 -6.2177107684e-01  3.8594045081e-01  2.0659079120e-01 -6.3479762132e-01 -3.1655046754e-01 -1.0967549645e+00 -2.2089129077e+00  2.2170092096e+00 -1.2331753609e+00 -1.5662580433e+00  5.0221693469e+00  9.4731352196e-01 -3.0198756851e+00  4.5376771892e+00 -1.2007032107e+00  2.2127417705e+00 -4.9833560991e-01  2.0803632551e+00  4.4189858077e-01 -9.4937721569e-01  2.3953256030e+00  1.5399431656e+00  8.0778588659e-01  1.0499881176e-01 -2.5030091863e-01  2.1210641172e+00  2.7929098741e+00  1.0533012181e+00  2.8674492711e+00  1.8802978720e+00 -1.7197319519e-01  3.8819922937e+00  2.6513190840e+00 -1.2840275139e+00 -9.1525982184e-02  9.4875233326e-01 -1.5928141918e+00 -4.1323098027e-01 -1.4349563066e+00 -2.8817119690e-01 -1.2633806998e+00 -9.4917241139e-01
ENERGY -7.644136519772e+02

JOB 14
COORDS -1.6470709653e+00  4.0121186955e+00  4.4301741142e-01 -2.5400522646e+00  3.7289164781e+00 -5.5303117813e-01 -8.2843864504e-01  2.8947791924e+00  8.2973480926e-01 -1.1127244218e+00  1.7652832050e+00  8.8282206359e-02  9.6368119396e-01 -5.6564218385e-01  1.9357996252e+00  7.4001969531e-01  2.2796098084e-01  8.8505511308e-01  1.9132084494e-01  3.0329127895e+00  1.9385329481e+00 -5.9178146449e-01  3.4101938150e-01  1.8283841917e-01 -3.8820769473e-01 -2.2503781930e-01 -1.1723622378e+00 -2.4014790883e+00  2.0819175731e+00 -1.0564064085e+00 -1.5630850699e+00  4.9922438706e+00  9.0298649319e-01 -3.2579508235e+00  4.3873059768e+00 -1.0251485351e+00  1.9518617343e+00 -6.5735733380e-01  2.3797859047e+00  1.6223434800e-01 -1.1435286073e+00  2.3936102179e+00  1.5539459549e+00  7.8847918698e-01  4.2798691119e-01  1.3151233218e-01  2.2156728628e+00  2.6591873726e+00  1.2153383658e+00  3.0512185875e+00  1.5513854343e+00  2.7411947782e-02  3.9713483610e+00  2.4760887477e+00 -1.3281693673e+00 -2.3901126559e-01  7.6486385568e-01 -1.2537862828e+00 -1.9662052700e-01 -1.7102757723e+00 -1.4004524391e-01 -1.2083537853e+00 -1.0705714177e+00
ENERGY -7.644123657582e+02

JOB 15
COORDS -1.6789196207e+00  3.9670220226e+00  4.3191289949e-01 -2.6697090316e+00  3.6070399761e+00 -4.3810960954e-01 -7.8616562543e-01  2.8936805829e+00  7.8135253369e-01 -1.1292602069e+00  1.7132257972e+00  1.5558383129e-01  7.2940972167e-01 -6.4160607067e-01  2.1265115856e+00  6.8254879479e-01  1.6788969670e-01  1.0647902362e+00  3.7439940303e-01  3.1322464258e+00  1.7207311917e+00 -5.2605478091e-01  3.1991138839e-01  1.7457704566e-01 -1.0630700480e-01 -6.6494134867e-02 -1.1946718764e+00 -2.5468662164e+00  1.9339884295e+00 -8.5629967596e-01 -1.5732186591e+00  4.9733020818e+00  8.2634676808e-01 -3.4615007646e+00  4.2189143805e+00 -8.5105864969e-01  1.6356391407e+00 -7.5332745696e-01  2.7167265739e+00 -1.4034082420e-01 -1.2134647824e+00  2.4460615135e+00  1.5674782027e+00  7.1580553033e-01  7.4695622698e-01  4.5386535481e-01  2.3566572932e+00  2.4840316626e+00  1.3275897363e+00  3.1660283883e+00  1.1819478170e+00  2.5083838245e-01  4.0941438359e+00  2.2266477228e+00 -1.3042722458e+00 -3.5629314073e-01  5.6653883190e-01 -8.5709482955e-01  1.0142879421e-01 -1.8619594346e+00  9.2305608855e-02 -1.0660503599e+00 -1.2055032574e+00
ENERGY -7.644128089112e+02

JOB 16
COORDS -1.7406020321e+00  3.9423779283e+00  5.0597654212e-01 -2.8314289794e+00  3.5342677452e+00 -2.1222603400e-01 -7.8120154558e-01  2.9006649294e+00  7.5345002145e-01 -1.1834043576e+00  1.6931608502e+00  2.2281680014e-01  4.7205568428e-01 -7.0145422827e-01  2.2007943801e+00  5.8630005634e-01  1.1142307813e-01  1.1467468481e+00  5.0655130211e-01  3.1760654918e+00  1.4939057606e+00 -5.0737473727e-01  3.3868564406e-01  1.3027256478e-01  7.6427067351e-02  1.7146607931e-01 -1.2224355402e+00 -2.7240201950e+00  1.8526440908e+00 -5.9874588484e-01 -1.6101231771e+00  4.9617014346e+00  8.5722575078e-01 -3.6908492638e+00  4.1152516910e+00 -5.2166168209e-01  1.2955896127e+00 -8.4979206323e-01  2.8948798661e+00 -4.5167678230e-01 -1.2381950938e+00  2.4110392349e+00  1.5257047777e+00  6.2141304081e-01  9.4485575514e-01  6.2008358661e-01  2.5299318851e+00  2.3680225597e+00  1.3792607165e+00  3.0227484771e+00  8.5107469517e-01  5.2764098853e-01  4.2143824876e+00  1.8367849944e+00 -1.2878620830e+00 -4.1352235150e-01  3.3153666424e-01 -6.1853357553e-01  4.0322915456e-01 -1.9300545646e+00  3.3067462458e-01 -8.0700601317e-01 -1.3551872892e+00
ENERGY -7.644140415369e+02

JOB 17
COORDS -1.7831280393e+00  3.9397061272e+00  5.3509854632e-01 -2.9416577494e+00  3.4751382831e+00 -2.9659658373e-02 -7.7398796807e-01  2.9321587031e+00  7.0174294429e-01 -1.2079757524e+00  1.6937759801e+00  2.7854804388e-01  2.4859866299e-01 -7.9980150472e-01  2.2375482091e+00  4.8882582093e-01  8.1186863036e-02  1.2623480600e+00  5.9608881443e-01  3.2456493861e+00  1.2521809147e+00 -4.7293086923e-01  3.7662015215e-01  1.3362868535e-01  2.7270394463e-01  3.7567565340e-01 -1.1460026358e+00 -2.8321460813e+00  1.7824162988e+00 -3.6344504843e-01 -1.6396743396e+00  4.9766552423e+00  8.2453179414e-01 -3.8487046002e+00  4.0222328213e+00 -2.5294967714e-01  9.7295220989e-01 -9.8643910053e-01  3.0264275308e+00 -6.8594465659e-01 -1.3563708671e+00  2.2871852169e+00  1.4373854273e+00  6.1172245269e-01  1.2256232199e+00  7.4823677859e-01  2.7941801427e+00  2.2378228645e+00  1.3833656108e+00  2.8769110550e+00  5.8839499522e-01  7.2481465027e-01  4.3266515311e+00  1.3570351832e+00 -1.2403161737e+00 -4.1441700803e-01  1.6022818689e-01 -3.5533419192e-01  6.3843915724e-01 -1.9037272501e+00  6.0558388342e-01 -5.6869661461e-01 -1.3394721191e+00
ENERGY -7.644156429163e+02

JOB 18
COORDS -1.6466846302e+00  4.0426861796e+00  4.6155807925e-01 -2.3364554118e+00  3.8263606970e+00 -7.0300424246e-01 -9.8783936044e-01  2.8727054745e+00  9.6818206680e-01 -1.2221992861e+00  1.7677594643e+00  1.7692430866e-01 -1.6252432452e+00 -1.3280301697e+00  1.8366453846e+00 -8.4078655815e-01 -2.6861730309e-01  1.6187933475e+00 -1.2723702167e-01  2.8915879237e+00  2.2075724764e+00 -6.4702915296e-01  3.6932765839e-01  2.6187898160e-01  7.9769714907e-01  4.1945368140e-01 -5.5093733178e-02 -2.2027600505e+00  2.1776035122e+00 -1.2072258499e+00 -1.5963056846e+00  5.0120195305e+00  9.4917051794e-01 -2.9158781288e+00  4.5331827595e+00 -1.2831858695e+00 -1.7359636648e+00 -1.7583404860e+00  2.8288816738e+00 -2.1925121288e+00 -1.7940637082e+00  1.0323843613e+00 -2.7703432898e-01  1.6989348772e-01  2.4385946180e+00 -6.8411000579e-01  2.5513499348e+00  3.0883687441e+00  7.4825731547e-01  2.2493953472e+00  2.0861796144e+00  2.2223973643e-01  3.9077053277e+00  2.4135977090e+00 -1.2046882093e+00 -2.5049071068e-01 -4.5915430780e-01  9.3024254867e-01  9.0327579084e-01 -9.4182039913e-01  1.1509536050e+00 -5.3055394874e-01 -1.6576612708e-01
ENERGY -7.644175617732e+02

JOB 19
COORDS -1.6750563442e+00  4.0175923422e+00  4.7967342540e-01 -2.4772294970e+00  3.7541875597e+00 -5.9978386248e-01 -9.2118205235e-01  2.8817684341e+00  9.2967348234e-01 -1.1834790175e+00  1.7603529397e+00  1.7101610998e-01 -1.7074681445e+00 -1.3765758074e+00  1.7182660663e+00 -9.4710271617e-01 -2.8467817415e-01  1.5969380859e+00  2.6610311304e-02  2.9404488854e+00  2.1020822455e+00 -6.0622982697e-01  3.6397806918e-01  2.7387054506e-01  8.6401641804e-01  4.2416623585e-01  1.2662554209e-01 -2.3313594711e+00  2.1031624026e+00 -1.0961373789e+00 -1.6118336710e+00  4.9963976469e+00  9.4662835966e-01 -3.1379113959e+00  4.4298964875e+00 -1.1279024282e+00 -1.9337074687e+00 -1.8084058552e+00  2.6900004551e+00 -2.1397634891e+00 -1.8693911171e+00  8.4876471851e-01 -5.2225519927e-01  1.8920497575e-01  2.4795887773e+00 -5.0517702803e-01  2.7761227319e+00  3.0473846365e+00  8.1116402902e-01  2.1873965526e+00  2.0095362148e+00  5.0045230943e-01  3.9255197512e+00  2.1634721817e+00 -1.0770758541e+00 -2.4539551436e-01 -5.1439722560e-01  1.0945873092e+00  8.9740766751e-01 -7.4586740975e-01  1.2334374755e+00 -5.2433310489e-01  7.0685015068e-02
ENERGY -7.644189957546e+02

JOB 20
COORDS -1.6924992976e+00  3.9883107789e+00  4.9598513606e-01 -2.5912159368e+00  3.6855528930e+00 -4.9201399262e-01 -8.6413827819e-01  2.8803397546e+00  8.8440208483e-01 -1.1538604786e+00  1.7457394380e+00  1.5492672291e-01 -1.8571240839e+00 -1.4188561820e+00  1.5511221899e+00 -1.0870250696e+00 -3.2727237910e-01  1.5300806996e+00  1.5255032822e-01  2.9841674906e+00  1.9944801014e+00 -5.9454103695e-01  3.4163685322e-01  2.6515352140e-01  8.8164872375e-01  3.8167472074e-01  2.9322139273e-01 -2.4459663948e+00  2.0322761036e+00 -9.8238914075e-01 -1.6137354275e+00  4.9745643521e+00  9.4477117016e-01 -3.3190275989e+00  4.3349515039e+00 -9.6182413785e-01 -2.1959596163e+00 -1.8590236047e+00  2.4856399571e+00 -2.1852405193e+00 -1.9021371259e+00  6.3210528994e-01 -7.6923761766e-01  1.4396748768e-01  2.4590246859e+00 -3.4560145151e-01  3.0047758654e+00  2.9718316191e+00  8.4763618327e-01  2.1445798666e+00  1.9735222613e+00  7.2675497372e-01  3.9131023186e+00  1.9058903556e+00 -9.8126807891e-01 -2.4019957919e-01 -5.8695503955e-01  1.2214954634e+00  8.5560954742e-01 -5.4278701318e-01  1.2399277681e+00 -5.7232583443e-01  2.7357344551e-01
ENERGY -7.644192156691e+02

JOB 21
COORDS -1.8098678284e+00  3.9247471066e+00  4.4295090017e-01 -2.7855984698e+00  3.5383552318e+00 -4.3460195700e-01 -8.9930795274e-01  2.8703299600e+00  8.0192378277e-01 -1.1989681087e+00  1.6926328044e+00  1.4736295046e-01 -1.9962381217e+00 -1.5167912248e+00  1.3629020938e+00 -1.2482260924e+00 -4.1396623452e-01  1.4595918720e+00  1.9648431055e-01  3.0924770622e+00  1.8164096368e+00 -6.1918614667e-01  2.9655348731e-01  2.7963330934e-01  8.3898404614e-01  3.4977131258e-01  4.9714819589e-01 -2.6173547081e+00  1.8695230084e+00 -8.6024183539e-01 -1.7322766088e+00  4.9334213153e+00  8.3919747523e-01 -3.5830573483e+00  4.1346292970e+00 -8.5981191700e-01 -2.4362392462e+00 -1.9857155298e+00  2.2394254121e+00 -2.2044659630e+00 -1.9804927252e+00  3.9990066815e-01 -1.0507795248e+00  4.2597527274e-02  2.4289140736e+00 -2.3624123262e-01  3.3882568911e+00  2.7796838468e+00  7.9736004423e-01  2.1956710022e+00  1.9593712172e+00  8.5822676382e-01  3.9072547118e+00  1.4986629007e+00 -8.8818396784e-01 -2.6559739520e-01 -6.2924821520e-01  1.2807427776e+00  8.2757888525e-01 -2.8795352867e-01  1.2017602487e+00 -6.0240496456e-01  5.1725068389e-01
ENERGY -7.644181155210e+02

JOB 22
COORDS -1.8080896984e+00  3.9658205175e+00  4.5068532932e-01 -2.8678493043e+00  3.5179161986e+00 -2.8759490245e-01 -8.4519943403e-01  2.9441340653e+00  7.7056404419e-01 -1.1965018138e+00  1.7244245693e+00  2.2687268038e-01 -1.9817107795e+00 -1.6098409877e+00  1.1101670059e+00 -1.3202387013e+00 -4.7916207211e-01  1.3733227623e+00  3.6424937917e-01  3.2672874620e+00  1.6177082892e+00 -5.8231471323e-01  3.3847047343e-01  3.3322926615e-01  8.3388874739e-01  4.0573404743e-01  7.3611747666e-01 -2.7251245721e+00  1.8268947121e+00 -6.2312971567e-01 -1.7042808800e+00  4.9964951096e+00  7.7804562157e-01 -3.7211227958e+00  4.0776579468e+00 -6.4937361004e-01 -2.5013337899e+00 -2.1605967626e+00  1.8901798243e+00 -2.0363052668e+00 -2.0156176101e+00  1.0114697733e-01 -1.2756163728e+00 -7.9883750877e-02  2.3861103390e+00  7.9756452596e-02  3.9490641757e+00  2.4263663175e+00  8.0903827202e-01  2.3714848987e+00  2.0469235831e+00  1.1331185074e+00  3.7779194291e+00  1.0238687675e+00 -7.1828726844e-01 -1.6242878226e-01 -6.3940895209e-01  1.3640697283e+00  9.1765910184e-01  3.1040767336e-02  1.2057729732e+00 -5.4283804458e-01  7.5952216410e-01
ENERGY -7.644162237911e+02

JOB 23
COORDS -1.7755431640e+00  4.0074968677e+00  5.1012587390e-01 -2.9173952209e+00  3.5211011331e+00 -6.3453144108e-02 -7.8760197462e-01  2.9991863436e+00  7.9206343145e-01 -1.2126600893e+00  1.7447521437e+00  4.0133296079e-01 -1.9532768685e+00 -1.6925543231e+00  8.8461193859e-01 -1.3953797076e+00 -5.6198757724e-01  1.3273940136e+00  5.2885975494e-01  3.3732084347e+00  1.4374146145e+00 -5.6705040041e-01  3.6919716815e-01  4.6733120455e-01  7.8617549981e-01  4.2990958768e-01  1.0491064173e+00 -2.8289848747e+00  1.8069814971e+00 -2.7325649410e-01 -1.6275902410e+00  5.0581504293e+00  7.4269967299e-01 -3.8066070256e+00  4.0635713664e+00 -3.5878079850e-01 -2.5410092469e+00 -2.3316258541e+00  1.5387568172e+00 -1.8507035836e+00 -2.0096039025e+00 -1.5204288940e-01 -1.5088147338e+00 -2.5073635530e-01  2.3653265679e+00  4.2930506210e-01  4.3343712555e+00  1.9506050440e+00  8.5543160760e-01  2.6220104839e+00  2.1556881054e+00  1.3237944309e+00  3.4909035538e+00  6.9003973825e-01 -5.6231835258e-01 -4.5433307232e-02 -5.5484629296e-01  1.4012313552e+00  9.5742603660e-01  4.3056425875e-01  1.1540634385e+00 -5.1985380681e-01  1.0860900119e+00
ENERGY -7.644146737853e+02

