JOB 0
COORDS  2.3063064425e+00  2.6201264682e+00 -6.8741306804e-01  2.3707940475e+00  4.0304538894e+00 -5.8494411819e-01  5.9198066627e-02  2.8697995045e+00 -1.2578942835e+00  1.0167363297e+00  2.0672975300e+00 -5.9081758888e-01 -8.1115824014e-02  4.1907767056e+00 -7.9436875334e-01  1.1803195508e+00  4.7695062475e+00 -4.8400703139e-01 -1.5595020211e-01 -1.5801250543e+00 -7.8596333512e-01  1.3541037342e-01 -2.3466026609e-01 -1.4781873270e+00 -4.0406434571e-01 -1.2284432467e+00  7.0854503016e-01  8.1590760603e-01  5.9110408085e-01 -3.6986888349e-01 -6.0902645995e-02  2.6407052648e-01  8.7234495772e-01 -1.3462785168e+00  4.9902667064e+00 -9.3357429096e-01 -1.2975186163e+00  9.8964633031e-01  8.6381276917e-01  1.2752884190e+00  6.4718837523e+00 -3.8960634727e-02  3.2016794966e+00  2.0173388641e+00 -5.5538633404e-01  3.3245911280e+00  4.5425257962e+00 -5.0526521495e-01 -8.5282562910e-01  2.3752996633e+00 -1.5954572366e+00 -1.0043231134e+00 -2.1016719194e+00 -1.2375276530e+00  7.1286626746e-01 -2.2406992491e+00 -8.7926456207e-01  7.6489408779e-01 -3.2959461483e-01 -2.3677839643e+00 -8.0231927934e-01  2.4104448205e-01 -1.7782524958e+00 -1.4449142598e+00 -1.3779176027e+00  1.0049125585e+00  2.1534230137e-01 -1.8413132733e+00  1.3697806130e+00  1.7998411476e+00  1.4341627361e-01 -1.7108736289e-01  4.8133453869e-01  4.7048473755e-01  1.8041925733e+00 -1.6513843096e+00  5.3918301233e+00  3.8931488278e-02 -1.2170240802e+00  5.8468440781e+00 -1.6033541165e+00 -2.1578053702e+00  4.3635073556e+00 -1.3116520831e+00 -1.0871084627e+00  1.9377920897e+00  8.9019652682e-01
ENERGY -1.001763822019e+03

JOB 1
COORDS  2.2611000515e+00  2.6423320565e+00 -5.6394911915e-01  2.3480486015e+00  4.0427026037e+00 -5.0195837814e-01 -1.2017142695e-02  2.8624531477e+00 -1.1682219896e+00  9.8368347964e-01  2.0557779203e+00 -5.7995429113e-01 -7.6066775326e-02  4.2260270862e+00 -8.2944549680e-01  1.1725508065e+00  4.8033274565e+00 -5.1316389598e-01 -1.5213796825e-01 -1.5980404830e+00 -8.3114326057e-01  8.9670683555e-02 -2.2802964478e-01 -1.4928772459e+00 -3.4513368188e-01 -1.2941957118e+00  6.8178290956e-01  8.1136297063e-01  5.7073744658e-01 -3.9194077819e-01 -2.0761406615e-03  1.9454095598e-01  8.7920502019e-01 -1.3259105439e+00  5.0428184625e+00 -1.0224601399e+00 -1.2411250831e+00  9.1161962428e-01  9.5653828673e-01  1.2802352398e+00  6.5306036352e+00 -1.8325268454e-01  3.1495440229e+00  2.0371280059e+00 -3.9954487491e-01  3.3074553730e+00  4.5377624928e+00 -3.8870820269e-01 -9.3963970474e-01  2.3865751030e+00 -1.4816488342e+00 -1.0088983364e+00 -2.1217688321e+00 -1.2639738038e+00  7.2349917031e-01 -2.2396528263e+00 -9.7839811436e-01  6.7633387697e-01 -2.8727194256e-01 -2.4143181314e+00 -8.6719392327e-01  2.4397137910e-01 -1.7329594815e+00 -1.3739657719e+00 -1.4573289316e+00  1.0110972725e+00  2.9984795617e-01 -1.9250394478e+00  1.3002995529e+00  1.8076736025e+00  1.2848043704e-01 -2.5377709228e-01  5.8448776211e-01  3.7371149317e-01  1.7897374053e+00 -1.6226870981e+00  5.5203157240e+00 -8.2416085128e-02 -1.1773219651e+00  5.8455142110e+00 -1.7521890720e+00 -2.1516701973e+00  4.4107129245e+00 -1.3580859613e+00 -1.0340124920e+00  1.8602269113e+00  9.9554222570e-01
ENERGY -1.001788252457e+03

JOB 2
COORDS  2.2276134602e+00  2.6545979628e+00 -4.4310069434e-01  2.3259497162e+00  4.0506097442e+00 -4.1059285538e-01 -6.5159106235e-02  2.8647451322e+00 -1.0759668791e+00  9.6582918300e-01  2.0541146855e+00 -5.6939462877e-01 -7.2912098931e-02  4.2523468749e+00 -8.6257104887e-01  1.1700585542e+00  4.8258592545e+00 -5.3750275019e-01 -1.6581313767e-01 -1.5991456497e+00 -8.5530524077e-01  4.2819143834e-02 -2.1217987121e-01 -1.4929265942e+00 -2.8628550328e-01 -1.3348180845e+00  6.7267337371e-01  8.0994704173e-01  5.6288599669e-01 -4.0668085039e-01  5.9355286446e-02  1.5020311363e-01  8.9114483564e-01 -1.3029377530e+00  5.0835830875e+00 -1.1183146855e+00 -1.1772984266e+00  8.5836802301e-01  1.0458076242e+00  1.2994857073e+00  6.5703814351e+00 -3.2358353246e-01  3.1082103078e+00  2.0510489014e+00 -2.3684720411e-01  3.2835302164e+00  4.5363692904e+00 -2.5059244803e-01 -1.0019356196e+00  2.4014376244e+00 -1.3745152946e+00 -1.0425623997e+00 -2.1127085994e+00 -1.2593251803e+00  7.0147818445e-01 -2.2359203726e+00 -1.0611234402e+00  5.8762833767e-01 -2.4748357412e-01 -2.4409463461e+00 -9.2518276207e-01  2.6141290576e-01 -1.6794523684e+00 -1.2970096612e+00 -1.5128547942e+00  1.0472250807e+00  3.9118007179e-01 -1.9770821332e+00  1.2428670841e+00  1.8137097880e+00  1.2368927792e-01 -3.2721826988e-01  6.8853136258e-01  3.0971876961e-01  1.7767056456e+00 -1.5940738319e+00  5.6342681685e+00 -2.1751257652e-01 -1.1296631853e+00  5.8277830845e+00 -1.9024892648e+00 -2.1417437039e+00  4.4502435138e+00 -1.4171249747e+00 -9.7197789994e-01  1.8066031108e+00  1.1012959878e+00
ENERGY -1.001803727507e+03

JOB 3
COORDS  2.1844589467e+00  2.6632428236e+00 -3.3914394997e-01  2.3031031210e+00  4.0546399409e+00 -3.4270590709e-01 -1.2375351649e-01  2.8713718415e+00 -9.6247510353e-01  9.3900708051e-01  2.0529396238e+00 -5.4600839589e-01 -7.2736728180e-02  4.2710800534e+00 -8.7931943189e-01  1.1723431334e+00  4.8406564456e+00 -5.6861545894e-01 -1.7727232178e-01 -1.5966439752e+00 -9.0706349872e-01  2.1016244783e-04 -1.8804042411e-01 -1.5044940771e+00 -2.6144544250e-01 -1.3818109115e+00  6.3100272698e-01  7.9404061580e-01  5.5677824583e-01 -4.1667364345e-01  8.7444997985e-02  9.6389895139e-02  8.8961598133e-01 -1.2849711212e+00  5.1133200875e+00 -1.1854677777e+00 -1.1445919293e+00  7.9388236782e-01  1.1130636103e+00  1.3363693248e+00  6.5931560885e+00 -4.8209394096e-01  3.0568937800e+00  2.0554404542e+00 -1.1093565988e-01  3.2606775777e+00  4.5300500110e+00 -1.5410506391e-01 -1.0726543990e+00  2.4149474886e+00 -1.2286645598e+00 -1.0580254915e+00 -2.1080688683e+00 -1.3050544127e+00  6.9192604774e-01 -2.2158043681e+00 -1.1546491472e+00  5.1497677528e-01 -1.8724700445e-01 -2.4698211347e+00 -9.7677121893e-01  2.8326033923e-01 -1.6451489254e+00 -1.2629921927e+00 -1.5735178845e+00  1.0230434721e+00  4.2952468675e-01 -2.0413387959e+00  1.1640701040e+00  1.8019626149e+00  1.2139244793e-01 -3.8214954840e-01  7.4647265283e-01  2.2698370393e-01  1.7581434880e+00 -1.5540499838e+00  5.7401331954e+00 -3.2877849305e-01 -1.0990003561e+00  5.7891752706e+00 -2.0266065470e+00 -2.1422056001e+00  4.4818991498e+00 -1.4310304711e+00 -9.3861582386e-01  1.7395129675e+00  1.2017416608e+00
ENERGY -1.001812281094e+03

JOB 4
COORDS  2.1456943332e+00  2.6685947434e+00 -2.2025789472e-01  2.2756920276e+00  4.0572470153e+00 -2.4926796677e-01 -1.6023524506e-01  2.8748672815e+00 -8.6637054473e-01  9.2486850149e-01  2.0507984612e+00 -5.2819184490e-01 -6.7793571302e-02  4.2743387338e+00 -9.0656989028e-01  1.1743666540e+00  4.8432301648e+00 -5.8874881791e-01 -1.9569594327e-01 -1.5924502876e+00 -9.3548228462e-01 -5.2023891231e-02 -1.6674167621e-01 -1.5006334671e+00 -2.0636625977e-01 -1.4215146348e+00  6.1034198098e-01  7.9150059747e-01  5.5043352164e-01 -4.3249485310e-01  1.5219118515e-01  4.9764314836e-02  8.9360561097e-01 -1.2608578295e+00  5.1177381505e+00 -1.2795768138e+00 -1.0681641706e+00  7.3673943082e-01  1.1975573442e+00  1.3698228520e+00  6.5942377152e+00 -6.1982876429e-01  3.0079057339e+00  2.0600827632e+00  4.3056555094e-02  3.2238289895e+00  4.5303843550e+00 -1.3251339129e-02 -1.1146839627e+00  2.4214465402e+00 -1.1163530729e+00 -1.0929061497e+00 -2.0965693433e+00 -1.3049904213e+00  6.6257006226e-01 -2.2003824277e+00 -1.2420186898e+00  4.1424608797e-01 -1.3724690518e-01 -2.4898842609e+00 -1.0364168998e+00  3.0340792456e-01 -1.5801638786e+00 -1.1877120963e+00 -1.6272935738e+00  1.0441153724e+00  5.1037624707e-01 -2.0938142254e+00  1.0908608099e+00  1.8018508263e+00  1.2025021933e-01 -4.6161611941e-01  8.5376814550e-01  1.5830479940e-01  1.7314038642e+00 -1.5196634732e+00  5.8155951410e+00 -4.7646892476e-01 -1.0552947802e+00  5.7211813661e+00 -2.1699014136e+00 -2.1305616137e+00  4.4885335330e+00 -1.4832000159e+00 -8.5995678289e-01  1.6804249506e+00  1.3015442811e+00
ENERGY -1.001815024187e+03

JOB 5
COORDS  2.0732686715e+00  2.6799800919e+00 -1.1746296613e-01  2.2143528782e+00  4.0669098762e+00 -1.8809666408e-01 -2.3166637200e-01  2.8937476840e+00 -7.5257006009e-01  8.7284121168e-01  2.0639504194e+00 -5.0253063237e-01 -1.0527793665e-01  4.2798689226e+00 -9.3293417313e-01  1.1432108285e+00  4.8451011308e+00 -6.3073295751e-01 -2.4742325981e-01 -1.5722105797e+00 -9.5420795072e-01 -1.3928267712e-01 -1.3083310611e-01 -1.4848268256e+00 -2.1161189314e-01 -1.4404488372e+00  5.9474741020e-01  7.4474973998e-01  5.6119152147e-01 -4.3337709807e-01  1.6414330814e-01  2.1794049120e-02  9.0482933599e-01 -1.2809364550e+00  5.1185480567e+00 -1.3648786125e+00 -1.0382442711e+00  7.0096150710e-01  1.2867364013e+00  1.3814168490e+00  6.5831231125e+00 -7.9777708357e-01  2.9274135733e+00  2.0725031851e+00  1.7308623950e-01  3.1537108557e+00  4.5432623691e+00  7.5089281673e-02 -1.1951668533e+00  2.4420908503e+00 -9.7020870592e-01 -1.1483989816e+00 -2.0801379001e+00 -1.3091128501e+00  6.0975928999e-01 -2.1589554328e+00 -1.3025967532e+00  2.8218105317e-01 -6.9613599347e-02 -2.4925878013e+00 -1.1295530740e+00  3.3348203234e-01 -1.5071038487e+00 -1.1820359632e+00 -1.6500844839e+00  1.0507144120e+00  5.1288468665e-01 -2.1299745740e+00  1.0377009459e+00  1.7544423238e+00  1.3621393103e-01 -5.1656857119e-01  9.0422660085e-01  1.0426973015e-01  1.7119838119e+00 -1.5124161911e+00  5.8933307127e+00 -6.2675117543e-01 -1.0686199493e+00  5.6325135374e+00 -2.3083411110e+00 -2.1683045342e+00  4.4968494655e+00 -1.5056930360e+00 -8.2233664960e-01  1.6408580352e+00  1.4088563333e+00
ENERGY -1.001812315417e+03

JOB 6
COORDS  2.0335264113e+00  2.6791851436e+00  1.0346961699e-02  2.1816449800e+00  4.0656684561e+00 -1.0094505854e-01 -2.5803020507e-01  2.9051198805e+00 -6.2549130393e-01  8.5965002590e-01  2.0694717728e+00 -4.6230211371e-01 -1.0982083524e-01  4.2649996400e+00 -9.4431020961e-01  1.1440609962e+00  4.8273640219e+00 -6.4744774130e-01 -2.7022712985e-01 -1.5552593221e+00 -9.6882192807e-01 -1.8429885677e-01 -9.9880845775e-02 -1.4628968165e+00 -1.9277948072e-01 -1.4639190119e+00  5.8113506630e-01  7.3463518116e-01  5.6495296694e-01 -4.2430158750e-01  2.0482961392e-01 -1.3261040121e-02  9.1953658677e-01 -1.2689448875e+00  5.0912449549e+00 -1.4362958698e+00 -9.7536004967e-01  6.6014187988e-01  1.3729627414e+00  1.4259264766e+00  6.5423651088e+00 -9.3905961534e-01  2.8797733822e+00  2.0747312810e+00  3.2880887425e-01  3.1071871845e+00  4.5512288597e+00  1.9264499324e-01 -1.2283431943e+00  2.4530827305e+00 -8.1455024304e-01 -1.1775843340e+00 -2.0596243886e+00 -1.3124552126e+00  5.8068915255e-01 -2.1267815903e+00 -1.3559140512e+00  2.0073555253e-01 -9.9623749388e-03 -2.4830552987e+00 -1.1756394718e+00  3.6224105710e-01 -1.4373305505e+00 -1.1538374831e+00 -1.6752921400e+00  1.0558091920e+00  5.3482639939e-01 -2.1721576651e+00  9.8791240263e-01  1.7421813290e+00  1.4682950235e-01 -5.5614534163e-01  9.7865697553e-01  4.0707091862e-02  1.6969410275e+00 -1.4785279063e+00  5.9315129470e+00 -7.6651854099e-01 -1.0493527101e+00  5.5172791739e+00 -2.4211299790e+00 -2.1701277702e+00  4.4794868924e+00 -1.5228172723e+00 -7.4657307269e-01  1.5936062739e+00  1.5192640399e+00
ENERGY -1.001803777102e+03

JOB 7
COORDS  1.9990695987e+00  2.6956409454e+00  1.2192615480e-01  2.1565094242e+00  4.0821647723e+00 -2.2764150516e-02 -2.6518837201e-01  2.9362076168e+00 -5.1420038282e-01  8.6051906059e-01  2.0924422316e+00 -4.4666640020e-01 -1.0021549724e-01  4.2578737870e+00 -9.6908745159e-01  1.1576167033e+00  4.8208362305e+00 -6.7146303058e-01 -3.0134292877e-01 -1.5135866254e+00 -1.0113036721e+00 -2.2717540769e-01 -4.4415773189e-02 -1.4651840171e+00 -1.5622339326e-01 -1.4706594236e+00  5.3586843347e-01  7.3326209853e-01  5.8768394564e-01 -4.4420547381e-01  2.6018529725e-01 -3.2433791901e-02  9.0314896361e-01 -1.2443972115e+00  5.0640571382e+00 -1.5217047780e+00 -8.9540703564e-01  6.2772797342e-01  1.4310283940e+00  1.4838413458e+00  6.5041038998e+00 -1.0769315448e+00  2.8319889109e+00  2.0911318897e+00  4.7449097922e-01  3.0645800802e+00  4.5785678111e+00  3.0506060969e-01 -1.2380679675e+00  2.4764908800e+00 -6.7992271680e-01 -1.2270295908e+00 -2.0009652377e+00 -1.3296075346e+00  5.2683290960e-01 -2.0789576372e+00 -1.4527342187e+00  1.1945710423e-01  7.3107516578e-02 -2.4962952110e+00 -1.2145914462e+00  4.2060745119e-01 -1.3898047224e+00 -1.0960015642e+00 -1.6963440660e+00  1.0452617498e+00  5.8695884618e-01 -2.1918813260e+00  8.8798741664e-01  1.7352611911e+00  1.7597337399e-01 -6.2997256533e-01  1.0686998908e+00 -5.3969924907e-03  1.6458695567e+00 -1.4393891626e+00  5.9585515319e+00 -9.2122797953e-01 -1.0154552627e+00  5.4064850638e+00 -2.5367003742e+00 -2.1553306121e+00  4.4621264263e+00 -1.5639682551e+00 -6.5347572756e-01  1.5524271580e+00  1.6088155523e+00
ENERGY -1.001788226417e+03

JOB 8
COORDS  1.9788021973e+00  2.6923016509e+00  2.4552876251e-01  2.1373909601e+00  4.0815277251e+00  3.7910861050e-02 -2.5357674124e-01  2.9586281951e+00 -3.8185333201e-01  8.7572942088e-01  2.1076465804e+00 -4.0941779873e-01 -9.8806313087e-02  4.2179302905e+00 -9.9221414478e-01  1.1719917141e+00  4.7831607002e+00 -7.0648370959e-01 -3.2067951657e-01 -1.4734222148e+00 -1.0516488867e+00 -2.5429828588e-01  9.4625674489e-03 -1.4588953470e+00 -1.3966543888e-01 -1.4806150887e+00  4.9192548259e-01  7.3711547853e-01  6.0435377495e-01 -4.4529510175e-01  3.0321111146e-01 -5.9646407392e-02  8.9559345161e-01 -1.2357567035e+00  4.9949428438e+00 -1.5919519019e+00 -8.2524318321e-01  5.9058649942e-01  1.4890553061e+00  1.5424172612e+00  6.4224568610e+00 -1.2366368116e+00  2.8067630028e+00  2.0958849157e+00  6.2254627278e-01  3.0302079378e+00  4.5994207794e+00  3.7425337565e-01 -1.2279244536e+00  2.4827733268e+00 -5.0342247034e-01 -1.2541926548e+00 -1.9496673382e+00 -1.3639375058e+00  4.9636302408e-01 -2.0246395922e+00 -1.5302277299e+00  6.2894375068e-02  1.5964472329e-01 -2.4952597565e+00 -1.2371672113e+00  4.7525755235e-01 -1.3400444920e+00 -1.0708422315e+00 -1.7101543982e+00  1.0152283446e+00  6.0134838488e-01 -2.2219060424e+00  8.0462048572e-01  1.7322740838e+00  1.9622722000e-01 -6.7287894648e-01  1.1380992028e+00 -6.6441462940e-02  1.6088928161e+00 -1.4035489203e+00  5.9432511632e+00 -1.0710523946e+00 -1.0158410501e+00  5.2404467087e+00 -2.6367400709e+00 -2.1572215023e+00  4.4079967008e+00 -1.5687140295e+00 -5.6267924938e-01  1.5011846332e+00  1.7062829287e+00
ENERGY -1.001763623357e+03

