JOB 0
COORDS -6.5025289644e-01 -4.9188845122e+00 -4.5443251186e+00 -9.7571691732e-01 -3.9091993881e+00 -3.5887987328e+00  6.5508088444e-01 -5.3307127673e+00 -4.4601540711e+00 -5.2908951426e-01 -1.3603618965e+00 -1.5478479750e+00  1.3294668489e-01 -2.5791238773e+00 -1.7136964764e+00  8.8462310815e-02 -3.5581870783e+00 -2.7841841324e+00 -5.4281043152e-02 -8.4918875230e-01 -3.0397544889e-01 -1.8911275981e+00  6.5143071087e-01 -2.3179165766e+00 -4.1371904210e-01  4.2343531498e-01  4.0424519639e-01 -1.5710796227e+00 -8.1780841995e-01 -2.4933579298e+00  8.4328284982e-01 -1.6779896582e+00  2.4415938573e-01  9.5175628400e-01 -2.7058571638e+00 -6.2564629474e-01 -2.9389653222e+00  1.0988086117e+00 -1.8971588277e+00 -8.6519409774e-01  1.4506490122e+00 -2.7157113604e+00  1.5167269917e+00 -4.4735249229e+00 -3.2248947879e+00 -1.3580327613e+00 -5.3285775051e+00 -5.2573648387e+00 -1.9664464610e+00 -3.4840274112e+00 -3.4760130097e+00  1.1636359862e+00 -6.0801160408e+00 -5.0530340631e+00 -1.4962910835e+00  5.2980310664e-01  5.1961422203e-01  4.4752413653e-02  4.2358964796e-01  1.3954407046e+00 -4.9222729945e-02  1.2989877552e+00 -1.4253921143e-01 -2.5211333967e+00 -1.3444658208e+00 -2.3669599671e+00 -1.2373785716e+00 -9.7174384315e-01 -3.5258985784e+00  1.5218319131e+00 -3.5042353921e+00 -3.7885333042e-01 -1.1643116868e+00  2.3693863518e+00 -2.5729060951e+00
ENERGY -1.045315895117e+03

JOB 1
COORDS -6.8540605278e-01 -4.9447687081e+00 -4.5304976418e+00 -1.0043930845e+00 -3.9840696384e+00 -3.5234613182e+00  6.5069696078e-01 -5.2522446405e+00 -4.5674436461e+00 -5.4875049272e-01 -1.4158241588e+00 -1.5016171590e+00  1.5005060244e-01 -2.6037624117e+00 -1.7173368540e+00  9.5150726107e-02 -3.5649861809e+00 -2.8040476016e+00 -5.6504179778e-02 -9.1820273064e-01 -2.5979876173e-01 -1.7313530115e+00  6.5521071746e-01 -2.3942020797e+00 -4.4628344687e-01  3.3204689383e-01  4.6994214672e-01 -1.6263738112e+00 -8.5657332523e-01 -2.3900837636e+00  8.8432780761e-01 -1.7254900104e+00  2.4364125591e-01  1.0050838044e+00 -2.7273578999e+00 -6.5633317122e-01 -2.7278890863e+00  1.2916698472e+00 -2.1153218122e+00 -5.7339979001e-01  1.2501848462e+00 -2.7857181167e+00  1.5465801737e+00 -4.3543122460e+00 -3.3866702048e+00 -1.4179937579e+00 -5.3963736824e+00 -5.1912523376e+00 -2.0114568050e+00 -3.6428755674e+00 -3.3102939534e+00  1.1624459437e+00 -5.9480514927e+00 -5.2199712899e+00 -1.5331023611e+00  4.2437656452e-01  5.5784106871e-01 -1.3668133818e-02  3.1931002467e-01  1.4726767723e+00 -8.0241672288e-02  1.2240859401e+00 -4.9439722169e-02 -2.6152633393e+00 -1.2276554357e+00 -2.1060484286e+00 -1.4384286027e+00 -1.1725035809e+00 -3.4227955909e+00  1.6038915765e+00 -3.5142991338e+00 -4.4330581273e-01 -7.4592465127e-01  2.2113491847e+00 -2.7773410585e+00
ENERGY -1.045317157661e+03

JOB 2
COORDS -7.0681213093e-01 -4.9175464191e+00 -4.5226037437e+00 -1.0318317248e+00 -4.0091057576e+00 -3.4698610187e+00  6.4453316964e-01 -5.1069730568e+00 -4.6620106722e+00 -6.1301204367e-01 -1.4187425392e+00 -1.4480632672e+00  1.2950726635e-01 -2.5671908384e+00 -1.7166909179e+00  7.7566852564e-02 -3.5103141367e+00 -2.8204652206e+00 -9.4889001614e-02 -9.2286255058e-01 -2.1686682624e-01 -1.6321443356e+00  6.6560344749e-01 -2.4781269533e+00 -5.1502728608e-01  3.0455488988e-01  5.3293527150e-01 -1.7144794584e+00 -8.3754671263e-01 -2.2873893915e+00  8.9515071276e-01 -1.6979909895e+00  2.3819363268e-01  1.0257291325e+00 -2.6759776759e+00 -6.8780954460e-01 -2.5374341765e+00  1.4495275481e+00 -2.2723980031e+00 -4.1787639248e-01  1.0607399307e+00 -2.9430890142e+00  1.5442345168e+00 -4.1588897698e+00 -3.5244229933e+00 -1.4444366410e+00 -5.4182801554e+00 -5.1409930296e+00 -2.0455442806e+00 -3.7610739636e+00 -3.1740793660e+00  1.1644899863e+00 -5.7434747388e+00 -5.3665789005e+00 -1.6013587776e+00  3.4180768668e-01  6.6277148955e-01 -4.2526078968e-02  3.1623823430e-01  1.5175171850e+00 -2.1919922392e-01  1.2155929137e+00  9.8541101333e-04 -2.7030531358e+00 -1.0397056163e+00 -1.8657390657e+00 -1.6826394767e+00 -1.2873571328e+00 -3.2860741764e+00  1.6608145843e+00 -3.4432743901e+00 -5.1133062258e-01 -4.7190512731e-01  2.0293604411e+00 -3.0548401881e+00
ENERGY -1.045317882970e+03

JOB 3
COORDS -7.3960238247e-01 -4.8240445217e+00 -4.6400079117e+00 -1.0697503316e+00 -4.0318791089e+00 -3.4986274018e+00  6.0875910739e-01 -4.8572133754e+00 -4.8905143785e+00 -7.0911128695e-01 -1.5119993672e+00 -1.3491252685e+00  7.5246837645e-02 -2.6000975109e+00 -1.7263520151e+00  3.1618175303e-02 -3.4638966086e+00 -2.8952891626e+00 -1.7081055367e-01 -1.0805051722e+00 -1.0187654990e-01 -1.5791439711e+00  5.7522547394e-01 -2.4409059127e+00 -6.2136492859e-01  7.0501788060e-02  7.4546231487e-01 -1.8367934916e+00 -8.8633320118e-01 -2.1204080760e+00  8.6667018735e-01 -1.8404887427e+00  2.6446571552e-01  1.0093996294e+00 -2.7406564903e+00 -7.3630387835e-01 -2.2205919542e+00  1.5163345817e+00 -2.0169772349e+00 -5.2070844881e-01  7.3156797748e-01 -3.2786350766e+00  1.4955273815e+00 -3.9004704018e+00 -3.7505883657e+00 -1.4696050578e+00 -5.3564744739e+00 -5.2407206871e+00 -2.0762750650e+00 -3.9130407181e+00 -3.1115072972e+00  1.1323744784e+00 -5.3835072715e+00 -5.6784291833e+00 -1.7054073790e+00  5.1981051252e-02  8.9645557938e-01 -1.2746252191e-01  2.9547791753e-02  1.7187497622e+00 -3.8210472903e-01  1.0311131246e+00  2.7671710567e-01 -2.7782614595e+00 -9.2553487004e-01 -1.5662888649e+00 -1.9712831899e+00 -1.4172068986e+00 -3.0671724679e+00  1.6792941269e+00 -3.4919041565e+00 -6.3497188941e-01 -4.2227618593e-01  1.6927439135e+00 -3.4196922404e+00
ENERGY -1.045318063408e+03

JOB 4
COORDS -6.9040360737e-01 -4.7491801969e+00 -4.5939295817e+00 -1.0352098240e+00 -4.0002768334e+00 -3.4279877271e+00  6.5210925927e-01 -4.7069808255e+00 -4.8734077895e+00 -7.2907031713e-01 -1.4846621635e+00 -1.2448277319e+00  7.5136993695e-02 -2.5493434854e+00 -1.6473854508e+00  4.8207450654e-02 -3.3903636274e+00 -2.8345680007e+00 -1.9561689398e-01 -1.0674571487e+00  1.0036611578e-02 -1.4039880954e+00  5.0935285774e-01 -2.5597324315e+00 -6.7593061935e-01  4.7417542813e-02  8.8837858907e-01 -1.8483990523e+00 -8.3641524147e-01 -2.0144801948e+00  8.5504901016e-01 -1.8176647213e+00  3.5913834004e-01  1.0116016681e+00 -2.6943779390e+00 -6.6077265691e-01 -1.6299039628e+00  1.5900558718e+00 -2.0509454157e+00 -6.7623935427e-01  3.7605121389e-01 -3.6994546302e+00  1.5129873329e+00 -3.7314381405e+00 -3.7300244445e+00 -1.4052415735e+00 -5.3053517549e+00 -5.1913696407e+00 -2.0382243430e+00 -3.9399302540e+00 -3.0187283743e+00  1.1843576239e+00 -5.1885823098e+00 -5.6838200376e+00 -1.7297259828e+00 -9.0006149446e-02  1.1560487080e+00 -8.4557509067e-02  7.5707177312e-02  1.8060580325e+00 -5.9894157524e-01  1.0149942166e+00  3.8348495083e-01 -2.7141108493e+00 -6.5650802371e-01 -1.3726625219e+00 -2.1495842160e+00 -1.4705839998e+00 -2.8503649096e+00  1.6980752091e+00 -3.4329895004e+00 -5.7897274033e-01 -3.9329141692e-01  1.2759629728e+00 -3.9520094788e+00
ENERGY -1.045318316614e+03

JOB 5
COORDS -5.6906418062e-01 -4.5888232423e+00 -4.6122191111e+00 -9.5401356061e-01 -3.9095752332e+00 -3.4167746769e+00  7.7546194223e-01 -4.4922798405e+00 -4.8675820771e+00 -7.5965949706e-01 -1.4932776745e+00 -1.1132522108e+00  8.5140644181e-02 -2.5114435555e+00 -1.5525731952e+00  1.0079262987e-01 -3.2988679051e+00 -2.7760289500e+00 -2.4048540608e-01 -1.0980677423e+00  1.5367822826e-01 -1.3201401204e+00  3.8447528290e-01 -2.6154978617e+00 -7.4985385723e-01 -1.1989231154e-02  1.0512941113e+00 -1.8715571857e+00 -8.1970703744e-01 -1.8730524432e+00  8.3182041322e-01 -1.8255744102e+00  4.8357592139e-01  1.0199552061e+00 -2.6617478753e+00 -5.6526529711e-01 -1.2867167443e+00  1.5223479793e+00 -2.1891226747e+00 -8.1372728073e-01  4.1357744108e-02 -3.8288014607e+00  1.5888333292e+00 -3.5507874887e+00 -3.6624873938e+00 -1.2577221616e+00 -5.1347799175e+00 -5.2485913663e+00 -1.9657276075e+00 -3.8952461874e+00 -3.0253644684e+00  1.3342520973e+00 -4.9165857140e+00 -5.6920126536e+00 -1.7836847913e+00 -2.0605078239e-01  1.3598308636e+00 -1.2856927746e-01  5.0716258923e-02  1.9472028069e+00 -7.3789664963e-01  9.5609210923e-01  5.4076907266e-01 -2.6407408242e+00 -4.5862601085e-01 -1.1875652187e+00 -2.3273624293e+00 -1.5034592076e+00 -2.5909660790e+00  1.7317530707e+00 -3.3783705004e+00 -5.0720167734e-01 -4.3008967002e-01  8.5598206590e-01 -4.2071309422e+00
ENERGY -1.045318100275e+03

JOB 6
COORDS -3.0116380546e-01 -4.3943222306e+00 -4.6254731232e+00 -7.8634234361e-01 -3.6939060190e+00 -3.4801046811e+00  1.0678788743e+00 -4.4777249505e+00 -4.6565315105e+00 -7.3600340762e-01 -1.4541437659e+00 -1.0306870833e+00  1.1002489408e-01 -2.4949970983e+00 -1.4109563741e+00  2.1906060539e-01 -3.2466898509e+00 -2.6499194163e+00 -3.1012807911e-01 -1.0895987609e+00  2.7586268920e-01 -1.2119721708e+00  1.7342354276e-01 -2.8994142671e+00 -8.4814422837e-01  6.1531539288e-03  1.1450880951e+00 -1.7824755016e+00 -7.8129641883e-01 -1.8604812879e+00  7.1029721953e-01 -1.8517302526e+00  6.8520768388e-01  9.5638251616e-01 -2.6836903777e+00 -3.5356565722e-01 -7.7194840478e-02  5.9528504177e-01 -2.9495806415e+00 -2.1708342617e+00  5.4076385737e-01 -3.7968059393e+00  1.7871048519e+00 -3.6781201973e+00 -3.2988236368e+00 -9.4105192701e-01 -4.8263398058e+00 -5.3878385502e+00 -1.8389775499e+00 -3.5537804485e+00 -3.2603944084e+00  1.6954515303e+00 -4.9532594790e+00 -5.3994069522e+00 -1.9221882178e+00 -1.1434947202e-01  1.3263686656e+00 -3.3416878174e-01 -8.3468337649e-05  2.1086375801e+00 -6.9740555133e-01  9.8735467674e-01  6.8116823913e-01 -2.4465549921e+00 -1.8420763487e-01 -1.2249632370e+00 -2.4353494476e+00 -1.4870360609e+00 -2.3794927956e+00  1.6489188213e+00 -3.4137605212e+00 -2.4946148300e-01 -1.7414960569e+00  1.1663049824e+00 -4.4118276243e+00
ENERGY -1.045317741007e+03

JOB 7
COORDS -4.4114241809e-01 -4.1251084543e+00 -4.7548989084e+00 -8.7587957014e-01 -3.4224872110e+00 -3.5912419809e+00  9.0113674768e-01 -4.4068247348e+00 -4.7363588738e+00 -7.3474550170e-01 -1.4265976827e+00 -9.9172990447e-01  7.7815451649e-02 -2.4751768579e+00 -1.4245199461e+00  1.4216647522e-01 -3.1739092192e+00 -2.6944793253e+00 -2.8756040603e-01 -1.1294533512e+00  3.2396771401e-01 -1.2993409728e+00 -6.2574055901e-02 -3.0403445469e+00 -7.9435829330e-01 -6.7405048147e-02  1.2524110351e+00 -1.8071626909e+00 -7.3036822655e-01 -1.7702669806e+00  7.1882941872e-01 -1.9327885767e+00  6.8833424618e-01  9.2925758778e-01 -2.7296263704e+00 -3.8538325059e-01 -1.9256647969e-01  3.9784717240e-01 -3.2158992319e+00 -2.2778130958e+00  5.0611151553e-04 -3.9879745491e+00  1.6614978746e+00 -3.7941468505e+00 -3.3052714552e+00 -1.0987191656e+00 -4.4157396563e+00 -5.5675368115e+00 -1.9055804287e+00 -3.1338353207e+00 -3.4143436726e+00  1.4899217028e+00 -4.9279815685e+00 -5.4802840248e+00 -1.8585373677e+00 -2.0232650671e-01  1.4762899654e+00 -2.3878611393e-01 -1.0391328085e-01  2.1918880351e+00 -6.6990825732e-01  9.3120042458e-01  8.1877697368e-01 -2.2406728850e+00  7.2138170519e-02 -1.1622000019e+00 -2.6405554691e+00 -1.3885193114e+00 -2.0305441996e+00  1.6143196003e+00 -3.4712537810e+00 -3.2236534830e-01 -1.8856370148e+00  4.6850116666e-01 -4.7504922938e+00
ENERGY -1.045318168809e+03

JOB 8
COORDS -4.5315166654e-01 -4.0852050556e+00 -4.7458253582e+00 -8.8870481597e-01 -3.4319978977e+00 -3.5539203974e+00  9.0644949418e-01 -4.2656686559e+00 -4.7862012402e+00 -7.3271558938e-01 -1.3819089020e+00 -9.8942459475e-01  7.5489435012e-02 -2.4329347654e+00 -1.4215259405e+00  1.4626756157e-01 -3.1185677217e+00 -2.6988981895e+00 -3.2475810299e-01 -1.1291799592e+00  3.4947132965e-01 -1.2525442769e+00 -2.1436879053e-01 -3.1718579328e+00 -8.4380119222e-01 -8.3113033161e-02  1.2891278246e+00 -1.7452805662e+00 -6.1872217413e-01 -1.7898476191e+00  6.5276879140e-01 -1.9619081235e+00  7.2579978078e-01  8.8663273234e-01 -2.7319044678e+00 -3.6245906416e-01 -1.3659488219e-01  1.6777526129e-01 -3.4492783422e+00 -2.2512495052e+00 -2.8712978170e-01 -4.0966894553e+00  1.6794657532e+00 -3.6154341716e+00 -3.3790393595e+00 -1.1209606130e+00 -4.4169169904e+00 -5.5340456482e+00 -1.9273099996e+00 -3.2208357806e+00 -3.3244614462e+00  1.4992740122e+00 -4.7358980415e+00 -5.5603691448e+00 -1.9169351257e+00 -2.0499878996e-01  1.4736405713e+00 -3.1984113380e-01 -1.5334846341e-01  2.2447316436e+00 -6.8939101375e-01  9.2495293162e-01  8.8744168103e-01 -1.9899646642e+00  3.1537185783e-01 -1.2712208227e+00 -2.6891834773e+00 -1.1608380160e+00 -1.9016127486e+00  1.5513982221e+00 -3.4916353873e+00 -2.9786948336e-01 -1.8591160100e+00  1.4135103203e-02 -4.9392156913e+00
ENERGY -1.045318002879e+03

JOB 9
COORDS -4.6710608686e-01 -4.0783574911e+00 -4.7389395131e+00 -9.0980818764e-01 -3.4754700158e+00 -3.5230339276e+00  9.0091895169e-01 -4.1354486164e+00 -4.8343621531e+00 -7.3737647507e-01 -1.3393377788e+00 -9.8316663619e-01  4.3514970035e-02 -2.4078490545e+00 -1.4204332035e+00  1.2756019765e-01 -3.0757942419e+00 -2.7092439351e+00 -3.7786555592e-01 -1.1560605732e+00  3.8234999546e-01 -1.2600578108e+00 -2.9594161464e-01 -3.2339117643e+00 -8.9132328699e-01 -1.2045345033e-01  1.3360286612e+00 -1.6679832529e+00 -4.6790354123e-01 -1.7794702962e+00  5.4600499225e-01 -2.0440577351e+00  7.6584791829e-01  7.9479239912e-01 -2.7818550571e+00 -3.4025223271e-01 -1.5937608614e-01  2.6130780107e-02 -3.6270698260e+00 -2.3060966457e+00 -5.0436285298e-01 -4.0813509415e+00  1.6695955370e+00 -3.4317824802e+00 -3.4517467213e+00 -1.1338469605e+00 -4.4650013828e+00 -5.5027414389e+00 -1.9516372132e+00 -3.3540876859e+00 -3.2469950492e+00  1.5006468098e+00 -4.5469662704e+00 -5.6363027514e+00 -1.9769111520e+00 -1.9493724041e-01  1.4642684684e+00 -4.1826794662e-01 -2.4929742649e-01  2.3118684933e+00 -6.7087594648e-01  8.9276529541e-01  9.7986149428e-01 -1.6734322918e+00  5.3840412939e-01 -1.3456875470e+00 -2.7000988656e+00 -8.3013192351e-01 -1.7447838692e+00  1.4183315055e+00 -3.5760837607e+00 -2.7945551641e-01 -1.9536241270e+00 -3.5982389260e-01 -4.9810599292e+00
ENERGY -1.045316912232e+03

JOB 10
COORDS -1.0392009270e+00 -4.3751023444e+00 -4.6698081433e+00 -3.8961431775e-01 -3.2641894135e+00 -4.0503802619e+00 -1.5855746218e+00 -5.2450402316e+00 -3.7585193727e+00 -2.4766038314e-01 -9.9209558822e-01 -1.4475452840e+00  6.3400549076e-02 -2.3234062093e+00 -1.7168970306e+00 -4.5652087407e-01 -3.2967884239e+00 -2.6764365685e+00  6.2709258319e-01 -6.1687365999e-01 -3.8603564159e-01 -1.9688458200e+00 -6.1150117551e-01 -3.2781050274e+00  7.0991074824e-01  7.1225556026e-01  3.0004398506e-01 -1.3200293194e+00 -9.2909922170e-02 -2.0125945749e+00  1.4169785948e+00 -1.6326262968e+00 -2.4446051535e-02  1.0534101622e+00 -2.6538553558e+00 -8.2953139217e-01 -1.6236759735e+00 -3.3448278250e-01 -4.4098053871e+00 -3.0091163628e+00 -1.4411891252e+00 -3.0109757193e+00 -1.3280929742e+00 -4.7134075687e+00 -2.1319478785e+00 -1.0874034226e+00 -4.5274069176e+00 -5.7430471686e+00  9.6233965501e-02 -2.4604621168e+00 -4.5917880593e+00 -2.1155069662e+00 -6.1697712367e+00 -3.9500871766e+00 -2.3808247935e-01  9.7174551666e-01  7.8557621233e-01  1.4916291572e+00  6.8909430886e-01  1.0622573494e+00  9.4244474616e-01  1.5136330721e+00 -4.1061834481e-01 -8.8823332569e-01  8.8106565679e-01 -2.2574525858e+00 -2.1001067943e+00  6.3873661759e-02 -1.2593696002e+00  1.5615113553e+00 -3.5278228557e+00 -7.9212191970e-01 -3.3147011652e+00 -1.7877110195e+00 -3.8714732265e+00
ENERGY -1.045315907047e+03

JOB 11
COORDS -1.0005616159e+00 -4.3509320838e+00 -4.6979173837e+00 -4.0104511384e-01 -3.2238665332e+00 -4.0575800744e+00 -1.4745054422e+00 -5.2791474039e+00 -3.8045918079e+00 -2.0541202682e-01 -9.8471510717e-01 -1.4853067700e+00  5.3773635736e-02 -2.3367244088e+00 -1.7041812254e+00 -4.3530045791e-01 -3.3011315294e+00 -2.6840875565e+00  5.9947006980e-01 -6.3408273713e-01 -3.6148389503e-01 -2.0243935253e+00 -6.4067791329e-01 -3.2454612448e+00  6.9177678624e-01  7.0240026088e-01  3.0862369896e-01 -1.1746642752e+00 -3.7296471791e-02 -2.1477846697e+00  1.3024066949e+00 -1.6805613796e+00  8.1422449463e-02  9.4911685223e-01 -2.6994187594e+00 -7.3202260011e-01 -1.8961642856e+00 -4.2184849949e-01 -4.4340089774e+00 -2.9859098680e+00 -1.4605445236e+00 -2.7510431736e+00 -1.2144096727e+00 -4.7814103967e+00 -2.1664622396e+00 -1.0655600624e+00 -4.4713877557e+00 -5.7742315144e+00  3.3312693226e-02 -2.3832684093e+00 -4.5863978151e+00 -1.9549847446e+00 -6.2266648980e+00 -4.0140037508e+00 -2.7844472084e-01  1.0140262872e+00  7.1341853353e-01  1.4083116746e+00  6.5732422882e-01  1.1314849179e+00  1.0166189457e+00  1.4791361736e+00 -3.9296937507e-01 -6.3881475098e-01  8.0400869898e-01 -2.5955887553e+00 -1.8501656871e+00  3.6844020106e-01 -1.3855298609e+00  1.4132848336e+00 -3.5939461178e+00 -6.4400869538e-01 -3.4409987342e+00 -1.8487805138e+00 -3.5228905038e+00
ENERGY -1.045316383737e+03

JOB 12
COORDS -9.6323981868e-01 -4.3214294158e+00 -4.7284355358e+00 -4.0636849447e-01 -3.1870212510e+00 -4.0635085843e+00 -1.3730913499e+00 -5.2995286182e+00 -3.8576806887e+00 -1.6867553118e-01 -9.8772121404e-01 -1.5226745425e+00  5.2653856391e-02 -2.3535042165e+00 -1.6952073101e+00 -4.0789710521e-01 -3.3091933235e+00 -2.6923657710e+00  5.6674679024e-01 -6.4206405208e-01 -3.5155903281e-01 -2.0840225127e+00 -6.7098389488e-01 -3.1942961601e+00  6.6263729729e-01  7.0262815693e-01  3.0201146428e-01 -1.0482381662e+00 -3.4962609374e-02 -2.2894975940e+00  1.1964657090e+00 -1.7038083044e+00  1.6075578528e-01  8.6184339582e-01 -2.7279997742e+00 -6.5531981603e-01 -2.1670046006e+00 -4.9452858336e-01 -4.3939634897e+00 -2.9580855344e+00 -1.4482711218e+00 -2.5070303534e+00 -1.1073403180e+00 -4.8402867271e+00 -2.2083091399e+00 -1.0460340002e+00 -4.4097702600e+00 -5.8065642452e+00 -1.8278614625e-02 -2.3140509551e+00 -4.5757822023e+00 -1.8125519771e+00 -6.2618668864e+00 -4.0881001232e+00 -3.2154977929e-01  1.0583323741e+00  6.2943034695e-01  1.3136397928e+00  6.4448243108e-01  1.1768831626e+00  1.0694937602e+00  1.4533672580e+00 -3.8469002929e-01 -4.5626225893e-01  6.3274286036e-01 -2.9217375816e+00 -1.5903137750e+00  5.9494644934e-01 -1.5739200179e+00  1.2871483109e+00 -3.6353634072e+00 -5.1680940783e-01 -3.5603530590e+00 -1.8358378657e+00 -3.1706149002e+00
ENERGY -1.045317210509e+03

JOB 13
COORDS -9.3559179924e-01 -4.2790007466e+00 -4.7817624683e+00 -4.2038018865e-01 -3.1417251541e+00 -4.0893725275e+00 -1.2710354832e+00 -5.3079590991e+00 -3.9388031728e+00 -1.3768910607e-01 -9.9661200163e-01 -1.5655414366e+00  5.9054120539e-02 -2.3700746380e+00 -1.7076428698e+00 -3.7651779961e-01 -3.3133774400e+00 -2.7234547152e+00  5.2340393951e-01 -6.5416395710e-01 -3.5158176904e-01 -2.1303516176e+00 -6.5559588065e-01 -3.1413675728e+00  6.1265061033e-01  6.9453621226e-01  2.9557621817e-01 -9.3147364695e-01 -5.6401139735e-02 -2.4295100724e+00  1.0902167815e+00 -1.7251439605e+00  2.1415042935e-01  7.8687034620e-01 -2.7512368884e+00 -6.1317470925e-01 -2.3863620894e+00 -4.9851572351e-01 -4.3192281465e+00 -2.9343209070e+00 -1.3599407540e+00 -2.3065253001e+00 -9.8930389976e-01 -4.8932494476e+00 -2.2797495762e+00 -1.0441764167e+00 -4.3321959006e+00 -5.8598581438e+00 -8.7669258651e-02 -2.2346311200e+00 -4.5811613422e+00 -1.6687543968e+00 -6.2822986968e+00 -4.1929647003e+00 -3.8107910157e-01  1.0822793031e+00  5.4890823928e-01  1.1965196418e+00  6.2521054869e-01  1.2158353100e+00  1.0918879802e+00  1.4255539822e+00 -3.6498997049e-01 -3.1794996424e-01  4.0802812444e-01 -3.2068209096e+00 -1.3159910445e+00  7.5830094048e-01 -1.8042454010e+00  1.1725162184e+00 -3.6681786041e+00 -4.2921146063e-01 -3.6630045142e+00 -1.7041966648e+00 -2.8576460229e+00
ENERGY -1.045318140747e+03

JOB 14
COORDS -9.1348853162e-01 -4.2880788787e+00 -4.7964939094e+00 -4.6356554670e-01 -3.1321485910e+00 -4.0905602352e+00 -1.1173481882e+00 -5.3680696573e+00 -3.9760858100e+00 -1.0961780409e-01 -1.0204974102e+00 -1.5940349437e+00  7.6220649418e-02 -2.3989227532e+00 -1.7101836302e+00 -3.3324590170e-01 -3.3416977247e+00 -2.7343358634e+00  4.8218925528e-01 -6.7182780171e-01 -3.4831225367e-01 -2.1664810696e+00 -5.9272419633e-01 -3.0549990006e+00  5.5300681221e-01  6.8182009160e-01  2.9149375573e-01 -8.2562665024e-01 -9.8661362634e-02 -2.5379445908e+00  1.0008942268e+00 -1.7436845608e+00  2.6133299345e-01  7.3409046937e-01 -2.7763919690e+00 -5.7183717553e-01 -2.5524279988e+00 -4.7140083630e-01 -4.2013866141e+00 -2.9283059540e+00 -1.1538454120e+00 -2.0837495090e+00 -7.8842172375e-01 -4.9821885401e+00 -2.3186092338e+00 -1.0735996550e+00 -4.3162251228e+00 -5.8690897656e+00 -2.3453108511e-01 -2.1875842312e+00 -4.5702659820e+00 -1.4476212238e+00 -6.3636493544e+00 -4.2436448014e+00 -4.4790979652e-01  1.0884939991e+00  4.7628440172e-01  1.0742700295e+00  6.1024396846e-01  1.2484439241e+00  1.0891039714e+00  1.3979388997e+00 -3.4112572210e-01 -2.2957206346e-01  1.4631356343e-01 -3.4213820717e+00 -1.0252133085e+00  8.5025909108e-01 -2.0265146367e+00  1.0976390918e+00 -3.6946164982e+00 -3.5260746621e-01 -3.7602879617e+00 -1.4261240516e+00 -2.5162519357e+00
ENERGY -1.045318754141e+03

JOB 15
COORDS -8.9236004784e-01 -4.3874750472e+00 -4.7729170265e+00 -5.7736964609e-01 -3.1914345721e+00 -4.0613391319e+00 -8.4347748901e-01 -5.5083052036e+00 -3.9849939823e+00 -1.1614316242e-01 -1.0666077772e+00 -1.6127873528e+00  6.6429340003e-02 -2.4495798920e+00 -1.7027471283e+00 -2.9073024655e-01 -3.4106234447e+00 -2.7294855847e+00  4.0222745081e-01 -7.0560586139e-01 -3.3937555797e-01 -2.1889565918e+00 -4.5716389518e-01 -2.9662325757e+00  4.4042398896e-01  6.5609603655e-01  2.8566171908e-01 -7.4272384830e-01 -1.4630937660e-01 -2.6187451132e+00  8.7974040163e-01 -1.7711252859e+00  3.1257042229e-01  6.5927181090e-01 -2.8124365219e+00 -5.2388660041e-01 -2.6425381335e+00 -4.8686485680e-01 -4.0938372598e+00 -2.9523671156e+00 -6.7003262914e-01 -1.8655454132e+00 -4.3284477829e-01 -5.1169492551e+00 -2.3473946307e+00 -1.1441708970e+00 -4.4119947671e+00 -5.8278603494e+00 -5.6720860018e-01 -2.2124770715e+00 -4.5241496108e+00 -1.0362093922e+00 -6.5369025732e+00 -4.2614042527e+00 -5.6877376723e-01  1.0644136955e+00  4.0987723049e-01  9.0976272720e-01  5.9612022345e-01  1.2698692763e+00  1.0121627205e+00  1.3636735334e+00 -3.2526461769e-01 -1.9371964703e-01 -1.1830799013e-01 -3.5629747293e+00 -7.3368794447e-01  8.7418950559e-01 -2.2197556561e+00  9.9861131515e-01 -3.7293278716e+00 -2.6442347438e-01 -3.8553392791e+00 -8.4961858582e-01 -2.1909419020e+00
ENERGY -1.045318742130e+03

JOB 16
COORDS -9.4629806956e-01 -4.6165811892e+00 -4.6933313157e+00 -1.0440915782e+00 -3.4611236525e+00 -3.8597331862e+00 -5.9855756542e-02 -5.5493749725e+00 -4.2201123776e+00 -9.1014631776e-02 -1.1584481412e+00 -1.6494802975e+00 -2.9183178857e-02 -2.5562521715e+00 -1.6869245212e+00 -2.2314239066e-01 -3.5244631628e+00 -2.7530820579e+00  2.9443376353e-01 -8.0336683217e-01 -3.2552479294e-01 -2.1057257248e+00 -2.0765334131e-01 -2.7908867058e+00  3.7534003936e-01  5.7002992164e-01  2.6795172056e-01 -5.8983418203e-01 -2.1104273516e-01 -2.7057997099e+00  6.0086171931e-01 -1.8842308021e+00  3.9782032491e-01  4.0579396044e-01 -2.9271093848e+00 -4.4299469021e-01 -2.7763203641e+00 -7.3352510720e-01 -3.6591642662e+00 -2.6666421984e+00  4.6150947573e-01 -1.7500036772e+00  6.9510607299e-01 -5.0217985450e+00 -2.7529002187e+00 -1.5205906069e+00 -4.7513890469e+00 -5.6040424044e+00 -1.7149960006e+00 -2.6328376047e+00 -4.0547947339e+00  2.0101811319e-01 -6.5094482575e+00 -4.6468756375e+00 -5.9895998157e-01  1.0686789917e+00  2.3728744175e-01  7.0283174754e-01  5.0391712011e-01  1.3076606771e+00  1.0878717460e+00  1.2003312453e+00 -2.7667295307e-01 -2.1568236617e-01 -4.8800578977e-01 -3.6949298734e+00 -2.5360673035e-01  8.0367233465e-01 -2.4774355490e+00  5.3428443925e-01 -3.8692296214e+00 -9.7692530485e-02 -3.6341746221e+00  3.8354669991e-01 -1.8588990446e+00
ENERGY -1.045321172189e+03

JOB 17
COORDS -9.6660357659e-01 -4.6452155973e+00 -4.6641421907e+00 -1.0942559931e+00 -3.5342256330e+00 -3.7757141249e+00  4.6113898717e-02 -5.5010267895e+00 -4.3131885254e+00 -1.3070902119e-01 -1.2139345009e+00 -1.6202610921e+00  1.6093030408e-02 -2.6020455596e+00 -1.6742491856e+00 -1.6721923494e-01 -3.5549423078e+00 -2.7545612562e+00  2.3653772398e-01 -8.4946254816e-01 -2.9352784013e-01 -2.0829362491e+00 -1.2504857452e-01 -2.7148794612e+00  2.6675022854e-01  5.2315291021e-01  3.0607009752e-01 -5.7483923097e-01 -2.9695613931e-01 -2.7262641160e+00  5.9333051746e-01 -1.9220110105e+00  4.2026085709e-01  4.6197472428e-01 -2.9659469520e+00 -4.3309566726e-01 -2.8768034510e+00 -7.6386649288e-01 -3.3797919745e+00 -2.4813633109e+00  8.2913113804e-01 -1.8327411114e+00  8.8305494500e-01 -4.9527646625e+00 -2.8983534172e+00 -1.6099696451e+00 -4.8073860571e+00 -5.5227356273e+00 -1.8564516925e+00 -2.7673311156e+00 -3.8626376940e+00  3.5384652874e-01 -6.4166253145e+00 -4.8020697805e+00 -7.2195084056e-01  9.9078609385e-01  2.7003135824e-01  5.9558578912e-01  4.6548765955e-01  1.3458571198e+00  9.5799239550e-01  1.1781959967e+00 -2.3727322552e-01 -3.0057624373e-01 -7.0957174872e-01 -3.6996620351e+00 -1.0672019490e-01  6.8433640221e-01 -2.6106141274e+00  6.1706172986e-01 -3.9057296546e+00 -9.2386616346e-02 -3.4581051909e+00  8.3484464357e-01 -1.8553431031e+00
ENERGY -1.045322751786e+03

JOB 18
COORDS -9.7968192232e-01 -4.6626745016e+00 -4.6586497699e+00 -1.1173690607e+00 -3.5906028039e+00 -3.7252979485e+00  1.1586716833e-01 -5.4506293834e+00 -4.4117467082e+00 -1.8861766001e-01 -1.2620604400e+00 -1.6126591211e+00  6.1062177951e-02 -2.6324638116e+00 -1.6859952620e+00 -1.1500174506e-01 -3.5730541465e+00 -2.7774635095e+00  1.6347977246e-01 -8.8905144150e-01 -2.8308801326e-01 -2.0576817758e+00 -9.3069116144e-03 -2.6793998953e+00  1.3112927120e-01  4.7685798381e-01  3.3150658792e-01 -5.8483737775e-01 -3.6554561404e-01 -2.7538680533e+00  5.8670424024e-01 -1.9469592093e+00  4.1695216610e-01  5.2819280153e-01 -2.9864267653e+00 -4.5078908807e-01 -2.9611931336e+00 -6.5560738669e-01 -3.1758507938e+00 -2.2855320475e+00  1.1184400100e+00 -1.9557466628e+00  1.0168287481e+00 -4.8834969529e+00 -3.0438936583e+00 -1.6732375128e+00 -4.8483079519e+00 -5.4721993963e+00 -1.9357107345e+00 -2.8773023570e+00 -3.7248392430e+00  4.4948640426e-01 -6.3273494157e+00 -4.9521902047e+00 -8.8091421183e-01  8.9189744368e-01  3.2714283071e-01  4.9310564924e-01  4.2748926735e-01  1.3606372373e+00  7.6655760104e-01  1.1750294223e+00 -2.2594543567e-01 -4.1641769902e-01 -8.7242095983e-01 -3.7053658458e+00  4.7264400840e-03  5.5584404371e-01 -2.7312061468e+00  7.1982599898e-01 -3.9216343875e+00 -1.1615754809e-01 -3.2553159720e+00  1.2353414507e+00 -1.9294468624e+00
ENERGY -1.045321955631e+03

JOB 19
COORDS -9.4687387446e-01 -4.7878510556e+00 -4.5865751922e+00 -1.1147377466e+00 -3.7335572559e+00 -3.6381834688e+00  2.3187426068e-01 -5.4704421073e+00 -4.4222414095e+00 -2.2245257010e-01 -1.3105180931e+00 -1.6158196116e+00  1.0545497606e-01 -2.6633739104e+00 -1.6849497337e+00 -5.3700136151e-02 -3.6222681108e+00 -2.7641355077e+00  1.3179295282e-01 -9.1036026699e-01 -2.9365426446e-01 -2.0175531379e+00  1.4496085756e-01 -2.5769364657e+00  2.7501488780e-02  4.5142301729e-01  3.2247219295e-01 -6.3023957750e-01 -4.3740143454e-01 -2.7717706944e+00  6.2221539157e-01 -1.9396572114e+00  4.0532976230e-01  6.1002367564e-01 -2.9852705663e+00 -4.5585017809e-01 -3.0579698601e+00 -4.5002730926e-01 -2.7816986784e+00 -1.9897722859e+00  1.4267917189e+00 -2.1242764958e+00  1.1710811409e+00 -4.8225494200e+00 -3.1173902251e+00 -1.6765310126e+00 -5.0375798652e+00 -5.3498095917e+00 -1.9937972363e+00 -3.1001218617e+00 -3.5710825120e+00  6.0483179573e-01 -6.3137141707e+00 -4.9895208023e+00 -1.0168604587e+00  7.5031338486e-01  4.5762551337e-01  5.2050372058e-01  4.5376006317e-01  1.2969600453e+00  4.9555339284e-01  1.2112435556e+00 -3.1224783085e-01 -6.4751018463e-01 -1.0246023823e+00 -3.6911013702e+00  8.4034349589e-02  3.8284371965e-01 -2.8942952284e+00  8.4852206754e-01 -3.9082785167e+00 -1.1748362709e-01 -2.9221320986e+00  1.6958169976e+00 -2.0095502352e+00
ENERGY -1.045319361340e+03

JOB 20
COORDS -8.3324437578e-01 -4.8042952917e+00 -4.4620784587e+00 -1.0863444262e+00 -3.7886863560e+00 -3.4904646078e+00  4.3373510288e-01 -5.3225038584e+00 -4.3706138631e+00 -3.0690548607e-01 -1.2443290868e+00 -1.4963292200e+00  9.7637437835e-02 -2.5742506096e+00 -1.5881616022e+00 -5.7665940217e-03 -3.5387970036e+00 -2.6722088126e+00  7.1130400069e-02 -8.3473098279e-01 -1.8330990986e-01 -2.0339454631e+00  4.3696271033e-01 -2.3049443011e+00 -9.9566860141e-02  5.1170080605e-01  4.5023248091e-01 -7.9749054108e-01 -3.8320170385e-01 -2.6188262543e+00  6.4614575083e-01 -1.8373259517e+00  4.8861131371e-01  6.6623789354e-01 -2.8748606767e+00 -3.8069015936e-01 -2.7930529587e+00  2.8297286474e-01 -1.3708183703e+00 -2.2252366532e+00  1.4055788297e+00 -3.2449489607e+00  1.3468124254e+00 -4.5613464959e+00 -3.1098444619e+00 -1.5645348925e+00 -5.1461370965e+00 -5.1871014280e+00 -2.0399723910e+00 -3.2857676014e+00 -3.3676958911e+00  8.8352711588e-01 -6.1054319192e+00 -4.9678692080e+00 -1.1585667139e+00  7.3490170740e-01  6.0879217593e-01  4.1823193576e-01  5.3678036084e-01  1.4115457974e+00  3.1277446674e-01  1.3046125990e+00 -1.8508705420e-01 -1.0249604536e+00 -9.8521409339e-01 -3.5043329033e+00 -2.0284272701e-02  3.2123195531e-01 -2.9403894008e+00  9.7124148370e-01 -3.7847907084e+00 -6.1076130337e-02 -3.0459107477e+00  1.8705921784e+00 -2.9919649282e+00
ENERGY -1.045317906228e+03

JOB 21
COORDS -8.2104271963e-01 -4.9308543413e+00 -4.4782328121e+00 -1.1019621455e+00 -3.9351949014e+00 -3.4937258462e+00  4.8331809185e-01 -5.3550602454e+00 -4.4468241161e+00 -3.8396854792e-01 -1.3260555683e+00 -1.5392785177e+00  7.9124970539e-02 -2.6365259788e+00 -1.6436283462e+00 -6.1342504025e-03 -3.6064291235e+00 -2.7256765657e+00  1.6758793293e-02 -8.9820032477e-01 -2.3807330601e-01 -1.9610016877e+00  5.3153568887e-01 -2.2654832993e+00 -1.8069410470e-01  4.3871869236e-01  4.1007939148e-01 -9.1752571686e-01 -4.9150211293e-01 -2.6684909851e+00  6.5336001852e-01 -1.8759909945e+00  4.1636988177e-01  6.9230762154e-01 -2.9115224576e+00 -4.5261842634e-01 -2.8250103918e+00  3.8574842404e-01 -1.4252933740e+00 -1.8522965465e+00  1.6705060528e+00 -3.0045498361e+00  1.3955146422e+00 -4.5286571456e+00 -3.2275328237e+00 -1.5583374746e+00 -5.3256340077e+00 -5.1694939168e+00 -2.0829180765e+00 -3.5021427963e+00 -3.3273139176e+00  9.6080262667e-01 -6.1034721717e+00 -5.0664272775e+00 -1.2375908506e+00  6.1788048226e-01  6.2706006662e-01  3.8582225021e-01  4.7982494232e-01  1.3429659145e+00  1.6463705422e-01  1.2515770864e+00 -2.3918127581e-01 -1.3839949912e+00 -1.1253159647e+00 -3.4293725959e+00 -1.0455521603e-01  3.8007352950e-02 -3.1767209241e+00  1.0509325694e+00 -3.8060492366e+00 -1.4517605890e-01 -2.5836256561e+00  2.2506299452e+00 -2.7164651279e+00
ENERGY -1.045315916644e+03

JOB 22
COORDS -7.7815717374e-01 -4.9775338111e+00 -4.5186718171e+00 -1.0679808027e+00 -3.9716582521e+00 -3.5474661381e+00  5.3910911340e-01 -5.3607364260e+00 -4.5098392754e+00 -3.8492442900e-01 -1.3124931337e+00 -1.6311474869e+00  1.2092455967e-01 -2.6081294994e+00 -1.7433643865e+00  3.3188664977e-02 -3.5942152367e+00 -2.8102832669e+00  7.1067764198e-02 -8.4886010996e-01 -3.6103434601e-01 -1.8452829093e+00  6.5933717751e-01 -2.2701277151e+00 -1.4116138988e-01  4.8044158282e-01  3.0123497693e-01 -1.0859066843e+00 -5.6426952558e-01 -2.7404786177e+00  7.8799756414e-01 -1.7909441189e+00  2.6515977581e-01  8.1851701479e-01 -2.8358079782e+00 -5.8974783345e-01 -2.8711557579e+00  6.4453762713e-01 -1.6206497487e+00 -1.2557510264e+00  1.8181949717e+00 -2.6714705718e+00  1.4519115406e+00 -4.4821816460e+00 -3.3284072492e+00 -1.5182199020e+00 -5.4073038837e+00 -5.1856625604e+00 -2.0590255034e+00 -3.5670465034e+00 -3.3716061156e+00  1.0263086678e+00 -6.1042381883e+00 -5.1277461035e+00 -1.2011344827e+00  6.6067322482e-01  5.0317287026e-01  4.0330057296e-01  4.9931121070e-01  1.2477621322e+00  2.2463398145e-01  1.3019986639e+00 -3.2342425638e-01 -1.8241210205e+00 -1.2097372836e+00 -3.2210815330e+00 -3.6451559254e-01 -2.6222495737e-01 -3.5054843853e+00  1.2403942292e+00 -3.7071040576e+00 -2.9578479774e-01 -1.8147368358e+00  2.5414236112e+00 -2.3259236143e+00
ENERGY -1.045314187473e+03

JOB 23
COORDS -6.5866618920e-01 -4.9208805597e+00 -4.5898550880e+00 -9.5699935569e-01 -3.8575678685e+00 -3.6851980959e+00  5.8975647899e-01 -5.4530618221e+00 -4.3944903901e+00 -4.5164238438e-01 -1.3305925487e+00 -1.6163258907e+00  1.3541701383e-01 -2.5929882891e+00 -1.7475889014e+00  6.9606173126e-02 -3.5867415556e+00 -2.8041037184e+00  3.8115441804e-02 -8.2358001265e-01 -3.7604972431e-01 -1.9262204499e+00  6.4331475140e-01 -2.2616207745e+00 -2.3849450931e-01  4.8334456877e-01  3.0780773538e-01 -1.4200015857e+00 -7.3884697344e-01 -2.6139625641e+00  8.6870777985e-01 -1.6991505384e+00  2.0535353843e-01  9.2238162508e-01 -2.7498043941e+00 -6.4022079124e-01 -2.9711234681e+00  8.8549345385e-01 -1.6923817690e+00 -1.0771443724e+00  1.6224436988e+00 -2.6743758856e+00  1.4326102196e+00 -4.6463150793e+00 -3.1134838051e+00 -1.3458760313e+00 -5.2798779795e+00 -5.3488538252e+00 -1.9067671784e+00 -3.3365609829e+00 -3.6680606197e+00  1.0682887031e+00 -6.2626578551e+00 -4.9304046597e+00 -1.3082169083e+00  6.2922858421e-01  4.8303292604e-01  2.7660276754e-01  4.9468721948e-01  1.2706908953e+00  1.2295730869e-01  1.3284697863e+00 -2.8618189113e-01 -2.3149251665e+00 -1.3624475397e+00 -2.6793733008e+00 -9.5719676318e-01 -7.0486258276e-01 -3.6062119335e+00  1.4385425487e+00 -3.5762239125e+00 -3.6822047001e-01 -1.4814083683e+00  2.4683704236e+00 -2.3998619455e+00
ENERGY -1.045314467803e+03

