JOB 0
COORDS  1.9956591097e+00 -9.3207800700e-01 -1.3021103147e-01  8.7162086533e-01 -3.7881715839e-01  4.9624565777e-01  2.9719731704e+00 -1.5688388202e+00  6.3291602288e-01  7.5618727355e-01 -4.7704816966e-01  1.8868623842e+00  2.8767653683e+00 -1.6535316187e+00  2.0401230937e+00  1.7340338105e+00 -1.0993922796e+00  2.6769227914e+00  3.9332096063e+00 -2.3644840964e+00  2.7591404713e+00  1.5454966941e+00 -1.1601831689e+00  4.1739769399e+00  5.0145850153e+00 -2.9309875652e+00  2.1588786658e+00  4.2842483409e+00 -2.1505445067e+00  4.0893972665e+00  5.4690694906e+00 -3.7094971102e+00  3.1775036381e+00  5.4251047520e+00 -2.9275347698e+00  4.2566561870e+00  2.1049756460e+00 -8.7436034040e-01 -1.2120681539e+00  9.5242206138e-02  1.1386425208e-01 -8.6186889012e-02  3.8391305401e+00 -2.0235327842e+00  1.6336012007e-01 -1.1896366688e-01 -5.5221911746e-02  2.3801437908e+00  1.6569540186e+00 -2.1827222530e+00  4.5483128597e+00  2.3162517604e+00 -5.8248692629e-01  4.6913566776e+00  5.5460387529e-01 -7.8109954451e-01  4.4512052261e+00
ENERGY -5.281118332005e+02

JOB 1
COORDS  1.9883319915e+00 -9.3957341271e-01 -1.2228723644e-01  8.6606747553e-01 -3.8951300310e-01  5.0934588005e-01  2.9755632343e+00 -1.5620236082e+00  6.3874125544e-01  7.6348177613e-01 -4.7865720481e-01  1.9009952389e+00  2.8909010019e+00 -1.6433988916e+00  2.0465942805e+00  1.7503924581e+00 -1.0914490597e+00  2.6885569626e+00  3.9688800650e+00 -2.3331137139e+00  2.7619782178e+00  1.5645234374e+00 -1.1450511557e+00  4.1866742103e+00  5.0165747637e+00 -2.9234797504e+00  2.1296727534e+00  4.2598615602e+00 -2.2027000904e+00  4.0920112529e+00  5.6145976307e+00 -3.6072374382e+00  3.1247960242e+00  5.3925207072e+00 -2.9355718518e+00  4.2599815542e+00  2.0899045464e+00 -8.8809683115e-01 -1.2051917790e+00  8.2142352239e-02  9.5285213578e-02 -6.9638554493e-02  3.8446843573e+00 -2.0081006909e+00  1.6522805128e-01 -1.1002273806e-01 -5.8468037127e-02  2.3984096409e+00  1.6566836302e+00 -2.1686213119e+00  4.5628272228e+00  2.3459503185e+00 -5.8147206985e-01  4.7032047153e+00  5.8134229254e-01 -7.4618236258e-01  4.4636399738e+00
ENERGY -5.281559877423e+02

JOB 2
COORDS  1.9975342939e+00 -9.4939480240e-01 -1.2766457318e-01  8.7172840836e-01 -3.9700403973e-01  4.9499411852e-01  2.9871918202e+00 -1.5555877872e+00  6.4323708178e-01  7.6772772041e-01 -4.6894682701e-01  1.8870697585e+00  2.8989397663e+00 -1.6264240503e+00  2.0514175501e+00  1.7550843969e+00 -1.0705788224e+00  2.6837730883e+00  3.9909032533e+00 -2.2924178665e+00  2.7721554723e+00  1.5601459660e+00 -1.1039210595e+00  4.1812149048e+00  5.0445377807e+00 -2.8650785771e+00  2.1427267634e+00  4.1876315789e+00 -2.2863071653e+00  4.1159872833e+00  5.7444216343e+00 -3.4482309885e+00  3.1256660775e+00  5.3345587803e+00 -2.9725196502e+00  4.3022777963e+00  2.1016605651e+00 -9.0991153317e-01 -1.2107948660e+00  8.6990782569e-02  7.8181202683e-02 -9.0865899007e-02  3.8630356114e+00 -1.9961801710e+00  1.7727053298e-01 -1.0770406337e-01 -4.5347349153e-02  2.3780735461e+00  1.6384622121e+00 -2.1228319451e+00  4.5708156851e+00  2.3454475728e+00 -5.4388257607e-01  4.6963533944e+00  5.8110558468e-01 -6.8689379433e-01  4.4461410748e+00
ENERGY -5.281808154217e+02

JOB 3
COORDS  1.9502191473e+00 -9.5147142336e-01 -1.1449147993e-01  8.3692479956e-01 -4.0165166384e-01  5.3206936947e-01  2.9551068296e+00 -1.5592158108e+00  6.3525774679e-01  7.6146176649e-01 -4.7718811094e-01  1.9256998572e+00  2.8914466447e+00 -1.6424966332e+00  2.0440752760e+00  1.7622307652e+00 -1.0847952475e+00  2.7011502825e+00  4.0039743029e+00 -2.3043721619e+00  2.7398375414e+00  1.5950965513e+00 -1.1202079343e+00  4.2020414475e+00  5.0649526164e+00 -2.8266068460e+00  2.0800791459e+00  4.1252834275e+00 -2.4804197367e+00  4.0759033280e+00  5.8514586318e+00 -3.3331527762e+00  3.0395892379e+00  5.2919994082e+00 -3.1275343922e+00  4.2337271003e+00  2.0344688785e+00 -9.0648460370e-01 -1.1991318805e+00  4.1584655142e-02  7.7300504974e-02 -3.6179109700e-02  3.8254527895e+00 -1.9908780108e+00  1.5122586565e-01 -1.0201975947e-01 -5.1320550393e-02  2.4354805065e+00  1.6020301697e+00 -2.1466620309e+00  4.5792383122e+00  2.4307910529e+00 -6.2865538016e-01  4.7076836935e+00  6.5625886239e-01 -6.3249652890e-01  4.4907237183e+00
ENERGY -5.281887725582e+02

JOB 4
COORDS  1.9591842789e+00 -9.7212114316e-01 -1.2208764896e-01  8.4387241625e-01 -4.1760196170e-01  5.1728615814e-01  2.9661754260e+00 -1.5667583920e+00  6.3530585724e-01  7.6822845951e-01 -4.7506082837e-01  1.9118745102e+00  2.8980922651e+00 -1.6394127090e+00  2.0444788780e+00  1.7686034909e+00 -1.0739981518e+00  2.6941700648e+00  4.0154976101e+00 -2.2773592172e+00  2.7531268237e+00  1.6055306044e+00 -1.0897151669e+00  4.1958458679e+00  5.1137959977e+00 -2.7436772399e+00  2.1096889691e+00  4.0386565913e+00 -2.6301601857e+00  4.0621932869e+00  5.9329056832e+00 -3.1399636145e+00  3.0965688343e+00  5.2343170221e+00 -3.2253790490e+00  4.2322214980e+00  2.0444205337e+00 -9.3839257658e-01 -1.2070755986e+00  4.8452728757e-02  5.3622132180e-02 -5.7253924743e-02  3.8421389024e+00 -1.9938837885e+00  1.5733018581e-01 -9.4922889554e-02 -4.2240715173e-02  2.4163978155e+00  1.5714405622e+00 -2.1119469770e+00  4.5815636295e+00  2.4632398962e+00 -6.2797871911e-01  4.6940562185e+00  6.9049294124e-01 -5.5865835710e-01  4.4843184888e+00
ENERGY -5.281808121869e+02

JOB 5
COORDS  1.9616162473e+00 -9.8851186784e-01 -1.2628738493e-01  8.4449976430e-01 -4.2905188015e-01  5.0621478848e-01  2.9680106209e+00 -1.5756889710e+00  6.3766693190e-01  7.6558062913e-01 -4.7470353108e-01  1.9015085807e+00  2.8913079725e+00 -1.6425423052e+00  2.0467385704e+00  1.7619001434e+00 -1.0702073342e+00  2.6904812332e+00  4.0066932555e+00 -2.2634318565e+00  2.7678112376e+00  1.6003252139e+00 -1.0791553667e+00  4.1923448430e+00  5.1167741284e+00 -2.7388052148e+00  2.1451347528e+00  3.9643707926e+00 -2.7473397758e+00  4.0463665056e+00  5.9448634157e+00 -2.9986713072e+00  3.1757477851e+00  5.1838841135e+00 -3.3201616654e+00  4.2277064281e+00  2.0498447443e+00 -9.6152465801e-01 -1.2112464422e+00  5.1468757211e-02  3.9031349489e-02 -7.4121681799e-02  3.8488182380e+00 -2.0001926121e+00  1.6591911044e-01 -9.7706998828e-02 -3.5726611058e-02  2.4005316369e+00  1.5221670110e+00 -2.0997105003e+00  4.5762785269e+00  2.4780883271e+00 -6.5499434439e-01  4.6896411440e+00  7.1010209145e-01 -5.0900209033e-01  4.4836864221e+00
ENERGY -5.281559879389e+02

JOB 6
COORDS  1.9603031466e+00 -9.9775863586e-01 -1.3655532324e-01  8.3919906316e-01 -4.3838796070e-01  4.8974218307e-01  2.9727759747e+00 -1.5669083558e+00  6.3286963966e-01  7.6075759642e-01 -4.6746923520e-01  1.8861080201e+00  2.8929119640e+00 -1.6222418255e+00  2.0425074296e+00  1.7601737542e+00 -1.0490966887e+00  2.6801879789e+00  4.0140571814e+00 -2.2127060812e+00  2.7723557388e+00  1.6028713170e+00 -1.0511932647e+00  4.1820673210e+00  5.1205405389e+00 -2.7338838640e+00  2.1766628950e+00  3.9350031165e+00 -2.7897172996e+00  4.0371476502e+00  5.9471926533e+00 -2.8243112152e+00  3.2529325087e+00  5.1957366317e+00 -3.3449713129e+00  4.2239864876e+00  2.0478218599e+00 -9.8142089765e-01 -1.2218118234e+00  4.3709736489e-02  1.8506616454e-02 -9.6071705512e-02  3.8599136395e+00 -1.9852312597e+00  1.6686370744e-01 -1.0500672446e-01 -2.7880148195e-02  2.3804368559e+00  1.5060435712e+00 -2.0703676957e+00  4.5660639679e+00  2.4906849327e+00 -6.4410375794e-01  4.6762116017e+00  7.2527345710e-01 -4.6329816967e-01  4.4763777526e+00
ENERGY -5.281118336157e+02

