JOB 0
COORDS -3.0794244130e+00 -5.9527396626e-02  1.6477236670e+00  9.2375850501e-02  5.6314374774e-01 -8.9520412535e-02 -3.5175829754e+00  3.6677647372e-01  3.0392135295e+00 -2.0963553580e+00  1.0131906219e+00 -1.2420806884e+00  2.2066287753e+00  4.6044917660e-01 -1.3017979214e+00  1.0369014351e+00 -1.8025974706e+00 -2.6107145812e+00 -1.3921819648e+00  2.1166448365e-01 -1.2884839769e-01 -1.9371046615e+00  5.2237944599e-01  1.1839611012e+00  9.4084477882e-01 -1.6435189840e-01 -9.0981980943e-01 -3.7206692533e+00 -8.7881252996e-01  9.8548842296e-01  5.3098919590e-01  1.4268245237e+00  6.7002800363e-01  2.4162503197e-01 -7.9534816799e-01 -1.9828466146e+00 -4.5081613086e+00  8.2497633335e-01  2.9702386492e+00 -3.6115236685e+00 -5.2497985619e-01  3.6645486237e+00 -2.8312333322e+00  1.0704704991e+00  3.5184569503e+00 -1.9741511858e+00  2.0870349904e+00 -1.0693692087e+00 -3.1609483966e+00  7.6937140585e-01 -1.2246015914e+00 -1.6909491174e+00  7.5816705125e-01 -2.2240382983e+00  2.9805777264e+00 -2.9655586106e-01 -1.4408122592e+00  2.4973492476e+00  1.1248960466e+00 -4.8947358704e-01  2.0799723927e+00  1.0409141361e+00 -2.2235741562e+00  3.4690736247e-01 -2.3196437164e+00 -3.2799796398e+00  1.4353090027e+00 -2.5077794738e+00 -1.8719484289e+00  1.8533744250e+00 -1.3701932490e+00 -3.1987854153e+00 -1.5295811705e+00 -8.5348191508e-01 -3.1734377943e-01 -1.4213620289e+00  1.1957695707e+00  1.7383525425e+00
ENERGY -6.104410221445e+02

JOB 1
COORDS -3.0476820506e+00 -9.8683911125e-02  1.6133508166e+00  1.0533676303e-01  6.0766538042e-01 -1.2257002960e-01 -3.4859011428e+00  2.8457240656e-01  3.0172132359e+00 -2.0959515752e+00  1.0656413190e+00 -1.2508260252e+00  2.2273321975e+00  5.3089252967e-01 -1.3464145948e+00  9.4833237801e-01 -1.8747492391e+00 -2.4921053310e+00 -1.3764441824e+00  2.4284560441e-01 -1.6362047776e-01 -1.9160307645e+00  5.1156537010e-01  1.1603417701e+00  9.4910748150e-01 -7.8372336718e-02 -9.7763406600e-01 -3.6797368936e+00 -9.0986456837e-01  9.3234953752e-01  5.4271050190e-01  1.4495643709e+00  6.6206000802e-01  2.7003529722e-01 -6.8838857721e-01 -2.0649306433e+00 -4.4826262469e+00  7.3140621981e-01  2.9639320387e+00 -3.5658111055e+00 -6.2456911455e-01  3.6190100147e+00 -2.8069438842e+00  9.8434935487e-01  3.5124219475e+00 -1.9829444586e+00  2.1358302773e+00 -1.0513213476e+00 -3.1581012697e+00  8.1127114531e-01 -1.2331288625e+00 -1.6946206929e+00  8.4030886960e-01 -2.2417439929e+00  2.9872594594e+00 -2.3902346729e-01 -1.4956415027e+00  2.5276701902e+00  1.1758606583e+00 -5.2176558752e-01  2.1149781405e+00  1.1251861014e+00 -2.2606147780e+00  2.6829370302e-01 -2.3442297067e+00 -3.2051741973e+00  1.1277680879e+00 -2.5468079863e+00 -1.6457776212e+00  1.8931859685e+00 -1.6401721945e+00 -2.9944666357e+00 -1.5049959203e+00 -8.1829061280e-01 -3.7952183423e-01 -1.4056062399e+00  1.1769673478e+00  1.7292966477e+00
ENERGY -6.104441130038e+02

JOB 2
COORDS -3.0094178828e+00 -1.3938243493e-01  1.5763498653e+00  1.0964483479e-01  6.8450334965e-01 -1.5912939558e-01 -3.4474182872e+00  1.9815365517e-01  2.9918042585e+00 -2.1020534743e+00  1.1307828186e+00 -1.2733626987e+00  2.2401910449e+00  6.4166544168e-01 -1.3821418663e+00  8.1120337331e-01 -1.9001392874e+00 -2.3468052575e+00 -1.3665121854e+00  2.9655142028e-01 -2.0635830446e-01 -1.9082002779e+00  5.2500626791e-01  1.1240716749e+00  9.5951678809e-01  3.0623761830e-02 -1.0307866131e+00 -3.6164366157e+00 -9.6078067742e-01  8.8479268588e-01  5.3530949812e-01  1.5169351080e+00  6.4160105570e-01  3.0784179758e-01 -5.7424417288e-01 -2.1320915520e+00 -4.4628956801e+00  6.0254628655e-01  2.9575858354e+00 -3.4814894233e+00 -7.2458497628e-01  3.5770559729e+00 -2.7935441008e+00  9.1733607421e-01  3.4928903347e+00 -2.0042870605e+00  2.1981746598e+00 -1.0523346702e+00 -3.1604519688e+00  8.6073523731e-01 -1.2577254861e+00 -1.7006490095e+00  9.3164786238e-01 -2.2699100129e+00  2.9677150871e+00 -1.3372520070e-01 -1.6316725559e+00  2.5891801841e+00  1.1963379550e+00 -5.1226890800e-01  2.1194123679e+00  1.3220539472e+00 -2.2326173137e+00  2.0804999457e-01 -2.3019955008e+00 -3.1630036392e+00  6.8618370859e-01 -2.5123912827e+00 -1.4475355835e+00  1.8647977019e+00 -1.8848493184e+00 -2.6464080008e+00 -1.4805396860e+00 -7.6150782370e-01 -4.4491144677e-01 -1.4084670498e+00  1.1863536692e+00  1.7071891932e+00
ENERGY -6.104464003029e+02

JOB 3
COORDS -2.9411601805e+00 -2.0265900565e-01  1.5264860769e+00  1.5863384253e-01  6.8544967550e-01 -2.1030663666e-01 -3.3787055308e+00  1.1012896327e-01  2.9476148611e+00 -2.0603182932e+00  1.1317028562e+00 -1.3080934271e+00  2.2944035869e+00  6.5948135219e-01 -1.4481138864e+00  7.0153232767e-01 -1.9657890192e+00 -2.2054510617e+00 -1.3150591237e+00  2.8517683313e-01 -2.5793194686e-01 -1.8521429694e+00  4.8414188544e-01  1.0783698231e+00  1.0013740974e+00  7.5005591238e-02 -1.1116080862e+00 -3.5381982302e+00 -1.0244952783e+00  8.2653853349e-01  5.8255450583e-01  1.5016880404e+00  6.0916654297e-01  3.7588531818e-01 -5.6644133797e-01 -2.2008653021e+00 -4.3960307415e+00  5.1060018740e-01  2.9210899945e+00 -3.4080093634e+00 -8.2185646880e-01  3.5181730492e+00 -2.7275060931e+00  8.2448578220e-01  3.4589460157e+00 -1.9691494651e+00  2.1959645573e+00 -1.0700783969e+00 -3.1169096949e+00  8.5430697336e-01 -1.2945620783e+00 -1.6598973088e+00  9.5137260350e-01 -2.3087418210e+00  2.9912737209e+00 -1.3131814216e-01 -1.7357049796e+00  2.6687862813e+00  1.1695163497e+00 -5.6134690158e-01  2.1920656496e+00  1.3749250630e+00 -2.2717872879e+00  1.7822563906e-01 -2.3772172099e+00 -3.0706025880e+00  3.5049169124e-01 -2.4486690986e+00 -1.2874852903e+00  1.7801241157e+00 -2.1203696416e+00 -2.3190487682e+00 -1.4265909820e+00 -7.6925031927e-01 -5.1310402341e-01 -1.3585784128e+00  1.1447736553e+00  1.6677372131e+00
ENERGY -6.104478620468e+02

JOB 4
COORDS -2.1639029726e+00 -4.3587908800e-01  1.3234487726e+00  1.2021440290e-01  9.9378051880e-01 -4.1398905707e-01 -2.6710087186e+00 -2.9415395252e-01  2.7469345735e+00 -1.9134606318e+00  1.8736755944e+00 -1.5717066492e+00  2.4370162173e+00  4.8056952697e-01 -1.1455230232e+00  4.7601032107e-01 -1.9856048270e+00 -1.6957123873e+00 -1.3761064777e+00  7.5583489977e-01 -6.7285990758e-01 -2.0731290479e+00  7.3197013837e-01  6.0689999056e-01  1.0113875467e+00  2.0539895562e-01 -1.0861029781e+00 -1.8732844940e+00 -1.5341210489e+00  8.4497772924e-01  4.8862463893e-01  1.8613807056e+00  3.8171168005e-01  5.3367215604e-01 -6.0632308577e-01 -2.1271670478e+00 -3.4481574481e+00 -1.0419672101e+00  2.9200347998e+00 -1.8462610889e+00 -5.0804126728e-01  3.4336898302e+00 -3.0678537635e+00  7.0003439123e-01  2.9690293015e+00 -1.7479465214e+00  2.8539894857e+00 -1.1136606287e+00 -2.9852683737e+00  1.7344834992e+00 -1.7381475259e+00 -1.4033855694e+00  1.8573721029e+00 -2.5394040556e+00  3.0018122539e+00 -4.5081246070e-01 -1.0469750416e+00  2.6800236009e+00  1.1447146847e+00 -3.1660737066e-01  2.6943680681e+00  9.6186181540e-01 -2.0956224972e+00  1.0361128123e-01 -2.5341101076e+00 -2.5635467705e+00 -2.0641471193e-01 -2.0961930525e+00 -8.4830905998e-01  1.4763787609e+00 -2.3478009263e+00 -1.4336902728e+00 -1.5454969210e+00 -2.0802762077e-01 -1.1423927025e+00 -2.0405743600e+00  1.5959280664e+00  1.1363834844e+00
ENERGY -6.104482760158e+02

JOB 5
COORDS -2.1522296063e+00 -4.2784841854e-01  1.3533639089e+00  1.0218500405e-01  9.9240126850e-01 -3.3803487257e-01 -2.6894813089e+00 -2.9021837830e-01  2.7654739515e+00 -1.8909011191e+00  1.9042979209e+00 -1.5389783365e+00  2.4442475568e+00  5.7553333575e-01 -1.0736092247e+00  5.1331679092e-01 -1.8578535000e+00 -1.6409837601e+00 -1.3891673096e+00  7.6654162045e-01 -6.4294198317e-01 -2.1287880469e+00  7.2748513957e-01  6.1074228738e-01  1.0078473274e+00  3.8579644231e-01 -1.1564531879e+00 -1.7772870096e+00 -1.5124617215e+00  9.0322985120e-01  4.4903776068e-01  1.7527600428e+00  5.6977996036e-01  5.7253318179e-01 -5.0150887805e-01 -2.1477792476e+00 -3.3763048915e+00 -1.1155787274e+00  2.9645817891e+00 -1.8525371016e+00 -3.7661440456e-01  3.4655434820e+00 -3.2002390244e+00  6.6010232885e-01  2.9421924409e+00 -1.7325940080e+00  2.8758739329e+00 -1.0594778398e+00 -2.9584313465e+00  1.7776550060e+00 -1.7397337943e+00 -1.3514486832e+00  1.8994041311e+00 -2.4901020650e+00  2.9467527669e+00 -3.4397803979e-01 -7.5331029060e-01  2.6294471409e+00  1.3586274489e+00 -3.3884243896e-01  2.8304366541e+00  8.7761484278e-01 -2.0516622902e+00  1.3980442580e-01 -2.4495223130e+00 -2.4792870989e+00 -1.6788266637e-01 -1.9281113253e+00 -7.8863395234e-01  1.5138390220e+00 -2.2078284823e+00 -1.3637460296e+00 -1.5502641330e+00 -1.8553164733e-01 -1.1397670181e+00 -2.1432977942e+00  1.5976982162e+00  1.1307249563e+00
ENERGY -6.104477359522e+02

JOB 6
COORDS -2.1601510137e+00 -4.4805235755e-01  1.3244393119e+00  1.3139743806e-01  8.9739839242e-01 -3.8379032325e-01 -2.6891248214e+00 -2.9732708277e-01  2.7381202392e+00 -1.8388303066e+00  1.8941852407e+00 -1.5552990344e+00  2.4498059505e+00  5.0805017054e-01 -1.1624820889e+00  4.7596448950e-01 -1.8681753928e+00 -1.6165784087e+00 -1.3719156306e+00  7.2853204597e-01 -6.7399943626e-01 -2.1042619619e+00  7.0635471221e-01  5.8285121302e-01  1.0061275993e+00  4.2087560902e-01 -1.3233873128e+00 -1.8207286678e+00 -1.5429689535e+00  8.7116199035e-01  5.1663368812e-01  1.5589103995e+00  5.8171445036e-01  5.7858701447e-01 -5.6027374387e-01 -2.2338905222e+00 -3.4286763993e+00 -1.0793101565e+00  2.9238898934e+00 -1.8605784522e+00 -4.5012050843e-01  3.4365076278e+00 -3.1378682692e+00  6.8082012719e-01  2.9304355502e+00 -1.6420484490e+00  2.8548905228e+00 -1.0677288137e+00 -2.9121590651e+00  1.8083079941e+00 -1.7463771934e+00 -1.3077597317e+00  1.8790589258e+00 -2.5103993313e+00  2.8540914061e+00 -3.4785142731e-01 -6.0858333117e-01  2.6716637998e+00  1.4193213569e+00 -6.0772369213e-01  2.9041294881e+00  5.5136910172e-01 -2.1545769322e+00  9.9588839250e-02 -2.5153754812e+00 -2.4113603667e+00 -2.1899906358e-01 -1.8623649963e+00 -7.7307975192e-01  1.4630873583e+00 -2.2211508996e+00 -1.2975624537e+00 -1.5727315782e+00 -2.0960631350e-01 -1.1837328526e+00 -2.0927674586e+00  1.5752077084e+00  1.1047078813e+00
ENERGY -6.104461862917e+02

JOB 7
COORDS -2.2602434059e+00 -4.4565076149e-01  1.2698315517e+00  1.8096664004e-01  8.7686098964e-01 -4.2255538707e-01 -2.7489060785e+00 -3.0922138333e-01  2.6998675590e+00 -1.7850941667e+00  1.9495073596e+00 -1.5192274307e+00  2.4621909080e+00  5.6121181635e-01 -1.2834882393e+00  4.4125378877e-01 -1.8656260835e+00 -1.4701065892e+00 -1.3339665925e+00  7.5223775992e-01 -6.6874953144e-01 -2.0324798901e+00  7.3397107117e-01  6.0652382667e-01  1.0145234116e+00  4.5039933168e-01 -1.4311550444e+00 -2.0984332383e+00 -1.5478399463e+00  7.4213468079e-01  6.1007012647e-01  1.5050071499e+00  5.4503090006e-01  6.3529228588e-01 -6.4939981771e-01 -2.2330490196e+00 -3.5884626785e+00 -9.9098545473e-01  2.8517188216e+00 -1.9437349480e+00 -6.1826832798e-01  3.3736568231e+00 -3.0545147359e+00  7.0811781885e-01  2.9582234759e+00 -1.5509027938e+00  2.8943339912e+00 -1.0176964671e+00 -2.8646884265e+00  1.8963539074e+00 -1.6843568460e+00 -1.2768232551e+00  1.9379911427e+00 -2.4865585586e+00  2.8740454751e+00 -2.2568677212e-01 -6.3992994186e-01  2.6875414197e+00  1.5295186947e+00 -8.3739081487e-01  2.9058971393e+00  4.9401382401e-01 -2.2782227395e+00  2.0464256454e-01 -2.6195746167e+00 -2.2236923133e+00 -3.8034383107e-01 -1.7853723014e+00 -7.5572224538e-01  1.3666658190e+00 -2.1470290312e+00 -9.5395820611e-01 -1.5831466759e+00 -1.6763904619e-01 -1.1905843034e+00 -1.9046199057e+00  1.5606418871e+00  1.1789664434e+00
ENERGY -6.104428741445e+02

JOB 8
COORDS -2.3364109268e+00 -6.8253372654e-01  7.9749918713e-01  3.8265371985e-01  7.6599565058e-01 -8.5282184437e-01 -2.7629217276e+00 -6.8346439837e-01  2.2548759564e+00 -1.7132069349e+00  1.8141082658e+00 -1.6840854252e+00  2.6056356443e+00  4.3374903422e-01 -1.8113670267e+00  5.6970497948e-01 -2.0528052078e+00 -1.3692756341e+00 -1.1350085618e+00  5.8288619553e-01 -9.6425274051e-01 -1.6865994853e+00  4.4387616900e-01  3.7469300335e-01  1.1594842687e+00  2.2652495693e-01 -1.8568756178e+00 -2.5840645697e+00 -1.6325699168e+00  5.0779197396e-02  8.5574620184e-01  1.5238538219e+00 -5.4789519702e-03  8.6049837907e-01 -1.0587152249e+00 -2.3793880183e+00 -3.8528006844e+00 -7.6051163822e-01  2.2985757076e+00 -2.3518699757e+00 -1.5725795977e+00  2.7400120481e+00 -2.4469980007e+00  2.0694432337e-01  2.8051821914e+00 -1.4802756258e+00  2.7290706847e+00 -1.1315463788e+00 -2.7990180320e+00  1.7106704647e+00 -1.7601427864e+00 -1.2949560400e+00  1.8983704751e+00 -2.6913507214e+00  3.0854062001e+00 -1.9552470032e-01 -1.0515776607e+00  2.7991317459e+00  1.4798092151e+00 -1.5755086138e+00  3.0064692320e+00  1.9094318199e-01 -2.7965516498e+00  7.0980344081e-01 -3.0085557981e+00 -1.8792359426e+00 -4.5505194321e-01 -1.9868800391e+00 -9.9991838967e-01  1.2821723023e+00 -1.9775377884e+00 -5.3932232262e-01 -1.4050928931e+00 -3.0813276437e-01 -1.5242625211e+00 -1.3649801222e+00  1.1197890614e+00  1.0574375132e+00
ENERGY -6.104382904767e+02

JOB 9
COORDS -2.3780593190e+00 -6.2277081042e-01  8.4676346435e-01  4.0403799571e-01  8.2604573583e-01 -8.8452159450e-01 -2.7395642184e+00 -6.7568000302e-01  2.3207616895e+00 -1.7682429984e+00  1.8701853351e+00 -1.5036385457e+00  2.5796527190e+00  4.6263895258e-01 -1.9178483215e+00  4.4458055204e-01 -2.0111549062e+00 -1.1386407858e+00 -1.1127790955e+00  6.2070075508e-01 -8.9001345412e-01 -1.5515951299e+00  4.0165456494e-01  4.8093428770e-01  1.1409840989e+00  1.9974174515e-01 -1.8709826101e+00 -2.8070420719e+00 -1.4539591380e+00  4.2853834896e-02  9.0846692085e-01  1.6692812586e+00 -1.4172339077e-01  9.1613274348e-01 -1.1662093029e+00 -2.2098043347e+00 -3.8245850866e+00 -5.8090029946e-01  2.4171812309e+00 -2.4604469146e+00 -1.6563393850e+00  2.7149362391e+00 -2.2588465058e+00  1.0286831274e-01  2.9195076341e+00 -1.5086163680e+00  2.7626019552e+00 -9.2776214143e-01 -2.8541985355e+00  1.7428556938e+00 -1.5018425513e+00 -1.4324651436e+00  2.0102189878e+00 -2.5357204898e+00  3.1081417287e+00 -2.5873310520e-02 -1.0903460880e+00  2.7399644711e+00  1.5386647841e+00 -1.8568511473e+00  2.9532285642e+00  8.2138120716e-02 -2.8694675940e+00  7.7395713625e-01 -3.0147818380e+00 -1.4185878235e+00 -6.4194733452e-01 -2.0006575909e+00 -1.0427185828e+00  9.1136815454e-01 -1.7298120732e+00 -1.8727679972e-01 -1.4121702551e+00 -2.4635378048e-01 -1.4716463677e+00 -1.1907241388e+00  1.0415951071e+00  1.1779916673e+00
ENERGY -6.104334464003e+02

JOB 10
COORDS -2.3755880610e+00 -6.1589852114e-01  8.4531663867e-01  4.1881140404e-01  8.1022617602e-01 -8.9422908574e-01 -2.7404547049e+00 -6.6226764987e-01  2.3188931364e+00 -1.7517324001e+00  1.8449912268e+00 -1.5267478243e+00  2.5914326631e+00  5.1021422990e-01 -1.9420343358e+00  3.5435749591e-01 -2.0362248762e+00 -1.1979562434e+00 -1.0974505457e+00  6.0313001683e-01 -8.9593093095e-01 -1.5390957197e+00  3.9987343081e-01  4.7630267362e-01  1.1692146061e+00  1.7711583855e-01 -1.8670804323e+00 -2.8119086693e+00 -1.4445059254e+00  4.3124795816e-02  9.1252668093e-01  1.6825165755e+00 -1.7659955656e-01  1.0449502111e+00 -1.2190699200e+00 -2.1586870821e+00 -3.8244445921e+00 -5.5444085116e-01  2.4133725750e+00 -2.4736932597e+00 -1.6455207032e+00  2.7151228391e+00 -2.2515268403e+00  1.1134420979e-01  2.9173573757e+00 -1.4913949629e+00  2.7444538614e+00 -9.6250723443e-01 -2.8377601017e+00  1.7183245551e+00 -1.5239220744e+00 -1.4150361852e+00  1.9711307177e+00 -2.5603616300e+00  3.1498648762e+00  9.3943933230e-02 -1.0956445042e+00  2.6957320543e+00  1.5948378068e+00 -1.9425547430e+00  2.9754629610e+00  9.8136754793e-02 -2.8762261493e+00  7.6536833514e-01 -3.0364901520e+00 -1.3554942946e+00 -7.2470809273e-01 -2.0609822576e+00 -1.3549752133e+00  5.7256035330e-01 -1.7130684019e+00 -1.7318406118e-01 -1.4019019194e+00 -2.6959438346e-01 -1.4642980658e+00 -1.1779796432e+00  1.0441119942e+00  1.1691969219e+00
ENERGY -6.104290304987e+02

JOB 11
COORDS -2.1792861460e+00 -6.6673529914e-01  1.1588216119e+00  3.0884035846e-01  6.1812696715e-01 -6.5409536522e-01 -2.6008206039e+00 -5.0883309768e-01  2.6084079774e+00 -1.7277105735e+00  1.6158357022e+00 -1.6775666658e+00  2.5867977088e+00  4.7239099888e-01 -1.4994794922e+00  9.1984979045e-02 -2.0844932858e+00 -1.8812105434e+00 -1.2132945125e+00  4.5855082691e-01 -8.0561306891e-01 -1.8232419613e+00  4.9087112672e-01  5.1506133401e-01  1.1729518688e+00  1.1900676482e-01 -1.6029388463e+00 -2.1891554510e+00 -1.7648601653e+00  5.9829795821e-01  7.2885853878e-01  1.4061593836e+00  2.0149908819e-01  1.1297057642e+00 -1.1659290591e+00 -2.2341706542e+00 -3.6157895897e+00 -8.9865465178e-01  2.7218863301e+00 -1.9424484562e+00 -1.1198030301e+00  3.2320144988e+00 -2.5726977940e+00  5.2526628382e-01  2.9616306336e+00 -1.4762967565e+00  2.5808524025e+00 -1.2271789888e+00 -2.8143208941e+00  1.5435964356e+00 -1.7765583373e+00 -1.2767604847e+00  1.5730239806e+00 -2.6730948739e+00  3.0815084466e+00 -8.5128350344e-02 -6.9639082105e-01  2.6661905084e+00  1.5394777050e+00 -1.2987045371e+00  3.0546229944e+00  2.3371802089e-01 -2.4557535715e+00  4.7819066141e-01 -3.0450007678e+00 -2.2303921176e+00 -8.4458835876e-01 -1.8699850420e+00 -2.4057328475e+00 -8.6640036086e-02 -2.1288826621e+00 -8.0333804383e-01 -1.5079293404e+00 -4.8241434971e-01 -1.2528006625e+00 -1.5728163744e+00  1.2907142278e+00  1.0851320151e+00
ENERGY -6.104257290799e+02

JOB 12
COORDS -2.5470622519e+00 -5.8055991862e-01  6.6705864683e-01 -2.0504945010e-02  6.7007833272e-01 -1.7218249210e+00 -2.4787315907e+00 -8.2058737628e-01  2.1644776656e+00 -2.2900900124e+00  1.7667558427e+00 -1.6418020256e+00  2.3579896646e+00  3.3364551556e-01 -1.3328115846e+00 -2.5740186878e-02 -2.1496096274e+00 -1.2365665350e+00 -1.4826775180e+00  5.1381219076e-01 -1.2773357468e+00 -1.5616073079e+00  2.1107003509e-01  1.4706003924e-01  9.7195835846e-01  6.4402295944e-02 -9.4296525387e-01 -3.4239281302e+00 -1.0844882143e+00 -3.7414448982e-02  2.9342231730e-01  1.4519783272e+00 -2.6126773815e+00  9.1149880025e-01 -1.3144035857e+00 -5.4532258855e-01 -3.4525131738e+00 -5.8780929520e-01  2.6019569272e+00 -2.2845115512e+00 -1.8827327877e+00  2.3397832404e+00 -1.7068734632e+00 -2.3187119193e-01  2.6676166488e+00 -1.8948539574e+00  2.6468012070e+00 -1.1264458048e+00 -3.3289135072e+00  1.6107335283e+00 -1.3414370108e+00 -2.2474299103e+00  1.9512439713e+00 -2.7167488832e+00  2.9997594054e+00 -7.3382937899e-02 -5.5020313607e-01  2.4992283386e+00  1.4116552112e+00 -1.4055377706e+00  2.6078882572e+00 -1.2626769879e-01 -2.2956870297e+00  3.2425494645e-01 -3.1640280917e+00 -1.0308190958e+00  7.3781947316e-03 -1.9711833847e+00 -2.3184270897e+00 -1.0446421755e+00 -2.0399476271e+00 -8.6337099443e-01 -1.9312623706e+00 -3.3286229028e-01 -1.8057485577e+00 -8.1827965225e-01  5.4306751277e-01  7.4712617851e-01
ENERGY -6.104268313970e+02

JOB 13
COORDS -2.5325167753e+00 -6.2579879133e-01  6.4526521771e-01 -5.0635723096e-02  6.6039996649e-01 -1.7342123142e+00 -2.4643121176e+00 -8.6509598339e-01  2.1424800735e+00 -2.2960809406e+00  1.8023192902e+00 -1.6651136460e+00  2.3239805073e+00  2.2883619099e-01 -1.3844158434e+00 -9.5683611752e-03 -2.1549036053e+00 -1.2104303617e+00 -1.5134831273e+00  5.3843884521e-01 -1.2833147650e+00 -1.6119634676e+00  2.5020584393e-01  1.4178557644e-01  9.3661983778e-01  6.3234168642e-02 -9.4669496593e-01 -3.3600475329e+00 -1.1947621208e+00 -6.9911120351e-02  2.6908954445e-01  1.3928621421e+00 -2.6643649003e+00  7.8642725949e-01 -1.2563565508e+00 -4.1974676807e-01 -3.4531154947e+00 -6.8676478924e-01  2.5721024640e+00 -2.2139639487e+00 -1.9154454608e+00  2.3165749323e+00 -1.7304915313e+00 -2.3608061094e-01  2.6535437854e+00 -1.8905387617e+00  2.6799868786e+00 -1.1533409959e+00 -3.3398932622e+00  1.6681414388e+00 -1.3710366624e+00 -2.2414980017e+00  1.9772165793e+00 -2.7410302823e+00  2.9651006128e+00 -1.2532620238e-01 -5.7605233572e-01  2.5102544509e+00  1.2857395812e+00 -1.5722895813e+00  2.5332773632e+00 -3.3722380078e-01 -2.2999722274e+00  3.1311477532e-01 -3.1516123708e+00 -8.9980726994e-01  1.9711033654e-01 -2.0256536983e+00 -2.2794686286e+00 -1.0770883781e+00 -2.0463510092e+00 -1.0121684387e+00 -1.9736293131e+00 -3.0606017244e-01 -1.8052471432e+00 -8.8410660673e-01  6.0183067087e-01  7.4936667497e-01
ENERGY -6.104308797635e+02

JOB 14
COORDS -2.5548741231e+00 -6.7691170508e-01  8.9249757156e-01 -1.4587660876e-01  5.7373424285e-01 -1.4283987196e+00 -2.4950413291e+00 -8.1509538811e-01  2.4019167603e+00 -2.3366818347e+00  1.8148540242e+00 -1.5708337780e+00  2.1558584644e+00 -1.2707707815e-01 -9.9101110417e-01 -2.3045064556e-01 -2.3055679916e+00 -1.0756028930e+00 -1.6403261556e+00  5.4887614821e-01 -1.0583806763e+00 -1.8374852180e+00  3.6650428247e-01  3.7316460723e-01  7.3851223336e-01 -1.4668262888e-01 -6.2994535239e-01 -3.1914230475e+00 -1.4619933470e+00  1.8703769069e-01  2.8460555957e-01  1.3161288627e+00 -2.3058998773e+00  3.8903672469e-01 -1.4220169683e+00 -1.1504901209e-01 -3.4634963490e+00 -1.1618294204e+00  2.7660384336e+00 -1.7463416428e+00 -1.5749580272e+00  2.6485671055e+00 -2.2247541211e+00  1.1556556983e-01  2.9090837226e+00 -1.9257022390e+00  2.7090708006e+00 -1.0928059871e+00 -3.4030025824e+00  1.7477522401e+00 -1.3402833979e+00 -2.2034595876e+00  1.9184678697e+00 -2.6491322121e+00  2.7142043279e+00 -5.3627292443e-01 -1.4783417989e-01  2.4579281130e+00  9.0313818692e-01 -1.1762093846e+00  2.3578231068e+00 -7.1999370074e-01 -1.8918792832e+00 -1.2119697956e-02 -3.3121728154e+00 -7.1094168628e-01  2.1620090366e-01 -2.1741347468e+00 -2.0675939380e+00 -1.3116005166e+00 -2.1650563399e+00 -1.1096450816e+00 -2.1100203735e+00 -3.1462214392e-01 -1.5361967626e+00 -1.2366756657e+00  8.8799443157e-01  9.9809808803e-01
ENERGY -6.104345643608e+02

JOB 15
COORDS -2.9639216077e+00 -1.6135192731e-01  1.5661582457e+00  3.8180042107e-03  6.9400764745e-01 -3.5883661964e-01 -3.4289446273e+00  3.3843412955e-01  2.9235431634e+00 -2.2639828147e+00  9.7107562223e-01 -1.4370345217e+00  2.3944583274e+00  1.0896250830e-01 -5.9469242791e-01  2.2881173552e-01 -1.4085318090e+00 -2.4768667151e+00 -1.4590642779e+00  2.4054044364e-01 -3.5090883410e-01 -1.9629982812e+00  5.6400110701e-01  9.8082991530e-01  9.8353669172e-01 -2.4760015597e-01 -5.3593021159e-01 -3.4524867387e+00 -1.1603175205e+00  1.0369585889e+00  2.8807412218e-01  1.8641515285e+00 -8.7026014693e-02  7.2988603694e-01 -1.4976746742e+00 -1.1299833739e+00 -4.4953967491e+00  5.7265930411e-01  2.8647974054e+00 -3.3096463334e+00 -4.6878795932e-01  3.6510183446e+00 -2.8865996604e+00  1.2201042866e+00  3.2761444275e+00 -2.1957901811e+00  2.0516952020e+00 -1.2854170198e+00 -3.3102898677e+00  6.6202244939e-01 -1.3756604914e+00 -1.8926927155e+00  7.4571550138e-01 -2.4417779960e+00  2.9749133418e+00 -7.1522555066e-01 -1.7513282439e-01  2.5414178446e+00  1.0130682655e+00 -5.6405171049e-03  2.7186055109e+00  2.9518570588e-01 -1.6261396188e+00  4.2198403126e-01 -2.3893130457e+00 -2.9163705434e+00  7.6346716697e-01 -6.3850646403e-01 -3.0440216130e+00 -8.4510194366e-01 -1.2106137493e+00 -2.4944554025e+00 -1.5487110567e+00 -8.3939514145e-01 -4.5804852347e-01 -1.6515171507e+00  1.4387242363e+00  1.3856233680e+00
ENERGY -6.104380687450e+02

JOB 16
COORDS -3.0089937528e+00 -1.6220238881e-01  1.5522729368e+00  4.4106572852e-03  7.1865442843e-01 -3.1146795541e-01 -3.4802803911e+00  3.0414282855e-01  2.9194766746e+00 -2.2538211385e+00  1.0102710308e+00 -1.3952400234e+00  2.3989101534e+00  1.3631941081e-01 -6.4957511453e-01  2.8938243311e-01 -1.4385854250e+00 -2.4942635176e+00 -1.4545628661e+00  2.5526746400e-01 -3.2049757278e-01 -1.9692366700e+00  5.4378764487e-01  1.0147616796e+00  9.8245774523e-01 -1.8750380740e-01 -6.1109485834e-01 -3.5259442110e+00 -1.1203718931e+00  9.7588361353e-01  2.8500209892e-01  1.8706970317e+00  3.5317618725e-02  6.8646353393e-01 -1.4639968855e+00 -1.1108413777e+00 -4.5354206806e+00  5.8272438830e-01  2.8507413402e+00 -3.4066436855e+00 -5.3374353767e-01  3.6177566375e+00 -2.9108241336e+00  1.1498374873e+00  3.3149091336e+00 -2.1941928052e+00  2.0870394770e+00 -1.2151745626e+00 -3.2981229724e+00  6.9182106737e-01 -1.3522434448e+00 -1.8713702774e+00  8.1266658269e-01 -2.4019064295e+00  2.9554184959e+00 -6.3447223435e-01 -1.1021463346e-01  2.5331390540e+00  1.1041372762e+00 -1.6813164937e-01  2.7639160810e+00  1.9148998112e-01 -1.6819054492e+00  2.8233599199e-01 -2.4854317751e+00 -2.8035715831e+00  1.0103602385e+00 -8.7822080998e-01 -3.0996922796e+00 -7.1025330447e-01 -1.0150099977e+00 -2.6165034756e+00 -1.5367367739e+00 -8.2095376318e-01 -4.6333953521e-01 -1.6336069177e+00  1.3920443974e+00  1.4554437137e+00
ENERGY -6.104411397082e+02

JOB 17
COORDS -2.9800915974e+00 -1.1674253475e-01  1.5175048947e+00  8.5101496855e-02  7.2631350576e-01 -2.9958363867e-01 -3.4562096027e+00  3.3869374499e-01  2.8867388148e+00 -2.1560570479e+00  1.0299126138e+00 -1.3993514690e+00  2.4652699184e+00  1.6067274887e-01 -7.6086710481e-01  3.3043107539e-01 -1.4973076210e+00 -2.5647160169e+00 -1.3738802192e+00  2.6753817705e-01 -3.1479743065e-01 -1.9018532459e+00  5.5361717416e-01  1.0140121488e+00  1.0392867699e+00 -1.1286141834e-01 -8.0078130434e-01 -3.5280339766e+00 -1.0383218722e+00  9.0985452741e-01  3.8299034616e-01  1.8362032916e+00  1.5365418254e-01  7.2477296199e-01 -1.4244579189e+00 -1.1829242326e+00 -4.4968535801e+00  6.6462496849e-01  2.8059582127e+00 -3.4320901321e+00 -5.1702270465e-01  3.5666626195e+00 -2.8581901689e+00  1.1497096626e+00  3.3115245421e+00 -2.0978041120e+00  2.1059353388e+00 -1.2135282825e+00 -3.2012401825e+00  7.1279826518e-01 -1.3732049911e+00 -1.7572692362e+00  8.3401800222e-01 -2.3998803362e+00  2.9574935565e+00 -5.2211114549e-01 -6.0785763980e-02  2.5971818810e+00  1.1901396563e+00 -4.2985235175e-01  2.9025227757e+00  3.4194479305e-02 -1.7563734271e+00  2.5678827788e-01 -2.5648194800e+00 -2.7806361045e+00  1.0855905370e+00 -1.0371886529e+00 -3.2114363175e+00 -6.3982211586e-01 -1.0209654920e+00 -2.7272456742e+00 -1.4574021272e+00 -8.0670593871e-01 -4.7078457554e-01 -1.5282693666e+00  1.3717225688e+00  1.4808021840e+00
ENERGY -6.104434725540e+02

JOB 18
COORDS -3.0430796933e+00 -8.1917773446e-02  1.5396000898e+00  7.8205464823e-02  7.1134134131e-01 -2.2054925047e-01 -3.5306901354e+00  3.7265671533e-01  2.9050345432e+00 -2.1395693966e+00  9.9969597467e-01 -1.3626126198e+00  2.4291518041e+00  2.1680140706e-01 -8.0983369185e-01  3.4846765108e-01 -1.5071625834e+00 -2.6237841432e+00 -1.3799448526e+00  2.5451202149e-01 -2.4731424255e-01 -1.9363366135e+00  5.5872037858e-01  1.0629802472e+00  9.9837129598e-01 -2.8399001842e-02 -9.2114747450e-01 -3.6097091971e+00 -9.7761469549e-01  9.0989946253e-01  4.0261103692e-01  1.7521545237e+00  3.5634595574e-01  6.9280998798e-01 -1.3654843070e+00 -1.2357883903e+00 -4.5590839727e+00  7.3167820495e-01  2.8090771848e+00 -3.5458488459e+00 -4.9089753569e-01  3.5752903754e+00 -2.9160611407e+00  1.1600555029e+00  3.3500424570e+00 -2.0921096419e+00  2.0787744177e+00 -1.1899646344e+00 -3.1835036561e+00  6.7799252759e-01 -1.3548705079e+00 -1.7156530470e+00  7.9055570906e-01 -2.3493310570e+00  2.8650395658e+00 -3.9638436882e-01 -1.3276379770e-02  2.5737200518e+00  1.2716322046e+00 -5.7997397098e-01  2.9126633111e+00 -2.4983044115e-02 -1.7598365993e+00  2.7022469078e-01 -2.5838082299e+00 -2.7870105233e+00  1.1313020703e+00 -1.0888164723e+00 -3.2658793257e+00 -6.0956488844e-01 -1.0288977206e+00 -2.8457075369e+00 -1.4556867497e+00 -8.2125333657e-01 -4.0000370305e-01 -1.5234384773e+00  1.3411414749e+00  1.5572815885e+00
ENERGY -6.104451338660e+02

JOB 19
COORDS -3.0441910529e+00 -3.8470909728e-02  1.6640829722e+00  9.8770230938e-02  6.3554621585e-01 -1.0970635558e-01 -3.5252681676e+00  4.9260860598e-01  3.0041243362e+00 -2.1252838545e+00  7.8338213440e-01 -1.2975028658e+00  2.4283656255e+00  1.7096085292e-01 -7.7374751745e-01  5.5080354017e-01 -1.3541643639e+00 -2.8034384500e+00 -1.3547861477e+00  1.5940742921e-01 -1.1737315201e-01 -1.9299016991e+00  5.6128101899e-01  1.1565945579e+00  9.9060080175e-01 -1.0526649795e-02 -9.3468486117e-01 -3.6275141541e+00 -9.5349510529e-01  1.0780033586e+00  4.5157318762e-01  1.6044174778e+00  5.6620187301e-01  6.3355285987e-01 -1.3024259421e+00 -1.3707136956e+00 -4.5465307944e+00  8.6569636025e-01  2.8875940728e+00 -3.5580290900e+00 -3.3578973034e-01  3.7168127392e+00 -2.8970450159e+00  1.2902154975e+00  3.4102834136e+00 -2.0781994698e+00  1.8752874577e+00 -1.2453593914e+00 -3.1684445632e+00  4.6513268707e-01 -1.2401448301e+00 -1.7173376853e+00  4.6205125031e-01 -2.2590069146e+00  2.8267900596e+00 -5.3625215175e-01 -3.7663183995e-02  2.6015331692e+00  1.1908464911e+00 -4.3324601799e-01  2.9258041132e+00  1.7177099023e-02 -1.7342407876e+00  2.3540160607e-01 -2.3741490794e+00 -3.0310259738e+00  1.5267790762e+00 -1.1610482009e+00 -3.2632003755e+00 -1.8385538451e-01 -6.3951991817e-01 -3.1837207755e+00 -1.4028879518e+00 -9.2717662587e-01 -1.9068417696e-01 -1.4658919511e+00  1.3223610718e+00  1.6392216192e+00
ENERGY -6.104459443080e+02

JOB 20
COORDS -3.0573450649e+00  1.7558649732e-02  1.6107721284e+00  1.1656501475e-01  5.9385532199e-01 -1.4202660457e-01 -3.5451659335e+00  6.0358109575e-01  2.9252302640e+00 -2.0902914877e+00  6.1249532347e-01 -1.3878950192e+00  2.4107838632e+00  1.6205953924e-01 -9.0910266205e-01  6.8675789242e-01 -1.2593254730e+00 -3.0092894593e+00 -1.3338872789e+00  1.0853826760e-01 -1.4404431419e-01 -1.9413134537e+00  5.9601818619e-01  1.0833055233e+00  9.6496275533e-01  4.7124162878e-02 -1.0840611393e+00 -3.6411206324e+00 -9.1779002710e-01  1.0578619166e+00  5.0335777246e-01  1.4849394351e+00  6.1512413348e-01  5.5542228161e-01 -1.2118672425e+00 -1.5820642625e+00 -4.5650868015e+00  9.7323548166e-01  2.7880297203e+00 -3.5834050264e+00 -1.9502496214e-01  3.6709695320e+00 -2.9180603459e+00  1.4164234132e+00  3.3018129344e+00 -2.0465210790e+00  1.7043959163e+00 -1.4463646101e+00 -3.1336446784e+00  3.0022297512e-01 -1.3087331383e+00 -1.6703347921e+00  1.9136803762e-01 -2.3038962128e+00  2.7892661145e+00 -6.6428830661e-01 -2.9695400594e-01  2.6091096406e+00  1.1100360110e+00 -4.1125105234e-01  2.9049470610e+00  1.5470466790e-01 -1.8831666809e+00  2.2190998334e-01 -2.2017168214e+00 -3.3048293275e+00  1.7395551412e+00 -1.2624878998e+00 -3.3135394801e+00  1.6764002178e-01 -4.1756167697e-01 -3.4784702825e+00 -1.3606878000e+00 -9.8296193492e-01 -1.3716840202e-01 -1.4405412959e+00  1.3306009514e+00  1.5705701019e+00
ENERGY -6.104460617683e+02

JOB 21
COORDS -3.0645233094e+00  4.5208725784e-02  1.6319125867e+00  9.4961162480e-02  6.0334097411e-01 -1.5425084980e-01 -3.5296344088e+00  6.1777789093e-01  2.9605441659e+00 -2.1213589630e+00  6.4371120620e-01 -1.3779889983e+00  2.3498590619e+00  1.9105986524e-01 -1.0087534800e+00  7.8438568676e-01 -1.3052832331e+00 -3.0421614127e+00 -1.3596622523e+00  1.3367224517e-01 -1.3971968722e-01 -1.9508137954e+00  6.2061327329e-01  1.0954816295e+00  8.9738909545e-01  1.1286343969e-01 -1.1717023718e+00 -3.6651230002e+00 -8.7654911098e-01  1.0745341048e+00  5.1904445671e-01  1.4435992430e+00  6.3850784786e-01  4.5045425141e-01 -1.1454587445e+00 -1.6596441229e+00 -4.5475678498e+00  9.9903960783e-01  2.8415720798e+00 -3.5661918427e+00 -1.9057302479e-01  3.6958168813e+00 -2.8900749493e+00  1.4195442948e+00  3.3398966241e+00 -2.0868342780e+00  1.7365418801e+00 -1.4245068573e+00 -3.1621712737e+00  3.2253307860e-01 -1.3015074528e+00 -1.6932692237e+00  2.3440824075e-01 -2.2957675167e+00  2.7213423679e+00 -6.8342254983e-01 -4.6217323684e-01  2.5671445205e+00  1.0964129683e+00 -4.4418123198e-01  2.8344086295e+00  2.5123951872e-01 -1.9853292726e+00  2.4920312322e-01 -2.2024879094e+00 -3.3585097185e+00  1.8601979876e+00 -1.4583646414e+00 -3.1821670892e+00  4.4956854662e-01 -4.4107158411e-01 -3.6266411176e+00 -1.3938264016e+00 -9.5823283244e-01 -1.3632013920e-01 -1.4243775875e+00  1.3270973763e+00  1.5969647166e+00
ENERGY -6.104444617863e+02

JOB 22
COORDS -3.0633483440e+00  4.6028515381e-02  1.6488668818e+00  5.8562549631e-02  6.3128365023e-01 -1.9042402165e-01 -3.4990766709e+00  5.8326943251e-01  3.0021083157e+00 -2.1777836389e+00  7.3707519925e-01 -1.3665810264e+00  2.2857824853e+00  2.1577823796e-01 -1.0853858166e+00  8.9557403070e-01 -1.3918108346e+00 -3.0209173708e+00 -1.4007673944e+00  1.7950146133e-01 -1.5808919098e-01 -1.9607652647e+00  6.3435328135e-01  1.1032881986e+00  8.3054253198e-01  1.6952589289e-01 -1.2481509392e+00 -3.6774804094e+00 -8.5978755481e-01  1.0804817869e+00  5.1022011328e-01  1.4410441123e+00  6.1832811359e-01  3.4140285905e-01 -1.0798640470e+00 -1.7423625934e+00 -4.5184890972e+00  9.6914711070e-01  2.9147711788e+00 -3.5219176595e+00 -2.4440590156e-01  3.7161175935e+00 -2.8501713622e+00  1.3737681366e+00  3.3891742583e+00 -2.1318858981e+00  1.8304357431e+00 -1.3784553012e+00 -3.2207859045e+00  4.2480310196e-01 -1.2825715986e+00 -1.7663575962e+00  3.5157654285e-01 -2.3021031893e+00  2.6460457116e+00 -6.7741943906e-01 -5.6091522388e-01  2.5138589914e+00  1.1007269853e+00 -4.9365120171e-01  2.7730485843e+00  2.9962444949e-01 -2.0582904837e+00  3.2004952049e-01 -2.2518820275e+00 -3.3681036910e+00  1.9523862604e+00 -1.6710276144e+00 -2.9506201823e+00  7.7249263693e-01 -5.5523240140e-01 -3.7190101751e+00 -1.4495361253e+00 -9.1139674482e-01 -1.8814989253e-01 -1.4207222096e+00  1.3245417922e+00  1.6127316755e+00
ENERGY -6.104415726122e+02

JOB 23
COORDS -3.0703351808e+00  3.6436807656e-03  1.6707097328e+00  2.9166518428e-02  6.3640523211e-01 -1.8849885330e-01 -3.4800821353e+00  4.9429291540e-01  3.0495494029e+00 -2.2190659364e+00  8.1950073819e-01 -1.3307655172e+00  2.2383706890e+00  2.4536848114e-01 -1.1094423985e+00  9.9333851516e-01 -1.4878039217e+00 -2.9364481475e+00 -1.4347347548e+00  2.0174613481e-01 -1.5660431398e-01 -1.9739375391e+00  6.0788766528e-01  1.1301714464e+00  7.8323721917e-01  2.1456802496e-01 -1.2769019832e+00 -3.6982508121e+00 -8.7825295703e-01  1.0801293453e+00  5.0009106158e-01  1.4058504320e+00  6.4848226792e-01  2.5456848252e-01 -1.0101137413e+00 -1.8150059476e+00 -4.4973782518e+00  8.9130214074e-01  2.9926032460e+00 -3.4987645606e+00 -3.5874512930e-01  3.7331349465e+00 -2.8185284619e+00  1.2650354508e+00  3.4547306148e+00 -2.1664829319e+00  1.9119646229e+00 -1.2914397948e+00 -3.2633042310e+00  5.1000563894e-01 -1.2510303376e+00 -1.8176468668e+00  4.7530700430e-01 -2.2863939376e+00  2.5956221514e+00 -6.2824209418e-01 -5.5017504792e-01  2.4681732218e+00  1.1473659536e+00 -5.4507636355e-01  2.7313110314e+00  2.9736507559e-01 -2.0808985280e+00  3.9954756848e-01 -2.3243389627e+00 -3.3095251542e+00  1.9867979993e+00 -1.8515040884e+00 -2.6545080958e+00  1.0784027935e+00 -7.2235751340e-01 -3.7178066226e+00 -1.4971252469e+00 -8.8622805646e-01 -2.3278759444e-01 -1.4235005857e+00  1.2759026155e+00  1.6576384040e+00
ENERGY -6.104379314178e+02

