JOB 0
COORDS  1.5674592397e-01 -3.7796878033e+00  2.5879835354e+00  7.8699281876e-01 -3.0821707989e+00  1.5514024441e+00 -5.6221566178e-01 -3.0720846746e+00  3.5562894975e+00  6.9878745980e-01 -1.6893527159e+00  1.4815579156e+00 -6.4946067765e-01 -1.6782582806e+00  3.4834614259e+00 -2.2900736438e-02 -9.7159829205e-01  2.4473509175e+00 -3.0397894394e-01  1.0397303336e+00  9.5836092538e-01  1.1934414943e+00  1.1764849847e+00  2.9846194392e+00 -2.7291987985e+00  4.6258436759e-01  1.2003331095e+00 -1.8495684031e+00  1.4649042758e+00 -8.8488144835e-01 -8.5024657797e-02  5.4832082470e-01  2.4027267448e+00 -1.5758391821e+00  9.4899030963e-01  4.5222690914e-01  6.3652117950e-01  1.4726222679e+00  2.8638305113e-01  2.2503124935e-01 -4.8632583786e+00  2.6401053697e+00  1.3484829289e+00 -3.6246912587e+00  7.9480199600e-01 -1.0553803931e+00 -3.6033995848e+00  4.3665644568e+00  1.1911967294e+00 -1.1526758934e+00  6.7461547069e-01 -1.2084748954e+00 -1.1329977050e+00  4.2419899695e+00  1.0423161742e+00  2.2444847830e+00  3.1736299700e+00  1.4611439029e+00  6.8756683629e-01  3.9253361025e+00  2.0165165797e+00  1.0890062273e+00  2.2735418106e+00 -3.2203451319e+00  1.2646198822e+00  1.7691918043e+00 -3.4577546830e+00  5.6769781692e-02  4.9280881987e-01 -2.4547002562e+00 -3.4407758062e-01  1.8791229374e+00 -2.2404151556e+00  6.6791375597e-01 -1.5291212841e+00 -2.5919660173e+00  2.2717766789e+00 -8.3908544865e-01 -9.2409907298e-01  1.8499368997e+00 -1.3091980301e+00 -9.3492748182e-01  8.8443064569e-01  3.0053908499e+00
ENERGY -5.583002545145e+02

JOB 1
COORDS  1.5487461837e-01 -3.7800451214e+00  2.5683192000e+00  7.9862718978e-01 -3.0751668807e+00  1.5451261333e+00 -5.7641529018e-01 -3.0793282106e+00  3.5324153818e+00  7.1151730741e-01 -1.6818263133e+00  1.4839982059e+00 -6.6232753332e-01 -1.6849444473e+00  3.4688956277e+00 -2.2245590351e-02 -9.7105338134e-01  2.4459672166e+00 -3.0056691458e-01  1.0419080406e+00  9.6604837689e-01  1.1938446132e+00  1.1825047204e+00  3.0041426040e+00 -2.7290267739e+00  4.7787692577e-01  1.2183720392e+00 -1.8515173960e+00  1.4733798164e+00 -8.7099215592e-01 -8.2546328711e-02  5.4889372877e-01  2.4127143019e+00 -1.5758079372e+00  9.6109883535e-01  4.6729842113e-01  6.3956600609e-01  1.4643750986e+00  2.8696647159e-01  2.2226652711e-01 -4.8639854418e+00  2.6134274218e+00  1.3697888236e+00 -3.6122859491e+00  7.9190512221e-01 -1.0801797281e+00 -3.6163790984e+00  4.3323339461e+00  1.2143137059e+00 -1.1391753325e+00  6.8762981589e-01 -1.2301449915e+00 -1.1449581051e+00  4.2245853630e+00  9.6899067299e-01  2.1707487585e+00  3.4200249458e+00  1.6041061994e+00  5.5841105987e-01  3.8015293944e+00  1.9372759961e+00  1.3305318827e+00  2.2190132789e+00 -3.2055608403e+00  1.2769869702e+00  1.8033914331e+00 -3.4682713424e+00  9.2433843335e-02  5.1073702069e-01 -2.4594465067e+00 -3.4283057403e-01  1.8823147858e+00 -2.2376171181e+00  6.7358524468e-01 -1.5147093680e+00 -2.5983704203e+00  2.2759997232e+00 -8.2587331014e-01 -9.2806478426e-01  1.8626969617e+00 -1.2955907175e+00 -9.4028322362e-01  8.8557960345e-01  3.0025231492e+00
ENERGY -5.582986251212e+02

JOB 2
COORDS  3.4006662852e-01 -3.8046136822e+00  2.2653896988e+00  9.1444620533e-01 -3.0014050330e+00  1.2737551491e+00 -3.7630735249e-01 -3.2065282378e+00  3.3066204103e+00  7.7291918742e-01 -1.6120385824e+00  1.3208225454e+00 -5.1644435502e-01 -1.8156582228e+00  3.3503993757e+00  5.3684591866e-02 -1.0029069952e+00  2.3604936680e+00 -3.5697255848e-01  1.0952563878e+00  1.0441704389e+00  1.2104931378e+00  1.1551272995e+00  3.0470669702e+00 -2.7463669087e+00  3.9650914840e-01  1.3381518726e+00 -1.9898513387e+00  1.5618594869e+00 -7.0994943922e-01 -6.3026542647e-02  5.1264733517e-01  2.4444717978e+00 -1.6428012104e+00  9.7795647050e-01  5.8169969012e-01  5.3370615770e-01  1.6141849733e+00  3.6539478107e-01  4.4958936080e-01 -4.8853379741e+00  2.2266250048e+00  1.4735864261e+00 -3.4583352393e+00  4.6093334704e-01 -8.2634391858e-01 -3.8203279825e+00  4.0830351147e+00  1.2229575391e+00 -9.9286608044e-01  5.4906831703e-01 -1.0723009625e+00 -1.3558966483e+00  4.1656234840e+00  9.4115458686e-01  1.9298402326e+00  3.7724103237e+00  1.8229066563e+00  4.1050044696e-01  3.5600304974e+00  1.7962252910e+00  1.6326794655e+00  2.2597022135e+00 -3.2260704605e+00  1.1311016819e+00  2.0000456156e+00 -3.5001244294e+00  3.7483855284e-02  6.3214645057e-01 -2.4211963211e+00 -4.6067653589e-01  1.9269192873e+00 -2.3702511774e+00  7.8870482721e-01 -1.3884983974e+00 -2.7640550536e+00  2.3296747714e+00 -5.8666241968e-01 -1.0991241341e+00  2.0140102483e+00 -1.1420662430e+00 -9.1439956476e-01  7.6385532001e-01  3.0832558220e+00
ENERGY -5.582967545243e+02

JOB 3
COORDS  3.1785660172e-01 -3.7946269387e+00  2.2877143451e+00  8.8827204476e-01 -3.0000394046e+00  1.2866471103e+00 -3.8770105962e-01 -3.1868701075e+00  3.3304972738e+00  7.5342115467e-01 -1.6100087287e+00  1.3271514440e+00 -5.2243577525e-01 -1.7950678397e+00  3.3673025698e+00  4.4427055760e-02 -9.9138875970e-01  2.3684557319e+00 -3.5615275935e-01  1.0999409695e+00  1.0413127677e+00  1.2098273914e+00  1.1636501203e+00  3.0543469131e+00 -2.7439184693e+00  3.9335310654e-01  1.3234170959e+00 -1.9783899073e+00  1.5442428463e+00 -7.2923969673e-01 -6.6256100888e-02  5.2657125153e-01  2.4437840292e+00 -1.6372099577e+00  9.7062126895e-01  5.6863734426e-01  5.3686400120e-01  1.6218651694e+00  3.6784117715e-01  4.2226800640e-01 -4.8760421764e+00  2.2547299702e+00  1.4388177360e+00 -3.4642007764e+00  4.7204378720e-01 -8.3422063519e-01 -3.7940009182e+00  4.1141339003e+00  1.2014584461e+00 -9.9733512980e-01  5.4895081283e-01 -1.0710473525e+00 -1.3283238565e+00  4.1835100855e+00  9.7355776658e-01  1.6885011276e+00  3.9846292182e+00  1.9579080427e+00  4.0113941980e-01  3.2820471056e+00  1.6522674592e+00  1.8716227487e+00  2.3515690488e+00 -3.2354639521e+00  1.1355978756e+00  1.9678922669e+00 -3.4878023791e+00  1.6583478379e-02  6.1608866385e-01 -2.4184377897e+00 -4.5120670068e-01  1.9297287800e+00 -2.3520719730e+00  7.6478379013e-01 -1.4042962247e+00 -2.7561007161e+00  2.3101293965e+00 -6.1621147405e-01 -1.0868434500e+00  1.9966337867e+00 -1.1593400632e+00 -9.1542504656e-01  7.6436062711e-01  3.0904810316e+00
ENERGY -5.582958044663e+02

JOB 4
COORDS  3.0549847016e-01 -3.7904501210e+00  2.3186930505e+00  8.7201548559e-01 -3.0023608915e+00  1.3100615660e+00 -3.9429048507e-01 -3.1736681938e+00  3.3597811807e+00  7.4000711451e-01 -1.6120406036e+00  1.3413957084e+00 -5.2806860030e-01 -1.7813669173e+00  3.3874941256e+00  3.5665031762e-02 -9.8528543717e-01  2.3811629468e+00 -3.5963656201e-01  1.1019207582e+00  1.0431426611e+00  1.2011424587e+00  1.1649294150e+00  3.0549591233e+00 -2.7492513109e+00  3.9619963912e-01  1.3078653233e+00 -1.9667499616e+00  1.5411426135e+00 -7.4173732573e-01 -7.6167003245e-02  5.3486142216e-01  2.4451948927e+00 -1.6366214772e+00  9.7089704659e-01  5.6025693506e-01  5.4009199946e-01  1.6221405523e+00  3.7700962433e-01  4.0852367174e-01 -4.8722107125e+00  2.2926320524e+00  1.4181415659e+00 -3.4727067262e+00  4.9605811427e-01 -8.3781453874e-01 -3.7745467589e+00  4.1498723907e+00  1.1863609271e+00 -1.0053861429e+00  5.5738658749e-01 -1.0740171003e+00 -1.3089061921e+00  4.2023106237e+00  1.0487102834e+00  1.4039447987e+00  4.1109096530e+00  2.0429073276e+00  4.7152155244e-01  2.9868485401e+00  1.4904424314e+00  2.0613716055e+00  2.5037342624e+00 -3.2523725198e+00  1.1432808281e+00  1.9376669948e+00 -3.4824932166e+00  6.5627843841e-03  5.9626704309e-01 -2.4261754398e+00 -4.3908169012e-01  1.9280229303e+00 -2.3320672942e+00  7.5961773855e-01 -1.4190310247e+00 -2.7473107831e+00  2.3053767720e+00 -6.3760069009e-01 -1.0720920248e+00  1.9949005827e+00 -1.1640605803e+00 -9.1943979944e-01  7.5847400924e-01  3.1052749647e+00
ENERGY -5.582965255535e+02

JOB 5
COORDS  3.0629976832e-01 -3.7903885346e+00  2.3305345328e+00  8.6862438137e-01 -3.0063657687e+00  1.3163414835e+00 -3.8973274497e-01 -3.1709715543e+00  3.3725520006e+00  7.3642933964e-01 -1.6160408300e+00  1.3429810208e+00 -5.2350272075e-01 -1.7785776763e+00  3.3943170427e+00  3.5555433518e-02 -9.8584332261e-01  2.3828679575e+00 -3.5730488664e-01  1.1034549485e+00  1.0403366517e+00  1.2002560316e+00  1.1568061139e+00  3.0416675427e+00 -2.7456270228e+00  3.9669887806e-01  1.2945905346e+00 -1.9566124042e+00  1.5481479086e+00 -7.5047228164e-01 -7.8489952630e-02  5.3457642915e-01  2.4402094322e+00 -1.6316013813e+00  9.7279200396e-01  5.5039520031e-01  5.4633058774e-01  1.6273645654e+00  3.8228726162e-01  4.0975279397e-01 -4.8721779556e+00  2.3079902147e+00  1.4116524496e+00 -3.4798920804e+00  5.0211032142e-01 -8.2969638441e-01 -3.7690707526e+00  4.1667479339e+00  1.1792253663e+00 -1.0121725561e+00  5.5474013625e-01 -1.0671666943e+00 -1.3030575765e+00  4.2089131033e+00  1.1567033929e+00  1.1371565126e+00  4.1341339383e+00  2.0818982213e+00  5.9323363022e-01  2.7266878818e+00  1.3450231628e+00  2.1776068994e+00  2.6817990704e+00 -3.2497362573e+00  1.1423782007e+00  1.9252913852e+00 -3.4776914869e+00  8.4321437980e-03  5.8105823484e-01 -2.4231113312e+00 -4.3960566931e-01  1.9138499179e+00 -2.3225884012e+00  7.6986846662e-01 -1.4311175010e+00 -2.7347909816e+00  2.3149068178e+00 -6.4663698357e-01 -1.0591156893e+00  2.0002001941e+00 -1.1688179711e+00 -9.1582964149e-01  7.5771168308e-01  3.1090610107e+00
ENERGY -5.582983704445e+02

JOB 6
COORDS  3.0042579582e-01 -3.7916374894e+00  2.3631427959e+00  8.6750003135e-01 -3.0151449638e+00  1.3460207781e+00 -4.0077343958e-01 -3.1649703945e+00  3.3975422669e+00  7.3451530740e-01 -1.6245957871e+00  1.3622343415e+00 -5.3468629458e-01 -1.7726708059e+00  3.4091699628e+00  2.8743804619e-02 -9.8718973574e-01  2.3942631023e+00 -3.5742803339e-01  1.0981153753e+00  1.0370622409e+00  1.1914403114e+00  1.1559628801e+00  3.0310622831e+00 -2.7502880793e+00  4.0390800566e-01  1.2862068378e+00 -1.9521596128e+00  1.5560023398e+00 -7.5465047586e-01 -8.5667783381e-02  5.3250678929e-01  2.4394850044e+00 -1.6325451316e+00  9.7770751509e-01  5.4606618802e-01  5.5232716842e-01  1.6134402822e+00  3.8076204227e-01  4.0403250451e-01 -4.8735571805e+00  2.3488842402e+00  1.4146446507e+00 -3.4944290105e+00  5.3794781281e-01 -8.4444574936e-01 -3.7577157954e+00  4.1936784976e+00  1.1797583453e+00 -1.0263292779e+00  5.7113747279e-01 -1.0819098305e+00 -1.2912440438e+00  4.2179267012e+00  1.2575335853e+00  9.3039260324e-01  4.0994829547e+00  2.0768909412e+00  7.5091985059e-01  2.5362374035e+00  1.2078700354e+00  2.2375773509e+00  2.8742782626e+00 -3.2584120826e+00  1.1517145078e+00  1.9112057413e+00 -3.4783562694e+00  1.1964227288e-02  5.7046795273e-01 -2.4304062904e+00 -4.2948981994e-01  1.9107226301e+00 -2.3171970646e+00  7.7993926336e-01 -1.4384016426e+00 -2.7294013368e+00  2.3237974675e+00 -6.5162828200e-01 -1.0523630671e+00  2.0072095117e+00 -1.1690338575e+00 -9.2204782539e-01  7.7220679617e-01  3.1044611752e+00
ENERGY -5.583001164567e+02

JOB 7
COORDS  2.9374335270e-01 -3.7965496729e+00  2.3855666699e+00  8.6993075618e-01 -3.0267966974e+00  1.3686725783e+00 -4.1579323381e-01 -3.1631685941e+00  3.4103900835e+00  7.3776727450e-01 -1.6358628929e+00  1.3746655585e+00 -5.4770340281e-01 -1.7708334075e+00  3.4124771271e+00  2.4562525321e-02 -9.9189766386e-01  2.3971980328e+00 -3.5560183373e-01  1.0861427858e+00  1.0249806955e+00  1.1871784188e+00  1.1563482544e+00  3.0184159668e+00 -2.7532775531e+00  4.1085330360e-01  1.2831250878e+00 -1.9530252381e+00  1.5532492563e+00 -7.6229814123e-01 -8.7252508414e-02  5.2650397102e-01  2.4328017887e+00 -1.6340549185e+00  9.7747741202e-01  5.3969543517e-01  5.5626291763e-01  1.5884138665e+00  3.6167207139e-01  3.9652977043e-01 -4.8786259794e+00  2.3787498860e+00  1.4235933129e+00 -3.5115504955e+00  5.6834957923e-01 -8.6693882107e-01 -3.7507706088e+00  4.2061546530e+00  1.1888066038e+00 -1.0429580931e+00  5.8293497731e-01 -1.1001240512e+00 -1.2835900101e+00  4.2141308777e+00  1.3645658301e+00  7.6193519604e-01  4.0237770558e+00  2.0508866689e+00  9.2649005565e-01  2.3921799282e+00  1.0934116078e+00  2.2449134864e+00  3.0734856816e+00 -3.2570581100e+00  1.1624653201e+00  1.9071007057e+00 -3.4843789464e+00  2.0578470438e-02  5.6953533193e-01 -2.4364213500e+00 -4.2259730414e-01  1.9091728072e+00 -2.3212069945e+00  7.7676371070e-01 -1.4439473079e+00 -2.7277016651e+00  2.3237414309e+00 -6.6037293889e-01 -1.0520670643e+00  2.0002812220e+00 -1.1786970684e+00 -9.2626833115e-01  7.8887345052e-01  3.0858267014e+00
ENERGY -5.583008284873e+02

JOB 8
COORDS  2.8642273568e-01 -3.8005946796e+00  2.4030689319e+00  8.7413076838e-01 -3.0374325922e+00  1.3879873549e+00 -4.3178278783e-01 -3.1600392008e+00  3.4175178840e+00  7.4452375383e-01 -1.6460880471e+00  1.3851415741e+00 -5.6037550951e-01 -1.7675377205e+00  3.4117948857e+00  2.3399835102e-02 -9.9528694609e-01  2.3977221518e+00 -3.5084781228e-01  1.0719232466e+00  1.0102632202e+00  1.1897925580e+00  1.1616354122e+00  3.0069520468e+00 -2.7525454564e+00  4.2030666734e-01  1.2830434573e+00 -1.9515708535e+00  1.5389642354e+00 -7.7600355106e-01 -8.3414436644e-02  5.2231643720e-01  2.4253332294e+00 -1.6324877800e+00  9.7388951670e-01  5.3092052106e-01  5.6248237459e-01  1.5568666736e+00  3.3650612563e-01  3.8683170243e-01 -4.8829190084e+00  2.4030198547e+00  1.4346877930e+00 -3.5274948816e+00  5.9573944871e-01 -8.9222890768e-01 -3.7425913572e+00  4.2116678793e+00  1.2036460731e+00 -1.0583268374e+00  5.9434461710e-01 -1.1184051019e+00 -1.2747345075e+00  4.2060889450e+00  1.4876561629e+00  6.2534336954e-01  3.9133034889e+00  2.0062180059e+00  1.1212968984e+00  2.2847422442e+00  1.0101201764e+00  2.2066295162e+00  3.2786175665e+00 -3.2452740738e+00  1.1783987214e+00  1.9079661939e+00 -3.4916734832e+00  3.5688193105e-02  5.7475803555e-01 -2.4404461864e+00 -4.1481792024e-01  1.9093295990e+00 -2.3248911231e+00  7.5806078740e-01 -1.4498134970e+00 -2.7225169776e+00  2.3137852041e+00 -6.7920917941e-01 -1.0496579336e+00  1.9779005415e+00 -1.1987269583e+00 -9.2763383355e-01  8.0597401176e-01  3.0619058766e+00
ENERGY -5.583002148309e+02

JOB 9
COORDS  2.7525228867e-01 -3.8001850305e+00  2.4338313605e+00  8.8060515685e-01 -3.0494267552e+00  1.4199118206e+00 -4.5320301723e-01 -3.1468917589e+00  3.4327609578e+00  7.5732468989e-01 -1.6575519845e+00  1.4038957623e+00 -5.7468904845e-01 -1.7538105431e+00  3.4138397085e+00  2.6620378775e-02 -9.9354265386e-01  2.4009489134e+00 -3.3644260856e-01  1.0522581090e+00  9.8790177263e-01  1.2021057537e+00  1.1736854381e+00  2.9959392866e+00 -2.7452499930e+00  4.3108774709e-01  1.2851371176e+00 -1.9409576620e+00  1.4998553911e+00 -7.9836452908e-01 -7.1553615360e-02  5.2447250468e-01  2.4146928136e+00 -1.6219502875e+00  9.5883297744e-01  5.1879958974e-01  5.7734694104e-01  1.5113148685e+00  2.9671426182e-01  3.7002322980e-01 -4.8829565915e+00  2.4448548563e+00  1.4492738376e+00 -3.5490188316e+00  6.3944861985e-01 -9.2727498349e-01 -3.7201577932e+00  4.2256584102e+00  1.2296916762e+00 -1.0788219976e+00  6.1440041061e-01 -1.1398276802e+00 -1.2513292146e+00  4.1968744075e+00  1.6347298029e+00  5.2065624722e-01  3.7597851319e+00  1.9409561439e+00  1.3403675782e+00  2.2114080362e+00  9.6626289016e-01  2.1248250281e+00  3.4838219133e+00 -3.2186694206e+00  1.2019521108e+00  1.9092599123e+00 -3.4974889326e+00  5.5864538218e-02  5.8583646320e-01 -2.4431779306e+00 -4.0597018994e-01  1.9139429259e+00 -2.3274481328e+00  7.0942587914e-01 -1.4533179167e+00 -2.7016197175e+00  2.2861944697e+00 -7.1417274555e-01 -1.0358844876e+00  1.9182288357e+00 -1.2348555495e+00 -9.2243750551e-01  8.2278964099e-01  3.0342262712e+00
ENERGY -5.582985774943e+02

JOB 10
COORDS  2.5903430384e-01 -3.7929865008e+00  2.4317858676e+00  8.6774989526e-01 -3.0426276233e+00  1.4193901930e+00 -4.6667739989e-01 -3.1386957588e+00  3.4318840686e+00  7.5150071175e-01 -1.6502651881e+00  1.4046797659e+00 -5.8201951933e-01 -1.7449431214e+00  3.4148433139e+00  2.3123539383e-02 -9.8585128043e-01  2.4034040570e+00 -3.3273010835e-01  1.0586633282e+00  9.9216351938e-01  1.2097748274e+00  1.1803244929e+00  3.0105348303e+00 -2.7406256433e+00  4.2701805104e-01  1.2843597439e+00 -1.9337888413e+00  1.4863654136e+00 -8.0175721092e-01 -6.7405519085e-02  5.3339148456e-01  2.4206035920e+00 -1.6161557351e+00  9.5523807901e-01  5.1992849660e-01  5.7889023608e-01  1.5227726060e+00  3.0152870002e-01  3.4926501472e-01 -4.8761573034e+00  2.4406829226e+00  1.4342105898e+00 -3.5435401723e+00  6.3817776804e-01 -9.4328134675e-01 -3.7110974875e+00  4.2238978878e+00  1.2276177911e+00 -1.0721709635e+00  6.1687593797e-01 -1.1449944499e+00 -1.2412182020e+00  4.1986298307e+00  1.7920129077e+00  4.3634338566e-01  3.5606823745e+00  1.8323101552e+00  1.5892378956e+00  2.2135707289e+00  9.5371261261e-01  1.9733916311e+00  3.7197368348e+00 -3.2210369851e+00  1.2003197417e+00  1.9000300734e+00 -3.4872132779e+00  4.2925835130e-02  5.8380545710e-01 -2.4380903117e+00 -4.0384872036e-01  1.9207760398e+00 -2.3103201893e+00  6.8890691564e-01 -1.4540045509e+00 -2.7019590592e+00  2.2660683777e+00 -7.2486278035e-01 -1.0308191248e+00  1.9106988988e+00 -1.2366538441e+00 -9.2119364750e-01  8.2678823634e-01  3.0377272462e+00
ENERGY -5.582967650067e+02

JOB 11
COORDS  2.3578473352e-01 -3.7850219269e+00  2.4533860641e+00  8.3651246942e-01 -3.0458622611e+00  1.4278462512e+00 -4.7264571153e-01 -3.1182222739e+00  3.4573721054e+00  7.2958286498e-01 -1.6530156307e+00  1.4045919063e+00 -5.7953970765e-01 -1.7237479220e+00  3.4307107055e+00  1.7875228637e-02 -9.7573179944e-01  2.4067872930e+00 -3.2570605478e-01  1.0619961241e+00  9.8380937628e-01  1.2185251599e+00  1.1846392885e+00  3.0110782383e+00 -2.7310303802e+00  4.1552752330e-01  1.2652964431e+00 -1.9173841583e+00  1.4594532156e+00 -8.2510111169e-01 -6.3167858796e-02  5.4592071119e-01  2.4139330220e+00 -1.6037587596e+00  9.3868430932e-01  5.0168041688e-01  5.8518961227e-01  1.5353941083e+00  2.9844594067e-01  3.1905013842e-01 -4.8686658949e+00  2.4692273741e+00  1.3895460219e+00 -3.5561294851e+00  6.4306773736e-01 -9.4283882552e-01 -3.6812422292e+00  4.2598711963e+00  1.2012319839e+00 -1.0841892864e+00  6.0728199531e-01 -1.1304183691e+00 -1.2108886183e+00  4.2171712310e+00  1.9416443618e+00  4.1666584990e-01  3.2949426492e+00  1.6923530644e+00  1.8389036407e+00  2.2775492806e+00  9.8138179436e-01  1.7647939185e+00  3.9076246974e+00 -3.2209131713e+00  1.1958788704e+00  1.8644336720e+00 -3.4695041835e+00  1.5415963563e-02  5.6506029401e-01 -2.4285628953e+00 -4.0292695423e-01  1.9174046322e+00 -2.2901951841e+00  6.5610596119e-01 -1.4721465997e+00 -2.6872538142e+00  2.2384252481e+00 -7.5736347165e-01 -1.0137121769e+00  1.8822950589e+00 -1.2599364392e+00 -9.1470632838e-01  8.2982065152e-01  3.0385398921e+00
ENERGY -5.582958120140e+02

JOB 12
COORDS  2.1950559509e-01 -3.7798527858e+00  2.4771619028e+00  8.1126368882e-01 -3.0494262833e+00  1.4400384937e+00 -4.7527241135e-01 -3.1033355199e+00  3.4839678203e+00  7.0908461008e-01 -1.6565476261e+00  1.4090530317e+00 -5.7859972497e-01 -1.7086380759e+00  3.4487617139e+00  1.0049262128e-02 -9.6949103284e-01  2.4136649697e+00 -3.2472221929e-01  1.0655333572e+00  9.8131406827e-01  1.2163882505e+00  1.1809693598e+00  3.0087461128e+00 -2.7294483639e+00  4.1136487290e-01  1.2471350926e+00 -1.9038631165e+00  1.4509800876e+00 -8.4053306783e-01 -6.8154026976e-02  5.5412136933e-01  2.4102738441e+00 -1.5981980103e+00  9.3367044181e-01  4.8922322353e-01  5.9043378494e-01  1.5430179969e+00  3.0444968132e-01  2.9929511288e-01 -4.8636494799e+00  2.4995238653e+00  1.3537689283e+00 -3.5667745752e+00  6.5255432306e-01 -9.3819224049e-01 -3.6591247019e+00  4.2956603042e+00  1.1749436971e+00 -1.0948642177e+00  6.0318488414e-01 -1.1205455966e+00 -1.1890803378e+00  4.2371246126e+00  2.0459930260e+00  4.7145963366e-01  3.0049647864e+00  1.5221896009e+00  2.0498889175e+00  2.4226806590e+00  1.0371546256e+00  1.5080911559e+00  4.0370447488e+00 -3.2314961944e+00  1.1956715178e+00  1.8309055203e+00 -3.4574257741e+00 -4.0550299499e-03  5.4468865371e-01 -2.4271854238e+00 -3.9578672285e-01  1.9131565678e+00 -2.2713390774e+00  6.4555338888e-01 -1.4880438693e+00 -2.6751793765e+00  2.2291601884e+00 -7.7993746085e-01 -9.9783983445e-01  1.8741498158e+00 -1.2702938868e+00 -9.1314530599e-01  8.2603210957e-01  3.0495863303e+00
ENERGY -5.582964320496e+02

JOB 13
COORDS  2.1239820160e-01 -3.7789809388e+00  2.5073407270e+00  8.0004914329e-01 -3.0568115814e+00  1.4621045365e+00 -4.7744915895e-01 -3.0952612842e+00  3.5126520870e+00  6.9890657374e-01 -1.6641736699e+00  1.4215051478e+00 -5.7988570726e-01 -1.7008219998e+00  3.4673194522e+00  4.4676800967e-03 -9.6977561154e-01  2.4241463678e+00 -3.2490747809e-01  1.0617071353e+00  9.8013393639e-01  1.2110619009e+00  1.1740056982e+00  2.9979186363e+00 -2.7324099913e+00  4.1630494560e-01  1.2306473433e+00 -1.8917338325e+00  1.4571591484e+00 -8.5060184547e-01 -7.4833794749e-02  5.5396860293e-01  2.4088218445e+00 -1.5959140512e+00  9.3664430543e-01  4.7992262283e-01  5.9783096057e-01  1.5339867882e+00  3.0982280232e-01  2.9158290030e-01 -4.8626426544e+00  2.5370819374e+00  1.3386352386e+00 -3.5804597010e+00  6.7610288118e-01 -9.3686434459e-01 -3.6449590875e+00  4.3304575730e+00  1.1613072795e+00 -1.1085754331e+00  6.0938807879e-01 -1.1185236899e+00 -1.1751496641e+00  4.2539664267e+00  2.0931207521e+00  5.8377723709e-01  2.7440482423e+00  1.3625028372e+00  2.1818050332e+00  2.6037435258e+00  1.1236757889e+00  1.2498175251e+00  4.0860040720e+00 -3.2481574642e+00  1.2052896752e+00  1.7959651136e+00 -3.4480489165e+00 -1.6434311801e-02  5.2572182066e-01 -2.4317300400e+00 -3.7766371179e-01  1.9128909426e+00 -2.2539321906e+00  6.5347506208e-01 -1.5033285024e+00 -2.6638989285e+00  2.2347867997e+00 -7.9377645009e-01 -9.8250230743e-01  1.8817818203e+00 -1.2723181394e+00 -9.1300006500e-01  8.2733455805e-01  3.0573699179e+00
ENERGY -5.582982508963e+02

JOB 14
COORDS  2.1065562897e-01 -3.7782705875e+00  2.5376482861e+00  8.0196846466e-01 -3.0627504950e+00  1.4900985876e+00 -4.8444843734e-01 -3.0893980940e+00  3.5360004890e+00  6.9879964958e-01 -1.6704196181e+00  1.4403695786e+00 -5.8809536941e-01 -1.6955534017e+00  3.4815066745e+00 -4.9682833644e-04 -9.7064656557e-01  2.4356634697e+00 -3.2626643930e-01  1.0564612817e+00  9.7964356970e-01  1.2011280617e+00  1.1750056109e+00  2.9884921475e+00 -2.7386262603e+00  4.2569083389e-01  1.2226674252e+00 -1.8882693910e+00  1.4707470817e+00 -8.5165243750e-01 -8.2330930860e-02  5.5194702764e-01  2.4099633930e+00 -1.5981674622e+00  9.4531160077e-01  4.7801110125e-01  6.0320756072e-01  1.5178582549e+00  3.1084401688e-01  2.9100147442e-01 -4.8616195901e+00  2.5747491906e+00  1.3446653267e+00 -3.5908420077e+00  7.0992026369e-01 -9.4661817693e-01 -3.6347206702e+00  4.3551839596e+00  1.1628292182e+00 -1.1194500608e+00  6.2608925000e-01 -1.1302705492e+00 -1.1653425879e+00  4.2626991117e+00  2.0917798763e+00  7.3260435527e-01  2.5394337417e+00  1.2274537537e+00  2.2506204274e+00  2.7928925163e+00  1.2264830191e+00  1.0243464492e+00  4.0722689217e+00 -3.2671824458e+00  1.2182019678e+00  1.7710217067e+00 -3.4428930461e+00 -2.3483486936e-02  5.1624238527e-01 -2.4389359056e+00 -3.5585851833e-01  1.9193390084e+00 -2.2484842671e+00  6.7001553758e-01 -1.5092075810e+00 -2.6603330643e+00  2.2484305709e+00 -7.9449187138e-01 -9.7705079897e-01  1.8962558805e+00 -1.2682218818e+00 -9.1906358409e-01  8.3938227376e-01  3.0548947509e+00
ENERGY -5.583000575539e+02

JOB 15
COORDS  2.0257154636e-01 -3.7863715176e+00  2.5412277049e+00  8.1042067540e-01 -3.0683049732e+00  1.5051317710e+00 -5.1236556857e-01 -3.0999258194e+00  3.5273771621e+00  7.0405521350e-01 -1.6760949265e+00  1.4542587362e+00 -6.1850845009e-01 -1.7064474335e+00  3.4726315910e+00 -1.4343163820e-02 -9.7912643952e-01  2.4377446283e+00 -3.3914482564e-01  1.0480282738e+00  9.7869823565e-01  1.1801331585e+00  1.1717971324e+00  2.9867699828e+00 -2.7555537279e+00  4.3504020338e-01  1.2286522249e+00 -1.9045522867e+00  1.4838933039e+00 -8.4462821673e-01 -9.8688697843e-02  5.4138567202e-01  2.4112318341e+00 -1.6151248651e+00  9.5518881468e-01  4.8390646369e-01  5.9268558764e-01  1.4977964026e+00  3.0546406643e-01  2.8518276317e-01 -4.8695379046e+00  2.5790369582e+00  1.3685317242e+00 -3.5943211017e+00  7.3449696794e-01 -9.8781962227e-01 -3.6472732636e+00  4.3375571108e+00  1.1793921003e+00 -1.1231678108e+00  6.4797470344e-01 -1.1750628340e+00 -1.1779696148e+00  4.2447960639e+00  2.0484034455e+00  8.9685354171e-01  2.3855250699e+00  1.1070602425e+00  2.2633539069e+00  2.9921583064e+00  1.3336901664e+00  8.2105560603e-01  4.0120321221e+00 -3.2704703310e+00  1.2226586417e+00  1.7966064972e+00 -3.4708363026e+00  7.9832137062e-03  5.1975002663e-01 -2.4593418590e+00 -3.6330060861e-01  1.9078264468e+00 -2.2654581464e+00  6.8546337321e-01 -1.5046906281e+00 -2.6756311908e+00  2.2622653877e+00 -7.8529945742e-01 -9.9263947968e-01  1.9090761171e+00 -1.2600407607e+00 -9.4010413029e-01  8.4476975326e-01  3.0428777841e+00
ENERGY -5.583008265861e+02

JOB 16
COORDS  1.9482408775e-01 -3.7844358226e+00  2.5405534926e+00  8.0549307047e-01 -3.0657915372e+00  1.5067393024e+00 -5.2221814538e-01 -3.0984883951e+00  3.5257651082e+00  6.9968792843e-01 -1.6733195359e+00  1.4564002997e+00 -6.2699996874e-01 -1.7050241320e+00  3.4725025372e+00 -2.0162206673e-02 -9.7722178395e-01  2.4392527126e+00 -3.3812407810e-01  1.0503172625e+00  9.7954287761e-01  1.1747860007e+00  1.1767724037e+00  2.9957997632e+00 -2.7549701729e+00  4.3682172991e-01  1.2282594199e+00 -1.9035078765e+00  1.4848908835e+00 -8.4474118379e-01 -1.0125367414e-01  5.4206644575e-01  2.4154787401e+00 -1.6136097665e+00  9.5509592892e-01  4.8344327475e-01  5.9187508576e-01  1.5017512537e+00  3.0521903287e-01  2.7668986017e-01 -4.8676857033e+00  2.5775449192e+00  1.3653300015e+00 -3.5913982775e+00  7.3708845666e-01 -1.0002149239e+00 -3.6464337666e+00  4.3340479140e+00  1.1767632625e+00 -1.1200850937e+00  6.5144414459e-01 -1.1842058327e+00 -1.1766077110e+00  4.2441538785e+00  1.9937328577e+00  1.0895232565e+00  2.2792711518e+00  1.0251089261e+00  2.2394311772e+00  3.2088802360e+00  1.4661318860e+00  6.5662801486e-01  3.9129728456e+00 -3.2673368830e+00  1.2248114651e+00  1.7980432611e+00 -3.4718863562e+00  1.3585316546e-02  5.1878408597e-01 -2.4610085328e+00 -3.6392523069e-01  1.9055723847e+00 -2.2682834897e+00  6.8751846705e-01 -1.5038848964e+00 -2.6719575787e+00  2.2658198996e+00 -7.8423129737e-01 -9.9106234538e-01  1.9071132635e+00 -1.2618341173e+00 -9.5050697660e-01  8.6041900086e-01  3.0287154361e+00
ENERGY -5.583002282638e+02

JOB 17
COORDS  1.9499766006e-01 -3.7852047420e+00  2.5388088694e+00  8.2223312356e-01 -3.0644445607e+00  1.5165265189e+00 -5.3715310167e-01 -3.1001982058e+00  3.5135629436e+00  7.1747364012e-01 -1.6717669478e+00  1.4675721263e+00 -6.4073081841e-01 -1.7065332804e+00  3.4625961033e+00 -1.7125570567e-02 -9.7700779599e-01  2.4405228075e+00 -3.3058911882e-01  1.0427570980e+00  9.7743722749e-01  1.1767809862e+00  1.1849044745e+00  3.0090805029e+00 -2.7520186707e+00  4.5375216250e-01  1.2421034701e+00 -1.8986253325e+00  1.4739643324e+00 -8.4511842021e-01 -9.5985911114e-02  5.4207442817e-01  2.4194609300e+00 -1.6088277029e+00  9.5503996853e-01  4.8764329902e-01  5.9988641887e-01  1.4770223040e+00  2.9265754768e-01  2.7565770081e-01 -4.8685839833e+00  2.5749744332e+00  1.3940085842e+00 -3.5884318209e+00  7.5457244911e-01 -1.0282855388e+00 -3.6495788639e+00  4.3129415621e+00  1.2071033062e+00 -1.1169266043e+00  6.7144296544e-01 -1.2088860546e+00 -1.1795594267e+00  4.2271355119e+00  1.9178122327e+00  1.3192269324e+00  2.2182508274e+00  9.6254651440e-01  2.1651427527e+00  3.4448168419e+00  1.6159007780e+00  5.3318907105e-01  3.7690304293e+00 -3.2359203286e+00  1.2441995123e+00  1.8328180923e+00 -3.4896308274e+00  6.1759925547e-02  5.3629483299e-01 -2.4688882098e+00 -3.6631561820e-01  1.9011136980e+00 -2.2723924888e+00  6.7327176886e-01 -1.4950800144e+00 -2.6598929736e+00  2.2622071242e+00 -7.8981330824e-01 -9.8397503329e-01  1.8838531466e+00 -1.2694719305e+00 -9.5407595492e-01  8.6327043683e-01  3.0174889631e+00
ENERGY -5.582985794735e+02

JOB 18
COORDS  1.8454184530e-01 -3.7815669976e+00  2.5261977200e+00  8.1164971425e-01 -3.0611230532e+00  1.5034684150e+00 -5.4155675876e-01 -3.0962430096e+00  3.5051147513e+00  7.1306007653e-01 -1.6679716563e+00  1.4577104352e+00 -6.3900606125e-01 -1.7019202724e+00  3.4568573717e+00 -1.5457115931e-02 -9.7244930093e-01  2.4347975807e+00 -3.2188649773e-01  1.0466358225e+00  9.7525231564e-01  1.1881085007e+00  1.1895885161e+00  3.0189743480e+00 -2.7402617421e+00  4.4691228298e-01  1.2417662179e+00 -1.8888172558e+00  1.4520735970e+00 -8.5383659243e-01 -8.6626757560e-02  5.4789942938e-01  2.4186161092e+00 -1.5975702976e+00  9.4254461768e-01  4.8242637353e-01  6.0493408053e-01  1.4895106002e+00  2.9105430040e-01  2.6078716550e-01 -4.8653401526e+00  2.5594599937e+00  1.3786069084e+00 -3.5858686919e+00  7.3842787402e-01 -1.0324984146e+00 -3.6451640345e+00  4.3049527524e+00  1.2036072860e+00 -1.1134767901e+00  6.6184330056e-01 -1.2024998430e+00 -1.1742160485e+00  4.2242852002e+00  1.8187247616e+00  1.5714166305e+00  2.2133907280e+00  9.3929640628e-01  2.0182644384e+00  3.6879633518e+00  1.7718993772e+00  4.4872841824e-01  3.5704128367e+00 -3.2151761634e+00  1.2387536267e+00  1.8378294275e+00 -3.4843781655e+00  6.3328833388e-02  5.3841905865e-01 -2.4596756433e+00 -3.7767815604e-01  1.8963103717e+00 -2.2728405994e+00  6.4831256743e-01 -1.4937323214e+00 -2.6424862321e+00  2.2480160965e+00 -8.0327736714e-01 -9.7254877305e-01  1.8498058373e+00 -1.2860326014e+00 -9.4776583111e-01  8.6417046911e-01  3.0140635670e+00
ENERGY -5.582967552415e+02

JOB 19
COORDS  1.7180611266e-01 -3.7764915338e+00  2.5256882699e+00  7.9241118942e-01 -3.0613136941e+00  1.4950311667e+00 -5.4094135273e-01 -3.0856836907e+00  3.5102509029e+00  7.0053475926e-01 -1.6679887492e+00  1.4479951406e+00 -6.3277519713e-01 -1.6908349006e+00  3.4598599739e+00 -1.5395176990e-02 -9.6674635298e-01  2.4305389339e+00 -3.1794006001e-01  1.0507937124e+00  9.6969837097e-01  1.1996394479e+00  1.1902437278e+00  3.0155809045e+00 -2.7320881928e+00  4.3876268257e-01  1.2304530978e+00 -1.8802164934e+00  1.4372917061e+00 -8.6876883614e-01 -8.0255015506e-02  5.5535608925e-01  2.4113647127e+00 -1.5897773797e+00  9.3288284808e-01  4.6975888660e-01  6.0787075109e-01  1.5040577116e+00  2.9092876106e-01  2.4306745977e-01 -4.8605459629e+00  2.5604390545e+00  1.3488828646e+00 -3.5903646492e+00  7.2525752675e-01 -1.0263545696e+00 -3.6304841732e+00  4.3162502626e+00  1.1872940534e+00 -1.1174002107e+00  6.4696441751e-01 -1.1871848195e+00 -1.1591293376e+00  4.2311893435e+00  1.6855433727e+00  1.8332497279e+00  2.2796112632e+00  9.5727314506e-01  1.7837057433e+00  3.9017146483e+00  1.9152883464e+00  4.2048189779e-01  3.3129474827e+00 -3.2110470355e+00  1.2337083894e+00  1.8191251943e+00 -3.4731824696e+00  4.6752352935e-02  5.2858151336e-01 -2.4497260843e+00 -3.7937949780e-01  1.8921521726e+00 -2.2658733228e+00  6.3114141413e-01 -1.5045657215e+00 -2.6324306130e+00  2.2349450349e+00 -8.2214765845e-01 -9.6345995491e-01  1.8316349818e+00 -1.3029426362e+00 -9.3698083766e-01  8.5722255006e-01  3.0203403137e+00
ENERGY -5.582958073906e+02

JOB 20
COORDS  1.6828456346e-01 -3.7741438308e+00  2.5362449827e+00  7.8467892726e-01 -3.0641299704e+00  1.4992059793e+00 -5.3728531999e-01 -3.0778307004e+00  3.5217550840e+00  6.9626792281e-01 -1.6710101684e+00  1.4471860679e+00 -6.2672050468e-01 -1.6828277071e+00  3.4651914034e+00 -1.3424000891e-02 -9.6384997754e-01  2.4302086624e+00 -3.1363531880e-01  1.0524470381e+00  9.6531898301e-01  1.2055493700e+00  1.1848984765e+00  3.0058640700e+00 -2.7294717710e+00  4.4026896409e-01  1.2188866454e+00 -1.8696010066e+00  1.4375776012e+00 -8.7691595044e-01 -7.8383176306e-02  5.6003360074e-01  2.4040583809e+00 -1.5841290156e+00  9.3309769739e-01  4.6225613579e-01  6.1619681017e-01  1.5046821263e+00  2.9104444124e-01  2.3752160965e-01 -4.8582006527e+00  2.5749188187e+00  1.3355562908e+00 -3.5975830489e+00  7.2845326944e-01 -1.0191299110e+00 -3.6180177446e+00  4.3329739175e+00  1.1809833859e+00 -1.1246176788e+00  6.4195443355e-01 -1.1771923671e+00 -1.1472223773e+00  4.2367268204e+00  1.5311371703e+00  2.0496129698e+00  2.4260720843e+00  1.0199931376e+00  1.4943998098e+00  4.0391905688e+00  2.0202231465e+00  4.5808913278e-01  3.0344064855e+00 -3.2157468567e+00  1.2380064036e+00  1.7977544701e+00 -3.4642915092e+00  3.8507912034e-02  5.1577181360e-01 -2.4474583824e+00 -3.7071724122e-01  1.8894104839e+00 -2.2552290033e+00  6.3205479388e-01 -1.5135320279e+00 -2.6199879306e+00  2.2371406056e+00 -8.3300304485e-01 -9.5041594395e-01  1.8295737131e+00 -1.3082981666e+00 -9.2786566279e-01  8.4794824163e-01  3.0301426663e+00
ENERGY -5.582964793801e+02

JOB 21
COORDS  1.7035664069e-01 -3.7709803097e+00  2.5550649810e+00  7.8197079380e-01 -3.0648980037e+00  1.5125060838e+00 -5.3200639377e-01 -3.0712878292e+00  3.5404601288e+00  6.9237579074e-01 -1.6721342347e+00  1.4546302151e+00 -6.2291850898e-01 -1.6766589698e+00  3.4777858044e+00 -1.4529338028e-02 -9.6175321253e-01  2.4372028677e+00 -3.1329088513e-01  1.0544542614e+00  9.6625006518e-01  1.2008947857e+00  1.1797512836e+00  2.9981028529e+00 -2.7304844023e+00  4.4714056231e-01  1.2077707197e+00 -1.8602159943e+00  1.4522753736e+00 -8.8066295741e-01 -8.3309494986e-02  5.6195201330e-01  2.4033475392e+00 -1.5819705714e+00  9.4140722390e-01  4.5735289041e-01  6.2228676566e-01  1.5042894947e+00  2.9818601406e-01  2.4081489527e-01 -4.8548029415e+00  2.5980655423e+00  1.3302931748e+00 -3.6013466595e+00  7.4202624009e-01 -1.0099536697e+00 -3.6084387844e+00  4.3559800386e+00  1.1731535198e+00 -1.1287106912e+00  6.4499362983e-01 -1.1714450926e+00 -1.1381663492e+00  4.2487498748e+00  1.3764722367e+00  2.1864316294e+00  2.6149562288e+00  1.1094008480e+00  1.2210292723e+00  4.0886677220e+00  2.0719053518e+00  5.5872622454e-01  2.7790965578e+00 -3.2245440162e+00  1.2455097050e+00  1.7791906950e+00 -3.4584651221e+00  3.7962924113e-02  5.0167985985e-01 -2.4491201479e+00 -3.5882483247e-01  1.8846232245e+00 -2.2441149337e+00  6.5043195956e-01 -1.5229959480e+00 -2.6093254228e+00  2.2530772033e+00 -8.3702385250e-01 -9.3799309323e-01  1.8444337641e+00 -1.3056613355e+00 -9.2694505616e-01  8.4791454751e-01  3.0391673312e+00
ENERGY -5.582983214042e+02

JOB 22
COORDS  1.6337428705e-01 -3.7717526741e+00  2.5798481817e+00  7.7552819523e-01 -3.0726607123e+00  1.5331316735e+00 -5.3929961411e-01 -3.0652759684e+00  3.5604193488e+00  6.8608648241e-01 -1.6801409069e+00  1.4660957275e+00 -6.2961748278e-01 -1.6712330936e+00  3.4891796063e+00 -2.0807414020e-02 -9.6344318422e-01  2.4438113246e+00 -3.1218361398e-01  1.0495561696e+00  9.6043157650e-01  1.1942529267e+00  1.1759282261e+00  2.9853540512e+00 -2.7312498971e+00  4.4634155975e-01  1.1944293822e+00 -1.8525696279e+00  1.4515861125e+00 -8.9066214223e-01 -8.8529215759e-02  5.5876831662e-01  2.3993005010e+00 -1.5796268157e+00  9.3882216755e-01  4.4759194783e-01  6.2688409450e-01  1.4983029249e+00  2.9660005556e-01  2.3334996834e-01 -4.8553118847e+00  2.6299103599e+00  1.3241434559e+00 -3.6142715203e+00  7.6650132014e-01 -1.0178847306e+00 -3.5972110275e+00  4.3789678907e+00  1.1661720512e+00 -1.1423281371e+00  6.5230174809e-01 -1.1781270087e+00 -1.1273568006e+00  4.2563843584e+00  1.2444542140e+00  2.2498501528e+00  2.7908052602e+00  1.2132411758e+00  1.0060508242e+00  4.0670336951e+00  2.0817083430e+00  7.0119223211e-01  2.5625215615e+00 -3.2229775394e+00  1.2442829985e+00  1.7684957542e+00 -3.4600034269e+00  4.2943699994e-02  4.8586621453e-01 -2.4537952991e+00 -3.6328179597e-01  1.8686894469e+00 -2.2367199517e+00  6.5137308131e-01 -1.5348685877e+00 -2.5994428589e+00  2.2545824795e+00 -8.4881469795e-01 -9.2782149752e-01  1.8414494897e+00 -1.3123703089e+00 -9.3064721060e-01  8.6129815660e-01  3.0304318573e+00
ENERGY -5.583000891736e+02

JOB 23
COORDS  1.6178193972e-01 -3.7756895822e+00  2.5879429783e+00  7.8051752764e-01 -3.0783858259e+00  1.5441570328e+00 -5.4727333650e-01 -3.0680323897e+00  3.5633195819e+00  6.9085169235e-01 -1.6857945116e+00  1.4747427064e+00 -6.3671453917e-01 -1.6742597830e+00  3.4900860898e+00 -2.1609274136e-02 -9.6773368491e-01  2.4472562755e+00 -3.0765645105e-01  1.0458650820e+00  9.6029698733e-01  1.1929257177e+00  1.1749264842e+00  2.9823479858e+00 -2.7286728998e+00  4.5221939156e-01  1.1940323851e+00 -1.8486906655e+00  1.4609759640e+00 -8.8875227716e-01 -8.7360681763e-02  5.5314853046e-01  2.4009000071e+00 -1.5762820423e+00  9.4403660882e-01  4.4809071620e-01  6.3314755920e-01  1.4898426557e+00  2.9594133167e-01  2.3138146040e-01 -4.8591773401e+00  2.6399749629e+00  1.3341473931e+00 -3.6210136747e+00  7.8186365464e-01 -1.0312284945e+00 -3.5991043818e+00  4.3792753388e+00  1.1748900659e+00 -1.1492838043e+00  6.6251333593e-01 -1.1892111741e+00 -1.1291398468e+00  4.2535293426e+00  1.1344741133e+00  2.2672295939e+00  2.9732489603e+00  1.3314739898e+00  8.3413717759e-01  4.0131342412e+00  2.0640908855e+00  8.8006334095e-01  2.3947861344e+00 -3.2222714499e+00  1.2511530503e+00  1.7651463144e+00 -3.4557954431e+00  4.6288613634e-02  4.8515829059e-01 -2.4517465456e+00 -3.5539896507e-01  1.8708197141e+00 -2.2358295339e+00  6.6362871970e-01 -1.5347501681e+00 -2.5932805399e+00  2.2659314376e+00 -8.4400604856e-01 -9.2324523060e-01  1.8491737829e+00 -1.3103686297e+00 -9.3194237839e-01  8.7472224968e-01  3.0194337013e+00
ENERGY -5.583008270368e+02

