JOB 0
COORDS  2.1977053415e+00 -1.0539755188e+00 -7.5067097585e-01  4.3111948417e+00  3.3257738145e-01 -1.3077922378e+00  4.7509968555e+00 -8.4608801513e-01 -4.6866526294e-01  3.3735220232e+00 -2.5529821211e-01 -2.8467260671e-01  1.1594489746e-01 -1.9556764489e+00 -1.2367608143e-01  2.2359875562e+00 -1.7543371920e+00 -1.7475975607e+00  1.1446856059e+00 -9.6161731793e-01  7.8956500061e-02  3.1652013900e+00  4.8166535740e-01  8.6076832537e-01  4.7170070507e+00  1.3075143108e+00 -1.0579924976e+00  4.0677757306e+00  1.6191150119e-01 -2.3509353673e+00  4.8103070057e+00 -1.8227101166e+00 -9.3648460784e-01  5.4435873021e+00 -6.5396841670e-01  3.4453942573e-01  5.4473754838e-01 -2.9576317900e+00 -4.8746392720e-02 -6.0893228447e-01 -1.7846523490e+00  6.7143654942e-01 -3.5001149942e-01 -1.8340716596e+00 -1.1040097852e+00
ENERGY -4.450940036116e+02

JOB 1
COORDS  2.1072413876e+00 -9.0304786488e-01 -8.3675926853e-01  4.3282892217e+00  3.5826542721e-01 -1.2871664373e+00  4.6528945787e+00 -8.6693893984e-01 -4.6252884211e-01  3.3123768107e+00 -1.8478814267e-01 -3.1606036336e-01  1.3762511127e-01 -1.9345101154e+00 -5.1435007867e-02  2.1428909923e+00 -1.5821615270e+00 -1.8475413796e+00  1.0444143445e+00 -8.0986459067e-01 -1.5041563504e-02  3.1120450832e+00  5.3833480768e-01  8.3951284450e-01  4.7914962856e+00  1.2962071756e+00 -9.9881221479e-01  4.1140895885e+00  2.2748228052e-01 -2.3424301711e+00  4.6647056218e+00 -1.8345652895e+00 -9.5202423915e-01  5.3229819644e+00 -7.4138347202e-01  3.8203207889e-01  6.8910812014e-01 -2.8594634016e+00  1.3444238220e-01 -5.8167018801e-01 -1.7501123517e+00  7.4586791257e-01 -3.6734855897e-01 -1.9990357813e+00 -1.0177392349e+00
ENERGY -4.450904651465e+02

JOB 2
COORDS  2.0716523395e+00 -8.3291310115e-01 -9.3689696191e-01  4.3573620748e+00  3.5976535468e-01 -1.2495603682e+00  4.6053533436e+00 -9.2785534692e-01 -4.9873104903e-01  3.2895633261e+00 -1.9736945019e-01 -3.4343086878e-01  2.0968729244e-01 -1.9607378467e+00 -1.0430851683e-02  2.1141257174e+00 -1.4538116291e+00 -1.9826484056e+00  9.8224605541e-01 -7.4701551346e-01 -1.4039343589e-01  3.0898398151e+00  4.5798059556e-01  8.5174541238e-01  4.8509306611e+00  1.2564616206e+00 -8.8936745985e-01  4.1678839656e+00  3.0585624247e-01 -2.3162633948e+00  4.5901322585e+00 -1.8620917501e+00 -1.0491112303e+00  5.2529726813e+00 -8.8599653751e-01  3.7132413653e-01  8.2196131321e-01 -2.7306242963e+00  4.6809673572e-01 -6.3511895689e-01 -1.7038241036e+00  6.2794711617e-01 -1.3926065193e-01 -2.3118700234e+00 -9.8396103655e-01
ENERGY -4.450855220543e+02

JOB 3
COORDS  2.0296629212e+00 -8.0597708497e-01 -1.0316871043e+00  4.3367690894e+00  3.7631520103e-01 -1.2071848205e+00  4.5586064868e+00 -9.6816943531e-01 -5.5706210009e-01  3.2453769346e+00 -2.4090806469e-01 -3.6732589275e-01  2.4551971566e-01 -1.9331739438e+00  5.0121238745e-02  2.0892118558e+00 -1.3759003063e+00 -2.1031730373e+00  8.9702335750e-01 -6.9154940748e-01 -2.9048556414e-01  3.0303417547e+00  3.1865560434e-01  8.7333236468e-01  4.8285486507e+00  1.2375948425e+00 -7.6690542336e-01  4.1659914772e+00  4.1058426743e-01 -2.2778874194e+00  4.5440956760e+00 -1.8562305581e+00 -1.1792609173e+00  5.1907192862e+00 -1.0016434783e+00  3.2466344193e-01  8.4821335113e-01 -2.4695582310e+00  7.9010800708e-01 -7.1544637183e-01 -1.6594891298e+00  4.8543935629e-01  9.3905392308e-02 -2.5502668584e+00 -8.3929647273e-01
ENERGY -4.450807174812e+02

JOB 4
COORDS  2.0556719022e+00 -8.4430569045e-01 -1.1386203583e+00  4.3407419452e+00  3.8688406036e-01 -1.1473067958e+00  4.5801876907e+00 -9.9570654925e-01 -5.9127046047e-01  3.2418636773e+00 -3.2276081436e-01 -3.9109756938e-01  3.1641335188e-01 -1.8802621113e+00  9.7775376276e-02  2.1592890450e+00 -1.3704733036e+00 -2.2265779627e+00  8.6767993472e-01 -6.8422495724e-01 -4.8758423138e-01  2.9710486821e+00  1.3529922476e-01  8.8136812858e-01  4.7903348557e+00  1.2259877111e+00 -6.2631239626e-01  4.2015765847e+00  4.9966036746e-01 -2.2172068156e+00  4.6078298188e+00 -1.8349217671e+00 -1.2777109291e+00  5.1890903387e+00 -1.0781498436e+00  3.0336277285e-01  9.3725213409e-01 -2.2086968128e+00  9.3835335745e-01 -6.7554921474e-01 -1.6092537556e+00  4.5932660211e-01  2.3568193559e-01 -2.6738474101e+00 -6.5154519847e-01
ENERGY -4.450773910021e+02

JOB 5
COORDS  2.0331658096e+00 -8.7506484587e-01 -1.2524430530e+00  4.2940376908e+00  3.8339648221e-01 -1.0983015079e+00  4.5445312947e+00 -1.0226334267e+00 -6.0880719836e-01  3.1848691159e+00 -3.9278571348e-01 -4.2668555044e-01  3.5394183358e-01 -1.8239166369e+00  1.3137831059e-01  2.1854857481e+00 -1.3115568557e+00 -2.3723345768e+00  8.0575935288e-01 -7.1705451040e-01 -6.7368057313e-01  2.8530962859e+00 -1.0193084923e-02  8.5872010566e-01  4.7002672489e+00  1.2018383450e+00 -5.1273867438e-01  4.1936695626e+00  5.5339165397e-01 -2.1648478310e+00  4.6184429693e+00 -1.8210184089e+00 -1.3393722824e+00  5.1237556673e+00 -1.1417450728e+00  3.0127369304e-01  1.0265726886e+00 -1.9876913428e+00  9.8012070849e-01 -6.3361391845e-01 -1.5440913540e+00  4.9814713217e-01  2.8013469659e-01 -2.7303109913e+00 -4.7860631712e-01
ENERGY -4.450765350300e+02

JOB 6
COORDS  2.0208360172e+00 -8.6543784211e-01 -1.3531359880e+00  4.2909589986e+00  3.4566993942e-01 -1.0658115848e+00  4.5005184276e+00 -1.0744743573e+00 -5.9740427883e-01  3.1433404281e+00 -4.2642548219e-01 -4.6135003684e-01  4.1854760914e-01 -1.8040629974e+00  1.4856874199e-01  2.2166814215e+00 -1.1700237610e+00 -2.5094221792e+00  7.6864294222e-01 -7.9200507633e-01 -8.1843206965e-01  2.7649468019e+00 -5.9219900816e-02  8.1777231744e-01  4.6830413352e+00  1.1437386355e+00 -4.4365633980e-01  4.2386950543e+00  5.4036765298e-01 -2.1312997438e+00  4.5950174159e+00 -1.8572784928e+00 -1.3424861826e+00  5.0386297975e+00 -1.2233123239e+00  3.3335163828e-01  1.1227599373e+00 -1.8182849940e+00  9.8514660799e-01 -5.7391788242e-01 -1.5374811798e+00  5.1194526967e-01  3.8212242552e-01 -2.7838077243e+00 -3.3896420720e-01
ENERGY -4.450775428753e+02

JOB 7
COORDS  1.9835361527e+00 -7.9306198553e-01 -1.4179955304e+00  4.2947869064e+00  3.1795279096e-01 -1.0498807243e+00  4.4257084129e+00 -1.1128478406e+00 -5.8264338772e-01  3.0960460536e+00 -3.9976031926e-01 -4.8770032743e-01  4.9201696657e-01 -1.8118560459e+00  1.7700884906e-01  2.1892837274e+00 -9.4135120639e-01 -2.6036562344e+00  7.3071881086e-01 -8.7749244335e-01 -8.9812594705e-01  2.7004416308e+00 -1.1455845731e-02  7.8227857082e-01  4.7048420271e+00  1.0930849842e+00 -4.1070098917e-01  4.2847662723e+00  5.1825932641e-01 -2.1152470899e+00  4.5107657678e+00 -1.8963828320e+00 -1.3283073274e+00  4.9260517749e+00 -1.2915078112e+00  3.6392696088e-01  1.1680544347e+00 -1.6490309613e+00  1.0181157891e+00 -5.3621339537e-01 -1.6372554346e+00  4.9379311823e-01  5.8926498427e-01 -2.8342514907e+00 -2.0207748263e-01
ENERGY -4.450788902990e+02

JOB 8
COORDS  1.9742721593e+00 -6.9382407517e-01 -1.4152682130e+00  4.3067628833e+00  3.2356665614e-01 -9.4253030162e-01  4.4158837621e+00 -1.1541653054e+00 -6.4423861171e-01  3.1010082549e+00 -4.3354769381e-01 -4.5402357646e-01  4.9610432993e-01 -1.6628020685e+00  2.5173704526e-01  2.1697780122e+00 -6.8729562509e-01 -2.6126645467e+00  7.2501591285e-01 -8.3838801317e-01 -9.1474330177e-01  2.7212148562e+00 -1.8813867624e-01  8.5608976613e-01  4.7380529170e+00  1.0117619056e+00 -2.2286989206e-01  4.2899545058e+00  6.4527983681e-01 -1.9775519599e+00  4.4808724744e+00 -1.8479995458e+00 -1.4757929319e+00  4.9225856571e+00 -1.4475503047e+00  2.6982681885e-01  3.8249216144e-01 -1.0377150856e+00  1.1387438891e+00 -4.2768781274e-01 -2.2073481196e+00  4.9372921457e-02  1.3112270380e+00 -2.3735928547e+00  4.0545292110e-01
ENERGY -4.450805330202e+02

JOB 9
COORDS  1.9357739218e+00 -6.4247133811e-01 -1.4205392933e+00  4.2905482852e+00  3.1197537247e-01 -9.1503546579e-01  4.3497575564e+00 -1.1698252870e+00 -6.1548920373e-01  3.0570168325e+00 -4.0323233903e-01 -4.4398605046e-01  5.3357158840e-01 -1.6941781913e+00  2.8290286582e-01  2.1213662039e+00 -5.1489086532e-01 -2.6133389282e+00  7.1007047454e-01 -9.6651802833e-01 -9.5351002207e-01  2.6708011899e+00 -1.4073061439e-01  8.6211414112e-01  4.7369714464e+00  9.8455169533e-01 -1.8996121632e-01  4.2990702226e+00  6.3374084755e-01 -1.9499902456e+00  4.4065503344e+00 -1.8665822867e+00 -1.4453230556e+00  4.8329753381e+00 -1.4799849993e+00  3.0587404931e-01  3.8876208028e-01 -1.0040410399e+00  1.1150432001e+00 -3.6206067834e-01 -2.2985257213e+00  1.3216701876e-01  1.3846419993e+00 -2.3472373908e+00  4.8786886915e-01
ENERGY -4.450817694026e+02

JOB 10
COORDS  2.4271427182e+00 -1.8474494814e+00 -1.0850574001e+00  4.2512422570e+00 -5.5697445739e-02 -1.5095016152e+00  4.2591247123e+00 -3.4656990608e-01 -2.3208655614e-02  2.9828722380e+00 -4.6959249927e-01 -8.2578636832e-01  5.0231785444e-01 -1.4130153816e+00  3.7793093327e-01  3.0875035854e+00 -2.6699998212e+00 -1.6867978083e+00  1.2040276256e+00 -2.1822181902e+00 -6.2304495100e-01  2.0461841139e+00  5.3832804735e-01 -6.4114067367e-01  4.2931133788e+00  9.8556831286e-01 -1.8116888542e+00  4.6988179400e+00 -7.7752488580e-01 -2.1827039721e+00  4.7190138872e+00 -1.2656110377e+00  3.2506919526e-01  4.3025277031e+00  4.9801837287e-01  6.5764824190e-01 -3.7613024019e-02 -5.8390978130e-01 -8.0779034026e-02 -1.9906504867e-01 -2.1160891551e+00  8.2873459462e-01  1.1840557733e+00 -1.0345299393e+00  1.1425938789e+00
ENERGY -4.450821227605e+02

JOB 11
COORDS  2.6387805063e+00 -2.0576016423e+00 -3.8913723197e-01  3.7890968654e+00 -2.5184341101e-02 -1.5071913543e+00  4.6481160689e+00 -4.2105650762e-01 -3.2368467306e-01  3.1669703299e+00 -6.4788772759e-01 -2.7754791491e-01  3.2359010662e-01 -1.3165929966e+00  3.9280135574e-02  3.3906325111e+00 -2.9602592474e+00 -6.9907293312e-01  1.3243801387e+00 -2.3198694815e+00 -2.3646597005e-01  2.4590451418e+00  2.1607162861e-01  5.4826285002e-01  3.5803437518e+00  1.0305580915e+00 -1.6507961642e+00  3.8304169951e+00 -6.3093781277e-01 -2.4063822004e+00  5.2729720485e+00 -1.3024477604e+00 -4.0799918104e-01  5.0120139222e+00  3.7745245566e-01  3.1450291181e-01  4.0448755517e-01 -4.7088251197e-01 -6.4670268849e-01 -6.2698712026e-01 -1.8273046898e+00 -1.1745340141e-01  3.9625038604e-01 -9.6747360909e-01  1.0699434474e+00
ENERGY -4.450816872417e+02

JOB 12
COORDS  2.6447915645e+00 -2.0690910427e+00 -3.5230172518e-01  3.7417089588e+00 -7.0492212942e-03 -1.4830258505e+00  4.6490863692e+00 -4.2653920217e-01 -3.4558776015e-01  3.1712428144e+00 -6.6009607396e-01 -2.4362314561e-01  3.3805528631e-01 -1.3056485703e+00  1.3405687530e-02  3.3778617945e+00 -2.9687029822e+00 -7.1040829162e-01  1.3494624804e+00 -2.3324981746e+00 -8.0130249562e-02  2.4921862603e+00  1.7811279112e-01  6.3010683833e-01  3.5255488447e+00  1.0511689916e+00 -1.5936302507e+00  3.7472310218e+00 -5.9222555644e-01 -2.3967551472e+00  5.2717310280e+00 -1.3042010200e+00 -4.7423051300e-01  5.0365839498e+00  3.5822736174e-01  2.9572670282e-01  4.8744985723e-01 -5.2715815468e-01 -7.3781904093e-01 -6.0267086909e-01 -1.8231857314e+00 -1.7801557122e-01  3.2840037687e-01 -8.6261322380e-01  1.0098690413e+00
ENERGY -4.450821224624e+02

JOB 13
COORDS  2.6480569091e+00 -2.0621278115e+00 -3.6408013431e-01  3.7611354848e+00  7.7649930838e-04 -1.4861749106e+00  4.6667061355e+00 -4.3839565114e-01 -3.5660414536e-01  3.1849978713e+00 -6.5946027096e-01 -2.5311774487e-01  3.4762217417e-01 -1.3253470635e+00  8.9640223710e-03  3.3463770955e+00 -2.9554852950e+00 -7.9738122462e-01  1.3912850504e+00 -2.3242573264e+00  5.6980781740e-02  2.5121973057e+00  1.7372318092e-01  6.2840607841e-01  3.5555219670e+00  1.0621479830e+00 -1.5852962005e+00  3.7579859017e+00 -5.7655951147e-01 -2.4048677546e+00  5.2800960856e+00 -1.3211171390e+00 -4.9553005135e-01  5.0625731979e+00  3.3502488121e-01  2.9339997610e-01  5.1273712045e-01 -6.1277707625e-01 -8.0208370774e-01 -5.7160618980e-01 -1.8827522384e+00 -1.7659953709e-01  2.8288432457e-01 -7.9444880883e-01  9.5958118110e-01
ENERGY -4.450817694035e+02

JOB 14
COORDS  2.6450418043e+00 -2.0309084282e+00 -4.2010645573e-01  3.8294632317e+00  1.2185128670e-02 -1.5116488929e+00  4.6962285804e+00 -4.5333104762e-01 -3.6433029197e-01  3.2040158344e+00 -6.4010608739e-01 -3.0011192541e-01  3.5097273216e-01 -1.3751388559e+00  3.8145651307e-02  3.2850652739e+00 -2.9096033181e+00 -9.5889216879e-01  1.4572159780e+00 -2.2977393443e+00  1.7147870681e-01  2.5247810702e+00  2.0189120847e-01  5.6626342853e-01  3.6526020194e+00  1.0787280669e+00 -1.6094674812e+00  3.8340866075e+00 -5.6196349305e-01 -2.4322264324e+00  5.2913997085e+00 -1.3501370418e+00 -4.9304020858e-01  5.0920748954e+00  3.0554656224e-01  3.0270846419e-01  4.7941281828e-01 -7.1870161703e-01 -8.2549344341e-01 -5.3394189464e-01 -1.9971367431e+00 -1.0649141394e-01  2.4976332868e-01 -7.7455625349e-01  9.4339494305e-01
ENERGY -4.450805330024e+02

JOB 15
COORDS  2.5976569791e+00 -2.0172722431e+00 -5.0689564049e-01  3.8339129138e+00  6.3933891834e-02 -1.4579383560e+00  4.7289036990e+00 -5.4780919017e-01 -4.0563014111e-01  3.2331735406e+00 -6.7416066328e-01 -2.8327811062e-01  2.9605702188e-01 -1.4230233001e+00 -1.1178653190e-01  3.1540712387e+00 -2.8638708487e+00 -1.1730689419e+00  1.4327733536e+00 -2.2766991275e+00  1.4325097819e-01  2.6385797322e+00  1.1047478191e-01  6.9188533744e-01  3.7035571197e+00  1.1414895425e+00 -1.4458755648e+00  3.7680353759e+00 -4.1897571184e-01 -2.4272862409e+00  5.2740001899e+00 -1.4527784221e+00 -6.4880501994e-01  5.1911006599e+00  1.2364596170e-01  3.1064669383e-01 -4.5762328227e-02 -1.5712923617e+00 -1.1411708453e+00 -4.7885375975e-01 -1.7527383351e+00  5.8023711699e-01  5.2573510771e-01 -3.7140706803e-01  6.8078751741e-02
ENERGY -4.450788903032e+02

JOB 16
COORDS  2.5574673077e+00 -1.9352783795e+00 -5.5685783427e-01  3.9153122797e+00  8.9285500772e-02 -1.4629856630e+00  4.7481877531e+00 -5.6604834465e-01 -3.8738111916e-01  3.2415380326e+00 -6.2325911359e-01 -3.1462382850e-01  2.5923752008e-01 -1.4881585907e+00 -8.5981929241e-02  3.0076281854e+00 -2.7463652898e+00 -1.3363577268e+00  1.4747049803e+00 -2.1991076921e+00  2.2883172590e-01  2.6438382443e+00  1.8077381661e-01  6.3954811180e-01  3.8351037102e+00  1.1715870649e+00 -1.4481934577e+00  3.8562215594e+00 -3.8788299584e-01 -2.4354436611e+00  5.2597255562e+00 -1.4940734091e+00 -6.1761385850e-01  5.2172937569e+00  7.8802598634e-02  3.4870902965e-01 -1.1030556316e-01 -1.8047638052e+00 -1.0668561597e+00 -4.5800563781e-01 -1.7694748790e+00  6.8506887353e-01  4.1258173644e-01 -4.0554896973e-01 -6.5442163370e-02
ENERGY -4.450775428648e+02

JOB 17
COORDS  2.5193174915e+00 -1.8444081412e+00 -5.3094537499e-01  3.9805829144e+00  9.8815515643e-02 -1.4428955928e+00  4.7848406947e+00 -5.9514451910e-01 -3.7010864700e-01  3.2758428848e+00 -5.7521013297e-01 -2.9069098746e-01  2.0876119057e-01 -1.5361036645e+00 -8.2239643627e-02  2.8496702272e+00 -2.6355240947e+00 -1.3870319287e+00  1.4832510103e+00 -2.0672505018e+00  3.3124143931e-01  2.7176776483e+00  2.5827241802e-01  6.5929862930e-01  3.9551977892e+00  1.1837488400e+00 -1.4285577489e+00  3.8921374735e+00 -3.7626106606e-01 -2.4140249098e+00  5.2484466961e+00 -1.5481006994e+00 -6.0127826486e-01  5.2905710631e+00  2.5371210366e-02  3.6266149207e-01 -9.6246158765e-02 -1.9822763713e+00 -1.0345943077e+00 -4.9898132180e-01 -1.8133166949e+00  6.9900365933e-01  2.5113832298e-01 -4.4495015419e-01 -1.6713197783e-01
ENERGY -4.450765350258e+02

JOB 18
COORDS  2.5055744168e+00 -1.7413847758e+00 -4.7084635749e-01  4.0140340994e+00  1.3019943714e-01 -1.4286764610e+00  4.8407231797e+00 -6.0992551196e-01 -4.0551100781e-01  3.3411500135e+00 -5.2169138849e-01 -2.4278980621e-01  1.6429150505e-01 -1.5786006337e+00 -1.2616130597e-01  2.7377549325e+00 -2.5236461825e+00 -1.3682870396e+00  1.4691334455e+00 -1.8829638575e+00  4.0468250217e-01  2.8742663088e+00  3.2692697199e-01  7.3913662024e-01  4.0367748386e+00  1.2149688133e+00 -1.4024103414e+00  3.8511950803e+00 -3.2980629346e-01 -2.3972453843e+00  5.2458787269e+00 -1.5810583825e+00 -6.6917581508e-01  5.4159505292e+00 -2.0738784908e-02  3.0133532622e-01 -2.5265483667e-02 -2.1555843040e+00 -1.0366197534e+00 -5.4938395614e-01 -1.8616257901e+00  6.4760795620e-01  8.1106940590e-02 -5.0527046971e-01 -3.2845924338e-01
ENERGY -4.450773910058e+02

JOB 19
COORDS  2.4638924676e+00 -1.6718720001e+00 -3.8712201590e-01  3.9996334369e+00  1.4343010117e-01 -1.3838272913e+00  4.8567561722e+00 -6.6028619777e-01 -4.3578446443e-01  3.3793691085e+00 -5.0895252024e-01 -1.6762160886e-01  1.0347639307e-01 -1.6516334263e+00 -1.5883371495e-01  2.6331478456e+00 -2.4603757750e+00 -1.2959964226e+00  1.4046381786e+00 -1.7034480106e+00  4.6277937467e-01  3.0222780575e+00  3.3356916061e-01  8.6253938940e-01  4.0718338778e+00  1.2251918433e+00 -1.3317159861e+00  3.7527650681e+00 -2.8183751538e-01 -2.3503660933e+00  5.1957692294e+00 -1.6412227740e+00 -7.5136515492e-01  5.5081500923e+00 -1.1661089641e-01  2.4067889327e-01  1.8995996175e-02 -2.4024918871e+00 -9.4872570244e-01 -6.1688601477e-01 -1.8569148344e+00  6.3287190318e-01 -6.6863097942e-02 -6.4892484680e-01 -5.6391265936e-01
ENERGY -4.450807174921e+02

JOB 20
COORDS  2.4399846422e+00 -1.5675014587e+00 -3.9003613671e-01  4.0315780444e+00  2.1317475348e-01 -1.3474276177e+00  4.8799514434e+00 -6.8198953425e-01 -4.7437577426e-01  3.4255813929e+00 -4.6936236293e-01 -1.4081392094e-01  8.7440035717e-02 -1.7184844070e+00 -1.9016066248e-01  2.5579365744e+00 -2.3388174416e+00 -1.3238857502e+00  1.3731372166e+00 -1.5263846906e+00  4.3986804735e-01  3.1516575357e+00  3.3389762178e-01  9.4433425795e-01  4.1614537919e+00  1.2858563081e+00 -1.2442446625e+00  3.7285442464e+00 -1.4819916547e-01 -2.3239083225e+00  5.1547487672e+00 -1.6606465096e+00 -8.5303863572e-01  5.5854679404e+00 -2.0736293334e-01  1.9970337726e-01  4.3506325321e-02 -2.6770464561e+00 -7.1174333936e-01 -6.4257626395e-01 -1.6899709744e+00  6.1822724766e-01 -9.7663012298e-02 -9.0079771383e-01 -8.9281172610e-01
ENERGY -4.450855220500e+02

JOB 21
COORDS  2.3851660548e+00 -1.4576578329e+00 -4.2383824928e-01  4.0847867267e+00  2.6286326739e-01 -1.3028813580e+00  4.8737334240e+00 -7.2907279440e-01 -4.7809737088e-01  3.4377090708e+00 -4.3552360755e-01 -1.2929697872e-01  6.7072129931e-02 -1.7951572893e+00 -1.5460678867e-01  2.4513090910e+00 -2.1976463921e+00 -1.3893383828e+00  1.3311100842e+00 -1.3817823934e+00  4.1084796615e-01  3.2174725400e+00  3.2742662687e-01  9.9666906913e-01  4.2878408638e+00  1.3180699737e+00 -1.1500389146e+00  3.7574092669e+00 -2.9782986633e-02 -2.2944624492e+00  5.0833765226e+00 -1.7037306886e+00 -9.0546751266e-01  5.6099271731e+00 -3.3464968756e-01  2.1464036194e-01  6.7143876721e-02 -2.8653598672e+00 -3.7271645141e-01 -6.7859418669e-01 -1.5581066751e+00  6.0359421278e-01 -1.2699866825e-01 -1.2356998378e+00 -1.0730651934e+00
ENERGY -4.450904651411e+02

JOB 22
COORDS  2.3307479034e+00 -1.3201067827e+00 -5.5228392255e-01  4.1695919741e+00  3.1011529515e-01 -1.3286741165e+00  4.8556634886e+00 -7.5278852615e-01 -5.0020005439e-01  3.4295776299e+00 -3.6807370715e-01 -2.0048274007e-01  6.9555089890e-02 -1.8645094686e+00 -1.9095888496e-01  2.3813140489e+00 -2.0448102501e+00 -1.5310940877e+00  1.2800445515e+00 -1.2323122964e+00  2.8080041997e-01  3.2154934876e+00  3.8062023551e-01  9.3624683467e-01  4.4389258566e+00  1.3448378960e+00 -1.1423859901e+00  3.8624474087e+00  6.2773623399e-02 -2.3389394063e+00  5.0170088448e+00 -1.7294736152e+00 -9.4357537192e-01  5.5870850760e+00 -4.2618735573e-01  2.3187992118e-01  2.0698107761e-01 -2.9446261699e+00 -2.7710976400e-01 -6.8674230685e-01 -1.6307524401e+00  5.5755771218e-01 -2.0971424429e-01 -1.4565464404e+00 -1.1651063668e+00
ENERGY -4.450940036244e+02

JOB 23
COORDS  2.2545857287e+00 -1.1838051318e+00 -6.4429052566e-01  4.2384606926e+00  3.2377728707e-01 -1.3234065016e+00  4.8039633561e+00 -8.0171516714e-01 -4.8639077946e-01  3.3994704390e+00 -3.0966128623e-01 -2.4136184122e-01  7.2745838091e-02 -1.9105301399e+00 -1.5060470868e-01  2.2912303309e+00 -1.8993530041e+00 -1.6307567299e+00  1.2086209713e+00 -1.0860089421e+00  1.9173607286e-01  3.1942608127e+00  4.3574851540e-01  8.9929382802e-01  4.5813053678e+00  1.3309972513e+00 -1.1096532926e+00  3.9565949930e+00  1.1485966928e-01 -2.3496695487e+00  4.9097236938e+00 -1.7815459007e+00 -9.3930243060e-01  5.5236565033e+00 -5.4329483318e-01  2.8367470916e-01  3.5591291333e-01 -2.9654593727e+00 -1.4912308156e-01 -6.7081697473e-01 -1.7084495154e+00  6.1951550815e-01 -3.0807727814e-01 -1.6403209624e+00 -1.1380207246e+00
ENERGY -4.450952677891e+02

