JOB 0
COORDS  5.0090892674e-01  1.8957167449e+00  8.1139492558e-01  1.4248812028e+00  9.8862521945e-01  2.8733503491e-01  1.8981735856e+00  2.1466577019e+00  2.7871164344e+00  2.8335320157e+00  1.2554762898e+00  2.2470077923e+00  7.5351006504e-01  2.4640981323e+00  2.0604994057e+00  2.5839104738e+00  6.7320383876e-01  9.9593669540e-01  4.8647962888e+00  1.9155523958e+00  3.3512700334e+00  5.8734388275e+00  2.2593004671e+00  2.2686332183e+00  3.9539467621e+00  8.8800204432e-01  2.9491438615e+00 -5.0677642033e-01  3.7005685156e+00  2.8065822732e+00  3.8539383981e+00 -5.3391604337e-01  2.3859656553e-01  5.1197003052e+00  3.4367985383e+00  8.6511894486e-01 -3.9536921569e-01  2.1493506868e+00  2.5599177085e-01  1.2486467750e+00  5.3683511737e-01 -6.8339854073e-01  2.0676876982e+00  2.5772716776e+00  3.7680134593e+00  4.3351392111e+00  2.8119134110e+00  3.6887085384e+00  5.4081587206e+00  1.5021818586e+00  4.2076895357e+00  6.2237366013e+00  1.3638188076e+00  1.7579440272e+00  6.7136261205e+00  2.8125724808e+00  2.6891046886e+00
ENERGY -8.105429067632e+03

JOB 1
COORDS  9.2672294414e-01  2.4931963043e+00  1.7887136933e+00  1.4937958823e+00  1.5594779562e+00  9.1958928210e-01  2.6070078507e+00  1.9355294916e+00  3.4552130013e+00  3.1861638488e+00  1.0142538481e+00  2.5736077922e+00  1.4949716347e+00  2.6687212201e+00  3.0517595853e+00  2.6177845612e+00  8.2785085413e-01  1.3060047713e+00  5.4767904009e+00  9.6091016619e-01  3.2436362317e+00  6.2108315128e+00  1.4119786331e+00  1.9857890364e+00  4.2640036153e+00  2.5468577030e-01  2.9630940297e+00  7.2464425867e-01  3.9363742793e+00  4.2648214746e+00  3.3882971250e+00 -4.2229891523e-01  8.3523696450e-02  5.7130238127e+00  3.2453600845e+00  1.4190425749e+00  5.8686925720e-02  3.0682826649e+00  1.4853913188e+00  1.0662829426e+00  1.4082924110e+00 -6.6209813766e-02  3.0292156356e+00  2.0654354731e+00  4.4459118037e+00  5.2900400926e+00  1.8134251973e+00  3.9050264015e+00  6.1113882565e+00  2.6158787337e-01  3.7961772524e+00  5.9995188151e+00  7.5498265941e-01  1.1443646657e+00  7.2848743056e+00  1.4619175862e+00  2.1625642608e+00
ENERGY -8.105427655369e+03

JOB 2
COORDS  6.9618787168e-02  1.2171068999e+00  1.4755429906e+00  7.6252311855e-01  2.8201354775e-01  6.9964442833e-01  2.1488788031e+00  1.7547825236e+00  2.6313651266e+00  2.8369536371e+00  8.1183826595e-01  1.8569193355e+00  7.8025283783e-01  1.9390973854e+00  2.4306179711e+00  2.1266007463e+00  7.8918026672e-02  8.8592031850e-01  4.9410580028e+00  1.1004826260e+00  3.0403971905e+00  5.5735796282e+00  2.4487399688e+00  2.6746109453e+00  4.1691999121e+00  5.4607952786e-01  1.9708462825e+00 -1.3172094360e-01  3.2406886920e+00  3.5022558531e+00  3.0406867849e+00 -1.2112825716e+00 -1.8673625781e-01  4.8114438972e+00  4.0086326652e+00  3.6374851920e+00 -9.9324050674e-01  1.3749804459e+00  1.3304565056e+00  2.3462532873e-01 -2.9517314795e-01 -5.2607096889e-02  2.6678810317e+00  2.3621301697e+00  3.3610583896e+00  4.3622171177e+00  1.1475317243e+00  3.9664659338e+00  5.7418349386e+00  3.7065782925e-01  3.1851582633e+00  5.4507972564e+00  2.6541796929e+00  1.6125495374e+00  6.6314153994e+00  2.4705047897e+00  2.9301618885e+00
ENERGY -8.105426143583e+03

JOB 3
COORDS  2.5276242287e-01  2.0331868774e+00  2.3767508044e+00  4.1302627636e-01  1.2048597831e+00  1.2606418451e+00  2.5728286503e+00  1.6030967628e+00  2.9916660825e+00  2.7274043968e+00  7.7161684471e-01  1.8738992699e+00  1.3413960687e+00  2.2184123193e+00  3.2243680977e+00  1.6318441097e+00  5.8298340297e-01  1.0083722817e+00  5.0370359333e+00  2.7139094768e-01  2.3884939391e+00  5.7425473880e+00  1.6164514430e+00  2.1409822828e+00  3.8794976936e+00  1.1454913761e-01  1.5606315975e+00  1.1639364262e+00  3.3543126395e+00  4.7577308542e+00  1.8170748040e+00 -5.3831280637e-01 -5.2708325418e-01  6.0235109643e+00  2.6691479822e+00  3.7979338273e+00 -6.9672963043e-01  2.5196697467e+00  2.5702859578e+00 -4.1875729929e-01  1.0433960039e+00  5.8256756372e-01  3.3959674453e+00  1.7897958842e+00  3.6693840369e+00  4.7882528906e+00  1.1860412333e-01  3.4420316123e+00  5.6817133850e+00 -5.4566803221e-01  2.0601790589e+00  5.1459272901e+00  2.2510753721e+00  1.4882311091e+00  6.7350338135e+00  1.4882684111e+00  1.7144431954e+00
ENERGY -8.105426839601e+03

JOB 4
COORDS  1.7664870088e-01  9.8002177800e-01  1.1850212892e+00  9.9901106773e-01  8.8475574493e-02  4.8780927499e-01  2.0986090143e+00  1.6641467733e+00  2.5214427789e+00  2.9173419328e+00  7.6313462033e-01  1.8237922249e+00  7.4426105054e-01  1.7548592200e+00  2.1925115993e+00  2.3507020949e+00 -1.9741631270e-02  7.9911637381e-01  4.8702604426e+00  1.3669539825e+00  3.0957653529e+00  5.1339306220e+00  2.7984731147e+00  2.6035816501e+00  4.2460744209e+00  5.8507927067e-01  2.0711435789e+00 -3.5466011050e-01  2.9900562777e+00  3.1613172324e+00  3.4500034360e+00 -1.2422941348e+00 -1.7245711713e-01  4.7867178576e+00  4.1380224415e+00  4.0189458213e+00 -8.7638580187e-01  1.0648909320e+00  9.4101583975e-01  5.8206175343e-01 -5.2603069252e-01 -3.0352793482e-01  2.4972266182e+00  2.2970420649e+00  3.3049067550e+00  4.2771598378e+00  1.3474323546e+00  4.0132905490e+00  5.8120258656e+00  8.4729052261e-01  3.2773485922e+00  4.4650417471e+00  3.0604776790e+00  1.7863347419e+00  6.1653883546e+00  2.9495572111e+00  2.2924483527e+00
ENERGY -8.105428031889e+03

JOB 5
COORDS  4.6174183318e+00  6.2511580590e+00  4.0740593353e+00  3.3381943213e+00  5.9963376058e+00  4.5796295213e+00  4.5346174804e+00  4.1274942480e+00  2.8791444928e+00  3.2526235689e+00  3.8748047070e+00  3.3910427849e+00  5.1940561275e+00  5.3075335169e+00  3.2286633117e+00  2.6618356108e+00  4.8275766635e+00  4.2437784903e+00  3.0825523063e+00  1.7634571360e+00  2.2438224482e+00  2.9383615724e+00  2.2084653624e+00  7.8602700021e-01  2.5274828429e+00  2.7525460845e+00  3.1209106614e+00  6.9406881666e+00  5.6251258628e+00  2.5076956291e+00  9.1585625985e-01  4.5136316922e+00  4.9500364564e+00  4.3058473203e+00  1.3360161008e+00 -3.4387685133e-01  5.1416785559e+00  7.1637090134e+00  4.3347644088e+00  2.8647491726e+00  6.7151830316e+00  5.2405729283e+00  5.0235942748e+00  3.4262631030e+00  2.2143398251e+00  4.1206420858e+00  1.5474515253e+00  2.5074900825e+00  2.4791704863e+00  8.7514248244e-01  2.4345149792e+00  3.1080969714e+00  3.2775370407e+00  6.7547057025e-01  1.9696618381e+00  1.9460476113e+00  3.6581529683e-01
ENERGY -8.105429285774e+03

JOB 6
COORDS  4.6211968404e+00  6.2693535976e+00  4.0741531322e+00  3.3385754477e+00  6.0032587873e+00  4.5644934113e+00  4.5749774113e+00  4.1392671566e+00  2.8875468633e+00  3.2886872937e+00  3.8753756404e+00  3.3816237019e+00  5.2176411345e+00  5.3272666335e+00  3.2408561458e+00  2.6794692883e+00  4.8257822745e+00  4.2239995240e+00  3.1247629048e+00  1.7723487636e+00  2.2095797766e+00  2.9301727053e+00  2.2251000899e+00  7.6533718282e-01  2.5772877610e+00  2.7453010771e+00  3.1084256522e+00  6.9707357478e+00  5.6596494517e+00  2.5428430059e+00  9.2903335806e-01  4.4952328928e+00  4.9099985382e+00  3.9573304812e+00  1.0470885216e+00 -4.4155299299e-01  5.1331306299e+00  7.1882136346e+00  4.3371301968e+00  2.8489843957e+00  6.7199217212e+00  5.2159850867e+00  5.0811909254e+00  3.4377931410e+00  2.2364268217e+00  4.1749254732e+00  1.5713023030e+00  2.4370170575e+00  2.5496502955e+00  8.6649858211e-01  2.4050430750e+00  3.3057826088e+00  3.2318978798e+00  5.9365883720e-01  1.8879967262e+00  2.1621439874e+00  4.5776716842e-01
ENERGY -8.105430488759e+03

JOB 7
COORDS  2.4517616204e+00 -1.4736157470e+00 -2.2830317010e-01  1.1763561154e+00 -9.7379183901e-01  5.4627795238e-02  3.0372740009e+00 -1.2209708204e+00  2.1248442642e+00  1.7569014182e+00 -7.2072428574e-01  2.4048642833e+00  3.3627048813e+00 -1.5884992048e+00  8.1791626821e-01  8.3097320075e-01 -6.0078139732e-01  1.3500856958e+00  2.2443161733e+00 -3.6726728939e-01  4.7478673483e+00  3.1378851898e+00  8.6664766197e-01  4.7134997338e+00  1.3303365696e+00 -3.4546873757e-01  3.6436082121e+00  5.1219892766e+00 -2.2637885428e+00  4.6853423210e-01 -9.1764991564e-01  8.0772996659e-02  1.7008697718e+00  4.2958125705e+00  8.7392059630e-01  6.3120665770e+00  2.7205716544e+00 -1.7608354660e+00 -1.2386281644e+00  4.4627968049e-01 -8.7306720054e-01 -7.4195416336e-01  3.7796560730e+00 -1.3312158555e+00  2.9049793937e+00  1.6124406109e+00 -3.5249985964e-01  5.6364666731e+00  2.8284173938e+00 -1.2917905087e+00  4.7561087640e+00  2.5465817108e+00  1.7800565153e+00  4.7515974893e+00  3.8017797096e+00  8.8932330014e-01  3.8515409767e+00
ENERGY -8.105430698862e+03

JOB 8
COORDS  2.4772405392e+00 -1.4763101281e+00 -2.0439639276e-01  1.1928518534e+00 -9.8507538516e-01  5.1589261250e-02  3.0214491390e+00 -1.1997337130e+00  2.1555551261e+00  1.7322953309e+00 -7.0748079413e-01  2.4084055461e+00  3.3719778720e+00 -1.5750355767e+00  8.5742970952e-01  8.2283032262e-01 -6.0394456029e-01  1.3378710424e+00  2.1844720498e+00 -3.5274047774e-01  4.7508114768e+00  3.1036363662e+00  8.6546324888e-01  4.7277075221e+00  1.2853725942e+00 -3.2286665406e-01  3.6376721508e+00  5.1427976667e+00 -2.2359827020e+00  5.4330161632e-01 -9.3781066250e-01  6.3331791375e-02  1.6530709641e+00  4.5327239073e+00  6.4076705227e-01  6.0718020339e+00  2.7654691423e+00 -1.7699021234e+00 -1.2075046884e+00  4.7555355907e-01 -8.9770826132e-01 -7.5809528164e-01  3.7515434881e+00 -1.2957173102e+00  2.9492756168e+00  1.5424262784e+00 -3.2257259032e-01  5.6323932147e+00  2.7508962249e+00 -1.2874635215e+00  4.7870995047e+00  2.5713739289e+00  1.7805768689e+00  4.9806811866e+00  3.6081674515e+00  9.8457223130e-01  3.7708345785e+00
ENERGY -8.105430477778e+03

JOB 9
COORDS  2.5187058333e+00 -1.4832471269e+00 -1.7980536405e-01  1.2241544492e+00 -1.0099682258e+00  5.8550678015e-02  3.0357298081e+00 -1.1659284330e+00  2.1817778620e+00  1.7352300095e+00 -6.9402373715e-01  2.4164646695e+00  3.4047377164e+00 -1.5519019130e+00  8.9168158248e-01  8.3518008899e-01 -6.1818490114e-01  1.3359819907e+00  2.1627621784e+00 -3.2621944655e-01  4.7550434375e+00  3.1139896325e+00  8.7356725832e-01  4.7191104805e+00  1.2709836347e+00 -3.0224385691e-01  3.6373437546e+00  5.1898205796e+00 -2.1854429929e+00  6.0328450954e-01 -9.3898109099e-01  2.5721875310e-02  1.6245479959e+00  4.7739724266e+00  4.7095303867e-01  5.7134019735e+00  2.8208843919e+00 -1.7852843664e+00 -1.1763247146e+00  5.1300789432e-01 -9.4533928321e-01 -7.5864560114e-01  3.7619814089e+00 -1.2339865317e+00  2.9821987033e+00  1.5126589412e+00 -2.6596261684e-01  5.6293710050e+00  2.7046128437e+00 -1.2734756561e+00  4.8193515321e+00  2.6810036914e+00  1.7606633321e+00  5.1767512547e+00  3.4311752162e+00  1.1036969904e+00  3.7038200646e+00
ENERGY -8.105429254887e+03

JOB 10
COORDS  2.6322042508e-01 -3.3936464315e-03  1.2925730111e+00  4.3940724652e-01  9.6029900582e-01  2.2912676701e+00  2.6473804602e+00 -5.0617406104e-01  1.3987560829e+00  2.8163818815e+00  4.5664575286e-01  2.4051849236e+00  1.3757924051e+00 -7.2093324316e-01  8.6247862620e-01  1.6966552807e+00  1.1914060284e+00  2.8406770490e+00  5.1775110161e+00  3.4718255499e-02  2.5794844094e+00  5.7002975712e+00  5.8433878440e-01  1.2430370712e+00  4.0082143060e+00  7.3630158550e-01  3.0062635937e+00  1.1697571514e+00 -2.0428843667e+00 -5.0931865859e-01  1.9067083690e+00  2.5184489385e+00  4.1979179358e+00  6.3380429154e+00 -8.6187292254e-01  5.1671214602e-02 -7.1682663732e-01 -1.8138866023e-01  8.6421395496e-01 -4.1088479971e-01  1.5353734596e+00  2.6432907442e+00  3.4852524195e+00 -1.0808089904e+00  1.0233283123e+00  5.9053710641e+00  2.1735291839e-01  3.3718393330e+00  5.0040498662e+00 -1.0439212101e+00  2.5395066752e+00  6.5410236424e+00  1.2629209455e+00  1.3704039035e+00  4.9089230530e+00  1.0862889308e+00  6.8983171495e-01
ENERGY -8.105427996866e+03

JOB 11
COORDS  2.0627138199e+00 -2.5843030809e+00  5.4147871846e+00  3.3134320482e+00 -2.5260895262e+00  4.7906677659e+00  1.1495137843e+00 -1.1698202799e+00  3.6508860963e+00  2.4037551783e+00 -1.1186172887e+00  3.0272146100e+00  9.9965110662e-01 -1.9008735325e+00  4.8307829587e+00  3.4858892275e+00 -1.8031893911e+00  3.6142904437e+00  1.6011265059e+00  2.5898659423e-01  1.2134481313e+00  1.2912827288e+00  1.6080616579e+00  1.8861541128e+00  2.6569245653e+00 -4.4442063901e-01  1.8697998382e+00 -7.2657718529e-01 -1.9496251458e+00  5.6619650406e+00  5.2081922910e+00 -1.7417429174e+00  2.7901624216e+00 -6.2237370972e-01  1.8261247612e+00  2.3580921673e+00  1.9303560995e+00 -3.1461426669e+00  6.3326536214e+00  4.1597931212e+00 -3.0487398832e+00  5.2245158884e+00  2.9852233803e-01 -6.3999345094e-01  3.2422357027e+00  1.9949902646e+00  4.3660022673e-01  2.1077362542e-01  7.0809543763e-01 -3.6303473630e-01  1.1051727802e+00  1.5222477148e+00  2.4523758095e+00  1.2402980363e+00  1.8376553715e+00  1.7074967245e+00  2.8224602853e+00
ENERGY -8.105426846760e+03

JOB 12
COORDS  3.1101022560e+00 -1.4102104750e+00  1.4989464868e-01  1.8464417882e+00 -8.0858012878e-01  1.6705975753e-01  2.9401211857e+00 -1.7713619100e+00  2.5554665788e+00  1.6745051576e+00 -1.1669014477e+00  2.5679338738e+00  3.6350761708e+00 -1.8822706183e+00  1.3488508794e+00  1.1367507600e+00 -6.8746050181e-01  1.3569214045e+00  1.4308157007e+00 -1.4848888239e+00  4.9357126588e+00  3.8627187707e-01 -1.1477532992e+00  5.9937381853e+00  9.1493813668e-01 -1.0150414890e+00  3.6846212554e+00  5.3624166974e+00 -2.7132791748e+00  1.3577348477e+00 -5.8538265727e-01  1.3610054099e-01  1.3539516658e+00  9.0093473324e-01  4.0508851606e-01  7.1063208267e+00  3.6631920725e+00 -1.5042121928e+00 -7.7790929801e-01  1.4140423561e+00 -4.3240659738e-01 -7.5448523421e-01  3.3853064185e+00 -2.1518193846e+00  3.4657124307e+00  1.5847918037e+00 -2.5706753749e+00  4.8860967249e+00  2.3838229608e+00 -9.8906627403e-01  5.1425549688e+00  2.4936441269e-01 -1.9634922223e+00  6.7008530907e+00 -5.6325428869e-01 -8.9562582191e-01  5.5258757447e+00
ENERGY -8.105426929035e+03

JOB 13
COORDS  3.0974886757e+00 -1.3907118042e+00  1.5253633973e-01  1.8535923017e+00 -7.5007375993e-01  1.8851325488e-01  2.9204781763e+00 -1.8015524695e+00  2.5491042002e+00  1.6744080832e+00 -1.1589236216e+00  2.5800945592e+00  3.6095267189e+00 -1.9067421005e+00  1.3388931052e+00  1.1497095053e+00 -6.3383276176e-01  1.3824259450e+00  1.4430609199e+00 -1.5078096819e+00  4.9415980578e+00  4.2668383582e-01 -1.1659579136e+00  6.0152174030e+00  9.2376182254e-01 -1.0141485706e+00  3.7031128728e+00  5.3086133686e+00 -2.7937264899e+00  1.3270516661e+00 -5.4341023392e-01  2.4627121929e-01  1.4013605620e+00  7.4338701183e-01  6.1493165986e-01  6.8127830767e+00  3.6449627870e+00 -1.4801291676e+00 -7.7903270476e-01  1.4313214214e+00 -3.3823668722e-01 -7.2241213007e-01  3.3553427199e+00 -2.2172639311e+00  3.4489084788e+00  1.5698581076e+00 -2.5976417019e+00  4.8835057753e+00  2.4070514858e+00 -1.0295292929e+00  5.1424465099e+00  4.9100409543e-01 -1.8626713357e+00  6.8496381560e+00 -5.8310161876e-01 -1.1574863626e+00  5.6087883786e+00
ENERGY -8.105428942671e+03

JOB 14
COORDS  3.1557017957e+00 -1.4006916981e+00  1.7011615881e-01  1.9227167114e+00 -7.3832345663e-01  1.8557744034e-01  2.9159561574e+00 -1.8414057373e+00  2.5550581103e+00  1.6820715311e+00 -1.1749891871e+00  2.5656756056e+00  3.6313211099e+00 -1.9428081971e+00  1.3600505370e+00  1.1929288875e+00 -6.2494882517e-01  1.3641725546e+00  1.4049537825e+00 -1.5192307560e+00  4.9201436940e+00  3.9583288367e-01 -1.1534954201e+00  5.9859716474e+00  9.1086314150e-01 -1.0278002582e+00  3.6740306591e+00  5.3149265325e+00 -2.8599121545e+00  1.3763418858e+00 -4.8473195954e-01  2.8474871789e-01  1.3565698934e+00  4.7855437083e-01  7.6373249936e-01  6.4553832186e+00  3.7231903035e+00 -1.4864625928e+00 -7.4972740784e-01  1.5296767498e+00 -3.0605494202e-01 -7.2896570207e-01  3.3208360436e+00 -2.2790213282e+00  3.4584634155e+00  1.5018788395e+00 -2.6138252737e+00  4.8782961125e+00  2.3819705822e+00 -1.0739791177e+00  5.1371660707e+00  6.0091671681e-01 -1.6935564492e+00  6.9096468181e+00 -6.2189073196e-01 -1.3488934554e+00  5.6515081743e+00
ENERGY -8.105430433967e+03

JOB 15
COORDS  3.3012474605e+00 -1.1442500758e+00  6.7404840515e-01  1.9857501847e+00 -6.6607101786e-01  6.5707715869e-01  3.1369973090e+00 -1.4237262727e+00  3.0896639140e+00  1.8215456583e+00 -9.3849906288e-01  3.0677127595e+00  3.8547058900e+00 -1.5163270611e+00  1.8952059409e+00  1.2523832367e+00 -5.6330841541e-01  1.8345687916e+00  1.5981115167e+00 -1.1386782402e+00  5.4408567327e+00  5.6997544181e-01 -8.4418548887e-01  6.5093116274e+00  1.0436879949e+00 -8.0696016954e-01  4.1740998738e+00  5.6544664416e+00 -2.1752722119e+00  1.9577399802e+00 -5.4005281316e-01  8.9586781964e-02  1.7823537600e+00  1.0857565331e-01  1.0742061659e+00  6.5885771411e+00  3.8711087609e+00 -1.2213673249e+00 -2.4513537605e-01  1.5306382043e+00 -3.6966223016e-01 -2.8247683955e-01  3.6043359546e+00 -1.7263222774e+00  4.0178252655e+00  1.8281725355e+00 -2.2149377416e+00  5.4775854290e+00  2.5259975840e+00 -5.8593307075e-01  5.6294701761e+00  9.5560465672e-01 -1.1135898504e+00  7.4920457322e+00 -3.6559061933e-01 -1.3671287748e+00  6.3148605692e+00
ENERGY -8.105430331272e+03

JOB 16
COORDS  2.6860626042e+00 -1.0594342011e+00  1.5598443408e-01  1.4869599585e+00 -4.1962957508e-01  4.9125601803e-01  2.8884551008e+00 -1.8250649269e+00  2.4613544796e+00  1.6899961113e+00 -1.1772394758e+00  2.7930597194e+00  3.3671809967e+00 -1.7534524866e+00  1.1511871248e+00  9.9236076756e-01 -4.7540139299e-01  1.7901168375e+00  1.8379123593e+00 -1.8345242211e+00  5.0856753519e+00  1.0760999273e+00 -1.6599386021e+00  6.3850410026e+00  1.1433801857e+00 -1.1801493628e+00  4.0370313671e+00  5.0140586460e+00 -2.6399303730e+00  7.2704085114e-01 -6.4485606646e-01  4.0348042883e-01  2.2233155097e+00  5.8351602894e-01  2.2016393819e-01  6.7285271585e+00  3.0710304190e+00 -1.0126161516e+00 -8.5652669463e-01  9.3640150501e-01  1.2827840116e-01 -2.6665174135e-01  3.4464525794e+00 -2.3794421443e+00  3.2049247905e+00  1.8874340479e+00 -2.9157520155e+00  4.8808631539e+00  2.8720426306e+00 -1.4832676648e+00  5.1873937294e+00  1.6790760808e+00 -1.9966621680e+00  7.2273969308e+00  1.2896843866e-01 -2.1974712087e+00  6.3646832654e+00
ENERGY -8.105428330281e+03

JOB 17
COORDS  4.9871886398e-01  1.5948083837e+00  1.1683051187e+00  1.3958622342e+00  7.8268620335e-01  4.6666811117e-01  2.1240611516e+00  1.7735996644e+00  2.9752451644e+00  3.0241882384e+00  9.6907287280e-01  2.2644921590e+00  8.8146876619e-01  2.0760212018e+00  2.4170832921e+00  2.6421581818e+00  4.7392593452e-01  1.0037852544e+00  4.8480274431e+00  1.3509112185e+00  3.7810322684e+00  5.1767427144e+00  2.8173701307e+00  3.4639197420e+00  4.2532231517e+00  6.0570943928e-01  2.7296687203e+00 -3.2116224733e-01  3.1897091936e+00  3.4117403598e+00  3.8514793330e+00 -6.1713070381e-01  1.3118656252e-02  5.6029608032e+00  3.1183148015e+00  1.5619712230e+00 -4.6821514636e-01  1.8427558530e+00  7.4503312228e-01  1.1245225214e+00  3.9516510481e-01 -5.1002486734e-01  2.3744624002e+00  2.1586252467e+00  3.9554538489e+00  4.2078283644e+00  1.3375628709e+00  4.6749461235e+00  5.7534545274e+00  8.0684474050e-01  4.0526465553e+00  6.0401543772e+00  3.1432435038e+00  4.0429629176e+00  4.3395925788e+00  3.4844584829e+00  3.6590143763e+00
ENERGY -8.105425712433e+03

JOB 18
COORDS  5.0242835229e-01  1.9553594985e+00  1.4168817707e+00  1.2072931004e+00  9.9572187466e-01  6.8233241848e-01  2.3242394381e+00  2.0068334428e+00  3.0341797646e+00  3.0267029260e+00  1.0454522016e+00  2.2955794966e+00  1.0781232545e+00  2.4456734156e+00  2.5852165893e+00  2.4515180786e+00  5.4485246823e-01  1.1121553303e+00  4.8944971055e+00  1.0428844613e+00  3.8066303796e+00  5.5205140600e+00  2.4539613888e+00  3.6960523938e+00  4.2425148393e+00  5.4502271396e-01  2.6493492031e+00  1.5089789831e-01  3.7718586478e+00  3.6139164953e+00  3.3902309650e+00 -7.5903603823e-01  8.2810082379e-02  5.6918597691e+00  3.1166223841e+00  1.8485867959e+00 -4.6528515318e-01  2.3083386976e+00  1.0785466111e+00  7.8328165429e-01  5.9746502890e-01 -2.3382543517e-01  2.7365924868e+00  2.4254133746e+00  3.9426636890e+00  4.2040978731e+00  1.0373875080e+00  4.6599997147e+00  5.6708874321e+00  3.1181037385e-01  4.0358068043e+00  6.5250440690e+00  2.4588779566e+00  4.1159902071e+00  4.9216760998e+00  3.2103201600e+00  4.2002350463e+00
ENERGY -8.105422895003e+03

JOB 19
COORDS  4.7983646638e-01  1.4822646341e+00  1.1086624950e+00  1.3579658088e+00  6.1498070710e-01  4.5017439675e-01  2.2091462725e+00  1.9233900589e+00  2.7669464895e+00  3.0833145170e+00  1.0478455591e+00  2.1088289944e+00  9.2492797736e-01  2.1246225086e+00  2.2606885892e+00  2.6421308283e+00  3.9813766733e-01  9.4098019298e-01  4.8159570067e+00  1.3172244720e+00  3.7515711766e+00  5.3467081310e+00  2.7767620729e+00  3.7069378316e+00  4.3530251057e+00  7.7848607489e-01  2.5221500331e+00 -2.4216588447e-01  3.3374749648e+00  3.1796799260e+00  3.8191489161e+00 -7.8550921339e-01  1.5040674139e-02  5.2168866260e+00  3.6549734474e+00  1.9471531658e+00 -5.1993600576e-01  1.6510843982e+00  7.2463402850e-01  1.0380557093e+00  1.0341130595e-01 -4.5187533985e-01  2.5232072502e+00  2.4692396531e+00  3.6469445264e+00  4.0346990867e+00  1.2363478617e+00  4.5149861779e+00  5.6300401417e+00  6.5537676472e-01  4.0521423251e+00  6.4037722752e+00  2.8125470299e+00  3.9632800859e+00  4.7953070818e+00  3.4238976012e+00  4.3876825738e+00
ENERGY -8.105421078121e+03

JOB 20
COORDS  4.4813000150e-01  1.2357797013e+00  1.0259915875e+00  1.4343237923e+00  4.9205380630e-01  3.7015659681e-01  2.0932852821e+00  1.8750000769e+00  2.7064094920e+00  3.0762252013e+00  1.1195251325e+00  2.0523366650e+00  7.9915674844e-01  1.9177062520e+00  2.1880971569e+00  2.7303684561e+00  4.3130691704e-01  8.7425994671e-01  4.7483111869e+00  1.5102542131e+00  3.7489623657e+00  5.3012285374e+00  2.9567031090e+00  3.7431879967e+00  4.3662399715e+00  1.0027910626e+00  2.4746807034e+00 -5.2034960042e-01  2.9660850474e+00  3.1035826023e+00  4.0532911099e+00 -5.9152763404e-01 -4.7764169302e-02  4.8139095405e+00  4.0349712207e+00  2.1662187889e+00 -5.6143990783e-01  1.2815656780e+00  6.3329905414e-01  1.1899292661e+00 -4.7567666712e-02 -5.3911701073e-01  2.3301484846e+00  2.4547030096e+00  3.5887112003e+00  3.9288499196e+00  1.4061176348e+00  4.4648010683e+00  5.5606139273e+00  8.4546006092e-01  4.0529293350e+00  6.3893581451e+00  2.9548330782e+00  3.7355709306e+00  4.9511089071e+00  3.5140406920e+00  4.6114819685e+00
ENERGY -8.105421322983e+03

JOB 21
COORDS  5.5408234059e-01  1.0921684677e+00  8.6790945194e-01  1.5657066829e+00  2.5276116877e-01  3.9113155963e-01  2.0883045515e+00  1.9170817697e+00  2.5739371839e+00  3.0960785982e+00  1.0647868407e+00  2.1018432586e+00  8.3779567970e-01  1.9131764958e+00  1.9562335835e+00  2.8179758577e+00  2.3537330962e-01  9.9875296619e-01  4.6565138709e+00  1.5820440632e+00  3.8858988936e+00  5.4244853723e+00  2.9058348979e+00  3.7616047025e+00  4.3492494463e+00  9.8061118943e-01  2.6291897641e+00 -5.1701251254e-01  3.0942027357e+00  2.6255991865e+00  4.1752775911e+00 -9.2547046772e-01  3.2198182387e-01  4.8748041248e+00  4.0331437593e+00  2.2386953461e+00 -4.2219220048e-01  1.1037952421e+00  3.9642947430e-01  1.3750824162e+00 -3.9685980374e-01 -4.5702473743e-01  2.2759074632e+00  2.6062473023e+00  3.3862752430e+00  3.7637885784e+00  1.6814445559e+00  4.5066590421e+00  5.3375612306e+00  8.5833881880e-01  4.3450007346e+00  6.4820888356e+00  2.7221237001e+00  3.5810882010e+00  5.3092169213e+00  3.5077144819e+00  4.6631273586e+00
ENERGY -8.105423633367e+03

JOB 22
COORDS  4.9042626576e-01  9.4814278636e-01  1.0464687499e+00  1.5065796337e+00  2.4506994343e-01  3.9293515585e-01  2.1379587207e+00  1.8051720124e+00  2.6255927307e+00  3.1516706592e+00  1.0837347534e+00  1.9787582016e+00  8.2753327426e-01  1.7192492533e+00  2.1568700734e+00  2.8194984836e+00  3.0588131572e-01  8.5399886246e-01  4.8319640580e+00  1.3674425344e+00  3.7074674938e+00  5.6594580677e+00  2.6384273357e+00  3.8375360047e+00  4.4625039520e+00  1.1127653759e+00  2.3490752419e+00 -5.3951883850e-01  2.7123878108e+00  3.0638791691e+00  4.1824048820e+00 -6.7896023084e-01 -5.2506538563e-02  4.8261583800e+00  4.2044233423e+00  2.9707913002e+00 -5.3304587823e-01  8.9493203090e-01  6.9237572764e-01  1.2724732554e+00 -3.6279754828e-01 -4.7502614012e-01  2.3697646065e+00  2.4568528641e+00  3.4579743121e+00  3.9621832363e+00  1.3713223182e+00  4.3670126406e+00  5.4869618994e+00  5.2736247787e-01  3.9696308111e+00  6.6203201296e+00  2.5284382676e+00  3.3370830066e+00  5.8150202758e+00  2.8941593605e+00  4.8859512329e+00
ENERGY -8.105426520255e+03

JOB 23
COORDS  6.8535631288e-01  1.1633390943e+00  7.3726666403e-01  1.8582146372e+00  5.4045261282e-01  3.0250106004e-01  1.7268366736e+00  1.5576667580e+00  2.9018364498e+00  2.9097112290e+00  9.5686327827e-01  2.4521199431e+00  6.3898810339e-01  1.6635837507e+00  2.0380837611e+00  2.9615924980e+00  4.3932123665e-01  1.1479784320e+00  4.4665318100e+00  1.8750400212e+00  4.0638487338e+00  5.5607995800e+00  2.6607597867e+00  3.3644203888e+00  3.9976380134e+00  7.8383894342e-01  3.2645236246e+00 -9.6364728658e-01  2.5061517364e+00  2.6687163052e+00  4.5631074575e+00 -3.8308717268e-01  5.1603838689e-01  4.9135956798e+00  3.5851995261e+00  1.7412413758e+00 -1.6891239532e-01  1.2518670934e+00  7.5245824845e-02  1.9181090950e+00  1.4375446282e-01 -7.0578028134e-01  1.6538787918e+00  1.9296538987e+00  3.9173504777e+00  3.6517101184e+00  2.5303848170e+00  4.3812150336e+00  4.9072969847e+00  1.3977013328e+00  4.9460703284e+00  6.3591088598e+00  2.0024671761e+00  3.0249988446e+00  5.9598385223e+00  3.4346116248e+00  4.0213986680e+00
ENERGY -8.105428632144e+03

