JOB 0
COORDS  2.4635612749e+00 -3.2687525632e-01  3.8221340297e-01  1.1920055107e+00  1.4904419026e-01  7.1556312190e-01  2.3305754738e-01 -1.9808470983e+00  6.3674996259e-02  7.7827922933e+00 -3.0950109276e+00 -1.5003249517e+00  6.0178261502e+00 -2.3587553810e+00 -2.6289093521e+00  7.1754515066e+00 -3.0993397951e+00 -2.7899640008e+00  2.6393205794e+00 -1.6242644831e+00 -1.1956769459e-01  8.6016421691e-02 -6.8098174416e-01  5.5369242316e-01  1.5028261941e+00 -2.4435919270e+00 -2.7192661421e-01  4.9478050303e+00 -1.2640326437e+00 -6.3983055949e-01  7.0559623572e+00 -2.4188235793e+00 -6.1227708077e-01  5.9924345192e+00 -1.9589753717e+00 -1.3117781349e+00  7.7075412456e+00 -3.6561154367e+00 -3.9709921592e+00  3.8434339759e+00 -2.1640797847e+00 -4.5556466501e-01 -1.5159162090e+00 -9.6864199339e-02  9.6973978261e-01  1.6870037647e+00 -4.0645697151e+00 -8.9597060889e-01  3.3182015306e+00  3.2269369150e-01  5.3416455152e-01  1.0702339455e+00  1.1547545104e+00  1.1041037047e+00 -6.2878365759e-01 -2.6270181997e+00 -6.2128382346e-02  8.7184838957e+00 -3.5512843109e+00 -1.1989243096e+00  5.2252408085e+00 -2.1003560140e+00 -3.3176735727e+00  5.3429935624e+00 -9.2997055725e-01  3.2256024666e-01  4.6146778318e+00 -4.0991508123e-01 -1.2405469007e+00  6.9915562574e+00 -3.8519045399e+00 -4.6632084203e+00  8.2285750423e+00 -4.5078083968e+00 -3.7874233661e+00
ENERGY -1.546360892441e+03

JOB 1
COORDS  1.8001090275e+00 -2.5687967307e+00 -1.9938108651e+00  4.6676817410e-01 -2.2053302873e+00 -2.1850211113e+00  5.0787787434e-01 -9.9506143230e-01 -7.3730254216e-02  7.1227434045e+00 -3.6573440150e+00 -2.8265794753e+00  6.9552807409e+00 -2.8952895991e+00 -7.4876632795e-01  7.7426626028e+00 -3.7090023066e+00 -1.5442451580e+00  2.5007405244e+00 -2.1598229588e+00 -8.5414732404e-01 -1.6658794939e-01 -1.4204451253e+00 -1.2189493283e+00  1.8424557004e+00 -1.3671258886e+00  9.8801731816e-02  4.8073298303e+00 -1.6647165919e+00 -1.1600363700e+00  6.0379867530e+00 -2.8836949873e+00 -2.8226827372e+00  5.9563838909e+00 -2.4048752545e+00 -1.5596370748e+00  8.9477449032e+00 -4.3645640292e+00 -1.2151208380e+00  3.7965710653e+00 -2.5747033022e+00 -6.6896626104e-01 -1.8439616789e+00 -9.5656092115e-01 -1.4410662013e+00  2.7017112760e+00 -8.3818089438e-01  1.5296445013e+00  2.3219807809e+00 -3.1827819463e+00 -2.7220785819e+00 -7.4393668564e-02 -2.5280195928e+00 -3.0683337334e+00  8.0516483626e-03 -3.8660527212e-01  6.7186776870e-01  7.4385976455e+00 -4.1435820918e+00 -3.7424243873e+00  7.0204468772e+00 -2.6276121185e+00  2.9708362494e-01  5.0781970263e+00 -9.6916023383e-01 -3.6040822539e-01  4.4297942303e+00 -1.1240140945e+00 -2.0303549935e+00  9.0580501738e+00 -5.2339239827e+00 -1.7276346681e+00  9.0231428082e+00 -4.5579620677e+00 -2.2160704074e-01
ENERGY -1.546360405832e+03

JOB 2
COORDS  2.0649128520e+00 -2.3574247288e+00 -2.0135448374e+00  7.2079642300e-01 -2.1606520924e+00 -2.3288982033e+00  3.4878289234e-01 -1.2267580575e+00 -1.1302387490e-01  6.8591095507e+00 -3.8544203265e+00 -2.7521072596e+00  7.0137289819e+00 -2.7440780714e+00 -8.3611591257e-01  7.6504404656e+00 -3.7270328391e+00 -1.5741463293e+00  2.5695126280e+00 -1.9864978661e+00 -7.6084378851e-01 -1.2617842128e-01 -1.5988396269e+00 -1.3706426116e+00  1.7011056589e+00 -1.4161276934e+00  1.8145972265e-01  4.8656992156e+00 -1.4797056491e+00 -1.1725071060e+00  5.8159994449e+00 -3.0248561800e+00 -2.7403797008e+00  5.9310024459e+00 -2.3362956963e+00 -1.5813823852e+00  8.8642061529e+00 -4.3896832377e+00 -1.2964389813e+00  3.8801024616e+00 -2.2242012801e+00 -4.3160060727e-01 -1.8229376236e+00 -1.3555764157e+00 -1.7480699086e+00  2.3155995378e+00 -9.2856137941e-01  1.7441131680e+00  2.7427969146e+00 -2.8142549590e+00 -2.7297405713e+00  3.3205107266e-01 -2.4522201062e+00 -3.2990340738e+00 -3.1474777530e-01 -7.8888272697e-01  6.2453274699e-01  7.0236446800e+00 -4.5073026486e+00 -3.6015874211e+00  7.2359074929e+00 -2.3094901998e+00  1.2904649935e-01  5.2641304015e+00 -7.0101072395e-01 -5.1542745960e-01  4.4198492606e+00 -1.0359146586e+00 -2.0638632725e+00  8.8753496601e+00 -5.3329650896e+00 -1.6714461674e+00  9.0644235987e+00 -4.4294876636e+00 -3.0223746363e-01
ENERGY -1.546360868627e+03

JOB 3
COORDS  2.2619056010e+00 -2.2632423706e+00 -1.9119587751e+00  9.1636682315e-01 -2.2133624451e+00 -2.2765889170e+00  3.5886917760e-01 -1.3436383856e+00 -7.6498989142e-02  6.6110512466e+00 -3.9167516427e+00 -2.7353206093e+00  7.0166988861e+00 -2.7610720618e+00 -8.8396194084e-01  7.5025684740e+00 -3.8226856829e+00 -1.6283109088e+00  2.6737186808e+00 -1.8411832004e+00 -6.4085146660e-01 -2.4911276818e-02 -1.7555606675e+00 -1.3526120521e+00  1.7108740092e+00 -1.3822369976e+00  2.7095958318e-01  4.9658649705e+00 -1.3175328548e+00 -1.0986546739e+00  5.6498461977e+00 -2.9949799271e+00 -2.6762660859e+00  5.9192191995e+00 -2.2796085985e+00 -1.5596432907e+00  8.6711595102e+00 -4.5835237771e+00 -1.4181957391e+00  3.9838139272e+00 -1.9194264520e+00 -2.4191052940e-01 -1.7233050886e+00 -1.6997782367e+00 -1.7946225557e+00  2.2026263806e+00 -8.4545374094e-01  1.8607179120e+00  3.0077748633e+00 -2.6482813344e+00 -2.6023297264e+00  6.0076411506e-01 -2.5428878790e+00 -3.2610705678e+00 -3.7623903606e-01 -9.8784346290e-01  6.3691616831e-01  6.6473012564e+00 -4.6106593577e+00 -3.5672177507e+00  7.3552971141e+00 -2.3155295345e+00  4.1608698158e-02  5.4888508732e+00 -5.6598711196e-01 -5.0153665006e-01  4.4946878849e+00 -8.5385754605e-01 -1.9658981564e+00  8.5681024298e+00 -5.5372102059e+00 -1.7503973007e+00  8.9497400625e+00 -4.6037700241e+00 -4.4246769863e-01
ENERGY -1.546362555276e+03

JOB 4
COORDS  2.8022927371e+00 -2.5062632539e+00 -2.4017845919e+00  1.6088616908e+00 -2.6696280259e+00 -3.1077189022e+00  4.2338929057e-01 -3.0275473300e+00 -1.0194160501e+00  7.2381699599e+00 -2.9760142922e+00 -2.8562990515e+00  7.1226323274e+00 -2.7577372393e+00 -6.5040585444e-01  7.8993360544e+00 -3.3280425800e+00 -1.6452640821e+00  2.8184254906e+00 -2.5815750117e+00 -1.0029943573e+00  4.2901599184e-01 -2.9299625597e+00 -2.4112072977e+00  1.6184028151e+00 -2.8482764551e+00 -3.2217020029e-01  4.9419303810e+00 -1.5001850880e+00 -6.7225657084e-01  6.1405703854e+00 -2.2539057621e+00 -2.6281499384e+00  6.0883230640e+00 -2.1093723507e+00 -1.2839212516e+00  9.1248393103e+00 -4.0136232298e+00 -1.5201539132e+00  3.9614858481e+00 -2.4546443075e+00 -2.5562297166e-01 -1.0756036956e+00 -3.1462363433e+00 -3.2907698852e+00  1.6119766125e+00 -2.9527968467e+00  1.4234949213e+00  3.7329034887e+00 -2.3450512949e+00 -2.9378824833e+00  1.6029428478e+00 -2.6112674464e+00 -4.1912364491e+00 -4.9516526109e-01 -3.2300848336e+00 -4.7978647433e-01  7.5297968513e+00 -3.2130398987e+00 -3.8729225874e+00  7.2192161840e+00 -2.7566524604e+00  4.2684942773e-01  5.2634883686e+00 -9.9543689459e-01  2.4122254082e-01  4.5209673354e+00 -7.8085591970e-01 -1.3759116212e+00  9.2459640920e+00 -4.7120721129e+00 -2.2466974924e+00  9.2295512319e+00 -4.4590757348e+00 -6.1430257798e-01
ENERGY -1.546364322368e+03

JOB 5
COORDS  2.8795686039e+00 -2.4078472179e+00 -2.3334731315e+00  1.7458703412e+00 -2.7690094243e+00 -3.0661770745e+00  5.5341581802e-01 -3.2234142200e+00 -1.0038025985e+00  7.1542592008e+00 -2.8540710374e+00 -2.8885942760e+00  6.9466478020e+00 -2.8199560667e+00 -6.7845664679e-01  7.7073928183e+00 -3.3851411688e+00 -1.6890814239e+00  2.8591561433e+00 -2.4346018540e+00 -9.3337945866e-01  5.9216292564e-01 -3.1736744798e+00 -2.3980811330e+00  1.6851952280e+00 -2.8522704790e+00 -2.8006312028e-01  4.9568780610e+00 -1.2739606041e+00 -6.6214733489e-01  6.1307030466e+00 -2.0354550369e+00 -2.6400725350e+00  6.0201899997e+00 -2.0106816277e+00 -1.2920186124e+00  8.8397802411e+00 -4.2169505492e+00 -1.5770604804e+00  3.9237589578e+00 -2.1028553377e+00 -1.3576628206e-01 -8.3425399322e-01 -3.6364958715e+00 -3.3122920488e+00  1.6341515474e+00 -2.9038133400e+00  1.4674882544e+00  3.7879542753e+00 -2.1348815810e+00 -2.8600453739e+00  1.7709113459e+00 -2.7469419147e+00 -4.1507532272e+00 -3.4396666977e-01 -3.5387813092e+00 -4.8304780848e-01  7.4691551341e+00 -3.0330244464e+00 -3.9100308557e+00  6.9839514768e+00 -2.9267298250e+00  3.9715382238e-01  5.3528639086e+00 -7.4976836657e-01  2.0947224005e-01  4.5717315143e+00 -5.5975890761e-01 -1.3922057328e+00  8.9137985549e+00 -4.8670146481e+00 -2.3531355022e+00  8.8535824592e+00 -4.7390096885e+00 -7.0690976182e-01
ENERGY -1.546365468593e+03

JOB 6
COORDS  2.9767630263e+00 -2.2557723374e+00 -2.3146600315e+00  1.9255430962e+00 -2.8005253502e+00 -3.0576586464e+00  7.7329981523e-01 -3.3875249360e+00 -1.0070898427e+00  7.1251772488e+00 -2.7365546951e+00 -2.8798339372e+00  6.7127189383e+00 -2.8914283110e+00 -7.0320875488e-01  7.4796726246e+00 -3.4613740050e+00 -1.7071927733e+00  2.9351246052e+00 -2.2620388564e+00 -9.1496320252e-01  8.3259034825e-01 -3.3610413142e+00 -2.4015493487e+00  1.8231851078e+00 -2.8396527638e+00 -2.7365715796e-01  5.0008008824e+00 -1.0395279537e+00 -6.6621694229e-01  6.2054791610e+00 -1.8036346350e+00 -2.6249114952e+00  5.9693443477e+00 -1.9000984978e+00 -1.2969901230e+00  8.4638983415e+00 -4.4642545189e+00 -1.5983094634e+00  3.9054306493e+00 -1.7449058031e+00 -9.6588176882e-02 -4.8829350448e-01 -4.0527106960e+00 -3.3294924672e+00  1.7487660243e+00 -2.8705226772e+00  1.4737392662e+00  3.8361572562e+00 -1.8558757565e+00 -2.8401240775e+00  1.9686770225e+00 -2.7933828775e+00 -4.1418268341e+00 -7.6374345282e-02 -3.8243941246e+00 -4.9412775632e-01  7.5051251794e+00 -2.8606761375e+00 -3.8871119895e+00  6.6278600530e+00 -3.1100367411e+00  3.5254287849e-01  5.4516476679e+00 -5.2753398824e-01  1.8574386433e-01  4.6804517990e+00 -3.1359453181e-01 -1.4171676841e+00  8.5232910493e+00 -5.0334279057e+00 -2.4366487408e+00  8.3147438562e+00 -5.0699086020e+00 -7.9778740618e-01
ENERGY -1.546366001417e+03

JOB 7
COORDS  3.2271770701e+00 -2.7358353193e+00 -2.3989540682e+00  2.4213488324e+00 -3.4238236487e+00 -3.3099061835e+00  1.5232198671e+00 -4.7701970613e+00 -1.5049576388e+00  7.2708824040e+00 -2.5391873780e+00 -2.8788317134e+00  6.7630902465e+00 -3.2645316026e+00 -8.4185544961e-01  7.5988025894e+00 -3.5335459175e+00 -1.9143341541e+00  3.1918087818e+00 -3.0539391996e+00 -1.0359194032e+00  1.5748522101e+00 -4.4335750118e+00 -2.8585777202e+00  2.3328693748e+00 -4.0816630662e+00 -6.0421604994e-01  4.9723489004e+00 -1.5375166540e+00 -4.3093983564e-01  6.3023492297e+00 -1.7300051122e+00 -2.4447412255e+00  6.0089170737e+00 -2.1735775847e+00 -1.2016018997e+00  8.6148112675e+00 -4.5047210902e+00 -2.0134307014e+00  3.9191276802e+00 -2.4215267785e+00 -6.1839410963e-02  5.6119773520e-01 -5.3037597205e+00 -3.9985546348e+00  2.2750289709e+00 -4.5085727783e+00  1.0912884989e+00  3.8984380159e+00 -1.9711751338e+00 -2.7705534456e+00  2.4603974115e+00 -3.1726064509e+00 -4.3647064657e+00  8.6604889507e-01 -5.5570603483e+00 -1.1515767780e+00  7.7016042019e+00 -2.3885976242e+00 -3.8617620918e+00  6.6360002484e+00 -3.7518942679e+00  1.1517725585e-01  5.3595445824e+00 -1.1870866896e+00  5.2741746920e-01  4.6148470045e+00 -6.9150856334e-01 -1.0240285847e+00  8.7350657308e+00 -4.8356201580e+00 -2.9654067481e+00  8.4527932956e+00 -5.3004612275e+00 -1.4048384453e+00
ENERGY -1.546365719486e+03

JOB 8
COORDS  5.8695357048e+00 -3.0978573454e+00  1.5133558167e+00  6.2019535739e+00 -4.3628356838e+00  1.9956196540e+00  4.0102759237e+00 -5.1794953618e+00  1.3273082388e+00  7.7950653918e+00 -2.1407109379e+00 -1.6668374741e+00  5.8556362212e+00 -3.1671880112e+00 -1.9904048198e+00  7.2175209261e+00 -3.3489679061e+00 -2.1529032868e+00  4.6196219767e+00 -2.8520579033e+00  9.3715269331e-01  5.2665915963e+00 -5.3948036213e+00  1.8942553178e+00  3.6968123420e+00 -3.9046987067e+00  8.5091502700e-01  4.4765501505e+00 -1.3624421264e+00 -9.2112863452e-01  6.8691708493e+00 -1.2851725470e+00 -1.2320708402e+00  5.6883122395e+00 -1.9064748693e+00 -1.4570281567e+00  7.8962857608e+00 -4.4307670869e+00 -2.7504949931e+00  4.3249988303e+00 -1.5828023761e+00  4.9650352098e-01  5.6708166678e+00 -6.9963141578e+00  2.4892212500e+00  2.1242749313e+00 -3.6317857700e+00  1.2860274668e-01  6.5788730783e+00 -2.2776189368e+00  1.5557177227e+00  7.1748213363e+00 -4.5483197402e+00  2.4387300114e+00  3.2857182776e+00 -5.9833660073e+00  1.2577893272e+00  8.8433696483e+00 -1.8667668300e+00 -1.6323694138e+00  5.0121094783e+00 -3.8066290506e+00 -2.2124391859e+00  4.4830203978e+00 -2.7965421105e-01 -1.0343502836e+00  3.6349164699e+00 -1.8070359047e+00 -1.4587858561e+00  7.3683676016e+00 -5.2959115462e+00 -2.6967879154e+00  8.8125661081e+00 -4.5785360326e+00 -2.3395568891e+00
ENERGY -1.546364860712e+03

JOB 9
COORDS  5.8106742442e+00 -2.9598720501e+00  1.6191093516e+00  6.2341243939e+00 -4.2020406639e+00  2.0903365663e+00  4.2469680563e+00 -5.2295352178e+00  1.1335108032e+00  7.7509017975e+00 -2.3331266417e+00 -1.5369298313e+00  5.7358215984e+00 -3.1270882069e+00 -2.0213220376e+00  7.0781460845e+00 -3.4461801661e+00 -2.1191394130e+00  4.6158797887e+00 -2.8301265831e+00  9.0539932154e-01  5.4467796171e+00 -5.3271569481e+00  1.8387357561e+00  3.8427498851e+00 -3.9769762060e+00  6.6972783515e-01  4.5013789360e+00 -1.2499756070e+00 -9.0368147033e-01  6.8967340354e+00 -1.4064506544e+00 -1.1037378691e+00  5.6703620246e+00 -1.8839164817e+00 -1.4268208562e+00  7.6741299259e+00 -4.5640497361e+00 -2.7376966023e+00  4.2180147017e+00 -1.5861981460e+00  4.7875460411e-01  5.9699013330e+00 -6.9013265796e+00  2.4146608544e+00  2.3535717961e+00 -3.8472655583e+00 -2.4464862725e-01  6.4084209091e+00 -2.0685349728e+00  1.7778781552e+00  7.1648928658e+00 -4.2972784239e+00  2.6397193576e+00  3.6384884790e+00 -6.1071071369e+00  9.4490954268e-01  8.8183906281e+00 -2.1775385079e+00 -1.4304933946e+00  4.8444543277e+00 -3.6587973773e+00 -2.3248662426e+00  4.6421355636e+00 -1.7025423320e-01 -9.1087044966e-01  3.6471772702e+00 -1.5386846457e+00 -1.5212173374e+00  7.0533060903e+00 -5.3665179875e+00 -2.7652815781e+00  8.5392194360e+00 -4.8342272992e+00 -2.2804272483e+00
ENERGY -1.546364334817e+03

JOB 10
COORDS  5.7360304250e+00 -2.8860180374e+00  1.6570008132e+00  6.2266953532e+00 -4.0930772474e+00  2.1544037837e+00  4.3879274024e+00 -5.2722161191e+00  1.0812753647e+00  7.7241920802e+00 -2.4545645680e+00 -1.4560513926e+00  5.6850827108e+00 -3.0878507032e+00 -2.0633111203e+00  7.0071182316e+00 -3.4896268248e+00 -2.1234354635e+00  4.5805076390e+00 -2.8490854398e+00  8.7149495261e-01  5.5464788627e+00 -5.2757068038e+00  1.8587869756e+00  3.9183482734e+00 -4.0540978668e+00  5.8941318686e-01  4.5306619961e+00 -1.1918773165e+00 -8.9175243981e-01  6.9132384400e+00 -1.4977290239e+00 -1.0073134596e+00  5.6724842655e+00 -1.8755237895e+00 -1.4053896696e+00  7.5564175877e+00 -4.6117726507e+00 -2.7755934877e+00  4.0901953993e+00 -1.6500466145e+00  4.1853404613e-01  6.1559428528e+00 -6.8048388585e+00  2.4707969374e+00  2.4887710293e+00 -4.0338541075e+00 -4.2275234012e-01  6.2516459600e+00 -1.9524225908e+00  1.8550077628e+00  7.1267128804e+00 -4.1164156040e+00  2.7599124819e+00  3.8639362468e+00 -6.1947391460e+00  8.5704437312e-01  8.7937286757e+00 -2.3762265600e+00 -1.2983199684e+00  4.7755490174e+00 -3.5450756322e+00 -2.4275360770e+00  4.7752059554e+00 -1.3682544159e-01 -7.7606324002e-01  3.6969923258e+00 -1.3283946287e+00 -1.5850298938e+00  6.8853004752e+00 -5.3664273540e+00 -2.8767073161e+00  8.3783128134e+00 -4.9651081393e+00 -2.2958846206e+00
ENERGY -1.546363208137e+03

JOB 11
COORDS  5.6673614361e+00 -2.8518260290e+00  1.6556314574e+00  6.2094625749e+00 -4.0175808119e+00  2.1959498050e+00  4.4667303971e+00 -5.3217562031e+00  1.1081133106e+00  7.7163243670e+00 -2.5355640104e+00 -1.4154873066e+00  5.6667493189e+00 -3.0490061196e+00 -2.0975905522e+00  6.9713267751e+00 -3.5059318927e+00 -2.1467051460e+00  4.5343353515e+00 -2.8979655932e+00  8.3756410750e-01  5.6017581651e+00 -5.2425233160e+00  1.9154325080e+00  3.9475071110e+00 -4.1446238645e+00  5.6829024240e-01  4.5681328962e+00 -1.1623849678e+00 -8.6128043263e-01  6.9369304189e+00 -1.5664554502e+00 -9.3885367910e-01  5.6904755572e+00 -1.8702919334e+00 -1.3821988959e+00  7.4871052981e+00 -4.6204675155e+00 -2.8370221919e+00  3.9762801957e+00 -1.7505435110e+00  3.3452872253e-01  6.2746286446e+00 -6.7200158227e+00  2.5855363341e+00  2.5517899561e+00 -4.2301843010e+00 -4.8534622704e-01  6.1273063014e+00 -1.8885834008e+00  1.8482607425e+00  7.0920672559e+00 -3.9760062311e+00  2.8255926827e+00  3.9999899524e+00 -6.2769678803e+00  8.9470297980e-01  8.7839803369e+00 -2.5122482512e+00 -1.2302001440e+00  4.7465719446e+00 -3.4507420631e+00 -2.4987266902e+00  4.8950358699e+00 -1.5523924105e-01 -6.0286412735e-01  3.7734293665e+00 -1.1358771000e+00 -1.6101626946e+00  6.7860062784e+00 -5.3377092497e+00 -2.9921824682e+00  8.2797231072e+00 -5.0329488593e+00 -2.3553185899e+00
ENERGY -1.546362336955e+03

JOB 12
COORDS  5.5994070094e+00 -2.8368418066e+00  1.6549968160e+00  6.1591544705e+00 -3.9639962890e+00  2.2552340031e+00  4.4961787866e+00 -5.3613742817e+00  1.1596911907e+00  7.7410375330e+00 -2.5960805947e+00 -1.4136818281e+00  5.6805543094e+00 -2.9902342168e+00 -2.1420747602e+00  6.9682031540e+00 -3.4916923358e+00 -2.2086875891e+00  4.4973268723e+00 -2.9495868685e+00  8.0089538337e-01  5.5986543201e+00 -5.2170037303e+00  2.0019274833e+00  3.9601576398e+00 -4.2231626102e+00  5.5586448781e-01  4.6371148850e+00 -1.1392525194e+00 -8.0856670699e-01  6.9921977153e+00 -1.6300908171e+00 -8.8414591030e-01  5.7402467950e+00 -1.8600893903e+00 -1.3554020421e+00  7.4492747706e+00 -4.5808397003e+00 -2.9612141172e+00  3.9090484516e+00 -1.8491908541e+00  2.3120886024e-01  6.2912582162e+00 -6.6464964718e+00  2.7513074959e+00  2.6087823823e+00 -4.3963013129e+00 -5.4278033849e-01  6.0246635626e+00 -1.8549479117e+00  1.8322829238e+00  7.0176930949e+00 -3.8704682912e+00  2.9119503612e+00  4.0673876287e+00 -6.3382801155e+00  9.6585654032e-01  8.8066417196e+00 -2.6240419698e+00 -1.2179038569e+00  4.7489676488e+00 -3.3359684709e+00 -2.5685733815e+00  5.0317033713e+00 -2.0951921305e-01 -3.9581087880e-01  3.8941166484e+00 -9.3580586073e-01 -1.5821658905e+00  6.7237235710e+00 -5.2601771257e+00 -3.1664580451e+00  8.2215178893e+00 -5.0512542366e+00 -2.4999618984e+00
ENERGY -1.546362496175e+03

JOB 13
COORDS  5.5199574413e+00 -2.8200736480e+00  1.6618130347e+00  6.0854995439e+00 -3.8965248442e+00  2.3439970945e+00  4.5009126399e+00 -5.3972808162e+00  1.2719552451e+00  7.7499936866e+00 -2.6292556990e+00 -1.4549353948e+00  5.6793506159e+00 -2.9448152587e+00 -2.1941907049e+00  6.9587940337e+00 -3.4620043695e+00 -2.2984857677e+00  4.4524116694e+00 -3.0107900048e+00  7.7796064053e-01  5.5665592113e+00 -5.1766412132e+00  2.1442903488e+00  3.9586318373e+00 -4.3102557965e+00  5.8489830270e-01  4.6697790013e+00 -1.1565544634e+00 -7.5160847306e-01  7.0185546279e+00 -1.6861021465e+00 -8.6263604275e-01  5.7618803586e+00 -1.8669349873e+00 -1.3406020339e+00  7.4178905859e+00 -4.5120236745e+00 -3.1175323885e+00  3.8485649300e+00 -1.9699671246e+00  1.1741278908e-01  6.2665837000e+00 -6.5419497538e+00  2.9987505799e+00  2.6548298396e+00 -4.5839027551e+00 -5.4948181296e-01  5.9187514075e+00 -1.8213201173e+00  1.8017919134e+00  6.9174073129e+00 -3.7422105053e+00  3.0230812097e+00  4.1051893525e+00 -6.3948960019e+00  1.1171338297e+00  8.8155567760e+00 -2.6867950521e+00 -1.2656734699e+00  4.7390667247e+00 -3.2519300971e+00 -2.6311890772e+00  5.1006010645e+00 -3.1783596542e-01 -2.0044555183e-01  3.9767431887e+00 -7.9853668554e-01 -1.5150361642e+00  6.6805773258e+00 -5.1669862690e+00 -3.3572258732e+00  8.1861153455e+00 -5.0202915690e+00 -2.6910443159e+00
ENERGY -1.546363527680e+03

JOB 14
COORDS  5.5603319448e+00 -2.9787692904e+00  1.4967958625e+00  6.0453464536e+00 -3.9806328649e+00  2.3387183811e+00  4.1889970279e+00 -5.4101338511e+00  1.7052576098e+00  7.8748322584e+00 -2.4613814649e+00 -1.6549673190e+00  5.8096671587e+00 -2.9605203828e+00 -2.3033335698e+00  7.1308833932e+00 -3.3199611018e+00 -2.5138477050e+00  4.3951509388e+00 -3.1776306822e+00  7.4683346352e-01  5.3540707798e+00 -5.1872454279e+00  2.4395746324e+00  3.7218873521e+00 -4.4061909505e+00  8.5756149487e-01  4.6927214516e+00 -1.3143456722e+00 -7.6259970756e-01  7.0794059341e+00 -1.6483857245e+00 -9.5815310246e-01  5.8264818460e+00 -1.9480366914e+00 -1.3727929341e+00  7.6515571973e+00 -4.2527079769e+00 -3.4323478749e+00  3.8354492744e+00 -2.2290213946e+00 -6.9566273234e-02  5.9547748113e+00 -6.4529552545e+00  3.4985898391e+00  2.2786875974e+00 -4.6930147307e+00 -8.8637475407e-02  6.1105767217e+00 -2.0493845342e+00  1.4105646915e+00  6.9531658929e+00 -3.8198239764e+00  2.9106773079e+00  3.6543548851e+00 -6.3505085858e+00  1.7808813378e+00  8.9493053785e+00 -2.4105688896e+00 -1.5234819261e+00  4.8832966050e+00 -3.3389611741e+00 -2.7136908555e+00  5.0876312120e+00 -5.4201298623e-01 -9.7459404817e-02  4.0377892715e+00 -8.6655431779e-01 -1.5121762416e+00  6.9794299817e+00 -4.9722740784e+00 -3.6781393918e+00  8.4985306649e+00 -4.6945329347e+00 -3.0892176822e+00
ENERGY -1.546364637816e+03

JOB 15
COORDS  5.5876741457e+00 -3.1726015126e+00  1.4274924966e+00  5.9802494479e+00 -4.0821518295e+00  2.4129000392e+00  3.9436158514e+00 -5.3498530832e+00  2.0621206128e+00  7.9716127826e+00 -2.3614396049e+00 -1.7854510026e+00  5.9310251223e+00 -2.9259161360e+00 -2.4576730493e+00  7.2692673397e+00 -3.1674632230e+00 -2.7254132588e+00  4.3735811991e+00 -3.3386439831e+00  7.5010922054e-01  5.1574281526e+00 -5.1617410679e+00  2.7250091001e+00  3.5619134589e+00 -4.4403378004e+00  1.0782371464e+00  4.7350636286e+00 -1.4905998247e+00 -7.6346378168e-01  7.1365662884e+00 -1.6866783397e+00 -9.9264505091e-01  5.8992281955e+00 -2.0298742820e+00 -1.4162908764e+00  7.8317611307e+00 -3.9541790566e+00 -3.7502369106e+00  3.8856536913e+00 -2.4896402304e+00 -2.0859280826e-01  5.6468064376e+00 -6.3093566826e+00  3.9610192248e+00  2.0449742102e+00 -4.6794186435e+00  2.4031330665e-01  6.2518943479e+00 -2.3538103208e+00  1.1790058148e+00  6.9254587841e+00 -3.9473056940e+00  2.9282849938e+00  3.3022102872e+00 -6.1906224830e+00  2.3021708584e+00  9.0426050881e+00 -2.2524858551e+00 -1.6612224746e+00  5.0239305780e+00 -3.3153783220e+00 -2.8993924014e+00  5.0958560106e+00 -7.8721315807e-01 -8.3065871844e-03  4.0915565377e+00 -9.7571754683e-01 -1.4789909234e+00  7.2021355730e+00 -4.6827709680e+00 -4.0705324611e+00  8.7106571999e+00 -4.3768411510e+00 -3.4688129485e+00
ENERGY -1.546365719146e+03

JOB 16
COORDS  5.5386150890e+00 -2.5848090723e+00  1.7866478229e+00  5.6912814526e+00 -3.3521934023e+00  2.9449640454e+00  3.3987455732e+00 -4.1151980195e+00  2.7470824331e+00  8.1644703598e+00 -2.2145115481e+00 -1.4869803633e+00  6.1017746756e+00 -2.3960597837e+00 -2.2896135317e+00  7.4002891111e+00 -2.8203740963e+00 -2.5238199603e+00  4.3169908557e+00 -2.5660040230e+00  1.1023769794e+00  4.6231138063e+00 -4.1103276710e+00  3.4176461460e+00  3.2534871290e+00 -3.3452413581e+00  1.5953845174e+00  5.0443163753e+00 -9.3805928950e-01 -5.2364340275e-01  7.4001342089e+00 -1.4845902489e+00 -6.7199915070e-01  6.1495350137e+00 -1.5952052633e+00 -1.1741280953e+00  7.8912787396e+00 -3.5953776603e+00 -3.5936626850e+00  4.0614746360e+00 -1.8402833312e+00 -3.1941674769e-02  4.8101544580e+00 -5.0816016686e+00  4.8688062226e+00  1.7188757783e+00 -3.3492632063e+00  7.5583404549e-01  6.3902272431e+00 -2.0289825705e+00  1.4119588952e+00  6.6429540654e+00 -3.3621501612e+00  3.4660768449e+00  2.5660201717e+00 -4.7056563278e+00  3.1129439297e+00  9.2315283139e+00 -2.2831556165e+00 -1.3107501374e+00  5.1719357024e+00 -2.6007235317e+00 -2.8025565132e+00  5.4643797328e+00 -3.1198097206e-01  2.6700095210e-01  4.4976880440e+00 -3.2377776559e-01 -1.2413276543e+00  7.1812225061e+00 -4.2002840205e+00 -3.9934082153e+00  8.6903686836e+00 -4.1589736735e+00 -3.3214617895e+00
ENERGY -1.546366001598e+03

JOB 17
COORDS  5.5195157512e+00 -2.7546036780e+00  1.8488741093e+00  5.6062450834e+00 -3.3590248339e+00  3.1057147271e+00  3.2707783468e+00 -3.9987711253e+00  2.9613505976e+00  8.1970778729e+00 -2.3212676070e+00 -1.5302713245e+00  6.1924285745e+00 -2.2788569206e+00 -2.4838559696e+00  7.4934188821e+00 -2.6986700443e+00 -2.7088980058e+00  4.3098685116e+00 -2.7503498067e+00  1.1429823361e+00  4.4830879437e+00 -3.9759677010e+00  3.6525680404e+00  3.1908743761e+00 -3.3849062067e+00  1.7126541640e+00  5.0387478746e+00 -1.1756390048e+00 -5.3354846190e-01  7.3949594386e+00 -1.7259659780e+00 -6.4611923410e-01  6.1802425306e+00 -1.6924109728e+00 -1.2405770244e+00  8.0421379992e+00 -3.2764144508e+00 -3.8715707644e+00  4.1354890525e+00 -2.1870529651e+00 -9.4776804906e-02  4.5853484843e+00 -4.7449448834e+00  5.2282167864e+00  1.6694721269e+00 -3.4031542152e+00  8.5004996951e-01  6.4079867547e+00 -2.3136632978e+00  1.4094653420e+00  6.5480205423e+00 -3.3589051793e+00  3.6447039666e+00  2.3965774235e+00 -4.4793855074e+00  3.3864919672e+00  9.2483857766e+00 -2.4552696229e+00 -1.3037414891e+00  5.2976544190e+00 -2.3501876896e+00 -3.0872101156e+00  5.4093013049e+00 -5.7360729659e-01  2.9809727374e-01  4.4460298293e+00 -5.6054362610e-01 -1.2129843438e+00  7.3475942874e+00 -3.7647799096e+00 -4.4274523188e+00  8.8022169867e+00 -3.9144538066e+00 -3.6581808540e+00
ENERGY -1.546365468002e+03

JOB 18
COORDS  5.5474296846e+00 -2.8662185580e+00  1.9294308279e+00  5.5634795106e+00 -3.2886952327e+00  3.2600547541e+00  3.2019641354e+00 -3.8329438185e+00  3.1150206370e+00  8.2222335920e+00 -2.4229198855e+00 -1.6414527908e+00  6.2519759214e+00 -2.1801420316e+00 -2.6344393557e+00  7.5476454500e+00 -2.6019602086e+00 -2.8826215264e+00  4.3614384935e+00 -2.9030979280e+00  1.1847116809e+00  4.3910097601e+00 -3.7696896629e+00  3.8422031611e+00  3.1927155099e+00 -3.3947977805e+00  1.7905206357e+00  5.0594465114e+00 -1.3999010873e+00 -5.5915928206e-01  7.4091124491e+00 -1.9371999260e+00 -7.0273820813e-01  6.2166641633e+00 -1.7742909579e+00 -1.3208438625e+00  8.1189022899e+00 -3.0171217159e+00 -4.1027814963e+00  4.2874799401e+00 -2.5256509643e+00 -1.3184662830e-01  4.4031726015e+00 -4.3121898713e+00  5.5124905228e+00  1.7000408228e+00 -3.4565667931e+00  8.8143807738e-01  6.4646055030e+00 -2.5296203591e+00  1.4551766453e+00  6.4854929267e+00 -3.2587350036e+00  3.8314041130e+00  2.2913636831e+00 -4.2073125708e+00  3.5695664583e+00  9.2625869801e+00 -2.6191072814e+00 -1.4092082408e+00  5.3762846177e+00 -2.1332181778e+00 -3.2674960045e+00  5.3887455921e+00 -7.9973676161e-01  2.9004213373e-01  4.3949274116e+00 -8.1810007399e-01 -1.2014449566e+00  7.4332840889e+00 -3.4137730027e+00 -4.7372515894e+00  8.8666050715e+00 -3.6893495546e+00 -3.9635177815e+00
ENERGY -1.546364322172e+03

JOB 19
COORDS  5.5645742896e+00 -2.9948698447e+00  2.0545416910e+00  5.4732419031e+00 -3.2800492252e+00  3.4169791817e+00  3.0966047423e+00 -3.7219753925e+00  3.1588813556e+00  8.2667534228e+00 -2.4186047593e+00 -1.7811472832e+00  6.2682849920e+00 -2.1412343254e+00 -2.7067772836e+00  7.5657321829e+00 -2.5116293457e+00 -3.0176636347e+00  4.4295861303e+00 -3.0517730789e+00  1.2347785443e+00  4.2381161562e+00 -3.6442246032e+00  3.9565913980e+00  3.1983035196e+00 -3.4174963412e+00  1.7998069085e+00  5.1189526143e+00 -1.5927046831e+00 -5.3571827705e-01  7.4676397713e+00 -2.0301432745e+00 -7.8732118687e-01  6.2587048375e+00 -1.8392374517e+00 -1.3646089995e+00  8.1165891537e+00 -2.8123194685e+00 -4.2804645795e+00  4.4992893973e+00 -2.8175451875e+00 -1.1512482792e-01  4.1121836308e+00 -4.0180612943e+00  5.6674969295e+00  1.7678060755e+00 -3.4895985718e+00  7.9706208786e-01  6.5216377799e+00 -2.7421036321e+00  1.6058674623e+00  6.3546406466e+00 -3.2367787481e+00  4.0483885591e+00  2.1395637161e+00 -4.0041827444e+00  3.5836306010e+00  9.3167652890e+00 -2.6085823690e+00 -1.5906816403e+00  5.3764669280e+00 -2.0629012065e+00 -3.3136925085e+00  5.4374718054e+00 -1.0013795059e+00  3.2327172312e-01  4.3740508359e+00 -1.0460542956e+00 -1.1198475984e+00  7.4231752306e+00 -3.1675583430e+00 -4.9308768059e+00  8.8773015225e+00 -3.4810946193e+00 -4.2132731191e+00
ENERGY -1.546362555126e+03

JOB 20
COORDS  5.6088667696e+00 -3.1111878258e+00  2.2413032932e+00  5.3820552903e+00 -3.2948356728e+00  3.6049528669e+00  3.0147809076e+00 -3.6283318364e+00  3.1553512155e+00  8.3320469501e+00 -2.3080638106e+00 -1.9676407474e+00  6.2503040770e+00 -2.1813589707e+00 -2.7278920295e+00  7.5435075894e+00 -2.4432147226e+00 -3.1466859395e+00  4.5519356655e+00 -3.1717765709e+00  1.3242715577e+00  4.0835039030e+00 -3.5558904115e+00  4.0487196933e+00  3.2551868434e+00 -3.4265894190e+00  1.7941056967e+00  5.2436043143e+00 -1.7493588912e+00 -4.6406797598e-01  7.5874705706e+00 -1.9954727978e+00 -9.0726179804e-01  6.3246440565e+00 -1.8971718658e+00 -1.3834404880e+00  8.0142010141e+00 -2.6851348839e+00 -4.4541052233e+00  4.7803544054e+00 -3.0399073536e+00 -2.2126329522e-02  3.7836479890e+00 -3.8010125411e+00  5.7606895343e+00  1.9192758071e+00 -3.4876174197e+00  6.6756192987e-01  6.6119586987e+00 -2.9306715919e+00  1.8639170898e+00  6.2032794822e+00 -3.2507614952e+00  4.3127107633e+00  2.0090705580e+00 -3.8289869595e+00  3.5078052701e+00  9.4058245038e+00 -2.4146876860e+00 -1.8646629310e+00  5.3087855137e+00 -2.1695996722e+00 -3.2599914652e+00  5.5917771105e+00 -1.1564226137e+00  3.8282259441e-01  4.4113153050e+00 -1.2476092844e+00 -9.6655422404e-01  7.2999314898e+00 -3.0842824625e+00 -5.0546147156e+00  8.8250649076e+00 -3.2958989387e+00 -4.4579811582e+00
ENERGY -1.546360868244e+03

JOB 21
COORDS  4.1047809543e+00 -2.0251039628e+00  2.3353274619e+00  3.4716708344e+00 -1.6761806879e+00  3.5285937840e+00  1.5118648339e+00 -9.7339292780e-01  2.2681110382e+00  7.8606259725e+00 -2.7067562464e+00 -1.6184046405e+00  5.9119755863e+00 -2.4354491542e+00 -2.6454802260e+00  7.1540447902e+00 -3.0213088857e+00 -2.8155588015e+00  3.4613536788e+00 -1.8592666580e+00  1.1043188581e+00  2.1775227028e+00 -1.1532225409e+00  3.4813283846e+00  2.1630740043e+00 -1.3265139020e+00  1.0846333686e+00  4.8415634734e+00 -1.2245819043e+00 -7.2628060002e-01  7.1157090186e+00 -1.9934713743e+00 -7.7486747196e-01  5.9386807697e+00 -1.8129062783e+00 -1.4176490871e+00  7.6663406865e+00 -3.6894184990e+00 -3.9475851495e+00  4.0900280262e+00 -2.2582393613e+00 -4.9630085184e-02  1.3647196335e+00 -7.1218709694e-01  4.9722913854e+00  1.3409426916e+00 -1.1034678001e+00 -4.4492168122e-01  5.1088436498e+00 -2.4392931393e+00  2.3356138718e+00  3.9727556528e+00 -1.8102592715e+00  4.4815704307e+00  5.0664170488e-01 -5.6751484209e-01  2.2403986290e+00  8.8804857738e+00 -2.9640343860e+00 -1.3563695679e+00  5.0353013784e+00 -2.4061384692e+00 -3.2781547259e+00  5.2380171633e+00 -5.1512907401e-01  2.9821295547e-03  4.1860452554e+00 -7.1859750129e-01 -1.4410202875e+00  6.9341147401e+00 -4.1013254425e+00 -4.5170893715e+00  8.3293589411e+00 -4.4142880535e+00 -3.6915112778e+00
ENERGY -1.546360405893e+03

JOB 22
COORDS  2.3972926730e+00 -2.5693473912e-01  2.0462355332e-01  1.2224184392e+00  1.0351802909e-01  8.7187466121e-01  2.5098507811e-01 -2.0440316012e+00  3.0811249387e-01  7.5451176316e+00 -3.2842266988e+00 -1.3206043933e+00  6.2127271541e+00 -2.2533885255e+00 -2.7666799878e+00  7.2769694573e+00 -3.1361475545e+00 -2.7126926608e+00  2.5206958087e+00 -1.5109434582e+00 -4.1004394869e-01  1.5765719627e-01 -7.9146899775e-01  9.1979557015e-01  1.4253842726e+00 -2.3966306547e+00 -3.5093081607e-01  4.8159721469e+00 -1.1467658213e+00 -9.9769119141e-01  6.7102058023e+00 -2.5618531827e+00 -5.7521563601e-01  5.9132659771e+00 -1.9240466742e+00 -1.4638421710e+00  8.0126268826e+00 -3.6956506004e+00 -3.7776334037e+00  3.6225082428e+00 -1.9390829594e+00 -1.0853110111e+00 -1.3233766782e+00 -3.5001076624e-01  1.7524450563e+00  1.5427226702e+00 -3.9628650747e+00 -1.1147266432e+00  3.2108636697e+00  4.5827129650e-01  1.6591973380e-01  1.1415401022e+00  1.0766731347e+00  1.3447822023e+00 -5.7839535362e-01 -2.7418086682e+00  3.4461163948e-01  8.3174473559e+00 -3.8788810590e+00 -8.4676074321e-01  5.6518057782e+00 -1.8503081691e+00 -3.5987501915e+00  5.0263010474e+00 -8.7931459636e-01  4.0322905321e-02  4.6992754767e+00 -2.4836736436e-01 -1.6146585960e+00  7.4705187773e+00 -3.7541582079e+00 -4.6336878377e+00  8.3666432031e+00 -4.6193686180e+00 -3.5495866040e+00
ENERGY -1.546360715751e+03

JOB 23
COORDS  2.4303997417e+00 -3.1505344117e-01  2.8842176616e-01  1.2036020347e+00  1.2019832748e-01  7.9976240952e-01  2.1041795808e-01 -2.0130651898e+00  2.1898353867e-01  7.6877552351e+00 -3.1857996966e+00 -1.4103763583e+00  6.1241487216e+00 -2.3046485232e+00 -2.7175733426e+00  7.2526560530e+00 -3.1038285655e+00 -2.7653263641e+00  2.5663048369e+00 -1.5974580199e+00 -2.6188029903e-01  1.0270850322e-01 -7.3024803353e-01  7.6202068872e-01  1.4345429843e+00 -2.4380907758e+00 -2.8917031489e-01  4.8626834976e+00 -1.2372386923e+00 -8.2818403383e-01  6.8897356319e+00 -2.5039932171e+00 -5.9060547040e-01  5.9507376734e+00 -1.9563200069e+00 -1.3967539533e+00  7.9037889860e+00 -3.6423198793e+00 -3.8941106021e+00  3.7197871796e+00 -2.1032882017e+00 -7.7808727451e-01 -1.4419579229e+00 -1.9522322812e-01  1.4015027569e+00  1.5691357112e+00 -4.0399465009e+00 -9.7234288446e-01  3.2771944200e+00  3.5990567398e-01  3.3170340398e-01  1.1131156549e+00  1.1145307560e+00  1.2244273827e+00 -6.4702121734e-01 -2.6764077007e+00  1.8902340396e-01  8.5521229353e+00 -3.7063680718e+00 -1.0148598865e+00  5.4429369791e+00 -1.9714854809e+00 -3.4885300789e+00  5.1628343740e+00 -9.3262023180e-01  1.7753685760e-01  4.6241083704e+00 -3.6213055844e-01 -1.4440056925e+00  7.2742520571e+00 -3.7698645425e+00 -4.6799452964e+00  8.3526873826e+00 -4.5286900763e+00 -3.6857801598e+00
ENERGY -1.546361171850e+03

