JOB 0
COORDS  2.4799647668e+00 -6.3503060779e-01 -1.5376390160e+00 -7.9036083053e-01 -3.9236867185e-01 -2.6968713251e-01  8.0929254742e-01 -1.0671668623e+00  1.4623279600e+00  2.5716639753e-01  5.5256426100e-01 -8.9049474806e-01  1.4803242874e+00 -8.4094730903e-02 -1.2415218472e+00 -1.9319920600e+00 -3.7494469725e-01 -6.6775020623e-01 -4.2895082471e-01 -1.2130542406e+00  7.3587061705e-01  6.0368398607e-01 -1.4562995362e+00  2.4597002165e+00  1.1169271523e+00 -2.1700197424e-02  1.5422980562e+00  1.5982041309e+00 -1.6512161990e+00  9.8600551948e-01  4.6499214260e-01  1.3761996434e+00 -1.9830483103e-01 -2.0513294216e-01  9.7415218809e-01 -1.7837403762e+00
ENERGY -3.606387349401e+02

JOB 1
COORDS  2.5332062173e+00 -5.8892939829e-01 -1.4912521196e+00 -7.6595706674e-01 -3.4176637096e-01 -2.8531806421e-01  8.1002192295e-01 -1.0780359718e+00  1.4325815649e+00  2.7941204965e-01  5.8464619032e-01 -9.3648171878e-01  1.5189223726e+00 -4.1880455021e-02 -1.2418732420e+00 -1.9344402931e+00 -2.2076709655e-01 -5.6957111695e-01 -3.5734491941e-01 -1.2700716086e+00  6.0261674147e-01  5.3003834074e-01 -1.4439778830e+00  2.4212027491e+00  1.0923158505e+00 -2.5414905024e-02  1.5062157641e+00  1.6453858144e+00 -1.6575002419e+00  1.0368150091e+00  4.5913333594e-01  1.4413602232e+00 -2.7738978836e-01 -1.7696473340e-01  9.6422090241e-01 -1.8517699802e+00
ENERGY -3.606374973342e+02

JOB 2
COORDS  2.3774813818e+00 -9.3043355136e-01 -1.7313995430e+00 -7.3321908997e-01 -3.7779831711e-01 -1.9886665847e-01  7.6191786238e-01 -9.9821218249e-01  1.5932136247e+00  3.2287991460e-01  4.5860991618e-01 -9.4646554646e-01  1.4578971116e+00 -2.8635411910e-01 -1.3699797844e+00 -1.9097843234e+00 -1.8565922610e-01 -3.9135403275e-01 -2.9843100670e-01 -1.3201632006e+00  6.6801060376e-01  9.4516813624e-01 -1.9148064903e+00  2.1526502731e+00  4.2823405947e-01 -2.1247481029e-01  2.2778010115e+00  1.6802750236e+00 -7.0071758133e-01  1.0820614228e+00  6.5088577304e-01  1.2796717405e+00 -2.9874575072e-01 -1.7711541662e-01  8.9720733452e-01 -1.8112737046e+00
ENERGY -3.606356609004e+02

JOB 3
COORDS  2.4202958769e+00 -9.5370759060e-01 -1.5992077737e+00 -7.1522776332e-01 -2.8603634819e-01 -1.2946963939e-01  7.5011397731e-01 -1.0382505822e+00  1.6177968642e+00  3.0649717025e-01  4.4484711762e-01 -1.0222142743e+00  1.4703029252e+00 -3.0521403193e-01 -1.3396279100e+00 -1.8721936541e+00  5.6958211325e-02 -1.4072002097e-01 -2.6467729544e-01 -1.3142770566e+00  6.2852736383e-01  1.1053357690e+00 -2.0099975488e+00  1.9588471155e+00  3.0031489344e-01 -4.9048763602e-01  2.4512954590e+00  1.5904281417e+00 -4.7712378945e-01  1.2006739916e+00  5.9687811625e-01  1.3747809722e+00 -5.2104004212e-01 -2.1860569870e-01  7.2267130755e-01 -1.9384520332e+00
ENERGY -3.606338276725e+02

JOB 4
COORDS  2.4151613498e+00 -8.4006162513e-01 -1.5233786797e+00 -7.3123555386e-01 -2.2601085112e-01 -4.7341987177e-02  7.0336927775e-01 -1.0996945758e+00  1.6481310482e+00  1.9235528636e-01  4.3292280240e-01 -1.0891750039e+00  1.4122417656e+00 -2.4995131497e-01 -1.3346075741e+00 -1.8379683665e+00  2.1896921169e-01  1.3223371188e-01 -2.5385331426e-01 -1.3256789522e+00  5.8946783610e-01  1.0673241656e+00 -2.0857181720e+00  1.9344300376e+00  2.0456207108e-01 -6.2122974022e-01  2.4964040802e+00  1.5451134641e+00 -4.9063727675e-01  1.3051726421e+00  4.0146169319e-01  1.4537420121e+00 -7.5444136100e-01 -3.8081820974e-01  5.1255055267e-01 -2.0169340407e+00
ENERGY -3.606323780993e+02

JOB 5
COORDS  2.5276494385e+00 -5.0425251954e-01 -1.3605995945e+00 -6.7657900411e-01 -2.0399818514e-02 -9.1572211268e-03  6.1358445247e-01 -1.1868476229e+00  1.6329679250e+00  1.1613245276e-01  4.5589357547e-01 -1.2358149038e+00  1.4348014580e+00 -6.4476274291e-02 -1.3229178802e+00 -1.6499803109e+00  5.8869128442e-01  3.6145269455e-01 -2.8979323121e-01 -1.2195238976e+00  5.0308077302e-01  7.9548316010e-01 -2.2289031428e+00  1.8933742524e+00  1.4355717283e-01 -6.6769890780e-01  2.4736275522e+00  1.5574065048e+00 -7.0675129163e-01  1.3602926876e+00  1.4137774591e-01  1.5476609338e+00 -1.2239251121e+00 -4.5300672329e-01  1.4961588676e-01 -2.1207859361e+00
ENERGY -3.606324757090e+02

JOB 6
COORDS  2.5976262559e+00 -2.2788631866e-01 -1.3508198175e+00 -5.7147370481e-01  6.6506954795e-02  2.0728384644e-02  5.7510717313e-01 -1.2512745197e+00  1.6556661772e+00  8.4610244758e-02  4.3815930724e-01 -1.3139684881e+00  1.4591416358e+00  7.7214411144e-02 -1.3638574687e+00 -1.4155775559e+00  7.6161259593e-01  5.3231155904e-01 -2.2842210529e-01 -1.1763587803e+00  4.5434282695e-01  6.0607761335e-01 -2.3058540872e+00  1.9277075979e+00  1.1420127345e-01 -6.7184269874e-01  2.4605389360e+00  1.5863906836e+00 -8.9149888299e-01  1.4458250183e+00 -3.1271780182e-02  1.5115787264e+00 -1.4736746201e+00 -4.5625907817e-01 -8.8698847808e-02 -2.1084503232e+00
ENERGY -3.606346677189e+02

JOB 7
COORDS  2.5891546421e+00 -1.2310326183e-01 -1.5178007339e+00 -4.7191589193e-01  7.2280500417e-02  6.2368519127e-02  5.3679336722e-01 -1.3098978665e+00  1.7287161489e+00  5.7355702787e-02  4.3627975975e-01 -1.3286310837e+00  1.4403204958e+00  1.3713022036e-01 -1.4699159643e+00 -1.2513750845e+00  7.7539462479e-01  6.6174742104e-01 -1.0126252023e-01 -1.1769470190e+00  4.3662761968e-01  5.2420495047e-01 -2.3736922454e+00  1.9638629429e+00 -1.3291370459e-02 -7.5062254836e-01  2.4894318900e+00  1.5687452907e+00 -9.5577297983e-01  1.6534715523e+00 -1.1969783185e-01  1.4995294142e+00 -1.4990882180e+00 -5.1414248177e-01 -1.3400693179e-01 -2.0696576966e+00
ENERGY -3.606382043709e+02

JOB 8
COORDS  2.5566141437e+00 -1.1959202286e-01 -1.7411735096e+00 -3.7203571487e-01 -4.1472517601e-03  1.2964428374e-01  5.0519409513e-01 -1.3986578396e+00  1.8496101646e+00  4.7159648586e-02  3.8627469884e-01 -1.2914033664e+00  1.4148716282e+00  1.1389177887e-01 -1.5629519909e+00 -1.1582661479e+00  6.5620095595e-01  7.7134058759e-01  9.2146215081e-02 -1.2239026697e+00  4.7306477799e-01  6.4921122351e-01 -2.4701101113e+00  1.9829957736e+00 -2.6066238031e-01 -1.0278494877e+00  2.5337466819e+00  1.4499186803e+00 -8.7136644714e-01  2.0053610409e+00 -1.6023428259e-01  1.4497374795e+00 -1.4224581244e+00 -5.8052766759e-01 -1.7391680497e-01 -1.9937225608e+00
ENERGY -3.606425793879e+02

JOB 9
COORDS  2.3769214964e+00 -4.0762801002e-01 -2.2074608663e+00 -2.7072110774e-01  1.3504466418e-01  4.7857839706e-02  4.1610976289e-01 -1.2286000488e+00  1.8550508366e+00  1.2336855953e-01  5.7143297404e-01 -1.3666196044e+00  1.3501260292e+00  4.0235422994e-02 -1.8404783070e+00 -1.1316957051e+00  7.2536342253e-01  6.6570712182e-01  3.1397281437e-01 -1.0110029778e+00  4.2664485564e-01  9.7817873453e-01 -2.1547425763e+00  1.9649163442e+00 -5.7518646504e-01 -1.3205222314e+00  2.3034492466e+00  9.5514705315e-01 -3.9671656115e-01  2.3137449343e+00  1.6112780889e-01  1.6634695460e+00 -1.3665505627e+00 -6.8965400459e-01  2.7498960987e-01 -2.0380939588e+00
ENERGY -3.606471338263e+02

JOB 10
COORDS  2.2894739358e+00 -5.2171235118e-01 -2.3840960387e+00 -1.8472971575e-01  1.1523372465e-01  5.2573448957e-02  4.1743218204e-01 -1.2612306979e+00  1.8683515259e+00  1.5713239924e-01  5.6013844321e-01 -1.3712821742e+00  1.3186436206e+00 -2.8766681726e-02 -1.9324800355e+00 -1.0682619681e+00  6.6058455941e-01  6.8126423859e-01  5.1771825389e-01 -9.4898167827e-01  4.5832695454e-01  1.1167764956e+00 -2.0800674325e+00  2.0306893408e+00 -6.0132105107e-01 -1.5643904057e+00  2.1186108961e+00  6.9563538985e-01 -3.8888822571e-01  2.4632046080e+00  2.6229218791e-01  1.6482634854e+00 -1.3496690000e+00 -7.1159769232e-01  3.3341709230e-01 -1.9975508457e+00
ENERGY -3.606507425610e+02

JOB 11
COORDS  2.1951841561e+00 -5.9731978872e-01 -2.4491772367e+00 -1.1656384332e-01  1.9333684129e-01  1.0153739604e-01  4.5302707544e-01 -1.1910560052e+00  1.9186523492e+00  1.9439705312e-01  6.2475275337e-01 -1.3329294420e+00  1.2858117889e+00 -3.8065463048e-02 -1.9494441763e+00 -1.0349227402e+00  6.9298923392e-01  7.1923351309e-01  7.0826995614e-01 -7.5184412750e-01  5.6324400434e-01  1.2088783974e+00 -1.9485302766e+00  2.1202872395e+00 -5.5153556696e-01 -1.6122956014e+00  1.9935179491e+00  5.4835441286e-01 -3.5086545668e-01  2.6094538481e+00  3.7888379187e-01  1.7029704287e+00 -1.3107096825e+00 -7.1559268393e-01  4.6777542422e-01 -1.9195704505e+00
ENERGY -3.606520747380e+02

JOB 12
COORDS  2.1165358546e+00 -7.0762060808e-01 -2.4862373847e+00 -1.9043784978e-01  1.3833408793e-01  4.5512547475e-02  4.1405216315e-01 -1.2347393882e+00  1.8630548695e+00  1.2397454152e-01  5.4970027456e-01 -1.3946751725e+00  1.2127483444e+00 -1.2826683546e-01 -1.9994001136e+00 -1.1856466764e+00  5.4708574754e-01  6.0741745830e-01  7.6417346966e-01 -6.1659946079e-01  6.0179189708e-01  1.2580245666e+00 -1.8766137655e+00  2.1113298886e+00 -4.9984556348e-01 -1.8212392810e+00  1.7488168023e+00  2.6566336954e-01 -4.7293089615e-01  2.6312134192e+00  3.1732423652e-01  1.6271499815e+00 -1.3875451393e+00 -7.8675185254e-01  3.9088863198e-01 -1.9785366354e+00
ENERGY -3.606507420767e+02

JOB 13
COORDS  2.0137498756e+00 -9.0265847364e-01 -2.4348788420e+00 -2.1523095041e-01  1.6702063635e-01  7.2357199362e-02  4.1616813114e-01 -1.2617857518e+00  1.8492704223e+00  1.2323343942e-01  5.2929328569e-01 -1.3769435925e+00  1.1574346412e+00 -2.4308518246e-01 -1.9645176939e+00 -1.2466629044e+00  5.4578532630e-01  5.8603422744e-01  7.9065270881e-01 -4.5300863891e-01  7.0770757306e-01  1.3383685847e+00 -1.7375967426e+00  2.1794010436e+00 -3.1338657069e-01 -2.0139619010e+00  1.5410360691e+00 -4.7376230235e-03 -6.3981241711e-01  2.6418716198e+00  4.0145266014e-01  1.5886129157e+00 -1.3918340730e+00 -7.9762043277e-01  4.2845811840e-01 -1.9565109728e+00
ENERGY -3.606471341212e+02

JOB 14
COORDS  1.5710518895e+00 -1.2885378083e+00 -2.3216392264e+00 -1.6931147095e-01  2.6760847151e-01  2.5754131958e-01  5.7242643546e-01 -1.2954120161e+00  1.8944079313e+00  2.1064205264e-01  6.1287824431e-01 -1.1860353888e+00  9.6264095389e-01 -4.1015863069e-01 -1.8235308035e+00 -1.2365215300e+00  5.8401465965e-01  7.3396049370e-01  8.7349399353e-01 -2.4737127444e-01  9.4199121027e-01  1.4810509482e+00 -1.4362108421e+00  2.4784455572e+00  3.3211948099e-01 -2.2114057395e+00  1.3485133722e+00 -2.5684875891e-01 -1.0036444406e+00  2.5419082825e+00  7.9878767069e-01  1.5374434797e+00 -1.1675884353e+00 -7.1040433421e-01  8.0576847062e-01 -1.7388531257e+00
ENERGY -3.606425795709e+02

JOB 15
COORDS  1.4888905922e+00 -1.4331276017e+00 -2.1664952317e+00 -2.3785157751e-01  3.8205979706e-01  2.0617499264e-01  5.5748456658e-01 -1.2658952309e+00  1.7413871755e+00  1.8627096554e-01  6.2025883762e-01 -1.2466640368e+00  9.0898931695e-01 -4.8238694894e-01 -1.7796691725e+00 -1.3236371590e+00  7.0892796155e-01  6.2489684304e-01  7.9032832318e-01 -6.4520248917e-02  9.6890442765e-01  1.3668519291e+00 -1.3192743840e+00  2.4688639942e+00  5.9737668056e-01 -2.1308724665e+00  1.0733879966e+00 -4.0572250638e-01 -1.2132075644e+00  2.2547325682e+00  8.1858061291e-01  1.5148856871e+00 -1.2739792648e+00 -7.0826691337e-01  8.1036091388e-01 -1.8421059714e+00
ENERGY -3.606382044094e+02

JOB 16
COORDS  1.5166143133e+00 -1.5175157508e+00 -1.9871164236e+00 -2.4229592523e-01  4.9132702220e-01  2.2225589430e-01  5.4952928682e-01 -1.2635244959e+00  1.6427266513e+00  1.8659900250e-01  5.9015647557e-01 -1.2461714628e+00  9.2322781407e-01 -5.4780394156e-01 -1.6757384932e+00 -1.3019921230e+00  9.2224441231e-01  6.0794576236e-01  7.4771822804e-01  3.5413306245e-02  1.0361537546e+00  1.3526617088e+00 -1.3780129220e+00  2.3700331385e+00  6.2568233252e-01 -2.0425890863e+00  8.7890420608e-01 -4.1966237822e-01 -1.3057417087e+00  2.1475838140e+00  8.1076358069e-01  1.4850287257e+00 -1.3507785999e+00 -7.0457696598e-01  7.1951563334e-01 -1.8628034362e+00
ENERGY -3.606346677284e+02

JOB 17
COORDS  1.7374006401e+00 -1.4391539035e+00 -1.8253248413e+00 -1.8616957519e-01  6.0099705174e-01  2.8787024885e-01  5.1493289260e-01 -1.2880989775e+00  1.5768751143e+00  1.4802758782e-01  5.2234487670e-01 -1.2094789606e+00  1.0209733167e+00 -5.4086003058e-01 -1.5627633392e+00 -1.1513828542e+00  1.2189498145e+00  6.6517056788e-01  7.4644597489e-01  6.5370044016e-02  1.1204676072e+00  1.3566232828e+00 -1.5268271053e+00  2.2259860746e+00  4.9392580619e-01 -1.9830199252e+00  7.3290265258e-01 -4.2001536588e-01 -1.3378639190e+00  2.1430438228e+00  6.1154817327e-01  1.4770995926e+00 -1.4824150030e+00 -7.8867162279e-01  4.4194836424e-01 -1.7652380443e+00
ENERGY -3.606324757174e+02

JOB 18
COORDS  2.0608558603e+00 -1.2433531867e+00 -1.7300987196e+00 -9.6303320120e-03  6.7731244901e-01  3.8636656929e-01  4.6000958990e-01 -1.3771193111e+00  1.5065223429e+00  1.2927408195e-01  3.8321242970e-01 -1.1192368468e+00  1.1787054325e+00 -5.0662303236e-01 -1.4678917133e+00 -7.9359661688e-01  1.5150351162e+00  7.5882702296e-01  8.1233154864e-01 -4.3785286601e-03  1.2244477064e+00  1.2964345505e+00 -1.7881537036e+00  2.0705409780e+00  3.2720653097e-01 -1.9547411766e+00  5.8683669293e-01 -4.5162570306e-01 -1.4040582888e+00  2.1110885150e+00  2.7745197727e-01  1.3446138177e+00 -1.6185920006e+00 -8.2637980656e-01 -1.6260520287e-02 -1.4727794163e+00
ENERGY -3.606323780661e+02

JOB 19
COORDS  2.1916565815e+00 -1.2034869071e+00 -1.7316858596e+00  8.0857103017e-02  7.0836267857e-01  3.4836599396e-01  4.3358044796e-01 -1.4047393081e+00  1.4329516397e+00  1.2483851857e-01  2.5055030124e-01 -1.1225461729e+00  1.2454589521e+00 -5.5116762475e-01 -1.4678619312e+00 -5.5085782325e-01  1.6913866866e+00  6.4992086073e-01  7.8307662156e-01 -1.5495171287e-02  1.2526761937e+00  1.2323440252e+00 -1.8368604970e+00  2.0346480573e+00  3.7250607933e-01 -1.9410085412e+00  4.8233653423e-01 -5.1708366458e-01 -1.4696199320e+00  1.9706437509e+00  1.1192102239e-01  1.1552485784e+00 -1.7339098221e+00 -7.9786113961e-01 -2.9918258650e-01 -1.3386340412e+00
ENERGY -3.606338276494e+02

JOB 20
COORDS  2.2137687539e+00 -1.1003779024e+00 -1.8252147989e+00  1.8324200811e-01  7.6363135936e-01  3.5029054268e-01  4.1288489347e-01 -1.4042766961e+00  1.3891780214e+00  8.6174074542e-02  1.9725156729e-01 -1.0792625675e+00  1.2380356330e+00 -5.2586656162e-01 -1.4950945176e+00 -2.4914797105e-01  1.8631139680e+00  6.0017703874e-01  7.6173568255e-01 -6.3248371491e-03  1.2995565373e+00  1.0225127091e+00 -1.8026110367e+00  2.1993505429e+00  6.4085588048e-01 -1.9469394271e+00  4.6901128585e-01 -6.4626720960e-01 -1.5045225822e+00  1.6451780383e+00 -7.9067753780e-02  1.0464282170e+00 -1.7439811016e+00 -7.9269498888e-01 -4.5426985341e-01 -1.1454376170e+00
ENERGY -3.606356608842e+02

JOB 21
COORDS  1.8662028918e+00 -1.3733015409e+00 -1.8828242263e+00  1.7863521886e-01  8.3390663270e-01  2.8056120559e-01  5.6258024148e-01 -1.3600521289e+00  1.2885886517e+00 -3.9043583621e-02  2.2328155086e-01 -1.1175813371e+00  9.9264788412e-01 -6.5553952147e-01 -1.5482451190e+00 -1.5200968338e-01  1.9766639619e+00  4.9404604055e-01  7.2848762128e-01  7.5012446561e-02  1.2495190696e+00  3.8363060140e-01 -1.6058870220e+00  2.3360704075e+00  1.4721183258e+00 -1.8479313975e+00  9.3509552321e-01 -2.9024597407e-01 -1.6907888169e+00  6.9157587038e-01 -1.1958827100e-01  1.0635864229e+00 -1.8086018360e+00 -9.9707811868e-01 -3.0836017566e-01 -1.1313053522e+00
ENERGY -3.606374973320e+02

JOB 22
COORDS  1.9096221042e+00 -1.3013426003e+00 -1.8721753710e+00  2.0852534909e-01  8.4942807763e-01  3.2826655759e-01  5.4059224574e-01 -1.3750304158e+00  1.3057978015e+00 -3.7120569513e-02  2.2056914194e-01 -1.0573079311e+00  1.0175224410e+00 -6.2032490010e-01 -1.5104130866e+00  2.2316583039e-02  2.0321399531e+00  4.9736617774e-01  6.0295600227e-01  6.5922097558e-02  1.3509274892e+00  4.0018040700e-01 -1.6880968184e+00  2.3405552743e+00  1.4737248337e+00 -1.7817913266e+00  9.1313203366e-01 -3.0144134239e-01 -1.7303425856e+00  7.0682627604e-01 -1.6483705538e-01  1.0526968132e+00 -1.7505600179e+00 -9.7210024524e-01 -3.5060113795e-01 -1.0410382454e+00
ENERGY -3.606387349340e+02

JOB 23
COORDS  2.4566535687e+00 -6.3593909393e-01 -1.5749269007e+00 -7.9091454040e-01 -4.1451398668e-01 -2.8095313540e-01  8.0223349806e-01 -1.0550598963e+00  1.4712287577e+00  2.5330438287e-01  5.5611789764e-01 -8.6864696312e-01  1.4678401503e+00 -8.1801446208e-02 -1.2494256274e+00 -1.8867625377e+00 -5.1016450850e-01 -7.8276144891e-01 -4.8460977898e-01 -1.1231426138e+00  8.2392977957e-01  6.3386238030e-01 -1.4333125491e+00  2.4793654524e+00  1.1787117985e+00 -3.0607387611e-02  1.5310009588e+00  1.5232305683e+00 -1.6862016390e+00  9.4919456097e-01  4.7504926661e-01  1.3522267092e+00 -1.4953000659e-01 -2.1048692434e-01  1.0073097601e+00 -1.7464220162e+00
ENERGY -3.606390493829e+02

