JOB 0
COORDS -5.3050951700e-01  9.3649049497e-01  6.4157971777e-01 -5.2105510297e-01 -7.0984627508e-01  2.5566409407e+00 -3.6564850734e-01  7.5144004209e-01  2.1450667524e+00 -4.2864100534e-01 -7.4712660918e-01  3.9902261757e+00 -1.3646851187e+00  1.5396641241e+00  2.7966008503e+00 -1.8256170165e-01  1.9233529791e+00  3.2638950959e-01  1.8992928016e-02  1.6919723535e-01  8.5696333542e-02 -1.5899973700e+00  8.4892700410e-01  3.7993392146e-01 -1.4993587141e+00 -1.0803692178e+00  2.2197563272e+00  2.7150576293e-01 -1.3195352113e+00  2.1005752753e+00  6.3592774526e-01  1.0829896995e+00  2.4605097449e+00 -7.3805476228e-01 -1.6100203418e+00  4.3030105030e+00 -1.3324349949e+00  1.2902609048e+00  3.7365345888e+00
ENERGY -2.696266388653e+02

JOB 1
COORDS -5.2734599365e-01  9.3577094772e-01  6.4055655427e-01 -4.8636886781e-01 -7.1015772334e-01  2.5569328653e+00 -3.7834597786e-01  7.5736822472e-01  2.1511420807e+00 -4.2518054402e-01 -7.4916372809e-01  3.9916981304e+00 -1.4195694760e+00  1.5023116388e+00  2.7889803618e+00  5.2169098146e-04  1.8219967980e+00  2.8059552941e-01 -1.6671803807e-01  5.7139059978e-02  9.4771578756e-02 -1.5897745421e+00  1.0521592851e+00  4.0560639755e-01 -1.4414053434e+00 -1.1171934614e+00  2.1957794666e+00  3.3993709197e-01 -1.2863001403e+00  2.1172687825e+00  6.0289713901e-01  1.1247400655e+00  2.4881527662e+00 -7.0822023470e-01 -1.6242326042e+00  4.2954285813e+00 -1.3849364772e+00  1.2592893116e+00  3.7305931502e+00
ENERGY -2.696251420990e+02

JOB 2
COORDS -4.0450993038e-01  8.2432858949e-01  5.9242216648e-01 -1.1071274102e+00 -4.5200516784e-01  2.6622329742e+00 -1.3983082812e-02  3.8842061482e-01  2.0097074408e+00 -6.6684813577e-01 -7.4346767377e-01  3.9978171971e+00  2.1058808775e-01  1.5654342310e+00  2.7929017085e+00  4.2349493969e-01  7.2379145303e-01 -1.1323346788e-01 -1.2597395030e+00  2.5524176297e-01  2.1189425846e-01 -7.0173419525e-01  1.8761701076e+00  6.2244974377e-01 -2.0443854107e+00  1.2226410062e-01  2.6766224754e+00 -1.2619398140e+00 -1.3786749598e+00  2.0914596895e+00  9.0302470829e-01 -2.1901412999e-01  1.9890765847e+00 -1.4139962584e+00 -1.0906715870e+00  4.5071314431e+00  3.2544672699e-01  1.2599167377e+00  3.7096541721e+00
ENERGY -2.696236475276e+02

JOB 3
COORDS -4.0673516295e-01  8.2304781675e-01  5.8899678110e-01 -1.0927871642e+00 -4.7663455712e-01  2.6549484212e+00 -2.9186139469e-02  4.1040637627e-01  2.0191225040e+00 -6.4982653603e-01 -7.6936743282e-01  3.9892202316e+00  1.3944159382e-01  1.5984245769e+00  2.8010615384e+00  3.3303860821e-01  4.8419287107e-01 -1.4091044935e-01 -1.3811048043e+00  4.2198119403e-01  2.8866027957e-01 -4.6212240486e-01  1.9129986578e+00  5.3878141579e-01 -2.0497556630e+00  6.3999964098e-02  2.6714768708e+00 -1.2121830780e+00 -1.3998489038e+00  2.0698062098e+00  9.1467370957e-01 -1.5461146949e-01  2.0172784898e+00 -1.3842571863e+00 -1.1591887992e+00  4.4861525693e+00  2.4177729644e-01  1.3020065536e+00  3.7222837782e+00
ENERGY -2.696230742864e+02

JOB 4
COORDS -4.1203662819e-01  8.2425361465e-01  5.8957665394e-01 -1.0780613359e+00 -5.0142096755e-01  2.6458210084e+00 -4.7321102844e-02  4.3247721444e-01  2.0261995882e+00 -6.3153515946e-01 -7.9216828277e-01  3.9795770578e+00  6.5614657968e-02  1.6286309312e+00  2.8057216923e+00  1.9072944474e-01  2.7012845202e-01 -1.3598506626e-01 -1.4637114034e+00  6.1848665594e-01  3.6077298572e-01 -2.2496244974e-01  1.8908181474e+00  4.4767273578e-01 -2.0546661125e+00  2.5242799173e-03  2.6636436733e+00 -1.1600712652e+00 -1.4213963185e+00  2.0490555058e+00  9.2189312033e-01 -8.8533790281e-02  2.0371789947e+00 -1.3516237040e+00 -1.2208414861e+00  4.4655010881e+00  1.5034530171e-01  1.3405807289e+00  3.7313053829e+00
ENERGY -2.696238467002e+02

JOB 5
COORDS -4.1588590061e-01  8.2493687106e-01  5.9200332532e-01 -1.0596972779e+00 -5.2952903649e-01  2.6330366827e+00 -6.0527414352e-02  4.4763945371e-01  2.0292133555e+00 -6.1945874649e-01 -8.0199199340e-01  3.9731796712e+00 -5.4583233976e-03  1.6470519169e+00  2.8085180098e+00  1.7534132745e-02  1.0872957870e-01 -1.1355194725e-01 -1.4991458778e+00  8.2873594670e-01  4.2743563907e-01 -1.7407425360e-02  1.8163421800e+00  3.6526423165e-01 -2.0568959420e+00 -6.7740755572e-02  2.6383425122e+00 -1.0946378926e+00 -1.4519828128e+00  2.0356914131e+00  9.3015380505e-01 -3.2524408566e-02  2.0482026880e+00 -1.3290198286e+00 -1.2579036852e+00  4.4497154633e+00  6.3189759134e-02  1.3632749627e+00  3.7366802202e+00
ENERGY -2.696254465026e+02

JOB 6
COORDS -4.1370058749e-01  8.3667167626e-01  5.9938405806e-01 -1.0333745539e+00 -5.4694242230e-01  2.6248979012e+00 -6.3567522268e-02  4.6910294787e-01  2.0355159345e+00 -6.0563072295e-01 -7.9408438164e-01  3.9744410624e+00 -7.0661423352e-02  1.6680410832e+00  2.8157275250e+00 -1.6456413340e-01  1.4800675677e-02 -8.0212347427e-02 -1.4825245765e+00  1.0516181593e+00  4.9277347652e-01  1.5402187121e-01  1.7199438999e+00  2.9654175431e-01 -2.0490045222e+00 -1.2758961603e-01  2.6107549134e+00 -1.0187661731e+00 -1.4734455742e+00  2.0334390024e+00  9.4460384183e-01  2.6216972219e-02  2.0639965267e+00 -1.3031258716e+00 -1.2783493307e+00  4.4406961997e+00 -6.3928190133e-04  1.3861586228e+00  3.7442629932e+00
ENERGY -2.696268822662e+02

JOB 7
COORDS -4.2500619044e-01  8.2966877122e-01  5.9841639311e-01 -1.0133513617e+00 -5.8341508299e-01  2.6099154482e+00 -7.2641877815e-02  4.6987729227e-01  2.0344568016e+00 -6.1604379943e-01 -7.9038498089e-01  3.9756681009e+00 -1.4355986268e-01  1.6639549402e+00  2.8170282604e+00 -3.6829331949e-01 -4.9756100826e-02 -5.1563966284e-02 -1.4355656361e+00  1.2477192718e+00  5.4455912209e-01  2.7282631764e-01  1.5825719312e+00  2.2180788134e-01 -2.0471515383e+00 -2.1456220933e-01  2.5577633319e+00 -9.3508020221e-01 -1.5174247371e+00  2.0359123868e+00  9.5045570627e-01  6.3401089690e-02  2.0734144606e+00 -1.3118867286e+00 -1.2847178799e+00  4.4335836867e+00 -7.3199930271e-02  1.3815892870e+00  3.7454547906e+00
ENERGY -2.696273734179e+02

JOB 8
COORDS -4.2893394185e-01  8.2864167740e-01  5.9932745602e-01 -9.8786105489e-01 -6.0702731950e-01  2.6014581969e+00 -7.6693745360e-02  4.8114613767e-01  2.0405725980e+00 -6.1660532852e-01 -7.8790333473e-01  3.9779683790e+00 -2.1430947125e-01  1.6691737022e+00  2.8235602854e+00 -5.7249199581e-01 -7.1396285159e-02 -7.2610143807e-03 -1.3392161134e+00  1.4356840334e+00  5.7788217737e-01  3.6970117830e-01  1.4230303487e+00  1.4617917329e-01 -2.0346542194e+00 -2.8246895813e-01  2.5197679064e+00 -8.5546530965e-01 -1.5411436528e+00  2.0376962660e+00  9.5938435785e-01  1.1280468616e-01  2.0985431074e+00 -1.3044783494e+00 -1.3035733145e+00  4.4241479401e+00 -1.3058662517e-01  1.3899316331e+00  3.7518473170e+00
ENERGY -2.696266685088e+02

JOB 9
COORDS -4.3476319505e-01  8.4002242025e-01  6.0029642076e-01 -9.5921333955e-01 -6.1956543599e-01  2.5960304751e+00 -8.4494273835e-02  5.0605053680e-01  2.0503832890e+00 -6.0632277378e-01 -7.8602902782e-01  3.9787358313e+00 -2.8689287526e-01  1.6844169013e+00  2.8353377972e+00 -7.8759382007e-01 -3.9050063528e-02  5.1463328330e-02 -1.2058881707e+00  1.6153727451e+00  5.8694826011e-01  4.3416776683e-01  1.2424273102e+00  7.1654631710e-02 -2.0169694160e+00 -3.3868123602e-01  2.4941805252e+00 -7.7723760104e-01 -1.5467130044e+00  2.0344269949e+00  9.6403745562e-01  1.8104606602e-01  2.1284208540e+00 -1.2803043647e+00 -1.3297085706e+00  4.4126579498e+00 -1.9370171709e-01  1.4075079373e+00  3.7635174085e+00
ENERGY -2.696251168653e+02

JOB 10
COORDS -4.2755213356e-01  8.2505341288e-01  5.9506028780e-01 -9.3791154994e-01 -6.4727205101e-01  2.5905235100e+00 -9.8774290386e-02  5.1082127543e-01  2.0598345622e+00 -5.9654812571e-01 -8.0807389271e-01  3.9762477706e+00 -3.6241643981e-01  1.6832681175e+00  2.8377032357e+00 -9.9281375734e-01  1.8443810208e-02  1.1654796375e-01 -1.0188922128e+00  1.7432859923e+00  5.5450306308e-01  4.7930146207e-01  9.9283350088e-01  7.6463389471e-03 -2.0036422855e+00 -4.0314279006e-01  2.4765600981e+00 -7.1660484017e-01 -1.5637901014e+00  2.0251938424e+00  9.5936462010e-01  2.2982649494e-01  2.1671272939e+00 -1.2499756930e+00 -1.3864457466e+00  4.3966132980e+00 -2.7252292803e-01  1.4138013513e+00  3.7684418657e+00
ENERGY -2.696235965265e+02

JOB 11
COORDS -4.2064388271e-01  8.2194486731e-01  5.9084721216e-01 -9.1377109797e-01 -6.6565062748e-01  2.5839789899e+00 -1.1792112319e-01  5.2664340700e-01  2.0670413601e+00 -5.7492544469e-01 -8.2509870776e-01  3.9703411482e+00 -4.3935418508e-01  1.6921228216e+00  2.8349089766e+00 -1.1818955603e+00  1.4658335553e-01  1.8459087596e-01 -8.0225073135e-01  1.8421681409e+00  5.0620321109e-01  4.7189863182e-01  7.3528883067e-01 -3.4042847944e-02 -1.9872445761e+00 -4.6046094181e-01  2.4660401642e+00 -6.5571291445e-01 -1.5677019252e+00  2.0106697069e+00  9.4919644878e-01  2.9407724118e-01  2.1987682261e+00 -1.2022085701e+00 -1.4398329950e+00  4.3789047903e+00 -3.6864350927e-01  1.4272124658e+00  3.7686245554e+00
ENERGY -2.696230824103e+02

JOB 12
COORDS -4.1861713457e-01  8.3512422078e-01  5.9836219483e-01 -8.8455221309e-01 -6.7366584047e-01  2.5822836919e+00 -1.3609785519e-01  5.5279042925e-01  2.0782576401e+00 -5.4694754363e-01 -8.2972219720e-01  3.9696509504e+00 -5.1295695536e-01  1.7072323163e+00  2.8372611056e+00 -1.3339769312e+00  3.3628158703e-01  2.5877810963e-01 -5.7475505034e-01  1.9084342603e+00  4.6663445132e-01  4.0328937804e-01  5.0940524833e-01 -4.4266384494e-02 -1.9647126595e+00 -5.1087145685e-01  2.4607291560e+00 -5.8820436906e-01 -1.5601981286e+00  2.0031794963e+00  9.3904564987e-01  3.6917048602e-01  2.2251777597e+00 -1.1513013281e+00 -1.4725568671e+00  4.3695457722e+00 -4.6448698643e-01  1.4428744339e+00  3.7725103404e+00
ENERGY -2.696239192679e+02

JOB 13
COORDS -4.2146457908e-01  8.4281616019e-01  6.0222594289e-01 -8.5620902935e-01 -6.8602940988e-01  2.5749437523e+00 -1.5218035714e-01  5.7019013151e-01  2.0809995781e+00 -5.2981219099e-01 -8.2784701258e-01  3.9669461232e+00 -5.8462006690e-01  1.7095328344e+00  2.8314058524e+00 -1.4367955488e+00  5.3996402567e-01  3.2006014571e-01 -3.5073637265e-01  1.9180411847e+00  4.1959131710e-01  2.8764214275e-01  3.1527809894e-01 -4.1592207628e-02 -1.9404944963e+00 -5.6781846465e-01  2.4405933049e+00 -5.1684152247e-01 -1.5600628859e+00  2.0006341568e+00  9.2881325892e-01  4.3116324293e-01  2.2383112410e+00 -1.1106123536e+00 -1.4969120119e+00  4.3586848472e+00 -5.5052934805e-01  1.4451957472e+00  3.7671738384e+00
ENERGY -2.696255303148e+02

JOB 14
COORDS -4.2796915835e-01  8.2974388125e-01  5.9984237780e-01 -8.3049932628e-01 -7.1351148105e-01  2.5643396211e+00 -1.6774572726e-01  5.6875136492e-01  2.0777330737e+00 -5.2657685505e-01 -8.3216717784e-01  3.9639910222e+00 -6.5953274087e-01  1.6895577707e+00  2.8176987981e+00 -1.4930789627e+00  7.2267426127e-01  3.6519494164e-01 -1.4292375475e-01  1.8570407599e+00  3.5775983406e-01  1.4182711817e-01  1.4100966969e-01 -3.1288795376e-02 -1.9158104221e+00 -6.4132424045e-01  2.4079912736e+00 -4.4344487269e-01 -1.5769996078e+00  2.0048581573e+00  9.1630011487e-01  4.7112767251e-01  2.2474636316e+00 -1.0874368085e+00 -1.5216673959e+00  4.3492626226e+00 -6.2499334704e-01  1.4301936044e+00  3.7547379417e+00
ENERGY -2.696269346961e+02

JOB 15
COORDS -4.4670331217e-01  8.3552575974e-01  6.0288341066e-01 -7.9880087230e-01 -7.3071413570e-01  2.5550669359e+00 -1.8082326527e-01  5.7979150885e-01  2.0792509949e+00 -5.3209098898e-01 -8.2555767824e-01  3.9642386994e+00 -7.2902452874e-01  1.6720702813e+00  2.8207663578e+00 -1.5221135092e+00  9.1770671855e-01  4.1493326223e-01  2.6914488881e-02  1.7716802285e+00  2.9501982043e-01 -3.9870076013e-02  2.6461816696e-02 -1.3121497388e-02 -1.8809421043e+00 -7.1230769161e-01  2.3648781988e+00 -3.5309589120e-01 -1.5788802836e+00  2.0166174558e+00  9.0508980212e-01  5.2216072519e-01  2.2549921464e+00 -1.0839151053e+00 -1.5264253520e+00  4.3417551088e+00 -6.8800192524e-01  1.4092751315e+00  3.7566697443e+00
ENERGY -2.696273657551e+02

JOB 16
COORDS -4.6117535943e-01  8.5160031560e-01  6.0736390561e-01 -7.6798998187e-01 -7.3236917116e-01  2.5508917876e+00 -1.9521045940e-01  6.0414473924e-01  2.0872507234e+00 -5.2848393698e-01 -8.1592783027e-01  3.9653878340e+00 -8.0329758015e-01  1.6654032039e+00  2.8275760707e+00 -1.5099392327e+00  1.1213647284e+00  4.5356376905e-01  1.7344319308e-01  1.6574227452e+00  2.2898415406e-01 -2.3718486368e-01 -4.4876361653e-02  1.8097089593e-02 -1.8454274003e+00 -7.6025899667e-01  2.3359876652e+00 -2.7415888207e-01 -1.5608318676e+00  2.0239728477e+00  8.8903353283e-01  5.8794107236e-01  2.2784721140e+00 -1.0629684473e+00 -1.5352011401e+00  4.3329804776e+00 -7.4589513317e-01  1.4068914508e+00  3.7638424548e+00
ENERGY -2.696266111026e+02

JOB 17
COORDS -4.6108981821e-01  8.5231075372e-01  6.0670594156e-01 -7.3440056314e-01 -7.4351463839e-01  2.5471248187e+00 -2.0488039756e-01  6.1506854581e-01  2.0949811218e+00 -5.2493555156e-01 -8.1892071518e-01  3.9663948778e+00 -8.6813190688e-01  1.6480304702e+00  2.8292266530e+00 -1.4396273954e+00  1.3200716424e+00  4.7176946873e-01  3.0911918120e-01  1.4894194126e+00  1.6430549574e-01 -4.4881231680e-01 -9.3091921740e-02  5.1912913960e-02 -1.8044678525e+00 -8.1434181657e-01  2.3060640121e+00 -1.9508661358e-01 -1.5506452020e+00  2.0316739249e+00  8.7461111345e-01  6.3991243660e-01  2.3077623457e+00 -1.0391102719e+00 -1.5587202465e+00  4.3219617388e+00 -8.0953445814e-01  1.3912562960e+00  3.7660187899e+00
ENERGY -2.696250570587e+02

JOB 18
COORDS -4.6711397759e-01  8.6436324607e-01  6.0594652086e-01 -7.0481560018e-01 -7.4113663907e-01  2.5490004205e+00 -2.3049038023e-01  6.3904729175e-01  2.1045538536e+00 -5.0051070258e-01 -8.1493377007e-01  3.9687226556e+00 -9.5043783071e-01  1.6437031868e+00  2.8268022568e+00 -1.3223694260e+00  1.5310225501e+00  4.7314130135e-01  4.0588942478e-01  1.3045997537e+00  1.1740743780e-01 -6.8556669497e-01 -7.6563102444e-02  8.8059544750e-02 -1.7697233692e+00 -8.5432153983e-01  2.3011254973e+00 -1.3028622121e-01 -1.5224022288e+00  2.0312600995e+00  8.4102550817e-01  7.1393813376e-01  2.3421389169e+00 -9.8528066683e-01 -1.5774482745e+00  4.3176002912e+00 -8.9327206714e-01  1.3924513947e+00  3.7652504144e+00
ENERGY -2.696235638829e+02

JOB 19
COORDS -4.7774966974e-01  8.8552082635e-01  6.1630588561e-01 -6.8060161781e-01 -7.2860646081e-01  2.5611476772e+00 -2.6593689826e-01  6.7037641670e-01  2.1219020141e+00 -4.6878575913e-01 -8.0156665980e-01  3.9796245037e+00 -1.0366656466e+00  1.6481943757e+00  2.8297696653e+00 -1.1503581519e+00  1.7347123452e+00  4.7383150525e-01  4.6045722945e-01  1.1056320511e+00  1.0041906601e-01 -9.3246956889e-01  1.2966800471e-02  1.3448846374e-01 -1.7411433313e+00 -8.8320549779e-01  2.3168269413e+00 -7.7540935679e-02 -1.4825909419e+00  2.0350191247e+00  7.9605172087e-01  7.9671686275e-01  2.3795604626e+00 -9.0280056009e-01 -1.5969640843e+00  4.3220889122e+00 -9.9078347961e-01  1.3984486631e+00  3.7691993311e+00
ENERGY -2.696230889936e+02

JOB 20
COORDS -4.7893384920e-01  8.7669365680e-01  6.1417298341e-01 -6.4956845426e-01 -7.4101240488e-01  2.5592091111e+00 -2.9228056071e-01  6.7292338776e-01  2.1216367883e+00 -4.4110841151e-01 -8.0577000581e-01  3.9789398650e+00 -1.1110154565e+00  1.6246330655e+00  2.8107335466e+00 -9.2928945901e-01  1.8594146332e+00  4.5153420639e-01  4.7782393577e-01  8.6542781238e-01  8.4832995126e-02 -1.1419461008e+00  1.2709629890e-01  1.6918260488e-01 -1.7018751419e+00 -9.3905022271e-01  2.3112987884e+00 -1.4476186723e-02 -1.4694989884e+00  2.0347539137e+00  7.5929506457e-01  8.4925281589e-01  2.3940075732e+00 -8.4418554827e-01 -1.6184294938e+00  4.3188081941e+00 -1.0862672045e+00  1.3717063021e+00  3.7500879835e+00
ENERGY -2.696239706978e+02

JOB 21
COORDS -4.9290978378e-01  8.9380947828e-01  6.2439472081e-01 -6.2137129525e-01 -7.3395796949e-01  2.5615978402e+00 -3.1839946962e-01  6.9372949362e-01  2.1283835618e+00 -4.2540582005e-01 -7.8924542180e-01  3.9839113330e+00 -1.1823039706e+00  1.6119640908e+00  2.8059125584e+00 -7.1802242017e-01  1.9478235934e+00  4.3879297447e-01  4.2888249162e-01  6.5915390490e-01  8.3757651393e-02 -1.3171045653e+00  2.9744069167e-01  2.1926438288e-01 -1.6619328118e+00 -9.7570094826e-01  2.3036127607e+00  4.8762042982e-02 -1.4359026448e+00  2.0448485236e+00  7.2356019874e-01  9.1417766286e-01  2.4079807466e+00 -7.9030700838e-01 -1.6218350347e+00  4.3187074704e+00 -1.1669020123e+00  1.3551714492e+00  3.7442871183e+00
ENERGY -2.696255929891e+02

JOB 22
COORDS -5.0227365293e-01  9.0764056434e-01  6.3233012123e-01 -5.8887082323e-01 -7.2976589288e-01  2.5597254480e+00 -3.3462713524e-01  7.1029144342e-01  2.1331560463e+00 -4.1904240905e-01 -7.7616433848e-01  3.9861087647e+00 -1.2446116609e+00  1.5894574756e+00  2.8000961739e+00 -5.1890110018e-01  1.9789443878e+00  4.1274517715e-01  3.3601388861e-01  4.6717078095e-01  8.3138999928e-02 -1.4410015653e+00  4.7368027989e-01  2.7256679586e-01 -1.6134743976e+00 -1.0136447548e+00  2.2818869336e+00  1.1943093182e-01 -1.4047998704e+00  2.0587038634e+00  6.9625738213e-01  9.6905075261e-01  2.4224127289e+00 -7.6094835047e-01 -1.6206353319e+00  4.3153163056e+00 -1.2301143940e+00  1.3315979003e+00  3.7381003331e+00
ENERGY -2.696269625334e+02

JOB 23
COORDS -5.1970975385e-01  9.2626608375e-01  6.3866760991e-01 -5.5221791830e-01 -7.1794745854e-01  2.5579566348e+00 -3.4763516269e-01  7.3379356131e-01  2.1384217724e+00 -4.2663883137e-01 -7.5623284705e-01  3.9892771984e+00 -1.3001257089e+00  1.5688229390e+00  2.8007909202e+00 -3.4845869303e-01  1.9731927682e+00  3.7391634438e-01  1.8944759858e-01  3.0624242539e-01  8.0128341898e-02 -1.5371126851e+00  6.6039514632e-01  3.3362281686e-01 -1.5527932171e+00 -1.0489574127e+00  2.2467571282e+00  2.0288382703e-01 -1.3605190901e+00  2.0836724451e+00  6.7160372001e-01  1.0282722633e+00  2.4349310473e+00 -7.5768157048e-01 -1.6078309267e+00  4.3108922474e+00 -1.2791386459e+00  1.3092126246e+00  3.7382384543e+00
ENERGY -2.696273641548e+02

