JOB 0
COORDS -6.0108373095e-01  1.3194367907e+00  2.4205452436e+00  1.3986902378e+00 -1.8112259675e+00  4.2250476844e+00  5.7987183502e-01  6.8091121807e-01  3.3928465477e-01  1.8067795351e+00  1.8623364458e+00  2.2252761812e+00  6.8743770881e-01  8.6420188180e-01  1.8599663876e+00 -1.6290879018e+00  1.6758921423e+00  2.8301996342e+00  9.2113933309e-01 -5.2610049337e-01  3.6626005570e+00  1.0875088180e+00 -4.6527928213e-01  2.4365635596e+00  6.9359457068e-01 -2.0602832766e+00  5.3599538351e+00  2.2975672826e+00 -2.4841379544e+00  3.7642307322e+00  1.5422564670e+00  3.3343490489e-01 -4.4422949146e-02 -1.8262199930e-01 -6.1371242449e-02  9.0724479223e-02  3.1933450816e-01  1.6268992145e+00 -1.4104965214e-01  2.7643435576e+00  1.4726959422e+00  1.8683120180e+00  1.8570886092e+00  1.9979047235e+00  3.3074204271e+00  1.6146333746e+00  2.8259658979e+00  1.7474656735e+00  8.4896592755e-01 -2.9273114028e+00  5.8556540358e+00 -4.1138747678e-02 -1.4301973346e+00  5.6528339189e+00
ENERGY -4.896135225393e+02

JOB 1
COORDS -5.6735822418e-01  1.3359574943e+00  2.4587025516e+00  1.3640573291e+00 -1.8207579598e+00  4.2339700521e+00  5.6799448632e-01  6.4416085968e-01  3.6836969302e-01  1.8244030030e+00  1.9116624231e+00  2.1785338709e+00  7.1511090202e-01  8.7921115499e-01  1.8802323024e+00 -1.5894276939e+00  1.7068902732e+00  2.8699086592e+00  8.0902227241e-01 -5.7344075348e-01  3.6473500337e+00  1.1879975542e+00 -4.0287020821e-01  2.4800519377e+00  6.2978215328e-01 -2.1148872423e+00  5.3386722966e+00  2.3186596398e+00 -2.4381938312e+00  3.8097210545e+00  1.5260352824e+00  3.0533003923e-01 -3.2992424338e-02 -1.8674327053e-01 -1.1979632560e-01  1.6569926961e-01  2.7233740703e-01  1.5699083331e+00 -1.3071249859e-01  2.7803637454e+00  1.5273272033e+00  1.8125902907e+00  1.9000531922e+00  2.0914546810e+00  3.2532137472e+00  1.5997659477e+00  2.8529429491e+00  1.6710697806e+00  8.4363871344e-01 -2.9487796888e+00  5.8681886310e+00 -1.4137975112e-01 -1.5194557179e+00  5.6093757685e+00
ENERGY -4.896149102939e+02

JOB 2
COORDS -5.2250451142e-01  1.3480871173e+00  2.5065791302e+00  1.3550437942e+00 -1.8525127719e+00  4.2229830367e+00  5.6970889253e-01  5.8667168341e-01  4.1907305947e-01  1.8409769896e+00  1.9791302860e+00  2.1277153254e+00  7.5867057903e-01  8.9922303390e-01  1.9145841356e+00 -1.5391316702e+00  1.7258176250e+00  2.9247839133e+00  7.4849965737e-01 -6.3632877614e-01  3.6160121221e+00  1.2946017881e+00 -3.3433324125e-01  2.5453356277e+00  5.9738128724e-01 -2.1852831396e+00  5.3003895208e+00  2.3497522119e+00 -2.4248238598e+00  3.8292500351e+00  1.5211462039e+00  2.4666990912e-01  3.2527111509e-03 -1.7737105146e-01 -1.9836772824e-01  2.7860862103e-01  2.4105304202e-01  1.4832545068e+00 -1.1172942772e-01  2.7940031853e+00  1.6140755673e+00  1.7364034242e+00  1.9554396954e+00  2.2044472420e+00  3.1905767778e+00  1.5606274360e+00  2.8927998738e+00  1.5980368715e+00  8.3916744206e-01 -3.0019018791e+00  5.8446094666e+00 -2.1664491472e-01 -1.6337141258e+00  5.5364165917e+00
ENERGY -4.896158313095e+02

JOB 3
COORDS -4.7576272995e-01  1.3995836802e+00  2.5533697019e+00  1.3478457502e+00 -1.8524945431e+00  4.2159150849e+00  5.6453591487e-01  5.2711329133e-01  4.8510879680e-01  1.8548915470e+00  2.0636019070e+00  2.0565518235e+00  7.9960612742e-01  9.4469455968e-01  1.9505076625e+00 -1.4756450469e+00  1.7995098988e+00  2.9907859185e+00  7.1077985008e-01 -6.6708733107e-01  3.5791010171e+00  1.3816506954e+00 -2.3877733585e-01  2.6290514052e+00  5.2772956178e-01 -2.2583924353e+00  5.2200712685e+00  2.4030362507e+00 -2.3556059473e+00  3.8912224513e+00  1.5040358071e+00  1.6478355957e-01  6.0637976506e-02 -1.8173492575e-01 -2.6880084135e-01  4.2598896350e-01  2.1302702217e-01  1.3848027341e+00 -9.3327700376e-02  2.7977536465e+00  1.7076459411e+00  1.6342422382e+00  2.0168362825e+00  2.3431978302e+00  3.1003158056e+00  1.5195187963e+00  2.9438538059e+00  1.5029939486e+00  7.9564986615e-01 -3.0483615140e+00  5.7907493437e+00 -3.2241315468e-01 -1.7473727957e+00  5.4169137606e+00
ENERGY -4.896161333314e+02

JOB 4
COORDS -4.3905397197e-01  1.4396298910e+00  2.6058805560e+00  1.3330935426e+00 -1.8751580939e+00  4.2082161854e+00  5.6626432432e-01  4.5603542518e-01  5.7306683674e-01  1.8616703913e+00  2.1210076495e+00  2.0090262015e+00  8.3256865250e-01  9.7711046890e-01  2.0012355866e+00 -1.4285028882e+00  1.8504361366e+00  3.0568264709e+00  6.8144637328e-01 -7.1829476709e-01  3.5358137933e+00  1.4456934439e+00 -1.5927790137e-01  2.7363862399e+00  4.7534486342e-01 -2.3209237382e+00  5.1629252765e+00  2.4215686596e+00 -2.3367797308e+00  3.9360256245e+00  1.4961052002e+00  6.2225015916e-02  1.5452238003e-01 -1.8237569565e-01 -3.3936956215e-01  5.8889079254e-01  2.0582417383e-01  1.2727443026e+00 -5.7010905877e-02  2.7961909135e+00  1.7641415815e+00  1.5693717429e+00  2.0582284799e+00  2.4571015297e+00  3.0300620473e+00  1.4864802072e+00  2.9661743367e+00  1.4272043166e+00  7.5155779774e-01 -3.0912073892e+00  5.7561287376e+00 -4.0408893198e-01 -1.8454722005e+00  5.3152744798e+00
ENERGY -4.896157797201e+02

JOB 5
COORDS -7.1629291024e-01  1.1491204075e+00  2.0957954376e+00  5.7870027867e-01 -2.7209244227e+00  2.4886727173e+00  8.9533547314e-01  9.0852639286e-01  2.3940277976e-01  1.6260437157e+00  1.8150312099e+00  2.5140340488e+00  6.9574363938e-01  8.4623907688e-01  1.7687326758e+00 -1.8109912741e+00  1.4292766079e+00  2.3687385102e+00  1.3955587389e-01 -1.3410180474e+00  2.1548244086e+00  1.0827484299e+00 -5.3801518564e-01  2.1743582243e+00 -5.3103275884e-01 -3.4381044024e+00  2.8051984939e+00  1.7212511589e+00 -3.1277742081e+00  2.4514798895e+00  1.9181022495e+00  6.0717073073e-01 -3.5541393348e-03  1.9623237057e-01  2.3612526123e-01 -2.6237291215e-01  7.3054925769e-01  1.9292518579e+00 -1.1410933573e-01  2.6631045542e+00  1.5755517936e+00  2.2663531027e+00  1.4936692165e+00  1.7230053671e+00  3.5948108863e+00  1.4121219035e+00  2.8454614915e+00  2.2208280191e+00 -4.3275950418e-01 -4.4024919734e+00  3.0912516545e+00 -1.4404122168e+00 -2.9959159903e+00  2.7982558554e+00
ENERGY -4.896148471774e+02

JOB 6
COORDS -7.1064042207e-01  1.1740922773e+00  2.1292544908e+00  6.0381645467e-01 -2.7186295413e+00  2.4592968719e+00  8.7140803967e-01  8.5524982313e-01  2.6094069812e-01  1.6354060210e+00  1.8551456726e+00  2.4868034239e+00  6.9510664519e-01  8.6050038014e-01  1.7930321323e+00 -1.8043825882e+00  1.4465487099e+00  2.4141500124e+00  1.9001633318e-01 -1.3580114750e+00  2.0435521914e+00  1.0629719723e+00 -5.1285655150e-01  2.2839749929e+00 -5.1829064129e-01 -3.4309860072e+00  2.7425034976e+00  1.7484562124e+00 -3.1213112939e+00  2.4879916138e+00  1.8932304204e+00  5.5030296185e-01  1.7092860459e-02  1.7031603098e-01  1.5585215410e-01 -1.9843252966e-01  6.9604908207e-01  1.8580018914e+00 -1.3606637149e-01  2.6690134944e+00  1.6010206867e+00  2.2383510799e+00  1.5161531410e+00  1.8067825026e+00  3.5718566787e+00  1.4245360656e+00  2.8742987207e+00  2.1545942437e+00 -4.2816636551e-01 -4.3774057835e+00  3.0856125668e+00 -1.4290915662e+00 -2.9965775374e+00  2.6770815344e+00
ENERGY -4.896135234199e+02

JOB 7
COORDS -9.0498669874e-01  1.1315186991e+00  1.7820326842e+00  2.8947211186e-01 -2.8599049106e+00  1.9102037267e+00  1.0353298830e+00  8.8197678486e-01  2.6513173698e-01  1.3275097296e+00  1.6547566498e+00  2.6801929210e+00  5.2620240132e-01  7.7224506578e-01  1.7135026897e+00 -2.0244734284e+00  1.4327623268e+00  1.8694332462e+00  5.3678461033e-02 -1.4694766908e+00  1.5035330944e+00  6.8792113036e-01 -6.5550778824e-01  2.1935413522e+00  6.7015927264e-02 -3.1037955856e+00  3.2309495173e+00  5.7743514876e-01 -3.6728437231e+00  1.0538983274e+00  2.0859345047e+00  5.7886369307e-01  2.2947134626e-01  4.5481785212e-01  2.3351932523e-01 -3.9260077587e-01  9.5408140150e-01  1.9156627485e+00 -7.9287098297e-02  2.3798211942e+00  1.3597157167e+00  2.6450360619e+00  9.6528247811e-01  1.5370284508e+00  3.7044142573e+00  1.2424457977e+00  2.7061564767e+00  2.3964423058e+00  3.0800884128e-01 -4.0268548837e+00  3.5698596754e+00  1.0720454318e-01 -2.3303160075e+00  3.8826581080e+00
ENERGY -4.896126023902e+02

JOB 8
COORDS -8.9726587059e-01  1.1251757331e+00  1.8633831104e+00  4.4397879093e-01 -2.8732191234e+00  1.9288342760e+00  9.7288015936e-01  8.8405394999e-01  2.5404775353e-01  1.3753642712e+00  1.6533696003e+00  2.6504349469e+00  5.2928897843e-01  7.7052071750e-01  1.7214306569e+00 -2.0170260252e+00  1.4066268662e+00  2.0009583975e+00  2.4591258288e-01 -1.5006775382e+00  1.4452341968e+00  6.7290316105e-01 -6.4953616727e-01  2.2407862542e+00 -5.8520635126e-02 -3.1045995358e+00  3.1723461893e+00  9.4818167601e-01 -3.6861777931e+00  1.1792187010e+00  2.0214358571e+00  5.8288653718e-01  1.7376841137e-01  3.7050861456e-01  2.3981914676e-01 -3.8671238153e-01  8.7595549717e-01  1.9197569369e+00 -8.0229280335e-02  2.4234016382e+00  1.3501206585e+00  2.5739651939e+00  1.0546129521e+00  1.5426714732e+00  3.6888071058e+00  1.2881107878e+00  2.7035119383e+00  2.3626734074e+00  1.3466449488e-01 -4.0103654148e+00  3.5812276532e+00 -1.9978209498e-01 -2.3190184987e+00  3.7950363789e+00
ENERGY -4.896125031286e+02

JOB 9
COORDS -8.7495868927e-01  1.1322850278e+00  1.9552088594e+00  6.5015339420e-01 -2.8619128635e+00  2.0353684629e+00  9.1449182985e-01  8.6780478809e-01  2.5798406866e-01  1.4377705011e+00  1.6675780065e+00  2.6182501669e+00  5.4219036808e-01  7.7307700222e-01  1.7443881241e+00 -1.9904121703e+00  1.4072767531e+00  2.1349098014e+00  4.7748906331e-01 -1.5171895578e+00  1.4731482982e+00  6.7619489248e-01 -6.2601405736e-01  2.3135943552e+00 -1.7200343239e-01 -3.1278352416e+00  3.0868739334e+00  1.4149361540e+00 -3.6327583261e+00  1.4895966436e+00  1.9523327109e+00  5.4844061496e-01  1.2879349541e-01  2.7626043842e-01  2.3205987322e-01 -3.5571464754e-01  8.1697713349e-01  1.9038337960e+00 -7.5411517524e-02  2.4794015132e+00  1.3577861344e+00  2.4939308121e+00  1.1680966962e+00  1.5738971039e+00  3.6723439123e+00  1.3415030007e+00  2.7129989555e+00  2.3165410119e+00 -3.7995710684e-02 -4.0131999870e+00  3.5592505943e+00 -5.5808292479e-01 -2.3564353366e+00  3.6166898310e+00
ENERGY -4.896131238030e+02

JOB 10
COORDS -9.0712439476e-01  1.2103460132e+00  1.9734792124e+00  6.7314030577e-01 -2.8577313769e+00  2.0210701889e+00  8.4405983059e-01  8.7464820666e-01  2.5289853062e-01  1.4391765934e+00  1.6133644845e+00  2.6164874602e+00  4.8680424062e-01  7.7651553502e-01  1.7415257282e+00 -2.0045897466e+00  1.5485835282e+00  2.1552159484e+00  5.7419156855e-01 -1.5082414254e+00  1.4409934241e+00  5.4047440133e-01 -6.2192244982e-01  2.3091357199e+00 -2.1708647863e-01 -3.1062581397e+00  3.0207177013e+00  1.4581688729e+00 -3.6440083977e+00  1.5285325365e+00  1.8583016334e+00  4.9764812768e-01  9.8726751216e-02  1.6320393987e-01  2.8804706101e-01 -3.6456145260e-01  7.9921941018e-01  1.9208664373e+00 -5.9577468867e-02  2.4632169999e+00  1.2590719892e+00  2.4674459588e+00  1.1817006798e+00  1.5145039536e+00  3.6730175888e+00  1.3845374693e+00  2.6665815921e+00  2.3322117892e+00 -1.1216125987e-01 -3.9844799156e+00  3.5131953587e+00 -6.0901179111e-01 -2.3200338553e+00  3.5250357233e+00
ENERGY -4.896141335021e+02

JOB 11
COORDS -9.2733799910e-01  1.2862870924e+00  1.9773812040e+00  7.3183096716e-01 -2.8511860007e+00  2.0169665103e+00  7.9124828577e-01  8.8422127242e-01  2.4378829359e-01  1.4399415328e+00  1.5479757026e+00  2.6179896488e+00  4.3990797139e-01  7.7678382279e-01  1.7323658173e+00 -2.0003302238e+00  1.6941911557e+00  2.1609320506e+00  6.9172311302e-01 -1.4931961236e+00  1.4381254806e+00  4.1868221599e-01 -6.2430625453e-01  2.2814201582e+00 -2.2192892509e-01 -3.1023756141e+00  2.9544344000e+00  1.5467738822e+00 -3.6381136683e+00  1.5762146695e+00  1.7942507375e+00  4.8740674594e-01  7.2642322673e-02  9.1383991796e-02  3.1885707829e-01 -3.7366992410e-01  7.6340111155e-01  1.9346827091e+00 -5.6311386908e-02  2.4439811668e+00  1.1473420558e+00  2.4523723924e+00  1.1847938244e+00  1.4430197869e+00  3.6745343895e+00  1.4326344682e+00  2.6077202182e+00  2.3533240926e+00 -1.4970713633e-01 -3.9799033083e+00  3.4532966492e+00 -6.5574453210e-01 -2.3154864683e+00  3.4227393921e+00
ENERGY -4.896149350368e+02

JOB 12
COORDS -5.0988623124e-01  5.0678619804e-01  1.9276354333e+00  3.2438995033e+00 -2.0426771282e+00  1.9609794851e+00  1.1635169551e+00  1.0899702979e+00  2.0721107252e-01  1.4063666879e+00  1.9013465350e+00  2.6152047061e+00  9.2792556799e-01  7.6288895193e-01  1.6875172483e+00 -1.6441270633e+00  3.1967753969e-01  2.0993480949e+00  2.5107945189e+00 -8.7990029475e-01  1.4153833317e+00  1.6231804455e+00 -4.7238910367e-01  2.1817117995e+00  2.5057134384e+00 -2.8791901985e+00  2.7390693834e+00  4.4049486263e+00 -2.1899621800e+00  1.6316259081e+00  2.2217734000e+00  1.2918640303e+00  3.3820635017e-02  8.6388946158e-01  2.5669075630e-01 -4.3188516601e-01  5.7790597500e-01  1.9720701921e+00 -6.3246641430e-02  2.4714252657e+00  2.0756243590e+00  2.4401771366e+00  1.2536831449e+00  1.6394859829e+00  3.6644408042e+00  8.5252337339e-01  2.8164363971e+00  2.3937552530e+00  3.0071512396e+00 -3.6118781788e+00  3.2242284871e+00  1.6460156790e+00 -2.5272167247e+00  3.1441669054e+00
ENERGY -4.896152504828e+02

JOB 13
COORDS -4.4507820087e-01  7.1732228233e-01  2.4865274192e+00  3.0582010920e+00 -2.2590502696e+00  2.4634817941e+00  6.8345144454e-01  4.1268319374e-01  3.1285897051e-01  1.7366639393e+00  1.8252614373e+00  2.1627393889e+00  8.7388432271e-01  5.8873734439e-01  1.8269827708e+00 -1.4896864155e+00  8.3574786321e-01  2.9819351647e+00  2.3301601144e+00 -1.1795546045e+00  1.7615622513e+00  1.5405186447e+00 -5.7346829455e-01  2.5036765150e+00  2.3832313544e+00 -2.8439176331e+00  3.4892599044e+00  4.1558233331e+00 -2.5705659120e+00  2.0433122294e+00  1.6547153439e+00  3.3128276911e-01 -1.7656365858e-01  1.0664290213e-01 -4.8978472112e-01  9.6679005880e-02  1.4681417598e-01  1.2765468775e+00 -8.6772297699e-02  2.7040873503e+00  1.7230659401e+00  1.6643691351e+00  1.8946384207e+00  1.9101719558e+00  3.2404109388e+00  1.2395504102e+00  2.7305248243e+00  1.8069708342e+00  2.9045144958e+00 -3.4908144729e+00  4.0666522392e+00  1.6056028552e+00 -2.3411178898e+00  3.9014615327e+00
ENERGY -4.896151002523e+02

JOB 14
COORDS -4.3329426808e-01  7.1707055922e-01  2.5628036661e+00  3.1929515747e+00 -2.1673411142e+00  2.4932827129e+00  6.2711158841e-01  3.7514810506e-01  3.6141626615e-01  1.7498613159e+00  1.7991929336e+00  2.1621088701e+00  8.6567562768e-01  5.6856129001e-01  1.8691776518e+00 -1.4633809455e+00  8.5511963478e-01  3.0827140694e+00  2.4803860171e+00 -1.0490082494e+00  1.8338986217e+00  1.5299069293e+00 -6.1922877739e-01  2.5070461210e+00  2.4721243044e+00 -2.8605583606e+00  3.4128564750e+00  4.3313250122e+00 -2.4014317847e+00  2.1351818676e+00  1.5860015286e+00  2.6639290185e-01 -1.4715223795e-01  2.3342017375e-02 -5.1691554552e-01  1.7695426895e-01  9.8642330943e-02  1.2435440945e+00 -3.8977572966e-02  2.6977672556e+00  1.6819412627e+00  1.6315024879e+00  1.9464209248e+00  1.8921721617e+00  3.2330728937e+00  1.2478271215e+00  2.7062379244e+00  1.8178924246e+00  2.9694127659e+00 -3.5449687195e+00  3.9669575958e+00  1.6259848931e+00 -2.4428094115e+00  3.7825835394e+00
ENERGY -4.896148419571e+02

JOB 15
COORDS -4.2482781417e-01  7.8384996969e-01  2.5749903340e+00  3.2244171531e+00 -2.0988120692e+00  2.5544317094e+00  5.9562254434e-01  3.6019143005e-01  3.6826215750e-01  1.7690378054e+00  1.8158355910e+00  2.1103178420e+00  8.6154724769e-01  5.9386055154e-01  1.8678806866e+00 -1.4419262603e+00  9.6204529656e-01  3.1079892393e+00  2.5708503320e+00 -9.1615967089e-01  1.9440268366e+00  1.4889525835e+00 -6.2867992217e-01  2.4804851278e+00  2.4260388409e+00 -2.8818914020e+00  3.3241781637e+00  4.3960050473e+00 -2.2928766253e+00  2.2918946861e+00  1.5499020483e+00  2.2168783181e-01 -1.4364272250e-01 -2.5052224513e-02 -5.2671532711e-01  2.1764999549e-01  7.7164980999e-02  1.2245374269e+00 -5.3113330140e-02  2.7169471914e+00  1.6590504757e+00  1.5916049555e+00  1.9614812597e+00  1.9508871861e+00  3.1776117306e+00  1.2853895402e+00  2.7166962593e+00  1.7257216129e+00  2.8697662271e+00 -3.6205344173e+00  3.8530501592e+00  1.5270183909e+00 -2.5212969034e+00  3.6219886237e+00
ENERGY -4.896146526450e+02

JOB 16
COORDS -3.5728916538e-01  8.8223648975e-01  2.6169123971e+00  3.2488969158e+00 -1.9890538970e+00  2.0764059102e+00  5.2942134139e-01  7.1980034787e-01  3.1689802585e-01  1.8148261061e+00  1.9556905116e+00  2.1445596187e+00  8.8353464473e-01  7.7420706304e-01  1.8182402908e+00 -1.3356057733e+00  9.9995272750e-01  3.2328990478e+00  2.6591505764e+00 -6.6297617071e-01  1.7783952981e+00  1.4944693906e+00 -5.4751714082e-01  2.1923811402e+00  2.6677403719e+00 -2.6758128776e+00  3.0943474353e+00  4.2171145086e+00 -2.3345954721e+00  1.4267447135e+00  1.4559240612e+00  6.4164529417e-01 -2.5652627878e-01 -1.0430552345e-01 -1.4276941660e-01  9.6299459685e-02 -3.7253491746e-03  1.6288198643e+00  2.9282151903e-02  2.7289840641e+00  1.8678130651e+00  1.5556126445e+00  2.0734681825e+00  1.9629990293e+00  3.2064447224e+00  1.3129246180e+00  2.8950839749e+00  1.9012362416e+00  2.9631629160e+00 -3.6330795860e+00  3.2323197926e+00  1.7486396382e+00 -2.3890844911e+00  3.4110852729e+00
ENERGY -4.896147907987e+02

JOB 17
COORDS -3.1468870292e-01  9.0462785504e-01  2.6280684582e+00  3.2561293095e+00 -1.9756641074e+00  2.1951847476e+00  5.1103784287e-01  7.1188654172e-01  3.0765057582e-01  1.8533349002e+00  1.9551420019e+00  2.0872256281e+00  9.0519242380e-01  7.8008548949e-01  1.7997551913e+00 -1.2722406459e+00  1.0315153999e+00  3.2742690805e+00  2.7076278779e+00 -6.2302303406e-01  1.9566806909e+00  1.4810357616e+00 -5.6403344873e-01  2.1397724122e+00  2.5878958340e+00 -2.7208209278e+00  3.1157942488e+00  4.2708202446e+00 -2.2891861840e+00  1.6030887959e+00  1.4215297113e+00  6.2201683994e-01 -2.9012825840e-01 -1.3380444448e-01 -1.4821655269e-01  1.1236014650e-01 -2.1369373294e-02  1.6225743889e+00  2.4039003517e-02  2.7444429900e+00  1.8722396087e+00  1.4639873965e+00  2.1582573559e+00  1.9593752486e+00  3.1365821153e+00  1.3420109259e+00  2.8953279604e+00  1.8671137044e+00  2.8630383267e+00 -3.6904234554e+00  3.2032506635e+00  1.6359169373e+00 -2.4606653057e+00  3.3468851007e+00
ENERGY -4.896150367656e+02

JOB 18
COORDS -2.6460660391e-01  8.9373621992e-01  2.6567886890e+00  3.2989178450e+00 -1.9248443352e+00  2.3279584087e+00  4.6448865648e-01  7.1894263301e-01  3.0546694325e-01  1.8718142523e+00  1.9642806560e+00  2.0324911792e+00  9.2248240190e-01  7.8541192503e-01  1.7794246867e+00 -1.1968077049e+00  1.0049122301e+00  3.3420408995e+00  2.7422980817e+00 -5.6983384625e-01  2.1289890899e+00  1.5017184143e+00 -5.6612386108e-01  2.0789468539e+00  2.5373423551e+00 -2.7575517152e+00  3.0880600876e+00  4.3950752618e+00 -2.1651202441e+00  1.8601322524e+00  1.3469069644e+00  6.3264280764e-01 -3.3411746267e-01 -1.8602111170e-01 -1.4220714017e-01  1.3761786435e-01 -7.9751831937e-02  1.6298228042e+00  4.6083266201e-02  2.7371879089e+00  1.8948747090e+00  1.3717027873e+00  2.2264746552e+00  1.9667152574e+00  3.0655489510e+00  1.3422948064e+00  2.9002996218e+00  1.8385084960e+00  2.8301232760e+00 -3.7250224913e+00  3.1343117262e+00  1.5522691225e+00 -2.5439628307e+00  3.1944263727e+00
ENERGY -4.896152468654e+02

JOB 19
COORDS -2.0675371605e-01  8.6969305364e-01  2.6813130487e+00  3.3171146008e+00 -1.8840399723e+00  2.4460047873e+00  4.0445215166e-01  7.4737441784e-01  2.9694487102e-01  1.8892695610e+00  1.9712789157e+00  1.9769564632e+00  9.3687607655e-01  7.9255721692e-01  1.7446984761e+00 -1.1032329373e+00  9.4423504429e-01  3.4175551667e+00  2.7395558494e+00 -5.3473851309e-01  2.2753675688e+00  1.5305993278e+00 -5.6549291399e-01  1.9955289589e+00  2.4886616653e+00 -2.7962397128e+00  3.0217964611e+00  4.4776168533e+00 -2.0535375490e+00  2.1257712424e+00  1.2505100956e+00  6.6340869047e-01 -3.9087491656e-01 -2.5816421893e-01 -1.0863128839e-01  1.5376690197e-01 -1.4525755895e-01  1.6646408876e+00  7.4383746076e-02  2.7386023695e+00  1.9014075452e+00  1.2942742756e+00  2.2726988178e+00  1.9764133624e+00  2.9988016192e+00  1.3542995126e+00  2.9062455714e+00  1.7928028245e+00  2.8121897585e+00 -3.7545432020e+00  3.0494401067e+00  1.4909873135e+00 -2.6201693179e+00  3.0077477488e+00
ENERGY -4.896150705002e+02

JOB 20
COORDS -1.5525322485e-01  8.1931021526e-01  2.6846524337e+00  3.3004607423e+00 -1.8711799264e+00  2.5147746883e+00  3.4648478534e-01  7.9052786488e-01  2.7542278591e-01  1.8960959806e+00  1.9736098619e+00  1.9295436075e+00  9.4502373466e-01  7.9443477983e-01  1.6948867893e+00 -1.0176741441e+00  8.3903395843e-01  3.4641474915e+00  2.6978666670e+00 -5.3224592364e-01  2.3890235632e+00  1.5664322925e+00 -5.6762547013e-01  1.8799461661e+00  2.4613493089e+00 -2.8246187549e+00  3.0034503787e+00  4.4803225944e+00 -2.0004389791e+00  2.2527232538e+00  1.1587829479e+00  7.3308955641e-01 -4.5494287230e-01 -3.1463602853e-01 -6.7404734968e-02  1.3765381894e-01 -2.1894630988e-01  1.7091451304e+00  1.0379428854e-01  2.7331328189e+00  1.9121546463e+00  1.2295276492e+00  2.2981223426e+00  1.9694253059e+00  2.9432639021e+00  1.3566801499e+00  2.9092106903e+00  1.7624538759e+00  2.8066352473e+00 -3.7760333766e+00  3.0081057094e+00  1.4623100583e+00 -2.6760471116e+00  2.9269906646e+00
ENERGY -4.896143988609e+02

JOB 21
COORDS -4.9797600804e-01  1.4859593372e+00  2.6441426336e+00  1.7695572824e+00 -1.7932513357e+00  4.2277649455e+00  3.5060885087e-01  5.8438980832e-01  5.1971493940e-01  1.9078986430e+00  1.7885409723e+00  2.1519239994e+00  6.8255483907e-01  8.7900767687e-01  1.9920631429e+00 -1.4306862744e+00  1.9519958091e+00  3.1588669854e+00  1.6226373588e+00 -4.6601710666e-01  3.6151412407e+00  8.2550775779e-01 -4.7124585882e-01  2.6639631626e+00  5.9442507489e-01 -2.3493814728e+00  4.6310889568e+00  2.8876319810e+00 -2.2375413805e+00  4.3996307360e+00  1.2100514208e+00  9.7437970805e-02  4.9527158796e-02 -5.1310009192e-01 -7.9482816520e-02  4.4510134801e-01  1.3540120808e-01  1.5127557936e+00 -1.4092173307e-02  2.7812913615e+00  1.2952463268e+00  1.7163850159e+00  2.1160275728e+00  1.9979230271e+00  3.2010749494e+00  1.7311199804e+00  2.7297647317e+00  1.6256274169e+00  6.3432278893e-01 -3.2985680690e+00  4.9809315992e+00 -2.6711270224e-01 -2.0343577980e+00  4.2024399956e+00
ENERGY -4.896133696627e+02

JOB 22
COORDS -4.4357635877e-01  1.5216029523e+00  2.6831696818e+00  1.7125892650e+00 -1.7055876737e+00  4.3527796244e+00  3.0496161846e-01  5.8895094255e-01  5.3327833969e-01  1.9501134889e+00  1.7630110984e+00  2.0914897884e+00  6.9415080546e-01  8.8375706851e-01  1.9894253179e+00 -1.3533718219e+00  2.0078641861e+00  3.2197196053e+00  1.4840534914e+00 -3.8983293791e-01  3.7428866180e+00  8.8660101074e-01 -4.6656836875e-01  2.6579769059e+00  5.8026386183e-01 -2.4412594878e+00  4.5225350828e+00  2.8351943313e+00 -1.9909215963e+00  4.7208830029e+00  1.1375918317e+00  8.3322789107e-02  3.5811539707e-02 -5.7287252014e-01 -5.9701591730e-02  4.9176549327e-01  8.5833788214e-02  1.5175728480e+00  1.4296067347e-03  2.7862315223e+00  1.2487944928e+00  1.6086764206e+00  2.2095949986e+00  1.9563371177e+00  3.1323560325e+00  1.7755808167e+00  2.7124828391e+00  1.5796979360e+00  6.9328537677e-01 -3.3886966038e+00  4.8609781961e+00 -2.2819751974e-01 -2.2318899716e+00  3.9504405348e+00
ENERGY -4.896125555653e+02

JOB 23
COORDS -4.0283445573e-01  1.5377270497e+00  2.6964222957e+00  1.6756185272e+00 -1.6506536353e+00  4.3944371424e+00  2.8147708806e-01  5.9774775989e-01  5.2312085747e-01  1.9762879235e+00  1.7523617225e+00  2.0346480910e+00  7.0534345670e-01  8.8666246459e-01  1.9699995771e+00 -1.3001550182e+00  2.0351811369e+00  3.2434281654e+00  1.3295679520e+00 -3.5719503261e-01  3.8013742846e+00  9.7492181286e-01 -4.5810735466e-01  2.6160397780e+00  6.3227123989e-01 -2.5216857144e+00  4.4582882844e+00  2.7935211042e+00 -1.8107944260e+00  4.8437670403e+00  1.0997693735e+00  8.8457580137e-02  6.8068888623e-03 -6.0131176227e-01 -4.5730468028e-02  4.9811354947e-01  5.3412799819e-02  1.5285978510e+00 -1.0176117187e-03  2.7904498189e+00  1.2323290313e+00  1.5215131220e+00  2.2652858602e+00  1.9302025305e+00  3.0714080115e+00  1.7988070792e+00  2.7091326899e+00  1.5377855831e+00  8.3386895557e-01 -3.4549548295e+00  4.7949527281e+00 -1.5955023540e-01 -2.3945002110e+00  3.8413850614e+00
ENERGY -4.896125552685e+02

