JOB 0
COORDS  6.2676077669e-02  1.0983046237e+00  1.8975776202e+00 -4.3973400122e+00 -2.2465575814e+00  3.3493321825e+00  2.9632482882e-01  7.7956617236e-01  3.2598418604e+00 -4.3942090089e-01  2.0028476135e-02  1.1139839005e+00 -4.1100825768e+00 -1.6289183442e+00  4.6100459330e+00 -3.2997763431e+00 -1.9850606553e+00  2.5725185223e+00 -1.2058778328e+00 -7.4190212104e-01  2.9676664890e+00 -3.5176668139e-01 -2.5696264455e-01  3.8778404357e+00 -7.0604647171e-01 -1.1307877385e+00  1.7804192746e+00 -2.9306319395e+00 -1.0345585014e+00  4.6225998031e+00 -2.4262693247e+00 -1.2606475214e+00  3.3650802379e+00  4.2196188780e-01  2.0206586975e+00  1.4558052318e+00 -5.2828116827e+00 -2.7985169765e+00  3.0650734156e+00  1.0191227707e+00  1.3310428173e+00  3.8561706538e+00 -2.9161912902e-01 -3.0313901732e-02  3.6572403755e-02 -4.7296550624e+00 -1.5985001676e+00  5.4987022437e+00 -3.0351538331e+00 -2.2433152561e+00  1.5582963591e+00
ENERGY -4.893431506353e+02

JOB 1
COORDS  2.2415814408e-01  1.0919923469e+00  1.8627939838e+00 -4.4174705765e+00 -2.3264395132e+00  3.3982390215e+00  3.0244751444e-01  8.1464645017e-01  3.2426538452e+00 -3.5423153200e-01  6.5962850124e-02  1.0861751894e+00 -4.1222796505e+00 -1.7047283395e+00  4.6516096771e+00 -3.3575468808e+00 -2.0021622900e+00  2.5890113645e+00 -1.3114807048e+00 -6.5670455890e-01  2.9238535674e+00 -4.8254902820e-01 -1.1933128172e-01  3.8286309145e+00 -8.5840751276e-01 -1.0197547481e+00  1.7114528596e+00 -2.9725377468e+00 -1.0501839611e+00  4.6295958914e+00 -2.4999315042e+00 -1.2410497077e+00  3.3579657701e+00  7.2154591441e-01  1.9460451957e+00  1.4170534786e+00 -5.2817595848e+00 -2.9211587076e+00  3.1358363012e+00  1.0154597933e+00  1.3248598996e+00  3.8865513674e+00 -1.7634803126e-01 -1.1767616858e-02  1.5076974233e-02 -4.7117590981e+00 -1.7114416409e+00  5.5608474499e+00 -3.1154086117e+00 -2.2376741119e+00  1.5637773036e+00
ENERGY -4.893724704354e+02

JOB 2
COORDS  3.4208356538e-01  1.0599158704e+00  1.8461169427e+00 -4.4219436129e+00 -2.3733250772e+00  3.4273599784e+00  2.9466422590e-01  8.4360956583e-01  3.2319423290e+00 -2.9739102007e-01  8.2571150869e-02  1.0687078239e+00 -4.1146814097e+00 -1.7587865298e+00  4.6793115340e+00 -3.3920371520e+00 -2.0052175096e+00  2.5960508461e+00 -1.3745904627e+00 -6.0330219262e-01  2.8950664963e+00 -5.7477476986e-01 -1.5408232168e-02  3.7920463830e+00 -9.8163566281e-01 -9.1830491128e-01  1.6502855788e+00 -2.9857774131e+00 -1.0674413402e+00  4.6356820553e+00 -2.5414942178e+00 -1.2267572828e+00  3.3518845953e+00  9.4582986292e-01  1.8450227775e+00  1.4044421147e+00 -5.2731716443e+00 -2.9920379928e+00  3.1779997410e+00  9.7629045809e-01  1.3527609689e+00  3.9106656936e+00 -1.0598241845e-01 -1.0966769217e-02  1.1394676904e-03 -4.6786077662e+00 -1.7954829970e+00  5.6038269641e+00 -3.1707171578e+00 -2.2194816838e+00  1.5616287444e+00
ENERGY -4.893921743863e+02

JOB 3
COORDS  4.3096540411e-01  1.0070660473e+00  1.8444145367e+00 -4.4255426005e+00 -2.4083096021e+00  3.4473513676e+00  2.7236091337e-01  8.6858379170e-01  3.2286523350e+00 -2.6976902847e-01  8.5167176213e-02  1.0588331322e+00 -4.1058399928e+00 -1.8091850401e+00  4.7024188452e+00 -3.4223489195e+00 -1.9995375876e+00  2.6011949465e+00 -1.4277864152e+00 -5.5711687345e-01  2.8807471367e+00 -6.6287463825e-01  7.7253442062e-02  3.7733523227e+00 -1.0971120135e+00 -8.1475124774e-01  1.6066593295e+00 -2.9951157794e+00 -1.0885477802e+00  4.6470067110e+00 -2.5770181641e+00 -1.2124031395e+00  3.3519615334e+00  1.1266972368e+00  1.7184663332e+00  1.4127842922e+00 -5.2664366549e+00 -3.0435241605e+00  3.2043763258e+00  9.1806801356e-01  1.3986795129e+00  3.9268950939e+00 -7.4329994109e-02 -1.6705894884e-02 -7.3107861132e-03 -4.6469397314e+00 -1.8770952316e+00  5.6386833631e+00 -3.2200522226e+00 -2.1888872169e+00  1.5582027267e+00
ENERGY -4.894043740340e+02

JOB 4
COORDS  5.2451883096e-01  9.4480979574e-01  1.8473791202e+00 -4.4077326843e+00 -2.4369064784e+00  3.4590538705e+00  2.6421045979e-01  9.0079670565e-01  3.2199292572e+00 -2.3312944177e-01  8.0782587084e-02  1.0534988143e+00 -4.0749928389e+00 -1.8534124669e+00  4.7173933088e+00 -3.4339404033e+00 -1.9875772504e+00  2.5985707522e+00 -1.4616677096e+00 -5.0777177515e-01  2.8623325069e+00 -7.2909332492e-01  1.7469702253e-01  3.7454388157e+00 -1.1826375872e+00 -7.0909799260e-01  1.5662565424e+00 -2.9839869847e+00 -1.1034775513e+00  4.6492946443e+00 -2.5927277736e+00 -1.1915185412e+00  3.3435862396e+00  1.3030653011e+00  1.5740179770e+00  1.4294613565e+00 -5.2378290404e+00 -3.0885585822e+00  3.2225391468e+00  8.7293867536e-01  1.4614382111e+00  3.9278789180e+00 -3.8334223999e-02 -2.7623921352e-02 -1.2258821347e-02 -4.5914255505e+00 -1.9530721316e+00  5.6646865507e+00 -3.2522166219e+00 -2.1519351518e+00  1.5477140146e+00
ENERGY -4.894109600614e+02

JOB 5
COORDS  5.8348763560e-01  8.9413890687e-01  1.8517505110e+00 -4.3948482660e+00 -2.4482963231e+00  3.4605841293e+00  2.3194768616e-01  9.5893761945e-01  3.2020100355e+00 -2.2527151441e-01  9.1412121576e-02  1.0455568975e+00 -4.0469771315e+00 -1.8847539713e+00  4.7237214666e+00 -3.4547114893e+00 -1.9531739495e+00  2.5877172997e+00 -1.5095354768e+00 -4.3534376615e-01  2.8401054119e+00 -8.1340002252e-01  2.9881171499e-01  3.7107742143e+00 -1.2760620317e+00 -5.7965172015e-01  1.5274207583e+00 -2.9790844877e+00 -1.1029170257e+00  4.6465983098e+00 -2.6191118004e+00 -1.1488792638e+00  3.3299606859e+00  1.4345941634e+00  1.4354419547e+00  1.4525135010e+00 -5.2128472632e+00 -3.1167307433e+00  3.2287841988e+00  8.0543291908e-01  1.5604709206e+00  3.9059564141e+00 -3.0186934212e-02 -2.1281755216e-02 -1.9780139818e-02 -4.5356958081e+00 -2.0215801045e+00  5.6810229954e+00 -3.2954239865e+00 -2.0877742458e+00  1.5290557846e+00
ENERGY -4.894130345443e+02

JOB 6
COORDS  6.3811963859e-01  8.0867503034e-01  1.8761998251e+00 -4.3729582796e+00 -2.4692359851e+00  3.4652906683e+00  2.1275176976e-01  9.8645739975e-01  3.1952770709e+00 -2.1996546774e-01  7.8100969391e-02  1.0515142090e+00 -4.0124591114e+00 -1.9220503171e+00  4.7322932003e+00 -3.4639146101e+00 -1.9339248499e+00  2.5834614336e+00 -1.5458808634e+00 -3.8198899124e-01  2.8286587921e+00 -8.8230869326e-01  3.9642440673e-01  3.6867633839e+00 -1.3581696088e+00 -4.6042051245e-01  1.5028370036e+00 -2.9666511200e+00 -1.1117110198e+00  4.6490477668e+00 -2.6347286268e+00 -1.1212724557e+00  3.3240851620e+00  1.5533011063e+00  1.2544814390e+00  1.5015207439e+00 -5.1789436326e+00 -3.1532974691e+00  3.2370520936e+00  7.6171556814e-01  1.6263654383e+00  3.8846440722e+00 -2.4367120350e-02 -3.3205790091e-02 -1.3840152819e-02 -4.4764824990e+00 -2.0912467821e+00  5.6966853275e+00 -3.3243876989e+00 -2.0424471427e+00  1.5189864921e+00
ENERGY -4.894109598907e+02

JOB 7
COORDS  6.6404493228e-01  7.1891125883e-01  1.9107966276e+00 -4.3529794562e+00 -2.4880138526e+00  3.4650021765e+00  1.7923716380e-01  1.0165756547e+00  3.1893511655e+00 -2.3208654672e-01  5.8029432306e-02  1.0643024378e+00 -3.9793803487e+00 -1.9589337784e+00  4.7365591354e+00 -3.4770198722e+00 -1.9109869121e+00  2.5766471458e+00 -1.5896958372e+00 -3.2425941548e-01  2.8193027874e+00 -9.6254305148e-01  5.0023519121e-01  3.6632416159e+00 -1.4427674625e+00 -3.3342168062e-01  1.4854927186e+00 -2.9573621214e+00 -1.1197334081e+00  4.6500803937e+00 -2.6546346636e+00 -1.0910475334e+00  3.3177573210e+00  1.6323705394e+00  1.0652430749e+00  1.5661259417e+00 -5.1461622265e+00 -3.1875207630e+00  3.2388021285e+00  7.1104970303e-01  1.6962833397e+00  3.8531558683e+00 -3.0227654781e-02 -5.4565888855e-02  3.6211575027e-04 -4.4175203719e+00 -2.1624974567e+00  5.7064133641e+00 -3.3579105964e+00 -1.9914466722e+00  1.5070963771e+00
ENERGY -4.894043770946e+02

JOB 8
COORDS  6.7208233603e-01  6.1716539013e-01  1.9536114865e+00 -4.3228344782e+00 -2.5079951216e+00  3.4601335343e+00  1.4767982446e-01  1.0379044084e+00  3.1854865256e+00 -2.5478774693e-01  2.3902659587e-02  1.0832996000e+00 -3.9397134453e+00 -1.9948366181e+00  4.7365852154e+00 -3.4796438110e+00 -1.8904342275e+00  2.5685415103e+00 -1.6289264269e+00 -2.6564396196e-01  2.8137702682e+00 -1.0395878485e+00  6.0340281000e-01  3.6428300515e+00 -1.5210015029e+00 -1.9954902888e-01  1.4769343998e+00 -2.9431364476e+00 -1.1266968098e+00  4.6501842150e+00 -2.6667900237e+00 -1.0615756372e+00  3.3121607683e+00  1.6827035644e+00  8.5874277413e-01  1.6433508412e+00 -5.1013007168e+00 -3.2239191030e+00  3.2342625098e+00  6.7660365845e-01  1.7509604383e+00  3.8150161411e+00 -4.3728030299e-02 -9.5646700980e-02  2.2048463408e-02 -4.3538102031e+00 -2.2316960876e+00  5.7094736112e+00 -3.3785293484e+00 -1.9441272036e+00  1.4953172144e+00
ENERGY -4.893921741112e+02

JOB 9
COORDS  6.6171088871e-01  5.0545696523e-01  2.0050442438e+00 -4.2715414189e+00 -2.5236048204e+00  3.4461052863e+00  1.2084580000e-01  1.0551217608e+00  3.1850416799e+00 -2.9158910272e-01 -1.9548350399e-02  1.1072688839e+00 -3.8858205996e+00 -2.0228632207e+00  4.7287068112e+00 -3.4646015518e+00 -1.8613524124e+00  2.5551963761e+00 -1.6653634748e+00 -1.8598834648e-01  2.8103948069e+00 -1.1155158518e+00  7.2410758691e-01  3.6252096464e+00 -1.5906441405e+00 -4.3335404512e-02  1.4758290492e+00 -2.9217056586e+00 -1.1203150679e+00  4.6466817060e+00 -2.6685715609e+00 -1.0178942509e+00  3.3041937791e+00  1.7042884780e+00  6.3117417130e-01  1.7353903411e+00 -5.0289119074e+00 -3.2611697842e+00  3.2182274097e+00  6.6821375104e-01  1.7865491935e+00  3.7755587461e+00 -6.9283766582e-02 -1.5644655033e-01  5.0493350138e-02 -4.2766254011e+00 -2.2949739232e+00  5.7020900351e+00 -3.3787993854e+00 -1.8880466468e+00  1.4794995345e+00
ENERGY -4.893724705018e+02

JOB 10
COORDS  6.1006262064e-01  3.6496966343e-01  2.0752772001e+00 -4.1805017816e+00 -2.5383630664e+00  3.4200691609e+00  8.2591748303e-02  1.0627563133e+00  3.1918888075e+00 -3.6645030446e-01 -7.9244328796e-02  1.1383151916e+00 -3.8026502901e+00 -2.0418573643e+00  4.7100709138e+00 -3.4272155259e+00 -1.8168223705e+00  2.5321459740e+00 -1.7213791543e+00 -5.5174582545e-02  2.8021286132e+00 -1.2135686923e+00  8.9215786541e-01  3.6006968050e+00 -1.6617780590e+00  1.4423270721e-01  1.4727089460e+00 -2.8927741528e+00 -1.0873319814e+00  4.6356144768e+00 -2.6655440452e+00 -9.4300729969e-01  3.2886162936e+00  1.6724177424e+00  3.4811491771e-01  1.8605609363e+00 -4.8999687948e+00 -3.3120959478e+00  3.1893585330e+00  6.8173909014e-01  1.7793475950e+00  3.7483764638e+00 -1.2666572587e-01 -2.5223415029e-01  9.0562175668e-02 -4.1638242352e+00 -2.3567312436e+00  5.6821382891e+00 -3.3579240602e+00 -1.8140378697e+00  1.4548554630e+00
ENERGY -4.893431522264e+02

