JOB 0
COORDS  1.4714562789e+00 -1.6272707666e+00  8.4590555817e-02  3.0538844792e+00 -3.0406300754e-01  1.3541016570e+00  4.1885524162e-01 -1.0497285142e+00  7.9141291823e-01  2.0117727624e+00  2.7749470303e-01  2.0637988392e+00  2.8017173310e+00 -1.2642924661e+00  3.5638422946e-01  4.7871308403e+00 -3.1691595300e+00 -1.8379074387e+00  6.8456723892e-01 -9.1798063830e-02  1.7874813267e+00  6.2391263087e+00 -3.2036203785e+00 -1.4546030804e+00  4.7182788263e+00 -3.9660603463e+00 -2.9767593173e+00  6.8694980512e+00 -2.7223451442e+00 -1.9078428168e-01  3.6097243416e+00 -4.3537615440e+00 -3.8802951636e+00 -1.6381696259e+00  1.9273412133e-01  2.2943264891e+00  6.7772934926e+00 -4.1693030410e+00 -2.1578991491e+00  3.9376889613e+00 -1.7909121283e+00 -2.9380842631e-01  3.6861295956e+00 -2.6512844048e+00 -1.1991784468e+00  6.0023656012e+00 -4.0927507476e+00 -3.3941484242e+00 -2.7427153943e-01  5.3088886402e-01  2.5340325290e+00  1.2736914429e+00 -2.3664992751e+00 -6.8446390119e-01  4.0847474794e+00 -2.7476109176e-02  1.5568445243e+00 -5.9838115555e-01 -1.3477581074e+00  5.6312681127e-01  2.1963356098e+00  1.0188288880e+00  2.8354508183e+00  6.2208562126e+00 -2.9097477979e+00  6.6889208247e-01  7.8408939919e+00 -3.2035106225e+00 -5.3960670081e-02  7.0089347106e+00 -1.6384145750e+00 -2.4545909534e-01  3.7318491386e+00 -3.8829397723e+00 -4.8618266115e+00  3.6060615673e+00 -5.4389405105e+00 -4.0325782315e+00  2.6573223650e+00 -4.0430652927e+00 -3.4476103853e+00 -2.2209791826e+00  7.9789517680e-01  2.9897174315e+00 -1.8262697358e+00 -8.6968906295e-01  2.4910373067e+00 -1.9342041536e+00  4.3385526628e-01  1.2661978868e+00
ENERGY -7.798077235240e+02

JOB 1
COORDS  1.4716005099e+00 -1.6182844377e+00  6.0421110985e-02  3.0596036197e+00 -3.8445667017e-01  1.4108318032e+00  4.1855449197e-01 -1.0325368552e+00  7.5934161822e-01  2.0168965990e+00  2.0502307751e-01  2.1131518918e+00  2.8040301868e+00 -1.3035455489e+00  3.7651493729e-01  4.8017733206e+00 -3.1946223197e+00 -1.8263060215e+00  6.8685764609e-01 -1.1514802892e-01  1.7925493280e+00  6.2259047661e+00 -3.2029103891e+00 -1.4744409352e+00  4.7286045522e+00 -3.9767024568e+00 -2.9649566547e+00  6.8903567116e+00 -2.6629706536e+00 -2.4988284698e-01  3.6008408746e+00 -4.3613660251e+00 -3.8502693047e+00 -1.6388712861e+00  2.2262310614e-01  2.2516073160e+00  6.8459390075e+00 -4.0747831535e+00 -2.2350662410e+00  3.9409591419e+00 -1.8422009217e+00 -2.6440603779e-01  3.6885186905e+00 -2.6631590444e+00 -1.2015354310e+00  5.9904574740e+00 -4.2020779043e+00 -3.3853813269e+00 -2.7175127475e-01  5.1143787782e-01  2.5351105732e+00  1.2725699300e+00 -2.3266028421e+00 -7.3684112017e-01  4.0926853431e+00 -1.4608232653e-01  1.6477936782e+00 -6.0077691889e-01 -1.2926353812e+00  4.9682412598e-01  2.2031241475e+00  9.1526681741e-01  2.9130628188e+00  6.3296816856e+00 -2.9310915710e+00  6.4947391525e-01  7.9129729971e+00 -3.0420984903e+00 -1.8628119511e-01  6.9100093276e+00 -1.5703754532e+00 -2.9286687787e-01  3.7239175873e+00 -3.9215174815e+00 -4.8455942720e+00  3.5625608629e+00 -5.4495336651e+00 -3.9697586111e+00  2.6624921134e+00 -4.0115031222e+00 -3.4169735544e+00 -2.2205770562e+00  8.2293910656e-01  2.9520285921e+00 -1.8630305459e+00 -8.3924804207e-01  2.4092858416e+00 -1.9014938871e+00  5.0523132430e-01  1.2250381991e+00
ENERGY -7.798367533834e+02

JOB 2
COORDS  1.4801619481e+00 -1.6021146775e+00  2.8695050458e-02  3.0677844604e+00 -4.9682714313e-01  1.4875724361e+00  4.2776349232e-01 -1.0051207540e+00  7.1879996901e-01  2.0255503973e+00  1.0317352417e-01  2.1815728817e+00  2.8117381351e+00 -1.3561403479e+00  4.0340416834e-01  4.8170583116e+00 -3.2181329125e+00 -1.8226461575e+00  6.9600823827e-01 -1.4685078991e-01  1.8018140500e+00  6.2309517398e+00 -3.1988009507e+00 -1.4978353290e+00  4.7398210622e+00 -3.9947648653e+00 -2.9589360959e+00  6.9237975000e+00 -2.5856757317e+00 -3.2313320468e-01  3.5960936280e+00 -4.4030689770e+00 -3.8152465169e+00 -1.6291700836e+00  2.6852255566e-01  2.1964760676e+00  6.8983954548e+00 -3.9773896771e+00 -2.3170031788e+00  3.9488311287e+00 -1.9090306201e+00 -2.2601485375e-01  3.6981936675e+00 -2.6749436491e+00 -1.2071564210e+00  5.9831834805e+00 -4.3087603650e+00 -3.3613410066e+00 -2.6220233536e-01  4.8515910427e-01  2.5396189957e+00  1.2814639643e+00 -2.2648902619e+00 -8.0688591279e-01  4.1006614288e+00 -3.1262484247e-01  1.7694230015e+00 -5.9136375673e-01 -1.2106797174e+00  4.1108299600e-01  2.2115668633e+00  7.6823269023e-01  3.0194525536e+00  6.4458938773e+00 -2.8931949491e+00  6.1049440962e-01  7.9760405656e+00 -2.8793017067e+00 -3.2023018547e-01  6.8483077755e+00 -1.4959009939e+00 -3.7111160187e-01  3.7083621884e+00 -4.0026882490e+00 -4.8281737867e+00  3.5425339606e+00 -5.4942303629e+00 -3.8910756707e+00  2.6683115745e+00 -4.0262914038e+00 -3.3818766882e+00 -2.2101804522e+00  8.6150705075e-01  2.9036511321e+00 -1.9027568323e+00 -7.8863924194e-01  2.2972448935e+00 -1.8424200745e+00  6.0792212791e-01  1.1757244520e+00
ENERGY -7.798534117633e+02

JOB 3
COORDS  1.4764056631e+00 -1.5674291828e+00  1.9653468081e-04  3.0492077396e+00 -6.2865815901e-01  1.5868814956e+00  4.2486602741e-01 -9.5396294392e-01  6.7697380882e-01  2.0077594073e+00 -1.3080941950e-02  2.2682479091e+00  2.7998786042e+00 -1.4128297461e+00  4.4574107839e-01  4.8105787936e+00 -3.2582264219e+00 -1.7912365274e+00  6.8628748722e-01 -1.7151748090e-01  1.8175783418e+00  6.2235561678e+00 -3.2145178178e+00 -1.4826263417e+00  4.7301303981e+00 -4.0498995458e+00 -2.9156201919e+00  6.9310277792e+00 -2.5094259650e+00 -3.6962411667e-01  3.5780476542e+00 -4.4955182265e+00 -3.7421548784e+00 -1.6309206722e+00  3.4258862036e-01  2.1359590624e+00  6.9101262676e+00 -3.9187828200e+00 -2.3508165875e+00  3.9356334096e+00 -1.9894397984e+00 -1.6475856033e-01  3.6916756378e+00 -2.6923541059e+00 -1.1930082575e+00  5.9611583551e+00 -4.4533795387e+00 -3.2666736489e+00 -2.7167399926e-01  4.6886472076e-01  2.5482118595e+00  1.2833741115e+00 -2.1721022419e+00 -8.7960492470e-01  4.0759809363e+00 -5.1547797940e-01  1.9232354138e+00 -5.8812545943e-01 -1.0878278995e+00  3.1433294367e-01  2.1881534916e+00  5.9438246083e-01  3.1499471056e+00  6.5576151663e+00 -2.8557183362e+00  5.9763390930e-01  8.0054904956e+00 -2.6941677489e+00 -4.3921254687e-01  6.7361219127e+00 -1.4348143079e+00 -4.1578931978e-01  3.6925449560e+00 -4.1597330961e+00 -4.7780351085e+00  3.5073722628e+00 -5.5882004256e+00 -3.7502202963e+00  2.6575309620e+00 -4.0796889096e+00 -3.3295763169e+00 -2.2130705335e+00  9.2524031352e-01  2.8507371876e+00 -1.9606207456e+00 -7.0290189189e-01  2.1646859099e+00 -1.7810464311e+00  7.4806484641e-01  1.1281753004e+00
ENERGY -7.798587982784e+02

JOB 4
COORDS  1.4527483837e+00 -1.4935263873e+00 -4.3388740912e-03  2.9996231811e+00 -7.3276217071e-01  1.6982585248e+00  4.0359600383e-01 -8.6985968060e-01  6.6692831317e-01  1.9603642337e+00 -1.0791911485e-01  2.3745985525e+00  2.7621682297e+00 -1.4332767108e+00  5.0146781699e-01  4.7727243373e+00 -3.2433709763e+00 -1.7627315092e+00  6.5302714413e-01 -1.7179312626e-01  1.8635358010e+00  6.1943851844e+00 -3.1716694416e+00 -1.4694988133e+00  4.6894138775e+00 -4.0458497149e+00 -2.8827748540e+00  6.9043150763e+00 -2.3777367535e+00 -4.2068736109e-01  3.5344227324e+00 -4.5307813533e+00 -3.6811659287e+00 -1.6488037418e+00  4.3570943383e-01  2.1230792067e+00  6.8752466010e+00 -3.7968550024e+00 -2.3997779237e+00  3.8939448792e+00 -2.0280297914e+00 -9.8782764673e-02  3.6593551639e+00 -2.6602985823e+00 -1.1745737488e+00  5.9148500482e+00 -4.5167117380e+00 -3.1661980836e+00 -3.0355893007e-01  4.7064280137e-01  2.5945489565e+00  1.2686126136e+00 -2.0333289562e+00 -9.2717840806e-01  4.0152220110e+00 -6.9218662399e-01  2.0818532184e+00 -5.9811833468e-01 -9.3034104870e-01  2.5645320954e-01  2.1319434379e+00  4.3519318078e-01  3.2990074645e+00  6.6397264720e+00 -2.7490053488e+00  5.7299267498e-01  7.9843792716e+00 -2.4562352808e+00 -5.6532116052e-01  6.5964530276e+00 -1.3296014856e+00 -4.5706294845e-01  3.6535874242e+00 -4.2593623187e+00 -4.7353581036e+00  3.4535444811e+00 -5.6213267378e+00 -3.6236177799e+00  2.6174997693e+00 -4.0831730009e+00 -3.2947488304e+00 -2.2327631912e+00  1.0014265023e+00  2.8499008245e+00 -2.0271744392e+00 -5.9239379614e-01  2.0735365689e+00 -1.7382618453e+00  9.0837559580e-01  1.1375862810e+00
ENERGY -7.798534134432e+02

JOB 5
COORDS  1.4800848205e+00 -1.4668423120e+00 -3.2726986058e-02  2.9911356617e+00 -8.7160793942e-01  1.7654800327e+00  4.3374736677e-01 -8.3445995496e-01  6.3489644180e-01  1.9544411183e+00 -2.3927438200e-01  2.4387899750e+00  2.7705490666e+00 -1.4931717263e+00  5.2254948288e-01  4.7811898455e+00 -3.2586843245e+00 -1.7711284472e+00  6.6650999716e-01 -2.1582704705e-01  1.8775700978e+00  6.2192667547e+00 -3.1517048272e+00 -1.5028845236e+00  4.7038153812e+00 -4.0636111814e+00 -2.8936231382e+00  6.9256966913e+00 -2.2839872486e+00 -5.1272991423e-01  3.5574644546e+00 -4.5910069938e+00 -3.6754854319e+00 -1.6143963832e+00  4.8255596149e-01  2.0851331947e+00  6.8784013711e+00 -3.6840186147e+00 -2.5056715019e+00  3.8985197079e+00 -2.1003813074e+00 -7.1200691378e-02  3.6756697074e+00 -2.6689808642e+00 -1.1860904570e+00  5.9298980769e+00 -4.5840510996e+00 -3.1061583381e+00 -2.8935328873e-01  4.2814890476e-01  2.6086712714e+00  1.3086431826e+00 -1.9453557484e+00 -9.9117832109e-01  3.9920297872e+00 -8.9793426498e-01  2.1871092535e+00 -5.5296555116e-01 -8.2662774356e-01  1.8551747915e-01  2.1133713393e+00  2.4341038420e-01  3.3983468945e+00  6.7982929683e+00 -2.6944431693e+00  4.9321801658e-01  7.9907005102e+00 -2.2405839632e+00 -7.5251231718e-01  6.4974456053e+00 -1.2785867364e+00 -4.9771565588e-01  3.6808630893e+00 -4.3588898955e+00 -4.7388067978e+00  3.4914926462e+00 -5.6798075170e+00 -3.5779705861e+00  2.6319252892e+00 -4.1419900450e+00 -3.3115619337e+00 -2.2015905181e+00  1.0343332424e+00  2.8200454018e+00 -2.0363179252e+00 -5.2228258919e-01  1.9627846403e+00 -1.6423980308e+00  1.0123219001e+00  1.1253178131e+00
ENERGY -7.798367596250e+02

JOB 6
COORDS  1.4834178590e+00 -1.4475539997e+00 -2.8509719042e-02  2.9695999544e+00 -9.4145813028e-01  1.8162281501e+00  4.3937554115e-01 -8.0460767578e-01  6.3309320227e-01  1.9353089544e+00 -2.9889238779e-01  2.4834854763e+00  2.7611303795e+00 -1.5237564788e+00  5.5191785532e-01  4.7615439783e+00 -3.2773446063e+00 -1.7521547697e+00  6.6095627457e-01 -2.2522721376e-01  1.8962514004e+00  6.2346565495e+00 -3.1384069490e+00 -1.4939799880e+00  4.6910496856e+00 -4.0744317609e+00 -2.8909157604e+00  6.9200809311e+00 -2.2131057767e+00 -5.4513184281e-01  3.5622214653e+00 -4.6179041885e+00 -3.6821629508e+00 -1.6045215131e+00  5.2904451987e-01  2.0746812328e+00  6.8352257700e+00 -3.5706725313e+00 -2.5753368101e+00  3.8848871181e+00 -2.1437646911e+00 -3.4027487500e-02  3.6717410143e+00 -2.6725913322e+00 -1.1733575048e+00  5.9236000712e+00 -4.6270158529e+00 -3.0091310095e+00 -2.9341493532e-01  4.2539942271e-01  2.6244939148e+00  1.3197817741e+00 -1.8962671242e+00 -1.0026250462e+00  3.9595796163e+00 -1.0063069740e+00  2.2589993158e+00 -5.3670975346e-01 -7.5886602033e-01  1.6311966004e-01  2.0859560590e+00  1.5370135496e-01  3.4589507975e+00  6.8868638392e+00 -2.6380879828e+00  4.6270977612e-01  7.9623607957e+00 -2.0797478667e+00 -8.4466560348e-01  6.4060586653e+00 -1.2498026620e+00 -4.9400793326e-01  3.7139311025e+00 -4.4154115597e+00 -4.7483460548e+00  3.4944821371e+00 -5.7042666320e+00 -3.5586229048e+00  2.6284694102e+00 -4.1591012469e+00 -3.3528931017e+00 -2.1931359390e+00  1.0771707003e+00  2.8112594880e+00 -2.0501963206e+00 -4.6050568073e-01  1.9166049349e+00 -1.5977100296e+00  1.0840650669e+00  1.1287812300e+00
ENERGY -7.798077231308e+02

