JOB 0
COORDS  1.4185285791e+00 -3.6363454176e-01 -2.9706696562e-01 -7.0119842970e-01  4.6631205382e-01 -1.4876691071e+00  1.0727419540e+00  2.1058810591e+00 -6.9456181664e-01  2.9714227875e+00  3.5932008103e+00  1.8810955797e-01  2.7066623870e+00  4.0093411415e+00 -1.2184160112e+00  7.7830743268e-01  6.7039092946e-01 -1.2137764432e+00  2.4789372510e+00  2.5467518435e+00 -8.1043956343e-01 -8.1786032628e-01 -7.3353144881e-01  6.3352755353e-01 -1.5150471187e+00 -2.0335137684e+00  1.0015096435e+00 -9.7002191943e-01  3.5077558524e-01  1.6924903686e+00  2.6092098799e+00 -5.7700243669e-01 -2.8398536451e-01 -1.2443295201e+00  9.1145164629e-01 -2.4679428443e+00  1.7956174321e-01  2.7983263578e+00 -2.3435689509e-01  5.8545429459e-01 -1.0779579416e+00  4.9211363296e-01 -1.3907338600e+00 -3.1591976136e-01 -6.1681958275e-01  3.9984021220e+00  3.4837629589e+00  5.2107148909e-01  2.2546072114e+00  3.8959201262e+00  9.4433281277e-01  1.8097248226e+00  4.5876004993e+00 -1.4143773041e+00  3.5448331171e+00  4.1922379822e+00 -1.8831050554e+00  1.2904716814e+00  5.8084444890e-01 -2.1750657734e+00  3.1920720588e+00  1.8082460161e+00 -1.1564050412e+00 -1.1605090049e+00 -2.8404940106e+00  3.5707096191e-01 -2.5944664069e+00 -1.9139781535e+00  8.9404112603e-01 -1.2831185460e+00 -2.2961719680e+00  2.0365416971e+00 -5.4393129351e-01  1.2987687310e+00  1.3631493771e+00 -4.7657838166e-01  2.7049702721e-02  2.6117974415e+00 -2.0326205021e+00  5.0980688012e-01  1.8941907742e+00
ENERGY -7.645511569112e+02

JOB 1
COORDS  1.4165506823e+00 -3.4654358921e-01 -3.6422928401e-01 -7.1442243031e-01  5.1106426988e-01 -1.5145046859e+00  1.0794807135e+00  2.1301309237e+00 -7.2335454738e-01  2.9985971054e+00  3.6003866408e+00  1.4487623430e-01  2.7116566351e+00  4.0341992693e+00 -1.2519065651e+00  7.6949906284e-01  7.0361300353e-01 -1.2579540711e+00  2.4851631299e+00  2.5676313121e+00 -8.5720421601e-01 -8.1074763830e-01 -7.2366550870e-01  5.8821472081e-01 -1.5114490114e+00 -2.0276934845e+00  9.5490902478e-01 -9.3336241966e-01  3.4621988259e-01  1.6655375102e+00  2.6068165026e+00 -5.6330247745e-01 -3.6821204785e-01 -1.2702550488e+00  9.7658286722e-01 -2.4779685249e+00  1.9739433325e-01  2.8194234595e+00 -2.3770193333e-01  5.9047317426e-01 -1.0717390620e+00  4.2178110108e-01 -1.3953954518e+00 -2.8552489172e-01 -6.4903841861e-01  4.0307538914e+00  3.4834700972e+00  4.5874776769e-01  2.2959606361e+00  3.8966524003e+00  9.1679125036e-01  1.8137903879e+00  4.6179791875e+00 -1.4260212662e+00  3.5391799956e+00  4.2218489410e+00 -1.9285086381e+00  1.2683427206e+00  6.2401226131e-01 -2.2270575977e+00  3.1894409643e+00  1.8307096006e+00 -1.2240290245e+00 -9.9975326483e-01 -2.8716040472e+00  4.8881229047e-01 -2.5535113360e+00 -1.9878861405e+00  6.3388345568e-01 -1.4793355873e+00 -2.1765883188e+00  2.0369149675e+00 -5.1513864408e-01  1.2989869360e+00  1.3398832455e+00 -4.1846296768e-01  6.7875424630e-03  2.5671527669e+00 -1.9908396045e+00  5.0212258629e-01  1.8963289197e+00
ENERGY -7.645494375356e+02

JOB 2
COORDS  1.4154474611e+00 -3.3350194571e-01 -4.0157992356e-01 -7.2875339907e-01  5.4301800220e-01 -1.5127428838e+00  1.0845501029e+00  2.1484998010e+00 -7.3691479129e-01  3.0222038590e+00  3.6040321105e+00  1.1393288787e-01  2.7163094752e+00  4.0500691679e+00 -1.2749768543e+00  7.5958648941e-01  7.2697308022e-01 -1.2763281921e+00  2.4898804818e+00  2.5813237350e+00 -8.8860793266e-01 -8.0068033868e-01 -7.1930253583e-01  5.7573402180e-01 -1.5067907055e+00 -2.0260810849e+00  9.4667736411e-01 -9.0427839315e-01  3.4783278048e-01  1.6572519473e+00  2.6055649385e+00 -5.5074714844e-01 -4.2051399892e-01 -1.2965071492e+00  1.0250570877e+00 -2.4609937281e+00  2.1297051878e-01  2.8382421234e+00 -2.3340953242e-01  5.9768399490e-01 -1.0690742873e+00  3.8383941981e-01 -1.3994316294e+00 -2.6667142591e-01 -6.5095822401e-01  4.0584129679e+00  3.4805718129e+00  4.1150775719e-01  2.3322791587e+00  3.8969067626e+00  8.9851308884e-01  1.8182859453e+00  4.6387467694e+00 -1.4308344885e+00  3.5343885925e+00  4.2399594978e+00 -1.9623591537e+00  1.2428752812e+00  6.5263165476e-01 -2.2538009483e+00  3.1856722250e+00  1.8445397257e+00 -1.2714684583e+00 -8.6946349422e-01 -2.8772730801e+00  7.0217395811e-01 -2.4520473179e+00 -2.1000285458e+00  4.0754285649e-01 -1.7102840076e+00 -2.0592144046e+00  2.0193837987e+00 -4.6473811075e-01  1.2934893670e+00  1.3391283527e+00 -3.9970673454e-01 -7.5270937012e-03  2.5588959696e+00 -1.9590951208e+00  5.2396756388e-01  1.8851989710e+00
ENERGY -7.645475620667e+02

JOB 3
COORDS  1.4108041654e+00 -3.2512601871e-01 -4.4540760026e-01 -7.4951155398e-01  5.6908059545e-01 -1.5106446475e+00  1.0822797994e+00  2.1614883939e+00 -7.4934045077e-01  3.0401084722e+00  3.5984935347e+00  8.5340472285e-02  2.7124280048e+00  4.0622341903e+00 -1.2928006674e+00  7.4332434495e-01  7.4633873430e-01 -1.2972694557e+00  2.4867430871e+00  2.5899420357e+00 -9.2019410799e-01 -7.8845479013e-01 -7.2127887211e-01  5.6363139556e-01 -1.4963529973e+00 -2.0306965301e+00  9.3309224590e-01 -8.8769611485e-01  3.4205624230e-01  1.6491021580e+00  2.5997905070e+00 -5.4526781820e-01 -4.8477432756e-01 -1.3325502462e+00  1.0659905825e+00 -2.4419429431e+00  2.2197360030e-01  2.8495899102e+00 -2.2477548786e-01  6.0451771652e-01 -1.0690005533e+00  3.4525140919e-01 -1.4058970439e+00 -2.5374604823e-01 -6.5096212889e-01  4.0805562142e+00  3.4671404441e+00  3.6415656141e-01  2.3647046262e+00  3.8847229380e+00  8.8486882025e-01  1.8142370198e+00  4.6561483254e+00 -1.4262558432e+00  3.5194473735e+00  4.2572254294e+00 -1.9917253776e+00  1.2097054676e+00  6.8074012423e-01 -2.2835655706e+00  3.1729349921e+00  1.8549381755e+00 -1.3232826889e+00 -7.7777500236e-01 -2.8515358902e+00  9.3667357525e-01 -2.2764082889e+00 -2.2451713341e+00  2.0113663386e-01 -1.9539238494e+00 -1.9628941897e+00  1.9219115128e+00 -4.1184951912e-01  1.2761481040e+00  1.3500035315e+00 -4.1816097900e-01 -3.2257959178e-02  2.5624969072e+00 -1.9425584025e+00  5.4717880251e-01  1.8487399164e+00
ENERGY -7.645467105300e+02

JOB 4
COORDS  1.3997571285e+00 -3.3607393223e-01 -4.3829662558e-01 -7.6898353351e-01  5.7387147408e-01 -1.4720635818e+00  1.0785648745e+00  2.1531746855e+00 -7.1932102016e-01  3.0518378776e+00  3.5766919671e+00  1.0274963166e-01  2.7088192172e+00  4.0525747823e+00 -1.2675008085e+00  7.2717179714e-01  7.4379563391e-01 -1.2745252700e+00  2.4824812008e+00  2.5781363487e+00 -9.0378458872e-01 -7.8613276942e-01 -7.3023071711e-01  5.9510901193e-01 -1.4936173628e+00 -2.0385561180e+00  9.5858012541e-01 -8.9549967317e-01  3.3326069085e-01  1.6794915769e+00  2.5863947009e+00 -5.6336515128e-01 -4.9544994660e-01 -1.3597279399e+00  1.0816749139e+00 -2.3928831767e+00  2.2746095087e-01  2.8399497327e+00 -1.7847639896e-01  6.0080466127e-01 -1.0776887600e+00  3.6369570210e-01 -1.4166467819e+00 -2.5469243972e-01 -6.1310389101e-01  4.0951829641e+00  3.4395367818e+00  3.6761328985e-01  2.3874216236e+00  3.8588790992e+00  9.1284835654e-01  1.8111600885e+00  4.6506094586e+00 -1.3851902479e+00  3.5078526318e+00  4.2503333588e+00 -1.9747699487e+00  1.1822181585e+00  6.8383869923e-01 -2.2664608134e+00  3.1611101902e+00  1.8441804547e+00 -1.3213607485e+00 -7.5192512647e-01 -2.7925912678e+00  1.2270773085e+00 -2.0472904065e+00 -2.4044881768e+00  9.1825029662e-02 -2.1906711917e+00 -1.8953999854e+00  1.7856819194e+00 -3.9428282674e-01  1.2586169368e+00  1.3950172622e+00 -4.5849239246e-01 -4.8148036976e-02  2.6064264257e+00 -1.9515425353e+00  5.5657629789e-01  1.8483643380e+00
ENERGY -7.645474677854e+02

JOB 5
COORDS  1.3907804795e+00 -3.3055154217e-01 -4.9085286232e-01 -7.8929317051e-01  5.9823500833e-01 -1.4832789974e+00  1.0742534473e+00  2.1618455751e+00 -7.3905372899e-01  3.0640672166e+00  3.5685382313e+00  7.1894145617e-02  2.7034185364e+00  4.0620963390e+00 -1.2875324552e+00  7.1030122370e-01  7.6045671922e-01 -1.3060601291e+00  2.4768864049e+00  2.5841804865e+00 -9.3840199967e-01 -7.7957176916e-01 -7.2111704583e-01  5.7301443989e-01 -1.4812722860e+00 -2.0288456417e+00  9.2501976734e-01 -8.7844557034e-01  3.2888727798e-01  1.6717218281e+00  2.5748860161e+00 -5.6402448943e-01 -5.7070435814e-01 -1.3904935611e+00  1.1148210447e+00 -2.3922895540e+00  2.3320745346e-01  2.8445774263e+00 -1.7766752755e-01  6.0153804690e-01 -1.0726695453e+00  3.1996258190e-01 -1.4278536973e+00 -2.3171919705e-01 -6.1916379326e-01  4.1105561492e+00  3.4245861533e+00  3.2022825812e-01  2.4122285730e+00  3.8432474355e+00  8.9468272831e-01  1.8063790978e+00  4.6646466320e+00 -1.3852017350e+00  3.4930549256e+00  4.2656010468e+00 -2.0036701158e+00  1.1508978175e+00  7.1000567841e-01 -2.3049740272e+00  3.1468358308e+00  1.8529592440e+00 -1.3744315604e+00 -7.7633253456e-01 -2.6946524907e+00  1.4265183930e+00 -1.8078125051e+00 -2.5212916567e+00  6.2985545794e-03 -2.3507653343e+00 -1.8492459508e+00  1.5591619011e+00 -3.7131125936e-01  1.2537984406e+00  1.3963245725e+00 -4.4059322061e-01 -6.5789205348e-02  2.5927162745e+00 -1.9319335042e+00  5.5838602814e-01  1.8465741165e+00
ENERGY -7.645493002184e+02

JOB 6
COORDS  1.3836483026e+00 -3.2683376877e-01 -5.4270940842e-01 -8.0629691325e-01  6.1467029919e-01 -1.4998324958e+00  1.0669896034e+00  2.1676375516e+00 -7.5978695271e-01  3.0683133451e+00  3.5610445189e+00  4.7337775012e-02  2.6962048061e+00  4.0700805658e+00 -1.3032127257e+00  6.9554754539e-01  7.7324847453e-01 -1.3389684443e+00  2.4686312037e+00  2.5891312515e+00 -9.6775222128e-01 -7.7334806180e-01 -7.1575116053e-01  5.4868717565e-01 -1.4689414744e+00 -2.0246598078e+00  8.8761586780e-01 -8.5456710218e-01  3.1588362701e-01  1.6661772381e+00  2.5646059129e+00 -5.6723356310e-01 -6.4418859632e-01 -1.4173977928e+00  1.1336797035e+00 -2.4009220391e+00  2.3251185951e-01  2.8458294993e+00 -1.8324481695e-01  6.0355680067e-01 -1.0678133901e+00  2.7776282798e-01 -1.4371840925e+00 -2.1288727898e-01 -6.2846749233e-01  4.1168118798e+00  3.4118254866e+00  2.8381519581e-01  2.4252149295e+00  3.8286856339e+00  8.7928320420e-01  1.8000316189e+00  4.6761201221e+00 -1.3860594877e+00  3.4796641931e+00  4.2790117995e+00 -2.0245501136e+00  1.1249396803e+00  7.3374605002e-01 -2.3431462281e+00  3.1324063340e+00  1.8609986975e+00 -1.4181863157e+00 -8.5523906232e-01 -2.5897442704e+00  1.5922892718e+00 -1.5844296738e+00 -2.6201190096e+00 -2.0837130266e-02 -2.4540013102e+00 -1.8332189416e+00  1.3169484400e+00 -3.5666537023e-01  1.2466721103e+00  1.3939719750e+00 -3.9548779301e-01 -9.0860596229e-02  2.5711363688e+00 -1.9046483880e+00  5.3981940455e-01  1.8670231895e+00
ENERGY -7.645510476466e+02

JOB 7
COORDS  1.3742981453e+00 -3.2048081227e-01 -6.1424286851e-01 -8.2290810305e-01  6.3617713458e-01 -1.5373082413e+00  1.0584722367e+00  2.1772084259e+00 -7.9559377623e-01  3.0665227013e+00  3.5594377498e+00  1.3756892527e-02  2.6841834193e+00  4.0858377258e+00 -1.3272350601e+00  6.8032731446e-01  7.9107378517e-01 -1.3897172473e+00  2.4585979130e+00  2.6007660795e+00 -1.0090188358e+00 -7.7343697263e-01 -7.1285396923e-01  4.9698801988e-01 -1.4675051352e+00 -2.0227569014e+00  8.2619242540e-01 -8.1944598233e-01  2.9618966311e-01  1.6370465941e+00  2.5538205012e+00 -5.6123566813e-01 -7.3235074544e-01 -1.4412457451e+00  1.1612283945e+00 -2.4296734047e+00  2.2921658931e-01  2.8486704408e+00 -2.0365679173e-01  6.0097696884e-01 -1.0690177385e+00  2.0419367422e-01 -1.4488067932e+00 -1.9220990464e-01 -6.6209937830e-01  4.1167268309e+00  3.4068021958e+00  2.4026291843e-01  2.4299422415e+00  3.8166262778e+00  8.5397043806e-01  1.7876810539e+00  4.6932278173e+00 -1.3953576916e+00  3.4621010056e+00  4.3036600759e+00 -2.0519304643e+00  1.0997830064e+00  7.6466179433e-01 -2.3984756558e+00  3.1184739077e+00  1.8782069517e+00 -1.4739147743e+00 -9.8919834826e-01 -2.4863430431e+00  1.6916596088e+00 -1.4003810191e+00 -2.7009836609e+00 -2.7066665230e-02 -2.5190945936e+00 -1.8333590042e+00  1.0515794280e+00 -3.6975166655e-01  1.2472308666e+00  1.3509279765e+00 -2.9099004597e-01 -1.1082521512e-01  2.5026600714e+00 -1.8612487984e+00  4.8287490893e-01  1.9085831428e+00
ENERGY -7.645517811831e+02

JOB 8
COORDS  1.3631286537e+00 -2.9752793547e-01 -7.1443800655e-01 -8.4576327369e-01  6.8261623818e-01 -1.5858447159e+00  1.0523848152e+00  2.2049899112e+00 -8.4863693840e-01  3.0762928171e+00  3.5688549232e+00 -4.8034528451e-02  2.6743167009e+00  4.1185152798e+00 -1.3738692027e+00  6.6011623744e-01  8.2996181265e-01 -1.4589633101e+00  2.4500346590e+00  2.6288269123e+00 -1.0770540210e+00 -7.7064317876e-01 -7.0464501669e-01  4.1997170947e-01 -1.4661969171e+00 -2.0164187473e+00  7.4512304956e-01 -7.7396460543e-01  2.8028758617e-01  1.5819200994e+00  2.5411087740e+00 -5.3667663352e-01 -8.5087411911e-01 -1.4774217199e+00  1.2272700496e+00 -2.4567517618e+00  2.3459955999e-01  2.8690033117e+00 -2.3276069419e-01  5.9782594537e-01 -1.0640589354e+00  9.4021496723e-02 -1.4615666323e+00 -1.6171568625e-01 -7.1769728823e-01  4.1295162707e+00  3.4100449988e+00  1.5939006361e-01  2.4535693055e+00  3.8133433451e+00  8.0623600400e-01  1.7783829092e+00  4.7289743162e+00 -1.4177602283e+00  3.4413475173e+00  4.3467250845e+00 -2.1069264802e+00  1.0629319321e+00  8.1911849895e-01 -2.4748218178e+00  3.1007041420e+00  1.9125622974e+00 -1.5640656236e+00 -1.1542663313e+00 -2.3746281830e+00  1.7284545177e+00 -1.2373425978e+00 -2.7644005689e+00 -1.5915136339e-02 -2.5453219842e+00 -1.8469470138e+00  7.6794938545e-01 -3.5615388374e-01  1.2451496534e+00  1.2935896533e+00 -1.9458264273e-01 -1.3715849932e-01  2.4086576853e+00 -1.8031202733e+00  4.4308250773e-01  1.9126513334e+00
ENERGY -7.645511809123e+02

JOB 9
COORDS  1.3540455861e+00 -2.6963435108e-01 -7.8888949060e-01 -8.6199374460e-01  7.3425332415e-01 -1.6130228725e+00  1.0551671780e+00  2.2361708859e+00 -8.8204921381e-01  3.0994177231e+00  3.5804777414e+00 -1.0089734876e-01  2.6770655359e+00  4.1476860886e+00 -1.4129815620e+00  6.4608705690e-01  8.7241588500e-01 -1.5062242496e+00  2.4508660479e+00  2.6555898634e+00 -1.1295713563e+00 -7.6717784960e-01 -6.8784653936e-01  3.6808430840e-01 -1.4649199825e+00 -2.0042146667e+00  6.9264317697e-01 -7.3862565003e-01  2.8005753006e-01  1.5437983814e+00  2.5295425549e+00 -5.0945212879e-01 -9.4541670661e-01 -1.5048384676e+00  1.2980099732e+00 -2.4632055081e+00  2.5192540448e-01  2.8949771666e+00 -2.4184537365e-01  5.9647280279e-01 -1.0476190501e+00  1.5341029122e-02 -1.4692008684e+00 -1.2488777471e-01 -7.5233505675e-01  4.1553123772e+00  3.4143576558e+00  8.6226765230e-02  2.4928662811e+00  3.8177567756e+00  7.6693080902e-01  1.7834817930e+00  4.7627909518e+00 -1.4339518168e+00  3.4322028866e+00  4.3809315789e+00 -2.1567268957e+00  1.0339578140e+00  8.7406312080e-01 -2.5279470728e+00  3.0892430461e+00  1.9420243076e+00 -1.6364546101e+00 -1.3505107090e+00 -2.2496368171e+00  1.7504010859e+00 -1.0725958759e+00 -2.8101424566e+00  7.0972840782e-02 -2.5329767702e+00 -1.8882803018e+00  4.9418788154e-01 -3.3106500999e-01  1.2505222687e+00  1.2595871303e+00 -1.3677741441e-01 -1.5103269126e-01  2.3470137193e+00 -1.7588314754e+00  4.3464310341e-01  1.9059546178e+00
ENERGY -7.645494989834e+02

JOB 10
COORDS  1.5648279858e+00 -2.8772696575e-01 -3.8713435559e-01 -4.6349117540e-01  3.4622616776e-01 -1.8308552477e+00  1.1503909947e+00  2.1278402160e+00 -1.0007072714e+00  2.8858190983e+00  3.7739399141e+00 -6.5271660134e-02  2.7358094137e+00  4.0737058249e+00 -1.5176032808e+00  9.7113088060e-01  6.4555157225e-01 -1.4342263021e+00  2.5391530510e+00  2.6339237625e+00 -1.0216581836e+00 -7.3424022464e-01 -7.2545763126e-01  3.4606878239e-01 -1.4134337277e+00 -2.0350686342e+00  7.5392282109e-01 -1.0283226626e+00  4.2491229482e-01  1.2996404212e+00  2.7574061350e+00 -4.2857657401e-01 -2.3957029783e-01 -9.3068770652e-01  7.0367009884e-01 -2.8834289155e+00  1.8718376133e-01  2.8032480518e+00 -6.7670953760e-01  6.9318496567e-01 -1.0020237176e+00  3.5918890355e-01 -1.1953711061e+00 -4.2352725860e-01 -9.8242899249e-01  3.8807871438e+00  3.7437240395e+00  3.6675450957e-01  2.0875106842e+00  4.0911384744e+00  5.9761924315e-01  1.8353457126e+00  4.5875727575e+00 -1.8375911099e+00  3.6234947640e+00  4.2532606524e+00 -2.1155771506e+00  1.5779192106e+00  5.1430434546e-01 -2.3337469749e+00  3.3154019606e+00  1.9117310228e+00 -1.2439990940e+00 -1.7689815335e+00 -1.9852039610e+00  1.7849449880e+00 -7.2553524633e-01 -2.8734649601e+00  6.3896753081e-01 -2.2813829349e+00 -2.1968696595e+00  1.1158523170e-01 -5.9681781290e-01  1.3632799176e+00  9.5060606462e-01 -6.2899297938e-01  1.8112221350e-01  2.2870070923e+00 -2.1110023917e+00  5.5785130789e-01  1.3757716279e+00
ENERGY -7.645476056331e+02

JOB 11
COORDS  1.5516542356e+00 -2.9727369576e-01 -3.8418023373e-01 -4.9017544608e-01  3.5519326939e-01 -1.8002208629e+00  1.1406491933e+00  2.1246723333e+00 -9.7533415297e-01  2.8930331809e+00  3.7548155993e+00 -4.3932446742e-02  2.7302362030e+00  4.0670288542e+00 -1.4922645672e+00  9.4995016593e-01  6.4611529663e-01 -1.4172538359e+00  2.5316408231e+00  2.6242362177e+00 -1.0061012704e+00 -7.3942161149e-01 -7.3613885153e-01  3.7123009526e-01 -1.4222145208e+00 -2.0478633952e+00  7.7805719198e-01 -1.0366401131e+00  4.1570188171e-01  1.3218441768e+00  2.7450775000e+00 -4.4416091629e-01 -2.5040330503e-01 -9.6828148687e-01  7.2534164261e-01 -2.8435442865e+00  1.8394645571e-01  2.8024845540e+00 -6.3765718869e-01  6.8635740196e-01 -1.0135533294e+00  3.6863588993e-01 -1.2124007507e+00 -4.2420749646e-01 -9.5285813315e-01  3.8920055475e+00  3.7163990745e+00  3.7808819757e-01  2.1027633985e+00  4.0703539334e+00  6.2930682793e-01  1.8291024458e+00  4.5876821674e+00 -1.7991269619e+00  3.6128607526e+00  4.2473421975e+00 -2.0974591095e+00  1.5461221673e+00  5.1911881468e-01 -2.3244900902e+00  3.3022514887e+00  1.9002353926e+00 -1.2417432235e+00 -2.0077964669e+00 -1.9182393663e+00  1.6902556245e+00 -6.6982420043e-01 -2.8183762688e+00  9.5216337366e-01 -2.0886165844e+00 -2.3769687493e+00 -2.0579567119e-02 -5.7676956670e-01  1.3469896204e+00  9.9065819592e-01 -6.7098463495e-01  1.6104047721e-01  2.3199815797e+00 -2.1180526320e+00  5.6820037823e-01  1.3665827275e+00
ENERGY -7.645467114440e+02

JOB 12
COORDS  1.5527900931e+00 -2.9421007220e-01 -4.3887733461e-01 -5.1106124978e-01  3.8599177308e-01 -1.8091707459e+00  1.1436997188e+00  2.1362798010e+00 -9.8931127216e-01  2.9225731519e+00  3.7460177805e+00 -7.2038937525e-02  2.7313265060e+00  4.0787620698e+00 -1.5123055785e+00  9.3749715927e-01  6.6497252919e-01 -1.4483840727e+00  2.5361171369e+00  2.6303163129e+00 -1.0417125471e+00 -7.2366593699e-01 -7.3232196497e-01  3.5384700979e-01 -1.4050026168e+00 -2.0451458447e+00  7.4911270989e-01 -1.0229147091e+00  4.1222616687e-01  1.3125982446e+00  2.7472050181e+00 -4.5103916847e-01 -3.2997274425e-01 -1.0053191086e+00  7.7448941989e-01 -2.8385072351e+00  1.9724983212e-01  2.8129431175e+00 -6.2198001080e-01  6.9752918397e-01 -1.0116172619e+00  3.2614322127e-01 -1.2194143639e+00 -4.0323173888e-01 -9.6117333688e-01  3.9298977329e+00  3.6975817414e+00  3.2856699294e-01  2.1478899384e+00  4.0557482232e+00  6.2169915336e-01  1.8264586518e+00  4.6074286497e+00 -1.7933881161e+00  3.6020845431e+00  4.2635043724e+00 -2.1331505968e+00  1.5168768743e+00  5.4740425996e-01 -2.3676741135e+00  3.2984417995e+00  1.9064505666e+00 -1.3033812687e+00 -2.1880212025e+00 -1.8700438880e+00  1.4893224967e+00 -6.6502476877e-01 -2.7095581940e+00  1.1998434787e+00 -1.8293779901e+00 -2.5305139291e+00 -1.3041501820e-01 -5.3601955753e-01  1.3381795956e+00  1.0060451208e+00 -6.8878760581e-01  1.4022183452e-01  2.3176376062e+00 -2.1016137699e+00  5.8442148256e-01  1.3294114421e+00
ENERGY -7.645474667248e+02

JOB 13
COORDS  1.5297319824e+00 -3.1919308408e-01 -3.6305931952e-01 -5.3105753418e-01  3.6467948588e-01 -1.7341949305e+00  1.1253610182e+00  2.1114623972e+00 -9.1294803579e-01  2.9037431868e+00  3.7139583236e+00  1.7813388576e-02  2.7214914794e+00  4.0506886214e+00 -1.4226682330e+00  9.1797844879e-01  6.4088165614e-01 -1.3737644395e+00  2.5193661648e+00  2.6017368626e+00 -9.5692262482e-01 -7.4750536506e-01 -7.3614565536e-01  4.3758309477e-01 -1.4275629015e+00 -2.0441161697e+00  8.2876330880e-01 -1.0502665071e+00  4.0758606987e-01  1.3964188579e+00  2.7231721325e+00 -4.8680775510e-01 -2.5976765686e-01 -1.0220356142e+00  7.4244289637e-01 -2.7690281758e+00  1.7846890162e-01  2.7904361583e+00 -5.5097730722e-01  6.7175328420e-01 -1.0222274956e+00  4.1180190978e-01 -1.2451140965e+00 -4.0765481671e-01 -8.7589572060e-01  3.9086413175e+00  3.6614782572e+00  4.2396372231e-01  2.1261114929e+00  4.0243471655e+00  7.0795668388e-01  1.8197864386e+00  4.5827827412e+00 -1.7074253586e+00  3.5962562151e+00  4.2343689860e+00 -2.0381678540e+00  1.4980573817e+00  5.2303380246e-01 -2.2924613878e+00  3.2810522734e+00  1.8762640016e+00 -1.2160677849e+00 -2.3665822251e+00 -1.8475539057e+00  1.3498440508e+00 -7.7512778928e-01 -2.5862471814e+00  1.5171389964e+00 -1.6060740615e+00 -2.6598477127e+00 -5.3844465356e-02 -5.4847629309e-01  1.3287968925e+00  1.1000299308e+00 -7.3383150562e-01  1.3011330580e-01  2.4057132380e+00 -2.1267585670e+00  5.9218142943e-01  1.3968102044e+00
ENERGY -7.645493063589e+02

JOB 14
COORDS  1.5289296600e+00 -3.2022756689e-01 -4.1059857320e-01 -5.4657591129e-01  3.7976050932e-01 -1.7516940872e+00  1.1220123130e+00  2.1153147973e+00 -9.3220999541e-01  2.9149253316e+00  3.7064239367e+00 -9.5845038198e-03  2.7147643589e+00  4.0566383122e+00 -1.4444665502e+00  9.0719915613e-01  6.4990561036e-01 -1.4055082807e+00  2.5161553929e+00  2.6037861238e+00 -9.8932920934e-01 -7.3933601215e-01 -7.3667467784e-01  4.1285071646e-01 -1.4106478614e+00 -2.0467229125e+00  7.9300822642e-01 -1.0280815333e+00  3.9315934852e-01  1.3924238681e+00  2.7229409517e+00 -4.9285655205e-01 -3.2477075295e-01 -1.0477599426e+00  7.6692676712e-01 -2.7781794323e+00  1.8080819050e-01  2.7915950356e+00 -5.5075129205e-01  6.7818241985e-01 -1.0248926402e+00  3.7057544413e-01 -1.2532581104e+00 -3.9583125010e-01 -8.9070249459e-01  3.9248955509e+00  3.6486996883e+00  3.8305064405e-01  2.1467744224e+00  4.0117035686e+00  6.9333213360e-01  1.8103880369e+00  4.5927191287e+00 -1.7127940965e+00  3.5818605570e+00  4.2445138047e+00 -2.0694739190e+00  1.4765426072e+00  5.3991224644e-01 -2.3318328871e+00  3.2731901243e+00  1.8795467987e+00 -1.2651043412e+00 -2.4472160429e+00 -1.8666187967e+00  1.0849037958e+00 -8.8416904663e-01 -2.4813654719e+00  1.6459599316e+00 -1.3745982133e+00 -2.7456549828e+00 -4.4581877263e-02 -5.4071307287e-01  1.3211889557e+00  1.0930621025e+00 -6.8393712946e-01  1.0760038179e-01  2.3900062681e+00 -2.1053837319e+00  5.7097692206e-01  1.4220515800e+00
ENERGY -7.645510457153e+02

JOB 15
COORDS  1.5206180281e+00 -3.2348135512e-01 -4.0780338209e-01 -5.5646922559e-01  3.8937344742e-01 -1.7392821754e+00  1.1199745384e+00  2.1156602038e+00 -9.1834041328e-01  2.9183978449e+00  3.6998253696e+00  5.4262770726e-03  2.7158690138e+00  4.0549911486e+00 -1.4279035973e+00  8.9923964489e-01  6.5296917566e-01 -1.3970908804e+00  2.5150533205e+00  2.6011252772e+00 -9.7683574478e-01 -7.4779250336e-01 -7.2876324082e-01  4.2280854303e-01 -1.4224323372e+00 -2.0366926766e+00  7.9754749255e-01 -1.0115106200e+00  3.9205701150e-01  1.4198536432e+00  2.7142756770e+00 -5.0157543774e-01 -3.2754065428e-01 -1.0583936877e+00  7.7698672877e-01 -2.7651301897e+00  1.8154332507e-01  2.7930635366e+00 -5.3191266868e-01  6.6921689560e-01 -1.0267783444e+00  3.7276693059e-01 -1.2666167110e+00 -3.7863670378e-01 -8.7370637983e-01  3.9290808225e+00  3.6386237774e+00  3.9568985889e-01  2.1524559420e+00  4.0045949009e+00  7.1096785802e-01  1.8121129589e+00  4.5939353348e+00 -1.6925709652e+00  3.5819910350e+00  4.2428524737e+00 -2.0542613018e+00  1.4650481735e+00  5.4508517596e-01 -2.3257859918e+00  3.2698007263e+00  1.8760656999e+00 -1.2566790623e+00 -2.5032536523e+00 -1.8894582293e+00  8.4724664819e-01 -1.0584400321e+00 -2.3734523789e+00  1.7705461146e+00 -1.1975846914e+00 -2.7974707395e+00  4.6895678217e-02 -5.6398230649e-01  1.3320737187e+00  1.0963566431e+00 -6.0607752187e-01  1.1213916666e-01  2.3953179680e+00 -2.0896874669e+00  5.4442648770e-01  1.5106042971e+00
ENERGY -7.645517812079e+02

JOB 16
COORDS  1.5079621791e+00 -3.2582910789e-01 -3.7531378537e-01 -5.6833599850e-01  3.9678630985e-01 -1.7031882713e+00  1.1167875268e+00  2.1159944288e+00 -8.8483432154e-01  2.9229780716e+00  3.6926400199e+00  3.6818902528e-02  2.7228205318e+00  4.0462857913e+00 -1.3972187408e+00  8.8886876124e-01  6.5420518337e-01 -1.3628357952e+00  2.5143369037e+00  2.5942576216e+00 -9.4355758755e-01 -7.6223468860e-01 -7.2218198285e-01  4.5718831348e-01 -1.4438692181e+00 -2.0267092324e+00  8.3779374423e-01 -9.9992135765e-01  3.9596524281e-01  1.4638469852e+00  2.7012655033e+00 -5.0751537869e-01 -2.9589585835e-01 -1.0719943499e+00  7.8680908302e-01 -2.7271390926e+00  1.8171830827e-01  2.7986245249e+00 -4.9940076018e-01  6.5431503418e-01 -1.0297383842e+00  4.0139054037e-01 -1.2812952014e+00 -3.6894826507e-01 -8.3692040038e-01  3.9332448126e+00  3.6270513250e+00  4.2744754599e-01  2.1583753647e+00  4.0026077114e+00  7.4154593549e-01  1.8219730613e+00  4.5894199113e+00 -1.6632290760e+00  3.5901469033e+00  4.2285326233e+00 -2.0235720082e+00  1.4527397360e+00  5.4419998745e-01 -2.2924890991e+00  3.2653829859e+00  1.8648026598e+00 -1.2218810580e+00 -2.5155322326e+00 -1.9415043869e+00  6.4656572488e-01 -1.2673679826e+00 -2.2576944051e+00  1.8900082147e+00 -1.0491536309e+00 -2.8376515393e+00  2.2146860483e-01 -5.7543616575e-01  1.3412414997e+00  1.1248642169e+00 -5.5535408307e-01  1.1772554393e-01  2.4222180491e+00 -2.0758486058e+00  5.3672901888e-01  1.5964079044e+00
ENERGY -7.645511768531e+02

JOB 17
COORDS  1.4879682668e+00 -3.3294577247e-01 -2.8179700497e-01 -5.7868013692e-01  3.8982228605e-01 -1.6258366583e+00  1.1108686776e+00  2.1074150503e+00 -8.1336068272e-01  2.9215681441e+00  3.6856086759e+00  9.6475931853e-02  2.7237878484e+00  4.0278766874e+00 -1.3406571653e+00  8.7779847753e-01  6.4269873002e-01 -1.2796144436e+00  2.5100571644e+00  2.5804102362e+00 -8.7490747702e-01 -7.9015976373e-01 -7.2486004314e-01  5.3410392396e-01 -1.4838397055e+00 -2.0247687970e+00  9.2739866236e-01 -1.0140068619e+00  4.0122427535e-01  1.5350005587e+00  2.6811262565e+00 -5.1003306841e-01 -1.8872998367e-01 -1.0761169990e+00  7.8232576791e-01 -2.6517141980e+00  1.7797392881e-01  2.7962793771e+00 -4.3375448055e-01  6.2753504450e-01 -1.0404199038e+00  4.8364539968e-01 -1.2983492696e+00 -3.7637960439e-01 -7.6426025443e-01  3.9312875658e+00  3.6199332909e+00  4.8849241642e-01  2.1574121854e+00  4.0040404065e+00  7.9790489743e-01  1.8249878166e+00  4.5717640131e+00 -1.6120011278e+00  3.5922217885e+00  4.2019315525e+00 -1.9678124638e+00  1.4453059611e+00  5.2180098514e-01 -2.2057898876e+00  3.2588458249e+00  1.8460516932e+00 -1.1462349612e+00 -2.4891569687e+00 -2.0376948979e+00  5.0214524847e-01 -1.5283757690e+00 -2.1340741651e+00  2.0121399617e+00 -9.3495454925e-01 -2.8705082023e+00  5.0710312351e-01 -5.8744601101e-01  1.3428711180e+00  1.1885036442e+00 -5.6397662734e-01  1.2375588565e-01  2.4909300384e+00 -2.0884473184e+00  5.4788667272e-01  1.6757313579e+00
ENERGY -7.645494801963e+02

JOB 18
COORDS  1.4749007211e+00 -3.4071675577e-01 -2.6417198616e-01 -5.9787509931e-01  3.9383213367e-01 -1.5922220731e+00  1.1030775491e+00  2.1036897528e+00 -7.8504950120e-01  2.9251685089e+00  3.6732078782e+00  1.1810053893e-01  2.7187234430e+00  4.0213100808e+00 -1.3163695620e+00  8.6137557090e-01  6.4109095750e-01 -1.2539279372e+00  2.5032088300e+00  2.5728765026e+00 -8.5441894350e-01 -7.9995196412e-01 -7.3794264935e-01  5.6150469426e-01 -1.4985706615e+00 -2.0404164458e+00  9.5989371435e-01 -1.0156436859e+00  3.8893958761e-01  1.5630007761e+00  2.6684871854e+00 -5.1862428774e-01 -1.7682084168e-01 -1.1020725115e+00  7.9634992641e-01 -2.6108425419e+00  1.7515254353e-01  2.7946896184e+00 -3.9731589142e-01  6.1809493038e-01 -1.0542937114e+00  4.9965554480e-01 -1.3123103618e+00 -3.8178158981e-01 -7.3403089150e-01  3.9374179194e+00  3.6028422821e+00  5.0270877484e-01  2.1669709818e+00  3.9916042114e+00  8.2597860616e-01  1.8199531908e+00  4.5691246152e+00 -1.5797852267e+00  3.5835019497e+00  4.1947676519e+00 -1.9487227766e+00  1.4224593745e+00  5.2154155126e-01 -2.1842148125e+00  3.2477394559e+00  1.8370340809e+00 -1.1332084002e+00 -2.3840869809e+00 -2.1804960089e+00  3.3787100265e-01 -1.7839000300e+00 -2.0316142139e+00  2.0131647604e+00 -8.2760683055e-01 -2.8834843510e+00  7.8469085229e-01 -5.7330204330e-01  1.3257861578e+00  1.2236439411e+00 -5.7834544529e-01  1.0221221891e-01  2.5223966029e+00 -2.0892609580e+00  5.4914479809e-01  1.6943770316e+00
ENERGY -7.645475947524e+02

JOB 19
COORDS  1.4781260563e+00 -3.3192106520e-01 -3.2041113318e-01 -6.1737599162e-01  4.2883595671e-01 -1.5970917486e+00  1.1077543437e+00  2.1206893603e+00 -8.0035338130e-01  2.9553460187e+00  3.6666868785e+00  8.9389927140e-02  2.7231620022e+00  4.0363204046e+00 -1.3358052131e+00  8.4950626529e-01  6.6551546315e-01 -1.2839104007e+00  2.5091945704e+00  2.5825737001e+00 -8.9040553046e-01 -7.7973960433e-01 -7.3655798895e-01  5.4425911989e-01 -1.4788331492e+00 -2.0430003079e+00  9.4018973024e-01 -9.9388099324e-01  3.8765753562e-01  1.5487916643e+00  2.6718992996e+00 -5.1722218134e-01 -2.5804078855e-01 -1.1398464068e+00  8.5248531733e-01 -2.5981335665e+00  1.9141546253e-01  2.8114830881e+00 -3.8594454298e-01  6.3360674616e-01 -1.0516749318e+00  4.5350461133e-01 -1.3148848766e+00 -3.6253605357e-01 -7.4116929549e-01  3.9742240731e+00  3.5855088114e+00  4.5383942067e-01  2.2124710160e+00  3.9787509168e+00  8.1609092743e-01  1.8222853032e+00  4.5923212449e+00 -1.5736496087e+00  3.5764122106e+00  4.2145847397e+00 -1.9823186079e+00  1.3916153834e+00  5.5636545719e-01 -2.2267005281e+00  3.2442701010e+00  1.8470206978e+00 -1.1940223471e+00 -2.1954393729e+00 -2.3239935309e+00  1.6711332680e-01 -2.0102395566e+00 -1.9320401624e+00  1.8872923454e+00 -7.4123359038e-01 -2.8400137984e+00  1.0449594909e+00 -5.2533001460e-01  1.3176892937e+00  1.2262903254e+00 -5.8433201259e-01  8.7479000472e-02  2.5167878786e+00 -2.0667043621e+00  5.6727771278e-01  1.6559311616e+00
ENERGY -7.645467114779e+02

JOB 20
COORDS  1.4661899846e+00 -3.4417520548e-01 -3.1342317407e-01 -6.3943608220e-01  4.3016768674e-01 -1.5656230938e+00  1.0974688361e+00  2.1116067718e+00 -7.7239721988e-01  2.9594199587e+00  3.6467501275e+00  1.0788286044e-01  2.7108962273e+00  4.0288106042e+00 -1.3112165133e+00  8.3113596806e-01  6.6077129557e-01 -1.2645849899e+00  2.4986086460e+00  2.5718897287e+00 -8.7538690822e-01 -7.8258195461e-01 -7.4886343342e-01  5.7071044021e-01 -1.4793576914e+00 -2.0566639449e+00  9.5668320342e-01 -1.0065586206e+00  3.7204490084e-01  1.5768070823e+00  2.6596547292e+00 -5.3482026808e-01 -2.6462841870e-01 -1.1698320604e+00  8.6223474726e-01 -2.5589833444e+00  1.8728657257e-01  2.8002849394e+00 -3.4128234143e-01  6.2782142457e-01 -1.0629038755e+00  4.6877131008e-01 -1.3294119049e+00 -3.6593053533e-01 -7.0897055300e-01  3.9825857395e+00  3.5603406980e+00  4.5888011708e-01  2.2262980960e+00  3.9544289697e+00  8.4626201498e-01  1.8085988672e+00  4.5888552406e+00 -1.5336630061e+00  3.5567499535e+00  4.2104604765e+00 -1.9664521572e+00  1.3644328261e+00  5.5678043026e-01 -2.2129209684e+00  3.2283408176e+00  1.8373750138e+00 -1.1940489178e+00 -1.9819121253e+00 -2.4794664186e+00  8.5411107061e-02 -2.2367338313e+00 -1.8743834051e+00  1.7223273608e+00 -7.4904549581e-01 -2.7661265420e+00  1.3477212695e+00 -5.0834359127e-01  1.2941630870e+00  1.2769710055e+00 -6.3544387974e-01  5.9026332717e-02  2.5565707340e+00 -2.0781817121e+00  5.7224349258e-01  1.6483685346e+00
ENERGY -7.645474408407e+02

JOB 21
COORDS  1.4461521307e+00 -3.7227779441e-01 -2.3271872181e-01 -6.5734913366e-01  4.0301379110e-01 -1.4852212336e+00  1.0795408362e+00  2.0832211695e+00 -6.9250430919e-01  2.9395863223e+00  3.6120164385e+00  2.0253418876e-01  2.7013840590e+00  3.9973231001e+00 -1.2174249509e+00  8.1339669989e-01  6.3259598899e-01 -1.1854301175e+00  2.4823963864e+00  2.5402054950e+00 -7.8604506473e-01 -8.0178733276e-01 -7.5645203389e-01  6.6158509167e-01 -1.4977705974e+00 -2.0590826998e+00  1.0440949736e+00 -1.0289648807e+00  3.6447730816e-01  1.6671824769e+00  2.6383155302e+00 -5.7236860702e-01 -1.9052203794e-01 -1.1848872814e+00  8.2255025455e-01 -2.4853713061e+00  1.6782448906e-01  2.7741928025e+00 -2.6830288745e-01  6.0683962241e-01 -1.0769796577e+00  5.6069881520e-01 -1.3515443674e+00 -3.7531239044e-01 -6.1599821950e-01  3.9601471139e+00  3.5221248396e+00  5.6017809496e-01  2.2024052164e+00  3.9202410002e+00  9.3663964410e-01  1.8020660165e+00  4.5602282325e+00 -1.4446701675e+00  3.5520513562e+00  4.1779893800e+00 -1.8666690296e+00  1.3472321180e+00  5.2847517200e-01 -2.1333465430e+00  3.2123295842e+00  1.8043445280e+00 -1.1011879526e+00 -1.7665832422e+00 -2.6147123160e+00  1.4386197761e-01 -2.4212187107e+00 -1.8425335903e+00  1.5862858872e+00 -8.4414858559e-01 -2.6568966644e+00  1.6809968546e+00 -5.1667006631e-01  1.2813615368e+00  1.3753915184e+00 -6.7426051834e-01  4.7520012062e-02  2.6518005795e+00 -2.0989237727e+00  5.7642732467e-01  1.7236074255e+00
ENERGY -7.645492673445e+02

JOB 22
COORDS  1.4361785754e+00 -3.7505747373e-01 -2.2048292010e-01 -6.7000091407e-01  4.1458651876e-01 -1.4600068977e+00  1.0782278068e+00  2.0832741885e+00 -6.6958392377e-01  2.9488155621e+00  3.6012323684e+00  2.2176157598e-01  2.7052365568e+00  3.9927010810e+00 -1.1955481453e+00  8.0327681094e-01  6.3594351513e-01 -1.1670717160e+00  2.4824194014e+00  2.5348427769e+00 -7.6843964826e-01 -8.0964156303e-01 -7.4587266294e-01  6.8457906935e-01 -1.5029836613e+00 -2.0458855595e+00  1.0606658937e+00 -1.0234913068e+00  3.6651778948e-01  1.7026634928e+00  2.6272841891e+00 -5.8351376761e-01 -1.8733547963e-01 -1.2000914360e+00  8.3715812143e-01 -2.4573458546e+00  1.7154330067e-01  2.7762659593e+00 -2.3777594302e-01  5.9778120377e-01 -1.0737509757e+00  5.7806639675e-01 -1.3646031547e+00 -3.5937764852e-01 -5.8670748415e-01  3.9707988075e+00  3.5060195324e+00  5.7392220219e-01  2.2164947478e+00  3.9094286890e+00  9.6072439551e-01  1.8072185728e+00  4.5601470129e+00 -1.4165201127e+00  3.5536486081e+00  4.1720579762e+00 -1.8480990177e+00  1.3319342402e+00  5.3278361311e-01 -2.1179476790e+00  3.2075470208e+00  1.7970379440e+00 -1.0900506607e+00 -1.5431368674e+00 -2.7081462951e+00  1.9344906196e-01 -2.5276689135e+00 -1.8370684950e+00  1.3766084305e+00 -9.6577852670e-01 -2.5290714577e+00  1.8787747065e+00 -5.2491983806e-01  1.2887262968e+00  1.4038705094e+00 -6.4336423975e-01  4.6961040904e-02  2.6765454459e+00 -2.0932148311e+00  5.7151239984e-01  1.7853693022e+00
ENERGY -7.645510336609e+02

JOB 23
COORDS  1.4304255515e+00 -3.7268117217e-01 -2.8664276605e-01 -6.8531395290e-01  4.3666160545e-01 -1.4961394685e+00  1.0739500419e+00  2.0914913411e+00 -7.0156625530e-01  2.9564814263e+00  3.5971996660e+00  1.8510786296e-01  2.6978768533e+00  4.0036098925e+00 -1.2254102736e+00  7.9129956440e-01  6.5129631429e-01 -1.2147335310e+00  2.4777435504e+00  2.5417585065e+00 -8.1063930764e-01 -8.0812254066e-01 -7.4654486842e-01  6.3600393927e-01 -1.4995832399e+00 -2.0485149652e+00  1.0002233875e+00 -9.9460850236e-01  3.4655469508e-01  1.6802715230e+00  2.6213711068e+00 -5.8341133174e-01 -2.6857625037e-01 -1.2227347961e+00  8.6955430310e-01 -2.4851703974e+00  1.7344940541e-01  2.7804875881e+00 -2.5067864112e-01  5.9711744319e-01 -1.0797088774e+00  5.0977164125e-01 -1.3757536387e+00 -3.4020583431e-01 -6.2234785117e-01  3.9820328783e+00  3.4968543690e+00  5.2526161873e-01  2.2327472542e+00  3.8991516001e+00  9.3502335560e-01  1.7982106660e+00  4.5744567551e+00 -1.4303926384e+00  3.5390107312e+00  4.1886875491e+00 -1.8857319642e+00  1.3105637132e+00  5.5908632635e-01 -2.1718579881e+00  3.1982907672e+00  1.8064812059e+00 -1.1480646266e+00 -1.3298859294e+00 -2.7894977238e+00  2.1615763844e-01 -2.5726112152e+00 -1.8756424792e+00  1.1041447136e+00 -1.1010976278e+00 -2.4265326966e+00  1.9443757075e+00 -5.4214830331e-01  1.2866601588e+00  1.3640919537e+00 -5.4691446023e-01  2.6052842289e-02  2.6242366817e+00 -2.0629355827e+00  5.1942195858e-01  1.8310594918e+00
ENERGY -7.645517805255e+02

