JOB 0
COORDS  1.9016392340e+00 -9.2303059952e-01 -3.2898453547e-02  7.7966084195e-01 -5.0315640350e-01  7.0458298051e-01  2.9712005425e+00 -1.5357803585e+00  5.9161199370e-01  7.9115393366e-01 -7.0546764336e-01  2.0882041313e+00  2.9716191348e+00 -1.7391179285e+00  1.9750179490e+00  1.8763944590e+00 -1.3145160612e+00  2.7221022411e+00 -3.3437700662e-01  1.5699710160e-01 -7.1467164555e-02 -2.8474417559e+00  5.7832384911e-01 -4.2168227092e-01 -2.3499439864e+00  1.6240229428e+00  5.2100988106e-01 -1.6978440714e+00  2.3059651866e-01  5.1178286737e-01 -8.0475092686e-02  6.2178702197e-01 -1.1792878108e+00  4.0393642316e+00 -1.9501472586e+00 -1.1541295214e-01 -2.1905289825e-01 -2.9797360307e-01  2.8827695244e+00  4.0077549322e+00 -2.3269700022e+00  2.5818155678e+00  1.8708663111e+00 -1.4852824987e+00  4.0514361398e+00  1.9160530614e+00 -7.5385491830e-01 -1.1044185746e+00 -3.7972695734e+00  9.7524640323e-02 -2.0951373720e-01 -2.5885425331e+00  6.8276138593e-01 -1.4697928880e+00 -1.7504646069e+00  2.4294548580e+00  1.0929900151e-01 -2.9369298357e+00  1.8741305219e+00  1.3990003284e+00 -1.9125841683e+00 -4.0059906079e-01  1.3636371451e+00
ENERGY -8.593798018209e+02

JOB 1
COORDS  1.8932284985e+00 -8.7304968494e-01 -2.2857932147e-02  8.0524057154e-01 -4.3808779181e-01  7.5545059108e-01  2.9426223883e+00 -1.5660954389e+00  5.5009090803e-01  8.3233666458e-01 -7.0634811669e-01  2.1274424530e+00  2.9573555323e+00 -1.8362328884e+00  1.9217730631e+00  1.8977106607e+00 -1.3960394288e+00  2.7101964318e+00 -2.9117523487e-01  3.0552399153e-01  3.1118428332e-02 -2.8155285807e+00  4.5025681016e-01 -3.9767737565e-01 -2.4499800132e+00  1.6477184799e+00  4.1161745826e-01 -1.6609095205e+00  3.4634406835e-01  6.0066080803e-01 -2.8440953730e-02  8.2969397243e-01 -1.0481317110e+00  3.9765476835e+00 -1.9959975540e+00 -1.9738869777e-01 -1.4154999317e-01 -2.8635705543e-01  2.9607612423e+00  3.9741512477e+00 -2.5019006085e+00  2.4788851464e+00  1.9084119882e+00 -1.6289593754e+00  4.0300024461e+00  1.8979302885e+00 -6.5262580192e-01 -1.0850455778e+00 -3.7160131526e+00 -9.9988979149e-02 -1.4354670582e-01 -2.5316551694e+00  4.4673118398e-01 -1.4446624983e+00 -1.9164761718e+00  2.4483965957e+00 -8.9963570165e-02 -3.0886629054e+00  1.9455454315e+00  1.2370977378e+00 -1.8457666552e+00 -2.0700078895e-01  1.5106358635e+00
ENERGY -8.593799768078e+02

JOB 2
COORDS  2.0269068291e+00 -5.7673701663e-01  3.7451910611e-02  7.8938166290e-01 -5.4549479316e-01  7.0551796282e-01  3.1264077584e+00 -1.1859379203e+00  6.1162657202e-01  7.0183232086e-01 -1.1693438470e+00  1.9538417525e+00  3.0314327679e+00 -1.8014855395e+00  1.8634564131e+00  1.8092406482e+00 -1.7954410579e+00  2.5300474977e+00 -3.4847875957e-01  1.4544308727e-01 -6.3410414946e-03 -2.9006497310e+00  3.4800005456e-01  1.8975368581e-01 -2.3608492222e+00  1.7385318901e+00  1.2900936006e-01 -1.5100988333e+00  6.4818086190e-01  7.6923993736e-01 -2.7463462405e-01  2.9250999520e-01 -1.2232891946e+00  4.3149130995e+00 -1.2035666940e+00 -2.0543558480e-02 -4.5337901537e-01 -1.2304277083e+00  2.6468355512e+00  4.0928406355e+00 -2.3958684057e+00  2.4179939862e+00  1.6977613406e+00 -2.3991560604e+00  3.7214158076e+00  2.1047336696e+00 -1.1619121246e-01 -9.4172510927e-01 -3.6790950176e+00  1.0985480521e-01  9.0750351854e-01 -2.9127610264e+00 -2.2621443349e-01 -7.3090354241e-01 -2.0157804025e+00  2.0998793998e+00 -8.3375536881e-01 -2.7660655607e+00  2.4857152821e+00  8.0412074535e-01 -1.4303754056e+00  6.4708177725e-01  1.8477938328e+00
ENERGY -8.593799438797e+02

JOB 3
COORDS  2.0574671653e+00 -5.4290072346e-01  4.7983631065e-02  8.1214098761e-01 -4.6152592164e-01  6.9724229462e-01  3.1095702748e+00 -1.2335153359e+00  6.1844101105e-01  6.6800532006e-01 -1.1159059484e+00  1.9247781649e+00  2.9577875789e+00 -1.8812597787e+00  1.8483915637e+00  1.7275077818e+00 -1.8232727544e+00  2.4971462580e+00 -2.7454508120e-01  3.1118327877e-01 -1.0401694668e-02 -2.8201554488e+00  2.4747786093e-01  2.7380798436e-01 -2.4551354715e+00  1.6845493166e+00  5.9760497521e-02 -1.4596596942e+00  7.7866201630e-01  7.5436414450e-01 -1.5881870030e-01  5.1654238326e-01 -1.2149872121e+00  4.3055674748e+00 -1.3016052671e+00  4.0366498298e-03 -4.9772592673e-01 -1.1265297348e+00  2.6014111911e+00  3.9730393104e+00 -2.5542960059e+00  2.3993349914e+00  1.5618087898e+00 -2.4538906205e+00  3.6681347869e+00  2.1780450107e+00 -5.6581250424e-02 -9.1432175007e-01 -3.5361940505e+00 -1.3280872657e-02  1.0465154485e+00 -2.8000344573e+00 -4.1086437685e-01 -5.8882520359e-01 -2.1958864326e+00  1.9912660498e+00 -9.4775304465e-01 -2.9340800605e+00  2.4371826291e+00  6.7824523396e-01 -1.3474473626e+00  8.7358829970e-01  1.8269577285e+00
ENERGY -8.593794661304e+02

JOB 4
COORDS  2.0618393031e+00 -5.0130894786e-01  4.3759581491e-02  8.2268529379e-01 -3.5834610597e-01  6.9507430285e-01  3.0665065356e+00 -1.2752598207e+00  5.9123194018e-01  6.3865917803e-01 -1.0320027816e+00  1.9073243123e+00  2.8734827723e+00 -1.9449917582e+00  1.8036061522e+00  1.6509191833e+00 -1.8219346527e+00  2.4573265241e+00 -2.1146551479e-01  4.9974654745e-01  5.5569568207e-03 -2.7236492178e+00  1.5199568887e-01  3.4200729851e-01 -2.5470682733e+00  1.6088099230e+00  6.8810937272e-03 -1.4424577357e+00  8.9548827518e-01  7.4281831852e-01 -3.3869208777e-02  8.0069363973e-01 -1.1702587790e+00  4.2547964737e+00 -1.4053277097e+00 -2.8164435051e-02 -5.1844302330e-01 -9.7769253479e-01  2.5953863621e+00  3.8424673764e+00 -2.6978921155e+00  2.3337704774e+00  1.4468697768e+00 -2.4671170377e+00  3.6142709340e+00  2.2133854203e+00  4.7378468004e-03 -9.0393088279e-01 -3.3913241858e+00 -1.3434387252e-01  1.1481457399e+00 -2.6402658992e+00 -5.6485279211e-01 -4.6910864582e-01 -2.3480198569e+00  1.8669330285e+00 -1.0275581295e+00 -3.1181606222e+00  2.3382083142e+00  5.7281506299e-01 -1.3303235064e+00  1.0752777298e+00  1.8058116032e+00
ENERGY -8.593783761538e+02

JOB 5
COORDS  2.0618217035e+00 -4.9101769119e-01  6.6748268789e-02  8.4929358816e-01 -2.6391086499e-01  7.4449425648e-01  3.0103834116e+00 -1.3551841074e+00  5.7701127324e-01  6.3971287239e-01 -9.3825078090e-01  1.9528226898e+00  2.7900975644e+00 -2.0286232390e+00  1.7827517118e+00  1.5974253456e+00 -1.8155428798e+00  2.4673901909e+00 -1.2686863296e-01  6.8450977574e-01  8.7362238303e-02 -2.5915251369e+00  4.5469424470e-02  3.8852968228e-01 -2.5865756580e+00  1.4938965248e+00 -4.7099447432e-02 -1.4308758665e+00  9.6970978885e-01  7.5573071834e-01  1.4163025893e-01  1.1255431589e+00 -1.0242762452e+00  4.1696034832e+00 -1.5716388804e+00 -7.2480133478e-02 -4.8376505816e-01 -7.8983066357e-01  2.6806400554e+00  3.7057661643e+00 -2.8666923629e+00  2.2784088963e+00  1.3708298928e+00 -2.4543833877e+00  3.6236482497e+00  2.2355473116e+00  2.3506541451e-02 -8.7257562333e-01 -3.2457608679e+00 -2.6683534962e-01  1.1960400456e+00 -2.4079646503e+00 -7.0774718573e-01 -3.7228908361e-01 -2.3962864119e+00  1.7058078033e+00 -1.0937154995e+00 -3.2645858920e+00  2.1800396074e+00  4.5091415733e-01 -1.3716031249e+00  1.2277038139e+00  1.8080853570e+00
ENERGY -8.593766334124e+02

JOB 6
COORDS  2.0341988259e+00 -4.6839387206e-01  8.2451774251e-02  8.5972489356e-01 -1.7126735079e-01  7.9835692955e-01  2.9257351590e+00 -1.4169876169e+00  5.4403588422e-01  6.3473649345e-01 -8.5282702020e-01  1.9995972424e+00  2.6881307908e+00 -2.1001072900e+00  1.7410019491e+00  1.5370649361e+00 -1.8106002744e+00  2.4680199769e+00 -6.4597895622e-02  8.6070541017e-01  1.9571290765e-01 -2.4739124833e+00 -3.4841789332e-02  4.4494206199e-01 -2.5951688762e+00  1.3691523302e+00 -1.2085532071e-01 -1.4384533169e+00  1.0297043411e+00  7.7069339705e-01  2.9538119703e-01  1.4577776597e+00 -8.1066547997e-01  4.0447776653e+00 -1.7078193629e+00 -1.4555612518e-01 -4.4273564027e-01 -6.1775434292e-01  2.7717570074e+00  3.5500714304e+00 -3.0175879343e+00  2.1902154556e+00  1.3009344941e+00 -2.4496415901e+00  3.6221872323e+00  2.2252883594e+00  5.9488698322e-02 -8.4600325454e-01 -3.1391391757e+00 -3.4558799698e-01  1.2440640701e+00 -2.1857378296e+00 -8.2599796442e-01 -2.4205219177e-01 -2.3789377248e+00  1.5106563021e+00 -1.1746946480e+00 -3.3661119962e+00  2.0196344600e+00  2.8049449950e-01 -1.4559786397e+00  1.3865053001e+00  1.7970634158e+00
ENERGY -8.593744412756e+02

JOB 7
COORDS  1.9735016672e+00 -4.7377910396e-01  9.0841263664e-02  8.3751988712e-01 -1.2616010244e-01  8.4344453183e-01  2.8042095494e+00 -1.4995137759e+00  5.0067576950e-01  5.9114256590e-01 -8.2616055503e-01  2.0287801478e+00  2.5449018073e+00 -2.2025436477e+00  1.6813629381e+00  1.4347967332e+00 -1.8566823387e+00  2.4477573448e+00 -3.1393291113e-02  9.8620321618e-01  3.1078965424e-01 -2.4052034623e+00 -7.3132412670e-02  5.2021805462e-01 -2.5716663513e+00  1.2453376267e+00 -2.1909817650e-01 -1.4592924196e+00  1.0796140734e+00  7.7585560325e-01  4.1915886810e-01  1.7294671234e+00 -5.4956480619e-01  3.8835007213e+00 -1.8465480109e+00 -2.2529761453e-01 -4.4393680493e-01 -5.2423478270e-01  2.8340627179e+00  3.3501576801e+00 -3.1919949329e+00  2.0806534201e+00  1.1862128995e+00 -2.5096499526e+00  3.5913301450e+00  2.1868451653e+00  7.3712002614e-02 -8.2125213291e-01 -3.1102876835e+00 -3.3305345260e-01  1.3032169753e+00 -2.0309622608e+00 -9.1879173623e-01 -5.1085053759e-02 -2.2988299794e+00  1.2770919201e+00 -1.2692596920e+00 -3.4026061516e+00  1.8888431802e+00  5.2912624914e-02 -1.5652480843e+00  1.5703008348e+00  1.7412973794e+00
ENERGY -8.593723082909e+02

JOB 8
COORDS  1.9550465354e+00 -4.0946361204e-01  9.3828261934e-02  8.4042938829e-01 -6.7374504161e-02  8.7903911699e-01  2.7635263485e+00 -1.4741273380e+00  4.4749871201e-01  5.9426540881e-01 -8.0568681806e-01  2.0402581207e+00  2.5038487911e+00 -2.2171222594e+00  1.6031844354e+00  1.4170612846e+00 -1.8730543213e+00  2.4039308163e+00 -5.3176810242e-03  1.0938261995e+00  4.2322549055e-01 -2.3502131733e+00 -8.3957670932e-02  6.5313619637e-01 -2.5041901138e+00  1.0777447039e+00 -3.0990143858e-01 -1.4673585246e+00  1.1314368574e+00  7.8687851429e-01  5.0050597381e-01  1.9565910230e+00 -2.7982185502e-01  3.8212182497e+00 -1.8196873172e+00 -3.1024250835e-01 -4.1464306409e-01 -4.9805288821e-01  2.8750706999e+00  3.2889546011e+00 -3.2425805319e+00  1.9486478616e+00  1.1738110657e+00 -2.5621950891e+00  3.5271430892e+00  2.1733298989e+00  1.7087605598e-01 -7.9656070836e-01 -3.1104471538e+00 -2.4541850479e-01  1.4106896715e+00 -1.9039618477e+00 -9.9514451177e-01  2.6311920090e-01 -2.1494828226e+00  9.4551593961e-01 -1.3276123928e+00 -3.3710327679e+00  1.7242879647e+00 -2.1575171775e-01 -1.6739155518e+00  1.7982535694e+00  1.6216678277e+00
ENERGY -8.593708120414e+02

JOB 9
COORDS  1.9049067381e+00 -3.7055877035e-01  8.3438763203e-02  8.2229792079e-01 -3.5499593376e-02  9.1411606211e-01  2.6931748798e+00 -1.4712366740e+00  3.6872001813e-01  5.8861970731e-01 -8.1369782095e-01  2.0505989242e+00  2.4462855108e+00 -2.2540533960e+00  1.5003122831e+00  1.3932258605e+00 -1.9150458675e+00  2.3473269390e+00  6.0930131955e-03  1.1782373372e+00  5.4980780246e-01 -2.3353812996e+00 -4.8822932645e-02  7.6667843212e-01 -2.3879886078e+00  9.1487869348e-01 -3.9255288198e-01 -1.4765180756e+00  1.1904269543e+00  7.9642407069e-01  5.6421045529e-01  2.1304256094e+00  2.3452264973e-02  3.7191177678e+00 -1.8117488270e+00 -4.3363494433e-01 -3.8709915537e-01 -5.0963456078e-01  2.9253159389e+00  3.2137582555e+00 -3.3124124514e+00  1.7811602234e+00  1.1660228421e+00 -2.6416837086e+00  3.4500338431e+00  2.1195862686e+00  2.4210525700e-01 -7.8594254424e-01 -3.1750238409e+00 -9.3607543599e-02  1.4530470110e+00 -1.8470496331e+00 -1.0037896823e+00  5.9522489584e-01 -1.9194006335e+00  6.1449219084e-01 -1.3251959957e+00 -3.2548687106e+00  1.5571325676e+00 -5.1108552419e-01 -1.7854910494e+00  2.0082417737e+00  1.4421573393e+00
ENERGY -8.593705660143e+02

JOB 10
COORDS  1.8367455022e+00 -3.2547262237e-01  6.8274077302e-02  7.9718042609e-01 -1.9851617449e-03  9.5478356001e-01  2.6133018581e+00 -1.4518888141e+00  2.8122386881e-01  5.9549059185e-01 -8.1442397046e-01  2.0716572965e+00  2.3978671599e+00 -2.2698611901e+00  1.3936760573e+00  1.3887566569e+00 -1.9406909062e+00  2.2965015794e+00 -9.2056372750e-04  1.2507394711e+00  6.8617916785e-01 -2.3384241080e+00 -1.5784801049e-02  8.5684326993e-01 -2.2533692879e+00  7.4021322202e-01 -4.3682233092e-01 -1.4916396407e+00  1.2344705661e+00  8.0038515960e-01  5.9020066924e-01  2.2616894496e+00  3.3311675064e-01  3.5983432003e+00 -1.7811322244e+00 -5.7526324975e-01 -3.3867051065e-01 -5.1846673099e-01  2.9944814504e+00  3.1552690474e+00 -3.3519636448e+00  1.6049398277e+00  1.1931187798e+00 -2.7011287528e+00  3.3822781824e+00  2.0340189228e+00  3.1408752363e-01 -7.8576808356e-01 -3.2532204549e+00  3.9592424837e-02  1.4384459473e+00 -1.8370112044e+00 -9.7654011013e-01  9.0586933121e-01 -1.6692742043e+00  3.0310737105e-01 -1.2416015696e+00 -3.0933002649e+00  1.3443867326e+00 -7.6422862716e-01 -1.8865416355e+00  2.1418697872e+00  1.2469653881e+00
ENERGY -8.593712939106e+02

JOB 11
COORDS  2.4464838796e+00 -9.7953961325e-01 -3.1162302085e-02  1.1511878131e+00 -5.0274691577e-01  2.2049991149e-01  3.1461262418e+00 -1.6554828538e+00  9.5552142246e-01  6.0613440666e-01 -6.8757335315e-01  1.4899678527e+00  2.5907715962e+00 -1.8497004524e+00  2.2227806205e+00  1.3166712243e+00 -1.3530039657e+00  2.4904267505e+00  4.4164604379e-01  2.6140910228e-01 -8.7526834781e-01 -1.6812375585e+00 -1.3537319741e+00 -7.8273770112e-01 -9.6466042772e-01 -1.5115042822e+00 -2.0867646112e+00 -9.0791473527e-01 -1.7136190131e-01 -1.3296879256e+00  1.0243447539e+00  1.1908991512e+00 -1.4161019676e+00  4.3816482074e+00 -2.1336097798e+00  7.1641130031e-01 -6.0712335565e-01 -1.9404515795e-01  1.8058101895e+00  3.2722039738e+00 -2.4921789709e+00  3.1785752183e+00  7.8437002625e-01 -1.5081783993e+00  3.7101316703e+00  2.9073916419e+00 -8.1427300633e-01 -9.9950143952e-01 -2.7625120820e+00 -1.2589448234e+00 -7.8873451116e-01 -1.2853945450e+00 -1.8820894121e+00  7.6575525611e-02 -6.1195894581e-02 -2.1142553569e+00 -2.0973946830e+00 -1.5253363380e+00 -1.5157843524e+00 -3.0158506074e+00 -1.4708901882e+00  6.3640285235e-01 -1.7861231660e+00
ENERGY -8.593722217033e+02

JOB 12
COORDS  2.3853105455e+00 -9.5567034952e-01 -5.1222867165e-02  1.1067019777e+00 -4.6011503908e-01  2.4159521890e-01  3.0944728090e+00 -1.6634142414e+00  9.0729753276e-01  5.8726580254e-01 -6.6297634559e-01  1.5172280405e+00  2.5646845947e+00 -1.8741973759e+00  2.1825006403e+00  1.3055788131e+00 -1.3620530582e+00  2.4888469857e+00  3.7867167134e-01  3.4626358675e-01 -8.1648989139e-01 -1.7140887358e+00 -1.3012407502e+00 -8.0010613227e-01 -8.6078338027e-01 -1.5911909117e+00 -1.9921817808e+00 -8.8665585585e-01 -1.7318631449e-01 -1.3926517301e+00  8.9499478181e-01  1.3740591970e+00 -1.2307568303e+00  4.3156676264e+00 -2.1574993235e+00  6.2985625005e-01 -6.1501834169e-01 -1.5961375085e-01  1.8631666163e+00  3.2561284661e+00 -2.5487335898e+00  3.1091690608e+00  7.9498521505e-01 -1.5366044657e+00  3.7151283194e+00  2.8303341973e+00 -7.8328521095e-01 -1.0258303969e+00 -2.7874542966e+00 -1.2156698358e+00 -9.3642039445e-01 -1.4174706453e+00 -1.7178598046e+00  1.5458598421e-01  3.9991682268e-02 -2.1776010964e+00 -1.8388091707e+00 -1.3199148100e+00 -1.7044121544e+00 -2.9688903198e+00 -1.4078903765e+00  5.7504804320e-01 -1.9809910495e+00
ENERGY -8.593728043818e+02

JOB 13
COORDS  2.3336396501e+00 -9.4023962997e-01 -8.3848973764e-02  1.0711203643e+00 -4.3117131059e-01  2.4949333812e-01  3.0591723225e+00 -1.6651221890e+00  8.5031387676e-01  5.8013725639e-01 -6.4651171548e-01  1.5328045804e+00  2.5593158787e+00 -1.8859905455e+00  2.1356143448e+00  1.3125501810e+00 -1.3667896728e+00  2.4781281026e+00  3.1903142081e-01  4.0417843759e-01 -7.7350385882e-01 -1.7497856917e+00 -1.2475500739e+00 -8.4899826584e-01 -7.9591957664e-01 -1.6545863189e+00 -1.9240769984e+00 -8.4633814076e-01 -1.8830040015e-01 -1.4721592739e+00  7.4182620503e-01  1.5165942757e+00 -1.0501384617e+00  4.2678578018e+00 -2.1681663776e+00  5.3625788089e-01 -6.1476633828e-01 -1.4327567585e-01  1.9069194741e+00  3.2664332769e+00 -2.5795995573e+00  3.0365513123e+00  8.2659551828e-01 -1.5568069740e+00  3.7119380507e+00  2.7570352353e+00 -7.6831962218e-01 -1.0682670033e+00 -2.8040452370e+00 -1.1607268470e+00 -1.0913500264e+00 -1.5478798715e+00 -1.5629372806e+00  1.6724190137e-01  7.5308513110e-02 -2.2343647291e+00 -1.6364302291e+00 -1.1718070175e+00 -1.8565005316e+00 -2.9219364868e+00 -1.3115855941e+00  5.1269317737e-01 -2.1576925939e+00
ENERGY -8.593728613802e+02

JOB 14
COORDS  1.4915152291e+00 -8.9328701326e-01 -1.2060817853e-01  3.7439231970e-01 -9.9177427647e-01  7.2031281252e-01  2.7599095412e+00 -7.4906828208e-01  4.2182844069e-01  5.6979224765e-01 -9.7113229458e-01  2.0976170967e+00  2.9509164183e+00 -7.1980656027e-01  1.8051025288e+00  1.8465414569e+00 -8.3848859094e-01  2.6463663183e+00 -9.9566086987e-01 -1.1992937461e+00  9.8780600655e-02 -1.5253351162e+00  1.3268292107e+00 -2.0804454770e-01 -1.9816442385e+00  1.0166529114e+00  1.1799262255e+00 -1.9870135289e+00 -9.7244290753e-02  1.4096477889e-01 -1.2202536149e+00 -2.2451979993e+00 -4.9206017566e-01  3.8375662388e+00 -6.4019272612e-01 -3.7776070966e-01 -4.7169715474e-01 -1.1058024165e+00  2.9445904228e+00  4.1777185561e+00 -5.8968276152e-01  2.3251859959e+00  2.0163253563e+00 -8.3080698850e-01  3.9752055129e+00  1.3754805229e+00 -9.3559897793e-01 -1.1988167977e+00 -2.1746630079e+00  1.8874448892e+00 -8.7275379760e-01 -4.6283261860e-01  1.4785464990e+00 -3.7024203561e-01 -1.2408475881e+00  9.8336250446e-01  1.9692177987e+00 -2.9600107339e+00  1.3628314009e+00  1.4973920762e+00 -2.9507957286e+00 -3.9829482613e-01 -2.5680205042e-01
ENERGY -8.593729011803e+02

JOB 15
COORDS  1.5651970732e+00 -9.0242788506e-01 -1.0979854973e-01  4.2315687851e-01 -9.7050696953e-01  7.0147449976e-01  2.8210711668e+00 -7.7837597501e-01  4.6386275721e-01  5.8338757109e-01 -9.4965859962e-01  2.0848970314e+00  2.9758490353e+00 -7.4635408625e-01  1.8518765449e+00  1.8484008789e+00 -8.4175498927e-01  2.6651274431e+00 -9.2757338949e-01 -1.1448027274e+00  3.8014826600e-02 -1.6493006914e+00  1.3143325067e+00 -2.4915600728e-01 -1.9071430791e+00  1.0475728230e+00  1.2007637047e+00 -1.9788232811e+00 -1.1191956954e-01  2.2610442979e-01 -1.1003026830e+00 -2.1013937048e+00 -7.0364571540e-01  3.9216120404e+00 -6.9363347478e-01 -3.0686413957e-01 -4.7742573896e-01 -1.0706758889e+00  2.9078857711e+00  4.1904794673e+00 -6.3811621840e-01  2.4034734744e+00  1.9852351291e+00 -8.3787131335e-01  3.9979265676e+00  1.4724651185e+00 -9.5256487100e-01 -1.1898136027e+00 -2.4069844374e+00  1.8053111628e+00 -8.5110408964e-01 -6.2530438955e-01  1.5125474467e+00 -5.5140991498e-01 -1.0681937028e+00  1.1030259628e+00  1.8837895330e+00 -2.8535687222e+00  1.3626653254e+00  1.6285676742e+00 -2.9631991460e+00 -4.7527571141e-01 -5.1240932272e-02
ENERGY -8.593726225481e+02

JOB 16
COORDS  1.5748570575e+00 -9.4314228413e-01 -1.0680927554e-01  4.0085389882e-01 -9.4786697105e-01  6.6229993610e-01  2.8135706073e+00 -8.7288275979e-01  5.0905995282e-01  5.1272996910e-01 -9.2361879675e-01  2.0522359604e+00  2.9199586553e+00 -8.3529201008e-01  1.9018546340e+00  1.7610472117e+00 -8.7077143859e-01  2.6746819652e+00 -9.2343119140e-01 -1.0577981176e+00 -5.7062655070e-02 -1.8719315331e+00  1.3191701505e+00 -3.2044655722e-01 -1.9166895832e+00  1.0993801564e+00  1.1636131982e+00 -2.0238223746e+00 -9.9399350978e-02  2.4921467930e-01 -1.0517798530e+00 -1.9071803445e+00 -9.2774300585e-01  3.9441046530e+00 -8.4702406489e-01 -2.2134229247e-01 -5.7575369473e-01 -9.9556838958e-01  2.8421232876e+00  4.1173798456e+00 -7.7950430702e-01  2.4960527224e+00  1.8517156888e+00 -8.6523583790e-01  4.0114812338e+00  1.5130676312e+00 -1.0002107005e+00 -1.1886114249e+00 -2.7356938101e+00  1.7297430135e+00 -8.3313637539e-01 -9.1430111837e-01  1.5789054614e+00 -7.6238270230e-01 -9.9795377826e-01  1.2499743732e+00  1.7190652840e+00 -2.8163243368e+00  1.3725046108e+00  1.7059976918e+00 -3.0050271948e+00 -5.4136462211e-01  1.0619294833e-01
ENERGY -8.593718714106e+02

JOB 17
COORDS  1.6459878559e+00 -9.7422635180e-01 -8.5099033176e-02  4.4520083510e-01 -9.2801506503e-01  6.4208353768e-01  2.8638141825e+00 -9.5315058310e-01  5.7231716930e-01  5.1035924268e-01 -9.0413226178e-01  2.0366758420e+00  2.9229279025e+00 -9.1470280970e-01  1.9683245878e+00  1.7379929233e+00 -8.9973809301e-01  2.7011160040e+00 -8.5027198423e-01 -9.6943195007e-01 -1.2959210446e-01 -2.0714945737e+00  1.2918948746e+00 -3.6061766747e-01 -1.8782695690e+00  1.1431087122e+00  1.1255113189e+00 -1.9988039278e+00 -9.6612183604e-02  2.7496108478e-01 -9.3161768009e-01 -1.6973211211e+00 -1.1090790718e+00  4.0197852885e+00 -9.7516736816e-01 -1.1727200911e-01 -6.0229895341e-01 -9.3159463336e-01  2.7930661407e+00  4.0998903393e+00 -9.0468663256e-01  2.6033906920e+00  1.7832859795e+00 -8.9360205840e-01  4.0403216743e+00  1.6150649439e+00 -1.0292065367e+00 -1.1682996915e+00 -3.0357525518e+00  1.6039591663e+00 -7.4861619159e-01 -1.2200517999e+00  1.6179377962e+00 -9.5108811530e-01 -9.0301771999e-01  1.3995744236e+00  1.5268363865e+00 -2.7076266331e+00  1.3685969199e+00  1.7883914753e+00 -2.9404678451e+00 -6.3783209400e-01  2.9537751918e-01
ENERGY -8.593709807742e+02

JOB 18
COORDS  1.7069910654e+00 -9.7375465385e-01 -7.7628875574e-02  4.9021857786e-01 -8.9022259964e-01  6.2049586458e-01  2.9079794149e+00 -1.0074579328e+00  6.0789591451e-01  5.2312983630e-01 -8.8234497153e-01  2.0174636319e+00  2.9352730798e+00 -9.8557980681e-01  2.0055368512e+00  1.7343187543e+00 -9.3103580869e-01  2.7096840918e+00 -7.8093509339e-01 -8.5493600705e-01 -1.8829866957e-01 -2.2798821279e+00  1.2536903221e+00 -3.6521344824e-01 -1.8343985527e+00  1.2181171601e+00  1.0784418221e+00 -1.9657436728e+00 -7.1197586889e-02  3.0837894853e-01 -8.1616585546e-01 -1.4402307721e+00 -1.2612093215e+00  4.0788596069e+00 -1.0661353147e+00 -5.3806465959e-02 -6.0449795331e-01 -8.7269519270e-01  2.7507386953e+00  4.0958158147e+00 -1.0266035074e+00  2.6682776783e+00  1.7479604843e+00 -9.3813307919e-01  4.0495962626e+00  1.6967127406e+00 -1.0111713631e+00 -1.1619549031e+00 -3.3207027026e+00  1.4615675659e+00 -5.9236002102e-01 -1.5757717249e+00  1.6198179901e+00 -1.1065913794e+00 -8.3351134023e-01  1.5800969883e+00  1.2967835829e+00 -2.5615099931e+00  1.4157250384e+00  1.8596599763e+00 -2.8220467504e+00 -7.0457667968e-01  5.2721051874e-01
ENERGY -8.593705211620e+02

JOB 19
COORDS  1.7550676256e+00 -9.9559295144e-01 -4.5063858405e-02  5.1945842534e-01 -8.8130279161e-01  6.1568002485e-01  2.9307437330e+00 -1.0975048530e+00  6.7542677873e-01  5.0961027152e-01 -9.0870710266e-01  2.0134860564e+00  2.9146605076e+00 -1.1110481515e+00  2.0735492280e+00  1.6953231003e+00 -1.0226085669e+00  2.7412593606e+00 -7.1767906987e-01 -7.5338130862e-01 -2.3619677138e-01 -2.4595048822e+00  1.1704698271e+00 -3.7018464786e-01 -1.7982580448e+00  1.2957528981e+00  9.8576563230e-01 -1.9309313037e+00 -5.9240282063e-02  3.2853054837e-01 -6.8718805945e-01 -1.1558814098e+00 -1.3901546764e+00  4.1189697209e+00 -1.1882344620e+00  4.9155738007e-02 -6.3680627863e-01 -8.6532635409e-01  2.7160216668e+00  4.0507839369e+00 -1.2151766280e+00  2.7703408793e+00  1.6659419564e+00 -1.0586357973e+00  4.0805257762e+00  1.7755837643e+00 -9.9989201486e-01 -1.1298531232e+00 -3.5366278963e+00  1.2885265931e+00 -4.3686583177e-01 -1.9137238033e+00  1.5225944905e+00 -1.2402083046e+00 -8.1028082684e-01  1.7480119885e+00  1.0183314283e+00 -2.4140926045e+00  1.5007439763e+00  1.8557022057e+00 -2.6591581910e+00 -7.4428561544e-01  7.5736702268e-01
ENERGY -8.593711106524e+02

JOB 20
COORDS  1.8016489918e+00 -9.8579283338e-01 -3.5293423736e-02  5.6054025035e-01 -8.3838197095e-01  6.0980028799e-01  2.9597030359e+00 -1.1741174884e+00  6.9478674340e-01  5.3097488583e-01 -9.1474775218e-01  2.0061133314e+00  2.9227855022e+00 -1.2387379367e+00  2.0911851419e+00  1.6995739606e+00 -1.1120666610e+00  2.7443296474e+00 -6.4817652423e-01 -6.0642210627e-01 -2.6445595844e-01 -2.6231444418e+00  1.0749753277e+00 -3.5625464337e-01 -1.8098150091e+00  1.3954085115e+00  8.7769531481e-01 -1.8912552914e+00 -3.0621771856e-02  3.5506101547e-01 -5.4928227985e-01 -7.9232626908e-01 -1.4695313889e+00  4.1510811821e+00 -1.3006721395e+00  8.0725947298e-02 -6.1698926421e-01 -8.2852998388e-01  2.7036625399e+00  4.0416962852e+00 -1.4242922458e+00  2.7985656553e+00  1.6480122853e+00 -1.1886955356e+00  4.0813282910e+00  1.8366626332e+00 -9.4415863139e-01 -1.1188897621e+00 -3.7059122595e+00  1.0940379802e+00 -2.7826959420e-01 -2.2322554071e+00  1.3841296753e+00 -1.3203321408e+00 -8.7503714579e-01  1.9317271476e+00  7.3581738155e-01 -2.3227873771e+00  1.6209720622e+00  1.8072848530e+00 -2.4616338361e+00 -7.2655082183e-01  9.6462372126e-01
ENERGY -8.593729911445e+02

JOB 21
COORDS  1.8573896032e+00 -9.8705663309e-01 -4.0073719435e-02  6.2834715923e-01 -7.5958582219e-01  6.0673704446e-01  2.9949962862e+00 -1.2900391799e+00  6.8197218735e-01  5.9503897855e-01 -8.6408654468e-01  2.0018699360e+00  2.9532115096e+00 -1.3845952458e+00  2.0766284757e+00  1.7450227000e+00 -1.1702680128e+00  2.7333401161e+00 -5.4922533026e-01 -4.0876853641e-01 -2.7376715634e-01 -2.7441703310e+00  9.5837122452e-01 -3.6380653231e-01 -1.9118789871e+00  1.4726939599e+00  7.8283244958e-01 -1.8391956978e+00  1.8790140435e-03  3.6340703845e-01 -3.8106063194e-01 -3.6010156853e-01 -1.4861910976e+00  4.1714948536e+00 -1.5016864496e+00  6.2606201683e-02 -5.3364937418e-01 -6.8375225624e-01  2.7139300702e+00  4.0526946023e+00 -1.6779606061e+00  2.7777361146e+00  1.6878628281e+00 -1.2627352844e+00  4.0692700636e+00  1.8963582103e+00 -9.1345627940e-01 -1.1218533877e+00 -3.8130577692e+00  8.4584983907e-01 -2.0985910002e-01 -2.4518592550e+00  1.2358756842e+00 -1.3709646763e+00 -1.0597694951e+00  2.1031497633e+00  5.4416585914e-01 -2.3901837571e+00  1.6925413469e+00  1.7319854873e+00 -2.2691346597e+00 -7.0236998147e-01  1.0680280175e+00
ENERGY -8.593754061868e+02

JOB 22
COORDS  1.8940748524e+00 -9.9425919927e-01 -9.6680935608e-03  6.9570294624e-01 -6.6107383635e-01  6.4879422805e-01  3.0004550691e+00 -1.4204914435e+00  6.9862562244e-01  6.6386846122e-01 -7.7318490177e-01  2.0432711003e+00  2.9594298225e+00 -1.5264724532e+00  2.0924349732e+00  1.7844100862e+00 -1.1972965731e+00  2.7616058097e+00 -4.4735467371e-01 -1.9084466721e-01 -2.2073005525e-01 -2.8139647107e+00  8.2872418597e-01 -3.7950534526e-01 -2.0749065191e+00  1.5191268169e+00  7.3184614051e-01 -1.7835453335e+00  4.7766249501e-02  3.9415407387e-01 -2.2131059737e-01  6.0368749921e-02 -1.3995862614e+00  4.1445846349e+00 -1.7433593461e+00  6.6629967572e-02 -4.2900219570e-01 -4.6801688652e-01  2.7693478017e+00  4.0292166932e+00 -1.9357386185e+00  2.7814467266e+00  1.7319319617e+00 -1.2870075780e+00  4.0979390723e+00  1.9353681206e+00 -9.0374717367e-01 -1.0900677186e+00 -3.8538943260e+00  5.6376872096e-01 -2.1476788970e-01 -2.5559290794e+00  1.0900668106e+00 -1.4000357464e+00 -1.3159940565e+00  2.2463087068e+00  4.5898092665e-01 -2.5811746621e+00  1.7112694138e+00  1.6723557696e+00 -2.1142857545e+00 -6.6985500527e-01  1.1361576322e+00
ENERGY -8.593775664023e+02

JOB 23
COORDS  1.9200037261e+00 -9.7359431139e-01 -2.2961273080e-02  7.6130061490e-01 -5.7925376093e-01  6.7085617624e-01  3.0045298489e+00 -1.5020144637e+00  6.5035174898e-01  7.4891840558e-01 -7.2496520028e-01  2.0619129581e+00  2.9823076075e+00 -1.6463502907e+00  2.0410766598e+00  1.8485961646e+00 -1.2497893614e+00  2.7446088045e+00 -3.6394625572e-01 -5.5416890431e-03 -1.5666820131e-01 -2.8295374700e+00  7.0159538744e-01 -4.1042375092e-01 -2.2078201788e+00  1.5704034104e+00  6.3937266458e-01 -1.7197343229e+00  1.2384457754e-01  4.3952352487e-01 -1.1663418825e-01  3.7871994858e-01 -1.2956143228e+00  4.1093612818e+00 -1.8892811434e+00 -1.4478288236e-02 -3.0112131646e-01 -3.4592585896e-01  2.8169363650e+00  4.0322377274e+00 -2.1528657864e+00  2.6954687554e+00  1.8183159777e+00 -1.3679529284e+00  4.0793476069e+00  1.9501750052e+00 -8.5024087428e-01 -1.1004487504e+00 -3.8270244166e+00  3.1233921136e-01 -2.3138949210e-01 -2.5806139419e+00  9.0553229458e-01 -1.4461499590e+00 -1.5348847554e+00  2.3564561879e+00  3.1157232878e-01 -2.7514444362e+00  1.7737022165e+00  1.5564283815e+00 -1.9805183489e+00 -5.6943413026e-01  1.2294556061e+00
ENERGY -8.593790513312e+02

