JOB 0
COORDS -1.6949699474e+00 -6.9997248869e+00  8.2333348918e-02 -1.0062037764e+00 -6.4819705811e+00 -1.0234814386e+00 -2.0373668949e+00 -6.1468661861e+00  1.1321333296e+00 -6.6821627541e-01 -5.1315178546e+00 -1.0775115050e+00 -1.7038075315e+00 -4.7862349197e+00  1.0931468663e+00 -1.0183514446e+00 -4.2805806068e+00 -1.8462409944e-02  9.3777403422e-01  1.4024980103e+00 -7.8685451565e-01  7.0706599264e-01  1.3997288847e-01 -1.1630141515e+00 -5.4762200594e-01 -6.8729666670e-01  4.4874835397e-01  1.3721545411e-01  1.5503355921e+00  5.5355158923e-01 -1.0107822214e+00 -2.0466836602e+00  8.6759119243e-01 -9.9886461071e-02  2.1408245347e-01  1.2601626201e+00 -6.9087216768e-01 -1.8641920597e-01 -8.7970039951e-01 -6.4222931556e-01 -2.9655347555e+00 -1.6350210705e-01 -1.9572882059e+00 -8.0530134687e+00  1.2240816554e-01 -7.3066469964e-01 -7.1341904205e+00 -1.8481479382e+00 -2.5688032133e+00 -6.5347779235e+00  1.9973032244e+00 -1.3275475960e-01 -4.7165090141e+00 -1.9266894065e+00 -1.9763965688e+00 -4.1474781851e+00  1.9255017600e+00  1.8810176353e+00  1.9240065477e+00 -9.3330330112e-01  1.2213935526e+00 -4.6344140995e-01 -1.9079417895e+00  6.7745357746e-01  2.1960209239e+00  1.2477929511e+00 -8.5742422696e-01  1.9816812637e+00  3.7598682531e-01 -2.1032196446e+00 -2.0421461073e+00  9.9000813536e-01 -5.4527603917e-01 -2.2991241458e+00  1.8250037278e+00 -9.6196636802e-01 -9.5506129423e-01 -1.4984707122e+00
ENERGY -6.111305304473e+02

JOB 1
COORDS -1.7158739615e+00 -6.9862690026e+00  1.0444495404e-01 -1.0332966722e+00 -6.4817361744e+00 -1.0112649845e+00 -2.0384128206e+00 -6.1238927185e+00  1.1527742059e+00 -6.8218599278e-01 -5.1351307843e+00 -1.0767284276e+00 -1.6914104945e+00 -4.7670175618e+00  1.1024003396e+00 -1.0126720145e+00 -4.2744417694e+00 -1.9213391864e-02  9.2844487252e-01  1.4205557210e+00 -7.0870604773e-01  6.9593516963e-01  2.2251550596e-01 -1.2594573397e+00 -5.2493890300e-01 -6.7038831875e-01  4.1616471819e-01  9.3193682011e-02  1.5579811235e+00  5.7498394800e-01 -9.8518080712e-01 -2.0319126467e+00  8.4620867303e-01 -1.3181032682e-01  2.2801210487e-01  1.2450831197e+00 -6.3257846911e-01 -2.5939539837e-01 -9.4633141189e-01 -6.2435315193e-01 -2.9643407422e+00 -1.7524188728e-01 -1.9886081383e+00 -8.0365460970e+00  1.5323091682e-01 -7.7301381688e-01 -7.1413917436e+00 -1.8349775592e+00 -2.5646143731e+00 -6.5013925503e+00  2.0257252404e+00 -1.5115316740e-01 -4.7307587661e+00 -1.9338193019e+00 -1.9481839418e+00 -4.1207258321e+00  1.9339208171e+00  1.8575282765e+00  1.9674994720e+00 -8.4358803004e-01  1.2258104372e+00 -2.5064995698e-01 -2.0813168275e+00  5.7119907769e-01  2.2269769672e+00  1.2923407209e+00 -9.0227332771e-01  1.9623558323e+00  3.3564749339e-01 -2.0763724369e+00 -2.0274402348e+00  9.7722844892e-01 -5.1356823198e-01 -2.2740256895e+00  1.8031181231e+00 -8.4515837555e-01 -1.0725973376e+00 -1.5254006151e+00
ENERGY -6.111611818663e+02

JOB 2
COORDS -1.7330306050e+00 -6.9883284925e+00  1.2381621620e-01 -1.0322370789e+00 -6.5007661567e+00 -9.8811463725e-01 -2.0616667184e+00 -6.1129317886e+00  1.1594146865e+00 -6.6934304063e-01 -5.1577344297e+00 -1.0624197415e+00 -1.7030524208e+00 -4.7594638585e+00  1.0999858367e+00 -1.0062030035e+00 -4.2837182409e+00 -1.7832909153e-02  9.1870218037e-01  1.4326835281e+00 -6.5231053168e-01  6.5274957110e-01  3.1634256318e-01 -1.3420717498e+00 -5.0091346853e-01 -6.7128043481e-01  3.9243393169e-01  1.0510560733e-01  1.5458879200e+00  6.2904046651e-01 -9.7399732536e-01 -2.0317870750e+00  8.2419422077e-01 -1.2798729701e-01  2.0826256858e-01  1.2439423694e+00 -5.7805134266e-01 -3.2573184090e-01 -9.8336608838e-01 -6.0516664301e-01 -2.9785271695e+00 -1.8158649402e-01 -2.0149980638e+00 -8.0358232855e+00  1.7959726163e-01 -7.6691106245e-01 -7.1708117531e+00 -1.8017865593e+00 -2.6018698107e+00 -6.4774361307e+00  2.0293418319e+00 -1.2386090379e-01 -4.7665090846e+00 -1.9165572349e+00 -1.9648227525e+00 -4.1026838632e+00  1.9216396007e+00  1.8236539896e+00  2.0110535514e+00 -8.1050413057e-01  1.1668120715e+00 -3.9391547593e-02 -2.2293899286e+00  5.9597907344e-01  2.1870825465e+00  1.3636602183e+00 -8.8329363983e-01  1.9802910582e+00  4.0933453631e-01 -2.0667123935e+00 -2.0212363833e+00  9.4004611910e-01 -5.1690729373e-01 -2.2661369628e+00  1.7897415044e+00 -7.4197550286e-01 -1.1589761262e+00 -1.5451916328e+00
ENERGY -6.111803950232e+02

JOB 3
COORDS -1.7552007173e+00 -6.9945134977e+00  1.4467092822e-01 -1.0306068061e+00 -6.5265592220e+00 -9.6036481980e-01 -2.0911930620e+00 -6.1043428831e+00  1.1652536910e+00 -6.5180331627e-01 -5.1883460425e+00 -1.0424367131e+00 -1.7167829826e+00 -4.7555694640e+00  1.0977744456e+00 -9.9621702145e-01 -4.2992770078e+00 -1.3082853796e-02  8.9629442044e-01  1.4626943200e+00 -6.1952792372e-01  6.1207123744e-01  4.1290851008e-01 -1.4001003747e+00 -4.7194999124e-01 -6.7913797095e-01  3.6628613966e-01  1.2998977271e-01  1.5390591256e+00  6.8540741894e-01 -9.5987554555e-01 -2.0370139082e+00  8.0224761106e-01 -1.3323266496e-01  1.9146813799e-01  1.2387930395e+00 -4.9154572437e-01 -3.9944181624e-01 -1.0162591371e+00 -5.7750104228e-01 -3.0005568947e+00 -1.8276312485e-01 -2.0497130124e+00 -8.0381998478e+00  2.0677870978e-01 -7.5919011383e-01 -7.2080526574e+00 -1.7624507900e+00 -2.6497476033e+00 -6.4535982359e+00  2.0298373726e+00 -8.7763851351e-02 -4.8124996220e+00 -1.8914313088e+00 -1.9846435257e+00 -4.0871336862e+00  1.9079664966e+00  1.7441143077e+00  2.1087944940e+00 -8.2230994682e-01  1.0991307629e+00  1.7084453078e-01 -2.3391229145e+00  6.7279505884e-01  2.1219722054e+00  1.4336035659e+00 -8.4200199718e-01  2.0350733466e+00  5.3092025286e-01 -2.0543219446e+00 -2.0197307801e+00  8.9666314714e-01 -5.2234988183e-01 -2.2610300802e+00  1.7789869751e+00 -5.8304773979e-01 -1.2486227757e+00 -1.5669661255e+00
ENERGY -6.111907049070e+02

JOB 4
COORDS -1.7741326103e+00 -6.9960647429e+00  1.6059286885e-01 -1.0084976042e+00 -6.5496628175e+00 -9.2548068946e-01 -2.1355528943e+00 -6.0891754477e+00  1.1575642261e+00 -6.1461028415e-01 -5.2160856092e+00 -1.0118918945e+00 -1.7466740917e+00 -4.7447739981e+00  1.0859694267e+00 -9.8512597132e-01 -4.3104750137e+00 -6.2150491099e-03  8.4474996927e-01  1.5110539903e+00 -6.2377646159e-01  5.4268371569e-01  5.0465888837e-01 -1.4531915535e+00 -4.4773912692e-01 -6.8512339851e-01  3.3959216471e-01  1.7632960522e-01  1.5372992893e+00  7.3305270373e-01 -9.5656582287e-01 -2.0371609074e+00  7.7942964717e-01 -1.4391423525e-01  1.8467931851e-01  1.2255165591e+00 -4.0201544340e-01 -4.6483439875e-01 -1.0427089648e+00 -5.4846456693e-01 -3.0183021931e+00 -1.7794692496e-01 -2.0805588352e+00 -8.0360909686e+00  2.2642112223e-01 -7.1677601659e-01 -7.2441788273e+00 -1.7090668025e+00 -2.7260217178e+00 -6.4220153562e+00  2.0072846474e+00 -1.8803493186e-02 -4.8566776439e+00 -1.8462112954e+00 -2.0349189949e+00 -4.0630564840e+00  1.8779071979e+00  1.5943745674e+00  2.2481011626e+00 -8.9294582374e-01  9.6809765120e-01  3.7188032592e-01 -2.4426459966e+00  8.1413352539e-01  2.0286473012e+00  1.4745029294e+00 -7.5921073195e-01  2.1189936000e+00  6.9628278057e-01 -2.0531876280e+00 -2.0121259885e+00  8.3776334695e-01 -5.5109748844e-01 -2.2490716091e+00  1.7723147818e+00 -4.1967286176e-01 -1.3226745904e+00 -1.5841957692e+00
ENERGY -6.111948865107e+02

JOB 5
COORDS -1.8067279041e+00 -7.0206446329e+00  1.7149024693e-01 -9.8843418818e-01 -6.5973594299e+00 -8.8506632817e-01 -2.2019263418e+00 -6.0980866848e+00  1.1409203819e+00 -5.7528578037e-01 -5.2695523770e+00 -9.6999344552e-01 -1.7938432067e+00 -4.7594183055e+00  1.0697564909e+00 -9.7953281573e-01 -4.3473599191e+00  7.3369248189e-03  7.6097804379e-01  1.5486005297e+00 -6.2705385644e-01  4.6850659694e-01  5.5746263399e-01 -1.4782852078e+00 -4.1764593961e-01 -7.2236139600e-01  3.2909180601e-01  2.3617609855e-01  1.5018442140e+00  7.9112731097e-01 -9.5898846264e-01 -2.0648977251e+00  7.6647499979e-01 -1.7127357070e-01  1.5591672471e-01  1.2246670483e+00 -2.8247509679e-01 -5.5133648964e-01 -1.0451931431e+00 -5.2036712714e-01 -3.0628137620e+00 -1.5966850913e-01 -2.1280310513e+00 -8.0562386079e+00  2.3603701879e-01 -6.7061144593e-01 -7.3051586806e+00 -1.6463251492e+00 -2.8334445189e+00 -6.4136162352e+00  1.9674489652e+00  6.1207178654e-02 -4.9274821221e+00 -1.7812577020e+00 -2.1086513642e+00 -4.0642298937e+00  1.8395482145e+00  1.3606130092e+00  2.3913536805e+00 -9.5750533257e-01  8.0112770085e-01  5.2932306490e-01 -2.5109572140e+00  9.9354632770e-01  1.8666259465e+00  1.4958530847e+00 -6.2660689402e-01  2.1770307090e+00  9.1025767616e-01 -2.0565291200e+00 -2.0267612300e+00  7.7711800941e-01 -5.9792120484e-01 -2.2688358958e+00  1.7778823206e+00 -2.4016121240e-01 -1.4058946857e+00 -1.5868398831e+00
ENERGY -6.111952784498e+02

JOB 6
COORDS -1.8298154438e+00 -6.9996175855e+00  1.6650431328e-01 -9.6640138397e-01 -6.6038626249e+00 -8.6449431424e-01 -2.2440982522e+00 -6.0562090749e+00  1.1074809856e+00 -5.2775582819e-01 -5.2844194462e+00 -9.5240756042e-01 -1.8112695335e+00 -4.7254875190e+00  1.0332689528e+00 -9.5161208924e-01 -4.3413749630e+00 -3.6265168887e-03  6.2710274824e-01  1.6459775424e+00 -7.0122869659e-01  4.4674130932e-01  6.1281324598e-01 -1.5338107104e+00 -3.3437915816e-01 -7.2140915215e-01  2.9403940055e-01  2.8810622163e-01  1.5231103325e+00  7.7001974249e-01 -9.1683020566e-01 -2.0504523258e+00  7.2728240011e-01 -2.1213208381e-01  1.9888687184e-01  1.1735562928e+00 -4.3130102737e-02 -6.0864659467e-01 -1.0531735893e+00 -4.6547109634e-01 -3.0672081900e+00 -1.7104709520e-01 -2.1707377477e+00 -8.0287986470e+00  2.3327964500e-01 -6.3285470764e-01 -7.3273551357e+00 -1.6039538333e+00 -2.9108111539e+00 -6.3492223170e+00  1.9144198557e+00  1.4376257612e-01 -4.9648719536e+00 -1.7444072290e+00 -2.1431127114e+00 -4.0143003949e+00  1.7809683166e+00  9.9431740887e-01  2.5922893442e+00 -1.0880407473e+00  6.6413461164e-01  6.5160162315e-01 -2.5963502127e+00  1.1673129545e+00  1.7528641453e+00  1.3899209845e+00 -4.6587183660e-01  2.2726539977e+00  1.0539716447e+00 -2.0125996607e+00 -1.9884096293e+00  6.9936888958e-01 -5.9717340566e-01 -2.2534946910e+00  1.7528279548e+00 -1.8836876438e-02 -1.4506878637e+00 -1.6104516296e+00
ENERGY -6.111940490071e+02

JOB 7
COORDS -1.8333171138e+00 -6.9772086146e+00  1.7876073465e-01 -1.3446991288e+00 -6.4909922425e+00 -1.0418702358e+00 -1.9685084636e+00 -6.1005582428e+00  1.2559040004e+00 -9.9465254108e-01 -5.1495409806e+00 -1.1798042829e+00 -1.6216840600e+00 -4.7483993369e+00  1.1329040936e+00 -1.1308526969e+00 -4.2754521610e+00 -9.0586263190e-02  6.7252639734e-01  1.5934561659e+00 -7.9593925263e-01  1.0773535969e+00  4.1903290747e-01 -1.2949190701e+00 -2.6591162450e-01 -7.1931835268e-01  3.1406017854e-01 -1.0430323096e-01  1.6321513701e+00  5.0143145331e-01 -8.1169721500e-01 -2.0529625047e+00  7.7246858081e-01 -7.2204330258e-01  3.4439238337e-01  8.5691971002e-01  7.4120397442e-01 -7.8307986836e-01 -6.4436029501e-01 -7.6294953064e-01 -2.9717800630e+00 -3.2271451322e-01 -2.1055054613e+00 -8.0234799404e+00  2.8422785644e-01 -1.2359195894e+00 -7.1607586920e+00 -1.8910222528e+00 -2.3494466410e+00 -6.4624564014e+00  2.2074393729e+00 -6.1743616908e-01 -4.7587166779e+00 -2.1206757448e+00 -1.7434829154e+00 -4.0871987023e+00  1.9831696791e+00  9.1498119013e-01  2.5173340421e+00 -1.3123505424e+00  1.6473212683e+00  3.1653404558e-01 -2.2127841580e+00  5.4487845452e-01  1.9435581703e+00  1.3356980612e+00 -9.0097412129e-01  2.3846795737e+00  4.5305627552e-01 -1.8351475149e+00 -1.9030626395e+00  1.1259277482e+00 -1.9662541199e-01 -2.4309357692e+00  1.6001116208e+00  7.8004775346e-01 -1.6457828228e+00 -1.1733822457e+00
ENERGY -6.111952797143e+02

JOB 8
COORDS -1.8401687178e+00 -6.9969821429e+00  1.5859275501e-01 -1.2891148664e+00 -6.5143859548e+00 -1.0365807634e+00 -2.0269941366e+00 -6.1176158720e+00  1.2257435435e+00 -9.2901926273e-01 -5.1739833286e+00 -1.1579678540e+00 -1.6707448635e+00 -4.7664947907e+00  1.1189992211e+00 -1.1175333893e+00 -4.2970765726e+00 -7.8936623032e-02  5.6737951396e-01  1.5523944062e+00 -8.4729449684e-01  9.5442001934e-01  3.6750864278e-01 -1.3350563188e+00 -2.7278731630e-01 -7.4125798649e-01  3.6063758908e-01 -4.9625546840e-02  1.5837052629e+00  5.3377921323e-01 -8.3710469749e-01 -2.0731280619e+00  7.9381575408e-01 -7.5727918676e-01  3.3121143401e-01  8.5978087131e-01  8.0212505147e-01 -7.8822755449e-01 -5.3482584004e-01 -7.3385725382e-01 -2.9947198632e+00 -2.9501657256e-01 -2.1203756393e+00 -8.0422717433e+00  2.5208764828e-01 -1.1393029037e+00 -7.1857433756e+00 -1.8781899136e+00 -2.4565127545e+00 -6.4768576231e+00  2.1573659773e+00 -5.0360925244e-01 -4.7856808302e+00 -2.0790868328e+00 -1.8336494022e+00 -4.1039034216e+00  1.9612424122e+00  6.3312562790e-01  2.4517815547e+00 -1.4509254475e+00  1.3928332471e+00  2.1804328744e-01 -2.3164323197e+00  7.2202845711e-01  1.7511059184e+00  1.3028330712e+00 -7.6011199938e-01  2.4110701650e+00  6.2668121403e-01 -1.8763388058e+00 -1.9219005761e+00  1.0976835597e+00 -2.6395453590e-01 -2.4495542653e+00  1.6519259356e+00  8.8465171124e-01 -1.6770892374e+00 -1.0166764892e+00
ENERGY -6.111948859608e+02

JOB 9
COORDS -1.8373195448e+00 -6.9681687663e+00  1.3296430131e-01 -1.2430724644e+00 -6.4850226762e+00 -1.0411652773e+00 -2.0595763203e+00 -6.0900603965e+00  1.1942748738e+00 -8.7503053324e-01 -5.1456334334e+00 -1.1490705326e+00 -1.6958651503e+00 -4.7398825889e+00  1.1011006807e+00 -1.0996139852e+00 -4.2701744164e+00 -7.5882385291e-02  5.2611871492e-01  1.5466195389e+00 -8.9550761875e-01  8.5356410524e-01  3.3771262964e-01 -1.3682414192e+00 -2.7055886101e-01 -7.1843989937e-01  3.9496371304e-01  1.7514055697e-02  1.5799262118e+00  5.3145428616e-01 -8.4658379434e-01 -2.0483282323e+00  8.0910767053e-01 -7.6530725020e-01  3.6619668549e-01  8.5615762528e-01  8.6794644635e-01 -7.3902803761e-01 -4.3781660734e-01 -7.0456222144e-01 -2.9684209469e+00 -2.7630077398e-01 -2.1233087242e+00 -8.0128719138e+00  2.1477556432e-01 -1.0654355804e+00 -7.1558866295e+00 -1.8777130730e+00 -2.5226032207e+00 -6.4491967937e+00  2.1097490366e+00 -4.1625270144e-01 -4.7573186610e+00 -2.0540223012e+00 -1.8864987170e+00 -4.0779493291e+00  1.9380398784e+00  4.5586686472e-01  2.4116501262e+00 -1.5467734020e+00  1.1828899225e+00  1.2011596461e-01 -2.3790782470e+00  8.6135998840e-01  1.6351208547e+00  1.2382308673e+00 -6.0995620718e-01  2.4563894581e+00  7.1126723998e-01 -1.8957577851e+00 -1.8985078291e+00  1.0782245629e+00 -3.0318509674e-01 -2.4253233836e+00  1.6863850130e+00  9.9655818930e-01 -1.6494321822e+00 -8.7071761903e-01
ENERGY -6.111907043078e+02

JOB 10
COORDS -1.8313868857e+00 -6.9575886171e+00  1.0426207283e-01 -1.2102706452e+00 -6.4677436722e+00 -1.0530986886e+00 -2.0758840641e+00 -6.0867587083e+00  1.1666540360e+00 -8.3769975649e-01 -5.1283490238e+00 -1.1433862246e+00 -1.7080653622e+00 -4.7365643159e+00  1.0913299204e+00 -1.0850219772e+00 -4.2604595841e+00 -6.9078174679e-02  5.2458530895e-01  1.5229339794e+00 -9.3825064000e-01  7.4793174293e-01  2.7827309568e-01 -1.3784429508e+00 -2.7197060773e-01 -7.1642456860e-01  4.3423725514e-01  7.5834095266e-02  1.5664974302e+00  5.1555972712e-01 -8.5443565169e-01 -2.0440603446e+00  8.3379363254e-01 -7.6526434384e-01  3.8514548649e-01  8.5953044163e-01  9.1795214248e-01 -6.9768670795e-01 -3.4177746889e-01 -6.8233484511e-01 -2.9583175975e+00 -2.5175906385e-01 -2.1209108610e+00 -8.0022919189e+00  1.7237334429e-01 -1.0152196799e+00 -7.1331732053e+00 -1.8901002469e+00 -2.5597280895e+00 -6.4516255771e+00  2.0689914523e+00 -3.5807070281e-01 -4.7342291207e+00 -2.0349022224e+00 -1.9160614197e+00 -4.0802487586e+00  1.9285999890e+00  3.6279097366e-01  2.3570910403e+00 -1.6138880675e+00  9.7843720827e-01 -2.1708238448e-02 -2.3958153650e+00  9.5403385400e-01  1.5461749085e+00  1.1805803212e+00 -4.8946779573e-01  2.4739142304e+00  7.3650605538e-01 -1.9104220202e+00 -1.8984481925e+00  1.0784141911e+00 -3.3127949076e-01 -2.4222607083e+00  1.7230629555e+00  1.1000560273e+00 -1.6227954519e+00 -7.2628084333e-01
ENERGY -6.111803937464e+02

JOB 11
COORDS -1.8254267208e+00 -6.9513960248e+00  7.7233507199e-02 -1.1855521224e+00 -6.4541206913e+00 -1.0666375255e+00 -2.0874097979e+00 -6.0890769447e+00  1.1424617493e+00 -8.1218889413e-01 -5.1139146175e+00 -1.1392331891e+00 -1.7186629947e+00 -4.7383314926e+00  1.0837033353e+00 -1.0768967538e+00 -4.2537788005e+00 -6.2835276635e-02  5.5530258392e-01  1.5030669534e+00 -9.8576035581e-01  6.2741478567e-01  2.2305788088e-01 -1.3723591671e+00 -2.7578508512e-01 -7.1930471121e-01  4.6975588986e-01  1.2661783479e-01  1.5643010701e+00  4.8981855746e-01 -8.6412709345e-01 -2.0435236568e+00  8.5826789459e-01 -7.5574399339e-01  4.0333233744e-01  8.6785940124e-01  9.4706171917e-01 -6.5044001119e-01 -2.6323938865e-01 -6.7085386693e-01 -2.9503847137e+00 -2.2951430157e-01 -2.1161042150e+00 -7.9964751466e+00  1.3289938234e-01 -9.7675770805e-01 -7.1131782352e+00 -1.9054091196e+00 -2.5858326560e+00 -6.4610488207e+00  2.0338958867e+00 -3.1776602906e-01 -4.7127238491e+00 -2.0193743579e+00 -1.9403018347e+00 -4.0885556116e+00  1.9226073816e+00  3.4981595118e-01  2.3208237570e+00 -1.6709786534e+00  7.5652862180e-01 -1.6634971613e-01 -2.3783350211e+00  1.0120212992e+00  1.5120154681e+00  1.1418477387e+00 -4.0850078912e-01  2.4887901721e+00  7.1265337626e-01 -1.9246203436e+00 -1.9012096199e+00  1.0858745284e+00 -3.5481264323e-01 -2.4239780872e+00  1.7547902891e+00  1.1787752524e+00 -1.5793157605e+00 -6.1725928328e-01
ENERGY -6.111611757165e+02

JOB 12
COORDS -1.8269385699e+00 -6.9538164712e+00  4.9437553026e-02 -1.1801525493e+00 -6.4443061538e+00 -1.0851211517e+00 -2.0912172315e+00 -6.1013660737e+00  1.1219279061e+00 -8.0327677280e-01 -5.1042524774e+00 -1.1415251829e+00 -1.7195061877e+00 -4.7507116314e+00  1.0807120625e+00 -1.0713118952e+00 -4.2550778256e+00 -5.7390197259e-02  6.1481498500e-01  1.4860052028e+00 -1.0408756348e+00  5.1325960417e-01  1.8589653227e-01 -1.3371673804e+00 -2.8056063634e-01 -7.3113781323e-01  5.0311676622e-01  1.5163592355e-01  1.5710232676e+00  4.5491026486e-01 -8.6666072260e-01 -2.0539128050e+00  8.8548391563e-01 -7.6036378667e-01  4.1318922892e-01  8.6637123372e-01  9.6226782930e-01 -5.9492610661e-01 -1.8368362366e-01 -6.6129390401e-01 -2.9508113876e+00 -2.0821888966e-01 -2.1204283381e+00 -7.9987542005e+00  9.2300960826e-02 -9.6853784616e-01 -7.0943531670e+00 -1.9301318246e+00 -2.5946368745e+00 -6.4817153067e+00  2.0069506082e+00 -3.0320916101e-01 -4.6948445726e+00 -2.0146602687e+00 -1.9435202326e+00 -4.1102554278e+00  1.9261636737e+00  3.9933099213e-01  2.2928787926e+00 -1.7377630386e+00  5.2310107428e-01 -3.0496208491e-01 -2.3079337989e+00  1.0109223314e+00  1.5400846398e+00  1.1385683621e+00 -3.9819120038e-01  2.4975887405e+00  6.2790472361e-01 -1.9294162652e+00 -1.9180084729e+00  1.1074091821e+00 -3.5971976609e-01 -2.4365447930e+00  1.7825800319e+00  1.2568827695e+00 -1.5134828122e+00 -5.2511627689e-01
ENERGY -6.111305301772e+02

