JOB 0
COORDS  2.2825414207e+00  1.9459209148e+00 -8.3646073004e-01  2.2705283163e+00  1.0401647857e+00 -1.9080253731e+00  1.4268892522e+00  1.7497019806e+00  2.4180895622e-01  1.3914711419e+00 -3.9702146688e-02 -1.9082224772e+00  5.4192701532e-01  6.5575551147e-01  2.7566961673e-01  5.2654617637e-01 -2.2210468654e-01 -8.2708013631e-01 -3.5130748651e-01  3.6695662120e-01  1.4128421760e+00 -1.3742941809e+00 -4.5393358511e-01  1.3650508709e+00 -7.4780061067e-02  9.1885966367e-01  2.6249703843e+00 -2.3188368022e+00 -2.4264123382e+00  9.1285047631e-02 -2.5375768547e+00 -1.0221974182e-01 -8.8243003827e-01 -3.0409747891e-01 -1.3130372585e+00 -8.5227433420e-01 -1.8162453504e+00 -1.0833222088e+00 -8.6230057726e-02  2.9529238802e+00  2.7997426879e+00 -8.4941332226e-01  2.9374811389e+00  1.1885009936e+00 -2.7526765974e+00  1.4405859819e+00  2.4726160990e+00  1.0528566492e+00  1.3483737354e+00 -7.4403365987e-01 -2.7327618234e+00  5.3886465097e-01  1.7163577515e+00  2.6968607175e+00 -7.9113492789e-01  8.2210278720e-01  3.3353303010e+00
ENERGY -1.003744513123e+03

JOB 1
COORDS  2.1688769809e+00  2.0868655621e+00 -8.8239458641e-01  2.1423701788e+00  1.2229588737e+00 -1.9877702841e+00  1.3707073802e+00  1.8168761419e+00  2.2333892015e-01  1.3116186468e+00  1.0568775660e-01 -1.9911271063e+00  5.2494670669e-01  6.9169317828e-01  2.4937270540e-01  5.0509622922e-01 -1.5083478139e-01 -8.8045863497e-01 -3.1442587517e-01  3.3376048383e-01  1.4066616630e+00 -1.2934650792e+00 -5.3599719262e-01  1.3756854872e+00 -2.9080482216e-02  8.8322315656e-01  2.6279144498e+00 -2.1333125709e+00 -2.5680634288e+00  1.1490041626e-01 -2.5786160320e+00 -2.5428505567e-01 -8.0510316466e-01 -2.6203712503e-01 -1.2883441459e+00 -9.0447869328e-01 -1.7442477949e+00 -1.1883239061e+00 -6.5716888081e-02  2.8096821169e+00  2.9631738497e+00 -8.8824738632e-01  2.7652291614e+00  1.4294967537e+00 -2.8535572910e+00  1.4087291664e+00  2.4983773342e+00  1.0681775312e+00  1.2650868627e+00 -5.7345586233e-01 -2.8363581342e+00  3.4486579731e-01  1.8220617352e+00  2.6575580225e+00 -7.3711937137e-01  6.9727864363e-01  3.3315108847e+00
ENERGY -1.003743423235e+03

JOB 2
COORDS  2.2032947036e+00  2.0620304818e+00 -8.7279631286e-01  2.1420865054e+00  1.2274275263e+00 -1.9992962947e+00  1.4116477240e+00  1.7844423073e+00  2.3560783696e-01  1.2902391006e+00  1.2605811710e-01 -2.0172224200e+00  5.3340189694e-01  6.8376572555e-01  2.4038486434e-01  4.9181537599e-01 -1.3876340518e-01 -9.0295457034e-01 -3.1220485148e-01  3.3464233665e-01  1.3932225314e+00 -1.2973056195e+00 -5.2412033649e-01  1.3628822250e+00 -3.3956809744e-02  9.0958790537e-01  2.6162553764e+00 -2.0951699142e+00 -2.5941320147e+00  1.2586975447e-01 -2.6153538913e+00 -2.9559849515e-01 -7.9472083421e-01 -2.7940848605e-01 -1.2745411350e+00 -9.3464398283e-01 -1.7437317241e+00 -1.2065512374e+00 -7.0909649585e-02  2.8702194878e+00  2.9186045624e+00 -8.6269093569e-01  2.7601404383e+00  1.4399779092e+00 -2.8670877808e+00  1.4878755043e+00  2.4280292579e+00  1.1064481611e+00  1.2254369101e+00 -5.3656460829e-01 -2.8742549014e+00  1.2132172087e-01  1.9114927802e+00  2.6124445372e+00 -7.2924025668e-01  6.4850666960e-01  3.3114276516e+00
ENERGY -1.003741517529e+03

JOB 3
COORDS  2.2285925184e+00  2.0420542252e+00 -8.6658374151e-01  2.1427324348e+00  1.2293195020e+00 -2.0076511105e+00  1.4419777208e+00  1.7594883458e+00  2.4413504532e-01  1.2748280925e+00  1.4003997340e-01 -2.0364707595e+00  5.4126185501e-01  6.7702522378e-01  2.3178048045e-01  4.8145658255e-01 -1.3065941735e-01 -9.2070063822e-01 -3.0818711762e-01  3.3948803449e-01  1.3813797246e+00 -1.3012463696e+00 -5.0596829670e-01  1.3560665850e+00 -3.3303829224e-02  9.4947570939e-01  2.6022310252e+00 -2.0710294150e+00 -2.6061115732e+00  1.3984379694e-01 -2.6434789044e+00 -3.2005328510e-01 -7.8379763789e-01 -2.9600819074e-01 -1.2636897072e+00 -9.5571849915e-01 -1.7455830521e+00 -1.2146171431e+00 -7.2915399886e-02  2.9143811752e+00  2.8834468844e+00 -8.4635081496e-01  2.7579850879e+00  1.4457902771e+00 -2.8765242360e+00  1.5390741134e+00  2.3713516004e+00  1.1350121691e+00  1.1974957410e+00 -5.0967546209e-01 -2.9022613046e+00 -1.0800539082e-01  1.9635085645e+00  2.5779276535e+00 -6.8059816687e-01  5.9574436077e-01  3.3055866610e+00
ENERGY -1.003738706391e+03

JOB 4
COORDS  2.2441894716e+00  2.0260522463e+00 -8.6992291001e-01  2.1461765149e+00  1.2224229334e+00 -2.0166802086e+00  1.4584737524e+00  1.7434550963e+00  2.4141255210e-01  1.2684061224e+00  1.4044049617e-01 -2.0528249558e+00  5.4481065857e-01  6.7191776927e-01  2.2064722955e-01  4.7585380860e-01 -1.2791565762e-01 -9.3679997642e-01 -3.0723728570e-01  3.4692224248e-01  1.3679615718e+00 -1.3074812064e+00 -4.8639181420e-01  1.3473151506e+00 -3.4665861327e-02  9.9317048047e-01  2.5860730462e+00 -2.0728688850e+00 -2.5992798219e+00  1.3933550590e-01 -2.6574906261e+00 -3.1588674594e-01 -7.8630902895e-01 -3.0979295196e-01 -1.2566251763e+00 -9.7208441861e-01 -1.7523598146e+00 -1.2082293662e+00 -8.2690252108e-02  2.9406913468e+00  2.8585499569e+00 -8.4575534077e-01  2.7622679278e+00  1.4384322408e+00 -2.8851120137e+00  1.5602636395e+00  2.3372399404e+00  1.1435253544e+00  1.1853260449e+00 -5.0326510580e-01 -2.9225940460e+00 -3.3883037961e-01  1.9663771873e+00  2.5680953533e+00 -5.9243842097e-01  5.3650266807e-01  3.3089317115e+00
ENERGY -1.003735122715e+03

JOB 5
COORDS  2.2568371333e+00  2.0265681438e+00 -8.7412913791e-01  2.1549879049e+00  1.2188443317e+00 -2.0178109003e+00  1.4730194620e+00  1.7492751139e+00  2.3989242930e-01  1.2743904121e+00  1.3811306503e-01 -2.0505528858e+00  5.5727205541e-01  6.7908335865e-01  2.2150363829e-01  4.8245400806e-01 -1.2441237926e-01 -9.3365417811e-01 -2.9293461445e-01  3.6763242870e-01  1.3698424100e+00 -1.2940933259e+00 -4.6153913417e-01  1.3615619466e+00 -1.7290944853e-02  1.0492597951e+00  2.5840344548e+00 -2.0658903628e+00 -2.5837262417e+00  1.6765636565e-01 -2.6541116091e+00 -3.0390718485e-01 -7.6751040204e-01 -3.0824513709e-01 -1.2507259003e+00 -9.6147362685e-01 -1.7457488157e+00 -1.1947740105e+00 -6.6760360952e-02  2.9553671949e+00  2.8575267532e+00 -8.5476976627e-01  2.7706665692e+00  1.4302441523e+00 -2.8877388394e+00  1.5690445817e+00  2.3398645801e+00  1.1444030723e+00  1.1896969197e+00 -5.0740711196e-01 -2.9187941905e+00 -5.4100782051e-01  1.9263168248e+00  2.6064926390e+00 -4.3159781983e-01  4.8970891850e-01  3.3322949948e+00
ENERGY -1.003731266550e+03

JOB 6
COORDS  2.1544991719e+00  2.0479117320e+00 -8.0275118012e-01  2.1642269309e+00  1.1393478722e+00 -1.8725571052e+00  1.3458934935e+00  1.8039903742e+00  3.0103737882e-01  1.3481329255e+00  1.0829850610e-02 -1.8510858335e+00  5.3172239425e-01  6.5476869979e-01  3.6432469834e-01  5.2615975620e-01 -2.1730494072e-01 -7.4635509464e-01 -2.8571477499e-01  3.1946436150e-01  1.5407490332e+00 -1.2019856911e+00 -6.1344134296e-01  1.5555036908e+00  3.3362122833e-02  8.6632786120e-01  2.7859217481e+00 -2.1679771657e+00 -2.5643250942e+00  2.5636536055e-01 -2.5351397919e+00 -2.1010672659e-01 -6.0303483992e-01 -2.5952095941e-01 -1.3401133986e+00 -7.5893765125e-01 -1.7303289867e+00 -1.1978758985e+00  9.8576864029e-02  2.7704085721e+00  2.9411810079e+00 -8.3904407352e-01  2.7961658020e+00  1.3251086928e+00 -2.7365306402e+00  1.3279670140e+00  2.5262190371e+00  1.1123660537e+00  1.3193940946e+00 -6.9245642980e-01 -2.6772162064e+00 -6.7507784043e-01  1.5047274051e+00  3.1400201252e+00  9.2326615608e-01  1.3553668357e+00  2.7712835835e+00
ENERGY -1.003731539293e+03

JOB 7
COORDS  2.1504528276e+00  2.0217282760e+00 -8.3247345760e-01  2.1662913815e+00  1.1047199800e+00 -1.8948308672e+00  1.3444965032e+00  1.7797870487e+00  2.7372575210e-01  1.3592655496e+00 -2.9760989975e-02 -1.8634025253e+00  5.4103187226e-01  6.2427147407e-01  3.4791355349e-01  5.4078777495e-01 -2.5677412413e-01 -7.5542861138e-01 -2.7353888127e-01  2.8637010881e-01  1.5263621038e+00 -1.1885817970e+00 -6.5113107822e-01  1.5430589751e+00  4.8758605579e-02  8.3567224248e-01  2.7560295407e+00 -2.1407959146e+00 -2.6141345028e+00  2.5927896035e-01 -2.5181698757e+00 -2.7018415986e-01 -6.2047081716e-01 -2.3563351279e-01 -1.3856465814e+00 -7.6007083880e-01 -1.7100098099e+00 -1.2458921716e+00  9.4941781093e-02  2.7580663231e+00  2.9202942792e+00 -8.7649631231e-01  2.7953913670e+00  1.2889246196e+00 -2.7611881722e+00  1.3218440628e+00  2.5122686276e+00  1.0759401479e+00  1.3341541383e+00 -7.3940423869e-01 -2.6841945044e+00 -7.3424954962e-01  1.2760716222e+00  3.2302875081e+00  8.4331606877e-01  1.4643752920e+00  2.7300366524e+00
ENERGY -1.003736686673e+03

JOB 8
COORDS  2.1600072728e+00  2.0163943449e+00 -8.4582416606e-01  2.1709216922e+00  1.0954381220e+00 -1.9046573639e+00  1.3550638764e+00  1.7792947692e+00  2.6237484460e-01  1.3615634390e+00 -3.7061067162e-02 -1.8659148711e+00  5.4924580059e-01  6.2656550013e-01  3.4300660193e-01  5.4546294100e-01 -2.5990640453e-01 -7.5501697601e-01 -2.6771308056e-01  2.9280901901e-01  1.5221649147e+00 -1.1972712223e+00 -6.3263914032e-01  1.5383673203e+00  5.2970230595e-02  8.4845724214e-01  2.7371123582e+00 -2.1411229080e+00 -2.6081051893e+00  2.7209295686e-01 -2.5130517907e+00 -2.7453843562e-01 -6.3454683648e-01 -2.3040116843e-01 -1.3893227986e+00 -7.5197346964e-01 -1.7085069401e+00 -1.2413245808e+00  9.7275694368e-02  2.7696201269e+00  2.9134187052e+00 -8.9381222461e-01  2.7979616366e+00  1.2749596620e+00 -2.7734850318e+00  1.3376811837e+00  2.5162309830e+00  1.0607288088e+00  1.3329321255e+00 -7.4994272978e-01 -2.6837460960e+00 -7.4204697901e-01  1.0951097031e+00  3.3174181351e+00  7.6792318603e-01  1.5641638204e+00  2.7270046700e+00
ENERGY -1.003740909715e+03

JOB 9
COORDS  2.1638819416e+00  2.0120945776e+00 -8.5746850740e-01  2.1741781227e+00  1.0859135952e+00 -1.9116917868e+00  1.3595692075e+00  1.7825390777e+00  2.5298625812e-01  1.3648372012e+00 -4.6254616734e-02 -1.8661315778e+00  5.5278087493e-01  6.3158294631e-01  3.3797735790e-01  5.4968516657e-01 -2.6245766516e-01 -7.5299959408e-01 -2.6786718661e-01  3.0351787259e-01  1.5172158894e+00 -1.2131153686e+00 -6.0789826316e-01  1.5330880243e+00  4.1048047321e-02  8.7492745018e-01  2.7165580255e+00 -2.1403398499e+00 -2.6035548662e+00  2.8762175954e-01 -2.5085077239e+00 -2.8415396650e-01 -6.5403917535e-01 -2.2326082715e-01 -1.3941300125e+00 -7.3997188719e-01 -1.7078171815e+00 -1.2382210252e+00  9.8544653622e-02  2.7744340125e+00  2.9081943955e+00 -9.1043794003e-01  2.8010124955e+00  1.2606604223e+00 -2.7816448071e+00  1.3442797312e+00  2.5236992123e+00  1.0475198764e+00  1.3359766003e+00 -7.6425279710e-01 -2.6794721079e+00 -7.1259505388e-01  9.3906979727e-01  3.3910494375e+00  7.1908515844e-01  1.6228562528e+00  2.7423117407e+00
ENERGY -1.003743680420e+03

JOB 10
COORDS  2.1547142098e+00  2.0121246933e+00 -8.6838654859e-01  2.1789276598e+00  1.0718722466e+00 -1.9099989592e+00  1.3430293917e+00  1.7908380557e+00  2.3862900829e-01  1.3763812759e+00 -6.5005077488e-02 -1.8572615112e+00  5.4521392890e-01  6.3473941372e-01  3.3081745694e-01  5.5395239619e-01 -2.7319026346e-01 -7.4773523458e-01 -2.7942776000e-01  3.1491770242e-01  1.5094497243e+00 -1.2277716252e+00 -5.9569495162e-01  1.5299600096e+00 -1.0619018337e-03  9.2734133673e-01  2.6858259485e+00 -2.1401204744e+00 -2.6073311365e+00  3.0166950607e-01 -2.5038211530e+00 -3.0164195565e-01 -6.7423634183e-01 -2.1517899350e-01 -1.4072814837e+00 -7.2549510715e-01 -1.7086969048e+00 -1.2430842396e+00  9.9991386227e-02  2.7585579831e+00  2.9123093374e+00 -9.2929928982e-01  2.8110152876e+00  1.2398761621e+00 -2.7774897617e+00  1.3094854364e+00  2.5413643962e+00  1.0236520135e+00  1.3579890450e+00 -7.9230831063e-01 -2.6626118940e+00 -6.6406261768e-01  8.3553860701e-01  3.4449028929e+00  7.7035815398e-01  1.5687043403e+00  2.7847497110e+00
ENERGY -1.003745011373e+03

JOB 11
COORDS  2.1527401861e+00  2.0325196302e+00 -8.7860567671e-01  2.1912412454e+00  1.0798497365e+00 -1.9087422153e+00  1.3275815535e+00  1.8252260445e+00  2.2130126137e-01  1.3895282703e+00 -5.8137114611e-02 -1.8534930419e+00  5.3230368674e-01  6.6751061721e-01  3.1478666830e-01  5.5424893886e-01 -2.5350832800e-01 -7.5178804565e-01 -2.9994570910e-01  3.6252499475e-01  1.4888936098e+00 -1.2425378210e+00 -5.5172701946e-01  1.5195397991e+00 -6.2107089610e-02  1.0402695836e+00  2.6451014001e+00 -2.1418181495e+00 -2.5806073504e+00  3.0731572720e-01 -2.5079164955e+00 -2.8657632678e-01 -6.9798948382e-01 -2.1599084277e-01 -1.3878982877e+00 -7.2234570785e-01 -1.7145054469e+00 -1.2176975364e+00  8.9316854703e-02  2.7557645435e+00  2.9329427187e+00 -9.4439403409e-01  2.8335157976e+00  1.2387868946e+00 -2.7704833715e+00  1.2744093803e+00  2.5803432865e+00  1.0002467933e+00  1.3823623686e+00 -7.9403279801e-01 -2.6511787334e+00 -6.3435408176e-01  7.8395263524e-01  3.4414554060e+00  8.5597433328e-01  1.4172809520e+00  2.8327244924e+00
ENERGY -1.003746159214e+03

JOB 12
COORDS  2.1447126233e+00  2.0197497344e+00 -8.7803237753e-01  2.1891016708e+00  1.0609911019e+00 -1.9021942727e+00  1.3203709624e+00  1.8141706344e+00  2.2289607544e-01  1.3944320852e+00 -8.1685793234e-02 -1.8409396210e+00  5.2989481563e-01  6.5350378090e-01  3.2156232065e-01  5.5934967479e-01 -2.7391756449e-01 -7.3883420362e-01 -3.0702398307e-01  3.5114466012e-01  1.4932443908e+00 -1.2671242669e+00 -5.4103085628e-01  1.5150625132e+00 -9.2391189870e-02  1.0570574325e+00  2.6456761402e+00 -2.1265843394e+00 -2.6061979961e+00  3.3229575966e-01 -2.5043654313e+00 -3.3478885597e-01 -7.1934032802e-01 -2.0203198152e-01 -1.4147142074e+00 -6.9898236128e-01 -1.7101690762e+00 -1.2437663336e+00  9.1679597018e-02  2.7429995965e+00  2.9229691813e+00 -9.4854848197e-01  2.8316490512e+00  1.2182222173e+00 -2.7640034066e+00  1.2638964043e+00  2.5738990954e+00  9.9707902601e-01  1.3931192357e+00 -8.2332848566e-01 -2.6333186867e+00 -5.3329688812e-01  6.5831148408e-01  3.4685460105e+00  8.4336750413e-01  1.4089569195e+00  2.8044433561e+00
ENERGY -1.003746013616e+03

JOB 13
COORDS  2.1460896443e+00  2.0229359980e+00 -8.7290098583e-01  2.1930859678e+00  1.0639724318e+00 -1.8965722446e+00  1.3196930494e+00  1.8187445646e+00  2.2677612008e-01  1.3972654371e+00 -7.7721879426e-02 -1.8341859053e+00  5.2537628736e-01  6.6031149448e-01  3.2430628660e-01  5.5842604094e-01 -2.6826453828e-01 -7.3482653398e-01 -3.2134941459e-01  3.5894941605e-01  1.4906126481e+00 -1.3052466273e+00 -5.0370281851e-01  1.4922403005e+00 -1.2407676207e-01  1.0738561759e+00  2.6490699868e+00 -2.1342515241e+00 -2.5943179778e+00  3.2768805100e-01 -2.5047146048e+00 -3.3863594600e-01 -7.5991097220e-01 -2.0005899398e-01 -1.4114455723e+00 -6.9274406557e-01 -1.7187896604e+00 -1.2341936304e+00  7.3069697189e-02  2.7455704123e+00  2.9254628005e+00 -9.4168713394e-01  2.8385911068e+00  1.2193852069e+00 -2.7564780997e+00  1.2664354663e+00  2.5816397408e+00  9.9823403895e-01  1.3984417371e+00 -8.2168493917e-01 -2.6243299919e+00 -3.9804641456e-01  5.6673415992e-01  3.4858483486e+00  8.0089600163e-01  1.4763489971e+00  2.7488535342e+00
ENERGY -1.003743660482e+03

JOB 14
COORDS  2.1479968999e+00  2.0281731498e+00 -8.6457525471e-01  2.1929825423e+00  1.0768031187e+00 -1.8949997228e+00  1.3205889757e+00  1.8198800571e+00  2.3370060973e-01  1.3933757959e+00 -6.2497785669e-02 -1.8401039035e+00  5.1855690445e-01  6.6588222730e-01  3.2302798094e-01  5.5282534258e-01 -2.5522907323e-01 -7.4272681076e-01 -3.4244786714e-01  3.6203392334e-01  1.4805990206e+00 -1.3514163158e+00 -4.6696820630e-01  1.4528157374e+00 -1.6029381755e-01  1.0695435565e+00  2.6545266595e+00 -2.1427860564e+00 -2.5830147473e+00  3.0286842446e-01 -2.5147127982e+00 -3.4137056820e-01 -8.1307928563e-01 -2.0467484639e-01 -1.3997673147e+00 -7.0585610508e-01 -1.7326846735e+00 -1.2233200809e+00  3.7141066302e-02  2.7516736044e+00  2.9284397349e+00 -9.2542987236e-01  2.8407092819e+00  1.2352825070e+00 -2.7526194297e+00  1.2763413718e+00  2.5803672879e+00  1.0082247150e+00  1.3937763802e+00 -8.0321707127e-01 -2.6332979298e+00 -2.4554982499e-01  4.8851675070e-01  3.4844128792e+00  7.2346100442e-01  1.5662162497e+00  2.6906428316e+00
ENERGY -1.003739367234e+03

JOB 15
COORDS  2.1537970707e+00  2.0186057841e+00 -8.5191506961e-01  2.1960215488e+00  1.0697732725e+00 -1.8844389611e+00  1.3251544116e+00  1.8103520085e+00  2.4540109798e-01  1.3921394487e+00 -6.6462699187e-02 -1.8297663788e+00  5.1382468323e-01  6.6226344259e-01  3.3271113434e-01  5.4890708081e-01 -2.5799359684e-01 -7.3458100970e-01 -3.5682535552e-01  3.6175166625e-01  1.4855898822e+00 -1.3768135031e+00 -4.4930347174e-01  1.4430493818e+00 -1.8690479057e-01  1.0627666693e+00  2.6774322585e+00 -2.1423278712e+00 -2.5878496061e+00  3.0939278999e-01 -2.5203270586e+00 -3.5819028270e-01 -8.2977213532e-01 -2.0589004325e-01 -1.4047299402e+00 -6.9792859415e-01 -1.7385259832e+00 -1.2289393219e+00  3.1382851267e-02  2.7624717174e+00  2.9157610665e+00 -9.0859637217e-01  2.8457054088e+00  1.2264719598e+00 -2.7408859742e+00  1.2923755904e+00  2.5699640475e+00  1.0213752069e+00  1.3922402303e+00 -8.0788891799e-01 -2.6222460349e+00 -5.4177085498e-02  4.4031143272e-01  3.4716220840e+00  6.2525542996e-01  1.6711268677e+00  2.6440111430e+00
ENERGY -1.003733769490e+03

JOB 16
COORDS  2.2807816772e+00  1.9741445081e+00 -8.8364192942e-01  2.2617670167e+00  1.0556189730e+00 -1.9452894857e+00  1.4185127286e+00  1.8060267991e+00  1.9366528427e-01  1.3776852946e+00 -2.3773626067e-02 -1.9417543297e+00  5.1986272471e-01  7.2072460467e-01  2.2343141149e-01  5.0902798258e-01 -1.7952695190e-01 -8.6349303301e-01 -3.5842897759e-01  4.8221850596e-01  1.3632068244e+00 -1.3185613875e+00 -3.9605921676e-01  1.4004330739e+00 -7.6558364269e-02  1.2160098681e+00  2.5546435712e+00 -2.2282277002e+00 -2.4508701476e+00  2.0095608616e-01 -2.5949908358e+00 -1.5445718951e-01 -8.0871751619e-01 -3.1615659801e-01 -1.2803494923e+00 -8.5735262756e-01 -1.7946490862e+00 -1.0955334798e+00 -4.4337492799e-02  2.9668191178e+00  2.8154067643e+00 -9.0526823830e-01  2.9343370580e+00  1.1878089627e+00 -2.7884372747e+00  1.4128096732e+00  2.4983290492e+00  1.0281859053e+00  1.3430784627e+00 -7.4048271153e-01 -2.7559746529e+00  4.1702274802e-01  6.0588461225e-01  3.2094548553e+00 -9.7676824407e-01  1.3783184977e+00  3.0121869462e+00
ENERGY -1.003730231131e+03

JOB 17
COORDS  2.2774055421e+00  1.9780248835e+00 -8.7739017649e-01  2.2769732537e+00  1.0446925987e+00 -1.9262477837e+00  1.3943784317e+00  1.8231582888e+00  1.8516918558e-01  1.3900945071e+00 -3.2117247158e-02 -1.9255954439e+00  4.9910015789e-01  7.3573203304e-01  2.1529973607e-01  5.0132887869e-01 -1.7569240204e-01 -8.6148079585e-01 -3.9187016964e-01  5.0218824646e-01  1.3483880760e+00 -1.3526450867e+00 -3.7959148931e-01  1.3786367229e+00 -1.2320899515e-01  1.2262394787e+00  2.5323608086e+00 -2.2893880207e+00 -2.4038092408e+00  1.5788151204e-01 -2.5932744547e+00 -9.8848787884e-02 -8.5249473338e-01 -3.3489165982e-01 -1.2673872279e+00 -8.6258272748e-01 -1.8259478372e+00 -1.0558413384e+00 -7.3607929867e-02  2.9610769949e+00  2.8212115553e+00 -8.9938059616e-01  2.9637930377e+00  1.1660739216e+00 -2.7594445048e+00  1.3684831715e+00  2.5347588354e+00  1.0033825981e+00  1.3661233575e+00 -7.5605127382e-01 -2.7337695650e+00  5.6978877655e-01  7.3808824472e-01  3.1013895366e+00 -9.7755514840e-01  1.2101984391e+00  3.0930247086e+00
ENERGY -1.003734664651e+03

JOB 18
COORDS  2.2648560651e+00  1.9753440988e+00 -8.7161909848e-01  2.2802101972e+00  1.0317328826e+00 -1.9111452777e+00  1.3777583225e+00  1.8227342180e+00  1.8804314789e-01  1.4018012485e+00 -5.1403282627e-02 -1.9052475562e+00  4.9595399806e-01  7.2535736301e-01  2.2650802843e-01  5.0876001902e-01 -1.9291810648e-01 -8.4359616038e-01 -3.9652615503e-01  4.8673244582e-01  1.3603907148e+00 -1.3572192625e+00 -3.9895985011e-01  1.3848577664e+00 -1.4567452933e-01  1.2047270021e+00  2.5349114145e+00 -2.3023848391e+00 -2.4069006744e+00  1.5264337936e-01 -2.5761108821e+00 -9.9155981179e-02 -8.5866561833e-01 -3.2601490589e-01 -1.2846768599e+00 -8.4490571078e-01 -1.8260246926e+00 -1.0616952055e+00 -6.9232904044e-02  2.9380070225e+00  2.8267437460e+00 -8.9972730204e-01  2.9700314255e+00  1.1520199345e+00 -2.7419804954e+00  1.3384864547e+00  2.5505539798e+00  9.9185428434e-01  1.3852417969e+00 -7.8123090593e-01 -2.7083341504e+00  6.9765593067e-01  8.8763213093e-01  3.0111384714e+00 -9.2475201904e-01  1.0528589556e+00  3.1764763933e+00
ENERGY -1.003739276017e+03

JOB 19
COORDS  2.2538366619e+00  1.9692311753e+00 -8.6356406933e-01  2.2784909923e+00  1.0205437645e+00 -1.8981696021e+00  1.3675571748e+00  1.8110996536e+00  1.9612739923e-01  1.4084545027e+00 -6.8800533433e-02 -1.8879516559e+00  4.9781057377e-01  7.0476048777e-01  2.4111727028e-01  5.1535283161e-01 -2.1551964084e-01 -8.2635382628e-01 -3.9532917492e-01  4.5749420952e-01  1.3761283002e+00 -1.3632819994e+00 -4.2336344623e-01  1.3898864605e+00 -1.6224207630e-01  1.1674557430e+00  2.5440641922e+00 -2.3088153521e+00 -2.4220907294e+00  1.4977384691e-01 -2.5609737131e+00 -1.1361458982e-01 -8.6352426390e-01 -3.1645913821e-01 -1.3087565511e+00 -8.2890997537e-01 -1.8238584914e+00 -1.0784932395e+00 -6.4180145161e-02  2.9168883226e+00  2.8283800246e+00 -8.9575518365e-01  2.9673940204e+00  1.1433633934e+00 -2.7293393659e+00  1.3205032875e+00  2.5498361010e+00  9.8996376610e-01  1.3962325906e+00 -8.0052800840e-01 -2.6893728795e+00  7.7114783702e-01  1.0448471930e+00  2.9282701144e+00 -8.5819421396e-01  9.2477734577e-01  3.2473242069e+00
ENERGY -1.003743101632e+03

JOB 20
COORDS  2.2455965420e+00  1.9632408081e+00 -8.5467797799e-01  2.2772423288e+00  1.0134123852e+00 -1.8879895561e+00  1.3626572686e+00  1.7992801799e+00  2.0692834761e-01  1.4146244652e+00 -8.1084170262e-02 -1.8758728278e+00  5.0235365675e-01  6.8592595170e-01  2.5566097165e-01  5.2309001184e-01 -2.3299622231e-01 -8.1280477278e-01 -3.9092380351e-01  4.2676340535e-01  1.3911861374e+00 -1.3706844956e+00 -4.4382100007e-01  1.3900948275e+00 -1.7162233723e-01  1.1218903625e+00  2.5574835873e+00 -2.3160343284e+00 -2.4320756467e+00  1.4031875152e-01 -2.5446025732e+00 -1.2163972441e-01 -8.7153187301e-01 -3.0530156657e-01 -1.3272979278e+00 -8.1824005706e-01 -1.8213081116e+00 -1.0902568637e+00 -6.3431152007e-02  2.9002834722e+00  2.8286580418e+00 -8.8919157029e-01  2.9646061860e+00  1.1405116569e+00 -2.7197411132e+00  1.3125386806e+00  2.5462707337e+00  9.9332489523e-01  1.4047546846e+00 -8.1312571438e-01 -2.6770795772e+00  7.9504342382e-01  1.2028134492e+00  2.8536232397e+00 -7.8808565908e-01  8.2180392758e-01  3.3082560483e+00
ENERGY -1.003745532172e+03

JOB 21
COORDS  2.2485449791e+00  1.9625999536e+00 -8.4945142062e-01  2.2778377355e+00  1.0170593094e+00 -1.8864211689e+00  1.3681898466e+00  1.7932486141e+00  2.1360466552e-01  1.4134516089e+00 -7.5541538604e-02 -1.8752182155e+00  5.0690316387e-01  6.8087375781e-01  2.6198626209e-01  5.2345203933e-01 -2.3233734764e-01 -8.1108368262e-01 -3.9053156445e-01  4.1424968209e-01  1.3964888663e+00 -1.3893401296e+00 -4.3643605736e-01  1.3750463580e+00 -1.7208665723e-01  1.0822461872e+00  2.5669487834e+00 -2.3363910335e+00 -2.4152128307e+00  1.1488526873e-01 -2.5362751952e+00 -1.0273940949e-01 -8.9556536796e-01 -3.0746864877e-01 -1.3240904272e+00 -8.2228608296e-01 -1.8288124822e+00 -1.0764264781e+00 -7.8892550141e-02  2.9024867778e+00  2.8286579818e+00 -8.8140042769e-01  2.9634767963e+00  1.1466436515e+00 -2.7191706711e+00  1.3240253486e+00  2.5437558448e+00  9.9748362447e-01  1.3997785637e+00 -8.0439977988e-01 -2.6792393352e+00  7.7265324584e-01  1.3629975711e+00  2.7939413064e+00 -7.4255943789e-01  7.7783428035e-01  3.3486869396e+00
ENERGY -1.003746353898e+03

JOB 22
COORDS  2.2591355779e+00  1.9674133788e+00 -8.4652860485e-01  2.2819300127e+00  1.0318001690e+00 -1.8924140360e+00  1.3834061642e+00  1.7890797137e+00  2.1883324822e-01  1.4149182565e+00 -5.8213843300e-02 -1.8859870043e+00  5.1842426401e-01  6.7960761596e-01  2.6260172802e-01  5.2887037322e-01 -2.2342871928e-01 -8.1924505755e-01 -3.7936537428e-01  4.0159574727e-01  1.3969764051e+00 -1.3901948413e+00 -4.3699801234e-01  1.3603045264e+00 -1.4886060308e-01  1.0287921220e+00  2.5777397532e+00 -2.3422461617e+00 -2.4014968677e+00  8.4646057136e-02 -2.5257455442e+00 -8.1940972960e-02 -9.0972378121e-01 -3.0278604611e-01 -1.3134535289e+00 -8.3854947719e-01 -1.8263069613e+00 -1.0637000972e+00 -9.4984893231e-02  2.9148544668e+00  2.8323089740e+00 -8.7238463790e-01  2.9642821007e+00  1.1672324764e+00 -2.7269066025e+00  1.3505163435e+00  2.5364514339e+00  1.0067250149e+00  1.3954470987e+00 -7.8036735591e-01 -2.6959146290e+00  7.2146409420e-01  1.5062690140e+00  2.7571562651e+00 -7.3275280576e-01  7.7562736148e-01  3.3653761327e+00
ENERGY -1.003745910844e+03

JOB 23
COORDS  2.2640580118e+00  1.9519373928e+00 -8.4083683476e-01  2.2721181862e+00  1.0280334094e+00 -1.8970309272e+00  1.3989117768e+00  1.7638625650e+00  2.3141486640e-01  1.4024267088e+00 -5.9620279320e-02 -1.8923573330e+00  5.2906164728e-01  6.5816493446e-01  2.7273097532e-01  5.2734375891e-01 -2.3435258970e-01 -8.1804373795e-01 -3.6521841311e-01  3.7292671863e-01  1.4096611096e+00 -1.3817021559e+00 -4.5895472291e-01  1.3685703818e+00 -1.0972653836e-01  9.5784860965e-01  2.6042193527e+00 -2.3344907524e+00 -2.4224763930e+00  9.2170308818e-02 -2.5298084114e+00 -9.9813553856e-02 -8.9073008799e-01 -3.0339123667e-01 -1.3248655452e+00 -8.3924472446e-01 -1.8220712801e+00 -1.0828314244e+00 -8.4379575719e-02  2.9234202274e+00  2.8141528546e+00 -8.6281219810e-01  2.9461275859e+00  1.1702160314e+00 -2.7371319027e+00  1.3845900565e+00  2.5028645325e+00  1.0279310357e+00  1.3728117525e+00 -7.7396013116e-01 -2.7088635478e+00  6.4769190338e-01  1.6095375608e+00  2.7351151415e+00 -7.6573082910e-01  8.0654880726e-01  3.3601055727e+00
ENERGY -1.003745153656e+03

