JOB 0
COORDS  3.2078733961e+00  4.7778649567e-01  2.9829183720e+00  2.8029383966e+00 -1.0530091048e+00  1.1377038436e+00  1.8398405880e+00  7.0655598175e-01  3.0978777730e+00  1.4361110890e+00 -8.0267370849e-01  1.2288824713e+00  3.6972702017e+00 -4.2498998313e-01  2.0236013625e+00  9.6420538988e-01  6.5122308295e-02  2.2165243381e+00  3.1107437370e+00 -3.6185886976e+00  3.3087691140e+00  5.8478682218e+00 -5.2425494238e+00  2.2145282141e+00  4.4404034415e+00 -2.8784441266e+00  3.4589424785e+00  6.3438502413e+00 -3.8016080612e+00  2.1272340752e+00  5.0966488834e+00 -5.2470459444e-01  1.8069658618e+00  5.7666716889e+00 -1.5864404445e+00  1.8016505705e+00 -1.0387144294e+00  1.7419278372e+00  1.3898235662e+00  5.2629293599e+00 -2.7965335769e+00  2.2260599207e+00 -1.4866837885e+00 -7.4925266724e-01  1.6976900746e+00 -1.0740371256e+00  7.6671620369e-01  3.7358668348e+00 -7.9131367839e-01  3.6302046466e-01  2.3544106855e+00  3.9095369688e+00  9.8146019024e-01  3.6415816376e+00  3.1863788398e+00 -1.7361926487e+00  3.8625047439e-01  1.4497702058e+00  1.3677616832e+00  3.8652120514e+00  7.3625446680e-01 -1.2959513171e+00  5.6163847243e-01  3.2571384402e+00 -4.6514281482e+00  2.9862849077e+00  2.5942050672e+00 -3.6346056590e+00  4.2744548912e+00  2.4607695664e+00 -3.1224872021e+00  2.5876597097e+00  5.0910734300e+00 -5.4499891829e+00  1.4515907580e+00  6.6929943320e+00 -5.9180706719e+00  2.0486005456e+00  5.4263120554e+00 -5.4826549237e+00  3.1941489892e+00  4.2612841001e+00 -1.8663889394e+00  3.8180609127e+00  5.0568338452e+00 -3.3699091212e+00  4.2227568341e+00  7.0866974846e+00 -3.6178783411e+00  2.9182833084e+00  6.8377016610e+00 -3.6311275332e+00  1.1699197116e+00 -1.6498985500e+00  1.5025751976e+00  6.1009983561e-01 -1.4484009423e+00  2.4792549551e+00  1.9620400391e+00
ENERGY -1.158327604500e+03

JOB 1
COORDS  3.2173855182e+00  4.8630384251e-01  2.8593678828e+00  2.7446471672e+00 -1.0968775916e+00  1.0747199826e+00  1.8561112384e+00  7.3392010197e-01  3.0043061409e+00  1.3829186384e+00 -8.3130916072e-01  1.1987766278e+00  3.6703658816e+00 -4.5379284267e-01  1.9163351270e+00  9.4832128899e-01  7.2080076558e-02  2.1708831173e+00  3.0968801075e+00 -3.6533757313e+00  3.2148166387e+00  5.9083435812e+00 -5.2383180502e+00  2.1251524836e+00  4.3938501718e+00 -2.8705763547e+00  3.4315414758e+00  6.3946858796e+00 -3.7958977948e+00  2.2511391382e+00  5.0591272541e+00 -5.7822067480e-01  1.6614617644e+00  5.7439795863e+00 -1.6305180654e+00  1.7219735843e+00 -1.0565741196e+00  1.7649088251e+00  1.3809641046e+00  5.3015925370e+00 -2.8051175097e+00  2.2637257745e+00 -1.5225160260e+00 -7.2083737986e-01  1.7238803739e+00 -1.0433590779e+00  8.1238467007e-01  3.7341214775e+00 -7.9897912575e-01  3.9102879273e-01  2.3505272852e+00  3.9425761437e+00  1.0022650862e+00  3.4820549066e+00  3.1008527856e+00 -1.8004805484e+00  3.2821585408e-01  1.4952529120e+00  1.4244292806e+00  3.7601160399e+00  6.5908753971e-01 -1.3375744669e+00  5.6781062110e-01  3.2921499726e+00 -4.6949901394e+00  2.9525089173e+00  2.5081638975e+00 -3.6397067817e+00  4.1381719233e+00  2.4917370898e+00 -3.2076831896e+00  2.4254054386e+00  5.2592799550e+00 -5.3597594195e+00  1.2524818301e+00  6.7731754296e+00 -5.8988082886e+00  2.0053661393e+00  5.3627789826e+00 -5.5727920126e+00  3.0117294978e+00  4.1659446340e+00 -1.8539772107e+00  3.7472428345e+00  4.9686698399e+00 -3.3269838024e+00  4.2477152156e+00  7.0007934974e+00 -3.6850375967e+00  3.1631476306e+00  7.0279670817e+00 -3.5359128278e+00  1.4026518821e+00 -1.6755101812e+00  1.5218980070e+00  6.0853366628e-01 -1.4614719283e+00  2.5039844359e+00  1.9543713564e+00
ENERGY -1.158328291099e+03

JOB 2
COORDS  2.7801627634e+00  3.6125963246e-01  2.7330214991e+00  2.4231543574e+00 -1.3486075055e+00  1.0414155635e+00  1.4051201442e+00  5.0000292504e-01  2.8873100667e+00  1.0447345991e+00 -1.1961538870e+00  1.1770843821e+00  3.3012702756e+00 -5.8678516155e-01  1.8329670538e+00  5.4623353480e-01 -2.8241361139e-01  2.1074514052e+00  3.0361726715e+00 -3.7994535352e+00  3.2371407919e+00  5.9979061464e+00 -5.0951644744e+00  1.9791766307e+00  4.2262357609e+00 -2.8618505557e+00  3.4568807502e+00  6.3333637068e+00 -3.6482537592e+00  2.3427244671e+00  4.6918309156e+00 -6.0662704269e-01  1.5619358338e+00  5.4765532862e+00 -1.5816336196e+00  1.6874193599e+00 -1.5829419908e+00  1.2726707072e+00  1.3780203701e+00  5.1691131637e+00 -2.7467170739e+00  2.3239658429e+00 -1.8528630922e+00 -1.2653488937e+00  1.6652709563e+00 -1.4945869149e+00  2.7074712276e-01  3.6951726434e+00 -1.2189058447e+00 -1.0685820888e-01  2.3050188101e+00  3.4659262476e+00  9.7008776810e-01  3.3151612044e+00  2.8290621450e+00 -2.0539606064e+00  3.2233496301e-01  9.9671269553e-01  1.1999365918e+00  3.6095798284e+00  3.5824609640e-01 -1.7945703685e+00  5.8637202296e-01  3.3583656326e+00 -4.8265766936e+00  3.0548991321e+00  2.4049585886e+00 -3.7960280728e+00  4.1319770746e+00  2.4245898035e+00 -3.4758096664e+00  2.3949185530e+00  5.4695485099e+00 -5.1430149397e+00  1.0221800302e+00  6.9254548344e+00 -5.6705584472e+00  1.8907344340e+00  5.3817004667e+00 -5.5828852634e+00  2.7390622434e+00  3.8722462609e+00 -1.8645784422e+00  3.7110520517e+00  4.8144222076e+00 -3.2119102602e+00  4.3146665388e+00  6.8083049718e+00 -3.6103865396e+00  3.3338390847e+00  7.0398517057e+00 -3.2353965469e+00  1.6218701376e+00 -2.0753970716e+00  9.9615330736e-01  5.2945744675e-01 -2.1556304868e+00  1.9001486140e+00  1.9418908157e+00
ENERGY -1.158328261093e+03

JOB 3
COORDS  2.8213727640e+00 -2.6143214623e-01  2.2502129364e+00  1.7901677824e+00 -1.5795755816e+00  4.8780636894e-01  1.5660632259e+00  1.6720207672e-01  2.6682453143e+00  5.2984380014e-01 -1.1670889640e+00  9.1374492590e-01  2.9461229346e+00 -1.1579010029e+00  1.1674731276e+00  4.2701624846e-01 -2.9697053096e-01  2.0020283255e+00  3.1992831466e+00 -4.3031821718e+00  2.2781954580e+00  6.5848383909e+00 -4.5707912575e+00  3.1403791087e+00  3.8733000299e+00 -3.1781405815e+00  3.0708257393e+00  6.4029272297e+00 -3.0633957895e+00  2.9429894219e+00  4.2118103365e+00 -1.4741261407e+00  6.3311091163e-01  5.1817595151e+00 -2.0106374725e+00  1.2436014147e+00 -1.3874129031e+00  1.7407752949e+00  1.7875653455e+00  5.0894322643e+00 -2.6610615880e+00  2.4184102561e+00 -2.1751935352e+00 -6.9176940883e-01  1.9944032738e+00 -1.1066210636e+00  5.2924306458e-01  3.9890425467e+00 -1.1844671489e+00  2.3471740904e-01  2.5539566891e+00  3.7165033769e+00  8.9715275986e-02  2.7559747837e+00  1.8950745422e+00 -2.2398102449e+00 -3.6813116218e-01  1.4640308429e+00  8.3795821077e-01  3.5156937620e+00 -3.6873461672e-01 -1.5227218619e+00  4.1956195431e-01  3.8678169534e+00 -5.1603016458e+00  2.1623716965e+00  2.2979276813e+00 -4.6314016843e+00  2.8055259764e+00  2.9004394271e+00 -3.9655288277e+00  1.2839479799e+00  6.4569162150e+00 -5.1090354177e+00  2.1961960650e+00  7.5978248965e+00 -4.7643211863e+00  3.5080987767e+00  5.8862602943e+00 -4.9854687871e+00  3.8725978965e+00  3.1666430763e+00 -2.3735045503e+00  3.2664815250e+00  4.1923942071e+00 -3.5495692588e+00  4.0473972235e+00  6.5641034182e+00 -2.5483299117e+00  3.8998009831e+00  7.1358502140e+00 -2.6765745626e+00  2.2345095988e+00 -2.0942826496e+00  1.6604078079e+00  1.0575979624e+00 -1.6656944864e+00  2.4271291305e+00  2.4882822545e+00
ENERGY -1.158329396921e+03

JOB 4
COORDS  2.8092181251e+00 -3.1483327129e-01  2.2425166735e+00  1.7430044165e+00 -1.6306360339e+00  4.9814426189e-01  1.5653048287e+00  1.5161936710e-01  2.6539141443e+00  4.9379414740e-01 -1.1828874244e+00  9.2084478567e-01  2.9096608335e+00 -1.2265797556e+00  1.1702339253e+00  4.1424303715e-01 -2.9421578556e-01  1.9960388205e+00  3.2201904212e+00 -4.3200994383e+00  2.3162143669e+00  6.6256663640e+00 -4.5271106084e+00  3.0130995707e+00  3.8512247917e+00 -3.1848866768e+00  3.1307568069e+00  6.3669617884e+00 -3.0176090825e+00  3.0275419639e+00  4.1644777106e+00 -1.5808266592e+00  6.3322149399e-01  5.1431743525e+00 -2.0668222827e+00  1.2708862926e+00 -1.3498504381e+00  1.7844327313e+00  1.7569633083e+00  5.0555717760e+00 -2.6096724160e+00  2.5032187193e+00 -2.1969060253e+00 -6.2507480312e-01  1.9976450614e+00 -1.0951072242e+00  5.9627629472e-01  3.9739311969e+00 -1.1829040771e+00  2.8434782016e-01  2.5431667456e+00  3.7124911891e+00  1.9040953993e-02  2.7451624859e+00  1.8310405833e+00 -2.3038835134e+00 -3.4953555241e-01  1.4808428338e+00  8.3680766334e-01  3.4916812489e+00 -4.1409907482e-01 -1.5237196815e+00  4.3336163462e-01  3.9168715118e+00 -5.1527124475e+00  2.1902391233e+00  2.3291842542e+00 -4.6854890842e+00  2.8365301248e+00  2.9116477020e+00 -3.9814430029e+00  1.3258124731e+00  6.5550554806e+00 -4.9231988458e+00  1.9955042627e+00  7.6344066910e+00 -4.7269694225e+00  3.3895628557e+00  5.9228309646e+00 -5.0742443273e+00  3.6483121861e+00  3.1141251161e+00 -2.4092278450e+00  3.3370159411e+00  4.1796381606e+00 -3.5644553991e+00  4.1015927236e+00  6.4520782755e+00 -2.6344934134e+00  4.0520899850e+00  7.1084241742e+00 -2.4986189375e+00  2.4195782096e+00 -2.0591086124e+00  1.7116974534e+00  1.0285008255e+00 -1.6105581211e+00  2.4866489203e+00  2.4486658337e+00
ENERGY -1.158330730926e+03

JOB 5
COORDS  2.8026789068e+00 -3.5291340433e-01  2.2504538907e+00  1.7154061286e+00 -1.6747302861e+00  5.2366426906e-01  1.5669014996e+00  1.4598644838e-01  2.6486825029e+00  4.7373536306e-01 -1.1969484137e+00  9.3533296191e-01  2.8877868441e+00 -1.2814988580e+00  1.1918682177e+00  4.0941622975e-01 -2.8774881292e-01  1.9942646122e+00  3.2255285346e+00 -4.3322325380e+00  2.3707169508e+00  6.6838300965e+00 -4.4668996990e+00  2.8551668117e+00  3.8321529296e+00 -3.1923708895e+00  3.1981547813e+00  6.3393964042e+00 -2.9950172775e+00  3.1013524555e+00  4.1348842882e+00 -1.6698289752e+00  6.5686152277e-01  5.1151974989e+00 -2.1229197973e+00  1.3138107240e+00 -1.3125281563e+00  1.8182398007e+00  1.7034972108e+00  5.0265614086e+00 -2.5730052629e+00  2.5879693041e+00 -2.2078069813e+00 -5.6790220637e-01  1.9944501509e+00 -1.0889623153e+00  6.7512764421e-01  3.9477522387e+00 -1.1782985929e+00  3.3347762776e-01  2.5239211077e+00  3.7100342619e+00 -3.1083572009e-02  2.7531214693e+00  1.7932747872e+00 -2.3623655729e+00 -3.1340576701e-01  1.4934095684e+00  8.4701702490e-01  3.4742902009e+00 -4.3930980641e-01 -1.5283493710e+00  4.5104361767e-01  3.9408127311e+00 -5.1459245823e+00  2.2283399226e+00  2.3489471452e+00 -4.7259414843e+00  2.8948967913e+00  2.8984041466e+00 -3.9922366121e+00  1.3871890092e+00  6.6452815095e+00 -4.6942308453e+00  1.7856886011e+00  7.6972973913e+00 -4.6736348127e+00  3.2152707935e+00  6.0018494706e+00 -5.1422864334e+00  3.3804376176e+00  3.0753253988e+00 -2.4374588296e+00  3.4146251262e+00  4.1692632306e+00 -3.5796625447e+00  4.1630311856e+00  6.3590805020e+00 -2.7713872269e+00  4.1736732208e+00  7.0771856640e+00 -2.3519383205e+00  2.6198981559e+00 -2.0217001581e+00  1.7439673616e+00  9.7511914394e-01 -1.5590676222e+00  2.5417513788e+00  2.3782214040e+00
ENERGY -1.158331313950e+03

JOB 6
COORDS  2.8048740161e+00 -3.4457706197e-01  2.2423804466e+00  1.7026925213e+00 -1.7147301884e+00  5.6231805711e-01  1.5750156290e+00  1.7902316074e-01  2.6260301090e+00  4.6558394379e-01 -1.2131973904e+00  9.5994461391e-01  2.8784423732e+00 -1.3088912822e+00  1.2155848175e+00  4.1354045821e-01 -2.6822806061e-01  1.9874706886e+00  3.2066790589e+00 -4.3487435341e+00  2.4270350021e+00  6.7435202897e+00 -4.3969856266e+00  2.6678056349e+00  3.7895703183e+00 -3.1958881596e+00  3.2542692491e+00  6.3018034961e+00 -3.0186734561e+00  3.1686701104e+00  4.1223701370e+00 -1.7284010423e+00  6.9361170505e-01  5.0929691132e+00 -2.1730340708e+00  1.3690672251e+00 -1.2867071802e+00  1.8467404532e+00  1.6443602095e+00  4.9920406481e+00 -2.5657566474e+00  2.6641730451e+00 -2.2055458064e+00 -5.2389749284e-01  1.9949913047e+00 -1.0750687975e+00  7.5843242780e-01  3.9158341190e+00 -1.1680223698e+00  3.8155788136e-01  2.5012569113e+00  3.7160421561e+00 -1.7089843031e-02  2.7340499823e+00  1.7730598582e+00 -2.4308908131e+00 -2.5114026369e-01  1.5088573622e+00  9.0803225880e-01  3.4277296904e+00 -4.5167627744e-01 -1.5525693075e+00  4.8929398559e-01  3.9167612817e+00 -5.1738007084e+00  2.3336009607e+00  2.3042128061e+00 -4.7207196877e+00  2.9223463678e+00  2.9252070338e+00 -4.0292168991e+00  1.4225884970e+00  6.7353458127e+00 -4.4188613750e+00  1.5745444966e+00  7.7622750972e+00 -4.6073479313e+00  3.0105892185e+00  6.0954268462e+00 -5.1961109921e+00  3.0394693355e+00  3.0219400767e+00 -2.4456974933e+00  3.4472596987e+00  4.1092673946e+00 -3.5705466573e+00  4.2295703251e+00  6.2531106028e+00 -2.9936930198e+00  4.2611596381e+00  7.0308124878e+00 -2.2664846115e+00  2.8606803132e+00 -1.9895007069e+00  1.7591114646e+00  9.1126563652e-01 -1.5356745657e+00  2.5872292914e+00  2.2995619215e+00
ENERGY -1.158330940982e+03

JOB 7
COORDS  2.8179931999e+00 -3.0689966397e-01  2.2379098528e+00  1.7141256050e+00 -1.7420589550e+00  6.1440881229e-01  1.5874076361e+00  2.2500630467e-01  2.6076022131e+00  4.7680016925e-01 -1.2289316121e+00  9.9752665114e-01  2.8903340292e+00 -1.3084511014e+00  1.2478286182e+00  4.2440301205e-01 -2.4770574102e-01  1.9902522719e+00  3.1879629601e+00 -4.3781268870e+00  2.5300960612e+00  6.8231473614e+00 -4.3223995050e+00  2.4415825448e+00  3.7503441728e+00 -3.1815481132e+00  3.3073064053e+00  6.2755597585e+00 -3.1156497719e+00  3.2097637477e+00  4.1374270920e+00 -1.7410145626e+00  7.4275267338e-01  5.0908623620e+00 -2.2084734653e+00  1.4252642182e+00 -1.2751676075e+00  1.8550282005e+00  1.5796527775e+00  4.9790257984e+00 -2.6003427591e+00  2.7194057692e+00 -2.1947540287e+00 -5.0343265444e-01  2.0048160914e+00 -1.0659832729e+00  8.3947279168e-01  3.8846802888e+00 -1.1577273527e+00  4.1787135797e-01  2.4827770933e+00  3.7305116008e+00  3.9656907574e-02  2.7140567180e+00  1.7831235051e+00 -2.4882796848e+00 -1.7160195943e-01  1.5219371835e+00  9.8203116440e-01  3.3829414391e+00 -4.4096028021e-01 -1.5875959522e+00  5.4243802741e-01  3.8847382260e+00 -5.2202436577e+00  2.5320755218e+00  2.2522609635e+00 -4.7019471534e+00  2.9968656498e+00  2.9701354817e+00 -4.1197901046e+00  1.4919937698e+00  6.9132034922e+00 -4.0825088317e+00  1.3798693343e+00  7.8150685423e+00 -4.5845592900e+00  2.8250531644e+00  6.1787140436e+00 -5.2001448467e+00  2.5478141636e+00  2.9862081683e+00 -2.4140211476e+00  3.4224568849e+00  4.0263921665e+00 -3.4933585860e+00  4.3168941300e+00  6.1479693608e+00 -3.3473955638e+00  4.2695906602e+00  6.9925113431e+00 -2.2922969598e+00  3.1468960204e+00 -1.9754605558e+00  1.7438849291e+00  8.4737231176e-01 -1.5264196818e+00  2.6157684620e+00  2.2103143521e+00
ENERGY -1.158329730661e+03

JOB 8
COORDS  2.8257928723e+00 -2.4401560955e-01  2.2157614554e+00  1.7210600300e+00 -1.7673366135e+00  6.7460060320e-01  1.5930668841e+00  2.8604194036e-01  2.5797274916e+00  4.8215682184e-01 -1.2512170205e+00  1.0502656314e+00  2.8985047601e+00 -1.2901736702e+00  1.2725786593e+00  4.2815888429e-01 -2.2800114888e-01  1.9991616758e+00  3.1796983468e+00 -4.4276714905e+00  2.6534322909e+00  6.9043366297e+00 -4.2178660447e+00  2.2467465842e+00  3.7092750525e+00 -3.1661887437e+00  3.3437090667e+00  6.2287430429e+00 -3.2536292266e+00  3.2251809277e+00  4.1491609550e+00 -1.7275734906e+00  7.8065278100e-01  5.0838340205e+00 -2.2330384990e+00  1.4626067992e+00 -1.2956565516e+00  1.8445181414e+00  1.5355835915e+00  4.9611379733e+00 -2.6554740645e+00  2.7410842900e+00 -2.1878908250e+00 -5.0802975081e-01  2.0431682764e+00 -1.0574970450e+00  9.0562845478e-01  3.8695195723e+00 -1.1561118016e+00  4.3804416076e-01  2.4826604724e+00  3.7405470641e+00  1.3511456448e-01  2.6621496467e+00  1.7890304688e+00 -2.5496818320e+00 -7.5554507870e-02  1.5273103273e+00  1.0755280551e+00  3.3219776032e+00 -4.3653935325e-01 -1.6407055854e+00  6.2324439441e-01  3.8937571045e+00 -5.2531168262e+00  2.7285191296e+00  2.2423932063e+00 -4.7383466412e+00  3.1259717038e+00  2.9786329431e+00 -4.2445472130e+00  1.5950372693e+00  7.1901463701e+00 -3.7034223154e+00  1.3284463700e+00  7.8049143342e+00 -4.6334582793e+00  2.7115367963e+00  6.2413123760e+00 -5.0479181835e+00  1.9833059289e+00  2.9479405826e+00 -2.3904013511e+00  3.3540307357e+00  3.9425034158e+00 -3.3763201792e+00  4.3898530105e+00  5.9996799177e+00 -3.7620938686e+00  4.1637597774e+00  6.9174783981e+00 -2.4364466282e+00  3.4656549457e+00 -2.0012142503e+00  1.7035680740e+00  8.1358711717e-01 -1.5486739424e+00  2.6223282379e+00  2.1442982301e+00
ENERGY -1.158328327751e+03

JOB 9
COORDS  2.8483144457e+00 -2.7139522725e-01  2.1564263372e+00  1.7109774985e+00 -1.8331716173e+00  6.7872082558e-01  1.6242416660e+00  2.7333952504e-01  2.5279169855e+00  4.8085619192e-01 -1.3012848914e+00  1.0607343048e+00  2.9008394488e+00 -1.3462048514e+00  1.2442867720e+00  4.4761374489e-01 -2.5314691415e-01  1.9832538171e+00  3.1019309389e+00 -4.4639637689e+00  2.7386387299e+00  7.0906982892e+00 -4.0220385586e+00  2.1760995659e+00  3.6868897588e+00 -3.1899963412e+00  3.3558791140e+00  6.1936830426e+00 -3.3669564674e+00  3.2253734376e+00  4.1423038279e+00 -1.8066266988e+00  7.5226674289e-01  5.0681393566e+00 -2.3369344783e+00  1.4306691536e+00 -1.2933837685e+00  1.7980413935e+00  1.4839768517e+00  4.9428171661e+00 -2.7760710636e+00  2.6954903330e+00 -2.1658223974e+00 -5.3409503465e-01  2.1033427788e+00 -9.9234095807e-01  9.4817086258e-01  3.8459121278e+00 -1.1249882907e+00  4.2893225528e-01  2.4803555129e+00  3.7725336628e+00  1.1759471216e-01  2.5742572922e+00  1.7627843224e+00 -2.6368886056e+00 -4.9851325052e-02  1.5742921953e+00  1.0832447981e+00  3.2491110248e+00 -4.4656951492e-01 -1.6988496533e+00  6.6074601399e-01  3.8102396174e+00 -5.2963229964e+00  2.8029289773e+00  2.1865678278e+00 -4.7468173821e+00  3.2680488876e+00  2.8501956347e+00 -4.3098658489e+00  1.6864565573e+00  7.4725182880e+00 -3.2941921068e+00  1.4598380491e+00  7.9381698793e+00 -4.4958126947e+00  2.6829978270e+00  6.5446535814e+00 -4.7904896168e+00  1.6202169588e+00  2.9571017127e+00 -2.3854330452e+00  3.3409120983e+00  3.9369148691e+00 -3.3546827001e+00  4.4067139449e+00  5.9003884687e+00 -4.1138702607e+00  3.9673959163e+00  6.7500796377e+00 -2.5876331373e+00  3.7612118863e+00 -2.0230314469e+00  1.6306113478e+00  7.9220098355e-01 -1.5249076878e+00  2.5999727519e+00  2.0694594301e+00
ENERGY -1.158327542279e+03

JOB 10
COORDS  2.8978026696e+00 -3.0595638651e-01  2.1260868035e+00  1.6828030332e+00 -1.8491505341e+00  6.9308392405e-01  1.6996927999e+00  2.8562824501e-01  2.5108093329e+00  4.7866437141e-01 -1.2700141857e+00  1.0882982084e+00  2.8994267472e+00 -1.3957102194e+00  1.2298561132e+00  4.9608992253e-01 -2.0792328102e-01  1.9954220945e+00  2.9834095492e+00 -4.4495929758e+00  2.8042673418e+00  7.2304273389e+00 -3.8129338626e+00  2.1861299042e+00  3.6745086309e+00 -3.2083868746e+00  3.3767043907e+00  6.1571956949e+00 -3.4709129806e+00  3.2141641866e+00  4.1153752216e+00 -1.9026377336e+00  7.2232515241e-01  5.0390072370e+00 -2.4522090599e+00  1.3911876572e+00 -1.1971483074e+00  1.8777876896e+00  1.4733271030e+00  4.9210951728e+00 -2.8856836768e+00  2.6536498950e+00 -2.1203817987e+00 -4.0776004401e-01  2.1878635052e+00 -8.6140824256e-01  1.0935941702e+00  3.8527090891e+00 -1.0429071976e+00  5.3540265274e-01  2.5082174377e+00  3.8419807430e+00  5.9789126036e-02  2.5198415690e+00  1.6940598601e+00 -2.6642632526e+00 -2.4537972753e-02  1.6899862455e+00  1.1075775071e+00  3.2198989866e+00 -4.6836827273e-01 -1.6426310753e+00  7.1082062767e-01  3.6431676003e+00 -5.3224664241e+00  2.8429628193e+00  2.0809669838e+00 -4.6716978228e+00  3.3824155760e+00  2.6879639449e+00 -4.2900460730e+00  1.7647131975e+00  7.5993502416e+00 -2.9255668843e+00  1.6697111100e+00  8.0675038036e+00 -4.2899632412e+00  2.7068205317e+00  6.8464629859e+00 -4.5043691392e+00  1.4315731549e+00  2.9963734173e+00 -2.3593180334e+00  3.3881276113e+00  3.9677463219e+00 -3.3819207597e+00  4.4154197784e+00  5.8691846894e+00 -4.3843485947e+00  3.7462119683e+00  6.5576627408e+00 -2.7783705898e+00  3.9665431241e+00 -1.9437057330e+00  1.7072960940e+00  8.0056200440e-01 -1.3996197881e+00  2.7017495914e+00  2.0387321369e+00
ENERGY -1.158327934166e+03

JOB 11
COORDS  2.8870573865e+00 -4.0224004339e-01  2.0901912516e+00  1.6056615828e+00 -1.9257905458e+00  6.9444728700e-01  1.7133975784e+00  2.3363670145e-01  2.4794133295e+00  4.2544476648e-01 -1.3032428366e+00  1.0953137083e+00  2.8432422513e+00 -1.5032510595e+00  1.2084721431e+00  4.8850749112e-01 -2.2848636162e-01  1.9854022466e+00  2.9581154620e+00 -4.4863753919e+00  2.8283131021e+00  7.2982478845e+00 -3.5994424555e+00  2.2234706959e+00  3.6655113382e+00 -3.2497625125e+00  3.3913503165e+00  6.1351793690e+00 -3.5005063733e+00  3.2027466791e+00  4.0321748457e+00 -2.0548266936e+00  6.8544828975e-01  4.9784405963e+00 -2.5674087410e+00  1.3523295831e+00 -1.1297458009e+00  1.9160128293e+00  1.4654690638e+00  4.8960251451e+00 -2.9215707432e+00  2.6438166629e+00 -2.1329321487e+00 -3.3164113807e-01  2.1908501221e+00 -8.1167033475e-01  1.1265592890e+00  3.8458500968e+00 -1.0198835080e+00  5.7191753329e-01  2.5037225942e+00  3.8466992162e+00 -6.0809250156e-02  2.4679934665e+00  1.5825574417e+00 -2.7504213054e+00 -1.1943988961e-02  1.7391716371e+00  1.0660710217e+00  3.1758065006e+00 -5.3772099219e-01 -1.6502260926e+00  7.3467729329e-01  3.6186156875e+00 -5.3593167780e+00  2.8419813484e+00  2.0736228071e+00 -4.7120189250e+00  3.4320426854e+00  2.6310380539e+00 -4.3212988493e+00  1.7994819314e+00  7.5876166263e+00 -2.6201139178e+00  1.8365980314e+00  8.1538075931e+00 -4.0345813752e+00  2.7506680771e+00  7.0498281542e+00 -4.2345862263e+00  1.3707129911e+00  2.9885293806e+00 -2.3994004652e+00  3.4284399913e+00  3.9864576012e+00 -3.4353812973e+00  4.4198219782e+00  5.8970996295e+00 -4.5026177211e+00  3.5823116809e+00  6.4221670079e+00 -2.8932013566e+00  4.0709905182e+00 -1.8890697716e+00  1.7736550379e+00  8.0052871826e-01 -1.2926644627e+00  2.7496171102e+00  2.0294674004e+00
ENERGY -1.158328649721e+03

JOB 12
COORDS  2.8847509744e+00 -4.6651444998e-01  2.0503135594e+00  1.5373508190e+00 -1.9754701682e+00  7.0165031649e-01  1.7359439600e+00  2.0840024455e-01  2.4475731841e+00  3.8187330604e-01 -1.3143076341e+00  1.1127721796e+00  2.7948549428e+00 -1.5785950266e+00  1.1864030516e+00  4.9003184823e-01 -2.2666191734e-01  1.9824293852e+00  2.9414873930e+00 -4.5256798442e+00  2.8321144460e+00  7.3242159683e+00 -3.4162716015e+00  2.2509677733e+00  3.6501789447e+00 -3.2853021778e+00  3.3858738075e+00  6.1082188905e+00 -3.5412581339e+00  3.1601564026e+00  3.9570032934e+00 -2.1718225947e+00  6.4771827163e-01  4.9178638549e+00 -2.6637894010e+00  1.3075783272e+00 -1.0675967024e+00  1.9621497167e+00  1.4641531124e+00  4.8686623323e+00 -2.9403592590e+00  2.6240756350e+00 -2.1303095611e+00 -2.4713895546e-01  2.2233853024e+00 -7.4292657908e-01  1.1846881923e+00  3.8470948647e+00 -9.8611058469e-01  6.2456730203e-01  2.5131875099e+00  3.8593353464e+00 -1.4712896286e-01  2.4082557345e+00  1.4793315652e+00 -2.8101985916e+00  9.2627942309e-03  1.7969828741e+00  1.0510196341e+00  3.1293449779e+00 -5.9671272201e-01 -1.6402618709e+00  7.7483377461e-01  3.6072538813e+00 -5.3945149169e+00  2.8320144459e+00  2.0708157392e+00 -4.7577463221e+00  3.4531812874e+00  2.5922631275e+00 -4.3629379779e+00  1.8103915666e+00  7.5296478818e+00 -2.3724868037e+00  1.9996440238e+00  8.1923862140e+00 -3.8249258174e+00  2.7786694704e+00  7.1892782765e+00 -3.9643316275e+00  1.3174421580e+00  2.9670645139e+00 -2.4398453915e+00  3.4379376660e+00  3.9894395472e+00 -3.4743090807e+00  4.4077834083e+00  5.9200221766e+00 -4.6019144718e+00  3.3788548554e+00  6.3073728080e+00 -3.0500648970e+00  4.1201852502e+00 -1.8369685625e+00  1.8359380297e+00  8.0752664085e-01 -1.2013225299e+00  2.8048132886e+00  2.0223571036e+00
ENERGY -1.158329262941e+03

JOB 13
COORDS  2.9050862071e+00 -4.9360645443e-01  1.9988072108e+00  1.5035265339e+00 -2.0190770096e+00  7.2643136198e-01  1.7760959143e+00  2.1363705056e-01  2.3970630135e+00  3.6740052657e-01 -1.3267930262e+00  1.1405623204e+00  2.7772886009e+00 -1.6289233643e+00  1.1715082559e+00  5.1346959109e-01 -2.1398480889e-01  1.9718913404e+00  2.9366192297e+00 -4.5611392442e+00  2.8374765296e+00  7.3451320050e+00 -3.2418921517e+00  2.3306521324e+00  3.6380022654e+00 -3.3109283270e+00  3.3791695011e+00  6.0911751774e+00 -3.5902914718e+00  3.1239430415e+00  3.9182039657e+00 -2.2587449220e+00  6.2559704549e-01  4.8833375721e+00 -2.7429180633e+00  1.2817780776e+00 -1.0246794321e+00  1.9741725647e+00  1.3984073272e+00  4.8549586454e+00 -2.9568770494e+00  2.6162302707e+00 -2.1003728137e+00 -1.8262491743e-01  2.2785473933e+00 -6.5087622358e-01  1.2945941535e+00  3.8045190857e+00 -9.3656143828e-01  6.8233407124e-01  2.5024667864e+00  3.8919964335e+00 -1.8223029703e-01  2.3284691797e+00  1.4169971146e+00 -2.8734759117e+00  6.1632210985e-02  1.8653356292e+00  1.0760970764e+00  3.0502925434e+00 -6.2341792944e-01 -1.6465823294e+00  8.3376563647e-01  3.6048628646e+00 -5.4277167846e+00  2.8487855861e+00  2.0657347584e+00 -4.7892666710e+00  3.4597046556e+00  2.5878435669e+00 -4.4125564335e+00  1.8133331626e+00  7.4774304816e+00 -2.1580795111e+00  2.2617643593e+00  8.2138868496e+00 -3.6647327565e+00  2.8459597045e+00  7.3081667606e+00 -3.6424755979e+00  1.3173323172e+00  2.9477153100e+00 -2.4705400224e+00  3.4232802271e+00  3.9772044541e+00 -3.4886096007e+00  4.4028333083e+00  5.9589134457e+00 -4.6817033662e+00  3.1562664663e+00  6.2045115306e+00 -3.2509552275e+00  4.1590406249e+00 -1.8142856251e+00  1.8337474675e+00  7.6927803439e-01 -1.1274504960e+00  2.8429775093e+00  1.9220042970e+00
ENERGY -1.158329770527e+03

JOB 14
COORDS  2.9194758174e+00 -5.3350024283e-01  1.9366293244e+00  1.4562044335e+00 -2.0707931381e+00  7.4692036926e-01  1.8142450499e+00  2.0360635856e-01  2.3468665111e+00  3.4470095823e-01 -1.3474372028e+00  1.1752449295e+00  2.7468396368e+00 -1.6880918351e+00  1.1456976936e+00  5.3325998362e-01 -2.1477910460e-01  1.9700781983e+00  2.9282788437e+00 -4.6209682599e+00  2.8571672993e+00  7.3350245258e+00 -3.0729548676e+00  2.4171933405e+00  3.6193463461e+00 -3.3498005533e+00  3.3627773563e+00  6.0734045210e+00 -3.6466886575e+00  3.0542278653e+00  3.8624588039e+00 -2.3553362670e+00  5.8886234638e-01  4.8310593158e+00 -2.8377168954e+00  1.2378592475e+00 -9.8551694512e-01  1.9846386949e+00  1.3881206683e+00  4.8294886536e+00 -2.9956329852e+00  2.5870037886e+00 -2.0695954655e+00 -1.3233920780e-01  2.3514903827e+00 -5.5178642518e-01  1.3566931355e+00  3.7977176373e+00 -8.8632912513e-01  7.1851844490e-01  2.5201268564e+00  3.9205240474e+00 -2.3266782577e-01  2.2311292805e+00  1.3367321030e+00 -2.9419610780e+00  1.0956305068e-01  1.9360714740e+00  1.0817635996e+00  2.9733431526e+00 -6.5996886681e-01 -1.6583037125e+00  9.0683337417e-01  3.6042747968e+00 -5.4808662062e+00  2.8881602263e+00  2.0622772421e+00 -4.8406616449e+00  3.4892491062e+00  2.5730821824e+00 -4.5030439367e+00  1.8309631294e+00  7.3895337693e+00 -1.9908169125e+00  2.5724482941e+00  8.2128953725e+00 -3.5331635065e+00  2.8826270011e+00  7.3657528797e+00 -3.2672371472e+00  1.3446725501e+00  2.9192758548e+00 -2.5167140084e+00  3.3873477788e+00  3.9617751346e+00 -3.4960300637e+00  4.3898963578e+00  6.0207454556e+00 -4.7310967621e+00  2.8793499647e+00  6.1074979821e+00 -3.4939637400e+00  4.1366191000e+00 -1.7939437529e+00  1.8420226016e+00  7.8388742062e-01 -1.0602769183e+00  2.8672827805e+00  1.8930085425e+00
ENERGY -1.158330084421e+03

JOB 15
COORDS  2.9292345397e+00 -5.8120733421e-01  1.8823501335e+00  1.4394151601e+00 -2.1608525022e+00  7.8410081704e-01  1.8332493277e+00  1.6477815931e-01  2.3014095263e+00  3.3708974221e-01 -1.4281578662e+00  1.2206147584e+00  2.7382872945e+00 -1.7612214248e+00  1.1352567586e+00  5.4433391906e-01 -2.7106195196e-01  1.9744081355e+00  2.9469547830e+00 -4.6915604737e+00  2.9335596611e+00  7.3240394414e+00 -2.9631233780e+00  2.5888036397e+00  3.6224221886e+00 -3.3888597670e+00  3.3744385870e+00  6.0743810943e+00 -3.7345969512e+00  3.0031577438e+00  3.8424887681e+00 -2.4470436087e+00  5.7601044542e-01  4.8094560080e+00 -2.9318796151e+00  1.2228813841e+00 -1.0041614561e+00  1.9015422737e+00  1.3702587396e+00  4.8275280773e+00 -3.0579427233e+00  2.5799580788e+00 -2.0464058368e+00 -1.8974792980e-01  2.4294315722e+00 -4.9514380825e-01  1.3496554118e+00  3.7846945247e+00 -8.6397322431e-01  6.7193714613e-01  2.5373926782e+00  3.9372247996e+00 -2.6951745823e-01  2.1392764575e+00  1.3060398154e+00 -3.0531736703e+00  1.7969070119e-01  1.9687043680e+00  1.0624944973e+00  2.8966340252e+00 -6.7355797998e-01 -1.7505096422e+00  9.9094678314e-01  3.6285852424e+00 -5.5433623067e+00  3.0185363960e+00  2.0748697749e+00 -4.8838090372e+00  3.5664054584e+00  2.6033874584e+00 -4.6309329833e+00  1.8978062893e+00  7.3153798169e+00 -1.9557251545e+00  3.0170091079e+00  8.2168299709e+00 -3.4851145022e+00  2.9488898259e+00  7.3867529509e+00 -2.8777643715e+00  1.5022497388e+00  2.9125635059e+00 -2.5650268660e+00  3.3524921097e+00  3.9630025304e+00 -3.4720487796e+00  4.4090358772e+00  6.1051485597e+00 -4.7552398254e+00  2.5991472309e+00  6.0322837308e+00 -3.8130890293e+00  4.0922887585e+00 -1.8336937974e+00  1.7404377626e+00  8.0026333455e-01 -1.0604792869e+00  2.8001203528e+00  1.8487061523e+00
ENERGY -1.158330374761e+03

JOB 16
COORDS  2.9528763683e+00 -5.7785659557e-01  1.8418306188e+00  1.3835301800e+00 -2.1462919289e+00  8.4427989847e-01  1.8922135442e+00  2.0341777724e-01  2.2870580312e+00  3.1745846916e-01 -1.3769412029e+00  1.3072876829e+00  2.7049727586e+00 -1.7698516031e+00  1.1313222814e+00  5.8078636278e-01 -2.0741188445e-01  2.0235366894e+00  2.9047436265e+00 -4.6783382238e+00  3.0021440819e+00  7.2696515568e+00 -2.8584109258e+00  2.7656330252e+00  3.6275868123e+00 -3.3792695319e+00  3.3721295572e+00  6.0662757293e+00 -3.7888741479e+00  2.8975493226e+00  3.7707486231e+00 -2.4915712946e+00  5.4384410224e-01  4.7467825769e+00 -2.9937901083e+00  1.1639839091e+00 -9.4755120559e-01  1.9780434489e+00  1.4137342594e+00  4.8066718488e+00 -3.1116391355e+00  2.5189120134e+00 -1.9855502683e+00 -5.0931196474e-02  2.5885891087e+00 -3.4221723463e-01  1.4959694559e+00  3.8216611639e+00 -7.8074146119e-01  7.8573878888e-01  2.6155404419e+00  3.9775462785e+00 -2.8387213464e-01  2.0491917620e+00  1.2043853139e+00 -3.0492283005e+00  2.6807801894e-01  2.0728544120e+00  1.1112383044e+00  2.8542457735e+00 -7.0875162609e-01 -1.6806923100e+00  1.1264107502e+00  3.5719910347e+00 -5.5418145341e+00  3.0871939858e+00  2.0542578073e+00 -4.8310602250e+00  3.6740799151e+00  2.5229675307e+00 -4.6416824340e+00  1.9786648722e+00  7.1556589755e+00 -1.9823976499e+00  3.4123516365e+00  8.1881416190e+00 -3.3831842013e+00  3.0496703972e+00  7.3736077542e+00 -2.5157928168e+00  1.7327208596e+00  2.9389773885e+00 -2.5378166243e+00  3.3478328158e+00  4.0059761882e+00 -3.4340486405e+00  4.3953523971e+00  6.2028807640e+00 -4.6809651335e+00  2.2759189627e+00  5.9592842200e+00 -4.1202318195e+00  3.9329072517e+00 -1.8088821486e+00  1.8203591396e+00  8.9200823341e-01 -9.5572031839e-01  2.8939931610e+00  1.8613991028e+00
ENERGY -1.158330364726e+03

JOB 17
COORDS  2.9570746230e+00 -6.2762559322e-01  1.7036918156e+00  1.3484244158e+00 -2.2134306954e+00  8.0220633915e-01  1.9161440539e+00  1.6374691839e-01  2.1764886572e+00  3.0279376298e-01 -1.4325535550e+00  1.2912341305e+00  2.6816247902e+00 -1.8349214419e+00  1.0285678570e+00  5.9473848647e-01 -2.4982612415e-01  1.9742079050e+00  2.8642845469e+00 -4.6214414402e+00  3.0406257238e+00  7.1818117307e+00 -2.7623842985e+00  2.9664030487e+00  3.6950095735e+00 -3.3601232356e+00  3.2962971254e+00  6.1091778091e+00 -3.8237005784e+00  2.7204847780e+00  3.7234329308e+00 -2.5663419401e+00  4.1552760653e-01  4.7179183729e+00 -3.0749117285e+00  1.0064338949e+00 -9.5867034855e-01  1.9248410888e+00  1.3863552429e+00  4.8167216253e+00 -3.2228032463e+00  2.3452969207e+00 -1.9451191920e+00 -8.1365448229e-02  2.6438512135e+00 -2.5201496013e-01  1.4896134258e+00  3.7745549406e+00 -7.4038536066e-01  7.5508888984e-01  2.6024727522e+00  3.9895481512e+00 -3.2827490348e-01  1.8597279814e+00  1.1450820225e+00 -3.1271620697e+00  2.5158735748e-01  2.1204273368e+00  1.0823804776e+00  2.7176468447e+00 -7.3006082045e-01 -1.7381896093e+00  1.1573934632e+00  3.4829861789e+00 -5.5218776986e+00  3.1098329840e+00  2.0622155333e+00 -4.6927633439e+00  3.7821056940e+00  2.4060461770e+00 -4.5973749142e+00  2.0489961719e+00  6.8878054445e+00 -2.0849948433e+00  3.7753229216e+00  8.1319878336e+00 -3.2337047182e+00  3.2403901492e+00  7.3385271912e+00 -2.1695913988e+00  2.0605186427e+00  3.0635492405e+00 -2.4748596155e+00  3.2850125288e+00  4.1491731313e+00 -3.3995759004e+00  4.2893259192e+00  6.4179896726e+00 -4.4916069263e+00  1.9120661694e+00  5.9555150347e+00 -4.4339461024e+00  3.6147035090e+00 -1.8384124891e+00  1.7540238632e+00  9.0072217941e-01 -9.5534166297e-01  2.8483011463e+00  1.8184423772e+00
ENERGY -1.158330501010e+03

JOB 18
COORDS  2.9481260204e+00 -6.5955243164e-01  1.6206496280e+00  1.2961002468e+00 -2.2471231108e+00  8.0591209144e-01  1.9308500120e+00  1.5478293788e-01  2.1058319738e+00  2.7417819609e-01 -1.4429645595e+00  1.3067178710e+00  2.6401459314e+00 -1.8795561777e+00  9.8283316395e-01  5.9966013580e-01 -2.4823323331e-01  1.9528806561e+00  2.8737420852e+00 -4.5646198145e+00  3.0817481569e+00  7.0894125021e+00 -2.7547339406e+00  3.1577164916e+00  3.7513723390e+00 -3.3222081468e+00  3.2628469979e+00  6.1278601401e+00 -3.8146845853e+00  2.6171459044e+00  3.6522155035e+00 -2.6368375068e+00  3.5323236809e-01  4.6710961446e+00 -3.1303864827e+00  9.1586376273e-01 -9.3713394077e-01  1.9390141857e+00  1.3677192628e+00  4.8241392292e+00 -3.2415407342e+00  2.2518594880e+00 -1.9197420417e+00 -3.2741528037e-02  2.6818193896e+00 -1.7784279837e-01  1.5321857529e+00  3.7449366707e+00 -7.0494065321e-01  7.8577944854e-01  2.5972364613e+00  3.9878223854e+00 -3.6715045377e-01  1.7371726814e+00  1.0664501509e+00 -3.1706941374e+00  2.8269531340e-01  2.1616458993e+00  1.0834087437e+00  2.6185738643e+00 -7.6555629452e-01 -1.7393826285e+00  1.2107845561e+00  3.4707855707e+00 -5.4803728370e+00  3.1386322308e+00  2.1125379796e+00 -4.5964714996e+00  3.8676152999e+00  2.3619835647e+00 -4.5500107248e+00  2.1168653565e+00  6.6810320016e+00 -2.2621397090e+00  4.0468763188e+00  8.0464244188e+00 -3.2113388834e+00  3.4324461905e+00  7.2755355604e+00 -1.9900819056e+00  2.3977540495e+00  3.1457101404e+00 -2.4186994102e+00  3.2677941468e+00  4.2597243922e+00 -3.3570897576e+00  4.2298616439e+00  6.5381934559e+00 -4.2745904051e+00  1.7160829769e+00  5.9700737777e+00 -4.6087044822e+00  3.3554695501e+00 -1.8305180821e+00  1.7720138345e+00  9.0624044080e-01 -9.1204314708e-01  2.8689565427e+00  1.7849498721e+00
ENERGY -1.158331148141e+03

JOB 19
COORDS  2.9327477874e+00 -6.8354142968e-01  1.5547780161e+00  1.2457612066e+00 -2.2841863208e+00  8.4518062578e-01  1.9371456927e+00  1.5196737409e-01  2.0488200051e+00  2.4589376313e-01 -1.4595134982e+00  1.3570681195e+00  2.5967102932e+00 -1.9196325762e+00  9.6434759586e-01  5.9947479135e-01 -2.4753385882e-01  1.9543128660e+00  2.9397444753e+00 -4.5610761365e+00  3.0697675247e+00  7.0382034733e+00 -2.7966229293e+00  3.2985005466e+00  3.7950029271e+00 -3.3002262259e+00  3.2313234275e+00  6.1464228288e+00 -3.7787891317e+00  2.5369953384e+00  3.5818580100e+00 -2.7025933722e+00  3.2191299031e-01  4.6286432440e+00 -3.1630824121e+00  8.5823896889e-01 -9.5116325828e-01  1.9260020309e+00  1.3544429802e+00  4.8426852822e+00 -3.1901145951e+00  2.1957523150e+00 -1.8905679190e+00  2.9703324136e-03  2.7682827616e+00 -1.0529327502e-01  1.5943241900e+00  3.7139106380e+00 -6.7723516668e-01  8.1301866154e-01  2.6119296684e+00  3.9772743504e+00 -3.9517242408e-01  1.6289783612e+00  9.9321802656e-01 -3.2211915161e+00  3.5769273547e-01  2.1902633950e+00  1.0942442673e+00  2.5248099030e+00 -7.9793927956e-01 -1.7526167386e+00  1.3063615108e+00  3.5568839695e+00 -5.4643247501e+00  3.1071941009e+00  2.2031931579e+00 -4.6108436087e+00  3.8777628793e+00  2.3990146691e+00 -4.5569232204e+00  2.1209755988e+00  6.5737796758e+00 -2.4712823607e+00  4.2354571110e+00  7.9952221013e+00 -3.2684197045e+00  3.5454213693e+00  7.2359403335e+00 -1.9091777658e+00  2.6899003734e+00  3.1707900717e+00 -2.4092877726e+00  3.2563337936e+00  4.3276840959e+00 -3.3291911799e+00  4.1851738512e+00  6.6135137496e+00 -4.0689401507e+00  1.5948036758e+00  5.9895531979e+00 -4.6910358965e+00  3.1269062540e+00 -1.8621733701e+00  1.7489525806e+00  9.3291387948e-01 -9.0570768529e-01  2.8692055818e+00  1.7388919403e+00
ENERGY -1.158331541268e+03

JOB 20
COORDS  2.9003728623e+00 -7.0377666120e-01  1.5016910835e+00  1.1846767447e+00 -2.3157907229e+00  8.8762489303e-01  1.9222522674e+00  1.5192834649e-01  1.9958711047e+00  2.0398712498e-01 -1.4703044658e+00  1.4027120708e+00  2.5395171409e+00 -1.9541169976e+00  9.5850805941e-01  5.8050806533e-01 -2.4247668951e-01  1.9513611800e+00  2.9978439830e+00 -4.5558040013e+00  3.0600340099e+00  6.9850027852e+00 -2.8620948186e+00  3.4132118480e+00  3.8211973060e+00 -3.2720186846e+00  3.2094287042e+00  6.1554808602e+00 -3.7236000307e+00  2.4606446786e+00  3.4995663463e+00 -2.7653869891e+00  3.1127864732e-01  4.5731800434e+00 -3.1874442383e+00  8.2189538552e-01 -9.7443445232e-01  1.9198847094e+00  1.3263469376e+00  4.8473086267e+00 -3.1185800728e+00  2.1547502956e+00 -1.8845062584e+00  4.9282534637e-02  2.8269624310e+00 -6.4926417539e-02  1.6579017979e+00  3.6713285550e+00 -6.7186539814e-01  8.4625374852e-01  2.6110000538e+00  3.9480721005e+00 -4.2081260012e-01  1.5410368460e+00  9.1435709588e-01 -3.2654927236e+00  4.3549378162e-01  2.1929755550e+00  1.1069845180e+00  2.4352375647e+00 -8.4228511609e-01 -1.7587037393e+00  1.3904457587e+00  3.6393688962e+00 -5.4423532538e+00  3.0782037840e+00  2.2848206018e+00 -4.6288711044e+00  3.8870659595e+00  2.4315538784e+00 -4.5650513424e+00  2.1265416095e+00  6.4908716718e+00 -2.7196883103e+00  4.3794227676e+00  7.9495187325e+00 -3.3439709429e+00  3.6041505507e+00  7.1716256151e+00 -1.8757399315e+00  2.9777359582e+00  3.1726663691e+00 -2.3988334160e+00  3.2534634402e+00  4.3704092107e+00 -3.2932639759e+00  4.1530427546e+00  6.6689974323e+00 -3.8413406082e+00  1.5060399368e+00  6.0111592771e+00 -4.7270822456e+00  2.8852713980e+00 -1.8979769252e+00  1.7358070590e+00  9.3627715569e-01 -9.1191884988e-01  2.8748392152e+00  1.6779780027e+00
ENERGY -1.158331272602e+03

JOB 21
COORDS  2.8776007938e+00 -6.5463482267e-01  1.4419761762e+00  1.1503354303e+00 -2.2923712133e+00  9.4181407767e-01  1.9113467560e+00  2.1749090259e-01  1.9309178707e+00  1.8201554289e-01 -1.4299775530e+00  1.4527804201e+00  2.5051227441e+00 -1.9253338814e+00  9.5815562800e-01  5.7001017665e-01 -1.8060327315e-01  1.9412115771e+00  3.0408882120e+00 -4.5088188995e+00  3.0907088052e+00  6.9202016863e+00 -3.0305696664e+00  3.5460513445e+00  3.8324064803e+00 -3.2007805561e+00  3.2002176996e+00  6.1502744905e+00 -3.6850521804e+00  2.3996812670e+00  3.4493179185e+00 -2.7584533739e+00  3.1301647340e-01  4.5335199205e+00 -3.1655463035e+00  8.0873350580e-01 -1.0067981521e+00  1.9533949838e+00  1.2749900908e+00  4.8479732465e+00 -3.0391798907e+00  2.1348962378e+00 -1.8711563661e+00  1.4253044914e-01  2.8713732212e+00 -3.2168816955e-02  1.7850616237e+00  3.6025233024e+00 -6.6656626359e-01  9.3193370167e-01  2.5920159029e+00  3.9252122068e+00 -3.6914430211e-01  1.4409738587e+00  8.6980824392e-01 -3.2595337356e+00  5.3530841798e-01  2.1917426991e+00  1.1894059341e+00  2.3248595799e+00 -8.6317694552e-01 -1.7209955500e+00  1.4825035512e+00  3.7027555287e+00 -5.3797043004e+00  3.1228743276e+00  2.3398954341e+00 -4.5795107514e+00  3.9281768734e+00  2.4634135685e+00 -4.5551881887e+00  2.1648664952e+00  6.4391581480e+00 -3.1749098188e+00  4.5176127391e+00  7.9185402997e+00 -3.4751053337e+00  3.6099827190e+00  7.0340885222e+00 -1.9553696688e+00  3.3754882096e+00  3.1602834197e+00 -2.3451823568e+00  3.2225437660e+00  4.3809343596e+00 -3.1786111480e+00  4.1427136284e+00  6.7167538385e+00 -3.6087089301e+00  1.4716285516e+00  6.0068828161e+00 -4.7553877696e+00  2.6076581487e+00 -1.9416761318e+00  1.7552991825e+00  9.2042738107e-01 -9.3286116520e-01  2.9217354206e+00  1.5853047357e+00
ENERGY -1.158330184219e+03

JOB 22
COORDS  3.4618310136e+00 -1.3920295508e-01  2.5956132581e+00  2.2792134826e+00 -9.6891042316e-01  6.3960394499e-01  2.2785423799e+00  4.0767861826e-01  3.0816766243e+00  1.0878753568e+00 -4.4171231467e-01  1.1332998004e+00  3.4672959709e+00 -8.4824711370e-01  1.3781717669e+00  1.0976012974e+00  2.4435138498e-01  2.3500856543e+00  3.4314226242e+00 -4.3008321962e+00  1.6304399822e+00  6.4764367611e+00 -4.2918417803e+00  4.0816070643e+00  3.9423780405e+00 -3.3701175144e+00  2.7354357880e+00  6.4371287213e+00 -3.6853931329e+00  2.6809017627e+00  4.6854172826e+00 -1.2749043861e+00  7.9749856817e-01  5.5191267066e+00 -2.0623862375e+00  1.3166485872e+00 -4.3788383370e-01  2.5124593444e+00  2.3563385689e+00  5.2749846358e+00 -2.7945669703e+00  2.4476669157e+00 -1.5377232451e+00  2.1231830495e-01  2.3508435627e+00 -2.9334562683e-01  1.0612385663e+00  4.4373398979e+00 -4.2566884962e-01  9.3093155324e-01  2.9822397391e+00  4.3856308569e+00 -3.7417037593e-02  3.1571978487e+00  2.3003480649e+00 -1.4886451914e+00 -3.1365934770e-01  2.2597802440e+00  9.3431569480e-01  4.0307134423e+00  1.5687011758e-01 -5.6651722496e-01  5.8942702352e-01  4.1119749185e+00 -5.1422740569e+00  1.4674908113e+00  2.4533813881e+00 -4.7021099852e+00  1.9138082964e+00  3.3152995425e+00 -3.7689549231e+00  6.8268126889e-01  5.7153743023e+00 -5.0622215122e+00  4.2334447534e+00  7.4503893130e+00 -4.7672991861e+00  4.2339646911e+00  6.3511727012e+00 -3.5226697098e+00  4.8507683755e+00  3.2248492930e+00 -2.5768756953e+00  2.9283070977e+00  4.0402324349e+00 -3.9166002854e+00  3.6735293512e+00  7.3215225438e+00 -3.0693155506e+00  2.5159531293e+00  6.4564233864e+00 -4.4848422248e+00  1.9272443804e+00 -1.2372282673e+00  2.6224601586e+00  1.7336584586e+00 -4.8214229398e-01  3.1762083034e+00  3.1285884440e+00
ENERGY -1.158328849363e+03

JOB 23
COORDS  3.4678008567e+00 -8.3072191792e-02  2.5567294200e+00  2.2603148310e+00 -1.0015188135e+00  6.5379003772e-01  2.2852637437e+00  4.6373376101e-01  3.0442929653e+00  1.0699919878e+00 -4.7390811824e-01  1.1493539362e+00  3.4587240297e+00 -8.3692851613e-01  1.3666875244e+00  1.0944246337e+00  2.5557886720e-01  2.3404151220e+00  3.4771898429e+00 -4.3168335242e+00  1.7346358793e+00  6.4042802858e+00 -4.4653036425e+00  3.9606523082e+00  3.9697584277e+00 -3.3189705909e+00  2.7877402636e+00  6.4812095238e+00 -3.6079014234e+00  2.7010709205e+00  4.6719996403e+00 -1.2731851145e+00  7.8281214533e-01  5.5150865157e+00 -2.0423763054e+00  1.3140166115e+00 -4.7618653600e-01  2.4995180530e+00  2.3069157249e+00  5.2941432860e+00 -2.7410954115e+00  2.4710211888e+00 -1.5383468967e+00  1.8266108875e-01  2.3905226385e+00 -2.7105799910e-01  1.1149018521e+00  4.4271868835e+00 -4.2745869232e-01  9.3809897886e-01  2.9794238911e+00  4.4003391623e+00  5.1472598383e-02  3.0965458761e+00  2.2723428099e+00 -1.5569551916e+00 -2.7929507512e-01  2.2752505177e+00  1.0244819544e+00  3.9737553707e+00  1.3085124229e-01 -6.3164320838e-01  6.2843389187e-01  4.1698385733e+00 -5.1572910553e+00  1.6244337962e+00  2.5012130763e+00 -4.7134038516e+00  2.0317194318e+00  3.3641491334e+00 -3.8401010587e+00  7.5723097587e-01  5.6613304259e+00 -5.2639719449e+00  3.8843421681e+00  7.3777267428e+00 -4.9407763076e+00  4.1157777055e+00  6.1821058070e+00 -3.8645279540e+00  4.8488874868e+00  3.2421828694e+00 -2.5247972487e+00  2.9299873254e+00  4.0672465956e+00 -3.8064021942e+00  3.7575128648e+00  7.3416181902e+00 -2.9387317675e+00  2.7585313972e+00  6.6356108402e+00 -4.2537952405e+00  1.8273533832e+00 -1.2856384229e+00  2.5770927122e+00  1.6924629678e+00 -5.2171662833e-01  3.1851951510e+00  3.0596853781e+00
ENERGY -1.158327498304e+03

