JOB 0
COORDS  1.5483123041e+00 -1.4462731525e+00 -9.0266323683e-02  6.7450131836e-01 -5.1565676640e-01  4.8785377406e-01  2.5896928691e+00 -1.9734227375e+00  6.6948496489e-01  8.5903570306e-01 -1.0565302049e-01  1.8072482995e+00  3.8294168355e+00 -2.5592001395e+00  4.1297002082e+00  5.8971846054e+00 -3.0956900193e+00  2.9832470253e+00  2.7747630927e+00 -1.6011064248e+00  2.0131311015e+00  1.9062039510e+00 -6.3774214340e-01  2.5681358591e+00  3.8658594039e+00 -2.2162535490e+00  2.7927304839e+00  5.0601002787e+00 -2.5348191289e+00  2.1601946977e+00  2.0387355462e+00 -1.6386233626e-01  3.8510796484e+00  5.3193302952e+00 -3.2952184628e+00  4.6167579512e+00  1.4160975489e+00 -1.7566396938e+00 -1.1227233898e+00 -1.4403734906e-01 -9.8596220443e-02 -9.3007390718e-02  3.2786602230e+00 -2.6930370264e+00  2.3809956402e-01  2.1221926291e-01  6.3609804916e-01  2.2663660977e+00  2.9915212226e+00 -2.5089304605e+00  4.8130567936e+00  6.8958264463e+00 -3.4157782023e+00  2.7048655264e+00  2.9156578657e+00 -4.1554670963e-01  4.1904449049e+00
ENERGY -8.753864976069e+02

JOB 1
COORDS  1.5739171312e+00 -1.4237148263e+00 -1.0338678007e-01  6.7318450963e-01 -5.2410716560e-01  4.8095154666e-01  2.6136074669e+00 -1.9502269158e+00  6.5965257770e-01  8.2807186709e-01 -1.4406408836e-01  1.8138942862e+00  3.8611310253e+00 -2.5047444420e+00  4.1450685316e+00  5.8739633453e+00 -3.1517056493e+00  2.9570690437e+00  2.7681259203e+00 -1.6105418717e+00  2.0161598033e+00  1.8655160874e+00 -6.8420914352e-01  2.5798517864e+00  3.8636000454e+00 -2.2193304830e+00  2.7941153048e+00  5.0274611061e+00 -2.6004380439e+00  2.1382451622e+00  1.9624919901e+00 -2.5463686801e-01  3.8862747229e+00  5.3426304102e+00 -3.2672766912e+00  4.6145743815e+00  1.4659890198e+00 -1.7097767570e+00 -1.1457525886e+00 -1.4021123825e-01 -1.0449122479e-01 -1.0517106716e-01  3.3249173742e+00 -2.6428620767e+00  2.2121393813e-01  1.6205145585e-01  5.7558007675e-01  2.2806810057e+00  3.0523216829e+00 -2.3872468014e+00  4.8536286032e+00  6.8533371118e+00 -3.5129508419e+00  2.6612777231e+00  2.8967557605e+00 -2.8515983243e-01  4.1570532414e+00
ENERGY -8.753860995538e+02

JOB 2
COORDS  1.6034208992e+00 -1.4004815893e+00 -1.0624782989e-01  6.8184642746e-01 -5.2557036857e-01  4.8129464550e-01  2.6404441025e+00 -1.9301388760e+00  6.5912688877e-01  8.1499059929e-01 -1.7496535485e-01  1.8255686804e+00  3.8995985971e+00 -2.4606630379e+00  4.1610887557e+00  5.8583746309e+00 -3.2119767700e+00  2.9424552123e+00  2.7731800380e+00 -1.6183614675e+00  2.0249727993e+00  1.8451997349e+00 -7.2144312840e-01  2.5944102931e+00  3.8705977166e+00 -2.2263083563e+00  2.8011876258e+00  5.0045219793e+00 -2.6658368751e+00  2.1284145890e+00  1.9155380264e+00 -3.3211713307e-01  3.9212582019e+00  5.3701633368e+00 -3.2511542750e+00  4.6169243286e+00  1.5146892878e+00 -1.6659313680e+00 -1.1559838219e+00 -1.2768753164e-01 -1.0296921726e-01 -1.0798769697e-01  3.3669153427e+00 -2.6026769112e+00  2.1494593943e-01  1.3254245513e-01  5.2354819204e-01  2.3006229185e+00  3.1201101654e+00 -2.2778992581e+00  4.8872413000e+00  6.8177515508e+00 -3.6133084124e+00  2.6331453849e+00  2.8416241024e+00 -1.2763317687e-01  4.1374734295e+00
ENERGY -8.753850139277e+02

JOB 3
COORDS  1.6292440920e+00 -1.3762340732e+00 -1.0353528186e-01  6.9325509992e-01 -5.2208784298e-01  4.9035258326e-01  2.6637317848e+00 -1.9120457773e+00  6.6159642480e-01  8.0918283751e-01 -2.0009689718e-01  1.8440941677e+00  3.9393733608e+00 -2.4300422011e+00  4.1705029812e+00  5.8481995728e+00 -3.2677353326e+00  2.9280591289e+00  2.7827366745e+00 -1.6248388840e+00  2.0345089169e+00  1.8374613048e+00 -7.5106976515e-01  2.6106150751e+00  3.8820519407e+00 -2.2363616806e+00  2.8058054457e+00  4.9878932156e+00 -2.7246824511e+00  2.1192213647e+00  1.8901661150e+00 -4.0089878405e-01  3.9551568874e+00  5.3999971759e+00 -3.2446671256e+00  4.6142530383e+00  1.5536282815e+00 -1.6226478168e+00 -1.1590755028e+00 -1.1503384457e-01 -9.6833529858e-02 -9.8648195624e-02  3.3997987630e+00 -2.5694428051e+00  2.1113649767e-01  1.1117751724e-01  4.7612338250e-01  2.3288757344e+00  3.1876716100e+00 -2.1907730457e+00  4.9083554549e+00  6.7888909152e+00 -3.7032233794e+00  2.6078385636e+00  2.7418836569e+00  3.3883531885e-02  4.1304220538e+00
ENERGY -8.753837178756e+02

JOB 4
COORDS  1.6485203497e+00 -1.3563721377e+00 -9.8949569101e-02  7.0302262820e-01 -5.1566660328e-01  4.9833864878e-01  2.6782015771e+00 -1.9014995501e+00  6.6616338846e-01  8.0568962705e-01 -2.2023396506e-01  1.8594644508e+00  3.9745845515e+00 -2.4105000938e+00  4.1765872088e+00  5.8363684483e+00 -3.3206439212e+00  2.9120741862e+00  2.7888146470e+00 -1.6327937537e+00  2.0440777707e+00  1.8337445491e+00 -7.7323906101e-01  2.6244803471e+00  3.8890808976e+00 -2.2504532324e+00  2.8096364556e+00  4.9678794799e+00 -2.7805822589e+00  2.1103653188e+00  1.8723165133e+00 -4.6036914953e-01  3.9831526671e+00  5.4280500861e+00 -3.2443194796e+00  4.6070159036e+00  1.5828479963e+00 -1.5877005963e+00 -1.1586555815e+00 -1.0406082447e-01 -8.7318754171e-02 -9.0053335652e-02  3.4190369433e+00 -2.5502065758e+00  2.1129839926e-01  9.3220482069e-02  4.3534745709e-01  2.3518279974e+00  3.2502726140e+00 -2.1233504144e+00  4.9237669378e+00  6.7594284172e+00 -3.7849812447e+00  2.5812894979e+00  2.5868444787e+00  1.8022797266e-01  4.1351843106e+00
ENERGY -8.753826859275e+02

JOB 5
COORDS  1.6633745909e+00 -1.3430146211e+00 -9.6164644238e-02  7.1340818086e-01 -5.0934112875e-01  5.0389716072e-01  2.6872795895e+00 -1.8966948116e+00  6.7005315116e-01  8.0525444138e-01 -2.3391424974e-01  1.8698017092e+00  4.0075086860e+00 -2.3896096041e+00  4.1795736297e+00  5.8260624373e+00 -3.3643842369e+00  2.8989111217e+00  2.7944484323e+00 -1.6392401817e+00  2.0510560453e+00  1.8353243067e+00 -7.8632193388e-01  2.6334663931e+00  3.8954661943e+00 -2.2621267039e+00  2.8115292288e+00  4.9492824524e+00 -2.8297921290e+00  2.1029719648e+00  1.8659776645e+00 -5.0571408987e-01  4.0011479281e+00  5.4558671263e+00 -3.2371531593e+00  4.5997006918e+00  1.6041229929e+00 -1.5641526381e+00 -1.1584666017e+00 -9.2949692083e-02 -7.8572598521e-02 -8.3686790296e-02  3.4297442942e+00 -2.5418484680e+00  2.1313516914e-01  7.9913500581e-02  4.0488109902e-01  2.3660219713e+00  3.3089149173e+00 -2.0611367814e+00  4.9334740488e+00  6.7329257371e+00 -3.8542511806e+00  2.5602597376e+00  2.3916584003e+00  2.9817449630e-01  4.1431876063e+00
ENERGY -8.753822544183e+02

JOB 6
COORDS  1.6782212310e+00 -1.3332094519e+00 -9.3496508071e-02  7.2647069777e-01 -5.0159850488e-01  5.0696111796e-01  2.6963854201e+00 -1.8956663890e+00  6.7326579604e-01  8.0983019877e-01 -2.4030820300e-01  1.8757382840e+00  4.0389984457e+00 -2.3641746413e+00  4.1821071899e+00  5.8147976847e+00 -3.4057983784e+00  2.8919062259e+00  2.8013126869e+00 -1.6438696543e+00  2.0559972624e+00  1.8418274386e+00 -7.9231198819e-01  2.6389440553e+00  3.9014059803e+00 -2.2711077549e+00  2.8138986883e+00  4.9310746074e+00 -2.8765463316e+00  2.1003997997e+00  1.8702399080e+00 -5.3851325163e-01  4.0106878068e+00  5.4818943771e+00 -3.2242493829e+00  4.5955316660e+00  1.6234844404e+00 -1.5472399608e+00 -1.1574361869e+00 -7.8431748005e-02 -6.7981364212e-02 -8.0533640609e-02  3.4386656251e+00 -2.5406766064e+00  2.1605741619e-01  7.4480971237e-02  3.8746694259e-01  2.3721459200e+00  3.3657087534e+00 -1.9967569505e+00  4.9405390206e+00  6.7051701019e+00 -3.9218900182e+00  2.5484067725e+00  2.1724699404e+00  3.7237999854e-01  4.1534645307e+00
ENERGY -8.753825807804e+02

JOB 7
COORDS  1.6919646685e+00 -1.3288058475e+00 -9.3723401938e-02  7.4120024274e-01 -4.9576413827e-01  5.0628313377e-01  2.7046752445e+00 -1.8973392324e+00  6.7530596730e-01  8.1921628244e-01 -2.4266776805e-01  1.8764542399e+00  4.0711954245e+00 -2.3400914520e+00  4.1830548882e+00  5.8033816055e+00 -3.4446484570e+00  2.8900563667e+00  2.8098415470e+00 -1.6491464592e+00  2.0588617716e+00  1.8512789436e+00 -7.9567034294e-01  2.6407202830e+00  3.9084192660e+00 -2.2800637616e+00  2.8156329328e+00  4.9143248941e+00 -2.9224378738e+00  2.1002042333e+00  1.8823286445e+00 -5.5894027270e-01  4.0119049326e+00  5.5070953460e+00 -3.2128085786e+00  4.5942635568e+00  1.6402356264e+00 -1.5391935466e+00 -1.1584381629e+00 -6.1450356324e-02 -5.8154292097e-02 -8.1332562972e-02  3.4459180031e+00 -2.5439986228e+00  2.1900193809e-01  7.7869528396e-02  3.8124782663e-01  2.3699340614e+00  3.4224889636e+00 -1.9368299133e+00  4.9442680568e+00  6.6777695759e+00 -3.9858422588e+00  2.5441994939e+00  1.9464400032e+00  3.9711042773e-01  4.1621239822e+00
ENERGY -8.753835621924e+02

JOB 8
COORDS  1.7027284377e+00 -1.3245187955e+00 -9.3742947195e-02  7.5418822569e-01 -4.9150054051e-01  5.0913595203e-01  2.7125749852e+00 -1.8954069211e+00  6.7726636720e-01  8.3034639278e-01 -2.4331298557e-01  1.8801193671e+00  4.1086637661e+00 -2.3087829232e+00  4.1806523657e+00  5.7917821877e+00 -3.4851538392e+00  2.8856784520e+00  2.8196398469e+00 -1.6518054354e+00  2.0613796475e+00  1.8617316679e+00 -7.9798886364e-01  2.6453914214e+00  3.9177750937e+00 -2.2860463082e+00  2.8155689452e+00  4.8962529856e+00 -2.9693575573e+00  2.0993470208e+00  1.9008670261e+00 -5.7017546224e-01  4.0131492501e+00  5.5367349319e+00 -3.1963166720e+00  4.5877885484e+00  1.6521618736e+00 -1.5317448175e+00 -1.1590467947e+00 -4.7332423777e-02 -4.9700491342e-02 -7.6838340839e-02  3.4531711901e+00 -2.5426704119e+00  2.2104131455e-01  8.6271721444e-02  3.8115464812e-01  2.3701420604e+00  3.4876849440e+00 -1.8677125668e+00  4.9436828610e+00  6.6473266009e+00 -4.0546694095e+00  2.5381605446e+00  1.7284224594e+00  3.6994833327e-01  4.1778319324e+00
ENERGY -8.753849179520e+02

JOB 9
COORDS  1.7286820732e+00 -1.3294742389e+00 -9.9184732815e-02  7.7775365052e-01 -4.9450013964e-01  4.9649413885e-01  2.7327407715e+00 -1.8994544419e+00  6.8031762867e-01  8.4490711223e-01 -2.4341302748e-01  1.8673442382e+00  4.1359406282e+00 -2.2658615007e+00  4.1885911299e+00  5.7712082905e+00 -3.5279068384e+00  2.9121969352e+00  2.8309080512e+00 -1.6550383286e+00  2.0645033621e+00  1.8682654514e+00 -8.0092737155e-01  2.6418649811e+00  3.9228820406e+00 -2.2893026577e+00  2.8266601570e+00  4.8747466528e+00 -3.0206306210e+00  2.1216514917e+00  1.9107531522e+00 -5.6824638443e-01  4.0040834274e+00  5.5512982099e+00 -3.1690507221e+00  4.6057882613e+00  1.6854888659e+00 -1.5376701225e+00 -1.1645117134e+00 -1.8044080941e-02 -5.0109507993e-02 -9.5232023621e-02  3.4757929970e+00 -2.5486639182e+00  2.3096845405e-01  9.8752304052e-02  3.8768794156e-01  2.3470815893e+00  3.5402982614e+00 -1.7806827635e+00  4.9448406783e+00  6.6070482559e+00 -4.1306926963e+00  2.5728889009e+00  1.5197513772e+00  3.0142953455e-01  4.1825708768e+00
ENERGY -8.753862709060e+02

JOB 10
COORDS  1.7299998408e+00 -1.3199749112e+00 -9.6533515178e-02  7.8228460071e-01 -4.8579755030e-01  5.0446530140e-01  2.7366919601e+00 -1.8900178380e+00  6.8008014803e-01  8.5433724569e-01 -2.3479891688e-01  1.8751992573e+00  4.1781391730e+00 -2.2237796176e+00  4.1775572325e+00  5.7559922318e+00 -3.5613088656e+00  2.9059232137e+00  2.8387195830e+00 -1.6503567729e+00  2.0643039663e+00  1.8750152090e+00 -8.0017156904e-01  2.6475416831e+00  3.9322570497e+00 -2.2862484468e+00  2.8223072427e+00  4.8523496601e+00 -3.0599100376e+00  2.1199968056e+00  1.9347466196e+00 -5.6131793988e-01  4.0044784298e+00  5.5835469806e+00 -3.1440018867e+00  4.5915622201e+00  1.6838349641e+00 -1.5258949781e+00 -1.1621196424e+00 -1.3369927172e-02 -3.6790667183e-02 -8.3880158581e-02  3.4782549318e+00 -2.5389071119e+00  2.2791301606e-01  1.1390825705e-01  4.0459201536e-01  2.3540779847e+00  3.6141992298e+00 -1.6984886936e+00  4.9312041769e+00  6.5697705108e+00 -4.1940681150e+00  2.5675297103e+00  1.3559780709e+00  1.8934318228e-01  4.2123124166e+00
ENERGY -8.753872529448e+02

JOB 11
COORDS  1.7412174535e+00 -1.3204809599e+00 -1.0581997796e-01  7.9185752321e-01 -4.8422955744e-01  4.8945189320e-01  2.7474241019e+00 -1.8863581795e+00  6.7464855042e-01  8.6338312140e-01 -2.2614006072e-01  1.8588866195e+00  4.2078915543e+00 -2.1707589317e+00  4.1691506587e+00  5.7372721416e+00 -3.5836760223e+00  2.9205524517e+00  2.8450033483e+00 -1.6441992910e+00  2.0586250324e+00  1.8759316091e+00 -7.9702258995e-01  2.6378700873e+00  3.9367126281e+00 -2.2771369718e+00  2.8214296370e+00  4.8297071635e+00 -3.0933353303e+00  2.1322768840e+00  1.9441232427e+00 -5.4043286758e-01  3.9899268386e+00  5.6021990939e+00 -3.1033550262e+00  4.5928543066e+00  1.6976281783e+00 -1.5300984686e+00 -1.1707551016e+00 -6.7410548168e-05 -3.3819799755e-02 -1.0284331728e-01  3.4901124736e+00 -2.5366854417e+00  2.2644657785e-01  1.2800512769e-01  4.2420501025e-01  2.3311985432e+00  3.6698183960e+00 -1.6047165236e+00  4.9120904252e+00  6.5320478238e+00 -4.2451225215e+00  2.5919910013e+00  1.2142464454e+00  5.2859309475e-02  4.2291354963e+00
ENERGY -8.753876092565e+02

JOB 12
COORDS  1.7391177958e+00 -1.3076915442e+00 -9.9313922935e-02  7.9326379501e-01 -4.7094895475e-01  5.0105450469e-01  2.7487269633e+00 -1.8738252112e+00  6.7637398020e-01  8.7186850990e-01 -2.1106641147e-01  1.8697715884e+00  4.2492002839e+00 -2.1274928287e+00  4.1556836579e+00  5.7192588636e+00 -3.6109687571e+00  2.9172309918e+00  2.8500955068e+00 -1.6349161734e+00  2.0607752985e+00  1.8806625130e+00 -7.9250147494e-01  2.6457952932e+00  3.9442076045e+00 -2.2699970269e+00  2.8186204871e+00  4.8038920824e+00 -3.1254641388e+00  2.1348996830e+00  1.9637250589e+00 -5.2204786386e-01  3.9955540621e+00  5.6329786780e+00 -3.0770028407e+00  4.5763563552e+00  1.6911214993e+00 -1.5161045322e+00 -1.1643334049e+00  2.0948275276e-03 -1.5886836285e-02 -8.8687740404e-02  3.4890749633e+00 -2.5243748769e+00  2.2459527743e-01  1.4627291492e-01  4.4842899287e-01  2.3440689733e+00  3.7429281906e+00 -1.5241012021e+00  4.8915853289e+00  6.4913549874e+00 -4.3001752450e+00  2.5916675910e+00  1.1295924166e+00 -1.1724107995e-01  4.2819359595e+00
ENERGY -8.753872530265e+02

JOB 13
COORDS  1.7468395370e+00 -1.3048754890e+00 -1.0477949750e-01  7.9818370215e-01 -4.6682004474e-01  4.9019537522e-01  2.7561467138e+00 -1.8677413312e+00  6.7311425620e-01  8.7524483933e-01 -2.0232189925e-01  1.8579993392e+00  4.2769356485e+00 -2.0748890828e+00  4.1452237409e+00  5.6946519942e+00 -3.6316046000e+00  2.9357460833e+00  2.8520156941e+00 -1.6264543507e+00  2.0580106893e+00  1.8781014649e+00 -7.8760094230e-01  2.6388290170e+00  3.9450093200e+00 -2.2593403688e+00  2.8198550185e+00  4.7751803357e+00 -3.1554910237e+00  2.1522783421e+00  1.9625242431e+00 -4.9810809951e-01  3.9881458695e+00  5.6488174201e+00 -3.0369735636e+00  4.5757779506e+00  1.7018994126e+00 -1.5154454784e+00 -1.1695677478e+00  1.0516595099e-02 -1.1418159291e-02 -1.0403243389e-01  3.4978132097e+00 -2.5188273048e+00  2.2419067904e-01  1.5572605150e-01  4.6485199526e-01  2.3295440702e+00  3.7981456971e+00 -1.4314452412e+00  4.8655305959e+00  6.4459263019e+00 -4.3489219751e+00  2.6224534445e+00  1.0717152168e+00 -3.0535116580e-01  4.3203808450e+00
ENERGY -8.753862709334e+02

JOB 14
COORDS  1.7385351595e+00 -1.2808800172e+00 -1.0484503671e-01  7.9262654200e-01 -4.4431223406e-01  4.9749207663e-01  2.7487679968e+00 -1.8502492287e+00  6.6670219761e-01  8.7191759270e-01 -1.8677566089e-01  1.8665641710e+00  4.3090685921e+00 -2.0337679503e+00  4.1189503313e+00  5.6540989699e+00 -3.6698984653e+00  2.9312126163e+00  2.8457319351e+00 -1.6165441801e+00  2.0531584535e+00  1.8739126902e+00 -7.8136284913e-01  2.6407728286e+00  3.9382164126e+00 -2.2566226575e+00  2.8101821952e+00  4.7270753345e+00 -3.1971958341e+00  2.1542490867e+00  1.9612610457e+00 -4.8860275864e-01  3.9936296513e+00  5.6674964792e+00 -3.0149782395e+00  4.5488127255e+00  1.6912707958e+00 -1.4842694308e+00 -1.1710401809e+00  6.6384883673e-03  1.7515911591e-02 -9.3991881151e-02  3.4877837246e+00 -2.5006210666e+00  2.1221760273e-01  1.5918925063e-01  4.8115438226e-01  2.3458694113e+00  3.8667905615e+00 -1.3498559429e+00  4.8254582808e+00  6.3771563437e+00 -4.4189518532e+00  2.6259069469e+00  1.0713512830e+00 -5.2327593370e-01  4.3776546123e+00
ENERGY -8.753849161039e+02

JOB 15
COORDS  1.7356178486e+00 -1.2693906699e+00 -1.0714236245e-01  7.8965211477e-01 -4.2978112005e-01  4.9128202798e-01  2.7440930008e+00 -1.8436082075e+00  6.6323729764e-01  8.6822212876e-01 -1.7610252893e-01  1.8613044697e+00  4.3240008128e+00 -1.9976630965e+00  4.1053855825e+00  5.6234694363e+00 -3.6889875996e+00  2.9455566101e+00  2.8388961667e+00 -1.6101333208e+00  2.0500954643e+00  1.8676236710e+00 -7.7356893226e-01  2.6354565919e+00  3.9297906089e+00 -2.2515554568e+00  2.8092181161e+00  4.6926406617e+00 -3.2232303709e+00  2.1686403708e+00  1.9463954930e+00 -4.7199915363e-01  3.9918991581e+00  5.6728787867e+00 -2.9883212555e+00  4.5432148758e+00  1.6901792040e+00 -1.4713364906e+00 -1.1737781300e+00  6.9393684243e-03  3.4840349973e-02 -1.0246063284e-01  3.4813131891e+00 -2.4956200826e+00  2.0805707958e-01  1.5976048591e-01  4.9228532871e-01  2.3447661391e+00  3.9052411293e+00 -1.2829217783e+00  4.7957957979e+00  6.3286212622e+00 -4.4594152003e+00  2.6518362935e+00  1.1141081333e+00 -7.3008004799e-01  4.4178292814e+00
ENERGY -8.753835622986e+02

JOB 16
COORDS  1.7354277703e+00 -1.2555965740e+00 -1.1116084186e-01  7.9061734337e-01 -4.1457684143e-01  4.8714183288e-01  2.7395454664e+00 -1.8369897493e+00  6.5999653812e-01  8.6301343542e-01 -1.6830232779e-01  1.8593260711e+00  4.3358759333e+00 -1.9622659663e+00  4.0908479977e+00  5.5913151603e+00 -3.7085375769e+00  2.9607078733e+00  2.8305486337e+00 -1.6043186900e+00  2.0470582485e+00  1.8611657437e+00 -7.6612265573e-01  2.6329683213e+00  3.9187251829e+00 -2.2477106955e+00  2.8086263526e+00  4.6553029003e+00 -3.2500849427e+00  2.1852917160e+00  1.9235101267e+00 -4.6627094757e-01  3.9942502920e+00  5.6757927215e+00 -2.9618204236e+00  4.5359513999e+00  1.6925316527e+00 -1.4536509480e+00 -1.1787331160e+00  1.0893607603e-02  5.3167275144e-02 -1.0808098975e-01  3.4754203827e+00 -2.4906587823e+00  2.0474284855e-01  1.5348098914e-01  4.9441479290e-01  2.3478219128e+00  3.9418897438e+00 -1.2166007434e+00  4.7633769788e+00  6.2788078941e+00 -4.4993854176e+00  2.6796029651e+00  1.2069575401e+00 -9.3528533461e-01  4.4503532782e+00
ENERGY -8.753825810090e+02

JOB 17
COORDS  1.7379830565e+00 -1.2398434824e+00 -1.1872432632e-01  7.9234296481e-01 -4.0015794080e-01  4.7982972762e-01  2.7360638289e+00 -1.8303122672e+00  6.5410287628e-01  8.5494968275e-01 -1.6631362313e-01  1.8550782916e+00  4.3476469168e+00 -1.9298338783e+00  4.0746025277e+00  5.5587588155e+00 -3.7269522401e+00  2.9813931767e+00  2.8230397447e+00 -1.6012150408e+00  2.0415305295e+00  1.8533708007e+00 -7.6283781740e-01  2.6275179144e+00  3.9078143083e+00 -2.2462223827e+00  2.8069886078e+00  4.6189767482e+00 -3.2785445112e+00  2.2042882492e+00  1.8909523945e+00 -4.7399872971e-01  3.9932745476e+00  5.6785026146e+00 -2.9357602887e+00  4.5323580796e+00  1.6996605466e+00 -1.4315045353e+00 -1.1876785443e+00  1.4802078394e-02  7.0057560325e-02 -1.1631313968e-01  3.4712659992e+00 -2.4845980800e+00  1.9846859668e-01  1.3908779870e-01  4.8452523545e-01  2.3493922205e+00  3.9801740910e+00 -1.1524877869e+00  4.7265057614e+00  6.2295493771e+00 -4.5371119459e+00  2.7154359893e+00  1.3442367090e+00 -1.1232832088e+00  4.4647908067e+00
ENERGY -8.753822542324e+02

JOB 18
COORDS  1.7453150562e+00 -1.2245129510e+00 -1.2730732198e-01  7.9435551860e-01 -3.8976985822e-01  4.6969598857e-01  2.7369940223e+00 -1.8190838153e+00  6.5106495284e-01  8.4120652973e-01 -1.6803477978e-01  1.8477739841e+00  4.3546328877e+00 -1.8861907002e+00  4.0646684792e+00  5.5302971902e+00 -3.7309737257e+00  3.0122507058e+00  2.8146806879e+00 -1.5933384164e+00  2.0389674090e+00  1.8394921549e+00 -7.5965305164e-01  2.6233755791e+00  3.8963618067e+00 -2.2344725437e+00  2.8116212737e+00  4.5864237724e+00 -3.2941835582e+00  2.2331063160e+00  1.8488445805e+00 -4.8331737616e-01  3.9904228533e+00  5.6789520067e+00 -2.8945614240e+00  4.5365638129e+00  1.7149783058e+00 -1.4105932893e+00 -1.1974791203e+00  1.8414012169e-02  7.9581039905e-02 -1.2922903518e-01  3.4757772278e+00 -2.4714582445e+00  1.9818771648e-01  1.1331031692e-01  4.6747556594e-01  2.3438662839e+00  4.0133738382e+00 -1.0780910682e+00  4.6938478253e+00  6.1865931486e+00 -4.5584419135e+00  2.7639179228e+00  1.5146786592e+00 -1.2610209463e+00  4.4673935394e+00
ENERGY -8.753826855000e+02

JOB 19
COORDS  1.7580726539e+00 -1.2029848474e+00 -1.4475729750e-01  7.9604370993e-01 -3.8382671721e-01  4.5675318026e-01  2.7418313388e+00 -1.8071541941e+00  6.3619109042e-01  8.1887425467e-01 -1.8745488120e-01  1.8390127214e+00  4.3608068331e+00 -1.8590028193e+00  4.0398102294e+00  5.4803243170e+00 -3.7660009721e+00  3.0401814491e+00  2.8018774490e+00 -1.5994284418e+00  2.0271592369e+00  1.8149354914e+00 -7.8175754523e-01  2.6156346739e+00  3.8776060667e+00 -2.2426667212e+00  2.8058896278e+00  4.5360239018e+00 -3.3371200829e+00  2.2568774086e+00  1.7896569717e+00 -5.3653584392e-01  3.9840081108e+00  5.6702452309e+00 -2.8781883926e+00  4.5302839194e+00  1.7407184739e+00 -1.3709756834e+00 -1.2181076789e+00  2.3149220745e-02  8.9117679546e-02 -1.4329052830e-01  3.4886185025e+00 -2.4501874587e+00  1.8266136904e-01  7.3977471646e-02  4.2545379919e-01  2.3379820957e+00  4.0558700513e+00 -1.0145067321e+00  4.6402808513e+00  6.1141719424e+00 -4.6170946674e+00  2.8144308806e+00  1.6938960396e+00 -1.3841674273e+00  4.4504071165e+00
ENERGY -8.753837179158e+02

JOB 20
COORDS  1.7688881523e+00 -1.1754151446e+00 -1.4774872392e-01  7.9139917920e-01 -3.7760020724e-01  4.5892929284e-01  2.7503659466e+00 -1.7816323875e+00  6.3381642488e-01  7.9428376716e-01 -2.0655254747e-01  1.8439821884e+00  4.3820288091e+00 -1.8163409081e+00  4.0208314097e+00  5.4435812644e+00 -3.7816645160e+00  3.0733967479e+00  2.7937192799e+00 -1.5944116378e+00  2.0279193135e+00  1.7899265960e+00 -8.0146199843e-01  2.6224887275e+00  3.8692711175e+00 -2.2339359234e+00  2.8092805119e+00  4.4950195794e+00 -3.3611457894e+00  2.2902090373e+00  1.7335959818e+00 -5.8641522973e-01  3.9890489758e+00  5.6769839387e+00 -2.8466736833e+00  4.5276629784e+00  1.7638035144e+00 -1.3253022607e+00 -1.2237595306e+00  1.8428464300e-02  9.5812742464e-02 -1.4072477134e-01  3.5091816837e+00 -2.4094477349e+00  1.7838158179e-01  3.2158529887e-02  3.8288083784e-01  2.3450557686e+00  4.1187721042e+00 -9.3602762640e-01  4.5900741411e+00  6.0546973110e+00 -4.6545218890e+00  2.8689379686e+00  1.8850408887e+00 -1.4325281506e+00  4.4444071442e+00
ENERGY -8.753850139856e+02

JOB 21
COORDS  1.7847372540e+00 -1.1399356282e+00 -1.6995520320e-01  7.8921544340e-01 -3.6788935018e-01  4.4222525821e-01  2.7608045293e+00 -1.7507191923e+00  6.1411087312e-01  7.6648550615e-01 -2.2852222267e-01  1.8297945025e+00  4.4012175512e+00 -1.7749648152e+00  3.9791179471e+00  5.3874925153e+00 -3.8115238324e+00  3.1043758180e+00  2.7801987666e+00 -1.5941146626e+00  2.0121019437e+00  1.7549137957e+00 -8.3309304133e-01  2.6122843041e+00  3.8536629883e+00 -2.2325020417e+00  2.7970549906e+00  4.4372825715e+00 -3.3988745094e+00  2.3183880921e+00  1.6618160884e+00 -6.5834640145e-01  3.9767618717e+00  5.6736229115e+00 -2.8210289000e+00  4.5115106540e+00  1.7973157478e+00 -1.2648421182e+00 -1.2489628689e+00  2.0381196862e-02  1.1161218892e-01 -1.5795688293e-01  3.5353448382e+00 -2.3582681938e+00  1.5703093571e-01 -1.2757560465e-02  3.3840247810e-01  2.3305027379e+00  4.1848908550e+00 -8.5576691331e-01  4.5066527637e+00  5.9693044551e+00 -4.7105157358e+00  2.9297684594e+00  2.0426533745e+00 -1.4374018963e+00  4.4184780169e+00
ENERGY -8.753860998998e+02

JOB 22
COORDS  1.7987013825e+00 -1.0983362354e+00 -1.7071490701e-01  7.8310156806e-01 -3.5730947920e-01  4.4822561728e-01  2.7738081509e+00 -1.7117227691e+00  6.1196088326e-01  7.3779492410e-01 -2.5226148592e-01  1.8374735561e+00  4.4329015963e+00 -1.7186870733e+00  3.9427550438e+00  5.3383298826e+00 -3.8273799776e+00  3.1605070767e+00  2.7687819865e+00 -1.5907860563e+00  2.0131767604e+00  1.7193635930e+00 -8.6961821504e-01  2.6209494089e+00  3.8453461943e+00 -2.2228400172e+00  2.7994398327e+00  4.3829698861e+00 -3.4295774124e+00  2.3721928916e+00  1.5912536810e+00 -7.4252362020e-01  3.9832757577e+00  5.6850429073e+00 -2.7735604070e+00  4.5064854503e+00  1.8282386519e+00 -1.1943899132e+00 -1.2522339890e+00  1.7446982927e-02  1.2898749554e-01 -1.5062059885e-01  3.5668293632e+00 -2.2925231611e+00  1.5106716462e-01 -5.6704527411e-02  2.9202275493e-01  2.3393471829e+00  4.2654533359e+00 -7.6027886115e-01  4.4171082598e+00  5.8902931457e+00 -4.7512423854e+00  3.0226137653e+00  2.1714603509e+00 -1.3934208132e+00  4.4159132824e+00
ENERGY -8.753864979056e+02

JOB 23
COORDS  1.8141704518e+00 -1.0648436303e+00 -1.7300943958e-01  7.7891896398e-01 -3.6051570564e-01  4.5666419335e-01  2.7910123124e+00 -1.6843430147e+00  6.0291828505e-01  7.1476984270e-01 -2.9953367401e-01  1.8475316679e+00  4.4740280847e+00 -1.6913465966e+00  3.8906291187e+00  5.3022765239e+00 -3.8626360435e+00  3.2021761135e+00  2.7630729564e+00 -1.6115886074e+00  2.0065089226e+00  1.6896109433e+00 -9.3684559202e-01  2.6248913331e+00  3.8458920188e+00 -2.2382180439e+00  2.7900335067e+00  4.3394038799e+00 -3.4793550134e+00  2.4145961390e+00  1.5310788494e+00 -8.6939933264e-01  3.9862700392e+00  5.7088014488e+00 -2.7513504083e+00  4.4835039960e+00  1.8595041169e+00 -1.1242331852e+00 -1.2565661263e+00  1.6017192177e-02  1.3720891524e-01 -1.3634079410e-01  3.6029300120e+00 -2.2320561078e+00  1.3374021936e-01 -9.2195889795e-02  2.2040971867e-01  2.3552720457e+00  4.3494724766e+00 -7.0143015885e-01  4.3116894764e+00  5.8260705622e+00 -4.8074002313e+00  3.1006754981e+00  2.2638365466e+00 -1.3446628351e+00  4.4150477476e+00
ENERGY -8.753858548854e+02

