JOB 0
COORDS  1.4689180729e+00 -6.5031080088e-01  1.7915071804e-01 -1.1258485010e+00 -4.0763433759e-01  6.8274574317e-01 -4.5190165727e-01  9.4661275153e-01  7.6592335012e-01  9.5449508730e-02 -1.3136838376e-01 -1.4175824662e-01  2.4925418159e+00 -2.3284709122e-01 -3.1657335391e-01  1.4492700065e+00 -1.5680925285e+00  1.1830434952e+00 -7.5427785463e-02  6.4902191960e-02 -1.4934353961e+00 -1.0288260143e+00 -1.0954385600e+00  1.5151862843e+00 -2.0582789618e+00 -4.6601539250e-01  1.3011524038e-01 -9.2466154379e-01  1.7800116256e+00  2.5569402330e-01  1.1098896966e-01  1.2020108711e+00  1.6582547565e+00  2.3839944175e+00 -1.7659205040e+00  1.3874087144e+00
ENERGY -4.057763059820e+02

JOB 1
COORDS  1.4793797676e+00 -5.9969291965e-01  2.2193530236e-01 -1.1128248447e+00 -3.8455639500e-01  7.3939741427e-01 -4.8909925846e-01  1.0039171159e+00  7.1372579153e-01  8.7819647160e-02 -1.1260256118e-01 -1.0884467203e-01  2.4955711100e+00 -1.9481961208e-02 -9.2465795876e-02  1.4704217981e+00 -1.7311780436e+00  9.7225061895e-01 -9.5309871592e-02 -3.3758362358e-02 -1.4756669227e+00 -9.8116581551e-01 -1.0057659321e+00  1.6189122646e+00 -2.0501616355e+00 -5.1869697712e-01  2.0870524164e-01 -1.0063437730e+00  1.7770732396e+00  1.5413209809e-01  6.9167211207e-02  1.3503503213e+00  1.5780334575e+00  2.4052545299e+00 -1.9354268405e+00  1.1718534425e+00
ENERGY -4.057739087210e+02

JOB 2
COORDS  1.4910376670e+00 -5.9054576660e-01  3.2061952409e-01 -1.1001578239e+00 -3.5521196937e-01  7.8765147712e-01 -5.1335591603e-01  1.0516954150e+00  6.5832140514e-01  1.0600512624e-01 -1.0372916438e-01 -5.4233222816e-02  2.4965362266e+00  8.2474344927e-02  2.4961479927e-01  1.4850339195e+00 -1.8802007396e+00  7.3834855790e-01 -5.4108572394e-02 -1.6083465359e-01 -1.4297858662e+00 -9.6967373076e-01 -8.9791788304e-01  1.7185573012e+00 -2.0239819475e+00 -5.5937755171e-01  2.5556684562e-01 -1.0519497763e+00  1.7612490420e+00  3.8159012638e-02  2.2192081191e-02  1.4825191387e+00  1.4986505935e+00  2.4150265172e+00 -2.1147247095e+00  9.2764016944e-01
ENERGY -4.057729163324e+02

JOB 3
COORDS  1.4878278131e+00 -5.7580816728e-01  3.9540995200e-01 -1.0963478875e+00 -3.2103557638e-01  8.2700123752e-01 -5.2999889720e-01  1.0865220686e+00  6.0888355061e-01  1.1264427068e-01 -9.8293102037e-02 -2.0439405014e-02  2.4511807690e+00  1.4105967867e-01  5.6484988549e-01  1.5301142035e+00 -1.9239875541e+00  5.1731666579e-01 -4.2677365868e-02 -2.6125234193e-01 -1.3896524660e+00 -9.6858392012e-01 -7.9663374504e-01  1.7946030360e+00 -2.0093114475e+00 -5.7764109173e-01  2.9885441569e-01 -1.0788983206e+00  1.7457320168e+00 -5.5768825622e-02 -2.9518833782e-03  1.5762439979e+00  1.4216334462e+00  2.4579615492e+00 -2.1571285403e+00  7.1741851795e-01
ENERGY -4.057734550876e+02

JOB 4
COORDS  1.4643844814e+00 -5.6285221089e-01  4.3875520002e-01 -1.1027804454e+00 -2.8533521075e-01  8.6182205963e-01 -5.4779243980e-01  1.1107838873e+00  5.6659410123e-01  9.9734224891e-02 -9.7378407108e-02 -1.0449452431e-02  2.3559582383e+00  1.6180608897e-01  8.2967939406e-01  1.5918129747e+00 -1.9046376598e+00  3.1666215864e-01 -7.5988825917e-02 -3.3783557672e-01 -1.3642181852e+00 -9.6507792524e-01 -7.0810398678e-01  1.8523481439e+00 -2.0142280321e+00 -5.7931563877e-01  3.5077416173e-01 -1.1070362743e+00  1.7325846059e+00 -1.2466800376e-01 -1.1480513064e-02  1.6398599587e+00  1.3476826199e+00  2.5136842239e+00 -2.1203042674e+00  5.5832289799e-01
ENERGY -4.057749699893e+02

JOB 5
COORDS  1.4427822997e+00 -6.0011760462e-01  4.8053676492e-01 -1.0998715884e+00 -2.5925845089e-01  8.8567073664e-01 -5.2973094859e-01  1.1130925787e+00  5.3209880994e-01  1.0125734044e-01 -1.2283359754e-01 -7.5202428629e-03  2.2434010686e+00  8.2236969906e-02  1.0881114377e+00  1.6652343751e+00 -1.8909205249e+00  1.4391851457e-01 -9.6783361571e-02 -4.1544827278e-01 -1.3449115349e+00 -9.5829547809e-01 -6.4451352552e-01  1.8906786623e+00 -2.0156796700e+00 -5.6501622738e-01  3.8957441742e-01 -1.0854804285e+00  1.7139940598e+00 -1.8004163254e-01  2.4161846210e-02  1.6613038333e+00  1.2868937616e+00  2.5657764099e+00 -2.1062532727e+00  4.5534846816e-01
ENERGY -4.057770578685e+02

JOB 6
COORDS  1.4113667107e+00 -6.1198850914e-01  5.0086526727e-01 -1.1089237706e+00 -2.2236625876e-01  9.0688070274e-01 -5.3273385795e-01  1.1236159219e+00  4.8996786779e-01  8.4277061452e-02 -1.3916956962e-01 -1.2889214454e-02  2.0984646922e+00  5.0902822681e-03  1.2920166575e+00  1.7621395582e+00 -1.8094491092e+00 -1.8227365329e-02 -1.4414178638e-01 -4.8082990489e-01 -1.3312676916e+00 -9.5055647958e-01 -5.6695485720e-01  1.9237830866e+00 -2.0313434094e+00 -5.4500485978e-01  4.3458697228e-01 -1.0890428359e+00  1.6990422361e+00 -2.4245198982e-01  3.7697176136e-02  1.6931071031e+00  1.2157403256e+00  2.6379127797e+00 -2.0235921624e+00  3.5775309340e-01
ENERGY -4.057793665137e+02

JOB 7
COORDS  1.3853425637e+00 -6.5852346957e-01  5.4622293622e-01 -1.1173704174e+00 -1.9043615952e-01  9.3568369671e-01 -5.0908829964e-01  1.1181205565e+00  4.6644127765e-01  7.5147920258e-02 -1.8226374888e-01  6.3601132647e-03  1.9507895252e+00 -1.4350687710e-01  1.4931130620e+00  1.8705620079e+00 -1.7258978362e+00 -1.2423314139e-01 -1.7090429887e-01 -5.5988932425e-01 -1.2970557878e+00 -9.5581995716e-01 -5.0117542797e-01  1.9625531116e+00 -2.0497863694e+00 -5.0702153541e-01  4.7949572782e-01 -1.0481767925e+00  1.6776405376e+00 -2.9082243099e-01  7.9783025459e-02  1.6970412814e+00  1.1694213097e+00  2.7182789650e+00 -1.9513249306e+00  3.0563587324e-01
ENERGY -4.057814095136e+02

JOB 8
COORDS  1.3530145328e+00 -7.0627281897e-01  5.6333815813e-01 -1.1325972874e+00 -1.5554545882e-01  9.5588398290e-01 -4.8551737206e-01  1.1101550202e+00  4.3756514861e-01  4.8173611229e-02 -2.3169843245e-01  1.5357647045e-02  1.8101588681e+00 -3.2067970686e-01  1.6241855683e+00  1.9678185159e+00 -1.6069800487e+00 -2.3301805533e-01 -2.1777481080e-01 -6.3514663167e-01 -1.2744009598e+00 -9.6323128656e-01 -4.3961237670e-01  1.9889186067e+00 -2.0822847362e+00 -4.5122210596e-01  5.2198665510e-01 -1.0095011471e+00  1.6604265300e+00 -3.3708944651e-01  1.3139942473e-01  1.6919425348e+00  1.1136226524e+00  2.7988910955e+00 -1.8437325532e+00  2.2254764565e-01
ENERGY -4.057826745355e+02

JOB 9
COORDS  1.3249170607e+00 -7.5955497591e-01  5.8616770350e-01 -1.1480642634e+00 -1.2369804172e-01  9.7147331742e-01 -4.5566288535e-01  1.0939139597e+00  4.0579709843e-01  2.0505910212e-02 -2.9110938291e-01  3.3285997991e-02  1.6883987368e+00 -5.2583476354e-01  1.7248013834e+00  2.0577611007e+00 -1.4638379865e+00 -3.0289724634e-01 -2.5817359310e-01 -7.2101041728e-01 -1.2444123841e+00 -9.8161603213e-01 -3.7946928273e-01  2.0121768244e+00 -2.1128948121e+00 -3.9258329381e-01  5.5393482940e-01 -9.5645632175e-01  1.6347341948e+00 -3.9071886677e-01  1.8538759710e-01  1.6771938301e+00  1.0578519112e+00  2.8783690819e+00 -1.7132028900e+00  1.6476115150e-01
ENERGY -4.057828759504e+02

JOB 10
COORDS  1.4646844736e+00 -4.1424320122e-01  5.0239867448e-01 -1.1233568853e+00 -4.8058556969e-01  4.9511846463e-01 -6.9738341201e-01  9.0287063037e-01  9.2680641180e-01  1.6356423631e-01  9.6147397199e-02 -2.4587989877e-02  1.5634535569e+00 -1.0838518769e+00  1.5143575619e+00  2.5197572933e+00 -4.9030557068e-02 -2.5795878697e-01  1.9329751612e-01  5.1573168044e-01 -1.3351703194e+00 -1.0403355670e+00 -1.2962333751e+00  1.2049667924e+00 -1.9241195584e+00 -5.5283489184e-01 -2.3363451780e-01 -1.2032746011e+00  1.7510889179e+00  4.7666719152e-01 -3.2893679022e-01  1.0448786107e+00  1.9372122614e+00  3.3080213271e+00 -4.3053652061e-01  1.7481207082e-01
ENERGY -4.057819676877e+02

JOB 11
COORDS  1.4544964969e+00 -4.6469923051e-01  4.5830766497e-01 -1.1404429277e+00 -4.6907670265e-01  5.2527104678e-01 -6.6077731980e-01  9.1530515081e-01  9.0130778369e-01  1.4286296945e-01  4.9464291433e-02 -4.8629434834e-02  1.5662114491e+00 -1.3026332690e+00  1.3331638064e+00  2.5075729071e+00  1.1010430353e-01 -1.6413601862e-01  1.5519050367e-01  4.3454108333e-01 -1.3708639116e+00 -1.0603614680e+00 -1.2669905231e+00  1.2554758885e+00 -1.9690537451e+00 -5.3796342020e-01 -1.7198403851e-01 -1.1552346885e+00  1.7644056426e+00  4.3990215502e-01 -2.6389214449e-01  1.0815920772e+00  1.8975676825e+00  3.3070222877e+00 -2.9387852750e-01  2.2551432717e-01
ENERGY -4.057800713111e+02

JOB 12
COORDS  1.4392874637e+00 -5.2224739340e-01  4.1805578832e-01 -1.1582918927e+00 -4.5370328480e-01  5.5162009147e-01 -6.3494982955e-01  9.3457140740e-01  8.6989091653e-01  1.2029705232e-01  1.6186625797e-02 -6.1898866753e-02  1.5736506343e+00 -1.5154134576e+00  1.1052358579e+00  2.4759880725e+00  2.2822703473e-01 -1.9517586159e-02  1.2372219562e-01  3.5414672793e-01 -1.3990713875e+00 -1.0846936038e+00 -1.2306442958e+00  1.3051515755e+00 -2.0086659010e+00 -5.2248995255e-01 -1.1894125963e-01 -1.1244011345e+00  1.7780250929e+00  3.9270017630e-01 -2.1644893616e-01  1.1299557071e+00  1.8523358635e+00  3.2877877775e+00 -2.0799748811e-01  3.0439929196e-01
ENERGY -4.057776189351e+02

JOB 13
COORDS  1.4444292005e+00 -5.5824057000e-01  3.8889186851e-01 -1.1537279813e+00 -4.4315370310e-01  5.9557668483e-01 -6.1335590132e-01  9.5937562555e-01  8.4220565802e-01  1.1313880877e-01 -2.1946749856e-03 -5.5503137247e-02  1.6199643075e+00 -1.6669575758e+00  8.5083444382e-01  2.4449528533e+00  3.2789866809e-01  1.7527226429e-01  9.8747160490e-02  2.6852637907e-01 -1.4110000625e+00 -1.0749544906e+00 -1.1878083928e+00  1.3809592987e+00 -2.0196574683e+00 -5.3406583334e-01 -5.2131070104e-02 -1.1149174312e+00  1.7827094520e+00  3.4288288968e-01 -1.7617597437e-01  1.1977858135e+00  1.8071052852e+00  3.2748285780e+00 -1.2353723552e-01  4.2460155472e-01
ENERGY -4.057752423214e+02

JOB 14
COORDS  1.4842144699e+00 -5.6107503281e-01  3.5535286202e-01 -1.1111057034e+00 -4.3313156554e-01  6.4589164112e-01 -5.8025334781e-01  9.8965783914e-01  8.1290178323e-01  1.3566373808e-01 -2.9031824507e-03 -4.7542311806e-02  1.7168975861e+00 -1.7317196296e+00  5.7071731600e-01  2.4285371233e+00  4.0860229939e-01  4.0737748337e-01  8.6238926664e-02  1.9123249768e-01 -1.4179790414e+00 -1.0137411060e+00 -1.1364431345e+00  1.4669158302e+00 -1.9883799360e+00 -5.6617443462e-01  2.0936506215e-02 -1.1076643835e+00  1.7817581516e+00  2.9036042695e-01 -1.2460904821e-01  1.2786099032e+00  1.7551166051e+00  3.2756548890e+00 -3.7109547686e-02  6.0489502684e-01
ENERGY -4.057735243884e+02

JOB 15
COORDS  1.4855117897e+00 -5.7174938855e-01  2.6740620690e-01 -1.0909101837e+00 -4.1838035941e-01  6.8754276100e-01 -5.6666075815e-01  1.0172481127e+00  7.7204567333e-01  1.2341189478e-01 -1.3397065061e-03 -7.1631067636e-02  1.7666297221e+00 -1.7498340259e+00  2.2159088910e-01  2.3709581968e+00  3.9293105500e-01  6.1791639578e-01 -8.3186914764e-04  1.2362862421e-01 -1.4468388269e+00 -9.6147622319e-01 -1.0808620575e+00  1.5377568000e+00 -1.9865545518e+00 -5.8767741101e-01  9.8294981168e-02 -1.1247728206e+00  1.7823730398e+00  2.4165751111e-01 -7.4756316358e-02  1.3465944018e+00  1.6818653534e+00  3.2216738547e+00 -5.8774429163e-02  7.8512284816e-01
ENERGY -4.057729117651e+02

JOB 16
COORDS  1.5088973910e+00 -5.4636735435e-01  2.0385252138e-01 -1.0352902900e+00 -4.0987151308e-01  7.4382528600e-01 -5.5810372955e-01  1.0431359729e+00  7.2338931569e-01  1.3317714727e-01  4.7763954175e-03 -9.4415476055e-02  1.8618570156e+00 -1.6737309706e+00 -6.5073289370e-02  2.2968884486e+00  3.4622141740e-01  8.5532066501e-01 -7.7947246317e-02  3.6412109597e-02 -1.4626455829e+00 -8.5081366501e-01 -1.0127908997e+00  1.6276497211e+00 -1.9419733368e+00 -6.4899804490e-01  1.9716527067e-01 -1.1626566086e+00  1.7584889914e+00  1.7502938267e-01 -3.8250793226e-02  1.4360305851e+00  1.5907728503e+00  3.1434016767e+00 -1.1041220775e-01  1.0298474511e+00
ENERGY -4.057737351656e+02

JOB 17
COORDS  1.5194890414e+00 -5.1529779897e-01  1.3635708882e-01 -9.8384641229e-01 -3.9132159123e-01  7.8857376944e-01 -5.5225424978e-01  1.0681129160e+00  6.7813392242e-01  1.3637104077e-01  1.6207807340e-02 -1.2816465953e-01  1.9557390969e+00 -1.5453001867e+00 -3.2810225052e-01  2.1960364316e+00  2.3928643391e-01  1.0426060963e+00 -1.5296969906e-01 -2.5313394943e-02 -1.4781148933e+00 -7.4037049468e-01 -9.4268422728e-01  1.6913782763e+00 -1.9016766695e+00 -6.8642475010e-01  2.9015746860e-01 -1.1994893387e+00  1.7382874446e+00  1.2168773198e-01 -5.6391451205e-03  1.5143818441e+00  1.5014545492e+00  3.0369623217e+00 -2.2836645652e-01  1.2129277454e+00
ENERGY -4.057758370424e+02

JOB 18
COORDS  1.5342889854e+00 -4.8460123252e-01  1.0021121877e-01 -9.4741042886e-01 -3.7424885612e-01  8.2140994291e-01 -5.4566155437e-01  1.0808953252e+00  6.3656600226e-01  1.4138536944e-01  8.3561521462e-03 -1.5110321821e-01  2.0713425619e+00 -1.3792340727e+00 -5.1446783028e-01  2.0966576078e+00  1.1992132708e-01  1.1830704389e+00 -1.9122885121e-01 -9.1394866178e-02 -1.4841857988e+00 -6.6284163045e-01 -8.8224208799e-01  1.7371827679e+00 -1.8718746778e+00 -7.0831365837e-01  3.6148627205e-01 -1.2172891828e+00  1.7152624721e+00  6.7247702310e-02  1.7030536061e-02  1.5698126777e+00  1.4236495193e+00  2.9510229682e+00 -3.2975660394e-01  1.3308221790e+00
ENERGY -4.057782674839e+02

JOB 19
COORDS  1.4316826042e+00 -7.4356507556e-01  1.3726410532e-01 -1.1127128480e+00 -4.5363124878e-01  5.5586212266e-01 -5.0149840585e-01  8.8638374168e-01  9.1792513439e-01  1.6462713624e-01  1.1596525637e-02 -1.0552864698e-01  2.0983293097e+00 -1.2801311930e+00 -7.1952198681e-01  1.7147896257e+00 -8.2964686584e-01  1.4681524271e+00  5.1116852054e-02  4.0227122189e-01 -1.4187653111e+00 -1.0485363410e+00 -1.2672323083e+00  1.2704927918e+00 -1.9841091132e+00 -4.5455887494e-01 -9.0988899527e-02 -9.7748599520e-01  1.7764470584e+00  5.1931234890e-01 -1.6326295758e-02  9.9543463650e-01  1.8811371148e+00  2.5039639826e+00 -1.4000412796e+00  1.5391382370e+00
ENERGY -4.057801864661e+02

JOB 20
COORDS  1.4373727796e+00 -7.2589331955e-01  1.2337169883e-01 -1.1161782614e+00 -4.4758191553e-01  5.8488997468e-01 -4.8727177333e-01  8.9455863160e-01  8.9219835560e-01  1.4642245381e-01 -1.8302105587e-02 -1.2589921291e-01  2.2214752250e+00 -1.0747842775e+00 -7.3088708451e-01  1.6231922421e+00 -9.6818632962e-01  1.4530007444e+00  7.5521197844e-03  3.4232353280e-01 -1.4437154488e+00 -1.0377347973e+00 -1.2420922245e+00  1.3187369885e+00 -2.0054145238e+00 -4.5663197172e-01 -3.7177614112e-02 -9.6340031604e-01  1.7773848960e+00  4.7790813056e-01  2.5406364346e-02  1.0268947406e+00  1.8382282765e+00  2.4652941732e+00 -1.4569167148e+00  1.5217188154e+00
ENERGY -4.057812306205e+02

JOB 21
COORDS  1.4433170840e+00 -7.1189708159e-01  1.2310773906e-01 -1.1212244735e+00 -4.4322094964e-01  6.1639606327e-01 -4.7122560679e-01  8.9762051098e-01  8.7336466568e-01  1.2788635183e-01 -5.5029950088e-02 -1.3570181564e-01  2.3230993982e+00 -8.6490555273e-01 -6.9492694981e-01  1.5530304713e+00 -1.1122921660e+00  1.4227765026e+00 -2.8422910581e-02  2.7839450981e-01 -1.4578731216e+00 -1.0352050363e+00 -1.2195815105e+00  1.3682093911e+00 -2.0268353377e+00 -4.5451298518e-01  1.8423777661e-02 -9.4259541361e-01  1.7753693330e+00  4.4292848010e-01  6.4895619593e-02  1.0508563710e+00  1.8033362102e+00  2.4415191892e+00 -1.5073232269e+00  1.5075690837e+00
ENERGY -4.057813271750e+02

JOB 22
COORDS  1.4485592682e+00 -6.9632704102e-01  1.2392873718e-01 -1.1286389959e+00 -4.3240576832e-01  6.2840746979e-01 -4.5811567284e-01  9.0610398458e-01  8.3452577921e-01  1.1152140653e-01 -9.0428556778e-02 -1.5415000517e-01  2.4023090887e+00 -6.5510519786e-01 -6.2136660957e-01  1.4968330256e+00 -1.2528711265e+00  1.3680108097e+00 -5.2832706048e-02  2.1015640904e-01 -1.4834856022e+00 -1.0439588512e+00 -1.1863114359e+00  1.4026368123e+00 -2.0451477067e+00 -4.4680025172e-01  4.7199040184e-02 -9.2202027290e-01  1.7777261972e+00  3.8394535642e-01  9.3165814717e-02  1.0804459915e+00  1.7522365546e+00  2.4164535947e+00 -1.5568937559e+00  1.4899979264e+00
ENERGY -4.057804928167e+02

JOB 23
COORDS  1.4560270100e+00 -6.8131089329e-01  1.3836225338e-01 -1.1292708903e+00 -4.2473554929e-01  6.5323150895e-01 -4.4677915674e-01  9.1666384030e-01  8.0025177590e-01  9.8872511346e-02 -1.2329155339e-01 -1.5777628968e-01  2.4556584268e+00 -4.4844619236e-01 -5.0503297355e-01  1.4637974386e+00 -1.4054616217e+00  1.2923874290e+00 -7.4055073540e-02  1.3419577136e-01 -1.4960720818e+00 -1.0399574209e+00 -1.1500222291e+00  1.4538285252e+00 -2.0569744444e+00 -4.5199598957e-01  9.0451863660e-02 -9.0888531378e-01  1.7754542463e+00  3.2369278493e-01  1.1693461114e-01  1.1235837346e+00  1.7039997773e+00  2.3975351694e+00 -1.6392860567e+00  1.4571340586e+00
ENERGY -4.057787551779e+02

