JOB 0
COORDS -1.6117567085e+00 -7.8113872170e-01 -2.2749793433e-01  6.5486213231e-01 -5.6223682664e-01 -1.1880760496e+00 -6.1671162519e-01 -1.2555672846e-01  7.1081193296e-01  2.5591645979e-01  6.3419039609e-01 -3.4508559268e-01  9.1941164203e-02  1.1572737449e+00  1.0745850325e+00 -6.9899526826e-01 -1.2350178730e+00 -1.3526826642e+00  1.0371620806e+00  1.1404360510e+00  2.0998754246e+00 -2.1274383869e+00 -1.6432957867e+00  2.0957006133e-01 -2.3643734824e+00 -8.5682490081e-02 -6.1104555546e-01  1.0342611787e+00 -2.7834370966e-01 -2.1745525104e+00  1.3974807537e+00 -1.2066614571e+00 -6.9961177029e-01  9.6605903650e-03 -9.2289152195e-01  1.1274271342e+00 -4.0179433928e-01  1.2575554404e+00 -9.5467982143e-01 -4.2817233624e-01  2.1107972559e+00  1.0959497475e+00 -5.9761491614e-01 -2.2469317870e+00 -1.3441695629e+00  1.6556545141e+00  4.0996575618e-01  1.9424564494e+00
ENERGY -3.258465751127e+02

JOB 1
COORDS -1.6268797994e+00 -7.8778756876e-01 -2.3749676419e-01  6.5290787558e-01 -5.7675962951e-01 -1.1653539740e+00 -6.4188975517e-01 -1.4035410551e-01  7.1615205070e-01  2.4510158576e-01  6.2204255641e-01 -3.2987956911e-01  6.8150319914e-02  1.1397160578e+00  1.0865855069e+00 -7.0138064566e-01 -1.2419817287e+00 -1.3526595815e+00  1.0130884017e+00  1.0985737626e+00  2.1161036121e+00 -2.1505762900e+00 -1.6495181275e+00  1.9072720917e-01 -2.3725087988e+00 -8.9269036252e-02 -6.2903611480e-01  1.0500931554e+00 -2.9494185559e-01 -2.1455118471e+00  1.3840533106e+00 -1.2244800444e+00 -6.6410178866e-01 -2.2115739121e-02 -9.3697010172e-01  1.1404052794e+00 -4.0313219981e-01  1.2463967547e+00 -9.4815931042e-01 -4.5099553238e-01  2.0945067842e+00  1.1091952277e+00 -6.0525214982e-01 -2.2544831775e+00 -1.3481800805e+00  1.7495298263e+00  5.3471677001e-01  1.8356349014e+00
ENERGY -3.258461720451e+02

JOB 2
COORDS -1.6382566491e+00 -7.9268938489e-01 -2.4581663646e-01  6.5143406413e-01 -5.9395668234e-01 -1.1495445878e+00 -6.5734942395e-01 -1.5785862617e-01  7.1929437906e-01  2.4192311989e-01  6.0748664822e-01 -3.1849735361e-01  5.3971778569e-02  1.1173013865e+00  1.0967072964e+00 -7.0585947986e-01 -1.2475108103e+00 -1.3552380451e+00  9.9758176839e-01  1.0437057113e+00  2.1304404674e+00 -2.1702133684e+00 -1.6530930953e+00  1.7477387625e-01 -2.3766581408e+00 -8.8555700080e-02 -6.4096382205e-01  1.0625135955e+00 -3.1416280486e-01 -2.1246361343e+00  1.3712092166e+00 -1.2467839166e+00 -6.3904427934e-01 -4.3497091400e-02 -9.5529757761e-01  1.1475106476e+00 -3.9753352609e-01  1.2346559899e+00 -9.4285540957e-01 -4.6838359701e-01  2.0713595781e+00  1.1228986737e+00 -6.1768064921e-01 -2.2608147670e+00 -1.3578574564e+00  1.8197380740e+00  6.8854938950e-01  1.7622036522e+00
ENERGY -3.258459278771e+02

JOB 3
COORDS -1.6489779170e+00 -8.0155913050e-01 -2.4668993232e-01  6.4520737348e-01 -6.1553122663e-01 -1.1392953037e+00 -6.6670549400e-01 -1.7827909318e-01  7.2327497175e-01  2.4020836347e-01  5.8970756925e-01 -3.1172639361e-01  4.2287339379e-02  1.0918342781e+00  1.1045676682e+00 -7.1620687345e-01 -1.2574794823e+00 -1.3550172353e+00  9.8006351029e-01  9.8677638779e-01  2.1440488256e+00 -2.1865254675e+00 -1.6604600411e+00  1.6989874653e-01 -2.3826687314e+00 -9.1895850759e-02 -6.4071142040e-01  1.0646674790e+00 -3.3920831774e-01 -2.1118860168e+00  1.3560748753e+00 -1.2728820212e+00 -6.2283811085e-01 -5.5780178186e-02 -9.7699065760e-01  1.1507519268e+00 -3.9530297006e-01  1.2195312003e+00 -9.3743376680e-01 -4.8586392897e-01  2.0440502663e+00  1.1311716503e+00 -6.3645574552e-01 -2.2714986379e+00 -1.3653742970e+00  1.8522514680e+00  8.6727230889e-01  1.7405467362e+00
ENERGY -3.258461010931e+02

JOB 4
COORDS -1.6576252441e+00 -8.0345722036e-01 -2.4698503858e-01  6.3685009367e-01 -6.3299319086e-01 -1.1424953230e+00 -6.6602759683e-01 -1.9577597781e-01  7.2245839839e-01  2.4548900169e-01  5.7303805319e-01 -3.1019367415e-01  4.3378312283e-02  1.0644785363e+00  1.1123038528e+00 -7.3129170486e-01 -1.2620679409e+00 -1.3590873383e+00  9.7174815189e-01  9.2471047866e-01  2.1567795857e+00 -2.2017252997e+00 -1.6595095965e+00  1.6698879046e-01 -2.3857975181e+00 -8.4967995011e-02 -6.3523012347e-01  1.0567272861e+00 -3.5711138821e-01 -2.1150500362e+00  1.3422008331e+00 -1.2977576417e+00 -6.2873766415e-01 -5.8323313900e-02 -9.9944574748e-01  1.1436780605e+00 -3.8705523523e-01  1.2106166440e+00 -9.3125593508e-01 -4.8381044622e-01  2.0184998496e+00  1.1395041382e+00 -6.6060133433e-01 -2.2767427470e+00 -1.3744464846e+00  1.8542466513e+00  1.0436112162e+00  1.7741955540e+00
ENERGY -3.258466947272e+02

JOB 5
COORDS -1.6564635202e+00 -7.9368530698e-01 -2.5089763200e-01  6.3545327750e-01 -6.4340738778e-01 -1.1574744142e+00 -6.5202755225e-01 -2.0294808059e-01  7.1514537043e-01  2.6320566949e-01  5.6268089628e-01 -3.1739151082e-01  6.4486111695e-02  1.0447701989e+00  1.1126045577e+00 -7.4115456263e-01 -1.2568165027e+00 -1.3696613997e+00  9.8353669612e-01  8.7038338405e-01  2.1589026606e+00 -2.2078031646e+00 -1.6456914937e+00  1.6195853244e-01 -2.3786441482e+00 -6.4904336320e-02 -6.3105522749e-01  1.0525752082e+00 -3.6807981888e-01 -2.1313650670e+00  1.3359699408e+00 -1.3176203189e+00 -6.4993343927e-01 -4.9439481595e-02 -1.0145572283e+00  1.1278447767e+00 -3.6702957675e-01  1.2109462896e+00 -9.3018161009e-01 -4.5166730697e-01  2.0056951528e+00  1.1411233940e+00 -6.8179552192e-01 -2.2721419269e+00 -1.3902379528e+00  1.8374473704e+00  1.2091854260e+00  1.8469480170e+00
ENERGY -3.258474271357e+02

JOB 6
COORDS -1.6278212322e+00 -8.5339674267e-01 -2.6210064164e-01  6.2998190794e-01 -5.3521044472e-01 -1.2126002700e+00 -6.1830348549e-01 -3.0234265818e-01  7.2161463591e-01  2.3759047089e-01  5.7935258726e-01 -2.6266926901e-01  4.9494415482e-02  9.3380319837e-01  1.2120278379e+00 -7.2699829964e-01 -1.1900645124e+00 -1.4363972236e+00  9.8798078983e-01  7.0384369570e-01  2.2272238571e+00 -2.1366229929e+00 -1.7565877855e+00  9.2507500238e-02 -2.3856358174e+00 -1.2413655441e-01 -5.6378623635e-01  1.0032182624e+00 -1.6130217807e-01 -2.1712053904e+00  1.3730543517e+00 -1.2189188523e+00 -7.8493148294e-01  2.6735249791e-02 -1.1192987341e+00  1.0518812929e+00 -4.3322925421e-01  1.2522008656e+00 -8.0220438273e-01 -4.9709473100e-01  1.8728259838e+00  1.3168610342e+00 -6.2469217317e-01 -2.1977750659e+00 -1.5309944129e+00  1.7463931495e+00  1.2843820209e+00  2.0527540355e+00
ENERGY -3.258479395492e+02

JOB 7
COORDS -1.6307634680e+00 -8.5479878181e-01 -2.5698343451e-01  6.1828877437e-01 -5.4658388646e-01 -1.2308138723e+00 -6.0838753008e-01 -3.0823160148e-01  7.1597773443e-01  2.4400063786e-01  5.6932292225e-01 -2.7587766448e-01  6.7993440038e-02  9.1965984731e-01  1.2053418479e+00 -7.4450143386e-01 -1.1941759177e+00 -1.4406582008e+00  1.0083513978e+00  6.7432849281e-01  2.2138755207e+00 -2.1397838055e+00 -1.7559321667e+00  1.0278340199e-01 -2.3887376637e+00 -1.2178609212e-01 -5.4923318042e-01  9.8372333163e-01 -1.7506442629e-01 -2.1933737297e+00  1.3617664620e+00 -1.2345999024e+00 -8.1091205723e-01  3.6030374499e-02 -1.1293006120e+00  1.0383418547e+00 -4.3025935295e-01  1.2467684117e+00 -8.0578411839e-01 -4.6142957874e-01  1.8684936523e+00  1.3094985176e+00 -6.4898376197e-01 -2.2022410200e+00 -1.5382927245e+00  1.6612132191e+00  1.3923668486e+00  2.1816847079e+00
ENERGY -3.258479513706e+02

JOB 8
COORDS -1.6249748250e+00 -8.4967725131e-01 -2.5280482900e-01  6.1485394859e-01 -5.5420953645e-01 -1.2530259269e+00 -5.8843652793e-01 -3.0664508057e-01  7.0769572478e-01  2.5958491730e-01  5.6142714318e-01 -2.9084211865e-01  1.0139688361e-01  9.1398641673e-01  1.1950897062e+00 -7.5374940888e-01 -1.1961843198e+00 -1.4453267662e+00  1.0495324075e+00  6.5974636388e-01  2.1933608707e+00 -2.1363602512e+00 -1.7469371278e+00  1.1331041420e-01 -2.3809630980e+00 -1.1173722856e-01 -5.3799386922e-01  9.6908580843e-01 -1.8312514990e-01 -2.2198866457e+00  1.3602494009e+00 -1.2468005116e+00 -8.4433721824e-01  5.3052444293e-02 -1.1323953673e+00  1.0258323171e+00 -4.1515845044e-01  1.2456586318e+00 -8.1188170039e-01 -4.0968391640e-01  1.8726642619e+00  1.2965060635e+00 -6.6296478263e-01 -2.2051042444e+00 -1.5382374784e+00  1.5739476054e+00  1.4672000311e+00  2.3144940587e+00
ENERGY -3.258473674120e+02

JOB 9
COORDS -1.6087190461e+00 -8.4491978414e-01 -2.5409641828e-01  6.2435222973e-01 -5.6276296638e-01 -1.2742145317e+00 -5.6246617734e-01 -3.0255383693e-01  6.9749672307e-01  2.8190445844e-01  5.5391579018e-01 -3.0920218656e-01  1.4863568123e-01  9.1328430440e-01  1.1758409010e+00 -7.4839623634e-01 -1.2011425833e+00 -1.4518380484e+00  1.1140180853e+00  6.5008803839e-01  2.1562067779e+00 -2.1229203883e+00 -1.7379078776e+00  1.1848413216e-01 -2.3622589061e+00 -1.0349980739e-01 -5.3691191349e-01  9.7014396176e-01 -1.9392495297e-01 -2.2449312378e+00  1.3710876063e+00 -1.2576944130e+00 -8.7220708218e-01  7.5298572678e-02 -1.1324319917e+00  1.0140238970e+00 -3.9202383881e-01  1.2432612104e+00 -8.2481133589e-01 -3.4523195780e-01  1.8799434914e+00  1.2805106663e+00 -6.6041542909e-01 -2.2110425017e+00 -1.5361937854e+00  1.4957066540e+00  1.4956873707e+00  2.4370240893e+00
ENERGY -3.258463498429e+02

JOB 10
COORDS -1.6163325621e+00 -8.4639012948e-01 -2.4186729698e-01  6.0847071145e-01 -5.6576636984e-01 -1.2809265890e+00 -5.6493715445e-01 -2.9886810707e-01  7.0246852288e-01  2.6998622347e-01  5.5098416960e-01 -3.1543142256e-01  1.6642534903e-01  9.1999867419e-01  1.1629555206e+00 -7.6466681628e-01 -1.2066251079e+00 -1.4451900745e+00  1.1611079566e+00  6.5911180632e-01  2.1161993509e+00 -2.1273716206e+00 -1.7386106091e+00  1.3693540377e-01 -2.3725467726e+00 -1.0678781294e-01 -5.2254494802e-01  9.4571029946e-01 -1.9849104320e-01 -2.2552305980e+00  1.3596757410e+00 -1.2580591642e+00 -8.8300335563e-01  7.4477009183e-02 -1.1282247418e+00  1.0176344096e+00 -4.0844471037e-01  1.2387262622e+00 -8.2716046994e-01 -3.2318948856e-01  1.8869737111e+00  1.2789392693e+00 -6.7522622078e-01 -2.2167972563e+00 -1.5242484671e+00  1.3873106503e+00  1.4906541070e+00  2.5575598892e+00
ENERGY -3.258453140358e+02

JOB 11
COORDS -1.5855170808e+00 -8.3511441089e-01 -2.5864084399e-01  6.3766056561e-01 -5.7002459536e-01 -1.3050967369e+00 -5.3241575932e-01 -2.8247911843e-01  6.8200690176e-01  3.0120734552e-01  5.5365956786e-01 -3.4759064880e-01  2.2693795372e-01  9.4005135774e-01  1.1181130438e+00 -7.3723238052e-01 -1.2083625607e+00 -1.4611260716e+00  1.2511505705e+00  6.8096964034e-01  2.0409988453e+00 -2.0988690406e+00 -1.7224971895e+00  1.2824820842e-01 -2.3401642230e+00 -9.6195357386e-02 -5.4561212131e-01  9.7390536925e-01 -2.1145691146e-01 -2.2830113591e+00  1.3883344653e+00 -1.2597718992e+00 -9.0219926424e-01  1.0413046491e-01 -1.1120953622e+00  1.0022020252e+00 -3.7714217441e-01  1.2389768594e+00 -8.6219784870e-01 -2.6111562059e-01  1.9057026738e+00  1.2493438801e+00 -6.4991166892e-01 -2.2193562197e+00 -1.5310538607e+00  1.3280457555e+00  1.4390996734e+00  2.6374798352e+00
ENERGY -3.258447638138e+02

JOB 12
COORDS -1.5887861154e+00 -8.3855713728e-01 -2.4463508959e-01  6.2835247076e-01 -5.7436046175e-01 -1.3035847982e+00 -5.3602186918e-01 -2.7525549496e-01  6.9122732252e-01  2.8710921794e-01  5.5356132611e-01 -3.5348503733e-01  2.4177966524e-01  9.5945444452e-01  1.0974134887e+00 -7.4429060436e-01 -1.2183534317e+00 -1.4489277378e+00  1.2982259000e+00  7.1436865999e-01  1.9855104554e+00 -2.0975022235e+00 -1.7252219547e+00  1.5003521208e-01 -2.3477738548e+00 -1.0549358307e-01 -5.3522953743e-01  9.5989438129e-01 -2.2155872449e-01 -2.2852207375e+00  1.3837457316e+00 -1.2565007215e+00 -8.9695339296e-01  1.0555424266e-01 -1.0996929460e+00  1.0136982731e+00 -3.9785805989e-01  1.2303377027e+00 -8.7001306054e-01 -2.5379406758e-01  1.9194196350e+00  1.2434723150e+00 -6.5338138335e-01 -2.2294942390e+00 -1.5114042514e+00  1.2387092174e+00  1.3456030246e+00  2.7171528672e+00
ENERGY -3.258449788054e+02

JOB 13
COORDS -1.5778687662e+00 -8.3094782828e-01 -2.4597706183e-01  6.3565362928e-01 -5.7319980679e-01 -1.3140848330e+00 -5.2478228810e-01 -2.5689104546e-01  6.8365905122e-01  2.9127087390e-01  5.6240970884e-01 -3.7464108712e-01  2.6576244739e-01  9.8776218673e-01  1.0636276087e+00 -7.3595197805e-01 -1.2203439318e+00 -1.4497333625e+00  1.3459847360e+00  7.5643136365e-01  1.9236054479e+00 -2.0832272396e+00 -1.7151364562e+00  1.5842603114e-01 -2.3398840236e+00 -1.0328473919e-01 -5.4215311214e-01  9.6461538286e-01 -2.2947113561e-01 -2.2998069728e+00  1.3936230677e+00 -1.2484169363e+00 -9.0105459043e-01  1.2047477512e-01 -1.0766388540e+00  1.0098089423e+00 -3.9765084997e-01  1.2312424000e+00 -8.9568037781e-01 -2.3297356906e-01  1.9456654647e+00  1.2163337581e+00 -6.4373129186e-01 -2.2317786759e+00 -1.5046864473e+00  1.1759463501e+00  1.2179215808e+00  2.7588755851e+00
ENERGY -3.258457842375e+02

JOB 14
COORDS -1.5581327211e+00 -8.0668821765e-01 -2.4613337548e-01  6.5567589573e-01 -5.5470334874e-01 -1.3147935548e+00 -5.0673295305e-01 -2.2390472053e-01  6.8017907076e-01  3.0684560169e-01  5.8895963018e-01 -3.8693721812e-01  2.8501524784e-01  1.0282380043e+00  1.0434684441e+00 -7.1536171395e-01 -1.2024932076e+00 -1.4473054657e+00  1.3772210031e+00  8.1156727916e-01  1.8901345713e+00 -2.0606036333e+00 -1.6892845302e+00  1.6531783405e-01 -2.3226885848e+00 -8.3869576583e-02 -5.4744065082e-01  9.8667467993e-01 -2.1986849544e-01 -2.3028895994e+00  1.4134419025e+00 -1.2247113795e+00 -8.9308028146e-01  1.4173944382e-01 -1.0396679305e+00  1.0092607147e+00 -3.8359164338e-01  1.2504514586e+00 -9.1486267069e-01 -2.1392497810e-01  1.9876372927e+00  1.1902983822e+00 -6.2436689323e-01 -2.2141289437e+00 -1.5003484165e+00  1.1199604120e+00  1.0751564222e+00  2.7881412650e+00
ENERGY -3.258466922325e+02

JOB 15
COORDS -1.5560314854e+00 -8.0573481495e-01 -2.3238680679e-01  6.5279768501e-01 -5.5530467398e-01 -1.3126899430e+00 -5.0264016950e-01 -2.0761197864e-01  6.8187307284e-01  3.0144163873e-01  5.9790582602e-01 -3.9761794044e-01  2.7982090784e-01  1.0529616240e+00  1.0280551313e+00 -7.1559642521e-01 -1.2119170017e+00 -1.4316077941e+00  1.3801370976e+00  8.5864811739e-01  1.8702655387e+00 -2.0525932556e+00 -1.6855182860e+00  1.9195102672e-01 -2.3250073494e+00 -9.0044249115e-02 -5.3910668127e-01  9.7744172297e-01 -2.3051303262e-01 -2.3061506434e+00  1.4159768254e+00 -1.2160556755e+00 -8.8626230406e-01  1.5246069582e-01 -1.0170300628e+00  1.0137998116e+00 -3.9421959085e-01  1.2490931983e+00 -9.3132161655e-01 -2.1969804217e-01  2.0147637897e+00  1.1590038951e+00 -6.1998191919e-01 -2.2236350672e+00 -1.4736961946e+00  1.0662485811e+00  9.1027686860e-01  2.7881321367e+00
ENERGY -3.258472289776e+02

JOB 16
COORDS -1.5396419253e+00 -7.8910101835e-01 -2.2613482676e-01  6.6746245554e-01 -5.4706261192e-01 -1.3116517979e+00 -4.8390262360e-01 -1.8317209851e-01  6.7963682287e-01  3.1786288601e-01  6.1635722992e-01 -4.0860289203e-01  2.8476212651e-01  1.0816365782e+00  1.0171168743e+00 -7.0117651026e-01 -1.2044355684e+00 -1.4228989184e+00  1.3819918796e+00  9.1165328499e-01  1.8704434639e+00 -2.0345504823e+00 -1.6656137456e+00  2.0693481173e-01 -2.3097281935e+00 -7.6075674704e-02 -5.3591459966e-01  9.9086663659e-01 -2.3180851135e-01 -2.3085244265e+00  1.4313794489e+00 -1.2038255964e+00 -8.8013754882e-01  1.7440316645e-01 -9.9002811296e-01  1.0119927826e+00 -3.7954804156e-01  1.2605194943e+00 -9.4848742675e-01 -2.1418199947e-01  2.0468007601e+00  1.1231721737e+00 -6.0748375891e-01 -2.2165199039e+00 -1.4605903114e+00  1.0407213953e+00  7.4752077085e-01  2.7650471619e+00
ENERGY -3.258471655028e+02

JOB 17
COORDS -1.5393850203e+00 -7.8705338301e-01 -2.1045160177e-01  6.6369518477e-01 -5.4656609552e-01 -1.3048920618e+00 -4.8270382026e-01 -1.6697547107e-01  6.8454350214e-01  3.1344609254e-01  6.2512537880e-01 -4.1255367087e-01  2.6996632640e-01  1.1045007432e+00  1.0127179564e+00 -7.0278471156e-01 -1.2103983160e+00 -1.4049606682e+00  1.3569573260e+00  9.6764585903e-01  1.8870593691e+00 -2.0290724345e+00 -1.6611338478e+00  2.3333937869e-01 -2.3132627798e+00 -7.9827239497e-02 -5.2377856593e-01  9.8249552937e-01 -2.3973196110e-01 -2.3057747688e+00  1.4316153402e+00 -1.1968593118e+00 -8.7025872048e-01  1.8110009455e-01 -9.6956337499e-01  1.0184295672e+00 -3.8606077366e-01  1.2617357711e+00 -9.5884790689e-01 -2.3436443198e-01  2.0688698364e+00  1.0936532295e+00 -6.0635219811e-01 -2.2224767142e+00 -1.4350495363e+00  1.0273035568e+00  5.9031862605e-01  2.7184366511e+00
ENERGY -3.258465664920e+02

JOB 18
COORDS -1.5523940959e+00 -7.8283910566e-01 -1.9015324769e-01  6.4914601300e-01 -5.3085765524e-01 -1.2860855588e+00 -5.0087734262e-01 -1.4177519504e-01  6.9586132206e-01  2.9029752122e-01  6.4739639968e-01 -4.0514122639e-01  2.2485892759e-01  1.1391433663e+00  1.0228226429e+00 -7.1072846584e-01 -1.2099053663e+00 -1.3788426560e+00  1.2904700142e+00  1.0469987547e+00  1.9299433187e+00 -2.0336975016e+00 -1.6567051372e+00  2.6314399918e-01 -2.3326200345e+00 -8.5693496967e-02 -5.1005453490e-01  9.6443717185e-01 -2.3079257048e-01 -2.2900395574e+00  1.4235645969e+00 -1.1706877151e+00 -8.4686488081e-01  1.6971750863e-01 -9.3751009532e-01  1.0357164796e+00 -4.1419998880e-01  1.2726458282e+00 -9.5834673903e-01 -2.9319949729e-01  2.0968653270e+00  1.0811826605e+00 -6.0471447931e-01 -2.2212549498e+00 -1.3989821882e+00  1.0197275754e+00  4.7195018791e-01  2.6620689328e+00
ENERGY -3.258457694713e+02

JOB 19
COORDS -1.5382953598e+00 -7.7462442323e-01 -1.9861346305e-01  6.6877477269e-01 -5.4276778851e-01 -1.2889370884e+00 -4.8529798453e-01 -1.3276540797e-01  6.8500255278e-01  3.1804053609e-01  6.4317705811e-01 -4.1396957446e-01  2.3514896366e-01  1.1461040734e+00  1.0169744251e+00 -6.9537422503e-01 -1.2131730620e+00 -1.3815204991e+00  1.2664312927e+00  1.0854022138e+00  1.9631999156e+00 -2.0261496724e+00 -1.6429324007e+00  2.5845833077e-01 -2.3131661467e+00 -7.4092260309e-02 -5.2398377027e-01  9.8854851231e-01 -2.4902810712e-01 -2.2932694752e+00  1.4376863998e+00 -1.1877578501e+00 -8.4677942398e-01  1.7733550671e-01 -9.3399842772e-01  1.0314534174e+00 -3.7739288799e-01  1.2719673172e+00 -9.7483886431e-01 -2.8839312886e-01  2.1004043848e+00  1.0581263142e+00 -5.9693171132e-01 -2.2253619365e+00 -1.3964715069e+00  1.0947209927e+00  3.4744153724e-01  2.5667479719e+00
ENERGY -3.258452451967e+02

JOB 20
COORDS -1.5549764860e+00 -7.7296118222e-01 -1.9065602954e-01  6.5609041612e-01 -5.3928651156e-01 -1.2733915341e+00 -5.0891191959e-01 -1.1664214567e-01  6.9094414392e-01  2.9941337127e-01  6.5145521005e-01 -4.0643590077e-01  1.9897998177e-01  1.1674037260e+00  1.0250058270e+00 -7.0417489713e-01 -1.2178707004e+00 -1.3649961416e+00  1.1992535370e+00  1.1450834916e+00  2.0014394250e+00 -2.0415606886e+00 -1.6391941977e+00  2.7160733669e-01 -2.3308590174e+00 -7.8085288663e-02 -5.2563879846e-01  9.7739245128e-01 -2.5044976816e-01 -2.2786064721e+00  1.4266935423e+00 -1.1795601913e+00 -8.2663183779e-01  1.5161123410e-01 -9.1572991276e-01  1.0501764638e+00 -3.9416465697e-01  1.2754744233e+00 -9.7499960718e-01 -3.3653739102e-01  2.1140194159e+00  1.0563003142e+00 -6.0000372262e-01 -2.2295487972e+00 -1.3684221513e+00  1.1762753872e+00  2.9258605919e-01  2.4610716587e+00
ENERGY -3.258453174777e+02

JOB 21
COORDS -1.5580959962e+00 -7.6986193417e-01 -2.0267880877e-01  6.6682926855e-01 -5.4367471887e-01 -1.2577186810e+00 -5.2252422015e-01 -1.1271580423e-01  6.9069776960e-01  3.0504365804e-01  6.5009603955e-01 -3.9635456689e-01  1.8467209893e-01  1.1687996320e+00  1.0359082216e+00 -6.9342791654e-01 -1.2188639872e+00 -1.3648425268e+00  1.1552015875e+00  1.1605242847e+00  2.0378002601e+00 -2.0529853971e+00 -1.6335317157e+00  2.5544579900e-01 -2.3277588645e+00 -7.3744733759e-02 -5.4941570422e-01  1.0018707973e+00 -2.5785131159e-01 -2.2593719653e+00  1.4302104700e+00 -1.1864195556e+00 -8.0153325373e-01  1.2736093170e-01 -9.1489192889e-01  1.0646772476e+00 -3.7916960577e-01  1.2751696648e+00 -9.7482737587e-01 -3.5063040674e-01  2.1144231781e+00  1.0654799459e+00 -5.9188017509e-01 -2.2307719533e+00 -1.3653880185e+00  1.2960799012e+00  2.4943099619e-01  2.3382625188e+00
ENERGY -3.258458851016e+02

JOB 22
COORDS -1.5723704139e+00 -7.6987365016e-01 -2.1005029494e-01  6.6533068102e-01 -5.4634286212e-01 -1.2378415097e+00 -5.4862885475e-01 -1.1106781939e-01  6.9552616768e-01  2.9461619464e-01  6.4855885913e-01 -3.8085740061e-01  1.5664885827e-01  1.1702151757e+00  1.0499926118e+00 -6.9315414671e-01 -1.2214241571e+00 -1.3604229869e+00  1.1087104961e+00  1.1699689549e+00  2.0662295437e+00 -2.0737360336e+00 -1.6324527234e+00  2.4290475419e-01 -2.3369098731e+00 -7.3913774128e-02 -5.6828495174e-01  1.0124167858e+00 -2.6088787860e-01 -2.2355233243e+00  1.4232107361e+00 -1.1903951687e+00 -7.7373310889e-01  9.2254511197e-02 -9.1347418906e-01  1.0843762609e+00 -3.8053847609e-01  1.2748617366e+00 -9.6849642673e-01 -3.7429933919e-01  2.1176569377e+00  1.0744302482e+00 -5.9119274743e-01 -2.2332610229e+00 -1.3562433548e+00  1.4201646439e+00  2.6203784947e-01  2.2095825071e+00
ENERGY -3.258464993548e+02

JOB 23
COORDS -1.5939472442e+00 -7.7566919367e-01 -2.1779189294e-01  6.5822577846e-01 -5.5216336693e-01 -1.2124667904e+00 -5.8637672151e-01 -1.1569321980e-01  7.0496066708e-01  2.7099841776e-01  6.4231729331e-01 -3.6211812960e-01  1.2304468720e-01  1.1676387548e+00  1.0616097343e+00 -6.9676266961e-01 -1.2287128535e+00 -1.3549033087e+00  1.0710814031e+00  1.1626902229e+00  2.0815426569e+00 -2.1018024710e+00 -1.6383771322e+00  2.2744995913e-01 -2.3533147000e+00 -8.1411601357e-02 -5.9001723847e-01  1.0207170997e+00 -2.6684736651e-01 -2.2047687831e+00  1.4100076483e+00 -1.1949838390e+00 -7.3636546125e-01  4.7335859305e-02 -9.1506057767e-01  1.1095510676e+00 -3.9631327519e-01  1.2663389513e+00 -9.6084086236e-01 -4.0041274225e-01  2.1190395931e+00  1.0850508613e+00 -5.9298979090e-01 -2.2403467587e+00 -1.3457506915e+00  1.5442688232e+00  3.1531171209e-01  2.0681776991e+00
ENERGY -3.258467601343e+02

